9790 6326
7518 5036
5678 6342
4164 2516
5134 2831
2328 3032
2647 3194
5995 4328
7392 8954
3889 1758
5291 6090
4086 1899
6039 5840
7690 1678
1860 1363
6954 5730
4552 2574
9710 4854
5683 5158
6436 4721
6537 2409
2183 8405
7657 3343
4682 3586
7443 4057
5339 4301
3861 2167
7528 1657
8087 223
4803 4672
2439 3528
9725 3563
7382 7726
8968 6244
2940 2238
8189 5051
9353 5497
1643 2016
4401 3236
5987 9827
5230 4106
6523 273
7100 6026
1901 5694
9674 8477
8079 5938
5533 5312
7686 6946
3116 6227
7022 4013
6354 9741
8990 1401
5010 1600
7247 5263
352 5378
3599 459
4834 9367
6984 5563
3390 3848
9823 3064
5722 2595
7797 7285
161 1767
3684 2524
965 7834
884 32
8791 2746
6791 3977
2134 6000
7834 7288
7248 8768
3787 2738
8884 8306
987 1701
5457 1744
5553 6556
9805 3289
9365 6809
9518 864
8728 6603
6692 9983
7942 2167
8659 7406
939 6770
6604 3225
8574 6810
4503 9594
8934 8922
4771 9939
5735 1729
3872 1770
7025 859
7825 4592
8133 2493
6520 3612
3531 3957
1066 5125
4942 3526
5360 6254
7122 3308
9331 6235
8062 2963
6016 5921
258 2593
4457 824
5660 1298
5271 3063
1582 5886
3213 1437
4462 3010
2086 1254
2826 884
4590 3726
4131 4078
6958 3442
5685 1103
8853 7262
9604 3109
8866 2097
4977 9913
7181 6754
4758 4621
3099 1838
6877 1653
7217 3558
4307 2210
5877 1129
5311 8482
773 9702
3716 8832
6132 2438
7285 8882
7847 549
6221 2781
7627 3663
7220 3196
1897 1974
7637 5699
6394 6208
4414 889
6008 4595
652 3791
8700 9396
3317 5420
6519 3090
6658 7449
7385 2710
6295 981
2688 1542
1261 5332
7968 8809
7817 9314
6057 700
8501 8634
1587 3632
8684 2074
7301 4064
5347 6022
6154 3607
7336 7405
186 469
4691 4027
8822 4375
8391 7715
4279 7466
74 5103
8049 3405
5212 9397
2308 9026
4085 4482
8619 754
8425 4595
3679 6015
7021 3722
9823 8920
2593 4930
5204 3507
9904 1940
5231 980
8811 6738
7709 8827
1028 2598
8023 3244
813 4745
8764 4676
5025 322
3318 5635
6862 7727
1108 1660
8728 3298
7593 4041
8387 6760
5763 5806
757 7589
4306 5632
7778 6158
8797 2085
8725 5852
5349 833
1167 6935
8070 4874
8756 5467
9890 6973
6387 681
4796 2871
6371 5023
9349 4031
5030 7733
4550 4127
242 4003
4817 2930
5523 5945
7285 2999
4174 3467
4260 3507
8511 4100
9892 5218
140 6435
985 7201
3392 7632
8113 3681
4229 8772
9318 1913
1058 4381
3687 3501
3357 2692
6097 1234
6444 3264
3709 9001
4589 2555
7016 3755
8277 4399
5729 8013
4498 4359
4053 2925
13 3784
508 9239
2895 3950
4151 4516
9548 3026
7044 2
5805 9850
3772 5242
6668 8647
9238 3251
7505 2319
7513 3900
5932 3623
3515 3407
6033 4200
9295 2738
5801 4753
1467 9787
3776 1052
1648 2925
3733 8446
6963 6586
2138 2380
4786 1742
8394 5841
8250 3087
5808 4913
6992 3122
5075 2747
2073 5288
7876 4603
8046 4111
3707 6443
4169 9097
6318 9944
8603 8616
7522 4720
7753 8445
9507 8842
8005 7205
4967 5851
6612 2320
4655 8474
7312 4129
2318 9270
6417 2230
1934 2748
5145 5750
9158 2579
750 5292
7373 7378
6487 1772
6594 5956
9868 4023
9351 8077
3589 8800
5275 3055
3991 1906
685 2544
5058 8081
304 3261
3234 7525
3629 98
4463 5922
3748 2678
1762 25
3031 3117
4514 6089
7089 4298
8625 5210
3072 36
621 4486
8961 3475
5599 4212
5698 5237
3548 3528
7682 5342
2246 79
8234 751
4113 9313
5923 2731
2229 929
4699 2728
8770 1521
4711 2330
7875 3414
3294 9102
6726 2273
591 7738
4490 5070
7229 3653
3943 8235
8339 7197
5979 3921
1029 6508
1495 682
5468 3476
169 8539
4928 6092
4895 5649
6038 2960
7799 6285
7574 2640
4940 4116
582 8793
1325 2979
9592 523
5733 5887
1635 1335
9090 9581
3191 2342
8782 6167
7862 6081
8096 2721
9553 5784
1118 7497
4362 7787
9645 3423
6701 4593
355 7102
4883 2799
7506 2891
4031 6869
8077 1697
2952 4661
6455 4537
4984 1539
6122 5002
4776 2593
650 4395
3628 3074
6302 8761
8177 966
6524 3324
1470 4924
6320 7237
4290 1243
8123 2014
1722 7997
197 9903
611 8051
5655 2884
7950 2536
9910 1232
6476 4079
8120 6065
8404 8713
9842 9319
5910 5882
8517 1945
1273 4765
9598 5431
5333 6517
3581 4552
393 6265
3000 3374
8532 6396
5200 7942
7126 6496
6234 9627
5392 829
7654 2487
6975 5725
9273 2988
4715 4230
7899 3715
8181 5765
2811 1530
8299 5900
8768 6644
3279 2012
1127 7549
3234 3438
1087 3275
1959 3241
2491 5990
9809 9770
4288 4548
7871 6519
1990 2446
7916 928
7031 9925
5780 142
4138 6976
8433 6901
6220 1231
5981 4970
4766 4967
9987 2694
6469 5090
6806 3692
8177 4208
8070 5802
6807 5579
7601 4048
7698 2403
4308 2404
7291 444
9510 3155
6012 6283
5432 1507
5488 5194
6680 4576
7463 6908
9132 5949
827 9498
9532 3853
4930 8615
2679 9563
6051 8727
7440 6551
6282 1798
6549 4622
4802 3038
4075 1132
2027 862
2235 5995
4667 1681
8448 8183
9909 7195
3283 4466
3052 5616
7510 3204
8198 8157
2906 4070
7639 7555
9370 6428
5034 1330
6955 5202
7863 4676
3479 9072
5731 7265
2293 9770
4278 8931
5643 4183
8298 5656
7760 6389
8765 7193
6763 2264
360 5514
6186 3006
2629 8492
7803 3318
8315 8979
4481 5211
8505 2049
2303 3403
435 7759
4584 9653
241 4367
6538 2905
5590 1934
7210 2431
2365 8567
8819 9420
6809 2352
6540 4299
7284 2236
2934 209
6998 5522
737 6561
7613 1365
978 8164
4522 759
1630 3660
9268 2048
3587 1713
9858 8186
1344 4880
4570 8154
4974 4568
2887 1301
3316 1335
2759 5353
8306 8763
5837 476
4339 530
952 5524
6682 2145
5370 3750
4920 3550
6780 1368
8906 5380
3946 949
4330 3455
7871 8956
117 6421
6167 2080
1999 2982
5578 2588
4250 3202
4811 8868
5306 3477
8536 4098
4508 5532
898 197
6716 1095
4594 2045
3540 4174
8999 2696
4448 7998
8737 4496
4359 750
4197 50
6156 8464
4535 3572
8403 4098
4527 4391
6521 3866
6586 3703
575 4359
5342 2882
2645 1529
5287 7233
3306 866
9986 1500
2389 377
7036 232
9787 2459
9189 5393
7883 8884
2871 5260
5617 3882
9625 4239
8660 8203
6001 6059
698 5081
7308 6065
657 8081
285 5320
182 5573
8288 5707
8495 5591
2593 5108
7929 521
9256 9216
3177 8691
7098 1532
4577 1457
412 7877
2262 9065
6365 3078
4177 3817
2537 144
1273 3632
4587 1357
3089 6893
260 6287
4385 1408
4452 2072
5466 544
3746 634
110 4807
8651 4015
5298 5246
1235 8974
8050 7060
856 7257
3946 6815
5455 4555
7206 7607
4948 3821
4899 3062
7331 1222
8604 2478
6393 1433
6082 8890
9322 5912
5939 997
3116 5655
913 2808
8481 9848
9782 6656
7506 3410
5066 3705
3195 7418
7575 248
7761 2095
6699 1517
2587 1002
7694 9244
7446 3746
3802 3665
440 8832
8862 2378
15 7148
9710 4573
9464 8453
4397 24
9359 6487
6666 521
3197 8631
7818 7940
3078 4250
8893 3124
7728 5831
7759 4098
5468 2264
3925 5025
7845 4695
4202 4250
7460 2489
8515 4526
5846 2072
654 2273
8611 378
3910 4752
1310 5961
5587 3919
207 277
3303 5248
6937 9516
7691 822
9080 1386
2288 6847
7263 2101
509 5539
4727 4723
6871 5863
9126 9760
2870 3266
5240 963
6517 6948
7615 5908
4836 3619
5012 7371
7266 2987
6186 2763
1126 3907
1907 42
5852 7204
6151 1350
8691 6920
6161 1543
5914 6132
4692 6319
1333 7390
7475 7303
2062 446
7173 6098
5236 7093
8641 7858
9008 8820
4272 6263
4109 3267
6307 3704
9970 1503
5474 5200
6013 490
3165 4221
674 8220
4777 4714
4984 8948
4355 411
4796 4583
9195 2796
5434 144
5939 1448
7192 4632
2856 2540
8025 3029
7003 1026
8171 5069
2658 3607
7171 4545
8912 3877
7630 3933
2967 2492
1925 4632
1760 5202
7936 1495
5898 1159
2465 1607
5883 213
5850 5140
7434 7112
9641 7060
6723 4805
7056 5094
9354 3440
4621 4564
3312 6589
15 5649
5921 8583
51 7292
552 5359
7048 5355
8402 6785
5065 9156
7653 2725
254 3307
1513 5482
5056 3710
6934 4731
7841 8968
9469 3627
3186 9868
376 8229
5291 1254
6179 5063
3220 741
1952 546
7340 7755
6273 417
1569 4457
3544 1475
7720 2648
6771 629
63 8564
8295 484
7616 1544
4163 2917
6192 8012
9677 2092
4534 2335
8743 2108
7712 3812
6120 3413
4293 5921
7619 502
9472 4468
9971 9256
8447 1822
9327 6710
6230 23
8812 1017
6027 4798
5884 60
6587 9565
6867 4515
4380 1989
9638 5525
9234 7241
2275 2237
3043 3537
6300 9279
6296 2713
8537 5772
9148 5517
8226 1566
5808 1992
7973 6224
1776 9579
492 3555
6845 4505
6785 5128
6661 2618
9648 2312
2330 8826
9393 6488
4062 9649
4187 5479
4915 934
3476 9259
9068 1858
5411 2449
7079 857
8133 3566
2201 351
8182 6231
516 9258
6288 1675
7979 4676
6790 5714
3840 5147
6051 3425
5970 6469
5036 1381
948 6184
4056 5939
3221 4171
9573 7600
5857 3150
609 7392
5267 6088
3494 3054
6453 4227
1885 7670
6424 4694
133 6236
6841 3442
8663 3479
5132 9957
6581 9144
8399 5504
4252 193
4945 9987
1310 9546
6424 8113
7813 3430
881 5204
8208 3205
2545 4050
9574 5363
4697 9103
3840 5510
4858 389
8436 3185
8843 1208
4648 8838
8321 4021
4738 2953
4221 5961
3054 9790
7446 3794
5788 6977
3491 9270
3460 3275
6073 2908
5268 5778
4141 5479
2868 776
4186 2103
5267 4766
9711 6657
8054 3389
7620 1736
4556 2167
3277 4852
8737 8257
7911 4243
7801 9741
8545 1491
7736 8183
6882 8388
2553 8433
3811 5954
2681 7078
3905 1388
7546 5435
1115 401
2786 455
8442 1291
9334 8634
8842 3476
6967 1935
6015 3554
9013 1866
4016 8430
4518 7285
4342 643
9759 6796
9237 2141
4342 1546
6224 6064
7701 4941
7163 5000
9908 8087
9590 7103
4832 1037
3417 414
5918 5621
3680 2859
9275 159
5318 1424
6737 848
7277 5408
8692 5436
8606 1906
2255 2085
6560 4306
2592 9992
9511 2357
6183 4059
7615 2141
9724 5130
7924 9541
8174 5222
4458 4973
4923 1546
9284 4565
8616 4780
915 9756
4542 622
3176 1353
7743 7781
6180 7180
5474 5297
6581 1108
300 3826
2800 2041
6996 9014
4118 1090
3723 4087
8291 5290
8636 1389
5497 4233
5109 7126
5897 4469
987 6189
6699 6060
6915 2566
5004 4974
4742 6057
6630 447
5033 7661
6429 277
166 9874
7281 4200
198 6788
2747 8014
4639 3686
2114 7841
5350 4192
5526 625
9217 5842
6490 1577
6182 7611
3542 7615
4080 9442
5095 6073
4353 2281
3589 1131
5155 3463
7028 9510
6463 5122
6188 3871
5189 4624
3381 8048
4672 5831
407 9046
4802 9324
176 7313
1866 3030
2843 5605
3706 8863
6719 3628
4360 4140
4173 2965
7301 749
4641 2581
5482 3462
723 7832
8146 7378
1447 5382
7256 3837
9520 4256
6919 3694
2214 3568
6470 155
9782 2306
301 3120
3024 2512
5700 624
7831 6175
5308 923
5856 117
2795 702
8060 3231
4939 1470
3505 1917
7583 6311
5659 3373
3533 4581
8291 4596
6611 558
8607 1126
7734 1646
142 2816
5058 3268
4847 6468
4256 2208
2858 8728
2912 217
8213 942
8790 874
4239 8391
3954 8178
8266 9584
4834 9359
9705 5316
6149 4790
4546 5694
5056 7602
7996 6089
4530 1256
5457 3336
6248 1916
5327 108
5398 1480
8316 2243
2939 184
7039 2265
158 5662
5987 9050
8030 7664
267 9361
1408 7263
7558 5719
7411 7506
8361 3599
5334 268
2285 1465
5279 5293
4251 3130
8139 4803
7951 3965
2531 1270
6149 7512
7876 902
6860 9739
8914 6376
6737 4564
7157 7976
4546 5563
8111 5005
5908 5356
7478 2060
1714 3756
8424 5581
5547 4181
8104 3245
7384 5924
6148 1926
3928 796
3425 1753
7226 5078
8709 7147
1438 150
8651 3270
8560 5483
8667 2985
8019 2355
4941 9187
6763 2320
8899 5034
4704 2944
4408 6100
5781 4325
702 9428
9494 7049
186 7031
3718 2126
7056 2838
7722 6720
4798 3927
5586 3597
6028 6453
8804 451
3751 9069
5673 1386
6529 2619
6015 5961
8983 5679
951 8941
4917 3474
4062 9870
7881 5436
1146 3783
4091 3926
3171 9024
1811 1958
5254 9288
6471 9889
8440 6339
7802 1881
6275 4730
5560 9443
3514 5836
8145 8865
8257 9106
5913 5317
9382 8398
8613 3377
2523 3740
6161 2349
4148 7061
234 5107
944 1856
4511 5243
9876 540
3332 5837
6953 4128
2050 4990
1934 4141
5814 2506
6581 2419
3335 3776
1164 7377
5037 2585
6122 938
8993 3984
5147 4034
4124 0
9477 7251
2735 6642
2526 610
4791 3877
6658 3806
3619 2344
8047 4556
7614 2947
6136 8312
3324 9751
7378 3085
7389 5309
5623 5432
7999 3023
5133 357
7342 6402
5153 5110
8735 849
5129 9740
6655 4797
1999 9588
9658 9985
7565 3297
9284 6396
2137 7608
5478 5436
4574 1911
3801 3007
7328 4409
7448 2339
2514 361
7624 7031
7289 545
8521 488
7162 32
4171 596
5326 3208
8124 5367
5133 1767
6215 337
8971 8537
6314 990
6321 1932
8804 6065
3655 8443
9006 6694
343 2213
7450 9516
8722 519
5664 2305
3612 3728
6461 4571
3784 9698
8357 1530
8470 9809
1463 4579
4458 3002
6891 1393
3554 7965
1111 2327
9140 7919
4541 5745
924 5618
5007 1905
6459 423
6983 163
9707 4130
8992 4907
1014 2286
5979 465
7398 4090
8900 2954
4797 230
9364 614
2993 7905
6369 1410
668 3949
2125 5880
6383 6183
7411 2833
9760 5920
9457 6965
9126 4205
8565 1694
2732 1862
8262 8072
9379 3339
5385 107
9797 5084
9607 7138
3504 2464
5617 2750
2859 1530
2215 7615
6566 6160
28 3215
7077 1388
6891 215
7182 6020
6764 7164
6347 2940
6866 2602
6918 6584
6807 5850
5403 9178
3900 2701
2960 2228
750 7787
6220 4561
6527 7867
278 2235
1178 4069
6555 8459
2580 3669
4901 1324
5550 2264
4406 2550
7496 3685
1683 2636
2084 4112
1258 8234
9100 2337
6425 1560
7351 8779
8436 4917
6317 2292
2004 3859
3074 6284
7240 4109
6435 5667
4717 8948
3441 3453
6072 102
4827 485
4885 2116
3889 3054
8215 5218
8870 311
3365 3579
7606 6831
6555 6113
3304 185
9775 9313
5347 2820
4608 1614
3852 2125
2104 6812
5249 1238
5287 2662
4178 4855
140 6541
8198 4469
5517 2715
3934 3448
4858 4241
1759 742
5274 1941
1428 908
3149 554
8284 1130
3076 829
4986 2297
7127 6401
2997 4477
9867 8506
5949 4595
7765 7102
584 524
4601 9252
3199 9917
459 9160
4361 1426
9481 5437
4343 3889
7235 722
1303 3923
3730 5086
1669 7098
6977 2678
9287 4525
6299 6784
4130 1386
5574 9534
3876 1161
446 3304
3396 5591
6768 883
7276 1927
6779 2024
6411 2531
1585 7814
7840 5532
98 6269
9862 5780
929 2899
4480 3755
9542 1080
5684 5177
1298 5771
3484 492
2391 2550
1017 1062
2828 6194
1494 7897
9847 6825
9785 1746
6106 5845
738 3340
5070 2775
8721 2778
6057 3737
8597 3008
3395 7366
3313 8459
951 3224
3844 2762
6933 1421
6183 4263
9054 6114
5612 5085
4892 149
2321 1910
5558 2341
5777 2757
9804 1098
3563 9514
2911 1223
6694 4680
4329 682
4823 4372
1692 5908
9246 9029
5904 1522
5480 1603
3728 2793
7818 5355
6205 3176
6004 6304
9057 1959
6103 4211
4852 728
537 6566
7781 368
2505 1330
8021 5310
2687 8280
8010 4743
6112 5384
7067 5836
4230 308
2339 9705
2892 4893
9554 2886
5133 2705
4612 2853
7445 1214
6951 3531
8024 1235
4 1241
6479 2409
5777 5780
5516 6764
8416 2554
8776 1814
6650 9847
9721 5111
7226 4530
6287 6646
3714 4834
8628 4396
5523 737
8575 4124
4507 6541
4447 260
3073 6091
8517 7682
5929 5253
8870 1570
4832 4159
4242 4028
4250 505
9626 2456
8888 2112
2716 9087
7964 8823
6212 9598
8370 6701
5007 2555
3123 2277
6125 3708
1440 4091
1316 1023
8703 5491
7576 1888
9166 4169
3694 8517
5567 3422
4348 1313
3485 1173
5942 5959
3386 3562
5309 2223
7364 4863
2435 3309
3749 7406
1893 5878
6486 3813
4797 4299
6375 4879
6311 6584
5129 2148
4604 2263
8018 6677
6994 8191
7714 2473
4062 1571
8841 5289
6086 351
9761 9953
2469 8446
4065 3073
4061 3448
85 4929
6161 6617
9235 4281
8810 5566
1350 4969
9418 3728
21 3898
7256 5837
6785 4611
6931 793
9194 2379
7615 5217
6129 4342
6809 6136
1242 453
8334 2460
814 92
3248 8799
6861 9072
7153 204
8082 5771
6201 2875
6416 3208
522 3632
3863 3446
5221 788
9658 8678
7612 2331
7145 730
3664 8340
4429 3304
6499 7384
5590 3372
7786 4968
3160 5172
2882 6476
1260 1997
6088 5491
6195 5288
4401 474
4107 5131
5152 5397
8978 4057
4348 8046
6101 5775
1717 3935
3515 3535
1694 4625
5536 4870
1034 1397
7250 3245
7922 1688
1123 5038
4802 5634
6300 1675
6665 1279
3925 4723
3510 1326
901 4436
2779 4145
4315 2922
9683 5692
5143 9346
2471 1899
8298 3557
2556 9213
5498 1437
5448 9838
7559 3074
5387 1606
7802 3469
8480 3304
5355 1918
49 2363
9564 6615
6992 3636
1847 206
5991 4465
734 8967
9902 7550
340 4232
3803 1268
7966 3963
5710 5879
8032 2367
6768 3640
1545 6972
6117 1809
1025 6527
7018 6002
7258 2048
5321 9831
8469 3774
4404 5735
1643 9056
2694 2312
8514 6814
6333 1554
5899 5499
5264 4234
9071 3326
3802 5522
4547 7562
9022 5648
6954 1528
6689 8284
5936 2039
5003 4086
4373 764
2935 6202
4723 1408
3508 4114
2918 8184
6693 8519
7050 1092
5009 947
6673 2045
221 335
7977 5503
4846 9062
9109 9709
5069 4152
4920 237
1608 1649
4848 2692
1187 8529
7367 6519
7710 6327
8106 3969
2218 9571
1946 332
8339 7963
6624 2124
559 7276
6576 1559
1188 5083
2288 6188
1217 1354
910 3418
6490 4790
7704 5502
5398 4183
5071 6677
7253 3500
7084 3542
6469 5490
6353 5458
3825 765
35 4502
63 1568
3211 4514
7901 9844
2408 6225
7728 9507
9506 5486
7873 5315
5256 1102
9592 3131
2985 4436
8820 5769
6472 9966
8925 5031
9546 5644
4427 1894
5310 929
949 2828
4483 4125
8419 3660
4403 7808
6154 3541
5422 2423
6881 7024
5565 4394
5937 9141
1219 1763
9917 5793
3270 6913
7810 2239
6566 5785
2719 1706
6736 6233
6717 3739
4487 7254
7167 1315
7718 6293
1538 2976
9193 4980
1177 9615
9163 6120
1633 4153
1927 9289
3651 1770
8571 7413
5534 2497
218 4698
8514 6470
6507 3003
807 5358
4588 6676
8009 3630
4847 5853
3313 4901
5226 3814
6834 4157
7697 2842
3490 518
4040 2233
7336 4260
6023 1470
5566 5023
2841 9233
9824 6229
7716 4108
3995 6633
3103 3348
9160 3625
126 2498
1040 6482
4348 4047
6375 9972
7122 107
4389 2364
4741 4881
1575 6762
8569 9429
8401 5909
6059 7822
8690 6686
7570 1322
9673 4002
6984 4459
4112 4306
6975 9743
4398 1402
6159 3973
5688 7097
5481 3500
3213 2293
2548 70
3849 1079
2646 9681
5496 3665
343 7321
1928 770
2936 560
6795 9525
9515 2639
7324 6082
8568 3439
6386 6616
9953 7825
8596 5752
1234 2280
83 6957
3692 435
2543 2592
371 4242
4020 300
8618 788
8911 6114
7416 6322
3798 8594
6800 720
7962 3457
79 7373
5782 2808
1253 4751
1574 8858
7114 7039
6905 5208
8559 4386
7409 4741
5383 4496
6304 4052
9649 6609
5411 1705
4788 6650
6864 9084
2464 2052
6469 2175
1361 7294
6862 263
4081 2623
8781 6426
1833 7518
6322 4456
679 7345
9049 7000
7941 2593
9572 9930
2848 4643
9557 1399
333 9188
7367 3675
7211 3836
4765 4051
9480 2613
9826 5352
6794 1189
9162 3880
6465 4513
8011 4270
6469 4632
5812 2147
8035 5158
9467 2386
2717 4954
2844 9196
6433 3891
7226 9714
6388 8615
7760 4809
1694 5795
3088 2502
4201 8681
2068 8565
9873 6227
3274 8785
4907 9975
8701 1018
4144 3271
1500 7097
7912 3487
9083 2517
3475 8173
7272 5112
5541 1895
2541 8906
2481 2625
4015 3836
5999 3118
7477 2628
3350 9044
1600 4453
4237 8315
8233 3285
8263 4476
7761 5132
7678 1162
934 5351
8355 4299
3548 141
3851 5246
7399 5310
2767 7798
8695 957
4046 1177
1818 2926
3329 9227
5578 8880
6871 2795
270 5343
1788 7104
1889 6253
1857 9010
481 6838
7158 5863
8487 518
3460 6794
9674 3348
2223 6214
2457 5398
4003 433
6067 6160
5631 2969
4929 7652
7802 2257
7389 4419
5652 4340
6355 2362
2457 824
7748 1010
272 3789
8707 2750
4494 2598
8761 7825
4696 4124
7277 7288
4844 2338
1947 7110
5776 9488
5583 2906
3311 39
5493 1291
8066 7978
4478 5105
2928 3132
5910 3565
874 7132
4386 183
263 599
1748 6613
1870 223
4082 8817
2021 6628
4987 1195
6711 3327
5573 9923
6635 4500
9425 6835
9904 4209
2721 9599
3591 4500
7929 4683
3912 6392
8995 6958
5475 6355
4335 2065
9035 4550
3893 9002
6684 4886
8020 5853
4414 6001
4759 7087
7654 5094
5468 3462
8506 3653
8019 2891
2990 3614
7658 8102
7356 5665
1679 3494
9089 4382
2927 3445
6580 3000
7602 2688
2751 479
9122 5053
5968 6759
2674 1278
9767 5465
4140 2849
16 5286
5742 3563
6437 1724
6107 1998
5997 4198
485 4309
4773 2389
7503 9777
6047 9568
8501 7716
5988 2837
2180 2325
4144 9765
6228 6839
3688 3520
7348 6232
7272 989
7121 6827
3823 1987
6219 719
3760 9286
2736 3301
8075 5779
4141 8834
2240 4562
3898 8698
2201 290
4428 296
4146 5651
6083 6987
7234 2804
2121 4876
7229 102
1193 8429
7899 2785
3022 1421
9121 240
771 5587
6219 2273
9679 9018
6333 1886
8981 8567
2327 6822
2360 2655
8141 5063
6399 4311
5723 3045
7508 6993
6735 3134
7146 8855
184 7834
1629 77
7793 2781
3300 94
62 5742
4211 8124
1428 5685
4015 8972
9896 6400
4032 4186
3894 4252
7684 5619
7809 2761
5203 2578
8281 8992
5327 578
2310 7506
4470 2318
319 8902
6206 5507
2184 2442
9555 2027
2681 8581
3991 779
410 2524
3167 481
9919 4289
941 4375
5810 9936
72 1482
5829 2487
5617 8495
5842 1523
6985 3932
578 158
4683 2583
5814 408
5279 3368
7701 6359
927 8799
2236 1032
4533 2760
2916 2597
2979 7312
5455 3184
5087 1333
7987 3948
8738 4261
7276 2660
8839 2443
3219 6139
4995 2045
955 3096
5148 4093
5245 9804
4110 339
1609 8989
3918 519
250 5122
8349 6263
4659 7055
7032 3180
6900 5913
4636 3136
4590 3923
8080 6898
8532 3352
878 1163
368 3313
6478 4319
9747 7412
6161 3974
5072 4196
5456 2501
1882 3764
5803 5614
1110 9929
