2392 8939
1899 1867
2717 4714
7752 3217
8514 3311
5012 3363
9364 3630
6654 2572
4595 9383
5153 3640
4350 3136
5675 567
1996 8687
1375 1987
3131 3922
7185 1835
7015 3081
5037 5908
3209 49
9792 787
4645 9096
2547 2559
8714 3462
3657 9221
4063 1507
5727 7523
4851 2376
7496 6279
9067 876
6210 2280
5888 1097
907 3431
6914 3299
9795 7213
6641 3778
8649 7017
5194 5869
6756 4933
9132 1472
192 4510
8328 9145
1577 4924
5993 2323
9390 5299
5134 4133
7179 4105
7873 2041
3746 9019
6813 2735
6004 3091
9492 2021
3993 8221
6884 6407
4909 6387
3927 2763
5094 511
283 4754
7555 4742
2389 3275
7715 7503
7112 6158
5694 4447
6234 6792
834 54
3418 2778
9513 3662
2327 8552
9711 9913
8120 4784
2588 8035
4273 9973
2504 9762
5102 9532
9140 8520
5375 3311
8855 5498
6952 5652
6212 7828
4067 6463
6329 1588
9967 7107
6201 850
2584 2709
3109 9584
6907 6525
4093 8708
4553 8018
5125 2173
5026 4940
4125 2589
6544 2128
8731 9646
3516 2136
7680 2661
1467 8466
4500 1074
1258 1876
5257 793
7387 1212
8386 3348
5900 2736
2588 1079
17 9585
8488 5839
8314 1751
6802 3856
4797 3697
9091 7306
7635 8143
6891 8894
8922 4495
251 339
8922 6301
5095 2429
4044 5795
7883 4574
3865 9436
4084 5459
5747 1945
7184 4572
4090 7833
5875 2396
6152 2295
7382 3855
5067 1813
1687 8460
5136 6379
6071 8988
7649 2398
8682 6333
4553 9850
1743 483
8670 2343
5212 3750
7167 4051
5815 4308
8154 62
2069 7334
5509 854
3110 2462
7249 5554
7076 3825
6397 8986
8867 4140
8160 2478
7886 2238
3193 2352
1025 4381
7188 4905
5919 5834
4423 2520
4188 1076
9329 2895
1222 501
1441 6287
4551 81
3785 2119
8735 2421
3729 7737
185 4525
5055 517
8666 5439
865 6127
6624 5069
8600 9142
1091 7457
5868 3550
4018 2713
6441 6566
5754 4324
1717 5826
6721 549
7623 8643
9759 7830
5076 4116
9871 5527
2070 3734
9261 7324
6443 4927
4572 7966
3862 5326
8412 4754
7933 1113
6366 4643
9425 6614
7036 9578
1518 7543
7004 6885
7858 3944
6354 998
5829 7449
7697 4750
9602 9135
7391 3395
6173 2792
4829 2904
9369 5028
3464 2962
1425 1200
9983 5830
8225 295
6740 5801
6182 4719
826 9773
2041 7561
7134 6334
6551 7856
1132 3814
4962 2507
382 9472
5 1937
7152 3880
4787 4232
6412 8191
8442 4471
9614 9796
2035 5801
6635 5990
3928 3195
5597 9784
9371 5730
5897 7309
5962 7029
6650 4019
7909 4623
6690 2026
1044 7470
6418 3898
2527 499
3526 1286
7225 5424
5270 8091
7115 6082
5355 995
5801 2659
4053 8392
11 5349
6133 917
4500 72
9158 3649
2357 5986
4785 61
6406 3263
7652 5239
2029 4171
6483 8699
6325 3832
4723 2337
740 2790
4371 1769
4656 2018
1358 9893
6085 4116
7519 4157
2927 9607
6829 6074
7407 3607
6956 4574
5581 9686
5569 1984
5909 6370
4335 2642
2791 5401
443 9077
2970 2779
6060 7972
9020 2236
3429 5401
5157 2691
8908 3572
480 3338
4671 582
8103 1072
9144 401
7202 5811
7879 8274
5063 5014
7227 6627
7894 3823
8710 6481
5471 1547
6271 2125
6528 5951
3731 1542
7819 4817
4107 8065
8600 4070
6894 4998
6472 5009
7955 513
133 5342
304 4815
6044 3250
8038 1859
6376 7781
8413 2788
6037 2573
3677 151
9128 3853
1577 6336
9616 6151
4368 5783
6336 3134
908 993
8146 8981
6637 5462
1413 1281
5558 8883
1503 7856
9304 3153
7662 3800
6749 4922
5446 2820
1452 7136
4805 1820
4322 2755
4385 1383
3722 8501
8044 4804
4110 7185
5395 8452
6447 1932
4921 984
8283 4268
147 270
7580 8089
483 979
9790 8500
8518 7963
1523 8220
2030 9714
724 5880
7701 5346
1294 7085
2048 8679
6646 1997
4092 9769
132 3610
5095 733
9057 2206
7011 3178
5504 3641
8493 6185
311 7553
9981 4168
4910 687
7177 1898
7796 5848
1117 4764
4537 9221
6315 5954
4734 8683
3917 6246
6330 1998
2186 3437
7215 5164
3151 7615
5618 9934
5937 3500
9657 8478
8607 4607
2875 477
6300 8283
7241 3653
1278 1433
6165 1004
4522 9191
9617 9731
1417 3317
7383 5170
4896 7940
2305 518
4599 2500
6436 2815
4862 4271
2602 6748
5684 1118
3728 3704
5645 1684
8506 3225
1381 1566
4308 5447
5973 4603
2173 568
8127 1135
6866 7252
2513 2330
6552 2366
1564 4661
5120 4400
1911 8942
7622 8811
658 2231
4879 5276
3655 2155
7972 7060
6447 2959
6321 4769
8329 4508
7059 1500
5349 63
5638 840
1304 5496
4107 2666
7582 6007
1094 9744
1985 4811
3885 4688
2148 8481
7098 4353
7988 3513
1376 5786
5762 991
5702 4652
5597 8242
5819 6894
9060 3881
1737 4867
6742 2853
846 8451
770 5194
879 6004
9377 8777
9561 3790
7556 3631
3171 2958
4997 3789
7064 5649
714 2675
7552 2434
4906 5513
3678 1190
6898 1272
6921 2567
2902 7650
7981 4390
280 6211
2896 1828
4248 2623
3815 786
2388 2819
2385 3833
5659 768
6680 2626
5934 478
6771 6536
5180 2081
223 4629
9916 4754
6857 6581
8268 3557
8788 2918
5379 7107
5048 1000
7732 9553
7274 9529
6220 3256
9324 3423
1103 3488
2181 7866
7363 3536
5048 1494
9263 3413
4172 4978
5823 2802
9779 9336
2698 4306
4385 5387
7575 8150
7974 5266
1482 402
9450 5081
4027 2789
8293 2050
5068 5645
6226 9086
8313 5491
1088 8324
8575 8529
3313 6271
8748 3124
4260 6496
7581 2194
3467 178
3294 8100
5270 9693
5467 1985
9342 4622
6632 2167
4633 1673
5448 3957
6657 3508
3131 5863
1510 4418
3525 9057
7094 656
5329 186
2899 5476
7173 2526
4556 9275
3481 2979
5177 1220
4897 9308
6008 4266
2744 1703
9227 7501
7266 4496
8932 4206
5656 3289
4245 342
6922 7724
7362 4878
3744 4786
4299 2793
5611 3174
8990 5724
1255 4105
6286 5298
6098 3786
6714 7173
9620 7059
5745 2207
8321 6797
5738 9487
6414 2451
4275 342
1373 3724
6819 9446
977 8074
4979 5153
3530 3900
5683 5126
7767 3363
8740 2292
1733 4152
4635 5874
7552 814
8896 3442
4777 4237
822 1262
7773 5508
2276 1547
1772 2422
6990 9943
4138 9390
5409 4449
569 3790
7524 2036
6890 7906
6062 3208
9295 9496
6236 5804
1637 778
9379 1847
5362 5313
9576 3215
9645 6841
3434 8226
1007 7966
5811 2664
9323 5249
1374 5364
6884 3028
1567 8382
5245 3192
9891 3491
3640 868
2725 223
931 6371
9195 5859
3511 5827
7750 3902
8467 8009
1212 9093
5165 2381
6570 6071
6783 4000
1062 3183
6688 3439
267 3294
4021 2523
5211 2124
4956 3066
459 1694
8482 3420
6236 2640
3937 7404
7374 6023
8704 1397
9292 4048
4133 6412
9154 5920
3382 1754
8548 3895
8084 7058
6181 4403
3704 8715
6446 3803
2316 3945
7963 4818
4168 2964
2666 387
926 8196
4745 3762
5601 4092
5137 9507
7817 5932
9763 4464
7563 4066
8335 8109
3283 8025
5882 1258
5717 9794
6670 9302
5557 9167
8666 7655
868 4476
6412 3939
4124 4969
6892 8713
5375 9806
3574 3635
8418 2607
5588 4437
1909 1037
3996 2052
3365 9504
4531 4547
9811 437
2342 4567
6465 890
3561 7084
9418 1674
9778 4052
5514 2128
7470 5549
1795 8226
5995 3075
1992 7608
4224 3757
9151 7044
9050 4783
7355 5338
1319 4626
55 5633
9711 7646
4866 227
7800 4907
3702 6542
3621 4110
7701 6362
4601 2898
6213 4852
3014 4713
5799 6295
5710 4231
5050 923
4188 2356
6109 9346
8967 8252
9009 5625
8407 5477
2646 646
6451 8817
7549 607
5597 1357
508 5821
5699 7003
5910 5200
8351 6335
7295 2533
5624 2399
9499 8154
8242 8234
8330 4820
1714 4579
3622 5363
7552 4818
5203 7446
5858 2422
6336 4032
419 4552
4999 1874
8116 7456
2779 6665
5125 3819
4034 3214
510 2906
3439 2101
8172 1880
5996 3825
3934 768
9243 4678
8067 4832
5052 1921
456 3837
7777 712
3091 2851
1563 1534
3152 5836
4865 9908
3666 8272
9107 6825
5798 2613
9730 8530
4134 834
6974 1678
9478 5456
146 4672
4892 332
8372 4771
8340 4330
4453 2356
8134 2684
8049 5578
5682 982
8314 8887
5938 3568
5820 5153
8594 4740
8142 4839
7687 5756
3086 8348
6389 5984
2803 5170
5086 7000
3915 1899
5661 2621
1725 5258
6972 413
5999 2387
5701 9109
4221 8543
5454 7548
3138 2243
3730 806
410 3675
6529 4538
1915 7080
5820 4901
5460 3426
6571 3866
6864 9223
6416 316
1932 6840
5399 3007
5598 5202
639 8989
2667 3273
5216 9832
5138 6120
4736 3862
6332 4788
7452 7937
475 3898
3880 1402
5396 8752
9243 8401
4613 3876
4759 7148
6978 3709
4469 5445
4275 3099
32 4007
814 861
5555 4579
3224 2795
373 4565
5475 1963
2587 1191
4963 997
1082 6310
6072 2447
8180 138
5625 824
1357 7826
9220 6970
5286 4018
2357 3474
3915 1107
989 9465
7705 4460
7346 7151
5893 4287
3386 1517
5939 5220
6208 8908
4422 5755
4937 6987
9213 3260
1763 5480
7075 3245
955 2045
5632 2008
8320 2080
5537 3842
3598 1413
7813 8436
4304 4693
8933 2545
7595 5998
4854 5654
4526 4248
5949 4051
7825 4474
3079 6711
5959 7628
5928 730
7966 4104
4887 9888
5300 7928
6034 4131
1334 5581
7180 7481
8612 4709
7860 3533
8273 8663
5514 2294
5532 9518
5707 214
558 6235
9119 991
6787 437
2533 3402
9398 2657
9698 6216
6627 2407
4847 1692
6898 6168
6383 4261
6899 8464
2452 2546
6809 6355
3214 9105
9915 4200
3922 5170
2059 2737
382 7856
6888 6239
8748 6983
6647 5804
7830 3905
5077 60
5993 9975
5743 9943
7965 3455
8687 2622
6441 4917
6468 3559
5443 5257
5227 9654
361 4656
6317 2114
3103 1029
4832 1024
5720 4833
5191 2799
9817 8193
9686 3572
8098 8019
7865 3201
8820 4068
7996 7742
7023 2626
4380 1393
7345 5566
416 2879
1673 7903
7817 1324
1619 284
4375 411
4444 8467
9730 3471
7740 1485
6528 59
2444 7865
4720 4466
6301 691
1389 8903
5035 3840
3807 749
5096 9677
7840 5629
369 673
8333 2938
6821 5272
385 388
7336 5049
7379 3470
7420 698
7456 3918
8079 2914
7582 8344
6190 4507
3276 7735
4140 2327
6354 8258
4281 8459
4071 7453
6111 4335
2688 4159
495 6689
1580 9880
8263 4140
5230 1144
5483 6465
7402 1745
5536 698
9331 8181
5344 3237
1440 5677
2737 6652
7388 3509
2788 1370
4582 8319
1802 8509
1643 7927
1137 3774
5358 7988
5059 1913
4920 4873
7263 1527
7813 8612
5038 8126
8912 3336
5362 3119
4999 3067
3254 9363
488 4304
721 7773
2215 9851
4232 2665
5572 4160
5708 4695
7423 4935
5357 1319
4027 6582
5627 4477
4253 2989
525 2357
9011 875
6609 751
3711 4512
8699 1808
6675 4488
9004 7517
857 3998
8749 1894
8620 1255
7324 95
9866 9647
3997 1693
7909 3723
9045 3204
6792 1482
5178 5266
6931 285
4166 7428
3532 2681
4360 5164
6578 2461
5450 477
3138 655
3934 6224
7183 1754
8641 5599
1072 108
5985 5101
7678 4765
8794 8847
9283 5368
7689 6729
6420 5523
9290 5901
8754 9713
4420 3264
3399 1226
1380 7664
8422 3992
9625 7175
8239 1661
1390 1069
1425 761
5651 7039
2854 3762
478 429
4071 1102
5294 3998
7979 2604
7182 8367
4416 6389
5411 1172
618 4646
7247 3737
9205 1898
8104 3049
5232 2747
244 1924
8201 8580
3210 549
7010 4175
7500 3285
8142 6395
4412 3996
7157 9069
5384 2880
6362 2153
701 5668
4929 3239
338 5207
7595 8742
8568 3390
3840 9059
9155 6484
5824 1467
594 2688
2747 1928
7222 14
3782 6610
9004 3813
938 6784
5281 895
8308 7078
7887 2475
7739 5529
5748 5879
3449 1338
7149 1908
4479 1704
9442 3257
3703 7490
2752 3741
5883 5057
4458 9494
3871 2644
4012 368
8821 2909
9483 6263
5653 7978
6694 4747
8046 1192
2375 2033
9248 7183
6573 4722
1206 5529
5399 110
7943 4864
4161 9099
6088 7947
246 5343
5116 432
5160 2424
7457 7599
9445 8114
3671 3350
4755 5673
5517 1944
5160 2689
8302 6644
6382 7755
9460 9145
7901 6071
9677 6141
8247 6299
2533 1320
2539 6584
4223 829
8090 1476
2348 6378
5860 5665
3012 6803
7953 4396
5287 2771
4961 6393
5550 2507
7418 3563
5274 4000
7438 280
5246 5887
8838 2314
2991 6047
3440 2532
6024 152
7307 3215
6323 3719
7337 4635
101 3517
1666 9597
2610 8728
9422 7446
6637 6129
4429 3921
2630 2964
8971 7775
5792 4353
5035 2684
4687 6516
8061 3538
4256 6595
1491 7880
4491 5329
2086 4233
8209 7201
3272 5297
3850 6177
4352 4209
6414 2687
7290 7196
9684 1129
9349 1962
4924 4142
5274 6964
3860 7389
6944 5741
745 4360
419 5129
493 734
7470 3986
6513 2112
4198 5174
8582 7954
7812 79
4865 8234
6254 5155
2865 8944
4342 5340
9179 5585
8382 8273
2809 4582
6924 4348
5322 1684
500 5360
5734 8539
6857 7147
7522 590
7398 7385
8016 7169
8498 9918
5669 1913
1603 319
9657 7545
8662 2441
4094 929
7959 6527
9904 6784
5045 450
4238 2865
6091 6682
8475 6263
2975 3688
226 5363
7579 8313
2060 2112
8238 5654
5987 2810
4598 705
8249 150
6847 8134
8547 8740
9795 6445
8360 3257
9703 965
6142 4940
7479 3508
9527 2200
7972 2623
5688 9465
5475 5416
7253 2298
3413 8249
9142 5400
3913 9884
7057 4952
1429 156
7651 9483
6213 3135
6455 862
3624 4762
998 7819
2319 2470
2237 2028
6968 4995
3949 1705
3905 3176
7549 1105
5098 2437
3974 5670
571 1680
9072 3884
291 7404
6650 4456
5184 6906
6467 1222
6470 5657
7870 7054
9249 7574
8386 8633
8798 7000
8238 5500
6660 8792
4544 809
5136 4656
9240 700
3275 9545
4858 181
1512 5658
7370 2279
2012 9242
706 4362
9631 2018
6871 6387
8113 1160
6645 4732
7108 6565
579 9510
8532 3889
9475 5419
5468 2971
2645 9535
477 5297
1848 3778
5240 3149
7451 4459
8744 5959
9552 3014
4420 5710
7740 4827
6595 6609
8717 4055
2600 6387
7103 6378
6558 4183
4727 5080
9382 4036
4568 9373
4593 1967
1186 8740
9784 4052
9235 6991
6051 1764
4940 241
5840 7322
9627 6957
3169 4041
1025 914
4085 7045
2290 280
8094 377
7016 3089
4256 1271
7305 5141
5697 2174
8806 8692
3985 6060
2256 1226
3672 5420
6324 5161
4159 291
3510 2914
5307 1058
484 7133
4545 1409
5119 4125
8408 5878
7063 890
5043 2854
6443 50
9275 1793
4252 2324
888 7747
677 4531
7083 5865
7189 5846
9332 2857
7593 3980
6801 9413
8879 4043
2584 8324
9492 6638
3164 4698
4193 8403
7802 5142
4989 645
5250 500
3193 9456
2108 3641
4391 9177
4382 2267
7096 671
5055 3973
2027 9345
7339 20
4498 6536
9191 5110
733 3505
9050 3939
5463 7330
2681 1180
7404 9576
8544 4072
267 8437
8312 3420
9452 3280
9901 5507
1583 4062
7792 9428
4343 4010
4888 2641
3733 6036
4444 2893
2323 6840
9301 5856
7965 4251
6262 9992
8407 2009
4979 1632
7359 2720
9989 6006
5303 8374
2772 2098
9578 8995
868 2287
5077 5178
5897 8331
7438 3400
165 1348
5798 3104
5536 9520
2999 8534
9335 3122
5414 1766
7185 1907
4599 6163
6967 1190
3475 9582
5581 9792
7974 3760
1321 2060
5263 3475
6403 1498
7000 4606
6152 8152
6402 3376
9192 2642
4401 2284
3910 9365
3454 5299
6909 2654
5554 4792
8774 6860
2062 3613
1491 7882
5920 9873
5380 1786
6461 3546
8073 2202
312 6569
4917 9231
4348 9977
1015 6726
9182 1931
9874 5865
3012 9504
4136 529
6641 5175
6117 1908
6948 4429
363 1552
531 2448
5897 3711
2927 9173
5723 2246
8544 5737
511 2469
713 6396
7631 6938
8955 2418
5784 4858
3355 2794
3375 6824
6061 5395
5361 3592
4831 8238
3259 5337
2763 1049
2864 3761
2685 4284
5631 3223
5796 4953
1616 5652
5963 2586
9622 9311
3993 5682
117 4398
8370 6351
3571 68
310 362
6061 5637
7589 3656
5939 1330
3343 739
6404 3617
5115 138
6020 3362
8917 6726
5320 4857
6636 4534
576 4660
7372 3699
5083 6750
1571 9269
6551 6970
5069 665
7931 4300
8074 5777
177 8477
5921 7297
4614 3913
6189 2947
3938 6110
638 3853
3442 2559
8633 5776
7437 5872
6100 3103
1925 3997
8472 8568
6793 9742
7124 6989
2544 3251
5076 9083
6491 8357
3532 8087
7905 9509
8948 7630
1747 2269
5 9165
4343 9434
5679 867
1709 1339
4497 9083
6075 3576
5899 9766
7574 7575
3558 1930
4820 4897
9137 8670
6801 418
4809 8451
1305 5083
5818 1295
9184 2514
9540 4364
5389 3104
6614 219
7772 4792
5227 4390
2791 5176
9896 6893
9136 6122
3131 4723
5087 8144
5240 6400
9841 6548
6703 8262
9222 1286
1184 8297
7250 4050
4969 4890
4895 474
3561 5624
7033 6187
4433 8522
7808 3819
3524 4281
960 7771
6937 2543
6461 1265
7015 1788
3898 9675
4326 4789
6413 7461
3327 8282
9788 2233
6128 8789
3351 911
8129 5716
6185 1223
5710 664
7504 4581
4571 1968
2655 426
154 2166
6818 3466
2541 2655
4069 7090
7258 2575
9977 5115
6355 7533
3709 2582
5998 2420
454 4614
7326 7175
696 2835
4831 1347
3818 8532
7862 6926
6232 3526
8866 9226
4527 8440
9855 4752
8473 4721
305 5695
7208 6932
9122 7610
4620 3005
2978 1852
7305 3337
630 652
1549 3811
658 3374
5044 3683
5259 4574
4422 6180
4648 1388
2928 575
4177 7395
3715 4072
757 3352
3373 2502
9991 2258
6615 5986
687 4196
159 2356
1197 3400
4314 1749
7630 4279
6067 9191
3073 9192
9564 3739
4880 2690
7983 1284
6701 1191
9748 7203
5502 867
5515 7896
1181 4187
3752 9601
9396 5216
966 4118
7790 3076
5767 3394
1578 2287
9233 3388
8385 7428
6574 6985
2413 5977
5644 9595
98 7956
5103 1778
8733 8928
6494 8310
7165 4951
3646 2098
3947 1043
9163 7694
7899 4537
3332 9257
6986 8777
8415 5887
5566 2828
8011 8655
9208 684
6031 1121
1002 2598
6419 5404
7750 9410
5840 4644
4326 3182
4457 7766
3143 1225
9789 3969
8898 4664
8526 7007
6734 5006
3950 9692
8308 4978
5586 2698
5555 5334
3839 9824
5493 8248
7177 1002
5542 4843
8635 8756
1590 1348
8251 3397
7668 6343
2950 9173
5625 941
5355 6184
6164 7900
5713 2631
3629 1096
8806 4558
2146 9006
6840 980
2660 9721
329 6768
5850 2721
5912 2287
3650 8510
9417 6819
8682 5138
1872 485
4255 3485
2609 9940
4132 1279
2295 704
7045 1884
2120 443
7650 9542
244 3583
4781 269
509 4003
4972 4415
6559 1617
7340 5300
1929 359
7228 6407
7750 7535
1549 2734
8453 7951
1533 4187
7909 883
4070 1875
590 1079
4518 5040
7523 3062
7973 1950
9784 2918
1276 5693
695 7517
3756 5062
207 5484
3211 3169
8487 8214
6869 1756
3742 590
5656 3254
4449 860
4991 6104
2806 6503
8727 4870
2256 3210
5752 1012
870 3325
3312 2439
3726 6508
6997 8213
9596 6636
3909 7124
7110 4334
601 9409
6027 249
9659 7366
6219 3717
6131 901
941 7262
8429 5068
1228 4323
5918 3088
6416 4905
4814 5545
4866 8853
7828 2075
8577 1296
9371 4460
7724 2548
6001 89
7755 5016
9830 7863
5576 1931
146 2835
2055 3026
9522 4979
7483 6664
4190 4117
4682 4579
4243 6115
2582 8698
9709 5479
1257 9992
4826 4709
4062 6677
5267 3777
7564 2387
5636 3909
1603 1360
4808 2445
5923 3035
6374 3465
1263 3740
6976 3835
9532 8038
8365 5568
4428 1033
7097 1092
5612 3300
1753 9238
1884 8675
2996 9748
6921 9762
3358 2373
7595 5362
1758 987
5528 2784
1378 1111
5673 1036
6951 1504
4654 8901
2546 2350
3892 1561
943 9935
8362 7345
6810 109
5530 1746
5688 2369
3521 13
7805 3672
4592 1234
1213 6906
9295 1170
869 6953
646 8107
449 5198
4343 5899
6927 8852
1664 8764
2278 6183
5663 1494
8774 2981
8855 425
4787 1185
641 4995
1064 7084
9535 4241
2090 655
8932 5260
4171 7863
9781 6368
2218 2418
208 683
863 4290
5698 6591
6846 417
5579 2439
7177 144
9298 4041
8300 6071
1156 7697
3200 6764
4078 5721
4707 5255
6566 2879
9710 13
1602 4485
6137 1390
7820 5061
7561 7201
4541 8196
6069 4000
3587 3804
4096 792
8130 8935
9059 3062
2650 8175
9024 4044
3280 8162
3004 7095
2061 3350
5685 3336
182 4170
5952 3716
4545 2051
3147 5539
9501 4648
8396 6811
7648 8229
3198 7347
5028 3224
3704 2231
6388 4368
7054 3963
6469 4213
1939 8814
7462 3794
841 994
3108 5094
7319 7766
3422 940
6381 8566
6478 8498
5733 2343
7858 8425
5553 9057
4684 6015
5752 406
4658 4156
5454 9725
6435 930
7811 3919
8934 6728
9686 325
4690 3736
6544 1102
1881 6226
9059 9468
526 3705
3724 2945
800 5485
9278 881
7698 4392
4035 622
4699 7167
4228 4958
1627 9500
4577 6015
7117 6103
7117 1493
660 9010
9271 7788
2817 3179
6565 5483
7055 3095
6554 598
373 7933
7549 4161
1777 4196
6249 4837
351 1880
7840 3815
9689 7290
2557 1763
3293 7201
436 8748
2067 7534
3119 340
5342 2182
3265 4744
2863 6421
4750 3210
579 6847
8633 7508
5598 7886
8390 8690
4122 1283
5131 1446
4690 7747
1344 4062
7147 3111
2030 8267
7452 2929
2668 2925
7694 1788
5188 3184
5245 3575
6606 2500
7439 7276
7001 8362
1457 8490
2707 9942
7872 5968
5230 1316
7109 4517
7399 2895
8307 266
8010 7515
4224 1163
5409 1174
2107 8607
9417 8362
4342 5585
5312 195
5626 2340
9906 9578
7810 255
1450 6127
3532 648
1947 9148
6190 6848
2181 3982
8680 9645
6202 6859
6411 5355
483 5408
9921 8016
4277 6888
4785 9430
6567 4556
5238 1153
9744 4676
953 8969
133 9352
9573 9260
3636 8819
1601 8897
7560 2452
3132 7745
4648 4707
4859 3084
488 4332
2124 3425
5538 520
8 317
5901 4364
4791 2162
9768 6768
8149 2852
4060 2995
2190 108
253 5862
2465 4922
8198 4816
8608 1416
6848 4588
3585 2558
4846 9947
8772 3590
2295 2790
1557 3764
9500 7447
8245 6733
1673 5107
5918 5328
988 574
8709 3835
492 6265
3411 4284
5154 1288
3650 1268
7427 5548
3021 5904
3609 5925
5007 6495
8307 1316
49 3565
3414 93
7070 1002
5403 2379
4009 913
9090 9017
4497 2982
7180 3991
7820 6274
243 1974
7604 5258
8485 1709
5291 2439
4676 7010
6851 5105
2417 5659
5936 1013
6678 5708
1752 8503
8698 3286
6005 4676
1907 5673
9529 3708
8376 2188
2801 9004
7031 3616
427 2446
2085 6582
1055 4904
5257 3735
3580 3292
5056 5173
2872 1336
2590 2144
7921 5701
8035 4640
6462 462
8108 5118
4196 3762
6690 1000
7554 2237
1255 4412
9143 1663
3590 9321
8009 2408
8911 639
7253 3822
9441 6726
8586 5394
4840 1101
1371 1855
9380 6837
1559 8062
3894 3028
7069 5928
