4479 4621
5183 6400
2553 2885
5294 8711
3037 3492
7911 4064
7130 4631
474 153
9100 3786
4212 606
4817 9805
8771 2563
2674 2887
7971 35
8695 2281
3999 6096
3701 4038
7608 5990
6754 1728
5474 2648
872 994
3872 478
4390 8726
3114 4592
9144 3949
4733 169
5638 132
6171 3664
8121 3707
9972 8158
8233 3948
6033 4862
1055 2512
9992 6675
7812 2463
2321 6798
648 2762
98 5922
5650 371
929 2552
4695 3296
881 8519
3609 405
168 7643
8887 4185
1298 5015
6600 3224
1114 9135
3871 7092
6307 5860
5604 1279
5961 9918
1582 5569
3704 9431
722 4302
6415 6109
3203 6525
4879 5196
5464 3900
9292 5379
540 9514
9243 9458
189 6138
7798 7501
9609 3136
7049 1263
3747 8430
9405 453
7693 6517
6464 200
2709 368
1216 3093
651 2943
9609 862
248 4624
7385 4042
8109 6059
8514 7456
3979 4135
7302 7162
4504 1705
6692 4529
2027 9580
8355 5711
4572 6226
3254 2238
5948 5917
3303 3857
6710 727
8151 6362
5770 1831
5980 7010
8368 4755
6805 3480
2616 1470
8510 3118
420 5652
4697 2033
4548 4125
3084 2069
970 9093
5070 3154
239 9633
5788 7491
7583 5854
6026 3985
5971 4049
2990 4169
7378 4173
6484 2993
112 4610
1128 3766
5933 2481
5993 1894
6416 4929
87 3735
5764 3462
4837 4878
7661 7126
3729 2643
1819 2981
7365 3686
3555 6362
6820 5958
7712 7931
3070 6470
7408 5341
6380 1192
8408 8308
8257 6827
4978 8947
8609 9875
9035 7768
8817 7051
8760 1562
8928 7562
956 7279
5645 5968
908 6075
5216 1397
804 2985
5940 259
4435 1735
5574 9327
6155 2170
1707 6136
7345 2903
6124 2411
7505 2483
3782 9428
3601 2820
9534 6711
7238 9866
7747 3593
9179 7422
7504 1247
3825 5575
7221 5325
2968 9072
687 3725
925 6406
9318 4318
567 9816
4261 5876
6885 3569
6966 3643
5510 5383
305 6814
4070 8645
4962 1987
7463 3173
7454 3582
4147 3123
16 9011
3706 491
4664 1921
6263 9534
3378 5241
1386 2428
6363 2158
5622 4140
6023 6290
9045 7785
1743 8708
6284 5693
8146 3966
5214 4845
4923 2423
7426 4399
997 1132
4076 8445
7146 5958
1489 3665
6377 120
372 6040
6363 5289
4269 9253
8515 2120
4871 3022
6124 2908
8444 1916
5172 3364
7118 4440
6873 3706
7188 4764
9251 2124
3811 683
1164 1286
8329 3655
8516 6779
5993 1298
7558 7192
6556 6479
6899 9442
8679 1818
546 3982
5495 2333
7986 9030
783 9029
9763 4672
8977 6881
8664 8456
6526 5818
7257 4576
1752 525
6740 2480
8472 5024
9606 8071
7108 4898
5654 4433
3851 2682
9095 3202
9116 3899
5153 1149
4122 1870
8878 5159
9424 8975
6044 4739
3266 1512
3504 5999
4240 8362
8104 818
5363 5429
1144 9255
1262 8981
2919 9137
7844 2664
1085 3692
8813 576
8551 9881
8275 4055
6635 5715
9680 8914
1202 8334
8565 1270
7164 6998
5425 3023
9457 9250
6947 6066
5941 4745
8723 5090
9159 5126
7834 7997
5644 8430
2305 4870
7194 875
7809 9630
9516 2776
8624 9025
9824 7767
5143 3309
1738 8694
9341 2515
8432 1392
6378 3406
8467 3973
3671 239
1675 8122
7064 7037
4721 2389
6487 8044
9184 6099
463 1039
1615 9504
582 4108
49 7437
6942 896
251 5177
3986 1009
7416 2887
5156 1535
6649 6241
471 8743
9016 2997
5074 1502
4552 5069
161 8437
7905 3429
9031 8638
7815 5750
5053 4188
7690 7147
7583 9007
1735 156
407 850
4987 5554
4997 351
4981 4019
3805 8294
6735 1712
5431 9179
2645 3876
4148 3034
8543 4066
6354 3183
18 4537
5401 9565
2371 6382
166 2751
457 4355
4076 1181
6471 7645
6893 8686
3245 615
1001 3817
1239 6498
7794 3425
3021 1544
8757 8088
4273 8110
9351 9235
6443 794
7720 4564
1876 3756
1059 6652
1086 8512
1106 9473
5828 4398
4159 3816
6035 2927
7151 7646
9365 7570
8382 3572
8295 8708
9670 4270
1733 2553
4505 5477
5190 1150
5312 1750
5282 4122
6871 3283
4831 2874
5092 3961
4528 5051
8763 2747
2738 387
3844 7802
6138 2880
5574 1755
5943 6613
1764 1578
3083 2901
3387 689
2315 963
8382 4897
5423 3544
7116 3357
2827 8430
2691 8798
3969 5065
8538 8299
5536 9986
7578 4205
2908 2496
4123 2270
3000 9898
3580 7504
8824 8024
4855 6097
4592 9021
1527 331
8634 3662
3020 4808
9425 7575
2043 67
6587 4705
946 7524
7800 3881
9533 1366
1592 5829
8688 6378
6518 261
9124 5139
6449 2605
7899 3594
1788 1948
7797 7784
5239 3849
6234 4294
7081 3901
1588 6847
9981 7011
3896 7983
4803 8544
8415 1911
8114 7841
8029 2104
1657 6690
8302 7632
9775 7027
3728 6943
9865 5343
511 779
3812 5136
4336 7845
7684 2780
5093 1557
3933 6594
8834 438
7070 342
6463 5671
5468 5900
5979 9005
8628 4656
9311 4798
340 7434
1449 9936
5318 4011
3954 1670
9515 7867
4172 1749
3697 5391
4322 3085
7655 3224
4230 8780
3896 3242
1421 8152
9601 3971
8520 9264
2180 3631
7608 2474
3341 2202
2528 2062
8828 2183
9566 8299
2050 5327
8243 4153
3191 5826
2950 1562
7862 6676
4500 7184
6149 6396
4635 5917
9469 4695
837 530
9447 4563
885 6550
2438 3085
3184 7893
5858 3457
8263 4898
6075 5112
9339 7366
8757 3569
7179 4417
9944 5230
7007 3816
5931 9978
7430 5310
5248 122
5715 7730
9639 6696
2401 7232
2647 283
3221 1372
2491 8437
7496 4474
8096 5027
7664 5333
3922 3634
5984 8534
2972 9155
6038 5207
8121 2841
8278 7254
3243 1252
7402 2336
7161 8317
205 5613
5934 9966
5863 3935
492 6200
9179 6694
8421 5438
5846 3473
1723 4935
9850 8555
134 1918
6777 3079
6553 1199
2780 5520
4759 3475
3199 3783
8522 1032
4502 7053
7336 3307
3499 4080
8358 6558
6635 1130
7458 151
1411 7386
1125 8978
4486 4749
180 7524
2076 606
6884 4085
2759 2176
9851 7630
8478 4121
5210 8837
86 6433
6677 610
1504 7735
965 4946
7897 8312
6806 4781
56 1458
8863 3180
9931 9437
2149 6983
650 3923
6881 6388
3353 3566
6648 2510
7532 2822
9962 7703
3568 2965
8970 9026
6998 4285
1726 3703
2170 5586
4709 3055
6950 9232
4676 663
5846 2272
6503 5245
6879 4104
3195 1938
9663 8202
5731 4765
3568 2183
3191 247
9163 4172
6457 2016
4726 2362
659 8680
5862 1843
9814 2863
8974 751
6185 6783
6603 7030
7489 4679
191 5164
4920 6550
4095 4566
7930 7167
3307 844
4517 9808
7781 8090
5227 8363
7596 5192
9813 7714
7057 1091
4429 2461
7381 7747
8060 7218
8465 2199
3944 353
4014 2892
5007 5857
5990 4076
8291 5200
6308 8672
9118 2434
4971 3310
7154 6285
4291 7752
5910 4461
3666 9012
6855 1522
9999 8635
2596 1339
5074 3179
1014 8224
4369 9742
7408 2201
229 5001
3890 359
2851 9329
4308 5976
2345 72
1874 2522
9363 7612
3449 8875
8581 2652
9560 4922
9439 5944
9531 5618
5402 3510
3187 2309
5641 6910
6683 1243
9872 6213
4355 4223
4983 1311
9209 499
4594 1207
2900 7914
3358 4299
2007 5387
8910 4489
4679 3794
5350 9857
7061 4614
3884 149
5307 2841
9815 5799
4697 6444
2897 8640
4623 9384
7350 1720
7067 9059
4301 1785
1005 1942
8667 3985
5028 1067
1201 9581
437 3183
683 9511
1892 6618
2783 373
7189 5126
3857 967
8270 4262
6826 3389
8566 9364
9358 8812
5293 4208
7031 5484
7852 6759
7905 2750
2088 5194
7257 2794
2160 78
3218 3023
3823 8121
7537 224
4670 5513
7629 3605
7553 9208
7847 4996
6072 1178
6293 243
2416 3832
5569 4004
2964 3557
9288 4035
4683 3093
8602 4870
8908 1041
8669 5863
5299 5168
5001 2356
1328 1511
1828 4866
5064 6842
4077 3548
676 3311
6731 6633
1721 3019
5317 5072
8645 6265
9969 2791
7822 3897
7493 2489
726 8272
9005 1961
6432 4350
5655 6236
4908 3332
5410 1364
7780 1127
2991 513
5262 2140
9100 3318
5241 6367
8286 8546
8070 7610
4699 4506
6937 6185
3261 9944
7363 5390
1852 8089
3449 3993
560 2210
6311 803
1940 9370
1071 8921
5364 5655
7519 1063
8493 4158
806 7720
8576 5504
2686 34
6343 3352
7040 5415
7227 811
8660 7309
664 5686
3005 9815
6320 8737
2022 6671
7141 8063
7631 5855
8106 6234
8387 734
3362 8926
3399 2837
8588 7814
740 9207
8604 4640
8277 4282
6917 1938
6220 2764
913 2081
5714 2632
3699 1493
9406 4101
6596 1559
6754 4247
7165 3064
7092 5932
9765 5238
8904 5696
6938 9666
3725 849
6855 8765
3794 4655
7862 1950
8033 9267
7296 4019
1654 8859
5173 2672
2799 4861
9274 8281
4221 913
6944 8033
273 915
5368 6968
6085 4745
3465 5890
6866 5984
4037 3312
3376 3566
2315 2309
6074 4097
8406 1124
6521 6888
394 8007
4700 2874
4645 2938
5253 1217
5917 5318
2056 364
3532 8810
8511 773
2206 9698
1598 4711
5932 3761
6389 3448
1251 731
8616 681
1950 4152
9792 1287
7153 7752
6883 4364
4812 404
3858 8664
6366 3436
9489 2682
7916 2791
4386 9722
1309 5524
5974 9369
7505 7659
3998 951
2310 1259
7324 6155
913 2002
146 7230
676 5064
9422 354
4552 3761
484 2944
4660 1457
3462 1623
1026 7693
157 3043
5691 1001
8064 5528
458 676
7681 8499
777 1970
7824 1265
6275 1960
8526 5329
5408 834
1438 9708
1973 1501
217 1080
5636 3730
6204 2839
3053 8406
8477 3981
8536 9400
5136 1543
6646 2397
6081 5657
5838 9579
8571 1809
4884 9580
4780 5587
4663 801
6263 3455
2378 1262
7795 4297
7935 5131
121 2316
4898 8288
4430 1538
6063 7158
8997 7780
4917 5677
4966 3089
1939 5128
817 5402
6214 1814
8797 7117
428 8101
7463 1501
8114 2365
1913 8
4433 9621
1866 5674
8954 8763
4683 3416
8283 601
8427 4258
6557 1929
7798 2887
5684 1626
8752 2477
9628 3868
6186 2510
1393 6658
4136 7978
4310 3521
7858 9964
5119 6054
9501 2637
5886 3157
5066 3275
6176 781
6052 2960
6160 3662
1384 278
6630 6500
113 5829
7249 5053
6136 6867
9856 5286
5193 8195
5532 2902
2133 7464
6392 7732
1719 2720
1263 1457
5272 3091
4045 2705
7514 1685
760 6206
7006 5416
7400 2603
3342 4274
5362 5007
5159 9486
8818 3868
9017 6292
7527 8156
9635 5667
6651 3912
7395 3018
9329 5777
5865 1691
8667 2014
6258 2934
9363 1983
3200 8512
1734 7844
5445 4717
3573 392
3080 2854
465 4572
6503 9611
9250 7295
1145 5499
6399 4306
7430 5311
7314 32
7343 7823
2385 1138
5352 4646
4707 3862
7630 2260
2722 7553
7106 4963
4332 6279
2816 915
5903 4031
1226 68
6427 8732
9932 575
5751 5825
3368 610
1395 6936
3002 2130
4623 3346
3654 1498
8117 3402
829 6295
8045 2559
4524 3223
4270 3981
528 4726
7659 1886
7531 3915
8979 6292
3028 9443
4413 1406
6514 3259
6127 7917
4578 4362
9373 2804
7917 3578
7242 7195
4316 3050
9044 7589
6458 5658
6245 2167
2497 3921
4769 9448
7451 3927
9617 3286
4254 3340
8225 4224
9933 6640
4946 3338
6205 5599
935 3666
5259 8493
3255 602
9455 7955
8006 6931
2513 4395
5962 1676
5638 4770
6022 2401
8510 5646
5071 1733
3992 1511
3878 3475
710 5246
6949 1070
8941 4822
4503 759
640 8075
3575 9831
7086 8250
5458 1662
5759 836
7189 4326
967 8820
6593 7041
8869 6006
4784 4313
2742 5664
6088 1950
7539 5836
8060 4147
3048 7662
4810 4945
6835 2638
4825 5482
6971 2382
8042 9876
9132 2416
6160 1273
5930 7721
2960 8079
4324 2463
5039 5218
5700 8607
6776 867
7323 1265
3920 4594
5566 5229
6086 8791
9914 1670
6515 45
2953 5187
9278 4955
8564 4151
432 5111
2389 3689
4655 2869
9085 7794
7024 2487
1558 6241
3701 6742
9083 5246
7073 3431
5858 2610
1505 6270
8889 6728
7857 1297
5314 5106
6361 3984
2554 6506
1632 2784
6121 6632
4979 2412
705 8517
3428 8696
1499 6577
7920 4507
4460 2872
5991 6558
6337 1453
4013 2417
300 3256
2770 774
2474 2847
6549 1308
11 9883
3225 6538
2040 7430
6827 6951
3801 318
4397 1661
7118 4125
5370 3708
4502 4832
3932 3776
7638 305
8412 745
9035 9095
6704 2270
862 3638
7602 7292
1298 5108
9471 6135
504 4195
3985 4690
8567 5728
5493 7835
7300 5800
579 5277
8467 6580
5636 2407
1807 2626
7861 1257
7848 3273
6425 3995
7468 953
2500 7693
6778 4793
6469 4452
6832 2289
311 4006
5881 3607
3711 7024
5087 8967
4165 4225
3486 117
4376 360
9610 6720
2795 757
7350 1878
7621 4407
4378 4490
4975 279
6926 6654
8428 2549
4862 747
8019 4416
3150 841
3189 2001
4671 6814
6964 3504
5722 5433
4976 2202
3426 1275
7850 3862
5246 2700
3970 2687
7596 7509
7167 6837
1622 1896
5306 3016
9183 101
1480 3124
6180 7601
8093 2164
5816 5747
3561 1621
7517 656
6126 9207
3132 8125
8306 1490
7309 1938
2258 5791
4588 3266
17 2094
3391 4974
6079 171
6211 619
8680 8726
2569 2650
6408 1578
5251 3960
3205 7592
3026 9921
6587 6095
4912 6107
8975 7632
7932 5835
9483 2297
9501 4566
2332 9854
2385 1644
4289 9484
5587 2202
4036 1310
7240 5585
7387 271
8557 159
5736 4661
2337 8369
5688 3867
8630 6150
2460 6490
5442 8092
45 5035
663 2833
4549 3264
7496 2779
1439 3993
2604 1435
4870 2681
8080 6362
8691 5612
8607 4688
5744 3186
6134 2963
4963 5510
6637 465
2359 7997
4945 6481
3030 7936
9613 3650
1353 3149
7891 432
8689 6568
6779 3788
6010 4100
8142 6057
8006 3393
5557 4011
8229 5945
9154 5737
5995 3190
3355 9839
1173 9755
9349 9359
7848 2726
9609 8797
4779 4210
3390 3008
4265 1365
6942 5629
1674 8810
1448 3134
1547 1041
4337 6494
80 1540
7825 2306
6057 2877
1935 5058
6165 4396
3294 7177
9030 6465
6805 9043
6591 3421
5779 4446
6438 3099
6845 2291
4673 6156
392 7181
3803 5513
9891 7175
7296 2721
2039 3839
786 6662
3779 1369
7903 6776
7449 5294
9951 6179
6193 680
2095 1381
4237 7058
2405 3035
6920 1768
5022 2409
7163 4527
841 5178
5435 8585
718 9574
5131 2172
848 1138
4513 9298
4087 8403
8995 3604
5462 5017
1674 6320
9744 8795
5120 3447
4422 6672
3996 8141
9514 4168
8687 7508
1948 966
1881 9278
3922 6879
2950 3485
8726 4503
9545 6492
5770 3942
3911 5823
8263 3955
5353 5496
3485 9772
8287 4806
3677 7727
7189 8326
5955 6095
1517 3115
7261 4001
8169 2455
8798 7618
9213 4599
8038 7750
734 6089
7767 2826
9756 1054
7653 5464
4483 1447
6040 1479
8092 1719
9428 9367
9551 6814
5825 6780
1675 2483
1965 2810
4025 2825
2143 6114
6532 750
9508 4493
6029 2121
4458 4140
3520 1871
3533 1661
2568 6528
5511 2540
3369 9286
2918 5594
2142 2075
2069 2499
9360 8013
5150 1105
851 2836
9330 7087
7594 2623
1320 3580
6941 4724
5926 5878
2328 5993
5434 2935
3650 9951
7301 420
379 6031
4222 8307
1063 5989
3148 1073
8467 4210
9050 4302
1858 9118
2298 4020
4066 6338
7561 9886
6518 2756
9274 4195
5579 4872
9322 5663
4517 1664
8336 6801
7562 4863
7594 6127
6176 2912
2750 101
5445 8700
8512 52
8543 1208
6708 5890
1553 9128
7920 2886
6677 5939
4027 3498
7470 9596
408 7877
5612 5206
7497 3197
7309 2997
6380 3437
5582 4360
7113 2942
9449 1809
709 9302
4660 149
4578 3228
95 2169
6340 4303
9360 2225
5662 5557
6091 975
892 3761
3981 6621
4741 2059
3798 6914
645 8499
6722 7788
7098 4512
5863 3597
3691 4838
6453 8386
7353 3984
876 1952
8231 1858
9890 3329
9371 2541
7531 4515
3986 1753
5172 826
6072 4875
9700 8458
6132 6875
420 2989
8434 5600
6211 6759
8148 6820
8213 5079
8528 9292
6779 5904
6406 5924
9829 5691
2321 4151
8965 4045
7427 7818
6081 4326
3959 92
6068 3606
579 9820
5438 3173
6810 4737
6345 1748
2531 4082
5938 3087
4617 3969
4407 2024
4408 677
2684 388
6396 7577
3791 9605
7979 6057
6954 7755
5525 1313
248 7706
4942 4030
5402 9235
4155 9020
6748 718
2650 2353
9262 1132
350 7201
7992 5214
9893 3366
7269 8153
2163 1453
2315 4848
762 5460
8956 1097
6574 8615
1850 1114
8778 6954
5887 6931
6487 1822
5593 971
6741 2870
6776 1961
6528 8275
5311 1258
7476 6622
4537 3706
4235 9757
2091 7039
5077 4739
3644 4068
6134 7948
1406 7201
5782 735
4631 9613
6502 2373
3366 4505
2636 4214
432 6735
3001 3589
5184 2177
6565 3561
6146 3757
5081 1038
4908 2687
9861 4684
4498 3463
9346 6606
7066 9891
6705 9354
5921 498
7985 9343
3488 2372
8165 4614
8462 4163
3771 2172
3898 6148
1361 1815
7673 67
4363 7825
5154 3479
6334 5776
2689 4913
7376 9414
9646 5792
7366 4611
3890 5426
8259 6320
5617 3920
5710 664
5516 3688
7598 9463
7041 3130
1492 8390
6056 9559
3157 9569
5439 2192
5759 2548
7742 1865
6658 359
3377 5142
9334 8536
4822 9808
2896 8710
4374 4019
3133 2795
6497 9832
5264 4411
5270 1044
5864 6621
8246 4292
4983 2262
8978 2866
9903 6248
7792 3564
8217 8286
191 9115
7548 7633
6774 4978
9286 5462
4842 4659
7075 8617
5546 4223
6623 2486
5679 2797
5195 4145
3928 5672
5206 9258
9342 8818
1028 167
1768 880
8368 7529
6587 9967
1289 5083
3128 4801
5354 8375
9812 301
5772 2435
7408 3551
1911 7955
7784 4625
6784 7628
3185 4517
5928 1636
4109 3590
7458 1422
1355 4884
9266 2793
2628 9029
5747 577
8672 1645
1983 7607
7991 1921
7418 4503
8146 4159
1788 1095
5554 4994
6983 1951
7314 1004
2055 5762
7120 9132
7029 5072
2455 5881
6875 7903
6055 3066
926 1975
7076 8945
3712 633
855 6381
2398 8464
3543 8668
7284 3906
7296 848
2916 3322
8811 7150
4159 2786
8879 8367
8906 5352
9141 7061
4952 7117
6612 3449
4926 8785
1579 4992
9949 5922
4952 5396
1087 9368
1834 9940
5014 2518
353 9409
3050 7989
3846 2267
8313 4550
6314 121
7134 2892
6616 1883
5222 5521
3511 5580
768 2045
2891 6360
5772 740
6544 3328
1272 8079
8785 3089
4802 4711
3835 9877
3695 8671
7299 4249
4453 6363
8023 2128
6741 723
4983 7840
1912 8561
7831 2946
7429 2265
4107 2055
1858 1127
236 1603
1073 8256
6895 3383
2212 1884
8564 5313
9333 2526
6716 262
7920 4573
9254 7602
6163 9211
9018 2370
9765 6994
7991 1600
6711 2291
7890 2600
9585 4439
8978 5833
4528 1796
7840 2370
6262 9454
2738 1153
3389 2691
8358 1020
470 4821
7103 9432
6489 5188
7369 5121
1889 2524
5288 2459
638 2684
2764 8502
2514 6670
9166 906
6227 2829
7515 601
9554 1576
2038 3937
2127 2288
5417 3777
1322 2943
1626 465
4193 1416
8246 6454
9820 3537
9119 3984
8925 9631
3940 3221
5618 2985
9857 5261
5617 4338
6382 4284
9399 9636
4821 4547
4053 9105
8081 1255
41 3381
6377 41
4602 424
575 9667
6050 3438
6598 5458
4636 1505
4830 1190
7314 7125
9092 9191
6645 1517
664 3859
7700 2996
285 6077
4293 3731
9500 4592
3876 590
6235 8300
4672 1692
38 1892
4861 8389
6886 2604
8739 4206
680 577
2014 4881
6283 355
8440 3915
7223 2899
6838 5043
9201 8064
4242 1792
8189 2648
448 5150
5810 1833
6037 5933
5209 2138
2581 9781
2510 2847
2230 1630
7846 3413
4152 3740
6920 8208
5306 4407
5494 6938
7418 4054
7368 5365
9283 4059
7441 4797
1179 7677
5388 9436
8135 146
4403 4202
7993 965
71 7513
4221 4985
3385 283
2228 1533
6005 1160
6925 8973
9565 5591
4799 3649
8190 2152
7262 5626
4935 5267
1469 4784
8200 5729
1618 8928
6412 9211
5675 2682
4586 1735
1116 4516
6446 2973
1818 178
4239 2387
7456 508
339 4186
1649 33
6942 4164
857 8843
5159 442
5961 5002
56 5905
5395 4182
2015 4785
5567 4294
9226 7041
9921 8357
7430 6089
4376 563
8178 2950
894 6408
7174 8500
4401 2462
573 2380
1964 1068
5647 3355
6800 3154
666 5317
9942 1627
3886 7236
2832 6333
4173 9364
3797 2023
5665 6643
6288 126
9268 4162
7090 7050
3819 915
4793 2549
2375 8982
4219 4003
4221 3555
1247 4666
1848 7021
3320 3419
7347 6333
8281 6323
8139 9537
7145 5152
327 2481
6862 1565
8054 2933
5560 8733
9805 2767
5675 3287
3357 1356
8985 4754
7790 2414
8859 3037
2998 6378
8930 6215
3501 582
4328 9665
2093 4285
9104 217
7722 3075
5625 2949
7556 2139
2363 655
3837 7334
7617 3812
7413 7051
6923 3889
8090 4669
5667 7906
2913 7214
9359 3517
3357 2681
3238 6336
7105 7837
8328 5220
5279 4239
6652 1710
7351 5354
9034 4479
9211 9216
8585 7887
8119 881
3596 1772
6416 386
428 3686
6097 1609
1199 8902
7208 1820
4972 6158
402 8328
3057 4468
5465 1517
4841 5445
4346 5094
9248 2579
4290 5162
4230 3607
8792 3876
1007 487
6970 1331
5284 4595
8670 7190
7187 8010
7899 5586
6811 3409
6034 6341
110 2864
8061 5010
8496 2952
6503 4833
7751 3887
9744 3397
3491 1030
4393 8566
2906 9236
3021 7416
2333 3223
6985 6046
5699 1144
2544 2094
4686 4214
5275 3031
8281 3944
8410 4583
6813 4627
1294 3796
8612 925
2941 1766
4754 3710
8899 8194
6488 6938
8255 4336
6227 4539
8284 6843
6408 4
2661 3294
8748 7243
7326 4775
2931 7621
1456 9199
2023 9575
9299 1869
7643 1449
1559 6322
4703 7657
9163 6783
6045 4503
6096 1696
7380 6408
949 5575
9855 1269
3600 4948
5861 5770
5581 9508
8803 3889
5985 4753
6178 6874
8290 7016
9999 2975
7169 6611
8917 4633
4072 9674
4402 2230
8510 8187
8543 7052
7546 1121
6494 8135
4644 8524
9055 3965
640 781
5483 5158
596 8439
4759 1829
7299 1100
1631 9149
9580 7350
1267 879
7894 2212
4288 2738
4808 3936
8850 3681
1338 9161
7647 8607
4926 7046
11 3175
7249 4482
5589 5669
8640 8274
8766 9847
3616 1643
4573 3108
1719 114
8626 3945
5727 8119
3638 4928
4576 4839
9608 8212
9543 2075
6972 2933
7111 3506
5360 1128
6173 9373
8447 7362
6147 2038
4283 1589
4397 2743
9605 7770
4121 2430
1904 6818
931 8154
8446 4485
5206 6151
3149 5573
235 9618
8325 6675
7459 4611
1219 4212
7370 4353
7791 1557
9594 3387
211 9611
537 9632
4972 6599
1405 1634
4216 4895
4189 2434
1568 2006
5689 2749
9092 5656
3142 8394
7069 3759
9611 9110
8341 2984
882 6553
747 7677
7368 4549
9076 4750
7164 2275
5426 16
1466 8532
1218 3097
9091 714
9561 8736
6660 4993
1027 1022
2747 2738
5662 4170
3492 8633
4097 1919
8962 7101
2455 271
6457 1780
5580 4396
6985 4825
5237 2193
2490 8859
8980 7563
6677 4529
4730 4491
3830 7847
8383 7164
6096 3351
9994 6120
7652 3274
9099 7721
2498 9329
8441 8538
1661 3765
