8618 2609
184 1398
6406 5355
4940 4687
3312 3432
3971 2839
6984 3754
9652 5309
6977 3486
4088 5904
3384 1321
5253 5003
5798 2502
5484 240
2719 6337
2498 7006
2263 3991
4767 41
7272 4836
5960 8921
7748 1009
9418 1592
5147 941
7140 1949
5502 4961
6030 8235
2500 1989
3934 3199
627 8073
2894 833
5105 1209
478 5649
7647 3967
5988 4302
5186 267
7578 9206
4517 2881
6059 5939
4015 10
4463 2272
5264 3489
9735 6008
4162 4266
9312 7711
4685 2995
6973 5986
6900 632
3526 2069
8805 5548
7638 9988
7634 4276
776 6079
7628 5773
7172 3427
7821 4776
2578 2909
5637 6043
5831 8123
5105 1078
5259 8455
5724 1581
5502 2700
7249 7439
8060 6226
5893 5102
3953 3166
4196 8931
7778 1781
4712 6372
4004 5877
2855 6722
4727 9506
107 1531
7170 1903
7924 6715
912 7557
6531 7200
9024 3241
7477 6520
3237 3233
5759 2519
5275 1237
4325 3869
6703 5442
5865 8507
2464 6958
5634 2869
6966 3457
8099 2258
4019 3124
5917 4389
4115 5047
8011 2145
3702 973
9058 3095
4238 953
8879 3123
4980 4150
5137 4808
5919 1954
8787 8904
3807 6773
8282 1412
2963 8748
3978 95
2615 3046
5061 4116
8163 4880
4878 2194
6985 5024
6298 5226
5209 4279
8855 7847
7233 6523
1563 9458
5516 2072
5702 276
5101 5994
630 9519
4476 4136
7461 1691
6800 7952
7576 1757
2130 7741
9897 8080
4845 411
6510 8644
4877 9031
7797 450
5323 5325
3571 624
8167 9931
2707 4045
9882 3755
5057 3750
2884 9456
2449 8216
1064 9608
4716 1879
2834 9784
1121 8830
1056 973
7809 1628
5817 1488
1910 1671
8811 4376
1282 9458
8561 5433
6645 3625
3079 8913
2770 2565
470 7413
5300 8553
6217 2397
9446 7403
8957 6043
7839 1363
4671 9842
6962 7475
5005 4354
5637 1004
2956 1236
2892 3695
9450 4111
6561 7661
8211 5785
5732 5743
5531 240
3999 3648
2421 4725
7185 8018
7546 4879
8782 9551
6552 5747
5666 5654
2 1021
6316 5241
9732 7184
7664 9300
8285 5483
7365 5626
4591 2512
8053 5734
4465 3684
7101 4240
6725 3989
8830 4235
7182 2773
5996 5686
9373 3351
6021 2561
4616 8139
8938 4442
9532 6233
5442 9566
8703 3004
3703 5096
5048 4571
1439 6334
6179 4431
4401 9684
2663 1912
6313 6502
8551 4568
784 4803
5878 6281
299 4645
1327 7482
5864 3902
8562 641
8295 4727
5995 1124
9104 6968
7008 1932
227 3344
1021 6063
3479 3495
4208 3195
7951 6616
3491 9067
8751 1681
730 4086
3326 9637
6285 8254
1973 2610
4011 1109
4887 3403
614 9244
307 8678
9835 1566
526 5604
5437 2680
8169 3396
3629 7990
93 1255
4202 6045
1942 3647
9572 8776
8874 1006
7111 7928
9480 5889
8352 5625
167 1097
7047 5957
5439 4122
3605 5273
3733 8168
6288 9288
4780 9706
7729 4041
4558 6624
5661 1727
4454 645
4510 9064
7868 3418
8149 3580
5040 2548
9980 3294
8803 4715
4898 4450
9324 7864
9684 5812
8303 4428
3215 1309
7412 8921
8820 8861
9128 9880
6743 6053
2455 8122
9500 1795
6190 4183
1150 3170
1640 1902
6038 1282
9588 7277
1525 2180
5777 6610
3746 4035
8068 6229
7750 8543
3988 2665
9032 5109
1760 9896
4417 2433
5293 4956
3401 1785
9064 4503
4742 1146
6708 3183
8744 8699
470 8672
1491 6366
8567 5539
8384 2385
5961 3141
8110 3988
8116 8083
7770 1588
7805 2220
6527 4986
6007 2210
6166 2383
5476 3742
7813 210
3713 9649
8639 3061
7703 6723
7268 3119
80 9626
4072 6289
1259 9334
9950 5103
7166 4834
7306 3496
6381 6715
6953 7286
7757 3818
1454 1593
7307 1403
7321 3409
1380 7507
3996 1818
5616 2315
8221 3930
8190 6566
7848 3568
7499 4583
8079 728
4959 5837
5307 7194
5006 4722
713 8662
6962 6980
7788 1460
4052 8286
2408 8335
9682 1751
7066 7711
5156 2945
7280 7405
5036 9710
4640 6363
2903 1525
3430 2057
7378 3632
2408 8227
5156 9891
8924 3771
3646 1080
9607 8114
7122 1576
7995 3456
1162 5432
5660 7065
8305 2486
7130 8526
542 8204
8658 8760
8695 1854
2718 5392
6409 4156
1556 5364
9049 3434
2639 9943
5788 3171
1106 3852
5193 2845
73 1345
5720 1724
8976 3300
6979 2178
8718 1958
4601 53
3555 1957
8218 5284
8999 4866
5835 3861
8220 5393
6710 3078
1632 9043
3955 6479
1405 1007
9726 5316
4191 748
104 2478
1765 532
6251 8427
75 8458
105 8895
4103 4921
650 9332
7662 1925
7007 2668
8308 1133
5533 4476
5613 9689
5689 1834
8144 5231
6326 5015
1744 3339
4225 6990
7464 1163
8057 3743
5385 677
8893 8216
7012 1448
9371 3416
8117 8260
5638 225
8082 3692
7492 3598
1755 3999
3666 9484
7133 3516
7460 2742
5180 6665
2572 2946
3153 6604
5429 3205
8537 2960
8213 7266
5700 3290
5992 2644
2663 9894
6354 4308
8347 8434
5063 868
6315 2250
3944 1476
6033 2043
8021 721
6135 599
8156 6135
6690 4384
2969 4285
4247 7413
3128 8101
2689 3364
6341 5169
4379 1790
8583 7226
1879 9502
2769 9745
9585 3329
1819 4612
8674 4906
3296 7949
7874 5868
948 4913
1896 8544
8898 7768
3380 2844
3692 6314
7971 5657
2155 927
6952 8418
8393 6140
8684 3643
8132 3804
8475 2566
9233 4725
9815 6801
1859 9415
638 2248
8197 5447
7616 3744
8041 5873
319 8919
4612 7343
5404 635
3368 6230
8585 3349
4720 4023
5109 1998
6834 4009
2233 7504
4179 3067
842 5438
7365 6125
6008 6612
4836 8377
6656 3944
7430 8441
2170 6113
7091 4402
2249 9969
6159 3933
8126 7363
5600 4729
6474 1055
254 1983
7586 5283
2723 6972
8044 4849
4761 3930
7568 3428
5996 384
138 4517
7556 2407
4231 1863
9529 7458
3869 6880
3375 7162
5721 2516
5264 1517
6073 2818
7695 3096
4045 8125
4735 4142
1352 4856
8222 5242
5776 2159
6957 3252
4111 3905
7445 4238
714 6411
4380 423
4527 8844
4745 4865
5658 9787
5089 6332
5508 5647
7701 3562
1240 8448
9608 9305
1894 1095
2288 2303
4304 2620
7703 2030
8186 4887
2764 2677
7453 6056
5952 146
5833 2706
855 8758
4760 5496
8705 5717
6531 6540
387 6029
5093 8185
5449 1633
6479 8335
7771 1239
1159 5318
9087 4479
9826 3241
9307 3728
4454 4936
7163 5031
6931 2201
7316 2537
7526 1327
5198 2846
9718 7585
8388 7106
7076 9614
3090 4108
6365 5172
5762 1612
7345 6886
2539 2693
9657 4047
6388 2568
2574 1747
1505 3079
7995 5984
4046 2315
6150 9915
5678 4098
2768 4587
48 510
5145 5032
6558 7265
6374 9579
9642 6291
2919 5170
3905 3889
4334 2754
8740 8554
6483 3564
7823 4681
435 662
1499 4999
7839 5156
9226 4511
2115 2607
5964 4060
5746 6690
7092 5635
3431 1646
2820 1721
211 2616
1814 4601
4906 3860
2796 6388
8263 9540
6703 2678
6106 3362
5294 4350
9412 3447
9423 6903
8111 4307
4889 100
6023 2015
5335 7914
8944 489
7101 5167
191 2121
8776 7177
2142 4673
6751 2610
8811 2705
9953 917
2605 6011
5695 6621
9921 7646
6776 3951
4111 2959
2314 2277
6962 3589
2473 1281
5331 3836
1729 2526
5595 2225
5011 7129
6745 2098
3872 3063
9311 3642
5230 6907
8102 2487
9381 3737
2557 3058
5650 2053
4333 9321
6563 522
5219 2998
1788 8065
2205 2383
8649 6798
9006 5378
6273 5191
483 5895
63 2191
6122 937
2768 9900
8339 5445
9301 3870
7962 4146
6350 5230
3337 9190
6323 4984
2126 4282
2578 619
8343 2976
1136 1364
4671 2095
6409 4125
1006 9476
7515 4895
6216 2418
3813 3498
2348 4515
7851 8493
3336 949
6628 6420
2329 5670
163 5939
2208 950
1241 6116
7189 5669
5774 3326
2041 8766
5262 1345
4241 3242
4953 3219
6984 4333
8232 2972
1866 548
7693 5287
5643 5880
5591 4558
1010 4913
8334 6223
4211 3255
6471 1309
6949 5665
424 9892
9851 3860
4722 3852
3213 6898
3924 3692
9478 5829
2163 9263
6512 2285
4580 4033
9767 3982
3846 2991
4869 5304
6738 3387
655 6239
4339 8113
3093 4824
7441 362
9103 2811
9214 4713
1243 1277
7353 6670
6753 604
5129 2531
5475 1564
7010 2740
5728 1893
2118 493
3657 1231
565 4861
7324 4513
5927 4353
9013 4435
4272 2703
9852 6253
7277 5075
4508 319
7102 3911
2030 5197
2629 1584
3716 7854
196 3050
6083 292
4511 5729
9284 211
9179 1098
6175 5744
4603 2843
5653 6
7839 8319
6452 2611
4606 3379
8952 3386
7760 1938
7814 9988
4240 926
4071 2811
6141 3328
5646 1845
119 6864
1606 2896
7598 3947
7759 9908
5922 1111
8204 4925
6818 5269
1298 7740
9288 1741
5673 4018
1333 4579
4924 5508
9196 3580
4406 4499
8836 4091
5333 2000
9963 2324
6282 2441
4331 5982
3504 1020
7942 4408
3876 3372
7307 3897
6162 1329
6330 3128
4604 3516
9453 7033
6401 7996
9912 6415
5711 2216
7290 9851
4207 847
4090 33
8412 995
8631 9850
6234 4737
8358 795
8028 2201
5119 9516
4599 5279
7043 5894
6459 4940
6079 7279
4476 2850
9192 6103
4401 7106
1169 4426
8255 7505
8771 5255
7106 3066
5305 3311
7889 3183
7119 4842
2267 3800
6227 8467
7350 9964
671 8800
2716 9898
2981 4985
3421 1348
476 2819
7172 2903
8584 1385
8606 5345
4547 6005
4393 8836
9794 4836
883 5537
5002 4599
3854 2520
5279 4090
1199 4202
3868 8870
4614 3556
29 6830
6732 7713
7308 6826
6892 3235
4388 5315
7708 1463
8135 2699
6347 6410
3607 3438
5680 4555
5233 3835
784 1191
5574 4393
8672 4629
4852 7935
4977 8195
2222 2965
2854 432
2961 415
8093 4400
3043 6900
673 7137
4997 7651
2200 1256
7829 8640
9274 4675
7223 724
3700 9241
4464 3746
2341 2957
5888 6403
9884 1602
5070 6036
4067 1980
2454 3099
9019 4686
667 7300
8125 6953
3099 8764
7294 2037
113 4010
743 7295
1944 3787
6772 3538
4848 9756
4986 3539
7345 812
3660 3668
190 8844
1281 1758
2005 5236
9841 5409
3828 134
532 8544
4962 3217
7679 1367
7691 438
7494 7063
4302 4339
8791 2971
8431 7094
8063 3729
6329 6099
7765 1820
3294 586
3862 2993
3931 5716
7072 9706
22 3086
339 5911
4765 5390
3706 2745
6329 9253
3823 2247
5033 3892
8706 6660
4398 4550
5256 2509
9147 4825
5608 7098
7104 3099
8481 571
2795 3647
4542 9518
9910 7364
5843 6326
9441 5982
8846 3292
4578 1218
7257 3048
1980 1076
3532 1667
9793 6635
2587 3968
6318 9895
7404 479
4341 4810
5148 4759
8297 9507
7726 121
6733 1177
2621 3588
6159 3342
5053 2657
8847 5220
1753 1828
6160 3014
8383 5759
7770 5007
3375 3646
7003 6034
6056 6074
5283 2072
9134 4086
9655 182
4651 4864
2856 3203
8491 5557
9236 2413
360 5021
7887 4890
5758 5190
291 5452
6884 2820
239 4996
565 1899
8100 6431
6863 2468
9069 4752
6891 2981
8958 4921
6917 1541
8249 2883
8562 6906
8640 4202
879 2445
1213 9789
7535 8500
106 2000
9118 4091
9795 6325
6671 3736
6030 2099
2163 1043
3605 4206
5619 1890
8258 2415
8630 1649
3618 6805
6101 5542
4665 3176
1264 9089
4518 4209
6717 8025
3943 939
3787 6061
829 386
8379 4403
9337 4786
6326 6046
5434 1821
5620 1310
7959 4087
3473 1296
3395 739
2322 640
7488 8788
8333 8205
6720 6435
4824 1604
8587 6135
4815 5842
6546 5761
2301 6480
5404 495
8374 6027
2483 1532
3761 3132
8584 8726
1447 7996
8762 4711
2738 1084
8188 7185
3300 9747
907 3701
5052 2901
7337 7315
2009 7247
5479 4057
2981 698
6149 733
4014 7634
6771 6494
721 7079
5105 4489
8639 1729
9778 3350
6728 4848
7379 757
8406 4761
9980 6948
7557 4815
5989 2824
7828 3737
9874 5883
721 7874
1858 5334
6736 7862
9815 7819
5787 3777
953 7478
8660 633
9297 4860
5887 2817
6032 1594
7860 4484
5185 9980
5323 6387
6539 8866
1743 2206
2269 7914
9484 4399
7294 5357
1784 931
2434 9186
1670 8036
6463 3479
4259 1799
882 7166
9939 3258
7274 4252
6701 7737
6147 6168
8206 5215
4315 1550
8230 4934
1425 5580
1513 8173
7150 4832
3759 4114
9989 3645
7732 3759
385 1084
520 6004
9028 7250
9169 873
3739 837
5604 8341
3341 455
8165 5977
7740 3735
6151 2179
6525 5129
1589 1235
9144 3381
4476 9101
2138 2088
8725 5154
9756 3499
6899 7298
9314 1762
6595 4820
268 6439
6869 3748
5111 428
2170 584
1601 8649
7325 6359
4266 2996
8234 7258
6325 1325
9531 3538
6643 4869
1808 7443
4935 4933
8806 2990
7010 9766
805 8342
7779 1875
6991 4914
6867 8554
5625 5910
7583 7040
7052 2040
7840 6665
6381 5664
5057 1782
2525 9276
1967 5113
6219 2038
4964 8235
5457 3329
3457 5171
1282 3289
855 3481
5230 4598
4625 4604
7441 661
6892 5586
3239 1979
4153 593
66 2503
4566 4554
6843 4238
8678 4660
7366 7168
9538 7324
5202 7101
4270 7795
5925 9153
2718 3906
2596 8001
5880 4163
9162 4220
8013 7509
6634 5677
8515 8430
2354 7421
4091 8323
1385 4032
4392 8171
1878 9563
2687 5680
4585 2415
1353 967
6615 3570
5050 8292
9625 5270
1972 1469
7170 5140
2318 6838
6269 5821
8255 1686
6627 7372
2921 5559
5719 7340
9766 7200
2581 6659
5047 2746
6331 9710
8979 7989
5067 509
4523 5486
3349 1054
9095 4673
5401 1931
5774 2064
9630 5591
1329 6364
230 5081
850 3477
6829 4558
7210 5598
1442 8047
9445 6219
2157 8438
5993 9692
1157 8329
5633 3787
5475 4104
3007 4938
6848 9568
3668 1794
4985 533
3821 6094
4758 8218
3461 5293
4399 4493
3503 7096
6892 4506
579 8244
4591 5108
6994 3965
8955 1457
4873 5846
1130 884
5930 4625
971 3600
8977 3467
7727 5721
5862 9594
103 1346
5870 4085
7809 3661
847 3012
7471 1945
1074 988
4848 2527
6089 224
7413 5912
8733 5177
5243 9063
8667 6809
6066 2949
6608 5218
4406 7291
2873 3415
9656 6356
6711 1969
3472 8289
7863 5824
5756 3582
8636 298
6379 1495
3588 5202
8649 3880
6983 5136
1062 9478
8914 2871
4568 5195
2784 1886
5748 2387
5070 6381
8186 1759
9698 4529
2811 4585
1147 9823
1786 541
8432 4417
9426 1971
1088 7967
8532 4504
6552 4289
2712 6448
6178 4865
3612 5164
2319 595
7657 8212
8233 5784
5540 1841
181 9742
2901 2793
4273 4091
4533 1049
5888 3198
8054 4506
5545 6471
7337 4042
2318 8107
1643 9738
4695 3591
5266 4203
9563 2777
5608 4577
5094 1732
7324 5276
3458 3133
7382 9418
2956 1574
8486 3354
7077 2137
9956 9245
5754 6213
980 8468
9969 3665
1790 9505
2966 9171
4669 2649
6698 6283
801 2760
1053 1929
2533 9963
9380 4740
6234 8628
4895 3714
27 7423
6255 8193
4065 8397
2587 5360
3066 9150
7987 3238
6489 2209
7586 2665
9628 4432
9458 8042
3601 8527
7305 7081
4354 399
7273 4276
5233 8446
2473 6133
175 6512
2445 3182
6887 4060
7171 8285
7785 4572
2806 5641
8557 7798
6729 3888
1660 3257
6778 2469
9422 4304
4800 457
9108 9892
7922 727
4250 9444
6971 388
2864 9788
5085 8030
9116 972
7592 4384
5188 5153
7535 7147
5702 1847
6017 3665
4301 1016
6547 2433
8423 2627
9330 7581
6238 1305
4843 9557
3144 2500
4282 9898
6010 2084
9222 4228
4981 5326
3848 8065
654 8041
1762 8772
6781 3395
2481 2192
7872 5205
1796 548
7127 96
1375 109
3664 3819
267 6850
5374 6690
9686 9328
3853 4100
1408 4572
8482 7385
9573 6678
7820 1487
9455 5002
2423 645
6477 9786
7509 1860
9533 4018
5318 8515
5453 6345
5004 9896
8419 7185
6927 8036
2816 167
1282 1845
7821 1982
7695 2660
3923 4874
8408 4402
8280 281
7979 3093
5951 9861
1497 6199
4373 5339
5642 4267
5752 2332
9224 3798
7389 4130
4659 5818
5206 4230
3078 65
6706 7520
9573 3802
5579 6318
1366 9135
1389 6558
8673 5617
7230 3504
3762 9593
9202 5701
8851 3637
9048 7220
2268 3201
6985 5250
4126 5296
2193 1895
1335 7462
2535 9737
6112 7576
410 1519
6174 4369
1596 183
3363 7115
7643 1664
3278 1909
3198 3786
2649 6725
7467 2378
5013 2356
9905 5542
568 9927
3354 4155
79 7404
6838 4655
3405 2888
9801 3800
869 6513
7619 9686
6604 552
2666 864
9698 6416
7479 2738
6272 4545
5493 9502
7104 6244
9336 9154
5017 7443
7811 3741
5231 987
7114 4567
5783 1729
7118 894
6575 4438
1631 3658
3599 6708
2412 5046
6100 4330
5951 6422
9864 2786
6447 2833
1440 4886
452 8946
3994 677
472 3677
2348 9347
9282 5813
2480 5302
7487 2202
1741 9694
6815 5336
1320 890
5261 2569
7070 3985
974 8618
7127 9623
6221 3514
5239 7914
7035 7145
4674 1460
1815 7513
6179 2730
2083 9170
5071 5562
5965 4347
8243 2715
5183 2771
8182 633
3532 480
9883 2632
2656 4867
2986 2378
8904 2460
7066 2415
4491 3037
167 8567
7641 2237
9301 2770
4238 2219
9327 5797
4835 6230
419 7061
6300 1420
478 9447
7686 932
4771 2309
6148 1443
7144 6283
2895 21
6342 5366
157 1934
9339 5519
2969 92
3556 4727
4017 1675
1398 7889
5755 178
902 8705
9242 6611
4306 4932
2007 125
7281 7312
5933 1761
2621 3173
7607 6250
9320 2774
1520 4818
5511 3874
392 1814
6704 9371
9626 6758
6786 7046
2994 3540
8754 9272
5494 3641
6281 5369
3298 1556
5739 9106
7168 178
3289 2117
1936 9877
2880 1689
4833 9040
4663 8300
7260 2921
8026 1902
5817 781
4108 4556
8711 3173
8997 4433
6566 639
7503 5509
7725 8740
8596 5586
84 8248
3518 3149
9724 2323
2832 2264
8719 3033
157 2948
1492 9957
9653 7632
9375 5818
3888 1147
5921 959
4228 1969
4634 442
8914 6920
1974 697
1944 2920
4032 9233
6403 473
9893 3156
4692 6390
5197 4985
5035 4923
2561 1396
8402 3892
7830 1860
4322 822
9659 4422
1476 7631
5700 4760
3570 2126
7627 3342
4861 3616
1778 9101
1055 4605
188 7909
3510 4326
6498 3119
1680 492
2307 8318
6079 5875
4907 1224
2165 9137
8060 2299
4694 3969
9230 8975
6465 3552
2144 5407
5346 2991
126 3997
9058 4704
4065 5752
6356 1170
9036 2815
6000 1242
1247 8724
2623 8452
4141 9130
6036 8663
2604 1348
6401 3657
9115 4047
7448 845
2771 3856
6309 2378
6030 748
314 9803
8318 1753
724 9558
5950 1542
9167 7068
8423 3761
2413 1789
8281 1462
3236 2765
2156 9860
9646 6364
4323 367
5587 4055
1777 1547
4026 2332
8413 6721
6916 324
7814 3280
5059 2623
4544 228
9564 9448
6479 471
9753 6611
4724 832
8114 3428
8138 4688
678 1202
7511 1557
9128 4609
9411 1928
3247 127
6703 8559
6145 8560
2928 6912
6955 5625
9154 6589
6283 4180
6223 4278
1384 8539
3406 9016
8924 2865
5599 6522
1337 7789
4993 3594
2543 2527
8970 5196
9621 4519
3125 2357
6808 4415
5013 3837
4471 7655
1626 6616
2356 305
9933 1078
6091 2639
5330 2052
7677 1157
4063 2762
6290 5737
7500 9783
1045 828
3334 517
2617 6618
8184 7117
733 6340
3087 3269
1722 6705
7988 6684
1388 4056
9494 1795
5143 1035
9729 6653
7298 2859
2027 781
1168 4583
4798 1382
244 6184
6028 8338
837 9816
7546 6609
8771 4819
2860 2301
5077 2788
396 3285
554 2181
6320 5104
1357 4491
9005 5925
3422 6650
9353 3490
4877 5359
6695 5017
5986 276
2393 9223
2323 9387
1159 310
4706 3756
5631 722
7986 9710
1734 8125
3405 4961
5693 5737
5990 2317
7344 300
7642 7462
6005 5106
7167 4688
1621 1917
6634 289
1040 9227
4948 7611
9779 1360
8423 9869
5000 6309
2420 3555
6521 4469
5973 5009
6934 9971
5349 2936
6599 4617
9922 5466
4067 5732
7321 4495
6032 4506
6461 8704
8630 8477
9116 7962
8286 5289
69 3289
3440 2866
4801 2694
9493 8622
7161 7251
3690 2074
6266 2005
4038 7138
8815 5117
7003 3812
5305 2721
6364 5811
2062 8290
6818 6246
851 5517
4707 5926
6825 3136
9046 5808
333 1097
8592 1144
7134 9605
8581 8719
886 1574
4145 272
8643 3037
9033 3488
5825 5515
450 7401
3923 3233
6241 6741
6228 1438
2911 9008
709 836
6703 6543
3965 197
8866 8191
4881 5682
6915 5150
9095 5426
4819 230
7521 5045
8475 3466
8853 7735
7669 858
124 2289
5638 6196
244 6900
5195 4049
7920 2691
6813 5897
1490 7830
1783 1667
4661 5921
8094 1680
5105 4240
4757 6568
2420 6424
8892 5717
3833 1344
5843 8900
6496 4212
6158 4711
8785 4050
7565 2620
7488 2257
7257 3407
5704 9910
9745 5260
9041 3832
3529 1728
5112 3884
9594 4798
2991 7794
8008 8909
9377 5623
7775 8329
2342 4761
5083 1690
1074 9855
754 8044
4915 2673
1252 9569
2855 1495
7122 2292
4179 1850
2923 583
5377 7133
5034 2858
4370 1417
9024 9125
2006 3620
6952 9550
4151 9717
9681 8491
3812 7547
1724 7470
7363 3644
7022 7515
9023 3539
8782 3562
6691 6103
4184 1533
2812 463
4489 448
2460 8908
4824 1155
5786 4950
2812 7144
8640 3105
9524 1202
3418 5004
5000 4800
6168 3825
3718 4707
6075 5354
116 5383
7225 2933
7887 6250
2099 2405
4182 6010
9795 5084
4484 5185
1824 5440
6909 5521
2754 9511
960 1579
9022 5362
7763 5698
9149 4271
6297 5933
6783 4249
8323 1605
5464 4503
5935 5171
3351 2038
8521 1440
686 8365
6981 3187
7494 3443
5823 5524
3005 5193
4474 5112
4639 5036
5499 4762
5603 9249
5829 2013
487 9854
5984 2301
5340 2904
9393 852
4068 530
9429 5470
4613 7005
1770 1137
5865 2874
1098 9226
8858 5654
6890 1441
9218 5142
8307 4876
2106 6046
139 4947
2403 3380
7161 5467
3643 3476
4607 3668
5121 8319
8656 3160
1797 3835
8541 4899
5321 3505
398 5063
8897 2468
3824 4576
3517 1386
3499 3095
2988 9560
7111 8247
608 4765
6525 2753
8332 9721
3790 7444
4115 3857
6137 5417
4534 8536
1144 1892
7794 2763
9939 4134
9556 9171
5658 5275
8601 2568
3371 9976
487 9291
5642 3466
6108 4922
5542 5185
9541 1621
2164 6880
6360 1387
124 4814
7281 8491
5828 2280
6504 6764
2765 8603
4153 1358
6284 430
7769 4000
4335 1371
7561 2659
7523 6339
1373 4293
1953 1341
8379 4948
5387 4650
9912 3082
8423 5814
8117 8102
4186 3727
7263 4169
105 4814
5969 166
7570 2456
9648 6949
7103 2841
6632 1944
5297 5106
8679 5775
2369 622
1421 1866
5824 1361
5584 3186
5905 123
8568 5535
4688 6575
6553 4359
7581 2995
1751 2680
2606 1245
670 8584
9883 7318
8598 3464
5170 2041
1630 5773
4737 5420
5530 5730
4660 7537
4517 9703
5947 771
7567 5289
8488 4845
8019 5678
5152 3834
8466 6138
3203 9025
6498 5754
5640 9515
6103 9276
2430 1490
7717 1477
6164 3105
3562 6370
8732 3786
7238 5499
5179 5220
6553 7611
6284 5766
7231 7446
7141 1631
5496 8051
2054 3575
6043 7137
6577 4069
6974 4034
6636 7502
1012 6123
