5385 6120
293 4831
3125 7132
6790 3660
6251 5072
1005 9503
3363 1527
4496 7010
7886 7912
7096 5163
8653 5052
5852 2967
6660 2503
4165 1397
5632 1243
1661 3922
9062 2892
8322 3985
332 7918
6211 2267
1921 8693
7300 3888
5857 3841
787 4297
9629 4665
4144 3152
6032 9062
8196 2453
6196 2489
3584 7659
7342 5547
4543 2934
9058 4211
6343 4759
4078 3099
3266 2138
4921 4542
964 6302
7685 8545
3809 7261
3965 1730
3733 5545
4333 1259
3577 3985
3891 734
4383 33
1985 962
5186 653
9294 1655
8949 9385
7532 5046
8496 8585
4621 5719
9322 4871
8220 3088
5370 1642
805 2759
3677 1978
7653 4289
3994 7692
5452 3926
2221 5412
6410 4044
9615 3323
2190 9854
712 6588
1997 4620
12 4376
1760 2578
8426 4217
7555 7896
7519 4001
8807 5077
9770 5304
8855 8760
7755 8744
7125 5422
4517 3918
6829 7266
2593 9462
5933 2370
3766 8565
2724 2446
4746 2020
68 9267
4251 5870
6095 6224
5772 3993
6027 836
3008 1158
2150 7171
7215 4305
4377 4145
5142 1876
3756 3303
6104 3047
6071 9286
1042 60
9198 6022
7766 5841
7106 5157
1159 6243
9864 5819
2699 3333
4502 4526
198 4744
8994 9117
6906 9040
7142 5753
4807 4673
3837 3089
1393 3148
6641 5093
4412 4897
3999 2513
6305 3423
2538 3617
8287 2924
3871 1955
8274 3808
4257 3302
4813 4423
1705 8603
6407 3699
4000 8372
7869 8863
607 1686
7124 3233
3707 391
4614 952
2408 1557
3411 1152
2967 9477
8230 2691
8156 2891
8590 2854
2059 9402
8994 3581
8807 9533
6379 2855
322 9668
7452 2774
7171 1214
4107 1794
8923 3148
7947 1441
1531 7790
6819 1406
2571 393
6741 5687
1686 2825
7238 8299
6048 4417
4248 6878
3551 7704
7318 4508
9312 4020
2880 1385
1087 551
6197 5421
2728 3057
6868 2996
7699 1841
4986 958
3786 8137
2324 3647
6771 4869
7970 2978
7554 5135
1159 1744
7355 3348
7793 3876
4230 651
8341 3824
4152 4258
2596 2650
8891 4642
1580 2676
684 7265
5570 2936
6029 2696
7004 5112
5259 5258
3976 6140
5134 10
4144 1931
6190 5129
7774 5560
1001 6504
8964 6818
4535 1529
6546 4620
8161 2787
3251 9648
6353 8655
3611 3395
7353 5014
7367 3866
7769 2677
7743 8812
8010 3185
5110 2030
6462 1135
7026 2754
7270 3380
3350 5430
4701 4836
3375 8492
9191 2413
6414 3166
4823 6259
5756 1768
2787 9490
3617 9868
6324 2189
8094 3039
6949 7876
4742 2249
1228 3038
4426 2129
954 6441
1259 9112
8664 5492
3510 1110
7369 1264
4059 4443
631 8682
9990 2329
9565 3534
4048 1544
6985 4572
4041 4165
4784 4438
6971 3096
6034 4206
3137 2302
3691 1693
2086 4702
7329 158
7745 5585
4567 7226
658 3629
5001 5617
8767 5229
275 3519
6365 2890
8095 4916
7513 4417
3269 4915
2309 5547
9726 8546
2609 5579
7377 1603
4924 2108
6342 4685
6713 4597
3484 6681
5300 674
9021 8320
2958 2550
4740 3195
9501 1495
8485 3916
8489 5198
6016 355
7468 450
6071 5660
4647 9913
6697 2150
1064 5498
4482 4741
9407 5624
8029 5972
5502 3144
4838 9251
5985 7313
4047 765
9972 4535
2013 2385
3735 1810
5224 2727
5465 2853
3003 2306
5920 9669
2278 3707
7229 8175
5166 1101
3997 1968
801 4198
9229 7321
9998 4385
8028 4592
8254 4755
8940 2608
4958 9967
8858 211
7398 5099
8310 5101
6841 4773
4629 2185
7430 4349
2938 6768
4856 1037
6681 9451
741 8361
7141 3465
4425 1079
1741 9379
9112 2319
6275 3170
4447 2415
8711 2878
9116 4504
3950 3037
6035 5440
4372 4078
5590 4644
5733 937
7170 4925
9809 3564
2791 1622
7441 9705
4269 1626
3555 4434
5716 1234
6574 1753
1384 6494
478 1404
5646 9513
513 7140
7103 3945
3866 9472
861 2782
794 5847
7496 5453
7727 2905
30 6762
4516 3137
7890 7478
5260 5132
4181 7088
7146 644
4440 3901
8456 1330
3282 1171
4597 1261
4190 2743
4151 2343
5625 3280
3900 3929
6289 7152
8313 6241
9969 5083
6598 30
8928 4299
7635 5917
9520 6834
7152 1190
9838 3962
5136 1696
7971 5314
7664 2533
4604 374
6213 4883
2533 3159
8665 2878
8019 1714
4444 8643
9107 2207
8662 5612
5593 6077
5945 9125
5569 1555
644 3003
7057 7122
4455 1311
9917 6712
6333 2332
9414 8486
5384 3580
5823 15
543 9229
3888 1349
692 2527
150 258
5418 1543
6641 3207
9514 472
9127 5545
29 3122
5540 3720
8031 5579
5607 9637
3085 1905
9881 5082
3639 1524
8280 433
3515 442
738 8514
2199 6772
9773 9605
7571 6394
3549 1343
6297 8636
6617 5837
6641 861
1269 8680
8072 6123
5204 1016
6857 1281
674 7423
6037 724
9012 5176
4215 1669
5072 1655
9739 7347
3542 557
3383 2901
488 1038
212 8602
5695 6478
187 9183
8977 3991
1018 6042
579 9527
9404 9348
8942 4707
8085 68
7870 6001
6057 6192
7493 2896
8495 2526
2710 1316
3425 624
6195 6507
780 5617
8101 2263
6805 2235
350 3031
4814 699
5315 5002
5664 4890
3977 5157
8237 3026
3793 4173
5634 4117
7002 8563
6744 311
4070 3929
8026 8477
1091 6533
7904 3267
4022 1265
4743 2602
7457 4124
4478 1395
8461 3077
7065 4948
5567 770
5558 2787
4236 3853
5201 2778
1285 4081
5940 8450
6565 5915
3087 8310
3342 2938
6887 1090
4574 1718
9263 8023
6051 3335
7469 2943
697 6247
6952 3736
8956 4982
5739 2165
3863 696
7449 3230
8925 6306
8807 1741
4141 1872
8825 2377
9074 1447
7293 1899
9040 2437
1437 5584
5531 2401
3005 9826
4296 2276
6271 2821
3341 9488
2309 4731
7461 3819
6850 1450
1544 5193
9016 8882
713 8154
5268 4134
5881 6692
6584 6929
9870 3838
3889 2796
5499 8060
8193 4420
8728 6650
5505 7874
1619 8462
7138 5766
6413 7842
4866 3951
5084 3127
7329 5748
7864 2645
9123 9021
8304 3734
8904 2301
9245 2451
6465 426
7410 4015
5580 4462
9564 5465
1841 9599
8519 2841
7530 935
6564 3851
204 2404
1254 4963
7328 6807
216 7711
6669 3495
1868 9588
1694 5500
3251 3168
5870 895
5107 2041
4742 6229
8132 1798
5777 1606
6536 5716
7691 1009
554 5612
9483 4816
1050 6602
6402 5752
7350 307
1566 5966
5926 7220
3898 1824
4059 3993
4350 5597
9896 6073
6561 2892
8199 6784
4991 2890
7165 2741
4317 9212
7176 4965
6048 4441
7621 4714
8216 722
5219 6725
1263 716
2676 2132
9247 9046
4194 3664
4174 1620
569 8112
6180 1335
4531 7227
6194 4122
2192 8620
8342 4595
2318 7155
7018 4685
3406 701
7942 8453
9623 2364
5794 2058
3495 5590
4796 1495
4627 640
4728 5152
8401 2587
1164 8155
7084 1224
3471 9173
1265 6746
5115 7520
653 7301
9000 2214
6056 5333
3695 6150
9827 4880
6282 6319
9307 3273
5992 1907
6019 3056
6482 602
5314 3914
3274 9167
6736 5973
107 6616
7269 6207
5773 5107
9285 5477
2969 2645
319 9360
84 7248
1334 3596
1063 2953
8470 6167
6791 22
9063 2660
6041 4140
6114 5558
9427 2155
2877 1716
5031 2003
4310 257
7566 5280
2859 1438
5655 2621
1631 8406
2266 286
7670 2713
7811 7298
7820 5806
7305 3374
62 9982
9153 7262
6178 5290
2696 778
6282 8645
5280 6800
4539 8114
4791 3045
9914 6802
6627 5418
9891 4603
5564 3297
9603 2250
8871 7139
747 263
875 4204
1513 3408
6014 4378
9825 6356
5235 9106
4443 1149
4750 5650
3615 5756
77 6825
6845 2441
4862 2709
2573 1974
382 227
3801 2584
2675 7763
595 1274
621 5613
5404 5738
4831 2578
9845 5488
7186 5250
7271 1273
8291 2232
7824 3700
19 9830
1503 5070
2099 1272
8392 5289
6736 3823
190 5138
3875 4762
5878 8258
5398 5555
8569 4958
6732 3480
6026 2500
409 8416
3337 2728
9661 6467
7551 1267
9076 7799
1033 5161
5805 6180
469 8057
5987 2809
9983 7542
9772 534
5861 6754
8301 6841
3494 846
293 8770
2137 8078
5693 1544
6295 4996
5941 712
4528 3168
3334 3862
9278 5251
6469 459
7085 3351
8661 9749
6840 2617
461 891
7122 7290
8128 883
7591 944
1173 9584
1594 5556
5602 4027
7266 9226
1456 7837
251 6127
3146 8398
8008 3483
6292 4101
77 4024
6160 3244
5586 7996
3415 1060
6045 1191
2728 3391
2316 594
898 3121
8766 4595
5858 2533
8367 239
2538 5073
6414 4557
1200 798
6629 3807
3347 4982
9768 8282
6032 4082
6034 7426
932 5598
9279 3745
6001 5973
6094 1963
4207 7309
8290 4728
395 2742
456 1589
1785 6569
6386 2894
8662 6814
6428 2253
6667 5653
7524 9740
5286 3897
9185 9106
9740 4898
6104 1231
5973 2468
8012 2360
7826 6062
7890 6455
3410 8928
6487 2545
5443 3821
2784 6027
8683 2420
6265 6818
254 5116
9884 1887
137 5205
4233 1165
3442 1947
8322 3582
9599 1116
8367 7934
2852 541
6656 3792
4275 9878
7435 5479
6827 821
3097 9613
7092 4093
5769 5131
7132 2854
8584 9774
4845 2302
111 3876
7166 3670
1772 2388
1180 9603
4031 7158
5520 756
7788 3015
7827 3989
3403 9432
2450 2079
6452 1410
1378 3553
9364 7346
8881 6820
3571 7066
7649 4253
7154 784
6626 3782
9977 5367
8466 9615
6830 3777
133 3648
4640 4921
1081 683
58 5280
5421 1141
5961 6747
7068 2558
6273 2998
4346 2609
6978 6313
7380 7339
7571 3529
7098 6085
8148 4480
6710 2562
9467 6935
3668 1583
1970 5633
3398 5780
5709 273
135 8100
5814 3178
5748 9914
7360 4369
6038 4011
6889 9330
6063 4184
5724 4718
5426 2809
6862 9870
4907 5893
3118 8656
7208 2816
1465 4455
9559 988
5728 5102
3620 2078
5435 5374
8982 3865
2786 2526
6813 3225
5797 4154
9582 4799
5785 1556
7301 5608
5417 4049
985 5516
7511 3877
5673 4649
347 2376
4722 8448
8085 2163
8517 2345
2220 429
4150 3712
7423 9133
5619 4125
1872 9630
7953 9972
6862 1108
5851 9243
8232 4957
7899 8689
5454 9952
7481 4649
3071 8758
2521 9294
5918 903
8502 2953
2631 5984
6240 6515
7588 5507
8426 3228
9834 3168
8030 5214
7719 9144
8893 2730
1487 9689
6132 1999
1051 7172
9513 1132
3340 8142
5184 3917
7939 1950
5946 8675
8400 2573
6196 2959
4288 3227
5889 4348
3194 5994
3552 2255
7447 8168
8712 3333
2117 4055
4550 1277
9669 1500
4686 6162
414 1345
4080 2002
454 6256
6210 7445
6437 2877
7652 6852
7681 3352
3891 3828
1938 5931
3933 2253
9107 3166
4530 6115
9465 430
5475 8280
9051 3414
130 4596
8522 2921
3251 2155
7303 5657
730 1851
6203 9476
1928 7314
9259 5923
3962 9077
7284 4740
7970 6465
7711 463
4975 5338
2665 8366
5658 938
8718 882
5770 5429
8026 2726
6212 7876
2344 3966
3041 2057
6103 4442
2962 7542
4612 3601
4926 2565
5762 3066
8065 5017
5775 970
7074 8551
2919 8898
8396 6465
2720 2910
5688 2399
4583 4562
5136 4137
8857 7848
7552 8180
6057 2610
2666 431
8308 3175
4410 9222
8884 9378
2361 2720
9973 3451
6689 3991
1112 5168
6301 6655
5095 550
8628 5144
8163 1401
6644 7668
4051 1826
9588 4777
5238 5028
2010 2498
2439 7865
4669 4499
4955 1558
2832 4678
7530 8520
8531 5741
8019 7924
2945 8230
5475 5996
2558 7183
5507 4407
8283 9925
7491 1245
8700 1088
9093 2331
2174 8325
3710 2821
5133 3793
9928 6021
2646 3216
4938 2385
9778 4276
2615 5443
9132 1886
2946 4905
8063 8502
7722 6223
66 5831
6825 6758
5747 3462
6150 3932
3106 8691
6070 3185
7555 834
2386 4200
9024 5628
5450 5283
2041 6088
3587 1681
9290 2220
6783 5686
4909 614
4791 4414
8766 5189
8708 1306
6359 4492
4500 4387
57 7565
9401 4796
4418 9687
4609 1670
7264 5766
2476 3168
6584 3792
6883 3185
8139 5212
5822 9513
6305 7495
4618 7762
7111 3049
4705 331
7029 2601
9640 4525
9527 6454
8470 8465
5313 1498
9014 5676
8287 4673
5558 6406
8497 2188
6997 4496
6649 4307
5334 1148
4950 8212
5312 2823
6765 1077
7067 3773
3524 8785
5181 9987
8141 3428
301 4762
3710 1476
838 5375
4815 5665
1488 9312
3362 6922
1208 5322
5650 1282
7574 9589
459 7715
5329 9943
6281 2433
4666 9104
4916 6506
9458 4768
7546 3376
1279 7453
9793 5512
9048 4375
7451 69
6568 5909
1779 3346
1149 964
6351 3845
6337 5896
4929 294
4297 3501
9852 8715
7637 2825
6164 3875
7959 1155
6616 63
8116 5419
1438 8650
8496 456
2720 3230
816 4960
6134 4197
3602 8573
2712 3491
5736 1563
6198 3723
8060 6463
3513 6694
9822 5323
3242 8940
5538 4702
3800 2443
6049 976
6049 6754
495 3305
6129 3565
9437 6011
3109 1478
4696 9117
7567 3798
6877 5715
1962 8934
1420 2235
9796 2538
3659 4101
1767 8057
5064 100
3826 9876
5727 3153
9359 2951
3984 1948
5176 2376
6111 3673
867 6079
2014 7259
9733 7033
2932 102
8101 4118
588 6255
6309 18
4277 9110
9837 5549
6583 3259
2732 8298
2428 4131
5464 5524
5321 9676
8699 4045
3063 6039
5015 4651
8002 3213
6455 1654
6735 1937
5062 827
2998 1336
3939 7286
814 388
3978 2030
8112 5007
2372 9461
7028 4935
8020 6995
8574 8372
3623 7022
7241 3996
7630 21
4620 5261
6504 3473
9995 9382
5786 3193
7702 2520
5572 1018
5577 984
4053 6382
4836 5187
6411 6399
7907 5518
8364 6288
8258 3497
6245 3334
2471 520
6710 6997
2774 292
3361 5458
710 7110
1458 5283
8769 3605
8413 1426
4028 9829
2841 1406
6383 5411
3123 4359
3554 3679
6422 1961
5755 860
219 6913
4714 3602
7106 1955
8102 7320
4279 3790
5703 4232
3370 2667
7056 3531
4806 3721
3341 654
9295 3777
7527 2887
4125 7380
8684 770
9491 3688
1771 6021
7204 8277
4672 9913
1410 2106
1582 8714
2791 6342
765 6011
5228 4883
4798 3200
9824 5181
2841 2672
7699 2562
7424 7647
7234 3694
7096 871
2715 2978
8094 6538
5495 8875
8470 4165
429 176
7547 5502
2673 7527
6927 3250
6451 23
7909 7023
5445 4035
9881 5693
1480 2407
1675 288
9478 2944
717 5539
2076 3112
32 4682
5158 222
1387 6273
4354 805
6449 4384
8677 9496
7621 4462
3963 2497
6431 2566
5163 9690
3321 1681
1678 5667
4823 5606
1721 8634
1635 4393
5303 3699
3752 9897
574 18
5919 2619
4323 709
6916 3110
6854 6167
5921 3110
7576 4431
3425 9215
4827 593
8689 4343
6002 2509
4184 3525
3799 645
1955 8842
4011 1876
8250 4152
6739 4236
7891 3167
5200 7519
9417 588
4353 938
5027 2609
5736 4726
2694 6148
7526 2894
7323 3060
7993 676
2506 3324
7303 6385
6468 6603
2076 3596
5965 798
4994 6754
5780 2330
6490 5495
3644 1422
6670 7002
4040 2670
2352 3
8430 3278
6619 1560
568 7513
9077 4437
3293 1200
1455 7305
8321 5622
4936 7953
5278 483
3554 2180
6564 546
3631 1460
8206 7743
7684 1251
8088 2912
8311 8402
5397 1867
1879 7610
45 1442
9518 8092
5662 2436
8643 8274
9742 2095
8740 1382
2292 6467
3442 8210
8994 1118
6478 3632
5425 8881
2515 2868
4268 5930
3977 6046
6255 3331
6740 5066
4652 9339
4156 1667
5281 910
6335 7232
8416 8087
6090 3937
8938 3324
6795 9059
6531 5077
4930 4364
1016 2144
7257 7054
9061 6140
7786 5152
3179 3154
3821 9568
2365 6433
7361 6473
1177 4843
5369 4118
1736 3229
6857 8108
4209 3413
3769 4044
2703 2672
3743 3726
4514 3460
8092 5236
5643 1244
4662 2311
1920 3696
8615 3592
4411 2994
5853 8903
182 3508
4052 1600
6211 7299
4602 432
4389 59
1930 218
3221 1937
3959 1149
1524 5952
1234 7016
7323 2258
6690 4975
8548 3394
6597 6324
4629 9201
8426 4865
5598 8425
198 6462
1946 9180
4056 1202
2809 1970
3096 4278
4888 537
7048 6726
9623 2720
5654 5180
5502 1519
7976 2126
50 8820
7844 2989
5545 1566
4317 4104
6664 4112
8460 7315
8659 5538
2401 841
8073 2588
6004 9700
5100 6175
7089 6655
9967 3590
6479 6731
8064 5221
4840 9784
2571 390
2793 2389
2923 549
6492 8592
5588 903
3679 303
3362 2811
862 3872
7601 5761
8785 6185
9080 5953
2417 1765
9329 278
7227 4616
82 8312
6790 3303
8089 2173
6525 8481
6854 6850
7896 2123
4960 1540
9345 7317
5482 9758
1354 2096
7616 4963
5656 3494
8315 916
6952 5328
9253 7435
7629 2129
7014 9998
7097 7372
8955 6200
6153 9898
5350 2112
2975 8012
7420 3303
9830 2793
5708 5877
4254 6495
7878 3134
3673 4643
2259 7814
5952 5864
2694 4593
7133 2464
7213 7331
3056 3633
7963 1084
9848 5262
268 6771
8072 3651
7643 4520
8709 7469
5618 1759
2511 3689
9260 9823
4389 2352
127 8345
5476 6141
9982 6695
2606 2422
3323 9647
1435 8841
7525 7395
6925 5444
177 7119
4794 716
2125 6664
8136 5742
5435 892
1177 1083
8467 2580
3279 4850
6953 3004
3708 1357
8579 2003
4249 3252
9450 1150
9025 5882
9361 5422
2116 3847
4872 2971
3770 1942
879 2822
6436 4619
9965 1515
4593 7348
9723 2247
6923 2379
7586 6744
6792 5831
3645 5968
7130 2412
4377 4462
4130 1961
2773 2103
8530 9587
8909 4888
4628 2466
1369 1001
6041 9989
412 7529
4636 148
7810 9382
2701 7632
2273 1672
7929 4989
5723 1542
3047 1215
5969 1683
8424 4702
9543 9347
8987 3882
2572 513
1239 7199
6543 1991
4765 1811
7944 3841
539 9304
3940 5525
2107 7624
4705 5328
687 6434
4704 1427
1529 7769
9412 5988
6362 9355
6361 2974
8272 1289
1174 6000
4825 1573
2160 2158
5276 2757
4590 7305
802 7296
9499 4191
7909 1767
3427 9792
1910 5515
8192 4944
3831 9881
4253 5031
2990 1839
570 6356
5614 9703
7180 924
418 9791
7939 9845
9122 9550
6465 9173
1077 9054
6861 2757
7327 3459
365 6782
368 2098
2169 2341
4528 4947
3113 1392
6810 4108
6137 861
3663 6905
9120 1116
1347 2125
5666 2673
5058 2179
3955 9902
2632 3275
8095 4736
6714 4521
6445 5708
6321 2869
1920 3420
3027 4564
6917 4620
4229 3910
3754 1402
4124 5285
8964 1743
2219 454
3616 1288
1784 7207
245 4340
5539 2051
9160 5595
5283 4346
6812 1012
8150 1531
9213 5229
7893 3861
7016 4082
3341 3456
4271 8314
7740 6062
5746 3060
3778 8561
7599 2861
5004 2422
8815 5160
3462 1243
6259 3437
7347 4302
1726 8936
5920 7009
2027 2368
6816 1633
6973 5409
7840 4091
6926 5068
4071 1966
4719 1513
9878 640
4813 4409
5856 9095
7309 9415
1630 1505
9690 4461
3600 5126
3158 1775
734 6179
4659 9311
7918 5974
6599 3253
9683 4723
6325 5988
8398 3429
6287 2614
8005 7784
2972 7484
7834 4146
7914 9508
4306 570
2822 491
9808 265
1543 4753
9195 3305
3460 598
9973 3078
3748 2642
9010 2127
3572 4631
8621 854
6394 6217
2846 6827
4444 2201
1863 9956
4514 6583
3443 7082
9718 3912
5973 5814
5363 8514
2481 3967
140 326
9103 4776
5714 4656
3080 8347
7327 3128
3023 1168
4443 4429
4992 3439
4191 6837
2796 5555
7466 4491
1753 2626
9637 3779
6793 5674
552 3424
48 3891
6095 2254
4909 1720
8421 1336
3600 4828
6331 7342
2677 2458
64 3462
8353 4026
1796 2974
277 7218
2763 1414
7711 9254
1812 29
3487 4254
882 9692
6169 2031
9433 350
6320 363
1337 6071
6349 6019
6244 3522
9736 4817
1188 1369
1388 8862
1159 3297
9801 4394
9876 6145
9713 6267
6664 2131
4738 279
7934 4959
4337 609
6844 9008
1712 1496
5754 5213
5669 4760
9962 8139
9277 7133
5284 4769
2533 1379
6327 3125
6058 5066
3006 1599
7163 3805
7226 1875
2950 6133
9301 3410
5487 7959
8721 2606
8075 2989
2209 2688
3069 9733
897 7182
9745 1357
7531 1958
7842 3806
6991 5248
2265 4574
2200 5119
5157 3924
6304 5858
6908 9908
6332 1410
7899 4870
7056 4559
5298 8329
1239 3805
2402 4435
6259 6237
8546 9641
8690 5750
5108 1788
3174 9094
9513 5005
6344 2036
2630 4420
459 3442
561 6836
8018 1277
8370 6539
3712 524
2693 1070
7827 3896
6837 1122
4597 3132
2522 3174
5744 7466
1728 8762
2641 4442
5909 5849
4252 4710
829 1645
4744 2140
2767 731
9566 6686
5226 9611
6797 6131
9569 833
3355 901
5011 2075
6931 1930
9322 1630
2823 4949
5129 3033
5970 4632
4455 3205
3074 2990
3698 6115
4648 2437
7564 152
8691 5295
316 3087
5965 4967
9106 406
6604 344
5028 5174
8593 3304
6878 8168
7010 4037
3083 2027
6832 1556
8627 5023
5115 8296
8994 5045
6465 6574
4091 3134
4307 3841
7157 8113
6044 4594
6255 4140
6602 3201
6710 5852
6841 9490
1258 873
5359 4756
8781 8320
9530 6080
679 6795
4913 5578
6777 1597
5040 2272
5251 2455
5811 6319
6603 2728
6496 2602
6994 5359
3434 1565
3827 2134
6328 7075
5188 9201
945 7071
8878 3836
3276 6726
7024 6815
6692 6225
2127 5621
6787 4247
6082 9270
1396 4468
6557 4316
6333 4422
1517 7238
4648 9723
6790 6095
7392 6429
9855 3265
5105 8012
5976 1826
4385 2704
5406 5465
1887 4449
7503 3263
5791 3357
9560 54
7329 4544
205 5590
1179 3315
3837 8469
8256 2310
6661 6107
4635 1395
6537 149
1350 923
5865 659
6533 3153
1207 7821
2165 3881
8009 5183
9141 6271
296 5160
4938 4177
4568 5398
148 8443
7715 2112
9535 8870
1722 2673
4659 7242
6252 1306
3671 951
9158 3327
2543 687
1875 6415
4161 549
2507 3128
3497 3687
7271 1025
9684 75
8700 3351
3491 8604
6874 7252
5485 5864
8074 3828
9786 8609
8469 1505
6408 1823
8658 501
2689 5212
8372 8891
8609 9621
9087 5984
2589 4307
9443 5502
1674 5090
8266 4708
6183 2235
528 1623
3390 1094
3262 1174
6739 6016
1350 7064
1724 7162
2488 5343
2467 3005
9742 587
3285 748
7926 6451
6986 9505
255 7099
3104 327
5861 499
962 9584
9839 6154
7158 2414
2112 1092
1495 6148
1692 8791
7335 9774
6772 1295
7441 9792
233 9151
5395 3301
4898 9585
4166 9550
5794 4767
3111 3498
4142 1465
3026 2716
4898 5649
5539 5825
1181 7241
6875 2182
2457 1661
1367 606
5141 3048
4978 3399
4977 1368
7342 9912
5767 6219
7827 8263
2817 8999
9274 6623
2745 3232
6952 6379
9593 598
4509 6977
1134 7924
7986 2514
2984 7980
3748 2863
6431 5072
3485 3801
7230 3210
2942 2061
253 74
9182 5694
6836 7457
4157 5398
6725 5554
8119 1587
7251 874
1912 1322
5225 9668
9956 9294
6127 1254
4844 299
5682 4516
4054 4869
7563 215
3810 1210
2670 6454
7518 2687
7904 2085
419 7582
7840 6759
6232 7319
6815 92
9154 5609
8290 7490
8168 2805
9319 6728
6490 2861
4832 4912
839 2777
704 5850
5053 7769
84 4601
4503 3918
9273 8045
3081 9709
6488 721
2872 1313
7593 2838
2703 3490
1401 450
4365 2492
9989 6451
3251 851
7748 502
2389 7208
7228 732
3413 998
7380 600
1155 6517
2810 4906
