1313 5562
8768 2288
9046 3019
6698 8910
8100 782
2705 1707
3276 6892
6168 6880
7935 9382
1685 3340
9171 6555
9306 3216
7570 738
6266 4153
380 2891
8644 6400
6222 4757
1201 4840
5209 5346
1810 3721
6338 129
9164 7225
9271 7437
7450 534
4804 9089
5194 5748
8570 2285
486 5882
6761 1629
4956 3481
1915 9786
6539 1961
5520 2098
2389 1685
9097 7027
4528 4696
4270 3943
7180 5260
8756 2124
8213 564
8086 8974
9741 3916
6919 3800
6845 6969
3672 5161
4508 329
7052 5461
3797 3206
2878 1853
8625 5617
8770 2445
8655 5725
6780 5941
3405 323
9482 6177
2142 7977
7855 5412
9860 9134
7906 3916
7938 7432
9552 5454
6556 4857
3742 1936
6510 5415
8787 6182
8998 9892
908 8225
1527 5610
6626 4463
4074 459
5909 3096
4313 3859
1032 11
4067 7101
8806 3427
8078 7792
6993 7639
4116 6993
6598 8129
9927 5000
732 6134
2371 1397
6733 4381
6887 4439
7494 2902
2368 8827
7191 8234
3313 2553
3467 396
3859 1860
1711 6082
4368 2640
2400 413
7318 1400
3475 4085
2533 2339
5393 3686
1147 3357
8662 6513
604 9116
7040 1433
6217 3840
1138 2490
4495 3969
3700 4409
3736 310
9179 7455
5895 3416
6588 2211
7680 4624
2878 6960
9625 9607
7737 9295
9475 6141
3391 3137
5175 1899
3140 4049
9854 4596
1693 1408
3578 8741
2518 7678
7126 4567
2505 685
8201 5270
7476 2879
6247 992
4818 7790
8797 8678
3775 5764
9966 2823
8934 6697
6727 3142
3196 49
4939 3097
6820 8065
4067 773
8133 4698
1068 9735
6375 8697
8442 4550
7286 4453
8584 2913
9851 6261
4462 9295
6167 711
8237 1228
6512 2435
4831 7966
7878 1704
7036 8070
8018 143
5840 5685
9004 4295
1583 8236
8164 4169
1350 8522
7665 3173
6444 4079
3093 279
2935 9147
6470 8826
8751 8660
7802 1686
5880 8323
1208 2287
9203 833
7176 4787
2489 9182
7794 3259
7384 4407
7401 5170
6664 9981
7729 7336
1525 358
9065 1887
5287 760
6086 7035
3973 369
5217 5799
4333 5636
563 5761
1419 3796
2308 3140
1076 9958
6392 4310
6930 7103
8031 4677
4908 6217
9198 6064
6534 458
7741 5890
8278 2302
6482 2891
250 8540
1375 2153
4419 1186
5824 712
3375 7566
5399 1737
9377 2660
6627 2384
6090 193
5747 5452
3631 2424
5635 5885
4109 3891
9039 6313
1849 7643
7308 5082
7119 6723
2696 4546
6355 4261
7988 8749
1096 3469
5853 752
4343 4853
75 4765
1659 3731
3663 5243
8322 3526
4823 2866
5637 4511
7913 8431
4018 7951
9528 5960
4993 3133
3124 5724
4738 4075
898 2973
6286 4812
7908 3778
7863 4530
6423 4000
3589 5414
7085 2133
5734 4421
7978 4745
6255 4272
7985 6627
4448 1096
5560 6519
5368 8155
2441 2813
8071 2694
3772 9443
3341 7536
8233 3021
6318 5910
3960 2854
2501 999
8418 9375
4667 6099
6295 3153
8099 4374
1870 378
1679 6705
5234 1078
1008 6994
1340 1088
1068 2206
213 1283
3738 2904
8326 9498
5322 2624
7935 5183
5550 6689
9887 8368
7950 5720
4890 3003
7313 2884
34 9804
5364 6943
3829 1337
6358 6898
1040 8272
3726 5903
5191 5331
6965 7018
6549 2673
5517 3515
6606 3064
7462 3543
8041 5959
8845 8234
4972 3980
8781 5589
9114 3663
8075 3477
4049 4234
3103 1058
7769 1335
2340 9028
3083 1753
9667 5983
4608 9975
9588 7496
2315 4919
667 4211
6307 3382
697 5551
3793 9353
5979 4340
5447 9434
7934 8061
4521 1168
7085 3160
2198 8427
670 2909
4244 4157
9622 2920
3537 2495
2302 3380
4183 1932
6316 2914
5944 9458
6306 6433
3401 3882
5314 1334
5762 2513
4702 1221
8349 7377
1257 5752
5494 5852
7815 2079
9527 6860
1606 3016
6203 2376
7994 1263
1792 8741
8846 985
8908 9039
4241 3692
4552 4408
2253 8052
2170 5165
984 3239
8590 6779
8584 1106
9139 2411
4008 4020
6134 3831
3826 1419
6373 815
6261 2214
5541 7752
1221 7388
5323 4820
6345 7168
7253 9909
1325 1932
5317 2790
6385 5520
4584 3928
656 3122
4958 871
3631 9932
7869 3087
4760 6485
7005 3656
4406 2237
6079 2560
6463 4392
3717 4873
2875 356
4598 722
9313 5142
7917 3895
5435 5239
4152 3344
9888 2340
5776 6063
6053 1496
6304 3064
7790 3710
4737 2313
9118 3361
7102 1881
560 543
5460 2299
5710 3987
4858 4710
8915 5109
5277 5188
5851 7904
4799 3083
8433 2625
6000 7389
4513 4532
7882 9777
3086 939
8373 2058
6964 203
288 3969
9016 3183
3421 4046
1937 2952
2878 1174
4479 2561
2103 6776
9205 3347
5959 2755
5600 3231
4787 4254
7702 2648
5503 3527
4377 3044
7352 4341
3386 799
7961 3173
842 8468
7140 1489
8213 3245
6803 492
6011 3295
3916 1293
9648 8504
3831 9291
8416 9580
1619 2619
7965 8103
8979 3543
8131 4874
8912 5210
8301 5285
5368 3230
6463 544
1380 5082
5402 5703
4409 529
8489 8639
6596 3288
4816 2573
5568 222
4176 2923
910 7798
5981 9930
4944 4192
8336 2660
7472 4126
1532 6420
5813 5544
560 5241
9144 4670
3997 2628
7792 955
8419 5812
7697 1886
5226 9539
7252 7506
5336 3749
4991 862
5124 1800
5728 2732
6642 3152
2631 591
6094 7484
5326 4494
6237 2694
5158 7018
4884 3480
1284 6969
249 7162
1617 842
2441 322
6257 4859
8647 6586
6646 3508
9774 4261
2310 433
4466 724
8579 1841
3508 2189
6188 4652
8942 6359
4855 1853
6995 4192
4839 2174
2521 7791
2128 5236
9158 98
3828 4795
7746 1652
5380 3171
30 126
9008 1358
6113 2613
3744 451
4396 2363
1120 3926
4629 993
7465 5281
7812 1682
4665 5004
511 2686
5361 1967
2055 1324
3728 484
5756 9177
9579 2090
5331 7164
5042 645
9960 5165
8291 3414
1288 5882
9305 6661
3319 1489
7972 1684
5634 5108
7875 4869
8999 2310
7658 7235
8126 5125
6960 9184
8922 6492
3204 2297
5430 9743
3610 7680
3946 7486
3501 3572
6514 2538
5235 3008
9114 6927
3936 1056
113 8903
8940 6402
3998 9109
9706 6429
4459 1856
2817 9742
9610 4246
5415 2193
6761 6737
185 1199
6415 1899
9621 5460
4817 7427
3647 3374
5532 3388
7107 930
3062 2720
4309 2038
7009 7597
7318 7300
3458 8584
536 3649
8416 4423
3902 3111
4375 2248
5751 3962
1576 4065
9056 8661
3914 2447
9545 4130
6825 1365
7616 3472
5579 9368
3412 4388
7438 3551
4147 4348
5151 6153
8712 5445
5836 334
402 2350
2473 4818
2173 6512
2843 336
572 9183
3969 1164
469 2754
1758 528
4730 2345
8235 2002
3849 1513
2256 1936
6195 6431
2150 9390
1162 7034
4768 1410
7766 9781
3495 9130
7229 5641
4770 696
9676 5916
7231 7142
7860 3292
8951 1539
4890 5802
2629 5717
6535 6621
5693 9832
5013 2903
3222 8302
9584 7086
4024 6217
9417 2479
5388 4393
2136 7217
4027 8586
6907 643
9398 3813
2270 6170
9300 4330
5953 8228
2258 1586
7214 6886
7461 3645
2273 5537
7465 7816
3755 965
302 5785
5587 3942
7196 5296
8661 6939
4304 3215
6423 4299
1131 3659
3792 1908
7040 5170
4900 7706
7086 9603
4856 466
4339 6592
9254 4047
7586 4556
5942 9480
5528 4916
3918 1723
3630 6540
1632 4062
7926 2940
5561 6261
3354 7810
7195 2577
7482 6017
8076 3229
7091 3014
6594 1799
1137 2892
7709 3472
5834 799
4807 2802
7799 476
363 4932
3703 6242
2882 7298
3700 1923
8889 5588
7373 2210
6573 4521
4458 2504
3366 6364
4875 5416
4308 6846
3893 9636
737 6835
6831 3998
5828 4223
8056 4051
1766 7394
7785 4081
8338 3656
1066 5999
4945 1782
2189 7725
9738 4644
8880 6419
2614 8808
6807 4930
6763 2263
6264 3370
5217 2240
5035 2120
3067 8753
8437 7426
5006 5440
9793 2975
3906 6290
8213 3862
3595 4973
5751 4776
2743 1724
3979 1292
3542 9805
7688 3259
2646 9784
5417 5015
9668 4413
7116 5433
6902 3109
8132 760
3003 9240
4900 9865
9277 4118
8362 5688
8811 6683
5920 4216
4370 925
973 8386
3260 8672
9608 202
4115 7874
8371 4461
4543 7534
9633 4841
4309 4069
6203 568
5388 4062
4761 7613
2437 5602
7959 1749
6951 1630
7323 7280
3140 3889
9183 5400
3945 1284
7496 3272
762 4616
5267 8094
4142 486
3859 2678
6292 2789
2991 9772
5759 3049
8557 4421
8140 1917
4368 5300
773 7147
3274 8296
6491 6875
574 7346
1987 131
8034 7125
5400 5074
3845 4477
5760 6777
5145 768
6586 7795
5364 8390
7329 7579
6910 3574
7779 7815
3267 5789
6813 2329
2464 2024
4619 6966
6324 3449
5349 9026
6211 3163
1683 8894
4740 5306
5581 4982
380 6038
2928 9334
5010 3589
9855 2377
5241 9200
1324 2545
3935 411
572 5570
5878 9900
7335 9616
4827 4227
8794 711
8087 4116
6238 2106
5741 2203
7535 2965
6456 5712
7244 2264
2081 6544
4230 72
7863 9219
8529 6828
2969 8589
600 5344
897 3761
3518 1183
4411 906
9854 8051
4614 9753
8150 3390
1745 709
3015 9724
5244 5310
9964 6318
6257 110
7464 7528
2930 2940
250 4974
1330 3095
7894 4717
7551 6449
4522 3640
3588 3699
3140 8564
6104 2533
8731 1018
9855 2331
6670 6062
360 7325
906 3563
8738 7329
4113 2394
7222 5083
4204 3415
6190 3215
3152 1569
8261 2007
5240 7424
595 8252
4358 3100
8739 9481
7919 7267
9516 8126
3804 8441
3156 9043
3090 4339
4550 2632
765 4727
9381 9887
4647 2830
3871 9928
7683 5306
3658 924
7866 6968
9543 5784
2844 6040
874 3587
1545 8667
6117 4816
8417 4892
1843 8818
9260 7009
3159 4065
1786 8729
1994 2342
4674 3197
1615 8173
6996 4869
1147 8742
798 5556
4304 891
7358 2369
2323 3420
2802 1060
5058 1767
7298 7162
4591 9471
8283 1635
5141 1738
4771 1301
3525 8221
676 238
6672 1488
2817 5919
8057 3659
248 5389
7547 3557
7782 3576
5090 3799
2780 3529
2284 9598
6592 2848
3790 9435
188 8125
4463 524
6734 7892
1197 1643
796 2202
8113 9086
7222 7795
3662 5170
3148 8741
8233 3489
211 3534
9977 5864
6095 2922
1152 2287
4924 5177
9386 5130
8972 1469
1438 5353
6072 9736
5466 7940
4944 5649
7110 3281
7026 8800
9164 7008
9602 2395
6752 949
8861 411
4644 6821
3749 1804
819 2464
3411 4289
4511 2090
8174 3416
2230 1130
209 2275
3590 2305
4307 2360
5959 2072
9072 2845
4841 1098
2216 9533
7121 5137
4863 3337
2522 3080
8859 2737
3311 4323
5339 6155
9909 6990
7027 1045
4048 1583
7888 9861
3718 1528
4938 5847
2062 7152
5360 3590
1751 4141
2345 4471
6727 5484
1038 3796
5410 4121
4927 2841
7918 9187
7620 4160
6595 4775
1700 6103
2315 6290
4412 5220
5901 279
2890 2851
2486 5879
304 5270
9914 9153
4020 6422
5813 3055
8465 4602
7337 4338
7860 5574
9773 1040
5221 8512
4948 1709
2556 9363
7859 627
9521 6045
6049 1052
5122 24
5483 2892
6051 6202
1729 3699
8722 2578
9724 6674
4724 2350
6052 5299
4797 9510
3207 9301
6542 1865
960 6756
7218 7926
6521 8752
5234 8315
7239 4422
5284 1082
4863 2895
6391 1997
6817 3646
3924 432
5726 826
3658 956
5907 5676
6599 305
7330 3264
6822 4026
6024 1651
7224 4680
2805 8215
7818 6587
6519 4110
4382 1925
4539 8819
5023 8374
2733 7408
7443 5397
6434 9929
4877 2398
8482 3899
9267 413
3733 9365
9067 1025
2971 1988
8010 6240
4466 6097
6714 5080
6088 2323
2806 2037
9083 5930
3144 7020
7698 4167
1030 2604
6861 5773
6883 4363
17 7251
8373 3704
7952 2362
4143 5714
5257 1613
5960 4882
2080 855
3811 3892
6089 2525
8236 9970
8880 2344
2871 6982
8837 7981
3958 3309
4041 7099
2606 3795
3569 7634
9866 5040
8340 1289
9595 6203
3092 9286
5926 1227
5423 2147
9051 9931
5025 2366
7388 3322
2282 3181
5090 2532
264 9993
8187 2623
1881 4414
9020 9800
6453 7128
6990 6021
2827 8875
4906 2307
5045 6294
3629 5218
7300 1789
5529 1797
3048 3366
5867 2201
6673 5303
9362 2073
7615 4244
5348 1721
6318 2222
2361 9983
4501 5003
6041 1190
3703 9044
800 9837
1701 30
6160 2395
6250 1794
863 7827
5077 3743
6788 1469
4291 1373
8153 1825
8607 2935
7372 4643
662 7513
178 8483
2268 9131
8451 5432
3688 9423
8362 5732
6995 6355
3068 8546
2544 3027
6003 2488
932 8541
4092 9363
6854 3377
8247 2520
3798 434
3209 5223
5262 1932
4358 622
2785 731
2321 8095
484 9735
4796 1607
456 1005
4242 3830
8618 8555
5851 3500
6703 3451
6083 8990
2154 9271
556 3954
3837 2734
2377 8376
7324 945
8974 2862
3986 6060
3816 3025
2617 2472
5987 6105
6119 1220
3966 4052
3376 1706
7460 3959
749 9228
1768 5155
7032 3518
7290 2730
8498 3777
2458 5718
1062 3537
9263 6469
9189 3810
5687 5705
9704 9100
104 2000
4632 9446
5664 3506
6356 6394
7686 6872
6278 6145
7973 6556
4934 3108
8960 2796
1830 3237
7936 3227
1165 2969
4751 5503
8218 6625
6449 1044
3572 4748
5515 1060
4192 7202
6221 548
9434 3740
9237 8824
2649 4364
3960 9030
8802 1168
9386 5505
8979 3052
2013 1795
7340 97
1490 2922
620 1196
2173 9071
2991 3547
7020 995
8116 6819
2263 9001
7587 4260
8430 5474
8165 5957
5821 936
4728 9144
9829 8941
7283 4788
7025 4227
7004 5336
6449 8906
481 4914
4751 6540
5438 3943
5028 3816
3982 1339
3256 3450
5287 1681
5272 7968
3662 2417
8528 9401
7446 4378
7921 1144
111 9145
6082 6201
9385 3837
5030 1237
7515 3165
5736 2940
1616 6134
6153 3637
848 5130
6357 9294
5653 5831
8654 4377
2347 9358
3725 2594
3767 116
7276 6302
8246 3685
8910 3665
3796 4460
7294 2006
1191 8177
1014 3971
3340 3053
8328 1624
7875 2438
3528 1123
3481 7049
2325 945
3489 9942
3214 6705
9641 3632
1942 2641
9185 9539
6842 3314
1113 7103
9159 2576
8562 7690
47 7537
2066 8683
9835 501
8651 9345
7862 6790
722 4859
7404 5274
567 3902
7155 5881
8907 8749
6877 6202
9225 9324
2564 9081
7152 4909
9747 6022
7164 2668
5411 5879
7343 833
5197 1489
9656 8198
8551 5852
3625 431
2775 6082
8118 3984
2912 4659
5676 440
4784 2339
327 7339
9032 4175
8795 4348
8356 4566
7589 4802
4903 2332
1235 4603
394 8682
4318 9900
5069 5747
9033 3474
9822 9147
6688 4787
1130 730
9197 3316
9273 5032
8550 3505
3938 2790
3040 3546
3239 3984
8207 2348
2218 8133
7248 3174
104 4391
8484 1430
7344 783
6624 2299
7776 3860
8578 4219
9707 7071
3279 385
6699 2335
5134 3610
971 3050
8029 7279
723 3479
8068 4912
2663 948
6077 1878
7423 3304
8730 6459
2930 2460
5814 5705
5872 957
9181 9104
6984 9120
7159 8972
1642 5999
499 8316
7370 2102
4914 3090
5435 6468
4060 2769
5302 6847
7157 3800
9905 5235
2054 961
6167 1929
1063 1569
5648 955
8458 5483
6698 1565
3201 2815
2370 4315
8414 6874
3107 9798
5144 1687
8941 4899
7235 9991
6377 5716
8239 3086
6239 6011
6124 1823
7967 4958
4519 5921
4448 6535
7655 8255
6331 9477
8282 8496
6928 8155
4654 3521
389 1638
7700 7359
9064 431
2777 2501
2953 3072
8774 4799
4469 2020
2815 6814
5059 1885
8397 7701
3858 2769
7868 7437
380 4792
4537 2977
9054 2574
5772 3712
8253 6115
386 27
8318 3063
7322 5691
2558 7502
8971 589
3266 5001
7203 6530
972 2753
7842 6108
2617 6541
2482 4510
3979 3445
7822 6050
1961 6730
2837 8121
9860 1138
3069 6378
4101 2424
9195 9235
6416 7992
6167 1775
1808 486
9032 4927
9920 3403
9461 6910
6419 5114
4312 886
2958 3428
215 9427
2502 6681
8666 1651
1695 6094
4369 224
5872 142
6714 8710
4148 3788
4335 3880
6442 6530
5395 5437
5955 2656
4632 2525
5402 3755
8351 7395
7090 3224
6333 2458
6752 9352
7069 3546
1624 2893
8532 4703
7915 9344
7398 7397
4624 3200
470 4711
1768 3171
47 3296
4164 1760
1972 722
6360 732
1783 7882
8186 9699
6677 2245
8178 2376
5329 9791
4379 9039
4328 5659
7344 7928
4369 8171
332 4718
23 6443
6658 3664
2503 2321
6490 5550
6842 5852
4287 6538
4834 1603
6945 4144
3261 7719
5685 2268
442 9823
2241 2298
9772 3040
5930 3469
1807 730
8663 574
9316 5569
2622 799
6035 3262
7526 868
6906 6344
6193 9706
4311 4693
8100 1894
7153 5089
8512 3150
3956 3153
8479 7174
8522 2526
4346 1389
3923 1435
7119 4129
1527 2145
7470 6687
7870 5983
5042 6196
5089 5719
9908 6733
3144 4299
8853 4998
8026 3908
5569 3094
4939 2927
3448 854
4896 7166
6516 4365
2239 6938
4270 3851
8150 2631
4265 2424
2398 4859
344 3612
8825 7644
9393 4718
541 5883
5655 2352
4162 876
6028 2597
4628 4318
2959 847
4762 9651
9748 1913
8241 1622
7504 3544
160 4550
3105 8894
6500 606
4485 9266
4772 6061
9352 2592
6561 7648
2663 152
960 8288
412 9502
1579 2146
7468 6860
7087 3678
3183 3192
5357 4212
4534 761
5865 6717
1106 6657
6698 6197
4231 3612
6613 460
3416 5651
5857 6749
7459 7957
3473 1202
8856 4095
728 3219
5408 628
6827 955
7482 2198
8131 6027
1409 6671
3869 5982
770 1351
1937 7501
2638 8860
7488 3037
3265 9107
7690 3022
9258 4232
6000 3778
5780 6664
1680 9650
1510 2594
2403 7501
7904 4528
8869 6900
6675 4590
5334 6168
4986 1406
6417 5234
6392 73
4732 2020
4534 5711
2959 2247
3943 4483
5429 5889
6357 4401
4310 2147
5227 5525
4383 5169
7683 3225
6821 1503
5865 1989
1846 4857
7333 6001
6655 2410
2515 8478
2384 2402
1212 7953
8563 4591
2889 3737
8570 2006
5928 5693
1140 8379
3083 3422
8563 3953
7292 6121
3900 3452
8261 7523
6625 7347
9106 7206
2589 5287
9443 6482
4074 5559
2862 1918
319 4824
8280 5443
388 6501
7989 1444
8264 7570
6095 1152
4759 3074
338 8980
4106 8107
2656 9519
1293 7137
2167 1514
8807 7445
4205 916
5850 5787
7039 7229
8778 2808
5112 839
2099 3859
9266 3794
8007 975
4204 807
9446 1546
4182 4840
1422 4254
8664 5940
7868 2214
6529 418
5351 7127
6589 1143
8253 8211
6154 5501
1184 6569
9598 4653
9930 5163
6917 9315
9464 5327
7400 7105
4002 3947
2366 3771
6022 1940
3335 2092
718 9399
2872 5974
3493 9439
2602 5970
6640 1086
8712 9111
6166 2069
1835 9360
7400 3699
9698 8424
4079 5520
6044 4294
3702 2909
8517 2083
6396 6179
531 6023
3201 9308
5803 826
5105 3822
9032 3617
3161 5187
9419 9884
3777 989
2886 4085
6065 1994
2939 8112
3493 9452
6959 550
7196 4398
8526 5587
5676 7551
9675 3924
4587 3014
3366 2034
7515 3333
7724 2689
2533 3264
3232 4959
766 3422
2767 4334
9418 2052
4180 5521
5951 7877
8203 7418
595 9138
6376 2952
4301 4126
372 5984
8200 6073
8102 4455
3931 507
8761 3373
6520 7367
6466 4278
9877 773
4893 2846
5086 1175
4486 2342
8485 3703
8714 8630
6670 2472
5697 6661
8674 4658
525 4742
1044 7522
6993 3656
6328 4285
3301 88
4597 4137
5422 2148
5853 5898
7043 7385
4471 7524
5208 4556
3177 2767
7968 5785
901 1736
5981 161
9369 990
8385 6073
1870 551
7348 2958
4625 3273
8311 1055
8689 6111
6293 3294
6123 4279
8191 3066
7702 2609
773 782
8391 2453
2346 1167
6039 3764
2586 2805
3295 4205
4091 9737
6237 9526
6841 9641
5277 3068
4575 2238
3190 6748
3314 547
7468 6620
4469 801
1866 3805
6408 898
3914 6698
7464 3388
2089 170
3895 1172
3001 3290
4680 5005
744 1634
6954 1187
8477 5135
7477 819
7916 5705
6972 4475
528 8776
5680 2797
7712 6994
3402 9124
9243 2049
963 4539
5886 4033
2149 9094
9667 7566
4806 2125
5760 6962
6459 2390
6646 3528
3778 5066
7003 3128
7093 5645
4400 6806
7343 5182
8486 5462
6393 5419
7914 3579
4261 4890
183 4554
8213 5532
601 7956
3926 3216
287 7909
7406 1302
8420 2218
2786 8725
4368 7798
9670 4021
3415 790
6734 4292
6880 3443
3547 9082
1534 6933
891 6747
9549 5308
8391 4756
9310 2582
8807 5903
7308 857
2787 174
6493 4616
6971 5143
2027 8793
4797 6231
2791 1906
4625 8599
3583 7850
2923 979
9850 438
825 2578
1014 7060
7445 5678
8513 1232
7711 3433
583 4658
3443 3345
3879 9425
7843 7710
566 2848
2617 5
6678 5133
9530 2684
1297 6710
817 7979
6251 1798
6787 2824
8829 6922
8194 2396
8311 580
7174 5192
4304 3651
5529 2981
7693 4853
9361 9448
4163 3010
3050 9025
8929 5855
1459 3896
4817 6423
8438 3631
9117 5380
5832 4680
6233 3563
6293 6732
8625 2065
8564 6107
4889 9831
2396 4830
7020 3570
8105 754
4886 8630
6235 231
1922 1712
6046 8962
7159 2043
3047 5735
1576 6938
7616 3047
8717 4785
5935 8312
7222 2333
3085 9001
7576 3090
2698 2850
4805 2611
4135 4357
7240 517
2236 2001
7299 3492
889 5046
2960 9351
8151 5578
3803 7267
5217 605
9055 2915
5986 2248
1902 6936
7771 1092
4031 7539
4925 3206
265 7698
5690 3418
7186 3062
4354 7146
2764 6937
7553 7959
3272 2797
2293 7846
2059 3249
4975 2654
5574 5988
7294 7555
5336 4210
8214 8464
2100 4269
6173 4181
6139 2090
5384 3612
8809 4063
7765 6651
2435 3621
6399 3706
1935 1757
4624 2697
6147 1541
6125 3588
6284 5976
6188 1429
7732 6775
8082 6479
7102 1095
5941 4855
7475 5249
7188 6876
2121 8426
3611 6004
5956 4425
9856 5435
5834 4585
6813 4905
8557 2665
2112 4112
5778 4015
5895 6257
5494 3698
7189 7227
519 1682
0 8967
7091 4971
8433 7738
7005 92
4612 2448
9694 9285
6115 3263
6548 8780
2993 8448
7233 6488
2750 1142
4912 5943
1661 52
5998 2863
1835 3057
3037 3944
8925 5432
6645 4251
5372 2666
2512 532
5576 7685
7403 2999
7956 5692
9821 7826
2109 2664
5318 5211
8055 9197
6834 5965
7799 1543
1765 3793
7451 271
7518 5465
7884 1587
6157 1027
8038 7832
3135 4838
2014 1464
7138 4771
409 2295
7465 8055
8443 5113
4344 2731
6232 2225
8004 870
2512 401
321 8603
9052 6016
6426 900
1629 319
7393 2558
7233 5840
7908 5075
5407 4600
3573 6129
5099 9588
6247 9421
7503 8818
4365 961
2064 9291
9967 2995
1836 3542
8612 5721
6872 3996
6685 4844
9610 5875
5003 3060
3881 1787
6545 3637
2932 8176
4781 2080
6440 6181
7282 4690
9378 4213
3654 2010
4376 6461
7763 1287
4551 6233
597 5783
4725 2413
9173 2468
3044 4975
7695 2729
3299 506
2041 3659
5615 2921
9590 3659
6983 5152
6308 2619
2646 1258
308 4453
9242 4001
3297 581
8308 7129
8294 8134
6332 4144
6122 4271
338 4826
9642 6451
9324 2349
5792 7025
8507 6148
2940 3583
3015 50
7403 2040
9653 9089
9103 4372
2075 4681
1271 5295
9620 9028
5543 5273
6430 6759
5573 2757
1613 6986
566 5893
