3446 5177
375 6911
4876 9260
9164 9356
239 1909
8195 6614
2351 1212
5494 7106
4474 6414
1158 6538
5442 4746
9058 7046
5234 4280
5667 9013
2301 5499
1311 7512
6161 1283
4805 6781
7741 7388
9653 7111
3761 9543
4270 6595
633 5382
2118 138
3722 6344
2980 5588
3013 8483
1484 611
3493 7204
2500 1365
8613 3017
9707 6812
2462 4874
301 8065
3223 2962
9545 5929
6069 8468
3762 2175
7690 9803
1439 5020
1386 1841
7028 674
86 4695
3350 1592
4092 6922
1176 5478
5794 3839
992 199
5030 8602
2300 8185
1495 438
3977 4188
4237 3727
9612 8815
5261 5175
1397 7642
4025 3639
5054 6145
3329 353
4824 4755
2431 6742
1628 3785
7726 4363
4103 7423
704 5679
3757 5410
2596 521
7132 6760
4996 9269
4824 773
4474 260
9895 5724
9754 7344
9500 6964
3504 2425
8980 8389
9944 9804
4129 545
6815 3555
4426 103
1400 1713
4089 975
8755 316
5954 2042
9778 3776
3775 9239
5029 6527
5707 7866
8426 5238
3395 7544
4935 650
3655 2042
3831 9123
2758 6397
1615 4513
4840 1293
4006 8456
3150 8169
5504 8729
6743 2206
