8546 2916
122 7731
7715 6862
5997 2001
8112 9997
1736 5326
3842 378
1023 3648
2231 347
4235 3079
2800 5562
5675 1040
3322 616
5815 397
3905 6880
666 1463
9573 252
2484 1634
696 3557
4257 5973
838 779
2954 2550
8683 7648
7318 9525
8794 2686
634 848
1277 9048
6020 3913
9104 7186
2484 7780
2021 2805
5353 8449
8348 179
4539 25
5031 7449
2897 4955
390 162
6985 1805
2992 2858
3126 2346
6348 238
9985 688
6068 3103
6961 2042
7026 2763
7383 5069
5920 1001
2161 9366
4072 8972
1686 5473
8955 9882
2851 4215
6316 5010
4278 180
7740 8451
8009 2025
2501 10
2250 977
1476 6095
6780 3038
3076 9814
376 435
1720 8188
4257 964
2925 3622
1173 8293
6535 9659
2221 3277
1659 4876
3337 659
5474 7993
7170 6124
389 9846
6556 1471
9130 5832
8458 1601
5809 8193
7483 6104
2744 1528
1315 1181
7041 38
3448 9930
4123 2328
874 3753
3017 273
6991 720
8171 1967
1268 8689
9136 8177
5563 9887
2900 9935
823 794
8802 6010
3082 9683
8201 9796
3136 6420
2164 3331
2890 8823
8579 9491
9121 4490
