9410 2420
2717 9910
2778 1353
8253 9872
5010 8086
5067 3470
1926 7903
6798 329
3405 166
7617 9774
6134 450
2722 2
5409 5933
7941 782
2289 6746
3522 8118
903 8801
1981 9308
3977 3359
195 8507
8209 6917
6354 4375
3333 4871
8284 4143
2863 7545
5550 8778
6030 9330
8818 1148
506 5119
8588 8435
722 1921
665 5386
1645 5818
2929 5524
1021 758
1120 1783
2544 4141
1793 6927
8149 7394
1802 4114
3724 1544
3673 5770
1936 7915
7535 7854
1356 1836
2789 6592
7457 7599
1700 2647
6446 5388
1861 7320
4057 7705
3605 7059
4518 7801
8613 5883
7213 2271
9802 244
2706 8073
5060 5432
4119 7520
4398 1340
7730 5599
462 4797
8528 8468
2397 4113
6260 7743
1816 8741
9258 9097
6823 519
1186 544
4295 9023
4929 7247
8152 162
3363 6739
8568 8646
4304 2292
7391 5292
4770 6820
327 9104
9780 9754
1734 8746
9715 2650
6770 3651
2633 6597
1135 8478
9484 3333
6744 1682
5220 1418
312 6638
8144 3234
9864 5140
2634 1576
2036 8403
4809 5614
6230 5566
8555 8576
27 7568
4891 435
3271 9252
3219 4870
2013 1880
