8258 9402
4026 4715
8351 4800
9786 1151
5108 4261
8408 2109
7216 9302
1277 3329
2741 4182
5292 4813
6605 2505
2275 4040
8295 4506
6297 4213
259 7634
8644 9892
9311 2396
7865 3290
901 2390
2712 4404
7211 2576
6927 6625
323 3380
9811 1388
5028 3558
7635 1820
2731 948
8406 13
658 4398
8472 9739
220 563
5720 1106
8387 5048
6000 4287
6980 1943
7588 3996
5463 5824
2146 507
5768 5779
1577 8837
5866 1955
6324 2598
1585 9170
9387 3444
1979 3660
4595 7261
1848 6947
8915 1227
8894 2272
1362 9790
5159 3010
1058 8466
8790 3209
7540 5811
5096 4583
9941 3639
754 7129
1329 3278
5893 4933
4951 3584
9758 2928
7471 402
8992 2909
8206 5656
9389 7130
4386 4293
8792 1944
1661 8961
2290 5627
428 5569
6218 3364
4796 3056
619 282
7946 578
9150 9340
6920 3062
3412 9578
6389 4133
3913 6592
8545 1013
971 8635
6472 3264
7772 3253
5932 6517
1869 626
8708 2843
7398 9427
1614 7157
7623 1634
1377 621
87 4835
1804 5347
4925 3119
5226 3013
4980 5868
9215 8787
4927 3064
4740 5053
9083 659
897 2338
