7010 7608
8174 8212
579 9578
9939 7419
1490 4148
1130 2554
9464 32
7427 4433
241 6355
919 787
6962 8595
8396 487
9216 8210
7696 6204
7605 1153
8810 2765
7903 6014
9610 8013
5887 7542
641 3468
1532 3093
9196 542
8203 5893
7582 2794
9165 6936
7694 2071
8280 8282
6995 456
8555 5707
6839 382
7306 6520
2251 5372
9658 1957
3030 5018
9526 2405
6225 8396
2319 850
2546 5606
608 1016
342 3627
6314 8071
7096 351
9991 420
9899 1130
131 334
5322 2157
9443 2610
9643 1317
8630 70
9455 1593
8516 380
7535 6249
5744 409
1007 3525
9431 8252
1137 8686
1041 7394
9336 5183
8418 613
1057 2326
9668 9787
130 3129
8842 5461
1718 4652
2796 4985
981 4258
8145 6726
628 5958
5496 8262
142 8209
5506 9755
982 6053
9221 941
7295 3641
9881 4898
7655 2629
9898 154
1147 6863
89 2185
9307 8850
8029 2482
9536 1619
8003 8662
8677 5055
9791 6510
1122 5643
8509 5672
834 9288
6148 9857
6036 7138
9892 4557
8261 9652
1534 9507
2124 1309
2080 5690
1721 1096
1775 3147
261 3241
1060 8772
8494 3690
