5198 5202
1736 3548
8793 1954
946 2644
8347 7011
5894 4361
5493 2531
6931 9736
50 1538
5680 7272
5007 3479
8757 6640
7114 5827
4659 3973
4990 2306
5973 5321
7193 7425
7159 6017
4581 7876
2663 2059
1591 3463
6958 6237
2649 6044
8827 1654
5698 3999
214 5041
9415 2663
3240 4944
351 9870
8696 2274
3691 9758
7789 3052
3523 5847
1126 5054
8338 7727
9546 7334
9952 4575
4423 3443
5063 4002
8621 2145
2720 403
9753 5869
3645 9491
6196 7901
9404 4955
6955 7178
6860 5522
8962 7682
8790 2752
5765 6393
3519 610
7156 5035
2351 3895
6494 6639
8661 9441
4209 7530
5296 8613
7641 8148
7845 6669
6077 2069
447 4498
5390 4367
7788 1842
2357 6136
6489 5479
8405 1325
1322 4425
1639 4663
6512 9257
1362 3424
741 3421
494 26
8822 8996
9017 9009
390 2888
3483 9248
3253 8258
4486 8254
8816 7692
5753 4832
301 1678
7756 2577
3294 8994
5038 5005
6146 4708
8013 5610
5945 7299
6292 5402
5708 2996
7566 7315
5655 5705
7603 7965
3571 951
7060 654
6996 2930
6647 1159
5095 9876
3857 6362
5632 4329
5733 1272
