1236 2115
9527 363
2688 2628
1866 1272
1890 7999
8399 9288
9811 515
8906 9287
3166 6511
7525 450
8136 8923
4622 5630
1594 4769
2797 1170
5641 6231
65 8212
8486 7910
6572 5892
5586 5806
3564 6986
2738 1669
7955 402
7381 5163
4515 5139
3323 4119
57 900
685 1509
674 1759
9381 459
8757 9842
980 447
9454 214
9647 990
9990 862
1005 8362
6057 8449
2202 2953
1934 9603
9275 9907
1003 9877
4100 5740
8641 9879
885 2768
4593 5868
4706 8323
6410 9393
2158 8883
7688 8750
2747 3420
9932 9785
3867 4070
4986 8297
1557 2747
2015 8763
499 1422
5700 7066
3119 3602
1077 41
2991 3791
4957 9047
7982 9863
2017 7872
227 773
8821 5731
1264 516
1765 9889
1453 1474
4742 9826
3589 987
4065 4650
4827 2276
3024 492
388 8002
9793 472
9099 6736
9155 8412
9137 185
507 7995
7210 5159
3008 2200
6968 6565
8012 4224
7704 9102
7933 9675
1289 1208
4531 2703
260 1057
2711 4783
9101 141
1596 2417
7967 5762
7937 9028
9015 7695
9332 9919
8778 9909
9158 6267
1871 1712
1915 289
6418 6266
5071 8206
