3395 7283
9861 1099
2550 9513
5712 346
8219 3125
2953 8289
3950 8896
223 2969
4817 7096
3772 7925
2152 5933
3514 6144
4451 589
8014 3405
8412 5407
6773 1852
5101 6302
4684 2679
2173 3935
7565 3841
8781 3406
6697 7457
2894 7924
7014 1114
2206 4816
3784 6882
5480 1376
1353 7420
4503 8084
3571 1188
6761 3862
2203 9869
4464 1457
1525 9167
4213 1313
6190 9497
8040 9727
3052 1894
8465 3000
2825 7355
1765 2344
2091 8290
6727 7178
6563 5404
3638 8747
4289 1191
5883 2920
627 6557
7528 3922
2050 7830
7143 8678
2637 954
5471 452
68 5354
4761 777
5846 368
6112 670
4529 9149
4260 138
4804 7184
6437 9860
3060 7637
1327 273
3407 9169
9157 1000
5450 9284
1211 8457
2528 386
5375 232
8154 2573
3658 9772
4357 9245
8812 4403
6831 8201
7169 9871
1972 7022
8471 3053
4560 997
2299 400
3277 3401
8906 2947
2108 7708
3337 9516
4529 8931
6193 9636
9702 3667
6426 453
3639 6537
5279 8572
7956 5764
7174 5481
9768 1992
8703 1842
2521 8785
6860 9772
4024 6610
3733 30
7213 9685
7032 5061
6421 6893
