2253 2874
1995 6679
3245 7698
8679 2807
8809 2691
1905 9384
3396 3873
1968 3918
8558 5818
8645 3434
8853 2288
1073 9933
6517 5193
216 4790
9093 5332
7521 4985
1801 9222
61 2015
617 5564
675 883
6957 708
7114 8618
1890 3375
562 343
6843 5954
8334 3140
1377 531
1335 8305
9279 1772
9613 1559
7412 5238
2790 8463
4211 3384
7926 4940
2550 7953
9814 1572
8946 1219
7724 5433
2218 9572
3138 4242
9055 1089
3788 7490
9941 1685
1953 2925
2458 5413
7930 3298
552 519
6167 4320
9282 1866
194 1314
7300 7780
2180 9300
9730 6553
599 972
4965 7456
1538 390
4253 1746
1935 3079
7696 2870
2335 3425
2022 2882
1996 8898
1529 3715
1649 3298
7101 3810
3186 2522
912 396
1589 321
5624 5793
1437 5575
1517 5933
8978 2227
8967 2626
137 1067
1797 6933
9241 5700
6379 9377
3603 8554
249 1137
9381 1704
905 4624
853 9827
4283 6784
8756 4852
4582 316
2319 2913
8233 2141
3674 7887
9023 4823
7537 3005
2029 8108
1686 9648
4060 7504
4502 1986
1723 3381
2847 8541
994 438
1937 7856
8273 2920
1461 46
