635 9785
6244 3315
2042 5006
7671 3418
2233 4784
5285 3094
1978 4249
8283 1330
6675 2494
5668 1864
4063 1514
3594 4525
3839 4756
8712 1985
4313 4895
3911 4790
5670 497
2548 4178
9900 3136
3465 5991
9356 3002
7979 1216
24 8954
8569 1859
7750 4849
9571 7987
2953 4814
8791 1908
83 3392
4490 9297
2992 3978
5435 9549
1763 7585
497 9496
5748 3721
1083 2923
179 3417
4148 3165
6036 2076
8226 3440
4418 649
263 7519
1257 6379
8314 9059
2552 1688
1076 4399
1083 795
2443 2275
8022 6080
6478 3369
2213 6508
3976 9202
5154 243
5780 9358
4673 2399
305 183
5540 2295
7393 3817
4838 4363
459 7907
9655 3647
8354 4050
7973 4248
7772 1583
7322 31
1094 955
2657 5082
3211 1056
3526 3127
7289 4012
2935 7555
6823 1049
940 5976
6567 287
7050 1060
9971 2921
8860 2511
6942 242
4541 4165
304 3491
5580 8808
4223 255
1795 4588
9090 6191
2167 7541
5439 2108
5198 313
2296 4509
1003 9245
2658 4251
9506 21
8256 2093
5135 9909
4758 809
288 3268
4852 547
3000 8008
8893 3067
4297 5377
6208 40
