6979 5915
1775 3131
3828 3412
3579 4569
2861 3340
2423 7205
4169 2530
3370 9215
4503 5920
5316 6465
7305 8348
8346 9764
4350 5049
5097 4556
298 8560
3852 5723
5390 6441
5057 2863
4061 1031
2339 2530
9295 9106
4464 6159
4719 4829
4485 9153
4040 4647
4955 1676
225 8370
9139 9025
5321 1742
4132 9196
7171 825
4615 6763
1059 468
3119 4956
3080 7316
4184 3961
7183 9570
3739 4593
2512 2886
6864 8779
7777 5627
8252 643
483 8477
6020 2141
3717 5434
3209 8716
1814 7388
5325 5075
6131 4949
345 8137
514 3866
2838 3643
4736 4460
3866 4704
4430 7626
2571 3875
2622 6947
381 7951
5742 6112
6444 7952
5668 2071
5141 4721
3872 7645
5330 6725
7848 7771
8472 9820
6054 6765
7710 9744
3926 4748
3482 4399
4215 5451
6412 523
5004 5190
5398 1413
2905 2757
5059 7096
4645 6544
3426 9234
2005 7607
9284 9757
9337 8027
3303 3370
4426 8983
1745 740
3852 6016
8857 9674
2917 5256
4352 3105
8248 9682
3519 6319
6414 5549
1935 8813
5589 6353
1621 364
1873 8292
4857 9501
3597 8599
3973 8834
2763 4535
684 7853
