941 5263
3898 5896
4731 7731
9289 6816
4618 7534
2921 6597
2075 399
3896 5554
920 5078
8286 4984
8559 6162
9981 5094
3541 8633
1296 6259
6236 7005
4285 5115
3108 8485
2903 4050
2727 181
744 4223
5914 7637
5144 7594
3934 7935
7483 5038
9168 7303
8757 2930
5349 1970
2830 9434
2368 7283
6046 9235
2007 7807
79 5900
879 3598
6909 313
7354 5795
8562 7241
3114 6699
8096 281
8168 7467
9432 2160
3850 3753
4379 9219
1753 8066
3583 7290
4700 643
5670 9635
4374 9369
8612 5404
6282 7929
2271 2488
9731 1656
3241 118
9725 4987
7814 9976
1699 8845
3455 3604
9503 3235
7389 7221
4166 9196
7642 2312
1082 6033
1268 6928
3659 9099
1666 8048
384 5313
150 8035
1539 9255
2570 1602
7425 3491
2231 7011
3214 9526
8644 4058
6105 1165
701 6462
7950 5038
1202 4498
1748 4275
8783 5622
8407 5408
8802 397
6166 9411
6175 9496
824 3764
2416 7964
9182 3143
2398 1261
9345 6724
2856 3653
3663 6491
661 1774
796 2484
1970 9576
5308 8738
2164 5905
1690 6382
207 3190
9844 3356
7915 2549
1429 846
3930 3164
5236 4795
9081 5167
2455 3997
858 8758
2907 5317
1989 6803
9777 3967
7712 2491
7570 5278
2900 8575
9930 8285
768 6991
4794 2716
1062 9414
1034 5658
722 4516
9737 4308
3476 1891
1770 4289
3288 9168
5948 2744
3756 8388
6789 7323
6857 8608
3212 9731
1441 9092
5932 2000
7880 4514
1373 9284
2262 5272
3031 9228
8381 5857
1261 2583
5624 8412
1966 6963
5219 9437
6534 7401
9840 1399
3034 7706
2178 155
3203 1495
5597 6206
8831 5158
9785 7619
2249 5297
646 4093
987 5545
2969 4994
7336 5869
3079 9146
2133 7300
4768 2442
2984 5894
6150 4526
9557 3284
2506 4055
3383 4328
1627 3821
7382 2659
253 3501
3902 7107
4487 7370
6660 4651
5836 5674
1851 2411
3010 3035
4172 6339
1070 6212
22 3744
8492 4231
911 343
2045 8396
572 4818
6247 3709
0 4345
6283 7427
6965 807
3676 7428
1033 6878
2951 7554
1810 3537
2440 8381
5175 7244
1858 9859
3716 1606
1204 5533
1356 5429
300 175
4838 7415
9624 5799
4703 298
4654 1763
2211 5143
9556 267
6959 3113
2503 6608
6026 3421
7467 2455
3475 7793
5290 8120
929 4686
2600 2196
9623 1125
3970 7753
9403 4487
7655 6065
4169 8874
9545 5492
1556 7035
2106 497
9283 4854
2104 9869
2259 9990
7698 4723
6473 7654
4433 7635
2875 5810
9842 5491
6691 2637
5123 7282
2836 5357
8902 5274
1034 3898
1455 5114
4001 8666
1713 6815
6093 5451
3966 7243
7183 2412
2442 316
7875 595
1205 9917
5016 2865
4107 5223
2626 4274
7826 6984
8929 519
2157 7758
7482 5197
3388 5136
9552 6141
3276 6652
6430 3104
7132 2869
6144 6920
386 7366
4925 8106
9634 5551
5903 3187
2984 7819
1905 70
6370 8180
4981 404
3284 3241
5014 5923
671 8941
3447 3384
2474 4940
789 8304
3255 4620
2512 7792
348 5910
8146 6166
4575 1149
1069 6390
2654 8717
2095 5721
2987 9918
6543 9797
708 2802
422 4431
5824 7337
8642 1341
5055 6081
9736 7897
4228 1446
6667 7239
4119 5978
8823 8601
1113 6014
6216 9429
967 3745
5926 7470
7753 2429
3165 1177
2753 329
2471 3478
8048 5580
2648 8651
500 7351
7119 4708
2968 4549
1564 6556
411 615
2804 5874
3097 7277
3118 3684
8861 2957
9333 6497
2655 1842
4263 5730
8842 6088
3330 7767
6265 8116
9344 8577
2958 8789
1124 3363
3286 8493
2545 5758
7134 6188
5830 6989
2534 3897
4610 6471
3541 7672
9877 7364
6106 1932
4049 9948
7980 2821
7173 3021
4110 1592
1190 9127
3228 9045
8602 5455
1637 9685
8257 5173
7348 7815
613 164
1390 9417
4626 9843
9666 5828
6129 50
5072 9273
2439 375
3286 5464
1952 8640
2955 3229
5559 1910
800 2079
7213 9459
692 4370
80 6237
5453 7536
4075 5898
9557 6051
6883 9669
3523 6086
2096 6658
4839 5525
9784 7936
2896 4356
3514 9482
2978 8376
8287 2414
4392 613
4005 9509
90 6799
3141 6524
2470 7896
4540 475
5469 7610
5245 5516
8021 9237
6266 8048
9507 8440
9428 9190
1748 2025
4796 9988
8315 4732
2418 7625
4692 9778
9030 9674
2701 6256
2352 7899
4763 4981
8650 9798
1884 5863
5447 8731
2159 6049
87 7655
746 5899
2475 4991
1308 7490
2253 6348
1937 5990
8829 5055
6751 4921
3566 5480
2755 5539
4233 7264
1201 3428
4153 5187
5309 674
8952 3679
1792 998
9069 4929
560 2394
5865 919
1113 4910
8305 1811
2094 4993
4699 7035
3514 5801
5980 9729
1069 2374
4793 9388
7971 1004
1984 3275
2286 4552
2253 9479
3066 6204
3484 728
817 3815
8128 7083
3539 4694
169 5091
840 964
4368 7169
8354 6357
3660 1
6491 4570
8317 4507
466 8980
2175 4460
9506 2413
3572 3042
906 7604
2247 6133
6225 7861
2257 9435
9604 6210
4079 344
5395 4649
1934 2951
9789 8498
7684 2995
1358 5625
1686 5418
9224 5836
3275 8551
787 6447
1184 3203
495 8252
9054 3811
1347 9106
5268 6755
259 4854
447 4914
2238 4713
2825 8454
8164 733
146 7573
7060 4838
8649 4939
9748 9340
4128 6391
7018 3309
9540 6467
3655 8687
3323 4678
3391 2418
3302 692
1621 5432
6773 1101
2606 7252
9417 1652
3485 8123
3508 7698
7999 5472
7091 1694
2040 7258
2171 7022
8450 8633
2589 7019
7339 1359
9159 6887
2495 7896
7452 5366
664 8811
2790 6398
4019 7638
862 5766
871 7154
4210 6052
3264 3693
6757 6503
3020 9074
7076 8098
43 4527
2204 7999
7797 512
2260 3293
2120 6315
8884 9661
3415 447
9921 4410
2030 4301
2504 6426
8278 9451
3040 5750
5559 122
