4234 1901
6028 3090
3340 6392
1981 4538
3154 9270
3631 2928
7474 5204
8374 5780
7430 7641
219 5552
357 7579
5513 8880
4231 9097
4520 9874
2132 1948
2016 6194
9729 1885
377 750
2078 5104
8798 5680
4310 6492
9847 1617
1420 5122
2523 1707
1927 4422
3278 5527
4366 7286
9759 3984
3348 8224
1403 3110
964 6019
3273 7245
1821 7653
3358 4845
27 3238
3794 2010
2546 4283
5324 237
7723 9066
2016 5951
145 6110
3781 7153
5098 5236
4798 9432
2833 4214
192 974
9163 9025
6771 7563
3552 9908
522 9507
5590 9108
3632 6657
9846 2159
4744 9564
4820 4589
1680 8328
333 2782
7258 8873
3941 8193
2367 5597
1030 1129
3083 6688
840 4788
2878 8543
2869 5453
5086 2404
729 6250
3910 86
1094 7422
6785 6284
9310 2259
1060 7294
6516 5732
2593 5508
618 9838
2930 9214
6089 5781
5468 8713
4730 6142
8854 5700
3405 3436
5488 1866
9044 4625
8418 4190
7163 578
6779 9372
1371 5083
9633 6853
1503 4574
9079 1986
3214 9112
1978 5114
8517 1468
3976 566
3711 8624
4224 9029
7829 2775
2183 8646
1565 4917
6504 1408
1902 3290
4311 3035
7369 6164
9682 8434
7277 8570
6948 685
963 3545
5881 480
2050 7749
772 6714
3056 2901
4838 2008
2988 9051
8759 6320
6080 8310
8383 1621
414 2841
7326 3870
1101 6251
2454 5312
3839 6818
2126 5901
2130 2466
9148 8608
3648 1127
6815 389
901 9865
2601 3817
7590 3930
489 243
1070 4151
4136 1951
6441 1239
745 4122
9955 3187
5947 9609
905 5935
2952 6496
1413 6094
3892 6151
1117 421
5023 8168
5615 4934
8783 7849
6415 3712
9615 2885
9691 5355
867 5773
2185 5550
8 8043
3093 5289
7509 6682
1056 7002
3011 9942
1514 8365
4723 6312
3558 9019
5688 1374
3444 6135
1887 3888
3119 3733
2144 4178
32 7438
2957 9589
5025 5984
1962 5626
3643 6618
8086 5273
973 2533
4641 9926
3059 6841
4266 6373
6845 5474
4007 4154
4341 7288
4910 4574
4395 4882
3627 473
5114 9584
8563 5050
9743 9580
5184 6628
3853 6432
1447 5938
185 3599
1734 4710
2150 424
3648 8543
2721 3403
6383 8547
1156 6396
1979 700
4652 7563
2151 5120
7415 1002
3900 8062
5345 5827
8726 7138
3840 7931
9008 1878
4551 5966
4096 2771
9977 8839
2952 3295
3953 5202
7459 3265
7618 292
5125 5926
6198 6501
6782 2128
1728 4347
9893 3057
2519 1471
4087 2294
7066 2161
2514 8074
1241 4893
7715 858
3623 5969
9373 802
6604 2889
8548 8142
2302 3153
4458 7584
8032 3539
6352 6820
3186 8853
3059 3290
3514 8807
4489 594
3115 6187
7134 7111
4611 9614
2213 9371
3241 6021
3326 6873
2013 7247
1642 5335
4389 7574
2907 4576
3239 7929
2134 7240
601 3126
7049 4951
1727 7657
9379 3329
5698 7211
2764 7919
7524 7813
9547 2019
8065 9183
1033 5766
737 3162
6953 8226
4714 1493
4056 4754
293 9110
4045 8406
3729 5973
5387 4587
7460 6848
2259 3465
866 4569
3742 6675
9834 3621
438 4802
2163 5074
4004 8410
3803 9412
9887 9127
372 3810
2229 7499
3166 593
5478 5500
3229 8498
2424 9144
917 4521
2615 7799
1912 2077
2822 6310
4521 108
674 5526
4962 9137
1042 2584
8672 2420
4185 7487
1327 7421
1857 7986
9142 3227
834 8162
2767 2703
2510 7764
9785 1365
4825 146
5117 7713
8376 7238
959 2927
9671 8698
1442 8273
1868 6148
2129 9972
8159 6220
4801 1725
4063 6473
688 7429
1530 3812
8699 3964
3578 4198
2254 7882
7829 6170
4600 4709
17 8667
3512 8530
2498 1835
8718 4489
8302 5087
3705 6602
5402 3118
8701 8448
9017 3055
2701 5983
1931 8963
3907 4885
5535 8504
9632 8710
2639 9324
5509 2206
5311 8625
4300 2997
4669 5631
4884 9302
5471 248
2368 6093
8642 4718
2495 4467
172 3831
4151 7209
817 4383
6201 7430
3106 5115
9629 1781
244 9189
1508 9530
3780 5724
3670 8720
5639 2958
6182 8566
1753 5919
8675 2383
3671 2156
7439 2177
3706 4090
8220 3565
4111 2180
3884 6577
3450 4924
2308 7507
360 4444
2531 7781
8071 7750
2556 5461
60 3496
2205 3159
5384 6074
8824 1092
308 8293
4919 7570
814 4727
8015 5630
725 8837
9430 3647
2805 2930
1825 7516
1903 6096
662 4225
2565 6322
2353 3461
2993 8188
3950 9253
2416 6891
3102 4177
3436 19
5893 4756
3336 6079
2866 3420
2148 3131
2567 4036
7821 5634
2897 9024
6064 8295
4028 1345
9911 2629
7463 7341
5047 9030
5554 8318
8372 2093
5697 1694
2826 2202
9114 7654
5903 4670
5801 2444
3293 96
288 8161
1607 8968
6037 3465
5376 8832
8565 9830
6102 6977
678 5880
7091 8520
3595 290
2694 2271
3909 9126
9420 1987
4558 9791
8344 3549
3056 7718
9160 2414
7375 160
6016 3657
2385 1646
3746 4116
2805 8913
3056 8266
978 7281
9995 5704
5103 6176
4481 7203
4129 9088
627 7487
6637 8546
2749 6882
1811 8158
8053 9402
4650 8957
8045 6756
3900 8990
6859 9696
6780 6016
9510 9203
4755 8219
1408 2067
5726 9588
3086 9025
572 9245
3817 7136
6016 219
9125 2289
3111 7388
5843 6972
5362 7041
3131 3937
2566 9421
478 2025
9913 2004
6711 8392
2441 3746
6942 5515
3208 6273
3270 9739
2370 7487
4434 5666
3544 5661
3564 4834
8552 2786
2329 572
3677 3737
5200 9616
589 275
5350 7444
8477 2868
8743 3405
6957 7095
5612 9844
1417 7107
341 8431
9523 3623
2512 5333
5732 738
2224 9396
1473 7371
7789 6429
6580 975
3616 8156
5845 8837
1959 7530
9862 56
3158 7597
3106 5848
160 6643
6223 9453
902 7384
6163 2376
6389 464
9943 7494
1286 5689
80 6390
2010 368
7934 0
3096 6175
