8355 7223
4835 195
9902 6504
5981 5858
776 5303
2751 655
9508 2592
9733 8043
2510 5422
2772 2929
324 6234
3858 4395
156 746
3631 8953
2809 6877
5026 948
441 6248
4338 1096
6962 2563
6302 180
1925 3294
2302 6560
8842 7309
5702 7256
5029 1120
7284 6378
328 5580
8836 4233
8802 6464
6241 9739
6399 8199
7743 3923
9917 3365
6497 3505
7965 4542
9673 8508
9878 5261
8771 5703
1935 7683
4645 9064
524 8766
4553 7507
2293 8416
3090 7766
2676 1643
1525 7366
3529 2224
3455 1762
8766 6393
1101 6172
856 4257
896 8503
2705 8607
7601 963
540 9649
7891 7706
9396 6416
2612 422
275 7365
5680 928
9529 3921
1343 4105
2801 9217
8654 777
2119 7709
3141 6024
866 7414
5475 7661
4736 3813
4538 7522
8548 1582
2527 3860
6080 7529
148 8478
5872 428
2485 8976
3655 4132
4683 9422
3152 5098
1287 4177
1790 5143
8702 440
1828 7897
3490 5669
5216 6660
1376 606
1302 5334
4338 3938
4478 6145
2388 2501
1915 5597
3559 353
8568 9530
351 7759
4504 1453
1045 5686
7744 3579
4786 4602
446 7758
9932 8191
2764 4841
2651 6532
7786 2660
3845 6750
9059 3458
1053 6090
928 42
3090 9975
1027 9326
5846 9684
4993 7800
3240 6383
9746 2313
1436 5082
6419 7358
1595 398
594 2353
9921 1765
6329 3519
9703 9755
2574 9267
9735 7520
4203 5141
9661 4025
5598 9968
1985 6266
845 7587
4072 6244
2275 1019
3908 4424
3065 7191
1819 5443
9713 401
4879 9835
4834 4598
114 310
1766 7139
2415 9772
7958 3925
624 8401
4366 7000
1501 5663
108 6148
1603 4884
6337 4551
80 3434
9367 2621
1336 5488
5845 9574
6730 7874
429 4100
2119 7810
6222 3001
3685 6606
7403 8631
3088 5969
1550 6993
8385 2016
4025 7187
6570 3427
145 4462
2441 5996
5184 7334
2545 9509
8310 7885
5520 306
3701 4865
5328 532
8990 8645
8456 2179
8353 1272
7059 3578
8373 5726
8290 5948
2707 8622
443 8060
1478 5652
6137 1204
3049 7434
3987 9285
4845 252
1537 3123
712 7299
912 5020
4040 2466
3017 9049
2068 4726
9321 6171
7787 6113
9036 6029
1123 7302
228 6962
5764 1079
6979 6851
2771 4590
970 3672
2397 5261
398 6317
2398 5387
8445 6612
1511 747
1050 4046
4269 6616
2083 3035
2018 1984
9495 5123
2614 4081
9432 893
3555 6077
501 7107
5663 8064
5777 1413
5839 8954
1270 4445
5210 7300
4703 9589
7678 3595
9476 7235
6204 1751
717 7368
3783 6727
1533 1404
4336 9508
6063 9979
855 4732
2691 881
3755 6920
8561 7852
7395 5728
765 5741
7422 3201
7396 7777
3326 9403
9366 7471
8607 7419
7232 3900
7355 416
7392 8575
7004 1421
8516 4429
4085 7850
1844 519
2610 7621
2963 5936
6186 9123
1716 5541
5812 5791
292 3149
7457 4624
7840 7394
2101 8119
6015 8850
7436 6416
5340 3446
294 7395
5057 808
8306 4578
6818 6622
6806 8594
1160 4275
8090 8565
6192 9710
8078 7059
8566 1858
1802 8729
8094 498
5394 4491
9575 5841
1941 1336
6231 378
7621 2884
9744 9316
5615 2104
4199 9012
3209 9585
6747 5645
6265 7829
783 6242
5004 220
1167 5859
2478 6226
2296 108
1886 4374
1128 4714
5570 9793
4267 7831
1341 6664
69 4531
9586 787
5076 5852
382 6568
2014 3921
2892 6225
5932 113
2571 7896
6487 851
2080 5938
2239 5446
1434 9353
725 8502
4620 9647
769 4106
5857 8524
1136 7664
1384 1651
3480 9814
1862 7548
677 8300
9859 4742
1272 7471
7274 6568
3733 9716
9407 3785
7934 7535
1087 4145
6249 138
9761 1411
2444 5153
2151 8720
2712 385
3807 7324
2045 2960
9189 8275
8746 368
8903 5056
3142 8209
598 3464
5703 8317
8938 1221
8547 2230
1231 3484
6176 4247
9710 1301
3327 8767
3998 8050
1537 3029
7862 8957
8472 7834
355 5912
3086 9064
9443 5908
3296 9291
9470 9336
6499 9064
3943 6002
733 6101
1755 6499
1173 3538
2562 7876
753 4910
3293 6545
915 7947
2941 8717
1517 5791
9440 9941
2163 6586
2545 2877
4695 6819
563 7495
645 4577
1563 1831
8905 4696
4442 8045
1151 3500
3204 6588
5473 8901
2722 5264
573 3343
5821 733
4228 8475
3039 3088
8073 5738
2832 9309
4400 5805
2090 7414
9340 4903
4680 4300
6906 2868
3275 5686
9533 7122
3272 7923
2170 7123
1219 9372
6942 5661
1322 5583
8832 4698
1453 6161
4756 6101
8762 5038
8248 3124
3411 9542
7762 5445
1250 5926
7133 6033
238 4302
4780 5703
3416 6224
3113 1082
1015 5400
7475 9692
5063 4050
745 4748
6969 5148
2438 9107
8448 6945
2767 9035
5391 2051
1779 5386
4579 3048
4173 6561
8845 6986
784 3418
428 4119
7695 2780
4769 7742
4990 4699
8339 7397
2022 6549
4363 8878
5425 4776
8263 8817
2190 6371
5513 9435
3166 6565
3336 2686
4679 1953
6986 3902
4743 2392
7961 1461
6087 1066
2862 8782
4272 8076
2657 7190
4882 9982
8105 6942
8147 3650
3169 4369
9463 4568
4811 1345
8040 8129
1530 4123
1587 6729
9811 1058
6393 6092
1333 3038
2250 6929
9498 3334
2806 996
3014 8255
9089 1576
1072 6255
1647 1540
3024 7738
380 7345
2561 5514
9027 990
478 6037
518 5225
5595 1659
2935 7674
953 9466
898 91
895 5031
3579 9191
8182 7435
2097 6193
4560 6812
5350 4564
8252 6304
6090 8565
1134 7146
2457 833
1949 5885
2099 7550
3819 9028
1535 4875
3286 5523
6022 568
6681 5308
2434 4349
446 4261
1782 6805
2952 1095
2204 7608
1616 1925
8847 2451
4243 3964
3287 7437
3862 9465
2452 6635
9457 937
3985 1233
4641 1776
9033 4420
5934 3047
6091 221
2275 4473
1015 7208
5741 6524
2708 8165
