3406 4284
8155 5966
7023 4420
3208 485
1055 5532
9554 2559
1488 7247
449 9136
3968 9267
2805 9113
3050 6836
3461 7886
8812 1689
3187 6661
89 4637
254 2913
214 7944
2760 4644
8259 420
1956 5267
2580 8896
8722 9199
3467 1238
3433 4391
5607 4242
5468 3736
9106 6546
972 9321
8336 6176
6331 7665
3052 4635
3420 7682
2257 6130
1291 7097
2930 4529
5370 9622
660 2773
3084 4605
4471 7869
3388 6566
4064 2926
1226 9694
2575 9697
7651 2240
1432 5369
2841 7363
656 6060
8504 2335
8398 2034
8759 5185
2308 2546
6378 2222
2789 5232
8643 5486
7667 8645
8797 6209
379 8887
9177 8425
2909 8769
3242 8173
5729 8094
1156 707
5493 409
3133 8513
7291 6273
8685 9814
7664 8822
2707 4469
3163 6317
7596 5188
3585 5241
3321 8996
3415 8869
8212 7909
5008 8329
5721 6801
6798 2849
6361 7250
8956 617
4962 2718
2951 9417
3376 9691
3246 6881
6830 6026
4625 3725
8466 3080
866 8438
4308 8484
315 2993
1488 775
3986 714
4133 5617
9629 3850
6883 4590
8829 7552
2714 2257
3032 5959
7541 5615
9524 1963
4569 7352
5024 1489
9491 4666
7059 5346
6235 9524
2694 4688
2615 6344
3426 4457
3408 8708
3000 3800
7005 1848
4443 967
7944 5492
3059 8056
459 8878
4543 8867
2465 999
4153 7787
3703 9564
7002 2471
3143 8827
6321 4544
2221 9553
9711 9238
1430 5249
5809 3493
9063 6322
5243 192
9626 6930
2569 8020
3548 366
1271 9151
4543 622
6000 6583
3342 6551
1742 4748
9533 5035
8705 4120
2610 3987
7521 7726
3422 4539
4260 2139
6073 9159
5564 2637
4502 7014
3349 7471
2930 2136
8650 7832
198 4370
8372 4706
1632 5729
7866 9858
1930 4519
535 8180
7130 2610
1321 5058
3177 6973
7784 8751
7262 2128
5815 1046
2215 6094
2122 2614
2805 4733
8334 9666
400 8930
332 7703
2856 6868
8822 2030
9599 8641
2307 6707
4219 7443
5137 8270
1689 9394
6747 9220
1220 4333
573 8021
2757 9881
1142 5060
8038 6100
4265 3910
9457 9972
5719 915
1972 6182
1693 6767
6791 5875
9955 1465
7219 9727
6031 18
27 2120
2062 2158
6933 5815
112 7295
8924 6350
4444 475
3227 5643
2212 9439
7601 5331
6290 9137
9652 8220
3168 3607
1084 8348
4870 8832
4001 2678
9051 6804
5237 9138
1257 7638
1391 5652
9468 4630
4914 6916
3717 1854
504 5414
3215 1854
859 8122
2299 3795
8652 7198
3628 6071
9213 41
2084 1539
3664 4178
1975 6974
1811 1609
4473 3935
5163 193
2181 5492
1552 6373
1014 6707
3795 7245
4894 6161
3160 745
6715 3130
3327 9727
8253 2892
356 3179
1331 9644
4759 4916
1410 6428
682 7684
4680 7777
3552 5527
3486 7159
4371 3235
984 699
2504 9569
3429 3848
1258 8257
1752 9394
9103 9586
2241 6333
2197 7566
9485 880
922 7908
1749 8589
3143 9259
8834 4055
4790 3861
7065 9622
1413 3386
864 6600
9303 7926
8599 6656
8999 8832
6623 2857
6347 4759
76 7990
7011 3783
1629 8928
5877 1611
3725 8033
6668 1314
3553 3905
1082 5506
7511 8135
2670 6190
3162 4257
5458 7765
2140 7040
9628 4419
1467 8223
9564 2201
3997 238
2834 8787
8069 423
145 8350
643 9786
3685 1292
5199 9374
4362 8737
4052 7766
1848 5686
1980 9378
3849 6796
136 4050
323 3629
2253 8898
9883 1504
9005 1424
2476 6432
9576 9346
3539 6746
5263 8203
3565 3851
5602 9475
902 5291
2602 3255
2088 2387
9739 7539
849 7005
4355 6725
402 3256
4292 4481
6098 8604
9738 4025
2509 570
3632 926
4414 6649
4828 1590
2862 7518
5218 5558
6795 190
4503 6344
9995 1834
2366 3293
9528 8482
7751 1960
5360 8499
5534 9191
8798 3389
6159 7559
2235 7104
7472 6416
7014 2331
5345 1829
2729 851
1548 6012
8819 5857
2727 7846
2459 8431
1407 4114
9437 6126
3770 5787
5246 4671
3455 280
9787 2321
288 5741
2633 5959
6541 2595
3701 3319
2023 7100
108 4480
8963 5586
1418 4891
3319 8278
820 5341
3208 5548
2135 4128
3566 2758
7834 3340
7661 2914
5294 4752
3401 1634
4521 4118
914 11
8501 6957
182 5547
6939 6819
9982 4617
2598 5853
3914 8967
1671 6640
989 5392
5136 235
855 4229
5649 2953
6819 4827
8182 289
1952 6765
4770 7859
2336 7303
2768 4691
7108 8605
1989 7451
889 5022
4092 7355
2847 1313
2729 9570
2125 7
1379 6880
1337 5553
777 3523
6752 8277
3136 9436
8961 9138
1103 4865
5785 6282
5418 9872
1292 4782
9289 8454
6911 5179
253 1158
5945 1926
2406 7582
3509 2739
6676 5397
9127 8415
379 2169
7403 9374
3328 9363
6818 7561
3934 8337
940 8100
2747 9964
96 9056
4176 1216
3289 6500
1546 5685
1605 6903
2815 6083
8931 4796
2999 7341
7985 228
6567 7691
9596 6912
4594 520
4940 1831
4563 1755
7989 6223
981 4960
4573 5439
4533 5366
6136 9575
3539 9114
6790 1972
7430 5203
9262 7664
9988 5831
7193 3161
3486 6344
1380 6151
3201 3898
1636 5183
2134 5051
8522 8564
3648 8230
4847 3459
9132 2593
4343 7578
4449 9447
856 6407
6822 5343
2688 8453
6011 2373
7734 241
1481 5821
2575 3966
6638 7566
5777 8460
1599 6716
9544 5395
2068 4305
3128 9008
639 8498
2521 9382
9160 6479
9680 2659
1263 5216
4333 7834
1331 4048
669 6939
6560 6236
3598 411
8201 4690
9959 5228
2312 7685
4226 5331
2255 2721
5922 1784
505 1211
6973 7722
3731 7850
2704 1073
3180 9831
9484 5385
1685 2433
2703 7035
2982 1203
8688 3617
6456 1955
6307 7735
9780 6277
8264 2899
7203 4086
438 4131
7546 3949
4359 7320
6314 5672
7871 3489
1172 5029
1758 4781
3384 2521
2821 6236
3223 6872
