3017 5226
2846 6894
5803 5443
8793 7305
4529 277
6893 8996
2243 4413
4208 6485
6599 7493
9517 5395
3886 8258
7942 2178
3784 263
7289 7302
2769 6432
1449 4021
9183 3429
3906 9822
3134 3564
4886 2231
9232 4871
3597 36
610 7908
5288 157
7788 664
9322 6741
1439 2771
5372 1468
7125 6506
3880 6782
5148 7605
7178 1521
2088 4461
6226 3963
4829 249
2004 3982
6389 9332
3591 8076
1891 5255
7626 5607
1857 4457
454 8028
4077 7960
950 5482
7656 1815
4103 141
8403 4889
53 4553
9960 5443
1249 3429
3768 654
8556 2126
4280 7367
2313 8254
9684 9834
3674 8469
4955 2181
6833 322
3268 8208
6883 8154
2068 1252
9001 4574
7741 3337
4736 2106
7331 7383
5888 2745
1386 5608
3625 1424
9479 8521
3930 7640
1472 4884
565 7975
8754 4818
5739 5937
2318 5066
9527 8008
4442 7698
3563 8785
3399 806
5071 410
5900 8380
2785 4537
728 3019
2803 6958
6276 6510
8044 5584
4278 8861
8431 3248
6373 2943
1761 6977
4325 3298
4115 7698
4457 5174
5347 7781
5454 7615
2365 7082
8775 5528
5302 2117
308 1260
2647 7204
3856 6391
2928 9438
6968 2599
7056 3862
6331 9721
7458 733
3863 383
3923 1309
3199 757
3266 6656
1360 8834
1291 6120
5318 8131
9019 362
7562 3315
551 7011
8527 8149
58 555
922 5346
4016 3971
5851 6757
5680 868
2449 9825
2039 8093
6381 8643
4803 3057
4970 601
2697 4423
4088 2684
4988 7312
8244 2985
9960 1860
3293 9530
778 8882
8176 8848
4586 336
28 3802
4141 9358
35 7633
8347 8339
2981 5853
3900 5247
5754 4101
3305 7828
8307 6810
187 4990
4561 9031
6264 9383
5381 4102
6097 8897
887 5001
4959 8003
7053 8914
9533 4091
1587 1404
1415 7448
8304 1282
8718 1187
485 7941
3341 2237
4936 822
9934 1829
1150 1551
1442 3398
2562 3685
9441 9898
3939 7816
2327 4690
8644 7771
616 7727
7537 6654
857 1791
3370 3171
2912 9019
2471 4209
666 7220
1973 3950
3053 8860
2428 5415
2872 6304
5397 6242
7037 6336
3908 8974
920 6327
4514 9467
1053 5899
9410 2698
2215 8034
1361 4038
5639 7873
3893 8719
57 2138
6464 9039
1421 3176
1632 4537
6068 7745
4478 4390
4107 3580
8559 3587
3211 8883
9208 5610
4907 6895
7289 8501
7598 6227
5181 202
5947 6673
5798 3813
5659 6782
447 4116
4297 3044
2248 2284
3022 8332
4714 1099
8635 9234
1105 6583
4408 4308
6992 140
3840 5693
160 2975
1230 3981
2625 6175
2178 4830
5360 9715
5499 376
9387 2705
7001 9112
2823 4726
673 7208
2961 7823
5314 5690
2293 5585
9271 5495
852 5328
5611 2535
9327 3449
7486 3231
1454 8532
8132 8766
5062 5349
9866 9114
757 6514
3004 7002
9788 4832
6164 5322
1651 6211
231 8957
1556 7371
891 4784
2477 6537
1888 1456
1706 8798
5156 2988
814 9385
1989 7527
8586 6205
5689 7014
2322 9152
5080 1582
3999 6741
5447 9179
8017 0
4219 9871
1193 2192
8147 5717
5415 7197
7490 1166
756 3252
1342 4813
2728 3395
7147 5113
3585 581
6479 7314
1630 9139
9872 8725
2792 7208
5250 9280
7269 1786
6850 1079
53 1577
4415 7441
6447 5915
8222 2481
9977 5912
6296 5355
3019 6307
3049 9633
2420 3256
5345 7860
5366 8319
2091 4258
4693 9660
949 3412
4362 5448
1863 315
6798 6626
3643 8906
5942 8627
7576 5733
3876 5587
7403 9445
6529 4222
2521 5433
1174 8994
1766 6007
8345 1225
4344 5691
1904 3771
1426 5934
7933 4709
2807 9267
200 3298
8581 3051
427 9594
800 5764
9248 7068
6579 8010
3150 9224
1483 6199
3602 9223
7275 3927
4974 8334
6641 5855
3619 5120
9092 9627
1856 4345
9041 6064
364 9110
4904 7353
4926 309
2513 5280
3922 4919
6109 5631
8669 9975
6626 2223
3835 6348
248 7870
3173 9365
2360 7029
7197 434
5321 1570
141 6114
3831 8022
3397 9914
9277 6523
1029 636
3080 9313
4084 6927
1598 7069
1328 2617
6007 1027
8527 5802
1199 2243
4970 8853
9984 6012
1718 9623
881 877
1472 2931
4120 7397
1054 539
9454 4018
708 5244
482 7552
9954 5723
614 1710
5075 9017
9109 8938
2054 6288
3778 1738
4 990
7376 8011
6244 5144
1644 6807
9193 2130
860 4367
3322 8139
5455 6399
4056 537
3607 5248
8895 9212
5267 8014
3185 6022
4731 9370
2741 2509
6176 957
2580 8837
2276 6885
4223 8643
174 4142
8447 3706
1931 2932
1275 4442
2731 9374
2132 6970
7639 6951
8226 5436
8298 3475
1134 7975
4033 3383
4902 1855
7495 2324
3694 8374
1919 8430
9487 4517
9148 4831
1925 5328
1177 92
594 5998
6754 5303
7237 4792
5624 7488
2374 4256
2990 5190
5051 5082
38 5682
3527 3826
9386 3530
9819 8354
3748 8480
5184 7170
2172 1134
690 8496
4789 7580
8009 8327
8235 4051
539 4099
9412 5766
3014 6818
2034 6151
267 4323
8765 7761
4283 7713
3724 6038
9866 4553
5224 8285
2708 8962
6231 8951
9915 7163
1586 5578
993 4984
5122 5780
5548 6544
2746 7133
6343 7718
235 7529
9951 297
1832 5904
1443 5287
712 3118
1124 6190
2947 7271
5409 5054
2850 5132
2705 6035
453 8897
1223 7485
2772 2180
9338 5947
3534 6667
2752 899
3694 6665
5372 8555
1251 3153
2294 4770
9725 721
324 4011
2095 6147
2294 4132
3240 9478
4405 1020
5323 2148
2306 3557
8660 6251
6101 6598
325 3374
1539 6530
479 143
1366 2950
1040 6730
1114 6023
4717 9531
1230 3583
4534 9257
959 5600
8091 4009
9433 8025
8791 4119
3252 7623
9245 6662
4404 2511
1430 3338
848 8249
1291 3980
4114 6986
9519 2471
4733 9340
108 720
2323 6094
3880 7313
9549 2826
9930 7551
