2413 6518
6766 157
6445 9367
8611 6371
3112 7031
8493 7538
9468 2119
2253 7971
969 4845
2325 8997
5087 3951
1716 6082
3460 7112
2180 5161
4990 9122
3474 7770
9872 9509
9469 5183
3440 8204
3411 8644
5921 744
7492 1614
3740 9902
3842 5349
5536 9142
4727 867
4786 9175
9575 3125
4924 4050
2325 5218
1631 8166
1127 3547
7621 2630
597 8095
7537 8387
9772 8999
1028 3177
3314 228
1579 7338
5113 1203
2546 9234
8109 1657
1540 9234
5078 3973
9622 5057
2924 9841
3373 5265
3246 8818
9745 6030
9714 4987
7877 4406
952 3416
7333 6405
7386 1038
4482 8413
5986 6313
2949 3234
212 5530
2296 3102
6068 9766
484 5571
312 7512
8697 9523
2553 5714
8418 4357
5044 5785
1960 9797
1171 6110
1591 7963
4353 8649
4057 4297
9342 5007
5499 9483
4668 924
1354 7232
7782 1104
4954 7971
386 8903
3738 919
2894 8398
9973 8220
1865 6419
113 5483
2544 8019
3532 1326
6983 4709
8455 1772
277 5316
7940 5127
8588 3869
4507 2039
9921 6079
3067 1747
6981 4641
2115 9940
4601 9896
1122 5947
841 3453
148 1280
2274 9969
368 3782
1597 8558
1948 7580
9891 5045
3765 2444
8310 7923
942 8990
1803 9584
3385 8468
7170 851
9715 3754
1607 5575
2663 9148
6152 6218
1814 9031
1744 2318
8446 1241
7645 7797
8500 5678
698 5318
7436 4663
2442 7580
3598 7933
3919 9169
3667 4524
9866 1825
352 250
6572 4939
1689 6295
5763 8324
9938 4181
3187 3468
1629 9246
3932 104
4723 9103
2846 4087
1765 5225
2504 5973
2531 8816
5391 5437
6385 7705
1818 7293
4454 3721
9906 8282
1589 7479
2924 8868
264 1584
638 3241
5816 4444
218 1059
9009 8951
6967 4691
4042 9756
1313 8254
8454 1873
2401 3741
5007 6871
2201 4857
9715 3856
7393 7297
1988 8276
2366 5171
5667 7164
4314 8917
6051 6781
3084 2171
2292 3690
4932 3188
2911 4998
2887 8823
940 5991
8679 5666
5061 8302
1131 6772
6659 9674
3572 6329
3562 7551
3167 8760
3175 7272
4245 6579
4114 9888
8032 5149
2129 5622
1281 3664
9647 6336
780 1176
6276 5685
767 5932
18 3849
6635 3161
24 384
798 8647
7672 9183
1967 3606
4290 7372
5212 4517
6992 7608
8831 5251
6053 6704
2968 4839
1689 1535
804 6749
4989 3959
7334 403
5653 7493
8437 9906
8596 5222
4008 9730
8677 4411
9307 7278
5952 2294
8822 6553
1596 5647
1785 577
8932 1110
380 8138
5644 4923
675 7506
8686 3705
1914 4757
4553 4290
9777 8102
9910 5105
3457 4989
1731 2924
6131 5065
9793 6106
7019 5356
9901 5550
4955 4571
6065 2593
9749 3713
9359 5123
966 618
648 8292
8779 2561
4388 3422
8764 730
9464 6554
6397 8548
9640 1285
1788 5268
5186 5909
407 4433
7688 6605
7698 4336
9508 7294
6592 1436
9280 5727
3954 6590
9117 7008
5760 7851
737 9551
6801 5514
3403 2155
6681 6855
1536 5749
5645 151
2557 1280
5986 5328
681 8371
266 8748
1927 9106
3445 6852
5207 2585
830 4805
6979 1044
7919 7026
3236 33
950 7848
3482 9897
1970 55
8464 5285
723 6503
1195 7764
3011 2184
6004 5345
6701 156
603 4716
9450 4296
4677 9396
4829 6793
256 727
2268 5221
3313 8092
9255 7485
2629 7069
6179 7771
2252 7320
8363 9411
9908 9060
3286 2082
9565 8568
2359 7995
2359 6912
874 7048
5370 6991
8594 9676
628 6736
1340 9026
2591 7563
2747 2307
3931 6694
9266 1047
3038 4994
7296 1767
1248 7240
9336 5828
9541 5452
9136 7636
7392 9602
9405 51
1844 1101
6032 7365
2291 4301
5358 6356
1779 9639
4929 8317
5740 9548
2006 7304
1426 8050
6651 7208
9118 5326
2533 9688
3937 5704
6689 437
7500 2989
518 9461
2697 3240
3677 6140
9626 3950
1432 4548
1045 3775
3541 3763
6910 4871
1484 6535
5561 914
2577 5804
6666 5166
2831 6632
2631 1183
8422 4041
2135 9381
1993 7073
3292 4464
6501 4644
9979 5250
7690 4289
823 8237
5212 8880
6611 3240
1095 3353
1969 839
2389 3784
1919 5030
7888 7019
5409 6117
9855 7569
8851 6837
1375 4575
2517 7334
5465 8278
6058 5534
7988 8655
8604 4457
7725 9733
6051 8887
5274 8710
2490 6845
5882 1112
1740 3980
9400 2307
2987 7233
3555 8081
3963 9224
177 9148
2414 1477
9531 5508
4400 2687
9815 1978
6548 3160
6233 7825
1941 637
2787 5612
819 3660
8035 9787
970 5253
8502 4176
2550 6715
3675 2660
1912 9582
824 3585
771 6886
2646 937
3176 6359
2206 3136
5433 3859
3406 1726
8307 8780
4486 610
74 6683
2897 4576
8160 6241
5787 3044
6935 2490
3993 9344
1123 5625
2750 4651
7770 1643
8873 2268
2489 3582
5733 6474
6635 1187
5271 2098
4073 6465
2600 9532
8163 9423
1463 5674
8187 9222
9606 3816
3137 616
5150 1682
9973 6328
6014 2309
2356 4597
9601 4906
7174 4847
1497 6431
6370 5210
2160 7696
3006 6441
7138 6995
1218 4163
3852 8038
3503 4641
3177 1093
9635 5177
3250 8890
3115 8028
3779 3916
2644 6713
1799 5596
4079 5605
3588 7829
5689 1698
456 5147
2343 8298
2535 2888
3831 8221
9821 308
2327 652
9882 9452
1129 3509
3719 6722
5842 4789
2489 5117
489 4646
5851 1100
2726 7006
3305 9086
3847 5168
7417 7206
977 8768
1370 5563
6060 1875
2869 5532
2723 7135
7780 720
1279 6189
8545 684
4254 6202
2853 410
2178 7182
210 5602
1528 1426
3625 8004
8469 9707
9262 4150
2468 6612
7496 7242
2614 250
4743 99
5331 5215
9150 4830
7127 6212
396 9288
2518 4757
6051 4912
6285 7303
6991 9015
3429 1514
9410 7659
5331 4051
2057 7027
6026 1306
4903 6481
5568 6111
5454 8826
4826 6386
1370 7256
