1369 8441
717 7639
6034 7963
9163 8406
9217 826
6340 5009
3011 5026
9328 8250
5440 3706
9999 4742
9757 6270
2359 1344
6850 7093
4615 1243
6890 6766
2747 9153
8558 7132
9987 4889
3668 5429
3049 5686
2965 4640
9040 1933
5975 7216
3240 7477
1273 4968
4375 8701
6891 6205
1764 6597
9784 8623
106 9798
693 8054
8948 9272
6350 4416
420 7132
6928 7520
3124 733
6247 5492
3078 8094
827 8130
3913 9960
3917 7032
2561 637
4446 8864
1048 8763
9231 4879
2527 2338
4324 3752
9439 7559
2620 561
5969 9684
2342 4098
821 7268
3040 3008
5281 7288
3860 8092
6771 6107
886 3205
9243 7369
3330 5150
643 4396
3562 5155
9457 2054
8835 8990
9799 5448
1904 3737
7425 5450
5398 7994
513 8841
4126 2362
4572 6204
6108 8535
1823 5743
3158 2693
8075 7922
9833 7050
1274 9451
710 6767
2446 9928
7568 1418
1583 8903
6587 9813
8754 3389
9651 221
2779 9984
6403 7288
5472 9506
6159 5863
2755 4788
5580 3279
246 9404
1160 7353
699 9529
3187 1928
441 6619
7251 1859
6405 4292
434 8566
7081 5100
1992 3328
2841 640
4193 3812
5979 2382
840 4652
6839 4143
5523 9915
4822 7244
6141 8805
3766 8555
4584 3409
2672 3576
1467 2436
685 4872
6252 2342
1515 863
8530 4129
8613 609
4863 7299
4070 5030
134 2661
1247 4266
8966 6929
1771 6594
4721 1949
4857 6020
6689 3794
7252 5857
2430 8221
1869 6356
6872 9037
4489 5229
1342 7364
4497 8876
8326 4236
6136 6982
6867 6972
9099 9483
6804 6385
3008 6921
3340 7013
4205 6656
2250 4884
3409 2255
1393 2194
7025 3338
3028 6868
7226 9106
225 6589
8731 6495
8995 2749
8178 6938
4511 385
269 5301
3904 6794
1972 7858
2214 3599
2860 4296
1797 6456
8137 5859
4189 5093
5617 541
3608 8076
2752 4070
5130 9578
4127 7081
3804 9555
6905 8139
8218 4373
3311 6940
1740 3199
2231 7192
4943 2118
9568 3944
6170 9841
7781 4102
8106 6797
8366 3718
2131 9850
3736 8647
6581 6061
5047 3114
6096 5745
1327 6031
2792 974
1319 3156
9118 1879
2041 2750
2445 9655
6893 6830
8050 8329
3772 3590
4770 6386
2104 93
43 5366
1805 5767
5880 5851
2925 6966
3663 4628
1863 7807
2668 9058
181 9613
7770 6995
9256 4203
467 6062
3872 9576
3558 5859
5273 5434
5367 8986
1803 6885
1075 4587
4500 9895
9912 6597
1829 8362
2912 5576
958 4596
1841 370
3582 321
276 3363
7935 9282
5354 525
5812 5940
641 5032
3698 7442
2083 8619
1693 7143
8113 8879
9683 1153
5772 6379
4600 9892
9328 3140
1958 6498
9099 544
5636 7705
2532 7169
9220 205
3410 7505
2187 5194
6393 9081
1771 359
4239 1511
5242 4614
914 3618
5024 5066
4119 5112
9821 4771
3379 8704
3855 6836
1761 5427
1985 7130
4093 9535
379 8810
9787 4723
2496 7053
1585 9029
9507 4952
9649 4627
4527 8856
9605 6436
1031 864
6717 8404
3459 204
1870 8609
1490 9807
2121 6650
4052 5947
9458 8088
2581 6113
2869 8386
9650 4484
2664 9009
5478 8394
4573 5417
2338 5973
1770 5381
4131 9906
6612 1116
2739 8141
2319 3744
737 8216
1959 6983
807 7646
2049 7950
1159 8381
8849 1703
5882 7054
593 5346
4397 4396
8246 479
6481 1083
21 5547
8722 3724
3854 9764
9818 6116
1296 6503
4475 4845
5388 7695
8577 7381
9120 3864
6623 232
4685 9795
9685 118
3907 3704
9171 6444
3880 2969
1775 5185
4974 8204
1176 4996
9407 4585
9812 24
8823 6084
3841 3633
6801 5854
9967 9343
991 5377
247 9673
1641 7036
3855 4318
1822 3813
5573 7574
5180 5019
8201 7619
6542 1303
8574 4872
4527 960
6414 4928
2479 34
5254 6667
1649 516
2624 5614
7060 7263
1426 5691
2209 4725
9052 3040
8222 4169
7277 2669
2421 7286
4167 5119
2886 9430
629 9822
1298 8507
2678 355
1166 5718
6529 3974
9697 5196
723 4767
2797 8970
4484 3608
9382 6990
8496 7135
8523 4547
4243 7185
4770 2900
1254 6370
1036 5510
6001 5108
267 6567
9715 4026
3087 9064
3294 8320
0 4911
4927 8765
510 3441
696 3720
5534 964
110 5865
3322 7344
5625 36
5403 499
9836 9523
1540 2522
5229 301
3711 4034
9461 2848
3676 549
19 5292
6647 403
9321 330
6326 7020
174 4668
7319 423
6806 3730
1137 6719
8740 7221
3716 6988
248 159
3767 1221
5409 7051
1200 8846
6238 5990
1709 4778
2718 5625
9 26
7938 7895
266 9612
6205 6563
1903 6244
9368 7593
1809 6316
8997 3610
568 5861
9202 6114
549 3385
5668 1155
2189 9858
1041 7114
3802 9651
2683 1470
5258 1760
2915 8376
6206 943
1989 7316
2108 4375
1873 298
1315 5004
6442 2211
1574 7339
3054 7825
7111 3120
7622 2512
3061 3102
8943 2313
1075 5287
9590 8140
876 4431
3525 3767
2487 6011
419 3688
5952 2962
3325 7366
2809 2355
5591 9036
365 4876
5590 8891
9486 7548
1007 8001
953 4884
6939 9913
8020 73
6235 6608
6349 4467
4435 402
4120 9277
3487 4144
5163 9469
4106 9732
4018 1821
6264 6207
8144 5760
3540 5147
4094 9516
9277 5590
2942 7574
4188 6945
5907 8458
1783 7588
8918 7881
9114 6462
2507 5961
1925 9990
957 6462
5770 2149
844 3571
6652 740
2438 4891
307 5508
7465 299
2695 7710
1558 5241
2600 6228
8185 9265
3743 8121
3740 8223
5728 2462
9020 9721
3160 9207
7803 5565
3448 6739
4002 5873
3820 8197
3411 6857
9017 7854
2437 5986
751 4232
2423 4492
6400 6112
850 1721
7166 6298
6238 8283
9180 7826
7965 4525
8763 9371
3956 4697
9600 4751
2372 4806
3104 5896
2109 9280
3686 9568
3697 7591
808 4496
9160 4106
7510 2534
