8250 1926
970 2837
3221 5779
2174 4030
664 3185
7408 8777
9025 2862
9630 1633
3414 3717
2017 2362
7381 7529
3945 6758
1855 7934
7615 2610
7913 1886
635 5220
8781 1198
5214 3354
2741 2950
1895 6286
9207 7978
8253 3769
8305 33
4084 3413
9684 4843
4080 3132
3493 873
6998 530
3735 2850
2639 9211
3307 2171
5955 3757
8684 2262
6389 7643
8975 6279
8143 8885
4248 3273
1608 6265
4440 3056
7953 4276
8694 9909
1569 1965
3005 5759
4245 2975
1325 2260
7183 2274
544 2031
8998 8590
8072 8034
1447 1966
268 2941
5605 6779
4395 137
5810 1397
8884 9916
7403 1877
3652 111
7418 1520
4323 6951
7085 4587
2846 5478
6241 3188
9069 5626
9064 7515
9780 8109
2724 1180
8305 531
9068 980
6902 5670
6804 5098
8754 9253
9169 2033
7860 1092
5792 3712
3929 4400
1926 1959
1892 9640
7989 5789
6363 2917
2980 8955
4573 3675
9482 1864
3590 8735
6286 8573
9687 1357
9979 46
5087 4579
2181 9522
8550 608
2397 2996
327 227
200 4473
6841 4240
8898 626
5670 7770
6157 709
7996 5949
544 8325
7681 9958
7494 3060
6485 8257
4684 8502
8111 813
5796 9096
2029 5327
4569 6297
2344 1290
3390 8175
7432 232
3052 2554
8420 3899
8870 8822
1255 9752
1402 3108
677 89
5313 8053
1482 9889
1837 3045
7882 1609
8450 9776
5985 974
3341 725
1161 1846
1055 8918
7675 4025
3447 4638
8703 1587
2207 7022
1264 1956
7476 7589
7995 6119
1348 4161
9332 3375
9670 4246
2151 6898
9329 8819
9897 1701
2253 6747
91 1299
2472 1965
241 1970
9060 539
9130 1290
2288 3852
8276 3630
566 9921
7552 1860
1654 1518
9379 9170
3614 9720
5079 3024
5613 33
2390 7017
5110 1965
4392 8995
9216 3788
8401 5067
8689 3148
5180 6319
8799 6663
4046 4840
6707 7528
4468 1680
8371 8827
8914 2183
8105 1892
1393 8517
5731 6049
8066 9777
996 9613
2896 2925
6433 3846
6031 1889
1027 3966
3283 2953
6698 9132
3905 236
2408 883
7003 8694
8556 3908
726 3629
4850 5738
2247 1698
1388 966
7523 3634
750 1707
9085 819
7895 7554
7733 1732
7870 3705
2183 8632
3811 9371
5454 2362
5347 7632
8696 6556
2161 6636
5956 1040
753 1461
8290 7293
7899 6239
7914 9513
4674 7121
1643 3537
2474 7379
6146 8870
512 2203
5933 9162
1435 3526
368 9496
366 1075
8772 1648
771 4269
5814 1086
481 6007
2982 6101
238 9166
3075 1862
94 85
9215 9173
5919 8436
764 581
9362 6321
193 6372
956 8079
482 2292
9846 4484
2063 1486
1654 2379
8728 3169
5235 3248
1552 4317
2745 2346
5652 8622
1583 3249
7421 2265
7991 831
2412 4528
9032 9358
1708 1303
296 8819
6492 9767
978 1448
7318 284
9050 9739
4540 8815
6706 4125
7729 9736
8951 2041
5203 9177
5210 3932
356 8878
8347 709
2447 824
6037 1751
7532 8880
1980 2112
3117 9923
9002 6836
9350 182
5053 7288
5764 2019
7682 8824
7811 4786
9895 2367
9191 603
8389 571
5659 273
1755 3323
9176 2936
6875 2486
4547 362
8709 3321
8705 2286
9572 3696
9605 8321
6003 82
2858 4213
4535 891
6742 1962
593 1620
1417 4105
4338 2997
990 2577
1556 4300
624 1836
9219 2107
257 3391
521 395
1206 3387
606 5067
5946 2796
1972 3176
1741 9409
2008 9762
5004 834
9133 8559
1621 2829
5074 5603
26 5156
5154 342
8751 509
8268 1871
9008 8811
2967 4609
2566 3511
8413 2118
1412 2292
1131 9750
1359 9626
8693 433
2151 178
7701 844
6629 7803
7310 1111
8916 7272
5641 4383
3721 9781
2855 4562
7018 8905
8931 7916
7672 9304
9689 788
171 57
3797 223
3870 6242
48 9111
3688 1265
1648 7253
1225 5313
2476 4116
2223 2627
4940 8096
8509 1394
8987 637
507 8349
5515 83
1082 2250
2377 8054
7002 572
4765 3005
4545 8078
6717 9079
9929 7589
8853 1832
3585 9604
2772 614
7276 3929
133 2878
6026 8026
9289 574
5036 9273
629 2663
3418 8956
7720 3862
5747 2176
7713 4070
3431 789
5980 8907
5844 1956
863 4327
4916 6803
8523 5363
2487 3055
5028 2718
5480 7537
7736 9840
7400 1907
31 8491
2272 2758
8142 2642
5346 9690
3725 1528
118 9807
9379 5976
4590 3413
7011 8883
2091 3774
9396 2758
5879 9381
392 6925
2198 8168
3337 6501
9219 4940
7010 5885
8877 9359
2411 5023
8853 9676
1461 2142
3438 5667
2821 5708
6518 2408
5793 435
9102 3991
219 1358
5788 8835
495 5341
9593 6718
9133 8274
5165 4515
9801 4770
866 638
8141 1082
305 351
4237 9282
7426 9776
3706 9237
4920 2380
1335 726
5673 7703
365 374
2278 7787
837 4561
8520 2188
7491 8310
7426 8967
7767 7567
1425 1540
3326 488
8265 7682
6882 9761
9141 680
8427 1435
2608 1776
3763 2668
408 4258
722 104
9917 263
9013 1406
8325 4285
6306 1110
9391 2786
4770 2156
5038 7578
5854 4992
3986 5723
4385 6134
5768 8744
8151 8208
5 5310
9589 8777
3496 7445
392 490
4038 4485
983 1074
9477 7013
9326 7518
427 1521
8825 4207
8899 1133
1385 6594
8568 6546
5882 7557
2785 8238
4376 7854
8346 4236
6124 8509
5743 159
3373 2657
3782 5794
7416 8643
7653 7158
1692 1228
9197 6424
9449 3518
9042 7075
2444 5549
9675 4782
4954 5206
1835 3388
1039 1877
9982 7544
2876 2866
8529 677
3840 7497
9725 5133
7788 9557
8245 7837
2904 3211
334 9785
8239 3989
1418 3706
9885 9957
2563 5151
3090 2929
2894 7731
8488 2585
8518 3013
3656 8282
5599 7474
2878 4744
2054 3162
9644 988
9352 4245
1170 1263
6247 8180
8697 3774
8824 9486
9564 52
8723 2362
2403 2272
8287 5596
957 490
1728 4178
9 2247
9076 7306
7983 8470
1884 7055
5999 1540
4873 9190
5083 2745
3987 4240
2921 5083
4974 1801
5377 6993
890 4512
1039 2905
3821 8256
6279 3436
1595 5743
9369 5465
8943 9823
6016 9725
8380 7351
2495 3793
4432 2914
5913 8824
588 3410
6393 5120
736 2741
7616 935
911 4427
9759 152
6613 6453
2214 5607
4215 6290
3457 3512
8351 90
1536 2013
8613 7567
8124 4886
7976 6894
4588 4842
5333 3535
2124 7147
3859 7213
8734 7475
9864 4509
4265 6165
4190 4185
7756 3434
7710 596
8371 3716
9091 3557
643 5053
7567 9282
9288 3168
9277 2326
6305 6952
1194 3435
3975 181
9076 8114
1276 2592
756 5842
397 1968
4349 8891
5 3978
823 8641
2215 6214
1429 1113
8662 3397
1355 2741
8405 959
6335 2666
8270 1579
7237 143
7160 8899
6413 599
9064 3404
2491 1157
6715 6828
1206 412
746 171
221 3315
6732 8894
3203 5582
9377 1011
4341 5472
1 184
116 4699
7346 8546
5091 5085
9195 4903
870 9758
7639 1034
6940 9008
8071 6824
7600 8807
3027 1420
2372 3960
8930 1212
3312 6913
9025 2789
9317 1329
9219 668
7732 2430
8993 5707
8944 6745
392 6454
4953 9913
93 9684
7896 1333
872 800
3292 127
3813 3780
9274 9365
3857 5436
8803 353
9865 415
2416 5426
8664 4197
9425 9799
5187 5789
6057 2154
7169 8597
7259 1571
2728 3962
8320 5299
9282 1775
1264 2855
2579 65
8159 772
9223 386
9726 598
4425 6396
5734 3572
9120 3439
8428 3440
1446 1830
7010 1626
9330 4322
390 9228
6939 1831
7279 9902
9046 9905
4989 8698
3997 320
5795 1461
5688 7900
35 3020
1239 2129
9969 2417
9536 64
8096 2414
9324 8821
3478 2869
1186 2904
3536 4787
2037 1718
721 7145
6903 8613
1558 579
1800 2318
3212 3033
4708 4846
5031 7513
8960 7479
3729 3817
7795 7544
8766 9191
6997 4037
9340 1860
5464 9466
7437 773
4921 3934
7039 7179
7030 8909
4271 1723
5635 9186
2385 231
7887 1000
4850 1686
7124 3449
8158 1225
3734 6241
783 2262
9068 7026
731 2081
541 3799
9489 8340
6 6911
9107 3607
4920 475
4282 2244
9047 3803
5989 540
3966 8945
4517 1747
49 9469
7102 3295
2941 6549
2288 1084
8715 4656
4759 6393
541 4158
5992 8287
2148 7843
9402 1510
3238 1597
6423 2970
8748 3548
5879 3153
9930 7822
8863 9603
6202 536
7192 1485
1061 136
7527 2894
5535 8703
1635 8117
9428 2507
75 450
4964 2206
8785 2886
9674 1336
9651 9035
6989 2855
5637 7780
6778 4743
6630 2931
2906 2916
3875 7226
1775 908
6055 494
1696 4160
6915 2255
1850 2012
2190 610
1093 65
4678 7967
1451 3178
7715 2851
4312 9725
1495 481
9371 9943
6987 3290
8369 1255
9432 3357
1158 966
5139 9610
1130 239
1062 9638
7014 9332
2706 1462
7848 8731
7311 3
307 440
9428 2587
4413 9920
1176 2844
7826 2696
1582 1680
6953 1728
3391 6214
2577 2592
7789 5090
6516 6058
971 2676
8634 3781
2424 1586
1489 9939
7977 222
6638 7570
1295 3020
7284 6689
8785 1564
9932 529
7451 1442
9943 2372
2402 2586
4031 32
4652 9523
1590 2290
3875 3815
1438 9255
9058 3574
5951 6380
9761 0
7494 8323
6459 9846
1041 8783
4663 245
8351 7086
675 1999
7136 7330
9709 9380
2106 1397
3798 9885
1385 3196
9622 9897
5346 1973
