9568 642
1528 4831
8677 2417
9264 1292
6241 3701
9371 610
3406 2554
2718 2315
5919 1462
4610 3240
269 4312
1055 8439
1124 3542
6643 8165
7252 5667
414 4596
1885 7557
6818 3587
899 2758
7345 1276
9655 5109
9695 3824
9920 1480
5166 9074
1765 4361
8454 1944
9962 1733
5550 289
9678 9540
9495 379
5514 8835
3321 1822
6501 6158
2694 9156
2149 3843
1359 2662
1586 2552
4510 8234
9889 3191
1957 4176
4349 2767
5050 4315
1516 3149
9029 6372
22 4359
409 2252
9287 4690
271 1802
6090 1851
815 2921
5204 9828
6235 6147
7265 9155
6205 3504
7448 4670
6757 472
969 5487
1247 3783
726 1973
5284 3044
9669 2634
2057 2178
5323 7978
4195 8846
9363 8077
1579 446
7946 8833
9582 9009
3117 9742
2124 1548
2485 1011
4784 884
8338 4518
5636 7409
1370 4887
1672 2052
8892 1239
5689 1902
5227 8391
2013 6412
167 9962
9833 1713
7974 2353
1834 8795
8444 7254
412 8817
1999 4033
4389 4003
5821 7180
9524 2135
9813 3568
202 205
8814 8104
8047 1723
7893 2797
9882 3011
4146 8073
2123 5910
8961 1496
5874 366
7382 6382
4716 6895
7333 2325
7367 7342
3519 3072
6065 1483
6205 749
7427 9678
538 559
7160 5798
1772 2808
8029 734
9952 5946
1003 1552
3868 1913
195 7633
6344 8915
8507 9520
7148 1897
8084 5792
1291 3780
6796 2888
925 3039
8989 376
3585 2482
6904 6231
7736 593
590 2029
6548 562
1869 5580
7724 4429
7327 8814
2375 9998
9231 677
2656 901
254 3666
9975 3337
1139 514
8299 3433
6493 7056
9364 7213
8950 1188
4135 2926
7750 7321
420 1321
9234 300
7236 5797
1958 6313
8581 1080
2214 8624
2231 3600
9287 2554
2464 25
3536 6822
6060 3336
4798 7422
708 6846
5141 195
2125 1480
6659 1211
626 2194
7225 1708
8854 3318
9943 3609
6991 1401
5518 1493
4939 6652
1968 858
7306 7810
1277 3979
7060 1491
829 2391
2071 8455
699 5579
2334 1348
6461 1558
9702 1852
8930 8026
2749 6810
4364 5630
9078 1207
470 4035
2080 1477
5260 6688
194 9738
6921 2091
5733 7057
9266 1025
296 746
161 36
5401 9674
5965 2824
3901 3797
9193 784
8675 947
6726 5644
1667 1661
2046 8757
7465 6639
668 9770
2467 9177
1452 4244
9053 3806
9042 3202
2762 2440
7927 8152
8784 1128
8082 8413
4630 7716
9054 9220
8157 3330
287 4336
2895 3198
5863 8438
7061 5270
5712 9050
4250 4471
3624 4256
529 2130
3826 4790
1780 4868
5355 1066
1787 4764
9448 8630
3594 2854
5310 3395
2617 5212
9958 2721
7488 7158
5674 8794
5991 5590
6788 1831
7993 1659
2804 2652
4581 6260
5509 8317
3088 4415
3898 577
5627 1893
8303 5
3730 3473
892 7941
6934 1512
6019 7094
2683 1324
1716 4690
1262 569
4374 4752
5645 644
3623 8060
8780 1018
1448 198
1096 9680
2160 9532
69 1484
272 1026
7338 1210
6131 6639
1341 1658
393 4034
6157 4952
9158 3059
2153 3769
6828 2155
9266 6613
9160 3068
3022 511
3765 6077
8210 614
6295 5703
1925 3380
5813 2402
9107 8700
2798 2609
5763 3475
4075 7462
224 5271
9715 9584
9032 3849
3929 1328
7847 9040
2993 6082
6336 6396
9681 8944
7355 337
1819 4530
1279 9095
534 9127
7333 9749
2303 5137
9219 157
7636 2678
1583 3783
5436 730
3505 609
4898 3944
1142 2966
2788 5587
3277 3500
1128 2412
2837 8570
9196 9671
4333 2356
5859 9598
5887 7832
7543 1421
375 862
3376 2477
9601 2266
1504 2537
2668 5127
7667 6188
5409 3219
3166 654
8255 607
2530 5669
2817 3776
4193 2601
9659 2392
775 2265
8880 2483
5061 1840
2670 7158
7672 8630
8803 1342
3005 8558
9113 2861
44 1664
7949 536
1331 7681
7006 3692
49 7359
2163 8477
5668 8295
2468 2944
7712 309
5499 9277
9444 4165
454 1266
7459 6563
1994 1227
7186 6377
1788 5808
4404 1840
1576 4268
1661 2088
6138 8366
5561 6884
3362 3989
746 7539
2160 2180
8430 2013
8017 6826
2521 8742
8312 1886
8965 505
2686 1746
9309 1227
311 175
8085 1871
42 3523
1841 4391
9831 229
799 1817
29 4636
4511 6004
7377 6748
1300 9921
7335 9631
386 8674
1229 1010
9627 1481
3074 1464
8555 1783
9435 9929
1732 3693
5125 3926
8968 2092
2696 1243
6537 7939
2861 3135
3254 5195
1787 2335
3845 9550
3387 7540
5920 9944
10 3849
4424 217
8038 4656
8281 371
1608 4929
1273 8633
366 771
7435 9210
5171 9703
3373 3467
1541 7517
7475 8447
5911 6969
774 3979
8313 2901
328 5857
6139 8154
7942 1435
7260 9205
9028 232
5594 1947
3366 8788
5022 9180
467 2772
5227 5775
8067 9926
1926 1338
9706 466
7398 8519
9338 7139
7930 8865
22 1091
1598 179
7961 868
9942 2000
835 6978
1053 5578
6121 157
8610 2235
1643 8561
3884 8359
4795 7605
6167 9020
2113 8376
7414 991
3000 6707
1669 1892
6100 8203
8771 1770
9422 657
364 2898
2628 2225
6729 8472
5254 3573
9499 2347
643 2319
9587 4553
6510 3217
997 4635
7795 3464
3749 4481
7010 1971
6180 1361
9179 6579
6853 3314
8953 3216
9596 6858
7810 4513
1037 8090
8766 4302
737 6248
6578 9363
7053 7149
1517 3232
2696 4243
4889 2387
5528 2203
7170 3780
7412 6422
9208 827
1321 1725
5745 8980
4472 7962
1858 2326
8548 7471
118 375
3945 7640
5619 7592
1747 4057
2344 3629
7762 402
8676 337
75 4718
4250 9593
1888 5768
6402 8212
6613 847
749 6379
4645 6168
258 5095
8719 6836
8432 9632
6848 8990
4000 9930
669 3655
6110 5852
2341 9779
5063 4084
5171 7720
8914 6275
5005 6852
5558 4063
7052 2736
3628 4572
803 2041
1185 1954
5834 2655
2157 3160
6801 3001
7346 586
4822 3743
7730 8941
9780 2310
9622 9857
4885 830
7666 2342
9619 4836
204 3560
3513 4873
1 994
5819 935
119 9855
3902 8217
234 3533
8089 122
5146 2383
9263 371
2030 320
5926 2342
9650 389
6498 8822
6851 3091
868 1631
5497 7430
1857 8897
8150 1147
4557 3165
8451 4769
5607 6426
5804 3157
3513 1332
965 773
7473 1551
421 6140
7358 4728
1450 5369
291 2247
2061 1331
2164 4950
9652 3323
8000 677
1980 3338
6883 2350
321 4719
5959 4235
8221 236
7735 8744
4197 4319
270 2309
5970 946
536 2846
1372 6465
9058 5604
17 4618
7593 523
5734 1349
4896 7303
3430 637
7843 6998
7969 9590
681 3453
9277 9263
8548 8736
9481 2268
7445 1475
9141 1046
8134 1548
3823 8799
4042 2687
157 3941
5898 8528
2017 1894
9808 4716
1071 4541
9697 3317
2961 289
4930 3554
1735 1817
8036 585
8446 5444
9674 44
9728 9320
7024 9676
7622 716
799 3956
9666 8698
3877 4699
5918 8762
3152 3010
6297 4966
1982 745
5791 8312
6141 6695
6946 2940
7958 3685
6260 7308
5953 9762
7734 7333
8709 9084
2622 2301
7610 2193
2184 2713
4349 520
2423 8062
256 3402
5460 8944
9741 2595
6770 4535
3819 9098
3777 6966
8700 1127
9677 3980
8578 6898
9011 4723
8035 9679
1029 603
5794 7266
5886 1351
169 2463
403 424
6907 7276
9368 3010
7114 506
2846 9058
5706 5203
2374 1026
2331 4173
9472 1090
8909 9653
1596 4478
849 6944
4157 8787
4607 9661
7705 3082
2156 6136
3688 1026
2897 2226
287 4953
883 1671
8497 8909
8835 9969
790 6458
3298 3055
8820 2369
5246 9495
7657 5247
3837 8553
7838 978
9804 562
1279 5481
9578 9613
3737 7410
9731 1462
243 3561
2783 2078
9084 330
7910 5796
6071 2969
63 9647
6747 2020
373 5644
5139 6790
3836 4023
6646 3029
5629 2453
6417 335
1445 2773
2660 1455
99 4236
6587 8730
1922 8826
9205 6092
7363 8408
8105 9948
4925 6713
247 2944
6583 9766
97 2999
5467 6853
8548 2152
6517 3414
8831 8520
8919 509
9691 1025
9415 1081
9784 6168
573 5826
3314 4333
6288 3042
2350 1935
8442 3073
8270 1002
9871 2389
3396 1342
6159 7772
9879 3305
2251 766
1500 4244
595 1923
4299 3110
3435 5418
5981 5397
8446 9571
6611 6971
7080 2754
1512 4511
5472 9550
426 4073
5911 332
1672 6287
8242 661
9958 7520
7883 3590
7500 5695
1714 8099
8697 567
9424 923
2448 2981
4427 6962
8282 953
1641 6336
6258 3432
4330 7923
8031 6094
9595 9948
7831 2258
2385 1250
6828 8509
1437 517
1617 4648
7318 4998
5121 9602
8761 9740
9901 9978
3778 621
8262 4305
335 539
9848 50
3607 2981
7738 4650
8068 6511
8130 735
9640 2492
142 3244
3877 3079
1349 3014
7666 6732
4297 2008
9716 4320
698 3336
6863 9791
7209 5998
3905 3726
4065 8684
8374 3022
7357 887
5364 2530
60 2154
9462 3357
9490 9853
470 1253
9908 3870
7015 9763
209 4852
6870 3029
2431 3468
4795 4593
8655 9820
996 1457
2385 6061
8128 8366
9840 437
8764 4897
4248 3804
6073 9765
2566 3094
6030 3415
285 4599
970 1175
5660 1499
202 7292
1045 7841
6996 8702
8198 1880
8308 205
1291 2259
4731 9178
6519 9232
9583 2721
320 5981
4915 713
1385 2540
2474 8892
7947 3475
