8297 973
9381 8629
8177 410
9268 9902
9683 8204
3372 3971
9234 9104
2094 4177
3377 4333
2464 9894
1911 3903
9592 2680
629 2269
7430 9200
5624 5504
8849 7578
8106 1783
8826 8668
38 9916
6830 8665
1071 1311
7327 4943
7741 3756
9670 231
358 499
2110 3986
2353 2334
4210 4968
2533 7634
7877 2057
3057 5514
6522 9479
4940 6641
4646 6432
7625 2516
911 1313
464 1002
617 4124
2347 5247
1257 1959
3478 1244
4345 7245
5903 448
4413 982
3641 4029
6925 7473
6170 1951
7360 658
3906 8869
8807 7985
3512 1102
7485 5366
2336 2649
3053 1082
576 5403
9699 3798
888 1697
6810 2671
8482 1229
4666 1948
146 1078
7235 7262
7725 9252
3320 9931
956 4339
1283 4468
9436 7234
5288 7718
5318 6825
1491 1632
1662 2515
6584 256
1004 1535
6559 8076
9308 7579
8109 9479
839 4851
1767 758
8050 1854
8463 7923
6608 9518
5467 8656
8962 4089
511 3435
1257 1428
2313 5468
2525 2251
8431 5185
6210 2293
9206 9782
373 6094
996 9767
6540 5960
968 2722
6653 1169
215 13
6011 3880
7242 3760
8231 4769
8564 5058
8180 126
1454 2606
1963 4982
7350 3299
1415 4112
1245 9797
9695 9713
7608 3603
9028 857
9083 3444
3683 6051
7628 2358
6859 4885
2758 8748
8849 9531
1657 2013
1856 9959
1939 1762
249 950
2774 888
9209 550
3976 2139
347 3746
5253 814
1285 3620
2665 2787
9284 4583
9462 425
7435 5202
8105 7666
118 7156
7906 8085
8807 8743
8299 9993
507 3581
9861 835
9461 5084
9898 79
9877 4068
1375 2066
2 821
2737 4361
6569 6777
2112 6753
8600 2131
6250 2710
4947 4382
8134 1160
9007 3785
588 3529
8963 224
3116 583
2284 1541
7940 4583
2678 6764
5962 851
7971 644
1819 2344
9366 2173
280 1463
3277 3026
9829 6382
8103 9421
8554 4738
8570 6839
645 2854
7702 8021
8501 836
399 2978
7564 9637
984 9895
676 910
1655 3507
3643 6395
4574 5080
8340 1004
5523 363
3396 1270
6378 3766
2055 2687
19 5164
1492 2344
8055 5975
5807 7895
6788 412
4614 9439
2724 2427
4260 2800
9727 8041
8964 6051
6141 2407
1278 2775
1233 1037
305 4084
6352 7533
9372 6272
9737 1675
7518 760
7405 8449
6714 593
4369 4786
4432 8509
726 8719
3672 1
7353 558
1596 4517
4834 5380
3764 8486
2695 2777
8628 7800
9788 9764
8734 6133
8803 580
940 3431
2078 343
4864 9069
7804 4240
6624 1714
180 1604
3420 7504
6395 5009
4736 7172
3228 1403
9512 8889
4938 7962
7195 3000
9848 8856
2831 2261
3066 1660
8276 4253
24 1850
8545 576
670 4176
9794 8494
9431 934
9753 4103
9700 2309
7121 9871
5724 2985
5620 7632
7336 6507
9021 1453
5009 2374
2824 3825
297 3716
4257 3660
8527 6198
682 2474
2876 5022
9122 220
3474 3543
9957 3483
1253 233
2041 6179
6036 897
8448 6902
9095 4269
9009 9184
2396 7557
6369 4350
2792 1379
9704 9337
8916 1176
2365 1958
1410 8029
4867 5812
2279 6501
2304 6674
3158 4065
6417 710
5535 9209
396 953
8495 3315
9671 8778
6045 4621
6909 8738
6167 8766
7859 2198
8414 385
4227 5725
7310 6476
1739 94
9019 8061
5160 6015
8738 8685
9939 8332
2833 7144
8146 844
3991 3495
1416 7510
2457 6228
7667 1740
9653 1531
4780 4091
8763 254
4914 1300
9180 2748
5394 4646
289 3665
3082 9300
4286 7347
1098 4841
129 5546
7415 328
4723 9191
1208 2668
4465 5759
962 5227
8234 6438
2627 3926
430 3506
5134 8505
7330 369
846 2172
8898 456
8815 260
7824 8763
3310 159
527 3870
2354 3623
979 3869
8626 8075
9509 1616
4958 2542
9265 6103
3841 3685
3249 3383
9625 6931
9445 5899
6539 5119
6448 2130
9296 3076
6895 7118
8043 9197
9975 1698
1316 2462
1713 822
1938 3677
8753 1763
9226 9414
1001 6071
8514 2402
8607 8628
7938 1461
6725 8521
4666 3147
588 3705
9765 1177
5935 8234
8229 9975
7810 3755
1909 873
8737 3480
9930 2589
8668 766
3036 1428
6005 3905
6265 8145
1891 4113
5932 6773
8133 7899
105 8041
450 9625
6272 3858
394 9873
3128 8857
5602 82
9411 797
6485 3584
1984 4286
5385 2973
8067 3142
3016 2519
8511 2621
6802 2046
1217 339
9588 8212
3384 5673
7430 6224
7164 9479
3445 2391
3540 9969
909 6248
8980 5588
8268 9431
6469 4273
7537 7622
6522 7644
338 2469
6786 7345
9742 1728
1299 9566
6763 7352
2263 6878
9555 9477
4975 873
9346 1072
9472 793
8816 7417
7852 7386
3324 1319
9465 2084
2303 4955
7685 5906
3621 3528
1994 2250
5509 3412
402 4713
9246 4633
7612 2175
1323 3888
3621 9791
562 668
5779 9536
381 1648
4862 7878
143 437
8417 1376
534 9722
1155 6384
8491 669
3603 8610
6449 1800
5165 5310
3749 7590
8792 2094
3174 8460
5015 1597
4378 3758
4198 6680
2870 2270
367 9837
5582 2300
1567 595
3111 3574
1270 3365
904 8473
8225 2895
7577 7945
7266 7931
3553 5603
2691 336
1125 3126
6377 9221
1376 1387
9468 8905
7830 3543
900 1696
914 1460
1298 3310
1779 8440
2792 1843
3291 5459
5183 3773
1071 3020
1161 4909
6130 9465
3856 1960
1660 2359
2265 9016
1702 7945
9890 9927
3265 7392
2535 5597
4190 2479
85 3608
2560 1816
5903 2795
2357 733
2148 83
9281 8418
2386 778
7862 2587
2644 6919
2499 426
8264 9648
2925 1190
2497 5179
9677 8354
426 4279
4555 6167
5598 7128
162 9184
9972 3033
2065 3953
5971 5940
8576 6890
2070 4306
5552 3494
1433 5183
8737 7472
1275 5792
8389 9117
9205 1072
9797 7903
1020 3552
756 5358
6753 6097
1005 967
7291 1809
7306 2197
1145 5300
3130 8748
8448 1749
8326 8059
169 1854
1834 9821
4651 8574
4376 233
194 715
1323 4120
227 9779
738 9855
82 681
7991 6357
6622 6772
3824 561
7993 2373
9240 4961
5173 7734
2045 1001
1368 6333
5418 7412
5390 776
5721 396
2722 2506
1792 2087
8336 246
2743 2965
4075 2650
6094 5834
9712 593
7987 2554
6621 1308
9350 8597
5309 9356
7366 5352
8750 1035
8406 5283
8819 8045
8430 545
5957 7698
2351 2980
388 2171
3319 3273
9700 740
7425 7927
8527 990
6084 3318
7424 612
7551 8789
1393 8618
2281 1999
2180 7704
9962 1908
3486 277
1300 5955
7831 2674
74 9070
2472 7583
1212 994
8798 7823
7434 6785
3886 5836
1584 1131
9233 8992
8879 8305
1382 517
5683 1456
602 9976
8258 5523
774 4560
7381 5637
457 3959
6893 41
1461 1573
1257 4147
9690 2900
2617 9910
1721 337
8327 128
1277 9894
702 9007
2347 3499
6628 8392
8920 669
7407 9841
3956 2656
149 6826
5721 5872
184 3913
9520 1698
9479 9254
3180 89
6779 8542
9138 1623
8825 2722
9465 9108
2487 1699
4270 3642
1497 2043
8705 7263
1240 5029
1383 9340
8248 1691
1419 3292
9602 2944
8011 7587
2700 6794
1426 3407
620 9183
7915 8144
718 6884
550 4011
4953 379
562 202
5002 253
8765 9501
511 8211
2786 9701
3635 3252
8085 9891
3309 4808
4753 2657
7306 8054
9911 1825
7336 89
8392 7436
1465 7330
2902 2449
8652 9089
4298 2634
1547 6078
4331 2668
223 1540
5674 8122
7060 4480
5796 411
1781 7157
2108 4016
2697 6217
4871 6971
9302 9975
9854 1183
3766 3978
8191 4031
747 7818
6863 9164
1484 8227
5391 9514
1782 5666
6698 1387
8370 9631
2452 3663
1263 2904
9432 9541
8268 1874
4018 501
8933 2017
9207 8556
1473 90
5823 8353
6855 3167
4501 1152
5193 9098
1906 4923
108 4020
471 2284
7942 2621
2094 2499
9751 8903
3994 6815
1051 3115
699 2785
298 226
1674 7691
404 1565
7916 8746
2091 5746
5681 5928
6647 141
8513 3888
7644 8970
7928 1657
1785 8955
8831 3178
9549 5780
2832 1045
1090 2410
5141 1606
3710 5209
6139 2843
1307 2286
2749 6114
1855 9037
8894 8576
6524 9478
7242 9200
3581 2462
3001 2134
9826 4471
6904 2654
9230 1309
390 7641
8310 8399
8160 9385
2427 9729
2988 7182
4707 2029
515 6262
1496 854
8155 3528
4246 4523
6762 8177
209 8825
5956 2442
5033 6461
2439 9996
8860 845
1480 4787
7856 4790
391 1464
8820 9934
4531 91
1150 2199
6900 9068
1101 684
5611 8698
8551 3640
2508 4591
2558 4848
8635 9897
1125 4833
9143 653
974 4682
8719 9460
2665 4803
2332 6827
1411 5056
5245 7841
9336 5752
2644 2660
200 9373
7248 3371
6703 8096
1826 4669
5708 3895
8668 8627
340 972
1600 3289
9416 2739
5420 230
123 1779
4523 9760
3720 2364
5118 7983
8371 7348
6889 921
2206 4895
2166 2226
4130 9950
9671 9417
6151 174
1174 520
3653 1156
7412 2279
8743 7597
324 1917
9620 9060
776 5452
2448 5056
4174 1272
8089 7765
3758 3289
2601 2931
9163 9867
6020 2417
1421 2211
6865 7771
9592 861
3608 3597
1405 2788
2749 3201
6845 9379
3708 4367
4429 3560
8607 8230
3879 820
1518 4004
4002 6870
8975 1715
8237 9014
9275 8356
8667 3423
643 1302
8043 1866
7101 5368
9805 61
7701 8658
6817 4544
