8852 9341
9244 7730
768 277
2772 5059
2351 3425
2566 7425
6402 9842
99 8084
7423 1083
7552 1395
6265 531
7439 2757
9996 2010
1145 5169
7825 1917
7429 9901
2606 1338
9010 6736
3395 4378
7865 3539
368 1084
9189 587
2048 9012
4458 5860
9366 3285
691 123
9969 6287
9454 1430
541 1923
1467 9151
8600 8041
5173 347
8900 9474
4408 4138
1623 7696
1103 4390
9453 2233
8721 4651
1253 2092
9688 2374
7168 8701
26 9415
2567 1332
6848 5322
9734 5468
8775 6208
8662 3698
1005 1779
5715 3869
1616 2189
1471 3244
636 1387
6167 8743
1423 2548
6142 7914
6494 89
1480 7350
8363 1290
3155 2697
8977 8917
623 2872
8657 861
8049 1499
7613 142
5362 4379
9667 8308
6781 4477
7856 4091
2428 2615
4806 4426
5053 5377
5334 3413
4541 4680
8920 9569
2400 7477
1802 9746
2405 4941
993 3359
1955 967
7671 7456
4639 502
2601 3940
9398 4354
3508 2039
1197 9919
9651 2832
6265 9035
8147 8297
2839 3866
893 1151
7065 5278
1525 9711
8957 950
5371 7065
5835 9405
4881 4577
6916 8044
4725 8512
9318 3045
3056 4623
8659 2851
8060 475
7205 589
6280 2213
2242 870
7045 219
9647 3495
4442 4135
7081 7967
8927 6314
6494 3997
5033 2504
7891 355
4540 622
2134 1867
3495 4566
1634 3350
1990 1566
216 8995
2966 8804
9492 1095
9050 2229
9719 2616
9007 2258
9566 1947
7386 8370
6148 52
9858 178
4584 975
4216 9030
9743 5957
7986 3508
7780 9447
5872 1731
1123 1846
633 2647
9079 1883
8989 8634
4814 372
3207 3628
7020 1851
6583 9699
2971 9022
7188 9791
7632 3690
4651 2578
3716 1766
2295 346
891 4348
4463 7222
4434 5865
2996 7721
8612 784
1842 2090
1665 3589
4679 4231
8758 2406
6689 1198
498 4111
7016 6041
4666 3465
1745 9723
5747 7598
1329 94
1267 8521
8905 8221
7768 8394
8176 384
8811 477
9247 1843
1756 1497
5200 7474
6680 3885
53 764
7353 2949
5749 9648
9065 9945
2946 1205
445 730
3202 8459
8248 9134
6387 7778
763 1134
7700 2373
7519 1138
9951 9903
8896 1877
1191 2761
9652 1195
8152 9529
6869 742
8986 8699
4354 2974
4743 8268
5639 5287
2986 3870
1465 4974
7102 3335
2629 2311
8261 575
3125 3
6260 1308
7984 5389
6996 9440
9757 9246
7642 185
26 2053
9650 9794
5975 8741
4461 9219
6921 8619
1391 9109
5511 6818
8597 2461
9783 353
780 1209
1957 8437
5841 9582
8075 1073
1642 5792
8715 7697
9056 15
1299 3351
1464 7619
8416 9633
3503 9991
5439 4439
9344 3828
908 9490
2442 1671
763 5298
6883 5851
5569 8853
8749 6764
4597 871
4567 4793
1211 7160
7062 8617
1043 1852
4381 1759
4637 4052
3165 6846
7125 792
60 496
3649 5507
822 6152
4816 6000
8488 2149
4536 5964
6897 5004
9441 4147
7400 130
8652 9338
1663 1654
7797 1096
4090 6637
7253 3494
677 4458
417 1273
545 2096
8809 1157
4278 4640
3663 8156
5238 9130
8717 674
8378 1208
1231 959
2453 4128
3395 3655
393 2084
5423 8654
2507 3372
6441 2788
18 1630
6147 868
3714 4939
271 5779
9042 2801
8930 265
9913 6069
7843 933
8699 369
750 8364
8734 637
794 1893
6195 1289
9268 4470
909 144
5985 643
1047 1008
1307 1978
7392 4160
3547 3760
8661 6794
2190 9900
6357 1454
1087 3295
7786 2240
664 2304
6270 2874
844 4486
1970 3746
2312 5990
1084 8748
6386 8836
6770 6742
9079 2864
9939 2410
6813 8262
8656 9680
667 6775
2103 1404
7656 7490
6554 2925
9482 117
6327 2654
263 3820
6848 6279
9013 9846
3240 4004
692 6050
223 9336
5969 9828
4666 4846
8685 2262
9589 8968
1125 1569
647 9273
1246 4101
8348 1463
1550 5397
1862 9712
4239 2442
1697 2307
2644 299
3882 4895
2629 2385
7197 8772
4597 1332
1357 9176
9966 1599
8034 2166
8392 9858
9060 6354
8892 3908
7523 2526
3990 5349
9515 6934
2618 9322
7211 9606
1139 6320
417 1213
1470 4223
3327 2570
5760 8899
7649 1457
5837 7462
1605 7785
5471 4879
4023 3981
7847 8230
9091 2042
4310 5997
9836 8691
9949 1151
6977 8737
7157 7383
2456 2956
1611 1732
9124 3634
6913 359
8934 355
332 7553
3725 3869
8497 750
5974 2075
1527 6284
5379 6076
562 7368
1829 1649
7613 3098
7841 2678
887 5578
9742 3045
9494 8932
7014 6027
8700 4910
9251 1486
835 3191
2992 6089
5508 6473
9716 9161
2613 1748
1084 4011
9873 1636
9708 9422
6126 5628
5090 3443
8046 9108
9114 8018
5140 1723
8713 9004
7546 6674
9097 2196
1831 3051
8994 1942
424 8049
7377 6981
8897 6219
7591 8649
9577 8440
87 4181
6378 424
9965 9339
8019 953
1020 3473
7300 2871
6419 1136
8261 4031
4125 2769
7835 9512
6492 55
1191 7650
8845 3441
6001 2545
6092 9655
7115 1095
4751 1263
2556 6960
6383 2628
2683 9148
7776 8187
3498 2118
9895 356
3378 7733
9268 9621
8718 9761
8280 212
5253 9997
1751 2263
2685 554
9429 306
9777 9525
3125 6469
5402 7761
3658 7634
8461 9952
163 550
9761 3250
4552 1431
1797 6543
4070 7825
9922 1910
610 1364
7496 9175
4487 547
2470 4533
6589 3357
480 2813
193 7231
8778 237
773 2559
9707 273
1374 3166
1333 4687
1275 2122
6406 1542
8534 5627
3663 9020
3816 8695
1464 9493
7990 3424
1872 3716
6968 9405
6778 7713
6469 8675
8462 1769
4869 288
4972 2259
1082 2877
7373 8654
513 9383
4369 9944
6367 9548
226 5009
5764 380
8349 7270
7117 6769
5004 9637
1006 1197
1450 5258
19 1439
1503 1347
1822 3171
9474 8804
3679 234
5091 5608
2746 2244
6852 302
4786 3300
666 4004
9501 4998
9477 4137
63 6451
7754 8103
6533 8178
9201 6942
7974 1690
2083 5319
7456 2658
5780 9109
7180 9584
3202 2105
2186 990
2336 5108
4463 9076
7983 1942
8898 7035
1694 3664
6026 8859
9228 8002
7615 1366
3523 3737
6232 8689
6684 9115
2490 565
229 9484
4536 2482
9341 807
6495 2256
7738 2376
9450 67
8809 7609
5980 624
5450 2948
7959 6792
1069 2147
706 2333
7657 2149
1646 9505
4461 5053
6908 2308
9740 835
760 7691
9462 9458
8099 4098
1585 616
6483 1774
2897 7224
3906 7805
3514 9276
3519 980
1772 451
8653 3992
8473 1819
6074 937
693 1468
9641 1481
8689 360
3090 2151
5215 5911
2123 4159
7440 7116
675 7588
8319 8253
1787 1995
9864 2658
5134 2786
8546 567
9233 4908
7369 447
2584 6238
9918 9459
9962 8751
240 9731
680 1552
4416 1779
8774 4659
7979 6234
1461 3029
361 4535
8004 9683
3252 3911
3810 5203
1807 7705
7704 1056
9222 2390
1477 6774
2989 239
9915 4312
9284 5501
9773 1366
4660 7221
9418 1565
7338 1977
126 4124
1881 3583
4269 7973
7464 3303
8037 3601
2852 5239
7244 2226
7759 704
9969 1295
9619 7827
9285 501
4241 6706
9569 3149
792 2758
1759 3602
6598 2734
8548 2868
8581 2627
9524 2598
335 2015
4054 4750
2790 2002
8276 9984
2127 2048
7895 3620
1915 6079
6293 1469
6311 1895
2190 545
830 3162
82 230
3894 2173
2944 7258
5136 3142
829 1723
9552 9233
2243 651
4772 6319
7387 5266
2848 4446
7763 1999
6818 1820
2381 5886
9556 3708
8256 8195
2216 9709
1065 9709
3435 3348
442 9828
1542 221
7061 15
5959 8520
9044 8121
7764 9947
4139 8007
5091 497
5030 1384
8590 83
8555 9659
2355 4140
3520 7867
9128 2229
8194 3804
5150 3511
9419 971
8373 8712
6206 6941
1969 8381
9862 7575
1753 6551
5407 3707
4444 2320
6316 665
2173 3619
5620 9202
3106 6295
4511 4970
6572 7919
1660 4620
1357 2633
5159 3223
1530 8464
2698 5274
7189 2383
3285 3493
7630 7913
9148 1272
2728 4222
2275 7800
7861 1747
7613 9657
8690 1980
3882 3101
2597 4809
2615 5751
7795 8492
3076 6244
2460 1829
5987 8060
7592 7989
3052 9944
2061 4703
7386 9888
6950 1602
116 739
6759 3975
5819 9253
8299 7728
2733 6776
4441 1635
225 26
4347 8520
1076 3041
9100 8128
202 1830
2161 9121
1646 3935
8844 5160
5610 8459
6748 1872
5413 7020
8246 5134
7649 4061
9060 9003
641 9977
8349 369
2436 3812
7247 899
9321 7076
9057 959
9522 9290
9594 2237
313 4299
7889 9546
2803 9612
6194 140
8626 2340
4709 7443
8366 4497
9147 2856
7814 8307
1101 4341
3153 5664
2479 219
580 734
6644 6240
4131 3112
6861 7886
1588 3287
7143 2122
6183 4700
8913 5919
8195 9602
1405 7488
8057 2816
3187 1073
2356 1590
1149 4557
3957 5430
8826 3156
7380 758
2357 243
8507 685
8014 8391
9623 8958
5667 1000
1447 9848
832 8412
9252 9963
8945 9007
1181 8008
5895 7270
790 669
2433 2965
6620 8977
3162 2598
4221 3931
6077 7646
9061 1710
3637 7694
6246 532
3893 6460
9095 311
627 1173
756 8386
2839 6231
7336 5824
2539 368
3140 9615
3754 5902
6683 5088
335 7718
9042 9033
2102 4936
3144 6625
9548 2498
1967 3854
6498 1701
5783 4050
67 4224
3772 2499
570 7566
892 4975
688 7878
5236 8109
