9497 591
559 1415
9021 2468
4091 4207
1350 1508
7540 338
9001 4872
5576 8024
7530 8385
7467 888
607 6586
8513 844
7172 8182
8194 2305
7658 5025
7204 514
9281 1884
8151 8759
1094 5496
8376 3584
8286 9441
3327 4112
3812 2213
7565 2191
738 464
8837 3012
7991 9142
3424 9234
6303 8519
6605 3744
3806 7340
8087 5332
9176 500
6492 1719
701 1512
5659 3615
3471 4884
7457 8539
489 5781
3895 3918
1973 8065
7090 5475
622 2378
774 1343
8709 8060
2225 5424
8999 1007
7785 1686
8417 3202
5766 9613
987 5099
7651 9438
8466 5202
1453 3196
4632 1532
2595 5204
4219 5146
6248 9464
1109 4060
5663 6577
2780 2653
1704 1246
2515 3145
8304 6726
5883 3071
8298 3790
9314 874
1608 1394
4164 5359
2564 2387
7751 2336
1660 8503
1470 3504
8717 3611
9688 3272
2502 8684
5953 6536
9316 5633
8422 7751
1415 9751
5131 1360
9600 5410
1500 1725
8862 3166
2264 9386
4854 4776
9065 129
8937 1539
5221 7013
2101 886
9048 979
7704 9313
6411 7624
4562 1980
1637 5864
166 1734
3634 3858
2830 793
3968 4130
367 1086
8864 498
2902 8613
7441 7218
739 3438
1920 4620
9094 304
2299 3893
1900 3479
4223 2150
1167 2823
1989 7361
9311 1321
7902 6300
1193 1667
2008 3039
1760 1387
1594 43
7338 565
894 4247
5839 403
2 7210
1390 4441
1367 3545
3645 3966
9106 4307
8509 2907
8285 9704
8844 9829
7883 6664
4125 5366
7193 4231
5020 2557
8872 842
9442 2721
7675 7565
8382 358
8216 7892
4922 273
2738 637
5372 8466
6534 8741
3011 7495
5891 7243
35 8438
837 5163
4675 7989
4838 7876
1155 8945
3267 5605
7957 4528
1521 938
9564 2026
4038 6242
9157 4250
8886 2722
4160 7152
4205 4033
6003 2959
2218 4197
4950 9541
9343 2817
8640 7294
5890 1221
1410 3596
3437 7306
7221 1948
8735 3092
9337 7865
9268 7100
9184 8171
4353 8760
6087 3092
2273 8934
767 3602
9885 1839
5998 6290
885 3356
6279 7054
8825 3668
6987 981
2228 1311
7533 3796
8616 632
9269 2509
4386 3527
6995 2818
2739 4025
9698 1877
9958 1117
7996 2110
1900 6600
1706 4016
8028 76
6238 2582
9030 3022
9226 682
8523 720
1083 6615
2489 5957
759 633
305 3441
1454 5219
2320 8372
7425 8786
5129 3212
4018 405
9606 2498
91 4393
904 969
9318 2360
2012 9159
47 3145
1683 3834
2034 3930
9476 2016
226 1185
3549 9078
5650 5827
8519 8544
4650 3497
905 1455
2511 9345
5962 153
3231 2999
337 2184
9914 4331
8331 9643
5856 5913
7051 5138
467 1903
6792 8585
9057 9396
7851 4176
7652 1486
7235 9676
8591 4623
1104 6404
9122 4677
9961 6257
1947 1440
1325 7275
9058 7649
4066 2762
1882 3135
2648 4642
3361 7278
8118 4961
6059 5347
2621 3703
5963 1685
7535 4460
1320 1064
1432 2526
5966 7352
5149 6285
541 2238
8542 3329
5896 212
7997 2959
7839 6156
3140 4969
1915 8668
800 1522
9169 7628
8613 9625
8240 9123
7038 1731
1735 3633
8615 4329
8170 7734
8568 2429
4980 8852
6693 2069
9172 2278
5772 8245
6864 886
377 6299
3649 2069
3317 3456
6850 8944
5964 5819
6508 2926
3452 2616
8911 135
7776 5583
584 1372
191 1041
9061 1907
66 5467
2848 4829
7599 1349
8354 3335
2629 1078
614 2303
483 2637
4683 9900
6810 8108
2109 3452
7125 773
7303 4999
3059 3044
9025 3149
2584 8520
2891 1361
3778 4964
8238 8520
202 399
8103 1394
8719 3460
6582 8613
8947 587
8394 1058
255 1165
2082 3196
820 3081
8488 4857
6497 432
4325 1844
8014 8650
8771 5056
1546 7084
7152 1037
2324 581
8541 5942
8977 493
1735 9909
7251 2867
4943 2796
672 5910
8829 8551
2980 9544
7999 9271
5886 1702
7864 3741
2861 2628
3840 4242
2028 8688
5148 4244
845 742
1131 6865
2631 9103
3350 6211
8264 5535
6257 2377
5890 9027
9610 6259
6788 2193
2038 772
1679 4464
3891 406
9235 7392
1605 9353
4962 7854
6908 1700
8421 7553
1157 3085
9377 184
963 2576
783 3283
5673 8778
4889 2564
5784 2724
782 9047
5620 1322
2953 7716
4300 6846
4556 8380
651 1025
1557 3976
5329 6628
8877 8861
2778 4965
4820 2531
8618 3762
8277 5037
4099 2798
8397 4711
6016 1690
9368 2965
2693 280
2680 7827
9485 597
1792 9449
557 1367
3928 3824
404 478
9545 6902
3232 2269
6411 89
6516 7601
7907 1850
9016 4203
5459 7864
9714 8037
8611 2186
9001 1846
1797 3012
7580 4722
4323 938
1760 4680
7316 2159
8629 3798
5413 8692
587 4094
5416 4097
9392 1453
3313 3137
2749 3998
2870 9877
2518 279
9197 63
3514 4722
4421 5512
5819 2033
1842 3397
5765 8725
7546 1430
1993 84
6509 7840
9310 6639
8059 1835
1074 52
3223 2547
9665 2486
1327 8967
6661 7983
5682 7235
9636 7712
1756 3402
401 9085
1620 2813
8240 3832
926 666
1907 2488
9507 1011
9561 7407
2689 4595
677 6890
6947 1362
1405 7610
2302 7474
7003 467
2715 2298
776 6612
1180 5542
2940 5107
9740 9193
9118 9317
1005 1498
1619 336
4906 3626
2075 4408
9432 3353
8408 7329
946 6552
3446 2205
1794 8357
1355 3053
8681 9806
7589 7640
1141 2535
1624 9868
1788 1470
9067 2302
9231 2154
2381 1090
2357 8290
4669 6571
6828 8585
7545 7072
2856 5130
9319 2370
1562 6789
8729 9338
9549 2036
7096 7599
5301 2820
4295 169
5755 8787
7000 3610
4207 3592
869 9818
3634 1097
9982 8586
9848 4156
5580 8269
7011 8589
5187 9345
283 4909
1559 7631
8888 169
2534 2567
9202 4566
4171 4703
8494 1191
5996 2829
7220 8857
9069 775
6098 7822
6454 6276
4823 1111
9784 8732
1092 7387
5896 2351
2477 2078
7417 5615
5700 4133
537 3031
3796 5445
6617 12
440 2204
6157 823
8845 8480
2368 1780
2284 6625
8427 4956
611 1695
6627 8055
7017 9543
2883 9257
7924 5140
7667 3120
8156 3159
1738 1850
8735 9785
717 8870
9790 2260
9897 3891
7767 4137
2142 9286
9012 1548
1778 3747
4050 7944
7021 1296
469 9698
5749 2983
6049 3751
3515 6208
8754 3476
9812 9710
7895 2354
6497 9634
8222 4564
7653 3989
7765 923
8226 9620
7188 1427
8660 3487
4442 7915
1530 8861
7359 9369
8382 3222
8425 9191
8338 1059
91 83
1389 2753
9790 669
1063 9502
579 2637
7053 9735
9605 5337
5498 1630
3205 6050
1860 159
7183 3941
190 5174
2323 7486
3376 19
1794 5812
2156 9682
7108 1552
5540 9467
2445 9565
5182 3343
2743 4649
6885 4530
3536 1423
5702 98
418 482
529 3449
311 755
586 2680
7901 4854
1250 2660
5100 3156
8831 4217
1857 1397
8166 3058
9088 8995
5633 3921
5044 6019
7555 1858
7115 8487
1545 9133
579 529
4047 5668
4791 3605
7840 8882
1412 7328
8120 2938
1818 3638
4297 4122
6136 4886
9786 9638
9079 657
5262 3483
759 6759
8797 1981
1074 745
1573 1112
1878 2889
598 6841
8962 2341
3730 4019
6593 8639
4589 5992
1689 2882
9802 3113
3119 4140
9589 3643
2264 1658
7878 8230
9220 488
6162 6246
7542 68
1992 4982
1604 7875
636 7227
7063 1354
8246 2893
9254 4449
4036 5397
7965 3148
5120 6247
2214 5857
4031 6194
2385 2298
3825 3731
5414 5305
5119 9558
804 3778
6457 1827
7718 1568
9265 522
4761 9868
6191 7077
453 1732
488 4579
3965 2996
5829 3027
3114 2205
8338 8628
5176 6412
8847 3401
6755 721
3412 6176
4744 4311
4154 1727
8300 9675
6136 8785
7710 19
1935 1050
1797 7096
5965 6590
9995 8872
2550 3407
832 5129
7 4903
8665 922
9391 6655
3035 7524
7301 6281
6381 790
253 5062
2872 6176
1839 2677
8532 1817
9535 4533
1546 307
9084 5829
4727 8382
7543 390
2351 7520
1619 4861
7441 5092
829 3820
2155 9280
8094 1172
227 2174
1523 5796
3598 6190
7230 6845
8558 1145
5363 1394
3781 8935
7992 4953
1601 8357
4737 2042
4449 9452
4969 7142
9566 3851
7429 135
3695 3108
1092 2576
7924 226
8381 9874
3199 177
2622 6819
7623 3294
6859 1806
5506 9835
7556 2310
931 3180
6550 1227
8095 2048
2736 4854
6465 491
8850 9961
9470 1789
71 1513
282 3664
9105 2621
3662 7509
2632 1117
1031 4682
2477 4069
7445 8104
6525 6777
920 6800
1733 5219
1964 2918
3772 6822
5925 4283
2574 483
107 1709
5067 7290
5169 8717
4137 28
468 1926
2287 4847
2150 2645
4217 8688
9808 6524
2132 2111
896 7656
296 3567
274 7820
4236 8539
8000 94
1414 5605
3840 9204
50 1696
4428 4697
9854 2039
9375 900
3893 3041
6278 5974
1174 9434
9433 2818
515 9761
3235 9902
8092 9222
6546 6548
6882 9661
2905 5328
9107 438
2423 5148
2673 9479
8643 7613
9699 560
9491 3838
8020 6600
6996 1033
8843 3208
4207 5744
7380 3103
629 2427
9538 1137
8562 8698
1527 8919
7131 3558
7891 7218
1272 1230
612 2761
7680 1015
1720 1744
6865 555
51 9765
4520 3854
2399 6480
9674 508
2330 9535
2722 6752
1937 2361
2794 1762
8173 8248
9058 4324
8399 4511
2564 5677
2606 3279
