948 1794
3748 1671
6494 7692
4927 1599
8591 8900
1223 3
9257 9902
4938 8698
7517 8046
2931 3111
9104 7292
6011 4955
805 6134
315 1849
3656 5199
8192 2725
3559 153
3683 2422
3704 5761
7203 6579
2601 50
8411 545
3730 4083
8341 8693
4955 2092
7417 6517
7833 9464
144 9551
7763 4808
7227 1023
1144 7698
1906 427
9194 7980
636 1787
3804 3089
194 4142
8456 9457
1992 890
5275 6068
9638 2400
5194 9814
9457 6916
5072 8140
5064 5256
8854 1015
4181 3322
7448 78
757 81
371 1196
9359 9266
8296 1892
5106 9139
4108 76
1692 9740
406 1720
7546 4042
674 3457
3583 4410
7309 5508
6929 1751
571 6739
2613 9180
938 2987
6452 8197
8851 6171
9379 4112
6615 8996
6251 5583
3151 2030
5734 8829
3292 4620
7356 2178
4068 4600
7810 1365
4455 4631
183 5058
26 9693
523 2515
7752 5305
509 1287
57 3759
9413 6087
2569 2028
1650 9343
9456 8910
874 216
6236 444
2497 5334
181 6445
7824 6489
620 992
8631 538
8498 1833
8668 4221
1747 7963
6426 5318
809 9239
8172 1592
4043 9494
5896 1702
1315 6249
337 8108
1639 1623
8945 7275
7486 8016
3432 2933
7152 6212
8504 1912
4484 2164
4615 1363
8400 790
8476 9020
6275 6335
6337 788
3021 509
7521 3055
4827 5810
862 7053
8635 2606
7711 5528
4205 9439
853 2376
3277 2784
8548 2894
8915 4228
2104 3650
9015 541
8596 310
8376 7635
6827 2094
203 1193
8044 2713
8562 6422
447 1590
8771 7746
4886 1816
1877 3616
2982 6008
6310 1849
5172 6221
5021 4978
2082 9116
720 5796
2217 4731
7062 639
5081 3052
7804 3082
9535 9188
2214 3911
6672 9093
7199 1449
598 3057
8330 824
540 2805
9790 8233
3820 8778
3166 1371
4530 9310
4122 5482
6372 3504
6731 5490
9231 4361
3563 7315
1319 2808
3385 4267
850 2747
817 7921
7836 2261
476 6316
9588 7600
8104 6142
7867 6315
8215 707
8175 7990
7931 2934
870 7694
8859 9040
6739 1850
9578 2302
6733 1361
2324 9547
3667 3329
6418 2536
4413 8802
242 6679
9810 7011
1568 1683
1224 9467
182 230
6845 9708
9019 2707
1290 2331
9023 880
4877 1721
63 9035
9131 9620
1831 7017
1848 2002
6421 6100
630 3907
6845 1162
9487 4138
8740 1360
4529 8698
3796 2786
8297 1675
913 3679
2330 2365
5877 5447
1725 4268
7543 1710
4564 1611
6159 5956
5203 2757
2236 789
4412 4622
6347 265
6079 2171
1911 8586
4538 2632
3049 8653
300 3070
3579 3467
2179 4065
3972 3151
4934 493
6902 523
114 3446
8800 192
420 3391
7120 7674
6731 1297
3925 5699
516 4280
1111 5240
1281 4748
2336 6519
5772 4746
9273 8225
9582 7928
1500 2958
8085 350
9798 471
4285 4806
8634 3399
585 300
430 1845
768 9708
9453 5406
1044 5460
9749 3351
8611 2476
9873 6675
723 1856
7448 7358
4844 9491
6068 939
7456 8094
1073 1587
6063 7685
9572 313
741 5943
5806 5539
9301 1628
9355 8262
2158 1242
6945 4110
9426 994
6955 529
948 2733
675 4295
7466 1508
531 5828
926 9646
6647 678
1001 2348
8543 4048
5688 9061
4419 3806
2155 2112
5210 9687
8025 1489
1728 2533
5926 91
1104 2171
4079 7041
6413 9990
2476 9504
9323 3750
9819 1940
7003 3296
329 1802
4287 7582
9017 2093
9097 2211
3083 4528
1121 804
2987 7620
8204 9834
9831 495
6681 2445
7049 8143
3277 1150
366 1069
2023 383
1132 459
1769 3603
922 3340
3660 3660
8924 5568
7875 5588
1107 2101
1388 3017
8463 3772
8430 2710
3446 7599
1314 4883
1826 4420
5325 9278
7720 5552
2215 3298
794 167
1986 9482
2455 2233
3130 3216
1319 3942
7984 2727
836 9944
7840 4421
1080 1036
9654 2645
8911 5490
517 6301
2561 929
4393 3021
3181 283
9982 560
8594 8281
8489 8515
5377 796
5491 3936
5402 2537
8202 3345
7882 4121
3506 5412
1979 2034
1671 6357
3930 901
9330 4255
5399 7236
8333 112
4767 8033
1645 6695
7679 7096
9144 2933
749 401
9838 9784
8287 9795
9508 1427
5944 8863
516 5401
580 9605
4090 9758
156 399
43 769
9090 1030
1805 1170
5031 1174
5595 8962
2784 3486
7862 4840
7128 6422
9628 5620
405 6482
8717 5363
6321 3849
8723 2652
999 4569
19 5125
3637 1532
2758 6075
8749 4376
7614 7752
9883 8515
1808 2776
1612 2990
2835 5221
1968 6938
1590 1412
4572 4802
6257 9956
3962 699
3902 3677
116 2308
29 601
159 9845
7434 8828
9314 2612
4409 6101
619 1207
7984 3211
8850 756
2051 6029
7629 9179
1203 4260
8266 6999
7007 1288
22 4200
6489 4587
4990 5957
9343 5765
7356 7717
174 2119
6407 4944
8923 7790
9198 9715
109 8015
3490 3993
9876 7653
325 3200
374 3065
3578 6437
7 1322
4453 4705
312 5314
9620 8
5148 9050
6956 9180
9639 8899
8517 295
4583 6230
9934 1354
9550 7506
582 8481
8075 1011
8245 9824
8470 3746
4062 228
1740 649
6936 8551
5565 7477
3269 3737
8598 6421
494 3767
4353 7875
5516 2355
7400 7648
766 4869
9695 9595
629 8525
2812 1691
1010 3945
7506 5661
8488 9285
2483 6467
4176 618
407 613
4493 4117
2358 8785
1061 9634
1875 851
1327 4649
5982 8313
5244 5315
1924 5969
3047 7457
1058 3063
6222 2391
2174 6080
619 5901
5644 6444
3843 4394
676 1682
7135 4343
7377 1314
7190 9719
2009 3663
9487 1595
518 2026
7757 2120
9453 5227
5962 6875
8290 1973
742 8335
1534 260
2812 639
3282 6523
9522 1171
2243 2136
656 37
754 3452
6596 3503
1168 8025
6396 8164
5176 5840
8264 370
9842 9730
5334 5621
5549 9985
621 9222
6090 1830
9924 265
6317 1064
9343 6626
8004 4113
4671 7528
2462 2853
6036 7875
1275 4718
352 9680
113 804
2615 3620
8594 2096
40 6323
1699 2687
9199 8869
9399 403
6155 2197
2850 2952
9482 7509
2490 4784
1052 1155
6444 997
1688 1881
1299 6545
1297 4211
9953 7997
8789 995
9017 9215
6980 2706
8146 5495
8762 8607
6431 1063
8911 3074
375 1577
1246 4421
838 2241
3512 191
3331 3535
1243 1243
5754 1903
8395 8270
1776 8131
3759 1636
1352 1406
9747 5426
7938 4675
7082 3351
7682 795
9682 3728
6740 1543
100 447
7393 4304
2300 1339
8107 4321
23 7909
8478 5793
8917 8705
6712 1062
5479 8995
6175 9345
1398 5188
5351 3723
1648 3920
7669 568
9505 9406
7914 9808
7967 7410
2201 862
2485 1524
2439 990
2430 4706
9734 9485
2000 2022
1062 4344
5568 1869
7627 8811
7134 6407
6717 4398
1988 983
1098 5039
3409 1243
6980 9723
1041 9492
882 1353
2003 2530
6261 7839
8392 9544
3336 4413
2835 446
2836 6171
7022 3578
9431 8427
7091 7241
1299 4567
3284 2407
9999 4189
8417 9982
5638 514
9046 1037
423 3008
3058 6134
4158 7895
7464 8398
8388 3261
6529 127
1511 1704
2587 4819
7135 5855
4802 8491
3332 214
5431 9834
1307 8299
7796 1665
5988 8049
2383 7222
4939 3877
7754 3743
5762 8905
6469 792
7952 1265
2332 3509
3675 1065
7473 9916
543 8582
9304 6005
689 2885
4898 3988
1070 2567
7341 577
8377 8620
8927 8489
9613 3987
8437 6666
3167 3412
5841 270
5160 8521
8514 2047
6033 8195
1806 5655
7660 7895
5172 7201
578 9325
3330 6520
5765 8389
1099 536
3931 3124
5185 4278
7071 6206
1117 9319
407 7493
3563 9787
9363 8777
2254 1702
8769 9359
8970 9349
3151 8805
6201 5923
9690 1187
5757 2261
6603 1625
9136 759
2498 2318
657 2011
9035 954
1726 3388
8007 359
2368 5134
715 4185
3988 8322
9800 784
1865 452
9435 4874
7641 4777
3514 5284
2377 9621
3189 5246
9327 1247
1143 9861
6016 1312
6017 1277
7877 5142
8737 240
8069 3326
7727 1658
1132 5687
1176 2477
2076 537
2709 9340
8684 7580
6441 2772
392 1187
5607 8477
9264 9970
637 4908
7526 4642
6969 7870
9111 2265
6073 4694
3962 9994
8050 7909
4812 9270
1359 4129
9474 4141
4410 9385
7209 1789
1716 8982
9269 483
12 6963
7561 300
4067 4701
8701 1063
2117 1458
46 271
6926 8667
8923 2088
3118 7041
7101 7881
8785 1062
6819 3235
5904 9333
1072 1695
2811 4355
9206 5027
7803 6096
6335 9547
7642 657
6981 255
2726 9015
4402 3891
2521 2715
7681 9642
5153 6935
8256 1328
9949 2614
1544 7715
2208 296
8109 8219
6582 1534
9368 3880
8220 9538
194 5501
7754 9977
3504 1950
4767 5825
9229 1992
9271 2016
532 6170
867 2615
5295 8043
2913 340
3197 3644
541 3753
1695 3386
1912 513
77 1421
136 9729
3536 6740
1021 4762
615 9843
8505 7531
9930 9012
1608 6383
3753 9883
5365 406
6415 6776
9549 104
3285 342
1084 873
3213 8468
9509 1218
739 7291
1874 2746
5221 3012
6458 1075
3136 2452
1295 8659
7883 8145
8137 8052
2034 8342
5627 1430
4279 2722
2549 49
2432 1688
9597 796
3948 1548
7517 3859
601 4836
7122 2426
2729 757
1310 2901
3486 8293
9006 220
7239 625
9639 7729
5559 5864
1766 7754
6960 7900
1421 4174
4346 5907
