9237 4573
2055 6819
3196 5853
9451 728
34 803
5189 4506
397 3595
5065 8888
7749 1104
7500 7877
2032 4858
2443 2354
9666 405
4953 8427
5578 4952
6241 1104
8659 7997
7934 5207
5993 7693
7297 2273
8095 465
2830 3135
3091 1769
6286 1102
186 6952
7221 8187
1241 7500
303 145
2508 3120
5609 5317
8618 6369
238 9479
4482 8526
313 851
7086 9786
8093 8628
5828 6941
2450 4356
1291 3022
5913 9767
9247 807
9106 5634
5252 6247
9875 4168
4235 3694
2977 3055
2377 5116
8168 939
9851 293
8334 2292
1558 7441
3054 1846
3735 1012
8575 8663
9707 2661
6314 7868
45 681
6488 4368
7773 683
8967 2451
1795 955
4019 7726
7028 2768
1153 3056
7589 7512
6211 6966
9683 2672
9912 4481
2984 3983
8350 5395
9370 1803
8697 8081
9128 9845
8971 9385
2700 1600
4889 3566
5226 7501
9626 426
5379 3933
3983 2686
8573 848
2285 2916
8182 8812
66 6059
7961 9109
1662 9088
9399 3528
9006 744
1352 2595
4834 4663
9999 1308
9373 1431
8760 4215
4885 3802
7092 1615
2013 4583
2557 2584
8950 8894
4423 3637
2530 4046
7298 408
6086 7442
5654 2690
9538 61
2537 2373
7546 9882
5557 6720
9609 350
9757 2463
7625 3530
8947 4333
4810 7545
3722 8540
8479 8536
1165 3811
9835 24
6893 1765
726 9511
6153 1070
8422 36
9983 7775
4583 183
9823 5144
6460 5199
7854 329
9904 4095
1344 7336
809 3874
9218 2279
4873 696
9498 109
2125 3480
3260 1159
9705 2839
1501 574
2009 7
707 2690
9348 9344
4174 2909
9496 2436
1490 6590
8169 2591
329 8364
5133 2434
5248 447
6181 899
655 9855
1411 2788
6413 4412
3541 4021
9315 4166
1551 5153
2756 5408
2598 2985
7399 9305
153 2899
1514 176
6956 9382
2237 1285
9942 9386
6347 4579
4386 6821
1582 2791
9973 2985
5391 4827
7489 8304
598 7617
7957 1904
3223 6447
6737 8687
1598 2079
2424 2041
7065 1606
378 9536
1134 9937
7528 8417
7981 2243
6405 1663
6085 8016
9622 6057
2699 2510
9226 8433
8457 9756
8794 2122
385 9022
2238 1514
6287 8617
9278 2985
7627 8004
5228 8480
8927 2233
3954 9294
1740 590
244 7380
775 353
4235 8508
2931 1724
5565 2332
1885 6853
634 1244
7139 7557
6236 8287
9130 6460
5707 9493
9403 9535
9167 1689
8560 4129
5039 7246
694 1285
1372 9095
1530 236
9067 271
8339 3770
6641 3106
468 9726
9768 4129
9694 796
9784 4244
573 3475
5409 1540
566 4101
8250 9201
789 6919
865 2875
576 8999
7093 3608
7080 520
222 9166
1342 6317
5058 8274
7849 9778
1440 73
3739 1078
9027 9243
2692 9290
7053 3428
6020 4030
9090 5516
8462 3543
150 808
9762 8636
3888 2375
56 8599
3465 8935
3544 3895
6639 1582
4973 6082
1284 9862
7897 6431
9149 1904
5032 5661
7778 9192
8271 9619
2543 3690
3983 1816
7157 6221
8488 190
5151 9642
158 4540
1937 344
8027 2870
8955 2941
3786 3931
147 2306
1363 495
9388 2289
5944 7566
3478 3653
5850 3358
5866 6353
6642 1619
5074 2728
4429 2850
7046 647
9501 118
7214 3102
6494 6434
6625 5596
3367 2360
881 1785
8844 4125
1627 4607
558 2672
4433 7533
1481 9477
1913 3756
2477 7105
1546 2156
2694 6465
4827 1022
7702 9969
820 3580
1065 5770
7420 8014
6701 6112
6264 8564
8815 3307
6907 9753
8703 7178
981 4873
8710 8614
9724 3532
8433 2478
8132 2886
1182 7999
188 9514
5659 3651
5583 385
2211 4110
7920 9895
1903 2017
1094 1241
9156 5024
7744 7207
4810 6594
6243 1325
9427 6570
3272 537
1105 316
1074 2296
8727 4636
2797 6925
9792 3141
9353 2056
288 3166
8768 9121
7662 3741
4937 9034
8223 7848
4514 9444
1881 4850
8037 7986
7649 3560
5005 8122
3477 6805
6386 3480
331 9808
3659 6952
8187 35
3242 2063
762 3359
7992 8347
538 9887
716 6101
2966 8989
9717 8479
6719 9651
7899 9458
707 1613
7592 5106
616 7591
9495 2526
7798 8481
2057 2582
7090 3556
335 1988
7647 2668
1378 851
1331 4046
7979 1866
9272 647
9293 5685
584 1106
8770 504
1965 2462
1885 1032
7416 980
4338 8697
1397 302
2358 5691
5070 6386
7183 5553
8388 9218
7772 7665
2391 275
2977 8567
1873 5353
5908 4345
6379 3692
4677 2348
4172 137
4747 624
5398 823
1387 3784
6734 9536
1675 3842
1773 2251
976 1580
9887 650
6636 608
8559 4889
5504 7275
2909 2546
1636 8042
8264 282
9563 2679
2945 5110
1483 6228
8229 9449
6904 9394
4816 2812
597 5744
5678 7661
9264 2211
8073 4124
5428 1488
9055 3358
8213 3299
7601 8699
5368 8923
8598 9324
2047 3681
7775 2853
62 746
4735 6014
384 5501
9903 9894
2174 5317
323 8523
337 9837
61 9942
6853 951
5173 8814
1767 2473
9559 910
4016 2327
9924 913
9698 2547
9050 1060
6241 8169
9132 6453
8407 4001
2836 4920
4727 5722
6166 7995
9742 3511
8205 8552
1939 4668
4449 1585
8522 2090
8374 278
9523 205
9068 1351
325 4498
8491 9183
3444 1230
9526 9265
5705 4869
851 3381
1426 9610
1079 1024
517 9790
4736 8799
9770 2571
2468 2915
4120 2025
9557 6875
176 9106
9040 1926
8508 8054
813 6270
3529 5120
8787 16
4912 649
2427 1848
6673 9920
6398 29
7108 9421
2451 2718
220 2732
4371 3085
8667 611
8249 8607
2200 1271
6458 8655
3131 1277
7402 1937
6087 8083
347 4791
1627 1894
1012 1361
9853 8845
6798 3485
4413 6321
5656 9949
9229 7446
8279 3149
50 1642
8457 1048
7153 936
1437 67
4951 4949
9816 5265
4983 6302
2987 1115
212 3555
9567 9265
9871 8197
6656 9938
6993 8302
8588 1872
7386 9774
3969 3018
136 1201
8429 8133
421 8104
7514 9712
107 3627
1044 8241
9221 9558
1322 4542
7390 1549
9505 30
5874 3742
8552 9381
8034 5016
2518 3418
5825 8999
1919 1023
4234 3303
6451 910
4720 5820
742 705
4765 1389
2569 192
1502 9231
2223 2008
5582 2941
7299 976
8449 9153
9432 1222
6057 6370
309 5707
6185 2602
360 8205
6499 8372
1091 6725
5478 2987
7321 6769
6116 2749
2354 407
841 710
2144 5036
4996 2965
2302 2175
788 9204
5376 4943
8812 4906
9509 1060
930 9117
9882 5497
2348 2300
1245 498
9336 3850
9671 2937
1174 456
7264 4922
9312 1943
6148 9718
836 1116
1425 4638
9229 9404
7255 7982
1172 257
556 6050
1476 3139
6598 8917
8257 7648
2840 3796
9702 2771
3706 8767
4165 5409
7924 543
7114 2493
2666 9528
1442 1721
1266 305
866 6629
1227 4295
5538 3042
7810 8523
9261 279
9602 4782
2730 6925
6604 6866
9081 5672
5703 7804
8667 8854
1551 837
8757 135
41 9764
9228 9016
5985 9606
5051 2621
2684 160
1772 1726
9546 313
8110 9696
8529 1021
9985 2188
2842 7525
725 5337
1277 5414
9294 4616
1979 5835
5048 3155
78 2457
525 7634
6707 1356
5537 6837
1128 5718
2449 131
9694 394
3912 2469
522 4596
538 1166
6696 7335
9483 7557
5282 5393
1609 9050
6528 468
6215 6006
7670 4697
3325 5390
9026 9941
9187 6350
3669 9648
321 4471
1656 1272
6545 9035
6807 1573
1151 5813
9842 7113
2022 9560
1675 3613
9905 3853
8996 5744
2476 7036
6479 5392
6012 7992
9541 2008
1423 3895
502 1858
4816 9143
5557 3912
8490 3425
9714 1936
8016 616
9424 2353
1021 217
6280 1283
979 1788
4937 1561
3378 4903
9932 455
7613 8359
3951 3233
344 6399
4310 8099
9114 8975
6980 8028
8748 534
2689 6910
5842 9535
2956 3062
8914 9871
9537 2540
1947 3374
7712 9249
1924 5215
5416 7166
9883 5019
143 9886
6955 7994
2909 6787
2405 1094
4541 9064
9810 1355
9418 476
8339 581
8687 504
6271 7563
5380 8834
1834 7010
9695 4662
4542 96
645 1632
9576 9019
4071 7848
1385 9515
8399 631
5896 9757
6844 6387
5 3904
298 7302
369 1831
2452 6668
6567 1666
6016 8208
1373 1687
7994 1341
4285 5427
9152 6350
9845 9444
3673 1354
6667 468
6581 6463
9384 7496
7164 4392
1348 4488
8007 9627
179 1819
9544 8289
8802 2328
5229 5771
135 2050
630 2685
5108 102
5711 5505
9533 2654
9373 8007
9997 1962
4512 8079
9035 3707
7635 3780
9104 8920
5680 6039
3362 6750
7049 1679
6346 2107
3415 1481
8039 9090
1322 7625
3183 1494
1444 2892
4130 9438
7587 707
6079 1205
4726 5411
3882 7121
8841 9705
8852 3200
1053 5487
2510 1658
8306 9308
5172 8722
3380 4933
9547 7899
7953 9916
3012 1468
4485 1376
2709 6800
9121 319
1228 1323
2195 846
6487 5730
2605 1495
334 2129
1349 4191
5989 8370
2091 1530
728 8822
6430 3893
3009 3979
5273 6186
1604 8749
2587 3850
9734 2913
600 9823
8631 1650
895 57
7296 5087
9201 6879
2617 3967
597 1303
5984 950
8190 9891
2366 4214
1423 5802
7548 7791
7254 1014
5631 2479
9565 3881
446 1008
8614 1700
7243 9644
1074 1214
2566 3350
9690 4159
5829 3919
928 4147
3055 5235
9180 5894
8962 5025
2757 4220
7558 6794
7116 8813
9813 3839
5570 806
7234 7865
