2249 4609
4229 5498
2307 349
3559 6686
8458 7171
5131 2044
7289 724
7688 995
7778 5318
4230 8180
1067 5928
8285 1106
5511 7755
3826 9672
3506 6055
5143 3572
5227 8935
9241 1150
9836 2491
3550 5280
3242 4898
2545 6956
2963 8637
6586 5397
7357 6506
4072 8021
6292 1163
4072 4988
3138 3915
9546 8148
1354 1625
2677 5139
4112 5410
1624 1607
5232 8595
3429 7110
5500 947
3237 8337
6859 8807
541 8409
8232 9018
1057 3078
174 8881
4272 4473
3476 8703
4135 7356
4628 4256
7686 9380
3634 3812
6282 3174
4636 3070
1705 9277
1574 6579
7510 3906
2422 8137
6359 5501
8804 6224
4523 7451
6045 8428
7820 6175
1889 1756
1367 7309
2848 6565
988 6724
3543 1428
4451 7467
5385 4598
3276 8668
3047 4644
6907 8995
6836 1881
5676 9096
6175 149
1979 760
9200 8250
7477 6199
6342 6570
5225 5790
5126 7245
7716 6602
5558 6875
2557 9869
7285 3117
744 4367
6425 7628
7746 4680
3133 3734
4895 3003
6410 9720
3834 8248
7090 6446
2817 7591
721 6756
1786 6851
284 339
4258 6216
9265 4837
2117 5904
5565 5844
6959 5589
3261 7460
2877 4316
5790 943
7960 5376
4627 727
3475 1683
3879 46
4739 5105
6101 697
9917 7220
7539 9439
4630 9255
4530 1440
5371 5439
4736 9129
6305 8232
2226 4224
4131 3276
4290 7470
4794 7269
4747 6928
7754 9835
8783 9482
546 7653
7819 9735
7289 2336
1705 5131
1238 4204
3812 648
4424 8345
7865 7343
4865 9485
1453 342
7402 8750
4247 4898
7824 751
4211 2989
5069 7450
4792 2446
5685 5467
5933 1139
4828 1911
3503 5383
4986 3251
5259 6527
1128 703
3806 4337
9165 8779
6952 5144
5078 5176
2213 5062
3799 8764
5907 39
2252 4724
5017 470
5295 9311
4510 9270
7442 3732
4556 5710
2836 6623
9086 1373
6461 9084
5979 4651
1020 3068
2946 6875
6715 6907
5269 5888
3770 2828
3822 8616
4752 7769
3180 8331
1216 6403
863 623
8046 8
9579 1669
3240 3134
5273 2637
2845 9694
4990 7654
2873 7928
7632 6447
4022 29
5062 5958
2072 5169
6214 8681
2145 5913
1637 6675
1850 5736
3663 9666
4272 3065
9857 5827
9707 6297
359 810
6853 3834
2229 4456
5217 6855
6514 7751
7363 8716
5563 6482
1683 7787
4228 7465
5878 77
5825 6078
8440 7249
5541 4104
5303 7430
1152 873
7072 4608
6514 6946
2346 9834
5905 8824
9852 8182
6085 1063
2894 6377
4625 8282
2037 2555
1928 5766
2802 4344
715 1077
4715 2025
6707 4200
2751 8957
2498 4835
992 2819
64 7388
1728 6122
6792 8889
2533 3257
5355 2506
4437 9520
872 2350
4113 2226
3397 4759
5298 5355
3591 2531
1435 5846
1809 9699
8020 8988
2884 8267
3765 7787
8598 334
5120 6409
1744 3339
7389 2705
2995 7465
8152 7050
3138 6992
2797 2269
6289 8143
6607 8718
3202 9902
3793 7337
5240 3562
4894 7126
2579 7644
5502 8931
7859 9807
1291 7019
3975 6038
3233 705
4576 2471
4772 6318
2621 1346
7376 6805
2304 8765
3172 4788
4586 5000
6759 1854
4771 8200
4516 7910
5216 6601
2855 1819
867 9148
5220 7245
7242 1449
8134 6726
1233 4775
8221 9354
4295 4191
2173 8551
2001 7801
9301 9986
8946 9758
6122 8221
5071 3594
664 5419
8270 7381
6998 3546
7006 5127
1730 4840
5632 1015
5463 9608
15 7080
3717 8105
5048 1903
1999 8384
213 4328
4103 2398
4235 339
6000 1303
9683 8465
4121 173
9816 4793
7710 7700
6225 2589
3393 2652
3224 5849
4208 7002
4798 1620
1182 7694
6043 8597
4933 7527
5029 2805
1855 3104
2570 871
4986 4542
3567 1734
7816 7587
4765 7283
5578 3370
3114 6569
4576 9747
3354 1074
9336 3472
528 2608
6214 26
5037 9583
6920 188
6380 8316
2406 8037
2265 7832
5391 6001
2748 8740
4391 6560
6162 4831
9962 1961
7629 9292
2787 2107
3167 5546
3607 6986
2257 5446
9790 1746
6101 9035
6717 9267
2246 5967
7779 4109
5810 7021
684 2558
2905 5788
5525 5842
9404 7924
8241 7028
1128 6921
3579 7166
801 9909
8793 307
1544 7738
4789 9076
8840 3802
6683 3216
2777 1415
8165 7046
4023 7183
9475 4434
7699 5526
5676 2200
5014 7450
4668 9028
6499 5916
7734 915
9430 8461
4018 5361
64 9484
1750 9145
7602 7821
2584 6338
6049 7908
8720 3992
5909 8544
2492 1501
1897 4095
5220 6750
4196 6952
1 5240
2551 9665
1075 6094
4833 5442
7429 7583
9185 4297
4105 8123
9652 6163
2864 5816
1207 5324
3046 2036
9591 676
6024 7460
3837 3060
6437 3428
1605 3118
8912 3478
3194 6751
6841 7840
5532 1457
6431 9891
1771 8641
4302 6398
3875 8842
7110 1319
1151 4466
5018 9759
7265 6976
8035 2693
5033 618
2634 2226
8910 4842
4794 5153
2046 4163
3007 3383
2382 3294
7643 9608
2792 6841
6031 5853
6426 6419
2802 6482
7143 1041
5810 7318
5853 720
1030 4202
5756 7203
3576 9932
5869 9066
4993 9661
6315 3410
4317 9499
3589 7777
5239 6576
5361 1318
6574 2294
3435 7310
5680 7487
6383 6146
7269 6010
6221 5330
7902 7872
1168 3331
9390 607
9729 5028
2218 5518
1948 5428
8579 2085
9513 5144
7737 6465
2121 3141
6045 1024
4391 7246
3969 5796
8132 7408
3276 6512
6389 7142
4345 8712
4824 8646
9756 5107
9781 9072
8428 882
6884 560
7415 9581
131 8801
8829 933
57 8623
1412 5259
6077 8280
6467 8206
6028 696
1180 6040
7090 8370
7954 73
2431 6002
8763 9452
8908 2902
6205 342
9147 1871
7376 567
1002 7444
9495 8741
1121 4426
5530 8245
4051 6103
6867 7227
759 2209
8647 9519
7788 7314
3263 1822
5428 6140
4886 3871
61 6489
3316 2220
888 5076
8297 1017
7213 3797
3656 948
935 4491
9388 8870
6105 595
1022 4150
2064 6476
5948 796
2974 1385
8259 8093
6440 6075
3386 8011
521 3696
1259 5611
1489 3858
6321 3350
5770 3247
3131 2658
1627 7885
4575 4735
6894 7305
755 722
3074 5278
6123 517
2239 5645
6613 381
2270 4729
5095 6878
4492 4333
5703 6468
1442 4927
3435 9727
2552 2735
8080 4963
5081 648
8725 8865
662 8384
3957 3881
8784 9445
6022 8032
5569 2573
1271 4937
4576 1536
6595 9506
8214 590
7233 1657
7169 4116
360 6598
4862 1785
3285 5945
7288 3663
4524 8556
1055 7281
8146 6848
1958 6496
5225 5112
1743 7739
3018 4446
3668 4262
7902 8558
5566 3806
1204 5660
8984 4806
3806 4088
5033 2030
9208 5948
6651 3735
4557 9914
3314 2579
7987 4064
8332 5230
4426 8384
1611 5647
9718 7632
1726 4136
780 6658
3626 2063
5429 9183
6539 6540
2320 4242
2623 6387
8175 8972
2117 4300
2699 6345
6465 7651
5021 2275
5091 799
2012 6583
2872 5751
5362 4941
3163 4651
5353 7336
3118 3188
9125 7602
4705 5314
174 8379
6488 7086
182 2083
5749 9901
2313 5356
4723 7290
8422 2382
8535 9907
1197 785
2820 9738
6464 205
7181 9645
4126 2991
1125 5985
2214 2236
6783 1089
2356 2585
3233 9274
2857 3776
9579 5984
6033 5243
8431 8860
271 6231
2783 4500
2902 7575
6425 2441
515 4497
9764 8487
2540 433
4265 7448
2268 4148
7295 6094
4860 9994
5385 8418
9975 9609
747 8388
3814 8865
3812 6052
5290 5791
2202 266
5016 9460
3841 9264
5341 6776
9362 1101
3959 9670
6686 8093
2119 2833
884 6649
6028 1074
6296 71
5132 6386
6612 307
4655 2031
8150 7910
9888 406
7666 3138
7867 388
3276 7374
8551 3006
5404 6966
7273 1342
1705 4145
4966 7642
8140 6296
5664 1039
3726 5974
3676 6153
2727 5452
5725 6095
4538 4842
4890 6987
1531 5318
7780 1681
1126 7713
8416 3733
3733 7424
7873 3979
949 8955
4810 2160
4732 4721
1733 2392
1941 2570
7470 6191
8942 9791
1833 529
4643 6719
7344 7893
3341 4698
7936 6721
8379 6244
6992 5640
7764 8600
728 9908
5115 1173
3160 5939
8407 5710
4171 8952
3834 1719
1591 7775
4338 6096
9078 3370
4637 9361
5971 9092
4333 6920
1991 7601
6206 7454
7878 8190
2772 4379
8138 2115
4397 4582
1124 8137
23 6133
5317 3764
3203 9971
3540 7112
1420 5166
7535 8911
4852 8774
4214 6568
7227 164
2730 7014
7472 4132
4500 6107
3669 1520
8416 1197
3997 7967
3245 3673
5774 9988
6345 6542
5881 7081
5769 6611
8153 679
8681 7251
3959 6584
9322 7247
8483 4462
413 7240
8536 1356
4501 3834
8370 5753
4210 6287
3258 3588
666 7541
3663 6828
201 7707
7844 8568
7604 8327
7207 814
5280 8796
8099 9208
8281 6741
4111 9519
5514 8855
3385 7843
4042 2343
7321 4955
4420 2703
507 7093
1929 4493
2013 7870
5598 9734
7413 3618
4839 8406
9676 6027
2265 8175
7899 5847
3094 5411
6473 7732
6621 9845
344 7987
1261 3000
2909 7580
2001 5513
1654 716
479 3085
5280 5213
471 4658
5541 7240
5364 8361
4372 4580
6920 6973
5581 5326
6455 8105
4966 8436
2452 9074
4351 212
1102 1384
4672 6683
5315 9529
4835 5923
9644 816
5646 6596
5202 2418
2862 5158
5387 7833
1825 1900
5691 4797
5396 6835
6239 8049
4332 5423
311 1420
3754 9095
7133 5000
4309 4658
6300 9348
6741 3577
1778 9200
4345 6651
5544 7500
2085 4432
3528 7597
2136 7861
3712 5957
5419 7505
2690 2822
4816 9390
2459 2135
8615 1717
3128 6431
8443 7383
3769 5673
8729 1967
2999 4974
4425 8458
9791 8180
8165 2275
352 1262
828 3177
7757 8344
5735 7458
2147 2785
8354 9502
2528 3150
5014 1403
3010 7741
6181 7144
451 7145
866 5926
8913 461
7088 2829
5649 7633
2615 3805
7103 5968
4816 7551
1476 6915
5252 6132
4801 5967
6147 6984
326 8146
5534 7952
1547 3533
6873 8552
3724 4478
3223 7165
5514 7421
1546 5230
8312 6498
1402 9194
8571 4214
5331 4977
7557 5104
6111 7532
3406 7407
2052 3008
4822 1838
1397 4999
1428 148
3712 9850
6964 5943
4942 8669
5915 6960
7493 6408
8289 5561
3141 6183
2241 4879
3593 8414
5666 7545
2265 4418
1852 6989
3155 5155
3527 368
713 5669
1889 6009
2703 335
7239 7184
6418 4039
4241 6477
6806 7302
8326 8435
2137 6461
69 4412
2311 7287
5628 8205
7308 4143
9264 8839
8779 4889
3598 6677
4059 1639
2611 2974
4295 2818
5671 560
1347 5675
472 7138
6840 6899
1215 9168
5040 693
2450 9149
5139 177
6293 5454
1729 8342
2159 7401
5823 7639
4303 6671
4948 5426
6615 3640
8877 7396
6741 9606
5533 7284
6968 2186
8413 1519
2585 985
7299 5440
3918 8442
6234 5116
4985 1938
6527 615
5085 7888
5895 9154
4668 4567
3945 3714
8860 7176
4348 6053
6573 6221
6461 3041
5995 996
4807 8186
4296 7970
1815 383
2240 5221
4454 1093
3015 7698
5902 7076
2738 4451
2145 7320
7284 3320
2980 5381
6636 8505
5096 5407
5402 6911
5113 2607
985 4894
5298 8251
1788 7167
3625 9505
4067 1973
8571 8604
1399 3837
5605 8034
4780 7399
9704 64
7138 9631
7474 4369
3115 5969
6406 8177
2832 1187
6071 8830
3862 6657
7055 9754
5360 7277
109 1422
2687 5118
4504 9278
8074 6175
9014 6504
6094 4239
9505 7007
7286 4560
4307 5327
6373 6256
3141 5338
1004 4465
3980 889
7114 7314
840 2758
4696 12
7615 6024
2148 4974
2365 6140
952 7550
821 9016
7367 6309
4806 7360
5971 223
6163 6809
4465 6801
1330 2662
3960 3367
8575 8294
4836 4206
3586 7219
6840 1961
2500 8004
5947 8739
2292 4793
4356 6090
4339 30
2310 4618
8091 9241
9357 4896
192 7407
618 5529
894 4831
7071 3038
2999 238
216 9053
2018 221
7076 7933
9029 6770
3079 9242
2482 7037
2571 7789
4805 1849
6406 6125
4935 5113
4422 5760
3854 8457
7407 3724
9203 7421
4250 4377
1533 5181
9494 2645
4590 8619
5750 3353
4415 1182
8179 3314
9548 8479
5126 8333
9737 8940
2756 6966
9826 4259
3446 6918
4292 3448
1121 4045
2094 8981
2741 4362
2708 9325
3534 6105
8501 5822
4474 8420
5948 4253
3413 6983
3257 7904
7200 3622
517 4523
1498 3227
7079 5547
2364 5822
9021 5420
3057 5227
2529 2627
3399 6159
3622 5413
7314 8194
6467 7046
3172 3901
4141 9132
3088 2
3037 6601
8338 1468
2990 6526
1409 1670
5780 6466
1384 1088
5380 8710
5713 8627
8007 1075
1329 4535
1690 3531
6834 7045
4453 3368
337 754
3472 4435
1142 5648
7236 2366
3027 9683
6886 8669
3210 5832
6307 7006
7316 7206
62 707
824 5194
5373 197
9907 520
3813 7451
7813 3932
6409 8343
5620 9580
1862 6445
707 5144
5600 4912
8526 8190
1865 2434
7128 2967
779 8174
5516 8597
3782 530
6480 7068
6383 9350
8108 6751
8440 8658
6993 8232
405 4563
8087 6813
3448 6669
7639 6128
1919 9328
1931 4198
5401 3897
7056 5026
3595 4329
4584 4843
5025 4256
3189 4055
5332 6170
2186 8746
4106 5154
3932 5267
4713 7818
2651 3598
700 3181
1926 6311
5809 8660
7487 351
6198 5237
2455 9321
5664 6764
830 8071
2117 6818
3526 8672
2098 4324
5318 9739
5349 6874
7612 5607
8372 865
3521 8715
9524 619
6808 8441
5861 8338
5045 9738
5501 5551
7350 5728
1670 5846
2712 6186
6800 6981
3720 5518
7025 9314
3380 5827
9615 9903
4595 6095
2370 945
2762 3684
2674 3571
2078 6435
1511 8539
5838 5186
5760 7710
705 5702
8853 9445
4073 7568
6294 8583
6481 4245
2719 173
2294 6854
9570 2037
4168 6795
3413 998
3594 6708
1238 9669
1798 5576
1380 3602
1906 2894
2484 6843
5909 5079
6301 6771
5143 6219
3481 4673
4969 4871
2154 2363
3580 7833
4618 5287
7562 3479
6782 9969
9838 754
7492 7850
5121 394
6793 5368
3797 4276
5085 1905
6172 3745
2937 7030
467 2234
3581 5267
6180 5676
3960 7249
5969 4409
69 6739
1430 3449
6342 5445
1049 8187
6439 6546
5850 8366
5282 4418
8743 2311
8495 9150
3592 6193
8716 1427
2295 113
3153 6560
2879 7223
5291 8789
1485 8875
6461 8146
8830 5878
8886 9422
6193 2181
5642 6279
3039 1964
6029 2487
2296 9733
6927 9989
3381 6279
3756 8371
2500 2329
9993 2465
9624 2073
2631 7215
1530 7197
5619 8860
5731 1224
3085 7570
3916 7727
6152 8047
5116 5243
1470 7533
6327 8839
7401 86
5370 6062
7424 6900
9889 4865
6481 9427
347 7389
3979 3474
2311 7775
5220 7407
9252 228
812 6930
5648 5898
1329 2201
3821 6914
4277 5467
9397 1225
5792 5539
7915 549
4601 3349
5755 6640
4976 257
989 8670
5471 4666
4523 8246
270 473
7193 7101
4119 6584
4173 9035
7093 454
3619 1050
5392 8025
2534 1242
4392 4649
6988 3326
8290 9521
2605 9524
2094 6339
7932 3131
3569 6009
7886 1443
4219 7057
4518 5404
7090 8154
2742 8711
3862 6527
6267 8117
1828 2140
8713 3817
9456 892
813 5020
5394 4930
1543 7754
3852 7650
1737 1096
4512 4663
8088 7269
4479 1224
4798 9608
2702 6558
7432 2390
4980 4889
1036 8983
4518 8921
4201 9739
1321 6607
6978 8757
7704 755
3290 8835
3331 8607
2339 4826
5159 7641
4110 2831
1943 5728
7801 8622
4649 2816
3729 4573
5890 6291
8337 5074
6935 1718
6110 3298
4418 6717
5216 6468
6458 7916
2666 3736
2101 8394
1853 6077
5939 3564
9724 2601
1759 1719
2512 6652
5605 7596
4309 7605
4727 8118
2067 1054
3403 8028
3791 5400
8278 3460
2278 4620
8194 5947
89 3099
845 5297
6626 2787
956 6333
4509 4754
8586 701
3178 3722
923 4062
1965 6617
2997 7767
5001 7027
8353 3058
2458 1302
124 3039
7235 9260
2480 6201
6607 1740
8472 4857
7974 2136
3453 7875
7475 3886
3139 7190
5241 5561
5972 5780
4129 5125
135 5914
3684 9878
2685 3923
9820 3560
8081 2770
6477 411
681 8460
828 1828
2621 2073
7534 8909
2205 3592
3695 6603
8560 8487
6936 63
6751 8648
4305 6239
7178 1518
4118 9796
8998 203
9238 1353
3785 4631
6654 6850
266 7147
4192 7880
7815 9807
4479 4446
8517 3663
3644 7028
4342 5609
1282 9457
4195 7252
2562 1748
5541 6993
211 808
7738 6419
7569 7364
4826 4503
2374 4033
9072 7870
7224 2936
8392 5896
1891 6545
1259 3824
2494 5791
7766 5326
4857 5371
6481 4181
9712 1383
1582 434
4553 9080
8013 2170
7426 387
8160 7064
4378 3077
384 6347
8953 1452
7827 5807
2670 7427
5889 9759
3359 5959
9783 4538
8940 880
7772 1303
5946 7647
2563 3931
5100 7626
3114 9403
8434 6498
4492 5003
1397 751
9372 365
2289 1827
6403 9993
3808 6293
5432 9533
4046 6350
4003 3270
7770 6868
5478 9356
709 764
2587 5577
8295 6689
4152 9341
9435 8540
6477 9218
2231 2616
7889 5112
7291 9098
2974 2552
3291 5383
6908 7081
6705 77
4204 5838
4230 8227
1997 476
8899 8021
2832 1543
2853 3551
1982 2046
1274 2225
6430 380
141 4884
80 932
5723 5362
4926 2574
2354 3207
3033 7925
1357 9699
2554 4958
6417 6574
3825 6326
7512 132
6045 5655
7798 7548
4940 7181
979 5407
1368 789
500 3194
8855 5015
4759 6207
4972 9240
4394 3076
3414 6997
4935 8126
6423 8553
6699 8902
2129 6606
7515 5223
6150 9333
546 1337
7166 5520
8585 6601
1400 2151
7802 9373
4903 4279
3268 8986
9839 6861
1663 575
1640 1086
2142 4222
4420 6754
2018 6630
2895 4459
2835 1412
1479 4551
9319 1762
4401 4647
5569 7607
862 6016
6012 1653
8480 3299
5472 7566
6951 8698
7241 5239
8801 7262
4659 3198
9922 1516
8621 1144
6533 6320
6020 7492
425 2470
5480 5003
4005 4552
5142 1746
9135 7902
7545 6939
9972 9042
6032 8899
667 3925
9391 8538
3558 3688
8931 6567
8956 9778
1984 5409
3427 8079
1189 8063
3352 3475
8995 8659
1858 5189
3306 4756
2215 3211
6284 7147
565 3661
595 5230
8200 5836
4153 7028
8568 6003
8537 8868
4587 4102
6226 497
381 6469
7106 7376
7130 7733
3835 6574
847 3882
4936 7531
3009 3499
1708 3164
5264 4327
7313 1145
2550 7122
2811 7163
2046 6542
4236 6221
5881 4676
3611 6694
5289 5969
9869 3254
4447 9595
4724 6160
6088 6588
2749 7308
840 4350
7018 981
4806 6616
553 1058
4988 8084
5346 9189
6323 5007
471 8280
3693 3447
524 478
7068 6292
93 6792
8551 898
3513 4684
5937 3106
7140 9965
6338 6833
9092 4864
9964 400
2665 5233
3069 6077
7229 3779
7678 5820
7280 6942
6803 7054
3054 3473
3327 5325
8937 5148
4546 2329
5473 6920
2144 9789
5714 8672
1385 3092
7434 333
28 5979
5475 9302
6284 4516
5829 9305
7246 6819
2690 4458
1585 2749
3078 5506
1996 4535
5320 3951
2085 591
8375 9558
8184 8041
4689 8514
4301 7880
4489 6359
4914 9800
7643 3866
6552 372
5624 8095
8303 8463
7227 1076
5038 13
7084 8840
90 3729
2187 7418
6712 566
4576 598
3063 8220
8653 9148
9866 3183
5108 5562
252 6356
6609 9900
9056 2856
5043 8062
5614 8588
5156 9925
3442 9155
5489 6836
8132 7840
6096 8039
4831 9347
5499 6773
8571 7594
6527 799
3056 5305
5004 3761
6234 1220
7157 2134
7192 9968
4303 6050
3728 7805
8964 62
9787 809
3462 2209
7782 4522
7580 8774
9058 4312
288 6938
3210 6014
2837 1073
8806 8413
4855 5637
1671 4989
7538 9652
7302 2205
228 7422
4240 7175
8580 1546
3570 6828
1865 7864
2613 6037
2022 9504
8278 4069
5181 451
6540 2979
3201 959
6838 6019
6774 113
2048 5827
3808 4498
3826 8487
6557 2865
1650 3953
2338 5293
4270 7417
9705 2284
3322 9829
3945 194
9417 4742
6552 4628
8554 2795
5964 7841
539 2816
1097 8247
4753 717
673 7919
4845 5675
7797 7929
771 7673
3458 6734
2512 4375
2632 239
3197 9847
3219 3190
2797 5941
4061 7148
4592 8999
4389 3981
5671 5242
7178 8422
3420 7502
7152 9187
8905 8865
6251 4999
4442 730
7862 7253
1057 7262
6352 6515
1286 4052
6215 7412
4255 1254
3563 6359
7847 421
7617 4281
6500 7931
7646 781
1992 4335
2613 481
4987 9137
7337 5395
9512 107
6192 4553
2553 3584
9965 2038
4913 8141
5407 7252
426 3436
3061 5717
2388 8886
7367 9889
5404 4968
6973 8272
705 8220
6897 9674
7606 5704
1578 157
2701 6084
7186 8272
2069 4824
1506 4189
8228 6626
4401 5872
1260 4133
5433 4514
412 1528
5508 7546
3003 2342
545 4043
3156 5967
122 8784
6930 6602
1896 6343
5022 6461
6161 8491
6983 9057
486 6738
9200 770
5243 1212
930 5668
1193 3274
4826 6643
8291 8627
9695 5973
4805 6476
4533 8003
940 5201
6170 9721
406 7630
5817 9310
7572 5385
3358 2007
6279 8846
5152 1457
1239 5618
3477 4816
5047 9513
4472 9053
203 3487
4070 1839
1583 5549
77 9912
3186 4236
5799 6529
3658 6446
1893 5216
9109 2563
2917 6707
2388 4377
3891 7852
2581 9912
7619 1659
4437 6039
6421 4189
7713 540
6073 4903
6088 5477
2325 4967
9978 2086
8422 2922
3606 405
6804 6815
3906 4309
2130 2927
3850 6400
6125 3
8334 6084
3950 43
2207 787
5899 7998
3891 631
3539 3855
9568 6365
4313 3478
3239 7764
5292 5519
7422 8153
5018 786
4965 4343
46 1176
5864 433
7835 4656
2269 1907
8180 1658
6966 7398
4578 9158
5580 6164
4723 622
5019 1438
5982 8130
3375 6096
7028 8626
1331 9329
9297 9123
3707 8003
8436 4630
4301 5709
3991 4729
7292 5181
3112 4531
4900 6647
1865 5893
965 6131
9896 420
4455 9451
5162 5112
7244 9984
3142 3363
5066 6572
7350 9858
4635 5073
2904 4888
5789 7869
2991 9731
4649 8354
4069 5335
1367 2704
1106 3050
3057 7210
3671 4629
3031 1788
5023 1748
4381 4496
9575 7373
5894 5653
1379 5050
7024 6668
5506 9974
5986 6181
9954 8308
5338 9114
8149 9406
9668 9937
1368 2124
8115 3342
4863 7020
4477 7479
3377 2438
6093 8091
6346 8271
9479 9139
2084 1698
5892 5822
7387 546
6344 1967
3348 5534
4709 258
4263 9068
6154 3792
2184 5204
4467 6094
2107 6906
5059 6908
5656 6898
7932 8603
3441 6637
588 5823
2397 8816
5957 4796
3039 5021
8918 8001
3959 5701
3689 7008
9575 3548
9344 417
6558 7766
7378 7276
8216 8375
5857 485
5712 6254
8424 676
6393 5605
4806 6862
2741 9541
5512 608
3268 6025
709 3214
9139 9824
5243 7738
9443 6788
4625 6642
3922 8885
2485 6969
5668 7621
5289 2377
8436 4806
7233 9207
3083 623
4087 5138
7160 1000
5309 3150
5972 6325
4587 3101
8169 8
3035 4995
4251 9689
7978 6075
3148 4414
3439 6283
6508 7853
8046 7643
2259 7635
604 1847
4637 2706
741 6511
1380 7437
4782 3740
7514 1258
6789 4466
6622 8261
7709 5900
8715 8044
5583 2153
5146 8302
6070 8687
5249 4788
7666 16
2889 5829
9656 7285
745 3260
7267 2899
6299 7877
2682 8653
2362 7251
2552 6594
4606 8186
6884 7749
5898 6486
847 3365
3877 6993
7431 7329
3093 3915
8960 1408
5479 3277
7805 6789
2643 2403
5277 1830
2083 3877
2642 7547
8944 2982
4212 8043
7300 3476
7542 3238
6365 6608
5162 6845
5020 1248
9357 5258
2925 1540
3695 7874
3691 8169
1045 3218
9771 6938
919 2621
3587 5079
1135 7349
3593 8765
1865 3667
5392 4129
7106 469
815 9064
6083 5969
7192 9517
7758 5993
4643 7690
6338 3751
8280 8320
1946 1498
3253 7017
7025 9003
7873 6589
2207 4656
284 9936
7269 8582
2776 7967
1699 4142
8634 9841
5384 3500
3066 8214
2560 6393
6736 2871
1649 7933
715 4874
4728 7481
1152 4094
3392 6105
1883 408
9890 7144
8014 3838
9320 7028
5676 760
1420 4030
5797 8634
1657 6188
3555 97
4934 9922
4036 4342
4411 5451
4077 4114
8229 7819
2164 1939
4586 7374
3635 507
2110 7072
2168 6525
4399 6272
5293 4499
2338 3445
1133 4767
3494 6516
4788 5680
684 7092
2121 3043
6394 3591
2383 6426
4182 329
1640 1134
4210 9473
5027 835
6835 7390
6557 6628
1980 3161
4850 7325
559 5124
7522 4011
1005 8099
3343 6481
2854 8010
2135 4243
5763 1118
6599 5554
5432 1247
2291 8139
1546 3555
5376 3826
2055 5684
2605 5333
2806 9524
5979 369
2893 9412
522 6423
2967 5914
4263 9554
5221 8503
8798 4918
3185 8244
7626 3650
5093 8210
4933 8746
1951 7818
9655 5892
6460 5903
3632 8825
1538 8817
3545 5904
7686 3556
6820 5549
2549 5535
4610 5366
5662 6394
6398 9697
6384 4056
802 7944
2946 6231
5919 7339
3512 2707
8291 4322
2138 5011
7630 412
5921 2955
1974 6485
9708 1543
9761 2601
6320 1159
9348 742
6592 7216
3307 329
4948 3738
7448 7137
2557 7415
6704 223
4504 3697
8389 1689
6787 7576
405 4470
5520 7054
4613 3869
4662 7437
8762 3102
4500 5160
4809 5915
5788 8976
1531 1956
6307 7289
3800 4705
6089 9318
9601 2598
6982 1493
1891 6850
5556 7542
7154 5397
1906 8370
1090 9016
2652 5716
2657 7780
5165 8825
3535 6477
6540 8328
3199 637
7371 4055
1945 3006
293 5854
9480 1796
3439 4675
8390 1644
4961 4457
5575 6077
7075 3094
2319 8027
2658 5507
2040 8612
6436 5093
6966 5295
3958 9562
4144 2104
8319 5039
9086 9870
6992 7647
5564 1084
6240 2121
6617 7477
5870 9943
3671 4257
1935 5943
4448 5117
4174 9981
9359 2687
9544 3406
1565 5070
7421 8561
5788 7487
2844 9295
2961 7894
5526 7221
5135 9322
7234 9637
5393 7631
6932 6828
6880 1942
6300 3353
6618 6143
7155 6082
4857 8267
4062 7767
5015 6638
3621 3860
4759 5894
4234 3565
8378 9099
9806 4035
6198 6580
4828 1685
9884 7072
4070 6207
5608 2550
5815 9444
1954 5659
3270 5336
4868 7126
5302 6829
1447 4515
6683 2959
3840 7034
2857 5288
3849 3592
731 8253
1641 6717
1882 7597
4314 9061
6104 9560
2164 5216
624 7228
9147 4203
6270 817
3742 2311
968 4759
5063 6496
7733 5617
4113 3944
5102 5441
1859 4472
5969 9227
528 9856
6777 9666
3867 212
6403 299
3740 3783
4261 9147
9627 6883
5236 2115
8272 8941
1401 4129
5809 4902
2568 5669
3621 6464
4493 6393
268 4280
5689 1952
3319 6247
3701 421
919 5940
3374 7122
4973 7087
6557 9208
6021 5966
4173 4967
5351 8615
5984 6313
3514 7482
4918 102
4973 2778
2915 2464
7773 5126
8610 1836
8814 5278
5435 3482
2117 4820
5804 6503
6542 6203
6700 5328
4048 8705
4851 8800
3459 5866
1024 5565
3214 1834
4503 654
8148 7561
3690 7721
9162 7839
1440 8405
4385 9680
4450 3918
1559 4798
7073 6899
5225 6129
2078 5134
5112 8854
2471 8219
6361 7272
1305 5039
9376 7101
5174 6470
6203 2670
4540 936
4700 134
8660 8099
1865 4329
5841 4654
4968 6486
5993 3247
4379 6616
5842 2031
4364 77
8667 2746
203 4890
3159 6354
8212 890
4302 6517
4031 1035
9407 5875
5234 7372
8539 588
8819 4843
7425 8481
5083 8371
7344 908
2615 5449
765 6067
3163 6715
5773 7771
8705 2462
7485 1032
4183 7333
3429 3195
902 5291
3132 1925
5862 8230
8033 8192
205 9500
6654 5197
485 5353
2028 5221
5739 8015
5811 950
3681 3271
2924 5278
7395 7797
591 3978
608 2161
2146 3937
1645 1440
517 9398
8638 6851
7060 7928
6015 8421
7437 8265
3810 8353
7657 8039
6827 119
7140 2565
4977 4938
4533 5715
6605 5146
7814 6158
6816 5329
9692 2569
3926 7639
3970 6891
5775 609
867 5673
5299 8264
4010 6963
2391 6467
159 9006
4457 5144
8572 5813
6613 9184
3577 9188
3116 4363
8652 1204
4443 8521
1632 8872
2330 7224
2113 4257
6526 4583
6704 2374
1696 6305
7958 4556
6461 6524
3307 6573
3357 9548
4053 5050
5163 192
3329 4201
5311 7940
3401 6292
9705 1608
4479 8312
1196 6224
2512 8116
5987 5715
4414 7136
793 8207
5624 8521
5445 9044
9968 2597
3934 497
4795 8144
6868 3599
2547 3276
4314 6272
3185 530
6918 5298
78 6481
9230 4445
2253 964
1580 7745
765 887
2977 7532
9659 6406
6973 6523
2634 1716
7547 6529
623 6846
4690 4815
1963 7146
3912 6470
8074 9429
3217 4925
8085 6326
5425 3463
4993 5755
2913 1481
3914 5267
5598 9541
4834 514
7328 8040
5552 6392
2524 3362
4409 8858
2921 6216
4177 3627
820 836
3917 7874
8309 2664
4038 2916
6625 9586
2902 2015
6730 1422
7451 1707
6325 7789
9334 2929
6932 8992
5572 8454
5126 6418
5053 921
414 9179
8874 7266
1783 6881
8928 9192
8362 6300
5669 9676
8618 8966
2246 5070
8483 1867
3806 4878
1180 5275
5278 6529
3907 5455
8547 7221
9848 5341
2048 8468
637 5521
3111 2781
1476 9474
2909 9965
5572 5434
5028 9508
6153 9846
7593 6620
2369 7247
2111 6723
3791 5630
5219 2808
8381 2391
8872 7583
7142 1850
6364 3771
5765 4674
2764 2915
5838 170
4604 9422
3250 5023
9431 8570
2251 300
4773 1014
7075 3903
7291 4696
856 7685
3593 4086
2387 6203
1331 9082
3733 2790
4438 6743
6046 9975
6688 5951
4382 7750
901 9390
1217 5425
3968 7652
401 8286
6381 5656
6102 5975
7293 7872
7951 7320
5895 7604
7649 1276
3821 5252
767 1001
5503 8433
6752 9103
6652 763
4902 3076
3883 3097
3988 3150
4913 6352
4981 6752
6732 7818
5005 2679
6332 5632
3405 7380
9203 313
2649 6054
6343 3283
2301 8791
5417 6235
4662 4676
9544 5746
5693 7338
7761 6125
5328 5934
3986 5561
3765 8302
5315 7163
5662 8439
997 7074
3086 2537
116 909
8937 9885
3834 4911
7981 8501
4839 5369
1928 938
4260 8402
3518 5698
6644 5853
1551 5502
3023 2723
5636 7460
9701 2646
6323 5919
6880 8954
9347 4777
1947 375
8132 6845
2332 2697
2679 6188
6247 6459
7190 1195
8335 236
2891 5549
5696 6292
8815 9440
4378 3307
7085 5464
5930 7398
5720 5602
245 4432
4610 3815
1790 5918
699 2387
7574 7843
4869 3746
6243 4596
1620 4460
1692 9961
7294 8957
7144 7212
9435 7468
9015 8868
3105 122
8652 3568
1649 3296
4732 6787
8357 7555
7746 9653
6803 4825
3059 5789
6992 7464
3302 6715
6581 7112
2849 8130
2472 5965
2552 4911
4078 5889
5685 1312
2517 6610
6800 999
7656 166
4273 3324
4445 6585
2344 6574
2269 6400
6218 9517
9879 6303
8409 6388
9388 5248
4144 2284
6532 8071
7743 9718
6802 4441
4388 3031
3016 9838
8396 7738
4631 7633
3234 4584
9122 6337
3786 6494
6881 654
2507 7867
1758 8274
9022 1905
7614 7823
5238 1750
3813 1645
8073 709
4181 3761
7944 824
7685 3044
7417 4956
3578 7605
4036 2067
2618 393
4757 7462
6908 4520
5046 2869
2513 6463
1309 1365
9167 7490
7911 6366
4203 9010
2711 3445
5193 8931
2796 8922
4678 7024
1266 6512
4282 9010
5314 6713
6295 4828
4452 4439
5856 7410
6773 5392
981 8487
2806 6055
4148 6162
6729 4302
9676 4226
748 1311
6855 6104
3235 5414
9432 9198
4026 6438
146 6575
2647 8627
2809 4259
4166 5923
6693 7210
4599 6973
2586 1477
3719 5877
8035 1877
5190 5613
8373 1872
7829 954
9432 8272
1965 6620
3964 8690
7141 9076
9061 9685
4565 8018
2681 3390
4726 8380
7025 3387
4365 753
4872 6219
3110 8936
9880 3722
3464 6953
7 1531
1192 5892
8667 201
4193 6281
8560 6262
3933 8865
1748 7278
5273 2712
4084 7048
5014 6918
8691 1497
7283 9667
5074 8137
9792 468
4750 2563
3601 9415
5680 8068
5165 8376
5662 8428
7399 3668
3294 3229
6785 1819
7106 8290
1774 1507
4597 1395
8166 807
6079 5161
7407 940
2474 4254
6837 7957
2618 3481
9816 5389
8312 6644
3322 5748
3541 7778
4890 5417
6240 5644
3144 679
2999 4462
3649 8479
7002 6381
6830 5860
4004 7135
3044 6864
5335 7120
4526 9462
4782 4958
4276 8533
6098 8799
3689 2549
3441 5453
6559 563
6598 6907
6030 7389
6737 6985
933 5347
1729 6715
6569 4405
4488 4861
5682 4841
7714 1719
4988 5147
2655 4665
6537 2322
7636 9649
9093 8282
222 3915
5522 2758
6112 6007
2717 5664
5919 8581
196 3899
9705 8257
5483 5018
6143 9494
7792 4096
6969 3305
9865 517
1326 4473
6153 7822
3754 9201
2245 5911
3833 9494
4869 8070
3737 4538
2716 6435
768 3549
2138 7892
3538 5725
2922 3278
1528 6162
4482 4776
2028 8434
877 6875
4382 1162
4541 7571
4727 150
5606 1250
8522 1595
2376 3640
8628 9871
975 6070
1522 8683
6835 7990
8069 687
9884 1280
1491 8737
3623 1352
4170 5951
2929 7616
5738 3634
2892 8902
1663 3451
5178 449
8763 9483
2063 389
5192 5716
3703 9989
8785 7966
4836 3839
1890 8984
2055 9317
3464 4230
5275 5835
8209 4773
1538 4974
7498 9865
8150 1160
6042 7441
6531 9295
6595 4355
989 3227
8764 1733
2743 7974
333 1610
1745 5196
4379 6838
5697 2158
7253 9172
4353 7495
1820 9288
3444 7095
3356 6753
5484 9755
2137 8406
5610 7881
6099 7291
3533 2077
6855 9489
1224 5564
4706 6320
3109 5132
4811 600
7624 29
6694 9958
1154 4192
5259 6388
6074 9984
6242 3381
1426 1618
3238 1876
5559 9245
3094 821
5318 7439
6958 5550
1758 5753
1080 2391
3034 8246
407 3345
3310 6609
1558 4123
4462 5131
4458 1454
4227 5493
3040 719
4410 7048
6769 8522
1041 4920
3560 196
2133 5872
7759 8672
216 8715
7132 7756
6186 5397
3835 7719
5515 9844
2693 732
3074 5793
207 385
5573 8967
4370 307
2988 7446
4460 9097
8770 2128
1659 7197
4456 1929
3760 3128
9363 9179
3372 3248
8251 2852
4668 6888
1173 6378
7697 6881
7785 2527
8423 5938
4480 4743
2048 8419
8866 4185
3802 8965
4597 5035
7309 1672
899 6869
30 4205
6202 5000
3745 7155
2599 3688
3237 2255
6793 9605
6530 106
723 2075
7342 1418
5881 828
817 5645
8699 6236
7338 7045
6400 6762
3294 6293
303 9746
6806 8389
4748 2413
249 3215
7281 2202
1720 3998
7100 8277
5074 3751
2940 8811
3587 6178
8041 9245
3688 6755
1876 9843
955 6531
3924 8688
4738 2260
7403 5992
6628 7578
3526 5730
3240 5144
1255 5308
4469 5347
5156 3015
7353 4841
1678 5303
3589 8307
4273 4738
4345 3860
7681 7760
7911 8222
6054 5454
135 5290
3896 1755
7275 7523
3357 2938
1153 1109
8238 3369
7296 7811
7100 6438
5633 8026
4356 8048
7237 9338
4537 7305
7670 1986
7340 9695
955 3874
3052 3887
2409 4424
5719 9089
1340 1177
7107 3687
1203 4326
5654 6930
4859 6430
8350 3034
2458 9914
5930 8262
5887 4657
4995 7230
7419 4861
9210 6817
2465 9809
6434 6223
91 8212
9107 1148
4138 375
8931 9553
3091 5252
8406 993
4266 6158
2788 5372
8024 5213
4492 5050
3914 872
4509 1018
4543 8250
5348 6957
7771 5154
2151 9753
4236 7460
4511 8153
8669 1056
3963 1380
6332 7477
9386 6066
7116 3129
125 6883
6403 2927
9275 987
931 2967
5421 7714
7590 8502
2821 3818
1372 8981
5488 1207
7464 4606
3621 1629
5092 6576
2339 2768
8375 2019
5604 8185
7989 4464
2713 2420
1859 818
5172 570
5875 7372
9593 7173
1174 4364
804 6551
8094 8277
8603 4219
1887 9898
3594 6491
5830 9292
8303 3957
6024 7845
5370 7092
7783 9031
6685 8759
2325 1385
2930 3185
6406 191
5266 8553
4325 8524
5423 2380
5392 5659
6457 3539
6778 8586
9519 8139
2810 7856
5463 1109
3751 3943
9105 2083
6792 3236
2679 3845
6854 9712
7383 1876
7665 2757
7914 5713
6947 262
4978 3440
979 3360
3215 3946
267 387
2846 1864
7776 6358
197 6707
5340 4960
1563 7962
5971 4009
5535 8811
363 1263
2839 6291
3590 5930
1200 2662
4878 7006
3913 6620
1576 2424
2420 9461
7365 4464
29 4248
2386 2414
8103 5332
4164 3290
2410 3387
3053 6233
5527 9872
5062 5379
3666 6167
1906 5052
6959 4018
2239 4444
7272 48
6819 7916
3969 7107
6930 8915
2023 7034
5488 6618
4244 2387
3452 4787
2055 2529
6805 5887
5337 191
2190 3885
8074 2779
1236 7041
2256 6868
7827 6285
9673 8406
6657 283
5237 8362
3506 5144
2494 6861
5400 4569
4412 4428
7360 9155
2534 783
5975 8183
4724 4663
3384 5154
4630 4772
354 4155
2808 5223
3662 5778
2955 1486
2349 3891
4134 3558
4762 875
7092 7017
1135 4612
6735 5962
7054 7664
5964 9993
3614 3643
2576 6391
4162 479
3652 9762
8368 9897
4027 6670
1302 3449
7980 9263
4231 7897
984 9933
3883 8877
6732 5785
2781 7210
3555 2366
4431 7406
6520 7033
4214 3621
3569 6623
4680 7063
5967 1084
3706 6857
7038 6097
6396 4644
1606 6317
4066 195
9236 1961
8291 6657
1787 5840
6024 8155
7963 7057
8852 4186
8150 6654
6665 9356
5428 8511
3673 5754
7825 5258
7780 7996
5589 7826
2045 6377
2089 6383
2770 4795
5913 4136
2027 8659
1898 5805
7271 9529
4286 2439
7202 4999
528 2687
975 5887
8380 7600
1102 2959
8417 8421
2100 3229
2769 6771
8060 3165
5692 3857
1284 5595
2415 5455
2592 6320
4242 9320
1911 4646
9959 4775
8214 4921
5600 4160
5978 7718
4032 7645
5770 7725
684 8582
2984 6443
3975 1634
9386 7478
3587 9860
1180 6948
2377 4947
48 4584
2308 5756
7067 9459
2927 9413
88 8305
1994 8979
5022 3378
2798 5512
6383 9887
182 4641
5847 9355
1215 5427
444 8438
4974 6168
3433 667
6698 9238
5634 4120
2163 8626
254 3187
9075 7962
5792 7860
6886 6670
5559 6834
7186 3929
503 7045
7583 9752
7261 3285
4117 5971
7736 6961
2874 7711
3017 1869
344 7294
6024 6358
4809 9473
3247 6882
1815 843
1235 6455
5139 8597
3211 5360
1664 9951
8123 8524
7432 7852
5892 7235
5051 2189
9652 7410
3147 6893
7932 4647
4317 100
7498 8327
6288 7585
9399 7122
2568 7078
9101 8596
5116 611
1301 877
292 8527
4256 9552
3659 2880
3407 9984
7858 9141
4632 4554
5550 4636
5281 8612
3206 23
1430 2805
6244 5690
9405 5839
2110 7933
7094 7065
2419 8917
5881 3544
5077 5705
972 3051
4831 3730
7279 6185
3709 7036
6988 7662
1873 7818
8779 9618
5508 451
4376 5486
8283 4957
6348 4750
3791 5735
4291 9993
1509 1246
2006 4038
838 6676
6214 9072
3110 8676
3189 4768
8042 7352
4271 5446
995 6515
623 4657
6495 4480
4547 4563
5753 8044
827 8136
2843 4252
7995 9347
6706 8083
553 3322
530 2372
5237 5131
3448 8913
1911 5332
5171 7665
5797 5912
3216 4362
3541 9262
8458 7135
8398 8518
2670 2472
2425 4627
2891 5854
5261 8655
5559 1896
3279 486
5898 4745
5020 6728
8382 9597
4644 8134
1285 2264
1671 5454
8100 8837
292 5199
496 8641
2682 738
9755 288
1577 49
7614 4140
4251 6230
4898 5812
6649 6612
9584 5250
8 8944
5697 7333
9647 4488
1717 6108
8701 4115
5970 2998
9816 8646
7622 9454
2931 5922
3207 7483
4630 7057
3021 6044
8317 2553
3284 267
2503 2442
2784 5579
5134 3786
3667 8528
6863 2999
2479 1159
7845 8987
2189 9691
6191 7036
9312 202
4303 4689
3092 4890
4797 3396
8458 2397
6169 4136
9749 3478
4828 3096
8302 56
1273 2764
6438 4940
8667 9458
8302 177
4199 6163
1806 8488
9851 7151
4732 8060
6830 6231
3860 9033
6090 3452
5742 2
3849 3956
5270 8759
5198 2763
5600 6190
7020 7910
9960 5579
9225 5655
9791 4080
3040 8001
5414 6565
3641 6649
6542 6191
4279 2964
887 5319
5250 4592
5755 9460
3169 6546
3699 3328
8924 1354
3009 2477
534 2814
9295 5323
9453 18
951 5317
6363 5384
8345 6642
5571 4926
2863 1083
3439 4397
3714 6322
6276 19
4178 306
2997 6681
7001 4624
3568 3235
2217 5294
5301 9387
7708 5654
4918 4667
5926 4457
4126 4438
9293 4472
4728 4506
9629 6084
6578 9486
8329 9505
6548 8533
9433 9299
2058 9155
8314 7921
2471 6355
6638 6211
2527 3483
2302 4038
7145 13
5556 4378
9894 6516
7345 9119
7510 555
3445 387
784 39
2748 8568
2160 5917
4924 9103
9690 6578
4480 8079
7756 9713
4728 5929
6804 5065
5914 3281
433 6763
9913 6219
2933 4389
7459 6615
2359 9523
3689 4143
5967 2511
8453 7961
7019 7740
7744 3071
5809 9738
3110 6129
3805 275
9062 9624
6950 9976
7435 3080
3227 9050
6636 1451
533 941
6763 472
6078 6785
3452 2752
7311 6693
8306 4743
4997 5406
1889 9735
5767 76
9232 8062
8303 9319
7153 2212
8562 4066
1247 1758
4975 8626
6116 3118
5361 5171
6426 5266
2998 8947
5711 8667
9540 9238
4937 7997
8944 7901
8550 8499
1600 9093
9819 7835
1844 7467
4954 9334
7750 2444
1184 4684
8247 8619
6364 9060
5812 3888
3413 9660
562 5280
4576 5897
612 1610
5935 7341
9583 9298
6222 3355
4560 826
5962 1967
6261 6464
862 2660
4411 4638
5660 7523
2404 7524
1777 4393
2372 3785
8339 7403
2508 7352
2038 233
4818 8116
8101 1573
4393 2985
3555 8036
5549 8860
6333 8676
8375 4027
9729 5982
7163 6164
5029 2822
5379 5537
3477 5241
9134 3153
9017 6540
3683 5346
6353 8631
9763 3886
2620 5031
1567 6747
5524 6305
3299 9786
4861 4685
7030 8213
8162 9530
3 939
5963 3615
7721 3637
4803 250
5348 6200
1489 3013
5740 6724
7821 3989
1478 7735
7604 9774
5412 7016
1871 4404
2824 7668
6116 8300
4441 7458
2753 1493
220 1825
7448 8860
4835 6752
4559 1155
3215 5617
2162 5347
4055 346
488 7130
3781 1009
2371 5871
2791 4242
5897 4684
2929 3654
5830 8306
1050 5971
5124 681
3044 2594
7614 8990
5023 3783
929 6849
6957 4970
9682 8945
1346 721
7727 6837
4665 4425
7371 9390
5655 8547
7802 7361
6656 6146
9836 6271
5367 7999
3870 8018
7646 7235
8116 5723
7603 4155
2998 626
6118 6857
2430 9150
6842 7561
1811 8125
2452 5152
4435 3343
5860 940
4511 6041
2980 5429
8260 3391
8449 6030
2511 8068
4240 7160
5383 6128
9066 4888
5327 1537
1904 7777
3731 9619
6161 8758
5546 7179
1881 4760
2607 5389
8599 7758
5170 8356
5918 8744
2775 543
472 3845
1951 9141
8489 194
7716 2193
4070 3729
3414 6542
5332 8539
1815 6513
3291 9626
4463 3660
343 6296
7440 7627
1996 2360
3855 9146
9309 2269
650 5140
1247 4083
3008 8311
4863 3607
4248 3977
6880 3331
8487 511
5491 4115
5010 9898
1036 7175
5676 8446
2728 7102
7516 4602
2523 8804
4059 6535
7708 7926
9790 4396
3062 8560
5315 6575
883 7956
9701 419
5521 6680
4262 4275
2930 8791
7723 478
5033 5320
5855 7909
9310 6805
5175 8113
9154 7726
3383 5740
7466 8406
8762 7350
3035 5178
3706 5871
3007 5870
772 3937
1149 891
5109 8590
8013 9046
1024 2027
5105 8067
5344 8349
738 6396
416 6345
6409 2028
8076 4672
5463 8943
1808 5263
2368 8340
1062 8856
5659 7579
1547 6161
3355 9976
8035 2281
4647 7310
1707 9533
4367 5980
8845 8916
4370 3245
6231 5876
7187 8428
913 3377
2821 2929
2394 7322
2832 2566
9411 4200
9816 2973
3988 7394
4917 1670
8469 8120
4539 5696
7343 7520
3468 7772
4707 6677
4440 176
5501 6686
1337 4849
8128 9897
6312 4915
6192 5264
5486 6041
2718 7782
5775 9298
231 4056
642 1412
1937 6170
2733 9487
4703 7702
921 3981
4062 6659
2947 8140
8164 155
7719 9338
5126 7697
3254 6341
5285 7690
7415 8109
4877 8390
4081 2592
2224 6469
7743 6928
7289 305
9364 4235
7948 6128
4434 7820
7388 55
3941 7658
5707 630
5684 6096
3191 1424
9516 4750
6286 5935
3425 6731
7786 8587
8515 5700
5948 5243
2439 7804
9807 324
7398 490
5413 654
4559 1533
4471 5621
3524 7733
5695 4955
6354 6577
7636 4455
4344 4762
8433 1995
1339 5284
5091 3915
8131 6999
8236 4046
7217 8793
5056 3399
2444 3694
7538 7653
4828 6430
6342 2379
810 6862
9865 7337
6959 5236
8872 7118
591 1045
3056 9856
4584 785
5652 4332
4289 3348
2769 3383
9298 8394
5218 6965
4994 8654
7309 1390
5302 5508
6146 8115
2506 7187
8805 136
4624 8683
9438 3957
3703 5371
3431 7652
256 142
7616 392
2021 6741
3478 8528
3760 7423
9783 5429
8150 6570
2021 4647
6916 5013
6881 6187
219 1778
2757 3483
6695 3287
7247 8230
4950 5190
9019 3757
2330 908
8594 9886
6137 5396
9657 4687
3115 7779
2835 6678
2534 7504
2613 5582
3139 4874
3462 2117
5483 7208
6034 2652
9418 325
4866 2284
3324 9242
6460 3174
5535 7519
4184 6838
4002 1428
3755 4180
2134 4658
7970 9217
8558 9158
1439 5264
6949 7889
4948 3908
7805 7056
3748 7560
676 5921
6046 7563
4096 8014
5037 4101
4820 5564
8983 7967
7763 4551
6491 8098
2349 8760
5893 8674
640 1918
7924 3112
3354 853
2398 5094
2635 4778
7272 4354
4453 7096
4587 6093
8136 3870
1205 5460
4675 9360
2469 3698
9643 7730
8118 3220
3110 4899
4042 3418
3651 6943
2498 2830
6551 635
5344 7775
3683 8854
7408 7611
5336 7133
7898 9195
9849 6414
5809 3152
7144 4303
7984 1247
157 3746
6958 356
3974 7461
9752 1233
3315 2392
152 140
7637 1553
7695 5695
5525 8883
3762 4959
5472 5987
4214 8503
1518 6175
4138 5475
5459 5230
9660 2933
7624 9319
7456 6473
2752 8829
5789 2782
3553 1644
1624 6170
2021 7038
9024 5095
3652 7544
2150 5233
9200 4503
5366 7496
6450 2649
7153 1345
5683 3416
2340 5478
9825 17
2901 6979
1001 542
2787 2383
7739 8356
8749 379
3967 8063
3494 6796
5347 7644
4750 3224
1627 5555
8378 4263
883 1610
3370 8194
9421 8248
8517 6529
2550 5422
2704 7286
2339 5653
3239 5415
5085 8290
4005 8826
3730 8621
6602 6156
5121 2470
1953 3338
2997 4017
9549 6568
4798 7186
2947 9565
1101 3243
5064 2057
1690 1837
6409 8622
6928 6972
2088 4852
5929 6413
2959 2341
1389 4181
7428 7379
2715 8518
3467 6130
2880 8585
2575 3748
3053 8742
2719 4961
8248 8057
2571 9641
5061 1772
7682 6104
271 6303
9462 6181
5673 5682
6698 6873
3754 2265
2336 6741
4025 6700
2037 7613
507 2988
5820 5328
8390 1064
4880 3952
3732 4613
7344 4890
8864 839
8282 8556
6451 9224
1831 6582
4819 9018
6643 8118
7866 9028
9270 8818
2326 8668
2905 9018
4565 6290
8244 8314
7719 7409
7707 1922
6801 3577
7059 839
7191 7411
5372 7113
9188 5234
9308 6090
7608 5484
4628 1182
3208 9261
3975 9699
3288 2316
977 8009
6223 7104
3387 8482
4813 9980
2272 2150
9295 1317
4974 6178
5715 7344
8703 7269
8959 55
6275 6634
3373 158
9830 671
8940 3546
9938 433
7718 8193
3263 9856
7758 8006
9602 9788
5659 6873
6822 7274
6600 9147
5713 9095
9096 9549
1089 5287
4033 9077
29 6475
4683 5695
8900 5143
3112 7714
7930 9523
6835 6812
7922 8881
2005 2411
2449 1893
9107 7055
124 7651
1754 2765
6174 6248
1852 7272
3956 1286
6170 127
9198 6311
8155 6500
6344 4077
640 9759
1251 1282
7360 3906
3287 6883
7146 9804
3977 6835
8644 8475
1111 5301
2782 7155
8611 192
4454 2973
4854 8047
1015 1806
4303 6712
7103 9326
2655 3529
7983 8850
4257 6192
7146 8649
349 8482
5203 2660
9582 6142
5786 8902
144 7555
2370 7453
4973 1151
2355 5115
6152 7387
7087 9624
6936 6193
2688 7331
5264 172
6482 9894
1101 8359
7064 7775
8993 1788
2755 7277
7457 5262
9807 5684
2787 5768
2029 1925
790 5878
5813 4938
1400 4346
2324 3913
7774 71
2864 4537
5001 7130
7185 7260
3648 7507
8422 9798
2863 6005
9790 280
7150 7949
2446 6885
3795 3770
4459 1535
6160 4995
4830 9355
4455 6031
6927 5396
7826 5199
1985 4460
6225 6063
7403 6035
8953 695
1036 2483
7916 8246
1580 6747
4596 4061
4236 3489
1903 6619
3293 6245
3494 8221
6254 5838
5512 1000
4566 627
3743 4495
9161 701
5123 7082
2955 4910
3424 7869
4554 8322
2992 4977
4938 6218
5289 2540
1221 9042
4946 7799
3609 7770
3409 6433
8758 6969
8736 3689
5747 5983
5637 4162
4348 7062
4095 4667
6098 844
8507 9989
7537 103
1193 3439
5842 9640
4522 166
8499 7509
1411 4951
8553 3581
6560 8580
4611 8209
1228 8398
2393 3476
4461 11
4870 9335
6972 9463
1410 4847
9187 2527
4415 8418
9989 8813
4306 8862
5891 4297
6863 6379
7255 6903
8514 8032
5146 7297
7052 7483
8872 6922
9309 2759
6867 7437
5714 5014
5170 9088
5122 5139
3936 7723
1429 7317
2888 6814
8994 159
3142 6172
6164 2483
8388 6886
2574 4789
7809 9919
3496 2095
3535 3484
3351 7864
2418 7696
4463 8714
8752 5069
3659 6933
3285 6463
2027 2297
942 6919
7146 9430
4790 7244
2316 5554
7937 6024
6615 3536
9077 1459
2335 3968
5609 8222
8043 7066
3813 6861
8037 6497
4616 6919
4936 6143
4480 908
5887 8580
7494 4528
5171 6683
957 6422
2290 9944
8833 9706
6114 7697
9278 8107
5870 8239
3814 6429
7625 2257
5626 42
9966 994
958 5438
6679 1416
610 2742
3345 6193
3536 5495
8835 7900
6914 9806
5947 8822
934 9403
5289 1682
7520 4139
7140 7530
6658 5800
9737 7600
4291 5670
7579 1457
9479 6029
5346 7935
5222 8515
8906 101
7367 4553
797 7317
3610 6746
6495 9727
2515 6479
1248 4745
6572 6914
3232 91
6967 6689
7046 5750
52 7055
3499 620
1976 5568
2669 1856
4620 8194
8295 189
674 9963
9701 8427
6202 6455
2238 3740
954 4769
4405 6441
919 3765
2133 1179
9488 3071
5237 6419
8544 2448
7109 7509
6235 9907
9256 4081
1797 9716
197 3864
3679 5115
7225 7842
4958 6859
5178 4684
2267 7837
9531 8113
7522 1504
5521 5144
2485 7134
7144 8913
5511 1423
1899 4758
4053 4551
2389 4393
9447 2349
9352 6956
1888 1896
4606 7854
743 9621
991 4273
8857 8303
3688 2975
625 1119
4379 4778
8095 9902
7317 6868
4237 5260
7406 6014
8046 6640
7411 8344
5152 1853
5647 5767
5533 2484
6245 9594
7038 8247
5427 7161
8454 692
8412 5879
5901 8249
3004 1501
1176 8065
4336 7309
7526 7139
9181 95
3985 1494
3282 8140
4144 5166
2612 4373
6911 3173
4339 1591
4374 8193
8827 1273
972 3710
3279 527
2320 7769
6594 5573
6926 4060
6800 8795
1287 5118
9840 2265
1153 1893
1308 747
3532 6463
3979 5462
4266 8902
6771 8215
5009 6502
6381 338
2072 6219
2288 8998
4175 5229
2027 8139
712 3210
4579 1791
6626 8103
3720 4541
1519 7625
5769 5035
5540 2179
3484 2463
3883 1980
925 3853
7492 9422
4087 8620
4407 6760
4529 3488
7671 1961
9005 1655
8698 8594
4684 6287
7736 3487
3956 2579
6023 1895
5893 6252
7801 3360
5283 6966
4287 7001
6205 7012
2511 5353
2806 6964
4594 6865
2001 7173
1688 68
6614 656
3367 2951
3695 13
3789 5798
5329 36
9312 1532
3748 6440
5943 9469
5513 8195
3782 5795
5166 5347
3055 3480
926 4683
6609 5802
4891 8296
6081 6814
4166 429
5583 6574
4263 8175
6924 7247
8334 6293
4254 7308
1338 4519
2210 6663
7361 310
6722 6739
473 513
6957 7545
7127 7956
3217 6938
6255 4994
5742 1211
4816 8364
9408 6972
8816 9083
4652 5260
4552 9459
9623 5355
9810 1246
4789 6662
3672 7868
5413 6260
4289 1128
7385 8493
8057 7839
9039 1224
3489 8807
3005 2278
5854 1401
8088 894
8610 7355
3037 5384
2297 3396
4561 8208
6411 4557
9945 5998
619 3451
6360 4777
5350 713
6555 522
7605 4924
2961 5897
1779 6974
4208 7689
9275 2389
6393 874
5281 7608
1148 5121
8711 7945
1345 3191
9511 7705
8322 7840
1820 6867
7821 7558
2891 8662
3388 4513
6905 123
7342 8499
6673 1170
5336 5342
4510 5529
5047 8851
9976 7818
2859 3997
502 5107
1226 4909
1915 701
5848 6806
6511 6598
6651 8069
2836 2185
2638 7569
5101 9100
9758 1421
3458 4046
2976 5992
3957 3464
5842 8731
7003 9517
8866 8838
3393 6051
8701 399
5791 6406
1721 4433
9099 1842
6929 8669
5048 5544
9138 521
1109 4054
2356 5617
3276 110
6699 1720
409 7736
3472 5125
574 9264
2847 7288
5995 520
2643 2799
4055 6385
8141 6316
3348 4951
3504 7679
6375 6820
1725 9934
3869 3081
3958 6573
3942 8026
7681 6452
2569 3873
1704 3580
2504 4158
2287 8361
8654 1710
2673 5135
7973 7913
7102 8852
3749 4076
2479 7255
9232 4841
4259 4821
7435 8503
3616 5654
5688 4560
4526 5057
6060 6125
1704 331
6177 5892
7897 5393
3914 5846
6227 8867
1334 4669
4594 9779
7032 1158
9295 9983
5744 8898
4799 7407
9596 297
5065 5348
9669 775
5039 3080
8533 8091
5689 452
3842 5017
2156 6295
5970 6329
5805 9645
9536 4689
4966 4379
9275 8068
3249 5563
2862 6349
85 686
6750 4575
2572 9256
1863 6581
7699 8925
8495 3382
7839 4246
6416 8607
7596 4488
3106 5110
6800 8489
1576 9116
3221 7800
3302 2312
2523 5957
3889 9427
9805 9522
2300 7871
4638 8468
178 1385
1776 3929
833 3302
3912 5331
639 3702
859 3705
2696 6006
3506 2842
4605 5968
8124 190
8882 3252
1325 3360
4363 9818
4315 1146
941 2323
5564 2230
3685 1918
2296 945
3793 2912
6327 9608
5040 2755
4899 4442
11 1113
3827 3664
9150 2262
3379 5231
8122 9633
3236 227
706 3072
4980 5040
2203 7025
9947 6972
9130 8699
6024 5490
8475 7950
624 3676
3405 4321
634 1627
6463 5015
2156 6805
3486 2216
3933 4891
5566 6840
8078 7095
5643 4054
3442 1476
9169 6839
4774 5069
7144 3669
1497 1978
6823 9212
4560 7217
7213 8872
4410 8441
8501 4286
1070 5324
4399 5313
8743 1604
9765 5264
1124 3840
9484 3036
201 8295
4788 9969
8840 2705
4648 7451
4797 8742
6056 7619
6006 5812
5332 9251
1887 6872
7694 1345
2932 2299
8269 5225
4818 9151
1063 8007
1436 1873
4999 6984
9580 478
9521 837
4720 8471
2722 4007
9396 5272
6272 6560
9752 6223
7432 8878
4261 5045
3511 7442
4481 8468
4971 6080
1832 250
9652 2959
844 3758
2303 7419
6171 3781
3633 9246
2163 4672
4960 7769
6737 9790
4106 6167
6921 1505
6847 1556
9331 6408
7662 5152
4124 2020
4213 9942
6623 5231
6813 8738
6868 8152
400 9207
3677 8282
2903 4431
9243 7769
2042 5563
9237 757
5408 1354
4704 7159
139 9179
3062 4050
8614 2700
7764 2264
7926 5975
6345 8474
6715 3089
1054 7879
9703 3273
3330 953
2115 4068
4034 6933
3918 9875
1513 9453
4351 8158
896 8996
2374 104
8199 6756
4422 7580
4420 8931
5180 8161
1467 2059
7357 2919
1231 3216
4242 415
4137 7303
1823 876
6537 6792
2304 7336
5279 677
812 9648
4510 2566
5556 4597
6848 5149
5392 6889
1145 5512
8574 1957
3391 7311
5175 1872
8955 8738
1587 9802
3978 4812
184 2774
2274 7699
7243 6028
7256 7724
4110 3655
6735 5743
3005 7396
9350 7668
3785 5292
4088 8713
5013 9700
1742 4963
7541 5735
5764 6831
3962 5985
2786 6288
5668 9523
6259 1562
3688 5867
6081 6134
3529 5285
4429 5047
81 4850
2153 6496
2595 5380
5863 700
3498 5827
7090 6455
6681 9670
1237 5598
9344 3153
4182 3197
2948 6070
6371 9858
1288 7751
6084 1170
3544 8989
8542 1832
6652 7289
2180 7551
2961 6130
9640 3043
3631 4383
4553 6119
2868 9056
1745 6512
6836 5770
9867 2389
4887 7577
5727 909
5009 5059
4064 7769
3259 6618
3207 1998
4127 655
6373 8870
3805 6239
5441 9304
7867 1154
5585 6050
9210 439
9477 4166
2382 4601
4372 5131
8288 6637
9599 5970
6863 8710
7159 7540
8150 2502
6565 4852
6372 6672
2172 5178
3942 6486
8943 1091
2561 7582
9257 6391
3954 2295
5517 8494
6154 5173
7730 2037
4878 8278
4036 8191
6172 7149
3792 368
7627 4918
2398 4972
3689 8497
3073 6050
4582 5102
3233 6002
24 4129
6672 6388
2596 2449
9321 6389
7683 4971
6270 9791
9257 4418
8980 3615
8438 6301
5528 6939
1586 6198
5371 7221
9660 6757
2677 1741
1954 5318
9380 3707
6475 5177
6640 6742
9424 1498
1759 2598
2820 7418
6723 7679
5740 5896
5893 6929
4110 6059
1059 9956
1725 2583
75 8510
2735 4957
8673 6302
7327 5699
4398 9064
7970 6559
4738 4931
2153 9826
2263 838
9015 9570
3394 6885
7609 9707
1737 499
2271 4570
29 1466
4029 6349
9220 1344
5553 6204
2987 2710
2449 3529
3404 8862
7559 8664
1996 3705
6049 9875
1665 8035
4550 6815
2898 9929
5729 7426
3647 6260
3240 7599
3479 3680
4804 9741
5612 8194
4659 6879
247 9636
4832 6807
6995 233
1272 1701
392 7250
8583 7916
8616 3663
5114 6870
7395 6704
6680 3460
8545 2147
9000 1007
3482 5388
8038 4073
9230 3189
3560 8425
9725 3397
5223 9149
7822 927
856 5906
6661 8708
9061 8722
4923 5366
8357 9572
3782 4983
8990 1608
9160 3251
7016 3688
8120 2691
6883 1028
2951 9377
2094 3569
1445 5375
6946 5285
3026 6289
75 4940
3883 8310
2942 1865
7919 6205
6189 7679
2875 6241
583 5760
2250 8404
5316 7525
5464 3976
5552 9687
7888 5027
6726 7739
5246 9351
6459 7395
5521 2911
6594 4816
5522 7485
2822 1288
2159 5145
3781 8275
5095 4910
3391 4535
7018 5938
5908 4380
4299 6107
7028 2196
8383 9183
3287 9029
3803 7633
3328 1338
6836 7745
8 5784
1450 7815
5167 3190
8277 5323
5949 7134
5682 9005
2036 4879
3245 5891
8606 543
4406 5465
7049 282
5385 87
4155 3079
7558 3771
4213 7221
8926 5624
6782 3321
5553 85
7553 2380
9760 2036
8550 9659
3502 4621
3268 3407
5733 3062
7563 5175
5156 4707
3906 6552
1867 2316
5705 4922
8041 8856
8829 5933
8759 6103
1894 8047
79 5690
3188 8379
6649 6272
8767 2207
5783 7851
