7136 5609
2899 6411
7640 4324
3235 7794
5423 5185
6157 6870
4581 4381
2664 3777
7137 4383
3064 2664
255 1664
4909 9286
6725 8495
9855 1481
6742 9896
2144 5323
5530 4614
6146 453
5459 8117
3285 7628
4981 4557
1963 3972
6267 1093
2880 8747
3448 5821
4359 6910
5799 8343
2862 4906
9408 9140
5812 8807
6994 1314
9462 7390
5064 5615
9212 2260
5191 7413
9358 8730
4189 7603
4516 9947
3447 5717
7272 1443
5756 5613
3677 8394
1323 7789
1450 5763
5414 4802
6857 9953
7323 6979
4263 4411
4564 5571
6760 4543
3595 4891
4001 3364
6095 5321
4639 5866
471 8983
4547 8492
8712 8487
4770 5531
33 2341
114 1246
1110 5708
5043 8844
7789 4247
9196 5540
3497 6611
2416 2307
7527 2971
7870 7511
1183 2520
4709 9964
9150 1758
908 1534
4331 4127
7196 1006
5745 6096
4105 3555
376 3861
6228 7381
4031 2064
5772 6872
5498 338
1872 5724
4386 427
5864 9965
5397 4837
4545 8004
1985 2110
5949 7565
4372 5080
4738 8813
6851 6848
1870 817
9589 6103
3271 4244
6927 7368
9606 3828
7075 6448
420 3018
3183 5299
4289 1002
4586 434
5188 6955
4363 133
8800 816
4439 6315
3378 7093
6270 9030
1401 1254
1221 7739
6924 142
6964 4644
1640 3872
8611 8514
8860 816
5726 6176
5334 3171
4384 1373
4053 226
2987 9291
6286 4678
1544 1144
2746 4920
7399 6921
7333 4352
3286 5544
3341 8220
1087 3793
3162 5508
6694 6351
9111 1579
2344 1843
4217 3838
4783 2263
3599 4728
3738 3840
3206 4733
8177 6555
135 9883
6611 6703
5023 9307
5321 5702
5539 5107
2788 7495
5160 5232
863 5495
5740 6221
5982 92
6017 5977
5451 870
3246 7676
5776 7019
17 1889
4332 5615
8429 3197
7860 1468
8297 4246
9688 9170
2517 7395
8163 6875
2010 9513
1015 7713
6512 3946
9780 2464
3793 2839
2844 2663
5880 8257
2143 1532
29 5295
2496 4545
1969 4799
3982 7851
1059 9718
5219 9864
6106 7149
6180 9084
4525 8894
1980 6772
4094 7395
646 1793
2560 4314
5127 304
2084 5782
7167 978
1826 6978
4735 8596
9252 8979
9341 1854
485 4477
2052 6917
2758 5093
3535 8168
2366 5508
7462 7325
3453 3376
8948 9399
3280 4616
9310 7765
9809 2265
5535 7201
5936 2526
6133 4797
7618 6646
4507 1861
2556 7079
6057 8306
4910 9606
5429 7956
9899 185
5786 7964
4234 6061
3217 5633
8838 1902
1341 7282
3492 3357
5508 6155
1032 3494
2475 1734
7626 40
7032 1287
3585 6675
2612 5122
4690 7751
9924 1359
5020 5411
3027 3765
3266 4047
5114 2565
5272 3905
6596 5163
5431 5884
2121 4602
5681 2797
6308 9311
5390 8219
8811 2549
1334 6329
9326 928
4315 1141
4624 6326
4500 6785
7827 6206
4881 5201
5034 7658
1700 6544
5173 7938
1460 4051
8671 9456
4846 5328
4784 8651
6534 4648
4223 3888
4620 7496
7059 7916
5049 2920
5484 8244
3486 4534
8139 7996
5028 7183
44 1406
8701 5255
494 1871
6584 9730
2498 3117
8903 7870
8743 418
3434 7353
4249 8734
7556 2548
4143 7032
9494 6594
6734 6762
1755 3315
7873 8792
1127 5180
7382 45
580 3964
6369 6004
5290 7960
3905 5002
4380 4248
8053 8965
4194 7764
9144 1879
1028 6490
6382 200
6868 3328
9354 6075
7972 9013
7367 9842
6020 9354
5656 4647
7027 8461
7218 822
8682 1188
8703 9353
4047 9794
6946 4271
6393 9757
6111 6624
7348 5254
4963 4316
6573 4440
7770 5886
1995 519
1993 5842
893 9927
3443 8488
7991 8221
3448 1369
9308 6322
3539 4934
3506 6972
6171 7964
4725 8931
5158 6046
8702 3250
9973 3679
8615 8435
5904 6280
1127 7892
8040 9816
8341 5543
2529 1341
7886 7363
6692 7154
3916 144
2614 109
8477 8743
4986 3737
4261 4235
1948 2648
1817 1936
70 8388
865 1718
2261 5030
1660 9536
3112 5839
3267 3912
5137 2980
9448 1043
6275 813
2527 7522
9783 3019
6142 1223
2853 5965
5633 6715
6469 5001
4113 563
9329 8154
6070 6423
3218 8988
3956 5948
587 6826
5200 1090
5874 3515
3332 3088
4502 496
4774 689
369 2173
856 9845
7895 5344
1004 4081
5850 5494
6947 5770
3535 828
8409 8719
6022 9398
8821 8892
8840 4741
7497 6358
4005 4133
3453 6774
5631 7382
3723 4383
3086 5260
4547 1154
2051 4815
45 490
8372 8894
4113 1047
7673 4197
4858 5072
3509 4989
6501 2929
3338 7322
3066 6634
5297 4890
3306 6323
1317 3399
8068 8789
5592 8487
5767 7256
5125 5308
3296 6803
8650 2728
5153 6804
2150 6985
4411 717
4901 581
5883 907
9730 4794
3067 7330
2241 7288
5491 568
1153 4028
5434 6184
7832 7586
3737 1419
4263 7127
5271 7883
3517 332
9811 4759
5828 7629
6459 8664
527 1162
4146 7077
3389 978
2807 7941
5511 8861
108 5352
4027 8553
3287 149
2587 475
2937 3153
6264 7270
1986 7546
5231 5437
8502 9622
9529 9839
3263 5955
2013 8295
1469 7148
2028 5799
4051 8492
2365 3354
8674 8170
4273 6878
3481 8635
8964 2984
8941 7696
6661 8272
9049 4260
735 5180
6007 5496
1635 6928
7540 512
6352 8685
3907 5710
6527 7225
6088 9807
8920 5314
8037 9131
5248 6383
3897 9637
3444 8874
3762 3262
4225 808
1019 6817
8844 1239
6280 1238
8525 8023
8802 7779
3075 5570
7417 5235
6644 589
5545 2832
9412 6368
1494 5073
5164 925
4014 7367
9459 9863
4691 4613
4959 1395
1538 9465
3903 73
4248 3639
9561 2532
7900 9502
9851 7475
6190 1563
151 4717
1639 2929
4615 5540
1790 3098
9735 2052
4430 7709
3477 207
7047 5277
4763 7360
1812 9165
694 5531
707 9900
3434 5879
9874 7206
8353 8817
9899 6216
7571 7475
6618 3945
6607 7728
3293 6061
5252 5844
2480 8927
7806 5507
4074 5579
7048 5865
4759 9065
2696 4206
6218 2146
4592 6444
1398 7323
6763 9264
5939 3633
3356 1219
9011 2505
7087 2945
9098 5133
1968 5345
2112 6787
2578 5503
3994 8565
9144 1573
198 3448
8992 6548
3639 5075
3014 8177
4535 3119
4195 5414
7717 3354
7999 2020
6491 1355
6563 5661
7803 5757
5203 3928
3508 5652
8938 9294
4586 2976
6922 7176
8918 9995
3379 7874
2591 3886
7470 3719
5095 7670
6495 3288
3196 4639
2208 4764
9799 7650
1294 2623
8153 635
6070 9124
5607 4933
1773 7697
5164 6349
783 6958
3068 3299
1146 365
5184 5769
1137 2760
1906 4025
1510 8640
5082 4711
7282 7064
8700 336
2923 7203
5819 5583
7168 253
3788 2699
5013 6
5078 5356
7366 8347
3135 3302
2150 7108
194 4361
1758 3386
2765 6105
3854 2356
164 1570
8376 2854
2700 2448
7359 2012
1209 5399
1792 6474
5964 5462
9198 4130
9299 506
2712 5841
5414 3682
5792 4308
5625 1916
2820 4327
6806 2371
1912 5613
3234 1577
5615 5779
4598 6435
3312 6866
2636 6317
5863 1865
3266 1273
2593 1638
8798 9743
8608 197
4034 4649
6151 9973
2853 5096
2077 2431
3527 351
5727 9645
3595 6938
5787 1065
8925 6670
3276 6138
5764 8251
6807 9496
2887 5804
6504 8411
7393 9970
5118 7443
4511 349
6201 7592
4486 1753
5313 6635
5624 6268
7590 9208
2597 3877
3820 7527
5397 6979
7611 7052
3566 7647
4448 8264
4199 649
9692 8518
324 2298
5182 7212
2575 7622
4910 6524
7656 1991
991 3700
3561 3637
7867 8038
1421 4681
3141 6434
4034 5254
1515 8517
3731 9417
8402 1902
1409 2348
7170 6770
3876 6250
6215 161
4160 7729
7081 9172
4265 1366
1096 4224
163 1841
6535 3936
7021 8488
5725 8268
1716 5551
3376 7216
4515 9475
4055 8709
2262 5660
9769 2725
9731 2433
2100 9570
9689 5213
189 5482
4762 5043
8343 3792
9432 4244
2546 3096
7141 5385
885 8605
9414 5358
4746 5156
6098 6247
4481 9059
6924 8955
5403 6365
9603 5415
2870 9693
7548 2891
9282 341
8268 1231
3493 9857
4585 5625
9117 947
5308 5431
7919 444
9373 9396
69 9348
8278 5867
7022 6995
2412 2597
6770 6407
4024 4487
3991 4081
6692 300
5146 6284
7248 3901
5921 130
7294 112
7784 9021
3576 1479
8909 499
3473 5673
15 615
7773 4661
2998 950
2134 4817
5585 2022
1710 4260
5190 217
1203 228
4952 1328
8823 1371
3120 3986
5871 9182
3990 6020
9723 6731
3471 1439
6283 8079
1032 8051
3662 7773
6161 8732
5791 9724
8359 166
4266 1013
4703 7137
3870 3349
898 9296
6833 9138
1765 8063
6197 8668
6711 6445
1184 1372
6946 7968
7335 9012
6921 2956
1408 7681
5711 3971
9553 1327
3924 444
5530 8999
6242 8976
3757 4882
45 9972
9052 873
4364 7667
3347 8811
7087 8371
2599 7605
6890 623
7523 6457
5692 7354
3772 9448
3513 4498
7365 6514
5137 6314
9572 2198
1724 4116
9366 1046
1052 5938
1285 3665
2698 2228
1965 5346
9656 3215
4229 1039
1514 6642
6932 5063
7926 8365
2995 7847
7265 4189
7862 1964
4928 7200
3868 767
1980 3116
4263 3777
9507 6246
4493 4010
5960 6448
4647 4827
894 8223
9368 7255
4352 6636
2363 6681
6062 9650
6470 5503
5821 9295
5658 606
7326 3394
44 2017
2950 4532
4317 9624
4995 2369
6023 330
367 5272
6998 8116
7382 3797
4438 3390
9108 5449
6267 6446
1267 8538
6976 490
3030 44
2109 5363
2423 9165
2721 228
2999 6100
7199 949
1529 2509
3664 6224
3298 7564
6084 740
9361 8904
5381 7642
6484 1613
3682 5985
1944 7073
2749 3565
2978 6283
2073 1481
8382 4274
6530 8495
1723 3583
4277 9662
3405 5303
1648 3934
2938 1636
6802 9893
16 1513
6335 6980
7425 1655
5378 7357
1879 1184
9059 7239
5583 821
9932 7807
3655 9921
2901 6012
2161 5219
976 4012
203 1581
4528 8210
9089 2284
3497 300
5701 4869
3138 5322
6465 9668
6016 7361
7325 8082
2861 8168
2243 2642
1601 3138
3474 5658
2180 3525
5922 1697
880 5778
4861 4461
3553 2689
3394 6308
6527 3204
1551 7868
5324 5390
5047 4587
1468 1454
5566 9124
8453 8731
4647 4653
5859 5670
8307 1443
3095 4147
5667 6668
7047 880
9856 9730
6118 6954
6610 7416
6272 6374
5693 9141
4279 298
7234 9350
4197 8752
1420 4550
8161 7754
3904 771
9331 4115
5177 2966
3480 5812
5644 5061
820 8318
4013 9695
4078 4162
1403 9578
3134 3310
3199 6445
8734 8861
8242 6938
5984 9717
3229 3089
133 5523
5709 8731
3665 8086
7500 6486
8752 8851
9514 2492
9217 1259
6946 386
523 460
8705 1986
918 7792
3777 7566
3574 4534
7896 1295
2454 5671
4114 9359
8484 9049
1180 2958
6417 4485
6016 1926
6785 6574
8527 7591
5302 489
2759 1180
5288 3294
2344 5102
731 9376
3881 5421
4060 4669
7029 410
2441 7371
4728 6525
5380 264
9361 2690
6983 9339
4919 845
5926 4382
5623 6559
7691 1145
2030 5972
4457 7580
4177 8694
7081 1337
6048 9596
3648 3920
3535 7655
6763 5377
9225 8521
2294 4890
7677 8457
4354 7465
8320 915
2389 5918
682 8305
4364 1508
4209 402
7292 6108
1225 7012
3584 84
5264 6868
8783 1090
6019 8198
6153 8952
5017 8159
1753 8336
1324 1743
4074 6256
2077 1872
8979 9875
8735 6805
6540 9640
6576 2652
7928 8402
1921 8391
9841 8069
4945 1624
3677 6273
2608 5012
5696 6861
4369 9011
3628 9013
8383 8285
5902 7639
9687 2246
4119 5049
9845 3357
4538 2000
6426 4239
3786 6458
8644 4956
565 9385
4808 9071
3596 7731
8283 7128
585 6102
2224 8647
2613 1289
4003 5116
6337 3793
6703 8317
699 7520
9138 5319
5497 1537
7943 6134
5053 1008
7820 321
6357 1348
4727 8422
2815 5193
2390 6212
6041 4037
3200 5263
5674 9693
1437 8546
2882 5893
6454 7589
5207 549
7629 6738
3160 8237
1933 3879
5582 9996
3574 5073
5387 372
6507 4567
1738 2098
2114 4075
7413 855
4336 9681
2055 8837
1324 1448
6849 9794
4333 9568
2661 5762
1444 6818
531 3101
6565 7123
949 2301
7448 8638
2076 8384
319 7732
2421 7106
5127 6638
798 4505
5407 47
3397 2662
9788 7480
4134 6833
7305 5970
8695 7848
5947 9302
4617 3045
9966 3581
4549 6782
7816 5893
8466 9156
6591 6105
2048 7884
9620 8542
7101 434
425 4529
2854 9674
127 1388
7379 7474
1079 559
3910 6687
6279 6634
4537 6031
9530 3522
2706 4484
5629 8740
4271 9066
6033 162
9641 5753
4626 6490
7525 9635
2835 6291
6825 6928
7059 6866
9717 9656
5233 5892
6446 3899
1253 4630
5658 931
4724 8903
1969 7200
4404 3421
2432 3110
1279 2673
5668 4628
3475 8327
4698 606
4856 6147
4276 7558
7503 5809
7691 5456
7046 6472
3073 3449
7608 9659
8034 9996
9182 5430
9832 6707
8095 6973
7033 6395
4445 3142
9147 7772
3023 8408
8460 2641
970 9929
7905 8431
8683 7264
8660 9761
2748 4160
3424 5197
9408 7705
3789 4800
3926 9730
4071 3732
5152 7447
9471 298
8655 9309
1062 3344
4719 7336
2203 5878
2851 2423
3016 6166
5063 400
6563 6085
1818 2805
732 1833
1019 3095
4785 8040
5007 6692
2980 1261
5016 5694
5265 3954
2238 4007
7841 2393
9654 5091
182 3244
3565 5684
5940 2672
7455 9123
5096 8174
2234 7577
1291 534
3665 6975
4518 6891
433 8316
7621 1171
5094 5482
3117 6059
3447 5934
8133 5897
2673 2083
7635 7081
1712 6017
6636 2654
5101 6545
4036 2020
942 2837
5174 2105
1208 2956
48 6007
6579 9438
3750 2831
851 1672
3820 6044
795 4480
5142 4223
7931 326
7354 6438
5148 5206
3935 4718
6352 4413
2817 8934
9552 9620
2737 4740
3712 5585
7399 5807
1461 9831
3644 4138
397 4713
3267 6137
3220 6291
3826 8050
7444 2022
3931 3794
5279 4857
4582 4663
3790 4
4402 4998
6334 7122
4395 8974
5578 6321
2544 9138
4789 5343
1779 4353
5660 7787
2740 1587
5243 6223
1797 465
6584 9340
5066 4052
966 3920
3023 4275
7591 6461
5206 3537
3558 6541
4719 1914
5000 3324
6097 3637
4008 5959
5286 9545
6869 6368
2818 4408
4798 7512
4992 8051
2060 528
6046 5513
7353 6831
5924 4998
5867 263
7878 2451
1768 7186
6289 9297
477 9259
9594 7202
4379 5205
5192 9923
7867 9388
5013 1290
7881 426
7865 4619
8767 3673
4374 9412
6122 9012
2645 3904
3548 5169
9205 9497
3682 3937
2496 1337
6295 2258
6657 9292
131 1280
4899 1282
843 9824
4358 2355
9597 545
2738 7407
3061 6340
8204 355
7818 585
7288 7738
2371 4846
8147 9162
4694 8060
8689 5429
7163 509
4079 8430
9645 9903
3893 6698
5651 2061
5614 8595
7742 3986
1145 1921
1254 4308
8509 600
281 247
8691 6619
3567 4969
3095 8165
3463 8295
7470 7970
711 3399
2936 8522
5047 7908
6437 7534
1295 8496
9045 1118
1563 4783
9882 1992
917 5840
2768 4629
6778 1569
6561 7233
2765 8007
4059 1509
3919 7127
2902 5797
741 3749
8187 7974
4723 5057
6908 9347
7591 4193
5822 1767
5579 5981
9255 5519
2467 5926
8537 7454
5514 6754
8597 6044
3977 3402
3708 245
2138 5643
2067 5174
4539 294
308 3880
6223 4302
726 4807
1947 7364
5959 5397
2069 1877
3552 4700
7034 5914
6710 4807
5032 8161
7232 6609
1635 4510
9052 6048
3965 8895
9736 4465
8452 9207
3638 6056
2187 8406
4618 7999
4042 255
7921 8753
6101 1437
7615 833
3207 8435
3432 4123
3805 6849
743 4171
3275 5307
4902 8818
2424 4683
409 3773
7738 2229
7507 9944
2206 2245
4984 9530
311 7816
3953 4360
7836 5918
126 3569
7462 5448
1705 3885
1316 4864
6378 7585
6935 3194
4351 6971
9702 7351
8468 1822
8235 7478
5785 1419
7856 8613
6133 6074
6136 6079
6221 7355
5366 5380
6266 9986
1476 5243
5906 9414
9526 4479
4896 9551
3646 7461
5093 1434
4136 7059
311 4917
2716 6214
1652 4543
4897 3895
4757 1377
6787 6022
2040 2144
3384 5855
7230 9517
8537 7159
3100 3063
3309 433
5872 3400
5767 1657
4060 4044
4758 6008
4990 5348
6189 8826
8379 628
4066 9056
9561 4691
7524 2221
8456 2201
5173 7926
5862 6458
4476 3275
2772 5179
3501 4830
3769 8028
1938 6710
1480 3351
3684 2965
4812 7775
8923 8739
8694 7684
468 6273
9771 1666
3917 7081
9206 5765
3187 6417
728 6991
5800 8976
5798 8112
4896 3056
1556 6850
732 1219
7874 4050
4090 8850
5311 6718
3511 6928
4259 5101
1815 4751
4959 5448
3184 4210
6336 7535
6911 7214
4638 559
2729 7952
645 5141
5474 9583
2094 4300
3133 7375
4577 6978
8593 8422
3163 84
4809 3837
6522 9566
6082 663
5718 4587
4273 4207
5475 9003
2312 6980
7057 3615
4451 988
9096 5084
7707 6585
1275 2409
6427 7770
365 5571
5312 7561
2833 4184
949 5743
2618 5464
6573 6669
6234 7203
1923 6070
1274 5432
3944 8717
114 4016
3226 5993
1878 3331
6902 1596
250 4816
4825 7190
7910 1157
4181 443
4614 8175
9042 9792
2832 4992
1493 3116
6479 5290
7138 8898
2418 5123
603 2315
7350 1355
4182 8602
698 2360
4197 7190
1559 6035
6156 4758
8846 9449
4541 5687
8558 1583
7728 7020
2547 6068
584 3133
7002 5573
5937 7989
8403 9000
6811 5749
9898 1509
2064 3066
1016 5126
4855 8600
5098 4800
873 1263
7355 9380
3621 7622
5233 9347
400 6183
3400 483
7768 2352
4016 6875
3082 4496
4966 7626
1283 7819
2855 6439
5248 9712
5726 5321
6954 418
8365 4799
6426 1696
7173 1630
4831 2311
6581 5138
3962 586
9641 6430
3579 6712
883 6370
8087 7864
7266 4948
681 8407
2883 7911
4952 5876
5748 9193
886 4345
3437 6255
4018 5483
6867 8770
4812 8461
3306 4459
6568 7427
8345 9677
1165 2161
559 8767
1538 4392
6348 6606
2725 9028
5438 1810
265 9609
5346 1992
7670 4906
3756 7152
5612 7746
5003 4255
3392 4889
4121 9236
6880 3181
6234 8668
3971 5212
7169 6438
2309 6066
3804 7435
2267 6069
4920 7761
9910 4981
4445 7202
1532 6145
260 4259
9826 1540
1259 4000
2232 3752
8661 9616
5552 8876
4282 7854
507 9505
4282 3653
8191 2002
721 7219
2643 4491
5212 8175
6628 4821
8173 2106
7128 2892
3274 2035
4021 2952
1068 9141
7974 7723
1706 501
2892 6255
9946 2786
4323 7868
7676 7019
5609 6885
1769 5926
9009 7831
5494 253
712 3736
5679 3453
2461 3938
7137 2954
5712 5027
3677 415
7345 4825
7584 3121
6500 303
7797 9537
4853 7144
5462 6205
6907 7982
9726 4193
3425 1749
4555 4188
2307 3484
5894 6212
7386 3671
9460 8130
7149 3435
6063 773
6329 5093
2566 7801
5503 5051
3233 9018
4805 8621
5122 2326
7988 1618
7660 7414
2820 7509
3510 3526
6976 7950
6169 8904
2861 2299
1686 2103
5300 1258
7822 1447
5844 8969
8371 7812
3749 7312
2546 7283
6604 9367
824 6100
8189 4250
832 3251
3033 3321
2437 6414
5759 9662
3790 1728
930 2712
7787 8528
1297 3179
5827 118
8971 9217
4982 1231
7501 6858
1062 6399
6941 9416
4311 8381
8039 2454
6233 9265
397 276
5412 5366
4767 9765
2119 1543
4990 7070
5625 936
8265 5547
1252 3126
2758 5556
898 3537
855 686
5378 5610
2163 4336
2080 4567
2097 1538
6448 986
6830 6006
4550 4825
7825 8486
972 345
4648 2135
2082 856
7176 4778
9142 2278
4253 7584
7244 7699
4121 7815
5650 8014
6661 2396
3572 9707
4757 7918
3966 8291
9159 9482
2810 7556
5084 1752
4020 9695
7384 7012
2401 6570
5496 6392
50 8663
7216 6647
112 3125
4592 5198
8366 9967
4858 7532
2989 3707
5688 7730
2475 2439
1845 6244
3672 3885
4019 5915
7394 6545
3457 8134
5785 3088
4034 7886
5924 9555
2885 5878
4125 4742
7323 8183
2488 3438
4191 7725
3883 3408
2705 7344
3240 2255
7691 9289
3921 4868
3041 6475
8572 7991
6063 7512
7064 9541
3984 8307
8435 8925
2575 1757
7786 8479
3600 4934
8604 7650
1968 1200
4302 6522
6871 1390
4977 5385
327 2342
3862 3190
7372 3254
4097 8197
9883 2318
5155 7727
7262 6213
3358 7750
7460 2027
7167 8864
4906 3761
4204 42
6776 348
5693 7783
8382 9132
5262 363
7638 5453
4175 1448
5325 9464
8118 842
9 999
631 8859
5400 6376
4612 6818
4284 9204
2329 5110
5056 3533
8883 9397
6765 6588
2369 7626
5163 9028
1727 3958
1885 3083
7070 8392
7529 8906
8632 2352
9053 4102
7098 2977
9337 7244
4569 8676
2585 3881
6461 9186
1578 6881
8500 6225
7216 5534
5316 7563
276 2120
701 1589
9285 4465
6394 8351
8161 9913
4263 8461
6137 1784
9102 2479
5583 8028
2786 6328
6174 1787
1597 1996
6359 786
3688 8122
8973 8148
5303 1679
3570 5097
5486 6230
8320 8751
1451 2588
6982 6548
5996 2316
1431 6551
1756 8068
2850 462
9510 8208
5752 7288
4709 14
7291 7424
1774 7011
1860 8246
2625 3619
3468 4833
5167 5443
5822 8794
6999 728
5797 9932
3226 8575
3154 2808
9729 7972
5295 4554
4660 3289
6270 7119
9365 3494
5430 5910
7704 6788
5601 6960
1222 7450
604 2153
2890 8747
7653 555
8074 6735
4941 3423
2819 5834
4821 4001
7582 9656
4863 7381
6324 7476
5321 4812
2647 8467
4737 2546
6020 4032
1796 1427
4182 5707
8054 8604
5971 8233
4565 3415
5657 7777
4989 7089
9521 3202
5897 2807
7677 8738
1943 9788
5875 6845
6040 9127
3089 7778
8000 1672
6420 8301
6871 6022
9933 4435
6349 5388
3047 2533
5576 8848
3693 2415
6660 6189
3733 7183
2027 6762
1359 6074
3747 6034
7236 8227
1520 6931
1427 5720
6879 4691
4384 7759
3288 3884
8679 401
4480 6191
25 2421
2143 6950
422 5504
3106 2308
112 4524
9233 960
4637 8060
5344 7922
7660 6545
4185 9922
7818 6875
6734 6501
8769 2667
6188 5281
9653 6097
5049 5008
3259 5411
5803 8328
5275 5728
3396 7631
4486 6736
4699 3582
1323 6901
857 978
2149 5142
6094 7874
1104 6453
4760 946
3696 5691
2466 1587
3400 408
8786 7693
2738 7873
3563 5246
3857 5464
9110 1108
2100 2405
1124 4984
928 3086
8763 8813
7016 7903
5412 9745
5455 7900
5172 5333
4631 6147
1188 2380
8381 5900
6598 7218
5607 2642
7131 9438
1625 4754
6434 7295
2223 1899
2549 8485
8705 8067
8318 1242
3568 5616
7876 7848
4201 6404
5704 9354
1991 1791
1277 233
7240 4604
9459 7761
9103 9523
5062 1377
5158 3825
720 4866
4536 7188
6311 8611
3824 7891
1522 7705
8494 7092
9984 3916
5064 7694
4224 5731
6015 39
7188 9759
4704 3860
4530 4498
1974 6536
3283 7257
5316 6760
5400 3950
192 2895
7473 2586
5291 2502
6006 6877
7367 884
5405 7182
3959 7661
1073 2765
6724 9530
225 8562
3299 6046
6187 5245
4382 2896
7744 5802
9561 806
5784 6060
3761 5703
3662 2957
1062 4309
4718 7433
1850 7250
8115 1140
89 5617
8495 7898
866 61
9973 2426
3104 1888
390 4912
3665 3618
7464 8511
8744 6545
3709 3395
8407 6371
1064 3321
4763 5058
7409 9972
1017 5195
9084 9996
642 824
1893 1338
6987 7512
2240 3597
4633 8102
653 2639
1687 2667
2671 5806
7314 6823
2341 6574
9072 200
1506 7695
6707 9565
9809 8343
5195 7209
9111 7483
3829 6479
9727 1299
8486 9646
8637 3133
3719 9465
9524 8295
4722 6696
7033 57
6749 5896
3030 8839
1991 5242
8123 4467
6536 4970
6899 3561
8247 9606
590 3885
580 9061
4475 5260
6916 9284
4149 8244
6812 6157
1480 1360
9656 5165
3255 568
1305 5974
1614 8944
4692 5904
9779 24
1260 3693
4635 6538
2269 3627
9585 4359
3526 8093
4751 4390
4658 8363
7580 6658
7326 3129
6887 8680
1016 7281
3982 3246
3104 4963
6106 7563
5826 6233
3684 6477
9609 8607
7455 5350
4822 9760
3456 8047
4044 8446
4772 1308
6198 2806
6703 5459
3200 5317
5108 4640
5452 249
453 765
2887 6025
4000 8497
4478 4365
8791 5773
4457 5474
2077 4880
2197 3979
8512 5045
3386 4783
4148 8516
6250 4443
2999 7003
4611 5510
7937 5753
8959 2243
515 3053
2518 7080
2280 5976
936 8452
9909 7168
2789 5328
8677 1483
7420 9785
5634 5500
964 5481
4540 8087
4861 5927
1227 9503
5560 4881
2370 1789
8942 37
8041 9206
3890 7308
5739 7219
5959 5273
9933 2290
4789 4603
4006 5160
2919 6969
8549 2600
553 6273
3574 4456
6302 7719
5297 5315
2346 1980
1083 6101
2332 4556
1462 6363
5363 650
1536 8298
4385 3220
3874 5219
2833 5481
1950 6073
6482 6350
6206 6681
5141 6064
5528 6473
5120 4958
5385 2223
6004 8159
2477 6879
6792 8619
649 6990
1834 4935
1722 3418
6025 1923
4302 7749
4504 9132
5672 7662
4695 4647
9163 9635
2241 8076
3676 4964
3259 6073
3751 6535
3021 3986
6389 5889
4162 6520
9433 9617
3940 8807
5892 5958
9975 1454
4278 6587
2915 9575
1400 5487
4251 684
8928 4503
5482 4932
5535 8959
182 1070
6701 4905
6015 7088
2463 8488
9063 382
4196 2037
1871 7795
6340 1371
3628 2519
5652 8847
4836 6046
6696 5850
8648 6677
8772 327
7686 5542
7484 8562
3542 6801
2674 7745
2409 4064
9763 887
5378 8436
1825 1569
3063 3541
8355 3018
4971 5079
4680 2392
1015 1471
4782 1622
1513 5619
4617 242
6237 4531
6180 1782
4875 7303
5805 4995
6131 7151
4006 7564
8578 8674
3079 4895
8772 5012
5304 9035
9621 3237
2336 8005
2205 7293
3182 8965
2924 3974
9335 399
8725 8054
3399 8441
3841 7325
5176 4275
9938 9481
7508 9295
568 7093
5551 5320
3494 5416
9204 3191
5091 5786
2687 4569
785 9198
9221 3545
8208 7023
3712 6928
2199 3704
2720 6035
2391 6210
1250 1397
2254 7898
9718 392
3338 5266
1988 1777
6143 8749
9981 1970
3661 5663
8463 7262
4259 4306
9954 3493
7296 5291
8954 5671
9630 2507
8301 2073
5000 4546
3131 9123
5691 1956
5384 456
5020 445
5276 4831
4169 6725
5784 548
6744 6777
1602 1057
5012 8060
7806 5490
9435 2658
4557 8648
7069 6954
2414 7509
7619 4617
2188 3490
7433 8813
4604 8881
7131 8182
3416 5683
5642 5581
6990 2995
9051 5004
3498 7149
3094 2141
889 8947
3131 7621
1774 9340
6264 5227
1129 4879
3080 4313
3120 4880
2872 7518
4718 5438
5874 9327
7825 655
3160 9382
3288 7352
9545 7740
6893 8673
1566 4220
4249 9955
3641 2902
2118 4588
3797 4317
6625 4778
1862 4110
368 1394
3554 1334
3383 3667
281 4623
6269 9172
3213 9756
3755 3394
7817 790
9553 5254
5585 848
2066 2425
6478 5266
1971 2538
3774 7995
3325 6671
8419 5675
3440 4443
4497 4125
2399 6398
55 7676
2954 3358
7425 1447
5697 7158
7856 6063
406 4119
2076 93
3134 7611
968 4088
9844 2117
9663 6014
5565 330
7388 7163
1325 3342
4755 9092
4696 3264
7928 9736
7749 9212
4830 5371
468 4273
7400 1107
2987 4716
7035 8593
9440 2535
596 6444
4935 9036
6204 3188
6384 2072
3562 9764
5155 9453
3479 8009
4365 7607
4445 7078
4608 5793
5408 4422
3973 9483
3090 9890
4883 6486
8568 7342
1340 3047
1699 3394
6310 29
5054 7307
7017 2365
4950 4446
6006 291
3837 6562
3947 4219
8966 5523
3806 8151
8310 3906
4801 8416
8749 4478
2856 5535
3876 1427
9769 104
1036 5278
8778 8333
8628 7571
9092 7705
2469 2241
6275 9739
3926 9478
4421 9420
5923 9287
6981 4653
3707 5768
8184 3406
1093 2792
6951 9850
5989 6995
4327 5863
6803 1735
3475 6815
5271 6863
49 477
276 705
4122 5350
4762 8154
8468 8655
9846 5948
4341 9036
5329 6144
3469 3630
5379 6675
689 2284
4051 8048
2293 9423
8333 8564
6017 3296
6258 204
5480 6060
8288 3839
2639 4704
4201 7820
7148 833
5291 509
1165 3394
7892 8161
4330 6658
6771 6444
614 4459
2353 4202
4773 704
7603 6193
4024 3060
3402 8904
5262 9499
6862 3714
4987 9937
2418 9444
8125 2747
6858 9378
1488 8490
593 4642
9689 3694
2355 3093
2116 2582
1209 3827
4612 89
7907 8832
1281 4871
3366 5288
4339 3579
7212 9704
6450 9152
4410 7660
7175 373
6889 275
6529 8334
6728 7268
1358 3374
3469 3551
7580 6730
1017 8450
6609 3789
5497 6322
6866 9309
899 3735
8781 189
5832 5036
9075 1575
3494 8051
5612 6201
4627 7792
4558 5706
6965 6928
3223 4326
8820 7822
6621 9747
4286 4954
3516 5487
5260 5870
5717 7772
1202 4429
6534 3564
9149 4735
3827 4561
1767 5635
4343 9029
8170 398
754 2468
4666 7467
7895 4071
8258 4648
5085 8619
7972 4291
4980 4072
5683 2014
750 6082
9327 6030
4492 5486
2919 8075
4273 5563
3369 6325
1617 5788
7179 6883
5945 7504
6591 7615
3678 142
3603 4169
9324 2362
8668 745
5990 6873
4952 5420
8599 3769
1924 4790
5256 6999
1768 3230
7158 6019
7130 1490
7181 6676
2628 3795
7910 8219
4178 8025
6586 5685
4084 7838
2098 489
4045 7617
741 6638
5792 4777
4938 3404
7340 8897
7125 4771
2767 4152
2744 6649
6060 6406
7494 5284
5687 8753
6456 7803
5645 4326
2909 2636
3127 8228
2817 7248
4391 7449
4281 6042
1132 8320
6061 9465
7304 1201
4518 7796
5198 4108
8041 9078
5247 3246
8910 1125
317 4616
5568 6041
3973 2748
5451 272
8045 9722
3975 9210
3091 3528
8473 2706
197 3881
6485 7820
7810 6297
7150 8210
40 901
3823 7247
9241 9869
5574 6098
8356 4228
3208 1201
4039 5330
5885 6219
4552 6346
4726 3264
6658 9589
3952 8007
6734 3168
4195 5964
1111 824
8450 4886
8336 7036
378 3124
5342 355
4308 5962
1448 3977
1114 8827
3163 7335
3297 8318
1008 3412
6868 4164
8030 6821
9343 6981
456 5299
6582 1713
2800 4371
7344 8186
8631 221
3999 4695
5315 4143
9504 9945
2456 4948
5701 6020
8154 7358
8042 6134
2409 7761
1869 3875
6201 5525
3978 2663
6789 9896
2481 8280
3801 751
8790 6643
4297 5799
9658 5406
958 5536
1789 1492
5844 6311
4822 5391
4130 6561
7212 28
4563 9072
4993 9824
5296 3180
4277 5712
637 2798
257 8175
1194 9024
5453 8883
5287 9116
7402 7749
8336 2406
8496 6559
2207 3186
8380 197
5351 9774
2855 3757
5176 6925
7077 876
367 9753
9598 1594
1577 5476
1661 5884
3244 3690
294 7144
1768 7178
4889 6989
4318 1804
5837 3530
2793 6154
6754 1475
2979 911
5633 7901
3818 2878
3222 9943
1440 933
9122 5398
2747 4991
6608 4575
8059 5120
2369 6765
4564 9794
4528 7885
9751 9514
3199 8885
6495 6216
6483 729
2429 2736
1655 7250
7226 5913
4537 7193
1832 7297
2479 5418
5012 7422
4674 8595
4216 3287
3318 3894
3655 510
1646 8985
6797 2366
3027 2146
939 5336
1615 1125
8213 9979
4543 541
3292 8163
3017 1808
7642 7652
1956 4572
1260 8023
3915 4126
6369 3888
4259 7319
8653 987
9927 2653
6474 9687
3717 7386
9385 1286
3461 6642
6446 2391
2141 3813
136 4328
5022 7318
7733 8951
9519 2390
2885 9865
4529 3894
6001 8514
3372 2520
7437 8027
5685 4750
4675 5116
2395 5692
7590 9437
6096 7475
2543 7778
5532 1017
3126 3403
7360 5713
1013 2106
1544 8387
9357 7710
6793 8756
4717 6816
3146 8835
3168 3935
5205 4126
8748 3815
8139 95
5458 2771
4332 4911
44 5748
9102 7955
3770 7359
2412 9671
3351 7375
4672 6413
4309 2160
3945 6838
2141 5357
9863 4562
5097 2620
9315 8894
3971 8409
6672 8829
916 5919
2399 3558
6559 3704
9788 79
4058 9236
3973 4173
3809 3513
1737 2806
7833 122
4995 9267
2120 6479
8774 7735
313 4700
5690 9913
1085 8599
7987 6429
3548 452
8873 4078
7987 5382
3737 4525
8270 9871
4153 3191
1081 5753
2409 4730
4475 209
2960 7987
5085 3107
7412 2828
6261 5433
7436 970
3810 9325
6932 7560
8610 9050
1552 4412
3407 7521
8680 4800
6346 8752
8667 9705
6493 9445
9124 761
6835 4715
8163 9125
1993 4949
3348 1585
1114 3260
6536 7987
3384 7365
4399 9329
4234 5586
8146 9831
1553 5818
6176 7186
5136 9070
9732 8874
8276 263
4022 8332
7193 7469
3376 7137
5329 3759
3873 1527
6259 8059
4511 6244
3065 8938
6381 5726
3130 3819
1108 1243
5145 9132
7325 6699
1289 7182
4819 7686
967 486
2905 5808
7576 767
7699 7519
6241 6446
9372 2249
3878 837
6938 8774
7637 3793
3512 6085
8077 1621
2321 5127
8420 6124
2112 4953
5713 7387
7108 5371
4130 1704
5047 3096
6682 2001
9569 7795
7443 4048
339 3495
6627 8602
2719 4476
3362 6797
3772 3019
7517 7124
1300 7266
6488 9840
2407 7772
6419 5805
3451 6990
2591 3917
3637 9368
8192 3627
4594 6079
5859 112
3362 4595
4080 4582
9668 674
7418 9723
4482 8911
3155 6308
3967 6223
4629 4127
5032 4746
2478 2309
5141 3457
5809 7528
2476 2879
3343 4450
9746 2448
5057 4402
6156 7528
3520 7237
6995 7280
3266 9801
489 5370
4385 9378
5008 4136
2760 5913
1789 7402
210 3181
6030 9230
6294 6041
7152 4611
1792 4182
5112 6566
8854 6687
5598 6459
7960 6218
3255 4929
4253 1816
6676 8415
9385 6215
6876 5965
6239 6613
7214 3745
6611 5438
3580 3305
7623 422
5993 9711
1726 7187
1208 845
7002 5444
2626 8383
8581 7975
4825 5438
8422 9150
9394 8263
4157 8133
9494 8844
196 4935
2157 5316
1405 5452
357 5297
9046 7112
2675 3212
1921 5719
1723 5209
3476 3197
5007 9629
1817 5783
1805 2245
8196 2633
2887 4909
7773 7899
3470 800
5295 6999
2559 8756
4180 4868
7211 7149
2343 5196
3876 441
4767 1137
1697 5987
8849 8274
5456 3574
6144 8112
7235 9428
8918 4617
9258 1504
9538 7974
7334 7340
1752 4583
366 5076
5558 3679
2724 6850
8738 835
7829 9655
284 9854
4933 2085
7086 7332
8217 1779
6415 7578
9554 3730
6044 4632
4371 6115
2298 2783
7334 4320
6864 3324
3521 4376
4183 4724
7173 5247
8650 7501
4745 2397
6677 4558
6076 7078
2485 7089
983 311
8419 1374
3751 2707
6118 4042
5746 6385
7781 8930
3202 2650
4647 4427
3253 3110
4068 6706
3089 3941
69 7151
8491 5764
3534 6506
3154 623
5520 8903
5646 6275
8804 1686
6610 2531
8034 3202
4152 2246
221 2603
6265 5879
5801 39
6256 7493
7983 9922
9857 2013
8294 3664
5725 9964
4783 9939
7142 3011
6672 7034
6378 400
5214 7947
3536 9840
6947 8141
5710 9282
2790 5297
5345 6646
5305 5032
7522 9540
3618 6351
992 9259
9741 4066
6941 8777
3314 4893
2171 3683
5416 5021
7458 6788
5446 8576
2249 1536
1299 1953
7183 6031
7516 9358
3292 9456
2708 9176
2233 4453
6603 4143
9877 6411
5925 7234
2838 6253
1689 6689
1147 2205
4946 5112
1575 7607
3512 9846
6344 4599
3765 3610
7280 8973
833 4489
1899 5223
7005 7462
6353 1120
3247 5081
2473 3243
3665 3793
2574 9418
6584 8573
2742 2357
8008 4814
9134 9763
8303 6159
8056 6733
7681 7573
7154 6107
5680 6783
7162 9610
6410 5316
4397 49
3063 3472
5468 8031
9225 8992
5735 4588
7775 8497
7065 938
4153 9343
6968 9636
3446 5280
5985 9839
3017 4874
3966 6484
5410 2963
9387 1712
4782 7043
9667 3981
9494 9651
4119 6433
9057 8603
1498 3683
740 8205
5057 4659
2355 6229
5619 5594
7119 5846
7636 7533
9957 2299
4488 9282
6698 8418
2006 4210
1362 8117
2270 5488
3629 5801
866 4237
6788 5049
4501 9113
1790 1589
4613 5907
2994 2028
4886 9220
3418 1272
519 4664
7564 8545
387 1741
4019 41
6661 5516
4123 2084
6953 965
1787 7195
2554 7596
4040 7684
3369 7930
3950 6865
3828 4953
6549 9223
4134 7854
7896 9418
2470 8369
7650 9133
1483 9133
5973 9413
7458 5930
1494 4303
2445 95
5281 9536
6955 7938
4654 8391
3559 8124
2343 4635
3483 1346
4083 1341
6844 1519
4622 3497
8678 6905
6220 793
3024 6029
4806 4193
8708 2088
3417 5694
5825 7030
1224 7407
9419 7024
4249 4275
2344 527
5397 9737
7592 1395
9376 6280
6325 6979
3208 7812
367 7089
2614 5878
3725 8533
1913 3027
8563 700
4292 5382
1768 4514
8865 8851
3636 2489
6871 2550
5825 8332
2102 1771
512 5763
9612 7967
4476 9003
1124 5095
2966 5259
298 3969
4700 1662
6778 8078
238 8799
8872 1633
4570 7739
5120 6
6484 6813
4684 7023
3047 7934
5526 1596
6293 6464
2843 5431
8601 1705
3207 231
8725 5154
9929 1621
6109 6010
7243 1738
1015 9901
2078 7146
9497 7067
4800 8150
5813 7301
1315 6342
5885 7140
5193 5341
4369 4894
5991 5092
5948 4227
2202 5347
6400 8000
3272 8186
5111 5918
2992 7085
4418 4419
8995 9
7019 7870
1847 5011
5921 660
4854 7874
1201 5021
3745 7938
3987 1055
2510 2709
4801 9381
6274 8776
8320 1388
3500 7999
1424 8045
6943 6023
9455 4558
5356 7280
2455 3308
9427 2015
9134 4880
667 9530
8182 3
8381 9783
3410 4699
4461 8306
6491 6801
8333 5541
7560 7540
2849 7520
1462 3210
5837 9431
4151 7299
6656 6087
9311 1961
6409 7149
4598 6941
3012 3727
4228 7896
5889 7756
249 2843
8955 3430
8344 9729
4635 8701
4165 3531
2240 3103
3220 8493
2506 1273
818 906
4049 2309
5643 5377
7262 662
8764 758
1492 6219
6994 7263
5818 5085
2141 3861
2180 2577
4795 3940
3198 6990
7420 4109
7198 8840
278 5893
6981 8088
5818 4977
4210 9824
9353 8040
2763 5722
6407 5722
7924 8607
1766 550
3666 9323
6503 4908
135 2703
7509 6271
7714 2209
5093 4936
672 4197
7449 8327
2091 4524
2133 9890
7009 5022
1850 6569
6134 4795
4955 7567
2472 8538
9338 5018
520 8879
6759 3800
3901 2679
7638 507
5634 9060
1557 7340
9275 7823
719 84
4354 5778
7717 921
5448 7971
7430 9458
6143 427
6681 1234
9009 3358
6137 6503
6849 5019
2652 5220
3698 2067
6772 8182
5478 387
7845 1456
4290 5096
5290 7920
7548 711
7138 4977
4610 5946
3624 4454
5745 7268
4986 1803
6679 3416
2198 4087
3390 1025
7939 8796
4011 6970
8623 797
6477 6786
8187 5370
8246 995
7359 5861
9226 2443
3983 8012
4559 6896
6152 4141
5621 8154
8496 8461
9619 3542
6014 3655
5002 5372
1590 4860
285 6769
5706 1179
5800 5244
6383 9500
3511 6229
3399 3544
3598 4427
7766 6908
8142 3223
6029 2219
6876 8736
169 6836
1903 8487
6755 4016
5201 5450
2837 1417
6446 5890
3067 4094
5911 7303
6274 710
4062 6345
3230 6717
3538 6604
3119 2456
240 4393
8234 7898
4320 574
4982 7375
5316 81
1516 6334
1886 7099
5155 621
502 8944
2489 4625
4911 8784
5035 3831
771 6486
8980 4052
4205 8743
5482 90
7419 8745
8121 6802
6655 7302
6572 7533
4158 2925
4125 3731
5652 4823
6803 3
5529 5921
3808 9164
6117 6616
9475 890
6806 422
7745 8514
3060 5514
5394 6406
7613 7806
5251 4371
1835 9338
5393 4949
4018 8112
1279 2704
6597 5388
4109 6015
819 9401
9777 2130
9650 5967
2785 3710
3292 2723
3758 8417
3400 5703
6780 8892
9969 6851
5694 7398
3796 7073
2848 3362
2088 8979
689 2888
1578 4447
9747 7310
3861 7094
6116 3721
3550 9124
7015 2063
6500 8033
3206 8038
632 223
3109 6119
5640 3913
6772 4412
1514 5980
1894 1542
7048 7730
357 4606
3419 9849
4776 9298
3508 6925
6796 4890
5800 8574
4315 7398
7761 6969
7305 5706
2346 7836
9385 1578
7511 5811
6074 6073
4212 7391
2560 8519
9675 859
6368 4601
2718 9630
2085 2776
6675 8693
5890 9406
2638 6897
2528 8486
5060 6855
3703 8574
1547 3258
6715 1918
5911 2123
5752 4988
3871 6293
6920 8739
9415 423
4522 6519
8597 2127
7753 9090
6261 785
3910 8062
4154 8688
5981 5871
7006 9048
4149 9283
4732 5403
9787 9168
2206 8690
1510 5954
5545 1261
3762 9517
7255 4625
6160 8596
5186 6633
7742 8392
8893 5521
1640 6306
8939 5408
1793 2872
4709 5432
7844 8295
6151 266
6033 3657
6580 6270
2855 3312
5968 8897
9046 9038
4782 6297
3860 4524
8767 1221
5298 4901
8181 5069
5097 2107
8903 3189
2577 8565
5132 9685
2358 7474
2932 3774
3118 6179
8930 3736
1987 4269
9014 2912
2817 1757
3565 8561
6748 7035
8046 7072
6709 7043
6346 50
4097 4113
4854 5516
4917 5801
5896 5893
6605 7107
7394 851
8082 205
2273 9069
5031 1887
2330 1238
1385 6163
1904 6728
2805 5143
3975 6752
8588 13
907 2337
6126 6476
5932 194
4364 6160
830 2504
8278 9542
1541 1549
3067 4217
4869 8483
5517 6489
2879 5105
6850 1114
2121 4645
1084 8520
855 4496
6862 7890
6480 3395
4473 5527
6345 7371
1973 8803
9531 9297
3620 7008
4427 4593
115 6793
2786 4338
1542 2285
6326 7250
3755 4873
6499 6912
7047 5963
9802 1021
718 1471
4971 2333
3625 6197
4891 1815
5565 8441
4850 7183
7264 2177
2965 7965
4492 2641
3384 6636
308 1320
9105 7687
19 1217
7871 6359
5192 5203
8215 7889
8308 2684
4756 8285
9549 8374
5579 6817
8357 1004
588 2434
1140 3176
7743 8173
814 4174
1047 8317
3714 7692
174 5948
8816 2844
7126 2956
1840 8892
2564 3968
5164 2121
8663 9920
4633 6097
3120 7340
5183 5783
5107 4970
5730 1980
2349 7951
683 3960
2728 5503
7583 4979
7540 5575
6960 2556
8744 352
3148 3093
4476 6271
2954 5442
2974 9063
7053 8318
3965 4254
4551 3826
3568 6015
3296 3866
1232 3249
9181 1413
1104 5952
9994 8346
5641 423
6484 8053
9321 1164
8304 6738
4334 3949
6552 1283
7252 691
3043 6022
2642 2709
2516 8720
646 6013
3593 5671
8801 6497
7696 9484
3243 9759
9148 1357
7051 9682
3422 4742
2224 2842
4892 9730
4995 6970
1268 2919
4881 3192
7024 5765
1843 4547
3916 7879
4118 2617
8315 8014
2663 9426
7608 3197
7938 9259
2207 4945
9294 9237
4382 3750
1449 9625
2435 2486
924 2304
6114 7957
5677 5704
8068 980
7696 7753
1658 3962
5761 5065
6728 653
1628 821
6139 6674
2583 3259
8347 3549
2272 6521
5957 8094
5090 1864
4494 4957
2724 3383
3255 6173
3814 7857
5350 5817
6276 384
911 1826
1917 8400
6172 8140
2996 6178
9173 2436
3539 4885
1787 6075
4824 782
3669 5116
1093 7091
3802 397
5350 3615
8338 9690
8988 2861
3503 8853
9807 456
9495 7280
1496 7043
272 1973
4948 9583
3093 9628
2788 2576
2860 5899
293 9579
1850 1246
4742 5169
2840 7583
5724 5495
7777 8094
6763 2568
5171 5696
5995 6897
1191 4434
5449 5906
4786 7548
3327 1406
4192 6809
9892 927
652 635
7245 7388
1496 7406
4163 631
688 9862
7362 4940
3840 8757
6053 314
6990 7054
6157 6033
4818 9607
673 3811
1406 4601
4819 7967
2524 5754
8037 9845
5308 7377
4757 9489
3498 2469
5195 37
6500 7661
2525 4528
7659 2961
8536 5449
4054 5252
5043 3551
4903 2201
3595 7074
6996 8888
4017 3276
3497 500
2911 8778
929 2595
3656 7205
2225 6235
8439 5758
4640 6823
6646 265
7349 3391
9346 433
8243 3789
310 5303
4076 4098
8372 5825
2293 5480
3277 4647
3762 7614
5238 4274
6955 6510
6855 910
3589 6639
1667 5920
3750 7496
7674 7136
9956 3408
4968 6786
1145 5471
8617 8931
3751 7576
5630 1243
3279 5780
5140 5028
5071 7143
7161 7904
8572 5
5898 1408
4191 3832
7341 2129
6668 5527
5759 2683
5557 9638
3857 6817
3585 4897
6014 694
5145 2231
9465 8516
2194 2831
6700 3092
3224 5305
2960 9396
6938 7579
7487 439
7282 744
7247 8859
3563 5673
9385 6133
8364 9235
4696 5350
5731 8720
9936 1927
9478 820
8626 5973
5355 7386
9510 543
5359 6044
1971 5108
6936 7933
4054 7172
1753 4885
9640 4157
6181 6539
4200 7640
5794 6278
6685 4500
1888 5231
3844 7712
1197 4559
1616 3725
8610 8607
5365 4825
4888 7869
2432 8219
6900 8481
6817 5450
2930 4416
2336 3906
936 7012
5463 2219
1682 6307
3466 3349
1990 7
7620 7881
2339 5530
5033 9926
5337 6173
7540 4101
8415 2086
3518 5057
5261 6299
7597 6032
4517 4798
3876 5970
1685 3585
6098 9095
9341 3419
7331 8249
7832 4101
3413 7636
3287 7268
725 510
8078 2292
4755 7716
6604 9088
6386 5
4202 1501
213 2442
2738 7066
7609 8472
6654 7754
6420 4140
5704 5956
5903 5082
4285 9241
770 5598
9354 7922
6906 5238
1121 3317
6490 4771
3709 3567
6926 5301
1470 5164
4888 8608
2071 5273
6231 8159
4502 6623
9213 227
5809 6480
5518 7728
7066 5991
5655 3798
4095 6878
6063 8467
261 4916
2064 8387
4844 7905
672 57
5929 250
9002 5268
9970 2919
3361 8761
2776 5856
5033 2852
9713 7171
2098 5648
4434 8801
9912 2577
9981 8046
4163 6473
2426 8200
5024 7970
2050 4422
5198 8796
2987 3019
7812 5770
8495 7749
2760 3242
9467 6081
4398 6124
598 6927
5711 4712
1223 6198
6919 8010
3886 4636
5107 8920
933 6624
3919 3995
729 8551
3435 7329
9352 6400
4940 5481
3649 7554
9160 3197
5741 4712
7005 7151
7688 7181
4102 5055
6579 8965
5170 2681
9162 8612
2779 1403
9881 5037
6964 6453
3609 6411
9240 9555
2151 5604
8930 1930
3742 7206
4479 4466
2681 5311
2992 7122
5217 4166
9091 3726
2489 3276
1480 6459
6496 6068
1725 3644
2360 1711
3569 7641
5597 9244
5946 9169
622 6707
6532 6785
4202 7998
800 8928
1445 1496
4778 732
6584 6652
7233 6051
4777 4415
2631 3988
7680 5464
457 7663
8196 96
6241 3172
8727 257
3434 2999
502 5864
3099 5675
5960 8262
7949 4541
9415 779
8497 7793
6603 6678
5578 6921
9740 1249
4681 4424
6863 1771
2015 2914
3744 6207
4270 5728
8580 2435
7912 3733
4520 4856
3621 8702
3614 3064
2678 7580
8629 1509
5380 6653
4686 2795
3165 8607
4199 9352
3841 7658
9774 3290
2442 3553
6812 8612
40 167
6099 8447
9911 4877
4441 2590
5299 2621
4024 5456
3870 9419
8154 9631
5833 2262
7915 718
2185 9121
3575 6798
3972 2004
2794 7337
4977 3630
6623 9369
320 6061
6908 8040
653 1511
323 64
6896 9504
6294 6955
3576 8288
1679 8831
2223 34
6565 4129
4872 6451
4285 7149
4294 7642
665 5146
5480 9424
6132 719
6662 2870
5505 2139
3856 2289
4468 9498
8179 8320
307 7895
7004 890
6546 7367
4858 5832
6293 542
9663 5487
4814 6994
7604 9149
6069 8381
8911 6791
2645 7337
9584 5379
1882 3379
8904 4307
531 3866
6100 5866
5854 2952
7513 8859
2305 5818
4029 6781
170 1379
9279 6786
698 5147
7515 6195
5818 2854
9751 5734
1900 7058
4856 6536
4610 882
2619 2086
2391 6248
3234 7462
7852 7254
6459 9545
9207 7862
8029 8994
3753 5933
6122 9788
2175 3748
5271 6912
3848 3662
5799 652
1814 7677
4463 5921
6548 447
5789 9992
9867 1734
4343 4580
905 9263
5124 2176
2517 5555
681 5354
383 6414
8344 8116
9710 932
8658 547
2935 8697
8033 5450
5949 7887
2377 7093
7347 6061
4860 5341
3132 2687
389 4256
7519 102
210 83
8957 1876
3863 1566
6555 9336
4069 5606
8099 7628
1530 4201
1471 7004
576 2927
2902 6439
5536 3651
4092 3496
5449 7146
3866 5139
1862 5061
4985 5470
7753 7112
8055 9665
9094 8014
8984 5927
4154 8696
3156 8547
7080 1771
3270 5387
7011 7535
8783 7455
3674 1949
7660 2696
5559 5947
2579 1682
1973 5026
4899 6059
8997 5815
7994 8355
6925 5108
6016 5526
3375 2905
6974 6727
3791 2591
1380 4862
3816 4755
3720 8430
2838 6241
9768 5446
3471 5659
7815 6380
3293 9265
9943 7958
3552 4537
5680 3375
5912 4664
6713 3895
4001 5043
2917 9624
8178 9293
4012 5811
3888 3072
4419 1210
4186 8098
2919 4607
6014 7398
3707 1684
8314 3044
9549 7751
1132 851
709 3377
1711 6570
486 7011
1387 8432
8548 7304
4712 8679
9543 9518
207 2348
1188 9619
3557 7351
4148 7001
5264 7327
1890 1445
362 2114
4799 5012
9494 6485
6607 8046
3458 296
4261 8756
7234 9864
2948 5149
2867 7439
3947 4136
4898 7098
4774 7291
2169 163
44 7029
4204 7175
4651 6403
8790 9415
2327 6118
3326 5630
6519 2806
6045 7087
5377 6399
5324 8495
6609 8068
8838 9432
3141 6200
4929 6653
4218 9567
3256 4460
1500 7665
3719 8836
9940 899
1357 9279
2472 6751
8967 9963
2487 872
9118 3716
7390 9464
3637 9642
8088 6059
2381 1119
6102 9031
479 7734
2745 4550
8851 4540
5201 938
2991 755
1103 7305
475 3535
6653 9292
3716 7841
5010 3972
8501 2562
2883 5544
7554 6431
8783 8812
8533 6422
2151 2333
6770 549
4168 3814
4013 1954
1797 7204
8367 3622
6061 4963
3758 6804
9117 5022
8342 8180
5525 9800
3116 8468
1963 4096
7527 7967
2208 3109
3853 1793
6070 6301
2235 7672
7945 8894
4856 7840
4326 8843
7695 1256
9426 1175
7590 5175
7024 8901
519 3981
9548 9688
324 1527
900 640
8193 6084
8988 8533
5003 23
3115 6536
7752 6112
5628 7659
7364 6875
8850 1779
7545 1739
9414 3285
8295 6108
7446 5116
3671 6767
5663 6956
1041 9408
5366 3996
3712 7707
9534 5952
2139 2217
3964 4215
2953 2407
1483 2263
7133 3959
6926 7830
6167 1362
5000 7406
4965 6173
563 7891
7115 7473
9524 137
5255 3202
6213 8833
4014 4867
9573 29
5373 3608
2518 2492
3006 3478
9126 5581
3139 8437
4627 6420
2280 8972
5698 7986
6462 1966
2258 5655
2800 9910
2540 8522
2395 7875
3971 2524
139 3146
6036 4194
6189 8839
5953 1163
393 8782
5071 8359
5678 8808
3721 4870
4999 6241
7389 7028
7984 4
7927 9821
9878 624
5886 6707
2658 2340
8583 8297
5687 4669
1058 2732
4368 493
1642 3426
8498 8869
7636 4932
6605 2206
4592 3126
907 8871
1208 1629
9874 868
1454 6236
3405 5377
8685 7540
1380 1160
7704 8728
7100 9745
417 6482
1943 4949
2244 1908
8421 152
1878 1558
6072 1059
6715 9796
6959 3740
1021 7535
2394 5760
8267 8437
7570 4833
261 842
1849 5179
8124 1972
5542 4398
8291 9962
7334 9171
4144 6079
3049 5095
2326 2485
7014 9166
4165 3398
9225 8298
2218 4120
8261 112
2925 8671
9716 2348
4514 9446
3848 3169
6260 3752
3613 562
5866 9719
657 6453
7570 6014
5598 748
5441 9432
5491 4823
2829 5068
762 7903
6409 963
2245 5542
6628 9409
8216 5307
3771 9644
7838 9562
7847 2737
3561 3647
3800 5915
7015 7310
4516 7253
3380 8446
4450 2469
4787 7487
7675 3798
4621 5734
7530 707
3574 6447
3438 4600
7968 6531
9425 734
3724 9545
6702 9307
8062 5792
3660 8971
8872 642
7364 2192
4686 8586
2040 5621
1114 4180
6263 5594
6006 6426
3743 6646
350 2737
5148 659
2980 2459
4576 4405
4015 6058
376 4308
2298 4990
4065 402
596 4311
3419 5660
2794 175
4791 4414
7500 2480
3449 3674
6327 9096
4180 7801
5142 39
5189 5749
8476 8252
4640 7678
7420 4944
2530 6679
3373 3921
2611 3369
2628 5753
3016 9016
6463 9522
5732 2133
3892 5425
6578 5042
8131 8604
5371 4342
933 7598
200 1597
4756 4712
3880 7293
2127 5363
2725 6221
5897 4802
4952 7512
1309 9282
6142 8016
7458 1277
7627 5664
4086 7253
4842 7236
4965 9787
5942 3124
1010 9521
7429 6066
3277 5744
6416 5114
5491 6985
9770 2652
6808 9021
5286 7226
8894 6401
3505 5234
5384 8700
6201 2543
2555 6819
7643 2359
1928 3917
7412 9522
3047 5709
6537 7043
4381 8180
4423 189
4373 331
7325 1124
5346 2823
70 5771
4452 4798
719 3147
3103 8327
5045 6480
1917 1297
485 6400
9913 970
9539 6650
4594 9469
1306 6512
4632 6691
6354 9042
7851 658
8069 5984
1188 7166
449 7995
1951 3890
3669 5718
1569 3192
6684 5776
2661 2077
4865 267
5370 9528
4224 8047
5201 8029
7431 4663
2654 2074
2080 792
9774 7297
2447 3703
4339 6465
4134 812
3935 5032
9673 4626
7431 1751
4886 1844
9946 5953
7277 3270
2482 398
909 3805
2187 6637
8797 8375
7532 9683
3836 3750
2795 4012
5628 4817
4467 8168
9090 5860
5012 10
2232 1926
8792 8273
5669 6817
1887 6065
7033 3044
6358 3363
6446 8845
4428 5220
1086 6201
4845 8477
2467 4546
4524 4635
7731 7896
3807 4994
8900 1632
1943 7434
2052 5620
5644 5016
3242 4663
4840 303
4253 7676
6030 7977
993 6215
3852 7746
4488 3234
4761 6776
7083 6153
7332 5396
6325 9857
4697 6912
5070 1761
6546 7052
1522 7740
6222 7113
1633 6036
3218 239
5072 1726
5143 3592
7969 5175
842 932
3390 5311
750 6298
3754 8742
3967 3602
2377 912
3431 6776
280 4090
6121 133
4150 4662
4987 3550
6549 6437
9226 2299
3673 6430
6119 5806
6595 9936
6397 7184
2847 4752
3070 6258
7989 794
8088 507
3864 5220
6868 2231
8490 6859
4748 3025
6929 7314
4400 3739
8580 8967
1369 8288
9328 9126
4123 4104
1581 7124
3171 7040
1094 6484
3992 9175
4859 8760
3493 1843
2555 3546
5466 7977
7209 4981
9869 3414
4538 7887
7714 7597
5238 8756
7640 2989
4408 3576
3211 3298
4915 6009
3180 4887
4573 3801
3868 5409
113 6746
6064 6862
7516 7137
1055 503
6982 7432
5162 9390
5295 2860
6067 7052
1024 6293
2139 3994
1410 3296
5998 6134
4981 5558
1230 7566
894 3416
3046 3099
5609 8510
2561 6733
9050 8447
4461 7104
3473 2799
4066 1852
6018 9324
4068 3359
173 6665
3460 5196
2107 2190
5408 4332
103 9989
9834 5122
2384 1192
370 7300
3291 1344
509 9566
9069 7655
5332 4579
1899 8145
1357 5647
4192 2849
1711 9033
1909 3127
1519 1629
4965 5172
4464 3429
3056 4163
5348 4415
3961 4040
3142 3937
3720 5900
46 9589
6536 9690
2878 4012
5104 6125
1227 7994
5354 3533
5378 2429
1214 2807
3010 5107
3020 5529
1643 2166
6940 1758
2855 8845
3700 306
1027 5317
5551 8628
1297 8066
7845 8401
7921 4784
4951 1170
2514 4243
4807 7349
6956 5795
3852 3184
5617 2199
5622 2802
8844 7095
2380 8565
6324 1502
3742 8129
1395 5497
7857 8532
4737 5913
7553 9060
1787 7418
1911 5498
2439 7869
9832 8259
5720 6878
1998 3925
1340 1710
3479 6335
3811 9023
2703 5848
4891 9655
7432 8891
4608 8778
6036 8925
1098 4284
5341 1984
3162 5315
5278 2867
7105 9664
5940 8170
2994 4950
4260 4806
7157 9073
6489 6170
9099 810
7758 4981
6395 9918
1381 8140
3783 6049
5574 6019
1886 3882
7493 9372
2376 3746
2238 8471
5001 5339
1186 4639
2657 726
8413 9234
3432 3203
4595 5819
3234 4679
4854 4996
9690 5950
4241 6755
4783 1854
5226 8022
3079 6727
4055 6750
4688 6168
3893 8637
230 178
2220 9891
6069 6203
5955 6892
676 3382
7513 1901
6907 6521
3058 1312
6032 4981
1565 3372
2860 5390
7080 6304
9137 768
6845 2502
4357 4324
7549 7987
8320 4831
2681 7202
1750 3660
3723 3112
7791 1454
4508 5782
4229 4152
2718 7205
6019 9081
7237 5483
1879 5881
9095 5214
5946 7556
7897 1099
1781 6248
8076 6928
6242 909
2172 5352
9954 9526
2669 8144
666 2252
1462 7821
4301 4499
6928 9171
2318 1097
287 6807
4354 80
4180 2933
3559 6521
6862 6457
6987 9643
6960 8197
962 1324
2684 3675
1660 4106
2798 6406
3206 4016
7725 6724
6486 851
2006 1252
8008 6783
2674 7538
6786 6741
1918 2307
7986 6206
3983 3011
9394 638
4342 6741
1888 8184
5778 6483
7244 2721
1924 7612
4133 4123
4508 5232
1607 8844
3517 2807
7975 2418
3148 6653
837 5893
9696 5527
7005 8747
2134 5328
9695 9503
5065 4224
6667 996
3685 2512
3222 4508
2002 3078
1429 1459
1168 2852
9643 9205
6647 6127
1229 8460
2882 7005
4537 9329
6009 7304
6979 8522
236 7194
6385 5605
9633 6652
7119 3843
7851 9656
8561 2124
3208 7030
7922 7321
6654 895
4322 6236
8442 4997
4049 5552
9131 6912
5595 6630
9755 1114
4231 7141
6180 4287
2650 3490
4410 175
4032 4164
9720 8367
6239 6035
1156 8587
3620 5159
6812 1201
4225 3512
3180 6809
5905 5866
3794 3999
812 5286
6568 7378
2554 6532
5039 7822
6088 9141
1544 8066
6662 1499
9275 4287
5543 6537
1955 7004
8783 9867
8722 3212
9613 6389
1381 9068
5273 1586
1223 4695
2193 3735
4416 1376
5847 8210
1440 4171
6431 6460
4371 5282
6917 8797
6148 5842
840 5051
8486 9859
6602 9846
9318 7356
5689 4631
4944 1545
9746 3898
4658 1905
4784 7908
3005 8995
1995 6392
1952 7742
6093 7875
1447 2322
5929 304
2782 6213
9316 6650
2190 7735
406 9121
4599 5539
1771 4526
2625 4815
7316 2907
7513 9837
6887 6665
5930 4154
6952 7060
5742 1888
5134 5940
3218 3760
6017 780
5172 9844
8990 6614
2609 912
1191 5913
4535 5473
4202 8710
4166 6838
1184 3924
4960 7342
1570 5128
3612 6666
7364 7246
3405 4875
5830 1196
4049 7606
8151 5532
6632 1591
312 3298
6874 1353
795 8141
1670 7587
8182 6013
3763 8124
4788 4094
876 5218
2102 5379
5440 3727
3278 4295
8472 7401
3548 3890
5562 1394
1503 4040
2430 6120
4613 7597
7667 7418
5117 4390
4640 5256
6266 9094
4595 7728
1518 5974
2524 4442
6042 5121
9343 7751
7649 8128
2403 5320
4278 3712
4851 1130
9651 441
5372 9877
8839 3680
7439 6978
662 5248
8561 6072
2558 3285
6393 7283
7038 7987
8438 424
6899 6862
1491 4699
1991 7725
7228 4822
1123 9901
5352 1775
1753 7035
6908 8752
5867 649
5652 4925
5146 7039
2966 5042
3389 7885
4795 1103
6591 4386
7471 6391
1086 2556
1489 51
4315 3849
5668 3593
4883 6521
7713 676
4807 3944
626 2921
4256 4824
5399 8141
6987 8277
73 9245
2542 3946
4489 6873
7933 7108
1104 5447
1117 6140
6678 4795
9849 4161
683 3589
2830 1437
