6938 7085
8247 3834
7784 5830
5936 7046
6880 7201
6296 9136
9290 2490
5224 4423
2899 3499
7163 9660
2162 6131
1735 3583
4217 5622
1756 8072
5851 6813
6088 4016
4176 5971
6957 8077
5104 8949
6570 3201
7583 5092
952 33
4797 7486
7816 2590
302 9750
7929 6668
4302 4016
1879 5267
4111 3253
2949 7655
8126 9168
7816 1772
1406 4296
1753 5801
3866 5822
1942 7659
72 5329
3883 3372
6644 2611
1845 2249
7657 6222
7003 9081
5809 8872
5513 5841
2978 7588
5688 3627
7414 4370
4740 6978
1400 6305
2613 148
8306 2709
9407 246
9626 2505
4054 4142
146 6432
2675 8960
4075 4844
4581 5241
6180 8653
4461 7539
3367 3067
5414 5178
868 8938
7387 2910
40 384
2751 5693
4793 5999
3814 6910
2196 6639
4635 8042
9962 6079
6006 2730
9761 9243
1942 8156
8700 7577
5195 4888
8553 6332
9276 4475
5361 5823
6868 6788
2119 4261
9254 1949
2772 7041
3593 2309
9683 5738
6202 7378
538 4057
4377 7760
2930 2904
5963 387
3825 8186
8576 4895
7760 7490
5843 7115
15 2151
7821 4962
2258 5894
3166 6271
8915 8094
1790 4220
1263 4703
3917 1372
1729 5378
3338 7586
1584 35
2390 8012
1184 101
7649 7083
6764 8383
4489 5331
2660 6826
5390 4271
4212 5467
5640 1413
7926 5792
1574 2888
2463 246
5527 489
5093 2183
6765 512
3484 3452
8655 424
5169 1949
7584 6967
6524 2520
2812 8657
1048 1916
5628 3402
6120 6079
3200 6258
2651 7019
5490 7898
8807 4615
9704 8509
5914 497
9008 5544
5749 8014
5917 7827
7349 8618
3930 9150
7287 1324
9613 6822
2111 221
2126 3993
5252 5114
2527 5505
7894 3843
9929 2224
3125 849
4496 8864
4735 6931
7139 419
6537 3468
2297 7500
4302 259
1184 2934
1961 6238
4146 9811
8887 9710
2428 8104
731 9755
3422 5286
6529 2947
2043 7475
1495 9104
3749 9064
816 3302
4202 5747
8616 9452
6562 6813
3693 5991
4714 5262
7060 8194
3811 4936
8417 1227
10 9338
5207 5545
3581 9843
8660 7815
6793 9018
9709 7377
3933 7033
4979 2419
1812 6141
883 6580
4286 7272
2973 4897
3346 1466
6824 1026
1574 9588
2859 4731
3734 1962
5367 7496
7116 1548
505 2325
3436 8162
7832 9073
7226 1800
6637 5606
7507 9138
3582 7583
6508 9104
6959 409
6096 5669
7405 8982
2466 3887
3764 8354
3934 6587
1472 1228
2837 7442
5832 1664
4268 2676
8475 4065
2156 4196
5070 2253
1637 5065
4423 3085
7226 2055
7721 4249
1236 3445
3364 6447
2166 9206
6827 1003
7329 6354
4781 3668
4311 8886
7086 6074
7167 6965
802 7475
6891 7296
3784 3744
608 3997
3889 3006
2087 174
774 4932
7128 9639
9463 139
3613 1795
5837 8908
1757 4032
6758 8729
3127 5177
2665 6543
6590 5102
6261 8044
4876 5086
3000 4254
6217 5759
1561 3460
3856 5178
2933 5432
774 6234
7024 5680
6375 5005
3443 5884
8615 2098
4903 4034
2756 1921
4313 8140
5535 1766
2570 8884
2604 1298
5047 6378
1724 7372
6392 111
5207 6781
2609 4796
1037 9330
4698 4581
2712 1891
2420 3705
2800 5158
255 1050
2251 1129
4889 5172
5839 1493
968 2275
4054 7461
4712 3674
827 9331
4905 7452
8488 6799
8176 4992
7259 5320
4311 7652
2576 2595
5019 2491
6143 7367
8455 8729
1249 5425
6338 9003
1226 4209
1165 5956
1237 5270
7348 7590
4922 2450
3681 8545
4850 8926
5860 4130
4520 5264
1288 3932
7043 955
7390 245
4892 7243
4646 4329
6443 7726
4977 6011
8738 1981
8428 7417
73 2149
8173 4949
3166 6099
9675 5045
4611 5661
6892 3243
5921 9199
1640 3808
7306 6266
6776 7269
6270 2442
4362 5041
4807 6660
877 7205
548 3731
2590 5498
7535 6624
3315 5646
7236 7496
1034 4536
4096 6625
7515 1434
3837 4186
8179 8015
6499 9044
4175 5578
9564 6479
6475 9855
2636 7549
3546 3835
4950 7560
1052 8094
4629 5933
3581 3792
9224 5778
2660 2695
9332 5311
3671 7923
2967 7541
9447 1356
6512 5842
6434 8403
2709 5970
5374 6962
6187 5264
6639 6822
3107 5198
7075 478
3554 1228
5806 6740
7062 4188
1568 6940
5835 1779
4317 2907
1008 3570
4216 9685
2050 1207
6437 7482
7060 2277
5233 7494
937 8241
3330 8774
290 1489
1103 5012
5879 9591
5480 7630
2341 6459
5786 1900
4296 875
1011 2390
5806 9197
4242 6008
5974 2136
4979 9684
9189 1316
4538 1576
3608 7075
1783 812
2484 9261
5548 3317
4333 6432
3591 7781
3458 5158
6874 8004
3471 7046
8778 1435
8924 5690
7195 4154
2151 9852
8336 5934
3269 2603
3408 5916
4315 8606
547 848
6775 3716
4863 7657
9978 3825
1915 3573
8713 5133
1476 493
9996 6094
7204 3277
7561 8947
4388 5270
4188 7316
5016 4731
5153 7180
3575 7274
1242 2554
5585 7776
9380 3071
7442 7548
2919 1577
9847 3890
7820 7844
7873 8902
2378 6033
3338 3860
7879 6623
4563 8788
4628 1040
3820 6236
1202 8214
6352 1222
5780 6658
6484 7528
6212 9055
6040 3350
2182 7447
5159 9199
4345 6242
6167 129
4219 5837
9043 9706
6713 302
4555 9206
2651 8541
2487 7386
9163 5277
3046 6855
2084 8201
5375 6851
1251 4147
5766 9890
1998 4606
5692 6908
3374 4977
6023 1265
7134 7892
5355 6764
4472 5370
2384 8560
8580 7046
8530 7454
7812 6945
4601 9392
8167 5537
3365 5924
3695 5799
6386 5760
6210 8015
5532 4424
4207 2941
3532 9713
2648 5465
3513 1742
8824 1498
2852 276
7012 193
4962 8364
5189 5374
2082 8881
3493 3197
7128 8891
2417 6656
2170 7947
7636 7311
1033 6407
6559 3607
9296 2489
6317 5242
5147 5390
6986 2139
990 3943
1408 3436
4413 5516
4287 4882
3359 7007
7564 7155
1497 4124
8134 5736
3077 649
4651 3065
5821 473
3527 7759
9531 7472
4961 1012
1547 9206
3123 7302
325 2748
8114 3929
8376 4343
2861 4794
877 4429
5940 8772
8285 1717
965 7696
7638 7504
3877 6838
1100 3804
2481 6091
3134 7144
2107 5880
2406 6442
2670 5468
7627 525
9834 2396
4570 5839
3606 6321
5581 221
4544 5823
4672 1578
3847 7322
903 6915
6620 7847
2000 7228
4176 7763
8806 6397
4098 5857
1309 3109
7549 3328
3521 3338
7094 1472
9021 1037
5947 9417
5369 5010
7469 3749
8470 2102
7881 8123
2105 6584
4049 6796
3069 5284
5462 7803
2076 4082
7036 3574
9200 6270
1050 5635
3775 3231
1366 6137
234 6217
4463 5739
9167 2602
2836 3662
4756 6486
4603 3238
9864 1712
5199 6009
5512 3207
5078 6658
9966 8260
698 1261
4818 6438
2629 5146
9824 1387
5744 8818
28 648
3258 8471
6742 6119
8273 5721
4661 6841
4095 7921
6904 9271
2350 3758
8538 4046
4644 8486
8277 9869
1574 1029
3640 7583
7287 270
4360 9895
7407 4536
5120 9354
1496 4721
4486 7001
6693 9101
6994 4074
4810 9542
1350 5606
6719 7289
5674 6614
5785 6630
7409 6423
6665 4959
7696 451
782 9821
6702 4733
401 3750
1247 4673
7259 1123
3141 7481
779 8247
125 5737
8370 2731
6544 5958
4655 4433
3992 1874
2412 6288
5762 5922
1374 4606
2142 7861
4762 4909
4053 2234
7518 8005
4043 5195
3401 3247
5955 8838
962 5456
2109 3375
2381 5783
6740 5617
738 3469
6312 5584
7490 9232
2877 6337
8436 7915
5115 9736
2566 6889
9792 6910
623 634
3666 9422
6245 4712
505 9660
6701 6160
7427 6789
3340 8848
8450 4672
891 8383
1839 2709
83 6934
8345 7773
3247 7344
2992 6071
2866 5437
2544 3400
7136 5980
5676 8244
7006 3655
3478 982
810 8552
4674 7387
7685 5111
2005 4741
7478 7262
8121 8122
7856 1960
2439 768
5397 6442
3490 3557
9285 5900
4169 8046
922 5881
6476 7115
176 9740
5038 3247
1410 5820
8883 3503
7856 4417
3497 9989
4066 8685
1700 4054
334 2570
2759 8010
5645 9415
497 5193
5788 4970
8510 4281
3019 2874
1038 8176
8009 9139
4982 561
5921 4223
1308 6724
7038 6319
6162 5453
5632 1437
6930 9876
5674 2602
4517 9105
6752 6837
4644 8917
5700 7206
208 2191
8241 5422
9588 8650
5613 7732
4206 2009
126 809
2815 7793
3068 5987
8713 923
5547 3850
4008 3872
9715 1901
3106 3017
1765 1526
4301 418
4689 8407
5249 6529
8457 8968
3059 9442
3212 6274
3599 8669
8557 9549
7454 4503
9415 4884
1536 7193
3518 6465
7076 1847
4682 6273
4549 2482
9891 1551
6844 265
8901 6999
1839 2656
5997 743
9600 5990
2476 5428
6675 6993
2771 6544
7464 9368
4994 5619
9219 4433
4965 3871
4929 4177
5307 7772
4599 7914
7388 4283
4602 7202
4342 8029
5075 3184
4680 5809
7235 2728
4466 9492
4364 6741
4527 1780
2291 6563
2046 6503
3006 4330
504 3036
4062 9035
2240 7271
9382 3915
7773 7628
223 6729
4781 4292
9586 9572
2127 6576
6657 4306
5039 3244
5703 7196
2237 8555
6929 8296
6879 4503
3687 9215
9412 5083
6225 6904
8212 8964
6875 304
3194 836
2762 5343
4835 8446
7446 278
2716 8381
7994 7694
1748 4957
6209 8478
7873 759
6088 8188
6384 9004
4896 6591
5264 8973
1678 7113
3028 5620
4461 6784
6405 6030
2109 2088
6172 7256
7765 4730
4129 5264
8191 408
1551 713
1633 7878
1022 1537
1361 3743
6515 7716
6324 7919
4811 2975
7614 4160
932 7915
1302 7485
5688 4416
8804 1402
3924 8780
2497 5300
3953 3065
741 5058
8337 8288
6786 2594
6887 3134
507 3844
8213 5485
5055 8007
8008 6958
6975 9555
5949 7173
8835 6592
2391 3574
3949 4999
4815 9580
3963 8088
626 4946
5201 3873
4321 562
5436 249
7458 4518
4502 3993
5565 7425
517 9217
6993 7757
6154 5201
4672 9958
1611 6751
6379 889
5566 1540
1630 1745
1081 2506
9465 3042
4067 8508
4969 8087
5538 2996
2301 5225
9047 8544
3626 1423
1533 4306
4162 7590
2609 5462
285 7917
9053 4400
2105 6575
2461 5190
7063 8421
3636 8540
3178 5218
3465 8429
1909 4835
6052 7515
3989 4642
494 2900
7180 2711
5977 5126
4074 27
433 6862
2974 6061
3946 5211
9505 2817
5341 980
8199 6073
2238 8393
9887 8251
4354 3464
2098 7595
4558 4920
1776 6268
1882 9633
2565 4442
6530 8321
6549 8334
3176 7750
3229 2392
1711 5506
6086 5311
201 4768
4760 7363
5431 7302
7378 1369
3835 4309
5574 4089
5573 6833
5562 8401
6510 5696
169 7300
5807 9925
6767 7752
8845 9213
4254 5811
3478 5361
5621 7934
807 6998
3320 6172
1733 5214
4089 5599
7679 8140
1388 8333
5145 7308
6665 5997
6085 7408
3031 7358
3494 4379
1103 3892
9234 8183
3377 4733
3036 6655
4345 4370
5242 3834
288 4847
3782 6889
261 7602
4621 2211
9730 4721
7006 8747
5026 7629
7383 103
2355 8549
5184 338
3473 7716
2506 4517
5073 4937
8047 2483
4846 3847
4697 7696
5120 8553
777 69
3799 9700
869 826
2940 6677
22 7225
5837 6743
8767 9201
1668 4562
1543 8997
9772 1819
3853 3641
2316 6705
5127 7751
6303 5876
6764 838
7051 7203
5963 8144
3007 4236
3182 6452
8810 2202
9383 852
5320 8452
6269 8335
83 3892
3708 2482
2493 4136
3187 5190
9621 6214
4538 4336
2107 7483
8674 3896
1986 6668
4092 6501
284 5760
3651 6233
5595 5250
7957 8419
9370 3370
1190 6734
9492 7268
4185 8126
6358 5946
3223 2790
3653 1849
7240 9303
9194 8742
503 4491
3053 8916
2988 4091
7188 8968
2101 1006
8515 7528
5277 4688
7162 8723
837 4902
9210 8992
1352 6745
4962 4532
7780 8772
8478 6599
6256 5359
7851 2007
4604 4006
2732 6097
8086 4762
6169 6373
5353 4804
1728 3770
1414 7744
4645 9147
4648 2019
4269 9570
5924 4512
3511 1755
7396 501
7980 5396
4981 5282
9702 1294
3218 6313
4797 5875
5026 7684
9580 7986
6602 9392
8641 9427
9820 10
339 4988
4463 5477
4432 6127
3428 7476
2099 4598
8101 8143
2070 5065
5192 9908
5233 5516
2878 5238
7956 8435
3794 5210
929 895
4627 2444
4517 5955
2519 7641
2550 7745
1337 5685
9025 1078
3556 7795
9251 8968
6456 5099
3530 4480
5013 362
4887 5915
9040 8088
5369 5366
6558 3016
7006 668
5497 9752
466 4129
6503 2033
5367 9642
6934 8901
6430 508
2374 6310
6574 8100
3583 7618
2444 5093
752 7502
249 9096
5600 5541
5798 3570
350 5472
5142 2182
6255 1271
1652 6446
2903 5765
4690 8595
5084 5516
6996 114
4076 1498
9984 5408
1302 2899
3557 7699
8574 821
5953 9698
3131 8759
476 4025
7644 5007
8077 6552
9570 6828
1824 2607
1674 6046
1753 4124
7441 4126
8263 8893
8091 3188
8744 4278
5242 7219
2215 9029
7469 9971
3369 5675
1330 7589
4145 3681
2952 6784
1252 8918
1529 5291
2315 4951
3703 9348
7734 4132
350 721
9877 2009
3883 3923
2269 4259
3595 8825
5128 4070
9899 6090
2607 4254
3572 6626
2963 5350
4540 9269
6304 7150
3109 6572
6684 7556
3062 8217
1116 3943
838 6150
6120 509
6434 3594
5582 9501
4845 4512
472 8200
8266 9688
1580 2478
6872 6156
3013 4955
5389 4087
6144 5188
6529 9954
9151 1450
3753 6162
8059 8348
1877 1129
6229 8386
4168 5330
3082 6344
4507 8960
2235 5684
3399 7448
4278 6104
2485 8690
7325 9120
369 2278
4419 4767
3820 8151
5295 7821
7838 485
1587 5217
4580 7731
2307 9478
4642 5347
8138 8482
9498 995
4839 4814
5670 2527
6236 134
6475 187
6409 8464
4654 5936
4950 336
550 1935
1145 5491
2442 4926
3862 8632
7657 3661
5515 3942
5700 3924
4654 3842
4886 2953
8952 3171
7589 7583
806 935
5336 4815
5482 6101
5850 7022
657 4518
5617 7494
9160 87
9842 4322
3145 6079
3332 3690
1418 2337
4054 3567
5903 2953
7637 8805
2113 7221
2452 234
3766 7715
7560 6077
2484 5407
7877 9167
7030 6262
1211 5319
5562 6982
6692 7206
6378 5060
3924 6732
4394 2480
5479 8152
7421 8520
4520 6497
6729 4994
3553 1083
5347 9164
1673 5205
7590 6491
1999 652
2749 3624
7013 6042
1039 6208
1019 5741
5310 708
8690 7051
4911 9226
3272 1985
3791 9720
5551 5910
2040 4867
6659 5298
9527 8864
6619 2718
7598 8960
1815 3702
2524 4916
8177 7590
6444 8500
3157 4721
5003 2641
9819 8864
1903 7090
6750 6476
433 3270
1289 8624
6034 8457
5650 2344
2290 1729
4681 3650
6285 118
3893 4617
9543 5788
5330 9428
3035 836
779 4967
8404 2253
7397 8515
927 4313
7778 9375
8758 6622
459 5901
3282 8004
3896 7409
427 4111
4391 7351
4809 7110
9461 1302
2763 2191
5837 7552
4397 6119
3449 8760
7776 9837
747 7886
6717 6554
435 8553
7453 1226
1244 1229
578 3354
9313 8880
5351 9621
4018 3332
8629 869
4801 9046
5646 3890
2395 1754
7016 1063
2189 7018
8829 1051
1874 3745
3589 7103
2319 6081
2950 9331
1336 4564
5176 7243
6504 5991
7834 5603
1977 4102
3086 5930
6577 8721
6873 5336
7918 7408
3054 3911
8456 7986
8640 8332
3555 5361
7278 3291
2770 1119
3154 587
5325 3444
681 2431
2878 5792
2470 305
7268 7383
8510 4142
3823 4479
6813 6988
6473 8088
5754 1985
268 5086
5102 9643
118 1880
6607 7270
3610 5310
4194 4772
5823 6141
3242 6540
4512 5118
2741 3814
3279 6607
3960 5544
5491 2406
5826 9566
8240 6509
8594 7007
291 1700
2246 4222
4820 7570
6638 3967
3291 6065
9203 7007
1827 5995
8456 8241
4607 5476
4537 7403
5505 3593
346 7355
6683 1350
6740 5533
7829 801
22 5164
4533 4372
7929 8323
6812 7543
4384 6235
7176 8988
6721 7361
2524 7562
1860 3381
347 9054
3016 854
5825 9704
5560 5757
9434 8286
8044 8165
1848 1048
3965 4157
3973 7135
5188 1576
3539 8600
5863 6855
4347 6595
4429 4907
5077 9329
4941 6250
4828 5821
738 6673
2717 3136
4566 9463
4404 6432
7628 3446
3063 6698
654 5632
2013 3959
8007 9629
8606 1098
1166 2774
646 9420
10 8684
9005 285
6312 3661
7803 3339
7498 7429
3612 9478
7310 962
7815 7779
7274 4917
7938 5900
122 7999
3143 6640
1319 3002
7080 9373
4386 1264
3047 8285
3584 6009
8458 5498
4643 3815
3574 4769
5241 2983
9797 1143
7534 4332
8322 5839
6111 8464
1828 9416
7659 5266
4856 4044
6726 631
8547 7125
2865 0
3360 2157
2078 5511
9581 8284
3356 6653
8877 1523
8327 827
3168 9985
6014 1226
9215 4672
9753 8633
2612 3997
8624 8001
9782 6072
8675 4290
2288 86
7050 6716
8917 4052
4718 7856
8229 9313
3243 2938
2783 5397
5159 8501
739 588
4864 6634
7543 5309
5714 1849
2269 6115
1873 3900
4658 9912
2674 9547
3460 6026
6670 8538
2901 5281
5099 5575
8406 1375
9888 6188
9664 2279
7749 287
4436 8119
3507 5212
1368 3741
3933 2580
7971 7984
3863 7705
4864 5829
7940 9802
3857 7136
4017 4910
6178 8089
3559 7967
7220 6480
8035 5646
3430 6281
6845 1880
1781 8875
5470 5006
8529 3902
1485 5615
1989 1176
4686 6587
7895 8231
8060 6349
2764 6807
2636 7066
952 8656
6590 6326
5125 6785
7072 5511
4748 6246
4720 5918
8014 9104
3280 1223
1256 4169
6053 8164
3751 8163
3533 4005
2096 6024
6137 6707
5001 5685
4074 7217
3702 5359
1453 7729
3194 6121
7096 8217
8260 5322
9390 7990
3485 3331
5871 5662
3737 6521
941 6241
3116 5679
1517 7340
6672 692
6966 910
8144 8264
26 2414
6254 5548
4943 6740
4683 7338
8612 9766
5857 7834
6063 5724
3594 3624
7773 2322
4885 6920
8891 7353
1181 574
3139 950
5200 6931
4105 9145
6245 3341
5440 7788
1450 7299
402 957
1497 8808
3199 5259
7149 7810
2813 9653
3578 5026
5102 9082
3786 4975
7292 7337
7405 8409
2266 3778
9292 2462
3989 8946
2398 8512
6811 7643
1343 9401
4593 4896
6573 9986
5836 7212
3890 5153
3107 4515
9387 3638
5400 7850
6312 8898
5228 6346
3931 3464
7056 1179
8201 8622
9133 7141
449 9016
3470 4688
6548 8064
4115 3406
2866 5476
7797 6933
5201 3560
4348 7027
5569 3848
5459 1990
6331 6386
6326 6042
6318 9076
4073 7209
1657 5201
3071 5184
8019 192
9132 6636
6950 9144
1021 4357
1800 1880
3807 4592
9993 4053
5757 7295
6591 8689
1487 3985
6687 9565
9426 6830
8361 5954
1797 2605
4427 6794
7636 36
2878 6320
9607 5306
5309 6916
7077 5936
333 9567
4750 4185
9464 6425
4727 7436
4635 3417
180 879
7495 3830
5479 6667
516 7594
4471 4827
5285 4586
2143 8624
6690 5015
3746 5591
7578 6874
1683 6101
4231 5030
8905 3936
4204 6590
5319 6277
2564 3820
1604 3778
3274 5673
7897 2547
5471 1837
4527 7630
3749 5084
5359 6699
5855 7546
6125 7141
7847 5291
1020 3289
7213 723
4256 2040
3543 6039
9743 6896
3387 315
9500 3462
6602 7601
7490 3862
2206 6424
7467 1865
8069 1933
8438 8862
2987 6063
5127 8927
4831 5896
3437 6794
6426 33
8288 6070
1102 6616
6530 9660
2125 4499
4652 1356
5508 9154
3686 7390
911 376
2258 827
5945 7694
4720 5920
3240 3368
7046 5231
7018 7384
9295 9728
8375 188
1953 8300
7235 7089
5552 5669
4412 3939
5697 9699
7309 1790
2584 3858
4614 4339
2065 6905
6712 7169
2075 948
1696 6550
8122 7713
3015 7693
6817 5650
4434 5576
4878 5738
7075 9328
6998 6866
8863 9000
5607 4800
9430 3900
4779 447
5477 1428
8085 1657
3002 6195
607 8999
3898 7235
2754 2417
5370 6671
5716 7079
9200 8110
3641 6303
5390 7259
4571 1743
2318 7606
5815 9128
4608 5422
6402 5663
7425 7976
3124 9288
3891 9689
7690 8395
9426 6443
4527 6409
4727 8914
6005 7316
6212 8777
3855 7120
3946 8470
990 590
3390 6037
2036 4607
5275 9806
3466 4046
7734 1281
8169 7588
1228 3801
4404 9698
3344 6042
4987 893
2772 6230
1328 8061
4220 7783
5455 9750
3975 7198
4243 5966
5714 296
2651 4893
3766 6795
5854 9203
3851 4358
2548 5182
4165 5228
2262 2573
7257 137
8170 1824
922 5922
7873 9939
1434 5050
7081 3294
3264 4948
7073 6328
4803 6131
1719 4926
3666 7624
5575 5829
5475 8631
6465 6337
2199 7081
6213 5712
5791 2047
5801 6707
3535 994
5551 4280
5888 7120
2053 89
5622 5917
3481 5834
1392 5941
6712 7237
2286 9830
6084 9102
8226 7838
6430 3094
4339 7033
3205 6609
7014 6003
5756 8482
1188 4835
4832 8134
1193 2964
5544 6613
3973 9864
9732 2162
4392 7044
7821 4756
37 243
4470 5422
1249 48
9504 2914
5063 6690
7208 513
8428 9490
4614 6985
1216 4156
6682 1342
5135 5933
7714 7410
4484 6646
8910 7665
4901 7163
2244 5766
2120 8211
3226 3877
4599 8289
1975 7335
6281 9521
4338 2741
8940 7958
8236 5361
4368 2620
5696 7784
3215 6384
7062 7053
8970 9823
7681 2106
2202 8401
1781 7819
2917 1967
5740 1680
4298 8539
6514 1074
6906 4567
6283 5342
3901 3921
9464 6106
7762 472
6879 8261
6378 4303
3303 4645
5715 3730
3335 5351
5055 4623
7009 4062
7144 5913
2810 5651
7192 6627
8357 3691
5535 2981
4835 7185
5288 71
3828 4587
8275 6483
4995 6127
5500 6299
6515 615
2871 2749
4622 8016
1216 2559
4820 3241
5298 3805
4644 5267
1958 5613
8433 8129
6229 4314
3935 754
2148 7615
5024 4855
2481 4792
743 8849
9659 3833
4853 2529
8660 7246
4723 9064
843 4771
4341 8504
2318 8413
1319 1209
5078 1011
2287 8016
1889 6169
3976 7975
9904 8336
4223 1399
5988 185
7239 699
3593 1003
5823 7436
1255 3789
5666 7718
5759 5731
6344 7818
5614 8201
471 2108
3499 2923
1663 7411
276 5087
6609 8237
1973 9788
3797 1304
3566 5838
5710 5172
8781 436
3559 6616
4590 2374
4110 4918
5247 163
971 4272
442 6668
4482 1528
4645 7413
7081 7121
2594 1396
4424 7939
3145 7134
6711 125
6998 6305
3838 3799
8382 7348
3010 7848
2382 4078
5359 8045
6176 9536
2494 7702
639 4041
7053 4147
7712 585
7629 7232
5357 3956
3942 8178
3106 3476
7117 375
3166 8482
5077 8746
5641 7098
6365 5880
2015 1638
1679 3675
5963 8317
8262 355
6377 4170
6838 1081
9549 499
4557 4401
1395 8467
60 4081
8217 1228
615 4828
7199 6843
4883 6493
6818 1260
2134 3558
1624 3981
1141 1797
3394 6228
4542 3059
2221 3863
4110 6583
4570 9951
9029 8969
2529 5147
5942 6527
6387 8863
9023 4724
5743 8532
4442 5228
4056 6360
4713 5169
6677 5296
6477 8914
6927 7393
3438 16
7543 3195
3601 6840
6861 7978
417 4960
2490 5582
5234 7621
9122 7308
8681 9817
9735 3078
5898 7786
4155 4366
8944 9409
931 3087
4556 6861
6683 6780
5738 3340
6173 8893
1646 854
4516 7233
3374 1936
5898 3706
9304 3915
2806 8770
4601 6001
3128 4391
8572 6625
653 1658
4679 8405
4701 6474
6793 3632
80 1917
5389 5010
3766 4624
4278 5967
8051 5475
6080 8018
6452 4628
5669 7171
3900 5499
9082 9719
6962 7480
7228 3923
1916 4208
3389 3603
4832 7707
5388 1472
353 6761
4816 4693
9871 7263
4848 9866
9379 7740
4573 4679
2656 3321
1873 6847
9660 8625
9133 5469
4214 316
1251 1616
330 4949
7742 1942
4077 7400
3127 8046
3199 5936
2805 3565
9950 4644
3097 1458
866 6585
497 4015
1921 6901
3589 9918
5870 9752
4494 5042
3778 5360
7638 9940
973 803
5700 4739
7797 26
8063 6561
3538 9700
1751 3204
7626 9943
2445 8725
9486 887
4390 1699
6299 8306
3142 3176
4698 1034
3113 3118
4760 7217
6542 9582
4214 3028
433 7079
8000 9379
912 8245
1808 6582
660 9229
4987 5314
4410 2795
8300 3080
48 448
2390 292
7219 4734
5773 7162
8804 519
3012 5536
4699 4631
5077 9687
1409 8017
3779 6617
938 5399
2787 5539
4674 1016
3483 4525
6948 8310
2256 6317
2283 2744
1278 7655
7489 6678
92 4826
708 628
6709 5520
4035 6923
6149 1396
6519 1609
754 7281
4546 5045
5965 3157
2643 7759
8807 4721
7993 6719
4065 2907
8137 7370
7551 6980
3035 4203
5593 4574
3199 5065
1213 8037
4799 6406
1132 7856
3830 2609
9414 3914
3413 1008
2683 7255
1778 4934
9472 6255
6920 7392
1663 7347
1578 6980
5929 8414
3489 5554
5573 8486
743 2395
1320 6577
7177 5597
9617 5195
1708 5117
7871 7627
6136 2304
3467 8252
3790 6956
5859 9351
1245 404
4931 2845
7989 7740
3298 8601
9865 7488
5154 7468
4856 4778
6843 193
9191 5450
7200 8869
4885 6418
9353 3004
3494 7321
9874 8368
4519 8512
5408 9842
2350 8101
4124 2240
9851 9818
7103 9286
6573 3873
9162 3823
3816 5507
6457 5647
5591 8916
2563 5886
2962 3905
8213 5367
834 5747
8834 9326
5169 8634
584 1142
3469 8553
6191 7864
2015 6956
4650 4807
5470 8747
517 334
5095 3208
8559 5078
656 4815
1253 2590
6380 6460
6166 5188
3652 6809
3250 8226
3248 5184
7190 263
5040 131
6817 166
6049 294
4784 3817
1327 8258
790 5838
6712 8222
1722 4586
2317 5964
4115 6876
6661 2026
4594 6847
5084 7906
1625 3872
3404 6757
3409 7064
3401 6422
5543 9359
5667 1289
5560 6559
3363 3686
3598 4492
4649 4423
2512 4984
5323 7491
1660 3721
7838 5277
7306 6170
1629 1375
4285 8963
9158 3797
5873 8015
4870 8569
4232 9975
8838 9713
4699 5425
5336 8197
3250 3125
2331 2855
3985 8418
6572 6080
5691 5513
9170 5032
6790 2223
7356 2634
3073 5047
4177 4804
9328 9940
9701 6775
5785 8450
2872 6161
4317 9106
2736 3267
8315 4531
6701 9361
6542 8550
5440 9556
6087 507
7938 757
8347 5651
7368 7545
1200 2247
41 5937
2152 3862
8032 9696
3502 2140
7228 1765
430 2716
810 2183
311 2499
3356 5469
3629 6796
2722 3611
2862 5082
5387 3556
6163 5763
9943 255
5369 6656
2929 8226
7648 9827
3940 4069
5963 8563
3506 7749
1787 4686
7955 6308
3059 5488
2990 5654
3616 5113
8581 5952
5433 7701
8684 7770
6416 4199
2608 3458
5240 8474
4608 2784
2336 6153
290 709
5374 6195
9130 4036
2275 3699
3978 6000
9677 4
7406 8442
6391 3509
7287 9016
4654 8205
8675 7778
4869 1485
7828 6630
855 8452
1531 8735
2424 3125
1721 6617
6866 8326
5959 7356
8331 6325
4960 6568
2076 2011
2793 2820
8388 6041
5502 9776
4306 2782
738 67
1837 1436
1861 5994
5681 622
9178 7594
6186 5978
4653 4731
6989 5255
7975 4303
2867 3829
5706 3890
386 8781
201 9230
4096 5429
1769 4203
7316 523
7520 1750
1988 2261
7803 7700
4867 3212
7301 1073
6956 8474
4585 5714
7687 1230
5175 5435
5498 8569
6736 2176
7708 1289
2477 7915
2279 9391
9346 4400
2735 9607
3709 687
7292 4730
2954 4955
5094 7819
2101 6473
260 6416
9021 6710
7631 4051
4089 1214
2271 9220
3739 4070
8622 410
9910 25
7206 9133
2198 784
6618 1500
6399 9040
5784 9676
6316 6009
7176 451
6982 9253
9654 8972
6632 4710
6590 6928
5138 3943
8527 9167
1927 6161
8647 9986
764 6928
4880 1554
4821 6343
3468 1122
7976 8367
8353 8842
5524 8422
9734 8914
7126 2040
3681 3566
4866 7927
4363 5357
717 5432
9755 342
4528 6592
8921 35
5527 2546
3397 666
4536 2925
4692 7868
4654 8515
3472 5391
4925 8749
5308 6043
4169 5733
2300 3894
7972 7564
9653 4922
2505 6743
3537 5907
4979 5952
5758 7676
6148 8090
7128 6835
2623 9135
4005 2750
2530 2262
3180 2078
1989 5550
2028 6710
646 7204
1855 3749
3128 5042
3623 9185
8465 3309
2701 1447
793 6032
6478 9964
2942 3495
3482 5166
2105 8219
5594 7931
1635 4806
5004 4453
7028 2645
3141 3826
6916 2175
1768 3349
4550 9881
4221 2243
7877 9531
3207 5348
3735 7453
689 7264
4390 6859
2838 4727
2431 6295
5788 6871
3085 8108
2911 6760
5211 4621
4053 4069
6226 3138
7437 8720
5200 1722
3555 1348
6606 5530
9469 350
4856 4285
5998 6024
6182 8585
8604 5914
8402 3979
5709 9341
6925 7353
8871 2242
4795 518
634 7583
9687 7231
6199 8121
3305 7077
3260 5614
208 12
5156 5866
918 6295
4185 3420
6234 8115
8481 9119
1894 6281
3892 5009
8228 5640
5628 842
4850 6927
4198 6018
2785 5442
1128 7458
1408 3274
5781 7207
6075 5210
5821 9760
2275 2078
5962 6501
4294 185
3926 7868
6710 5842
60 2719
4103 4037
617 1361
1577 4143
7182 8281
4299 9281
2862 6870
329 6034
5122 7813
4648 6173
8191 752
9271 6080
6270 6859
213 840
9206 4638
7533 8107
3125 3658
2029 4775
5506 1215
6765 5791
4406 116
2587 1804
358 8024
8405 9729
7873 9868
1672 6608
4670 5265
8264 4771
9668 2346
5393 6828
3922 3830
3851 7562
2832 6159
6662 8379
7494 7189
1859 4340
3355 8563
6082 8972
989 2471
8561 160
8648 573
7463 5782
5964 6923
8027 1165
3570 2193
3358 8955
8685 8978
3024 5403
6700 4712
8244 8454
1981 3525
8713 4731
4136 8094
3649 6286
9686 9852
8532 8224
4642 7673
6257 5431
9046 1763
549 1515
459 2790
4631 8194
1589 7215
616 5662
1309 6343
1228 8670
3248 6477
8145 7670
8550 2471
9431 4206
9045 2450
5750 5492
9506 2808
3065 8692
4079 1157
7242 4311
8064 8886
5017 4823
3471 1651
1153 740
783 1466
5371 6196
3592 5068
2134 8425
5265 6214
3357 3629
9456 2411
2215 9437
4758 7056
3877 5321
1143 6710
9300 3103
7469 8164
1983 7101
3739 4569
9465 4338
2746 5811
8962 4212
4657 2399
6152 9955
513 8879
7201 7073
9239 1487
7237 1519
2978 842
1367 5906
9519 2709
3773 4580
823 8300
4964 6477
3054 6290
5490 7984
5445 1044
864 8718
7951 5426
1113 9651
9946 6034
4977 7476
7795 7249
7666 948
3442 2507
9965 6986
8321 3279
3197 5830
705 6981
9850 2017
5080 7015
4839 5677
5458 3440
8822 757
4401 3465
4317 613
1721 7305
5059 432
1237 8158
619 2861
3972 2012
9354 7340
3628 3141
4814 8370
4559 5865
1976 6632
665 9221
1327 9606
8018 6085
5972 7057
3730 8871
3601 8003
6839 226
5196 8263
6810 8277
8455 316
6895 5648
3644 5727
1120 4445
8504 9482
7145 1329
6618 6242
4515 6185
2651 8891
2864 5737
5096 1737
7342 9198
2342 7089
5576 7972
7560 1921
1576 4846
3031 3635
4080 4954
2763 8021
5507 4058
3077 5858
6488 8360
2679 6751
3857 6198
1302 7818
7499 527
8875 6634
3531 4752
9725 654
4053 4568
2721 9084
2590 3380
2746 3664
3093 6862
8113 9852
3224 2592
6075 98
9266 9013
3211 8022
441 4762
9104 549
2975 8977
6075 7911
3685 6858
5942 6106
2376 5356
4174 8483
6988 4350
8144 1594
3524 6159
4819 7174
7888 9976
4878 8986
5618 2868
6677 7319
5257 4323
7827 8949
3255 5072
8824 922
1179 3657
6263 4188
5373 4619
3261 3776
4238 5219
4640 9171
8399 6263
7049 788
3417 4962
9969 6759
1945 3991
6543 7517
2055 9986
6411 7068
3489 6649
5011 6431
5247 6213
7677 5581
7461 8437
1484 2441
4673 6328
3066 5684
7379 676
2196 5801
6758 7647
8344 4741
5136 3470
5716 9414
5974 3522
6020 2177
6840 6117
8627 8597
3641 236
3489 4568
4944 2603
4440 7530
7277 2627
1884 6451
4343 4830
3997 6408
9360 1887
2770 5231
3515 3924
3480 7084
2451 1021
7043 7765
4560 5767
4895 2044
7087 1806
6014 840
1085 9228
5636 6226
883 2533
6471 9013
737 1432
5998 7746
4287 7018
5570 4303
7930 8860
4966 5091
1480 4630
8066 9458
9454 4285
81 6352
5877 5362
4560 4036
8212 5432
4971 8939
5605 4566
8634 9218
1307 8364
5188 6843
6614 3948
5898 4266
5127 1881
8607 53
1325 4072
6961 6099
2945 6375
7342 2529
2779 4622
2968 7527
7597 2553
4126 1663
6163 871
1930 7794
4796 8547
7306 7975
3486 3962
3477 8572
149 5021
6898 2673
5280 6795
8304 6673
7509 3995
8505 18
3259 2872
2754 8069
8890 4969
8983 1750
5106 5339
9876 3953
1361 453
2106 8154
7867 6160
756 464
5577 2601
5241 4867
6706 9511
3735 2814
2435 3347
8533 3476
5290 9603
3776 5740
6045 8718
7480 5606
5377 1614
8217 9548
8765 9353
4184 3212
7637 3725
8344 4112
3602 8714
2383 5937
5650 6216
6285 5266
2121 2904
8511 8840
8686 9366
1243 2931
5916 4645
7034 8013
7575 8337
7419 8763
4274 4165
6746 7960
7683 4608
3397 5289
5037 1414
3172 1909
5962 8036
3599 9301
3734 6264
1404 7965
4443 6660
9553 2898
2484 6998
2315 6960
3375 4725
2577 8394
9700 5698
2453 3110
5257 6661
8514 3852
3832 6519
1781 731
118 9577
1045 5241
6542 8156
3804 5639
1959 4386
3501 3386
9755 8495
5992 5016
4954 5512
3952 3258
3905 9599
3738 8439
8407 8462
8228 8719
3243 997
1978 4291
921 2330
7782 7851
3742 5821
6369 6292
6093 8343
6616 6132
6506 2096
5490 6552
1059 2156
6184 7643
1053 7037
8593 78
983 1114
4926 5692
7140 7751
8991 6769
4648 9131
3615 5083
5780 9401
2129 9132
4568 5876
741 4856
9851 7519
7955 3591
7027 5716
6939 5603
1164 8342
4761 9839
3861 1409
2531 7957
6777 9109
5886 499
2590 5531
5630 8157
5010 2033
5701 5822
7892 7160
4733 8814
6861 4
8845 2769
4932 6930
3673 5508
3160 5926
6029 6159
6332 5931
2219 2864
5493 8515
9343 8206
3202 5226
3928 2657
7551 7782
674 2024
3954 9705
4950 9700
3680 4477
2991 4669
5206 8350
3284 6877
4969 8114
2173 7834
7159 6332
6346 6229
241 3431
2634 5721
8669 3027
7444 4636
2019 5044
9436 166
6784 9959
5424 7768
3927 5764
3027 3787
2215 5858
8925 4794
6516 5714
5789 9815
2174 3053
4127 5071
4586 7800
8228 8545
1708 550
4337 3834
7957 2309
6920 34
8217 9295
1397 4071
7981 9284
8944 8348
1502 6982
3211 2160
4754 6458
7887 5340
1758 4585
2612 5628
4122 3370
4404 6466
479 4911
8810 1945
239 9359
3546 1224
9886 9517
8824 4509
1344 7052
6640 1575
3056 2528
4983 4308
1916 9200
8239 5108
2279 9144
5675 492
4544 6230
4062 6715
8369 9540
5662 2135
6641 5159
2167 2379
1045 3470
3476 2834
6092 9303
1947 7708
4939 2450
3151 5932
5243 8045
8505 6812
4201 8873
2456 2374
5982 7566
4914 4958
3281 8728
5115 8102
8692 7927
2694 4767
6921 6394
9712 557
6105 4532
3360 5466
3888 4868
5199 6416
1816 9574
6878 1715
9453 7917
1404 8317
9895 6801
213 3424
5703 2916
4899 4848
2920 5315
3797 3373
2918 58
6521 8917
5728 2865
5564 4154
7498 4698
3559 5423
3287 4183
1821 3515
6998 4762
8067 9406
9003 231
5091 7246
3482 6529
7834 7370
4429 5814
1362 2075
1878 5338
8571 2415
7815 5290
4559 8260
7577 8387
1543 1332
5825 7591
9364 2694
4614 9135
3377 6075
1004 6652
7985 8074
3833 7523
8865 1936
3047 6964
3667 3676
6034 5499
6942 9286
5927 4353
7034 3627
9881 2152
6942 4038
1790 8742
4670 2977
3185 2296
3668 5153
7291 7346
3608 9983
8825 8148
2824 8854
4990 336
8161 3903
6008 90
3980 3331
898 6602
7597 8826
8079 464
5296 7064
6579 6335
940 6720
3608 318
7706 7951
6767 5753
1207 4741
4591 8601
8656 4016
6539 8491
3093 8331
5469 7234
7489 9013
4739 5668
1402 6269
8074 8885
4075 9071
6916 197
9317 5051
9430 4174
4999 9163
5374 6071
5470 7994
6165 413
7119 677
5446 174
58 3847
7140 211
9234 7123
3370 4946
6236 7648
2069 4988
8024 7320
7855 7777
5730 4026
8758 5558
2486 5801
3313 8468
5230 441
5744 9293
4729 7329
8748 1349
4074 164
4961 5622
4707 9647
6949 1905
3778 4488
5574 9003
3260 2576
6095 5965
2156 2489
1548 2377
2918 5966
3059 2936
2523 6110
5522 2023
8751 8012
5697 6979
3078 6369
5514 6040
5115 6331
448 9764
8108 857
5131 273
2839 6962
8587 2962
3130 9016
7656 8990
6155 6086
7332 6651
2770 981
1233 9000
4397 4492
9766 5909
2674 226
3525 2469
6824 6487
4688 8468
5230 120
4570 3228
5639 6411
3813 9409
4381 296
1991 2626
9463 9533
2199 6776
8769 979
4441 431
1345 4622
6376 1614
2833 4554
2386 4737
3743 6172
1093 3768
8958 9374
1868 317
7413 6198
9770 6808
4060 6229
2171 4677
7804 6204
1809 1026
5165 5844
8504 1825
2485 4729
3765 4712
6683 5655
1449 1430
1169 6974
126 1942
9613 9318
9493 4032
6316 5309
682 9744
8447 3398
1981 7037
2695 8366
6843 7226
8460 8063
8870 7409
9536 5018
9318 365
4266 4253
5248 7023
3792 4828
872 4549
2036 6801
5455 856
644 3867
3822 5609
3529 6296
6658 5436
8005 4463
5061 8257
2093 9671
3373 6722
8436 2700
1324 9611
3946 5537
3765 2752
1615 9036
8889 5799
7115 9216
6246 6552
7087 7168
5670 4406
9180 3238
6227 5263
2013 4063
7114 67
961 4203
289 3773
4555 4840
2729 1156
4290 6262
1511 4202
5083 1468
4955 4666
8119 9277
4027 6562
1664 4151
7622 3223
3596 8941
4514 9511
2446 8509
5371 6459
3289 5522
2108 5481
2947 7219
3033 6993
5183 5590
2518 397
4026 8417
1639 9059
7755 9508
4703 3411
4558 4225
5979 7631
2739 6408
5246 132
2884 4547
2247 5653
3429 4347
7142 8382
1956 7840
3280 9098
1150 277
4011 7102
5879 9736
2622 2682
5790 1521
8878 4602
9884 7500
6553 4432
7459 7658
2550 9868
1495 5802
7990 7028
1386 4812
5883 6300
7656 8845
4335 6273
2248 4992
1126 6349
7261 7794
3472 2865
4096 4944
7716 4173
1487 5281
5256 5276
1906 4181
3591 4664
7216 6452
5616 600
7737 9830
2226 8185
6068 5312
7785 7511
1993 8620
894 6699
6610 347
3551 8998
2943 2470
564 2744
5341 85
3833 5607
4693 4479
3924 5725
9584 3154
1760 7873
6316 8773
9019 3641
5398 2955
2454 4534
199 1841
4421 7820
6360 5968
5000 3969
1703 8399
6799 6540
7279 761
8227 685
9220 9242
8155 4717
3382 8020
9915 1136
8297 865
641 9369
1934 6588
5206 6302
5148 5314
1431 9121
9187 8139
2817 7056
5517 6056
7853 8529
8017 6422
7068 7212
3370 5111
1203 9765
8918 7991
5408 6944
6139 3487
3883 9079
5275 9532
3577 5360
5986 5837
9067 6249
9223 8748
8163 366
5516 8813
7161 4528
9489 236
452 2747
6250 9037
51 602
8335 1762
4353 6052
7514 9382
5777 3461
1601 6754
6642 2219
1923 5987
584 9561
1274 5578
1818 6230
3607 5602
3267 5911
2198 4650
1191 8697
3039 3051
1005 879
4165 4028
9922 3901
7114 5304
4969 9717
7103 227
3237 5897
2636 8380
1681 4252
8327 1483
3158 1551
3581 6609
5416 9066
7708 6349
9691 9458
1786 5887
1925 7214
1161 6064
2474 3255
8511 9827
1503 7750
6806 246
3796 4440
6060 658
4340 8179
7173 8526
6868 8644
5488 4781
3688 5028
5811 7915
8556 4177
6603 7851
742 724
6176 8952
7404 8516
4441 6783
6283 5523
1522 7079
9562 2887
4047 7539
3479 3820
2642 7524
8987 5810
1272 9304
687 1969
2016 3800
3628 4293
8012 9287
8769 2325
6322 4710
4334 9824
4253 6452
6914 7739
4565 6724
4942 258
5344 6425
3002 6352
2331 5918
1632 5917
5527 130
1097 5758
8409 7243
6506 2144
6091 3851
4436 3432
469 2109
6817 3847
9019 7589
3981 9389
4234 4587
6440 8448
2701 896
5689 9711
926 2856
2973 9168
3962 8450
3012 6386
5114 8204
3887 5832
4515 5135
2866 9944
5364 8086
1487 7969
5054 7106
5264 9545
7373 4428
5337 4583
9690 428
9282 8941
133 9999
6838 8591
6540 303
4473 8800
3786 9819
6049 8552
614 5734
6445 5748
4402 1807
8552 8435
8360 9662
2022 3687
3281 4291
4101 5787
2604 5769
3586 4109
6970 129
6692 7732
7378 9228
4106 3357
5707 7108
3938 7422
7092 6390
1323 1592
7590 8064
4209 5441
1862 823
1531 9583
9970 7382
6129 7447
5907 6351
4563 8827
6619 4867
6600 6803
4561 2301
1357 772
106 6179
7958 6891
7204 4968
7865 2004
4648 5380
5782 4262
9247 8047
2354 3742
6201 2381
516 4599
6407 8865
2790 7692
8024 9702
4189 6091
3239 7932
3421 5199
8041 378
5986 5960
4720 213
7713 4225
3666 6171
8374 9074
4440 8682
2578 7260
6716 7647
8154 2362
9975 8102
6684 7816
5177 2946
302 9877
9774 2800
6719 6992
6285 2041
4690 734
4068 6349
4974 8077
2846 6795
3711 5782
4858 5650
1277 3905
4307 7533
2254 8317
3253 659
8216 1617
4841 1926
3211 598
5028 9602
5046 9390
2379 5356
4063 3214
1526 2636
3749 1068
6181 3286
6106 7313
2135 7066
3809 72
2754 9555
3894 6266
6588 7959
2391 3730
5000 7301
1798 6370
4177 7493
5802 5710
6174 6750
3079 5127
2108 8
5585 5079
5807 1745
8244 8508
7766 6897
2316 5491
215 4312
5354 4779
2178 5786
7505 1645
1708 6840
3104 5197
8818 6649
8372 2398
2451 3622
7461 6153
1691 9761
2744 3615
1857 4051
7951 4970
5957 6132
6311 6364
7767 9993
5074 4738
399 6361
9251 4787
3072 7702
3371 5783
9126 6778
3984 1553
4518 8842
1799 5106
4805 1961
5637 2757
3981 8344
1173 2614
4462 6402
2098 4355
3553 8806
2814 5205
1468 3141
3334 4682
9550 2100
9610 6315
4696 2031
4033 8103
2465 7387
2907 5554
1624 7976
7699 6172
5833 8243
1561 457
2886 6555
4197 1687
255 5147
1987 5934
6400 6260
15 8841
2798 3409
1886 4081
6919 9750
3247 8604
5903 3360
7498 9807
3157 201
4127 7081
5075 4147
4144 4806
7827 3566
1508 5949
663 8072
2863 6520
4709 9809
7068 7082
8962 8722
3754 5681
3473 3416
8213 461
4009 3921
8088 4896
7806 7132
5354 6699
4551 7772
2256 5559
3104 9332
642 2778
7497 146
2813 7170
335 7465
6916 6553
1057 6669
3686 9953
5768 8638
6382 8043
2225 2984
4033 5567
5889 1236
3543 6642
1153 3640
6655 8030
160 122
3545 9842
5418 5155
1868 3706
627 7852
2736 8131
3364 5485
4293 7611
4027 1978
498 2867
9753 286
9912 8910
4780 5635
3486 55
1125 3904
2869 8229
5579 4039
656 2379
2466 6792
8512 4516
1173 8267
5197 2890
3564 1816
2525 6096
1059 1456
380 8523
8669 9990
3027 6428
279 9868
1619 7687
6035 9745
5355 7276
726 7295
7245 9669
1960 7347
1977 9502
9608 3570
5352 9314
9411 2238
3053 5676
3960 6380
5637 5282
5743 3951
9622 3855
6518 6199
6191 5804
1311 1811
9567 1825
4670 9751
3555 5634
5925 6974
4211 6204
2041 7406
6667 9008
4105 2516
7794 3565
4258 2236
3368 7097
8247 4486
2800 345
6019 462
2462 5719
5206 5543
6653 3754
3617 5744
2359 6237
3223 6342
4323 2607
1865 9004
4263 5976
4514 5329
7919 3879
7423 6910
3145 5991
793 3015
4061 3482
5623 9227
4725 7848
4164 5337
7016 8370
2870 1706
3601 3911
2131 6736
3013 708
2049 5391
6021 8226
6076 5947
1191 8743
7053 3943
2679 8941
6457 125
6473 6522
2937 1773
6092 4844
5968 2859
2064 5820
6337 8058
8369 7188
5339 3294
3882 2217
7499 9025
1392 9564
5974 3926
745 3980
4394 3910
4843 1787
7377 6231
8230 5918
1934 7265
5433 8419
4044 4965
3397 9355
760 9859
8133 4709
7111 6418
5230 3256
2232 3552
5101 8969
1792 5468
8931 380
1630 2400
2908 5757
2307 8506
5779 6854
7750 7923
8132 5773
2648 3588
416 2828
1861 4376
2977 2716
6905 1307
3259 3597
4666 6839
4800 1406
5605 1345
4902 9038
2512 9153
2058 352
7432 8529
2659 3430
2691 7583
5110 4907
2184 5308
9451 5101
3826 2903
5669 8927
2766 7060
5228 3034
9987 8952
7545 6726
5239 6835
6916 7952
1752 4688
143 3217
8706 1806
1415 6500
6931 7213
5945 5950
3503 2492
6729 9967
782 9970
6742 5705
6833 5823
5860 8471
3599 5354
7978 434
1353 7729
4729 4117
2304 4504
6691 9796
8065 6445
2351 3569
6714 6518
5223 2824
4116 7687
6473 161
3845 5881
5309 1026
8093 9819
794 2086
5041 9061
5621 1005
82 5263
7358 675
1952 3311
7160 6352
9474 4377
3574 4492
5943 4439
5067 6983
4444 3557
6025 6952
6355 6598
930 7989
2384 2187
5947 7298
8734 551
229 3862
5054 8333
8696 2137
5148 4999
7686 8101
3755 6206
5455 4597
3581 2643
7153 175
4969 3657
2183 8791
7274 5834
4368 2915
5519 6460
2980 5284
1958 163
6586 185
5787 2195
381 3599
5220 8729
4418 9273
2742 9549
8653 6331
3144 4116
282 2021
6656 7195
866 5455
8993 8092
2391 1748
1567 5273
4987 9056
7902 2117
902 4102
5751 4995
2683 2566
2173 6665
2893 6991
7141 1588
7039 7727
3783 7728
1756 4512
8369 7982
9031 2439
8122 413
7354 4742
5975 9146
3969 4821
4767 8773
6375 7804
3799 5578
5762 7052
4370 4118
7937 7133
5541 5777
7891 8185
2743 5195
8239 3684
698 3130
6217 9968
6344 7040
8107 1020
4419 6467
914 1563
5354 1763
1904 3699
4908 6106
6795 8790
4585 8836
9788 2148
1938 9884
4975 6052
7901 5624
7598 9787
3125 7838
7101 7934
4165 7351
4800 6172
684 9745
6919 9620
4722 6747
3153 5843
6782 9736
7324 5589
8197 8897
8513 6393
6839 592
8570 511
2926 2538
3134 5456
7337 576
4568 7569
3467 9537
4025 9047
1819 8569
7540 7994
3643 8716
9665 1653
7358 8448
7802 8115
333 2711
2591 575
2850 6168
129 7496
2881 4700
997 1829
4419 6964
8228 8344
6498 2877
7934 1158
112 1786
2159 5883
7663 5539
5552 5887
3365 7674
8915 1030
7846 6414
6142 8318
7730 8454
3640 6566
9099 9189
6346 7330
8795 6977
3814 7096
216 3721
5244 9275
6127 6360
5020 118
6775 7978
5279 5189
5967 4543
3451 9501
3502 9210
5945 7120
1067 8155
3092 4091
8076 6192
7233 6735
2723 4490
4467 4348
6210 1389
2736 6149
2059 1477
3054 5677
4519 4925
1843 5464
2440 7440
5490 5735
3060 5549
2172 6844
5399 8771
3078 3388
4291 8565
3171 842
6956 1865
7081 3028
1110 230
2725 3879
2445 4764
5545 3469
7983 6633
2016 1325
6794 352
4090 3569
3589 9474
121 9821
9954 4965
8328 107
5912 8487
6710 8467
2499 6289
336 6447
3453 6782
3494 138
6448 7191
7365 8583
7384 7364
3576 6623
1525 3050
4718 6413
2734 8034
2622 5578
7348 1934
6924 6073
6353 5052
5181 4602
4742 3737
4387 9696
4924 1270
2949 459
3738 9287
6622 1012
1713 2468
4195 6493
2715 3941
6016 8786
2016 1459
3315 1721
6408 9081
9133 6677
7703 7881
4542 9462
5030 4032
9240 3770
5432 9445
3202 2194
1884 7288
6872 9831
1726 5160
952 4167
3428 39
4474 7210
3873 5529
6572 8091
136 6654
5747 20
7580 8066
900 5710
8784 483
3086 7872
161 9693
37 7937
2082 324
5134 8666
2835 5028
9440 235
9148 9926
9182 879
6012 8531
4852 7152
9308 2681
6577 8690
6104 6026
5147 9665
425 9227
749 1474
8394 2647
3657 3392
1367 1523
7233 8442
3993 4738
8987 128
4880 6409
8057 9498
4337 239
8194 4814
2359 3826
3324 3754
6398 5668
8643 4761
4826 524
6152 8500
1844 6655
9417 6262
2136 5487
2473 6304
5126 7996
5938 7911
5547 1344
247 7611
7246 8407
7188 323
6929 8434
1184 3993
2087 3272
8578 1383
7638 6652
2973 8734
8642 8686
9193 4773
5601 9514
5484 1301
4933 8597
5387 8050
5889 4733
3480 3438
3646 6854
575 4945
6992 6517
350 5995
5326 1065
6231 8792
3510 7868
5834 8567
7859 8704
6844 4296
4118 5509
7387 1017
3336 9149
9599 9382
9607 9206
3905 9831
7150 6968
4528 159
2757 9472
7822 312
5344 9992
5845 3629
7298 571
7994 6919
6774 1325
4230 8436
3969 5133
2883 6147
3049 9105
1211 4593
5233 9235
6432 7832
1647 6880
4673 7851
5334 5116
8476 785
3412 3616
4363 5824
3795 6535
1179 5435
2393 8777
7587 1037
6445 2415
4982 3479
3456 4746
4791 8866
2778 5585
4271 6356
157 6097
3706 6843
6575 4632
871 192
9630 8290
1075 7835
2921 5755
7678 0
662 2418
1415 5136
7927 8288
7624 6301
5017 4496
4316 8061
4695 5384
9616 784
7902 14
2786 6627
2534 5588
6413 7966
6507 394
2695 7347
7194 6959
2247 6699
3116 695
4236 7556
3979 4224
3857 326
2726 4832
4024 9070
731 4345
2329 8579
7291 7952
2780 4021
1945 2173
5661 9512
3018 4078
4314 5503
5403 7941
6862 9616
6741 7111
5342 3464
7507 5338
9897 729
3088 767
6798 3831
9324 49
4571 8663
5574 7126
4715 5446
6184 5594
3053 6529
7750 4170
2001 8847
902 4711
4475 859
2028 9889
6397 9916
6600 6303
7314 691
4859 4124
8505 373
8230 6032
7111 8855
1529 8084
3611 8755
4667 8505
7236 2326
5630 5290
2950 6390
235 5806
9956 6179
6875 7423
6641 7256
3483 5843
6050 8249
4388 6703
4090 6780
4382 8120
5944 7035
5818 5647
4037 3921
4465 7071
5961 8557
6531 9582
4807 1974
7049 2634
8303 5597
1962 1280
1607 5253
9623 3178
5200 363
7642 9914
3540 7494
3213 6345
3165 5402
4030 6375
760 6966
5813 8147
1449 1526
6655 1488
2976 7048
9373 7739
8976 226
3301 9319
6422 6161
3779 4928
5432 3207
1120 4360
5847 9020
5566 6297
4247 6322
1119 3354
4955 2881
1945 8536
4451 4516
6106 5874
7794 2942
5178 3569
8956 7814
8216 9761
5888 5422
9064 702
5841 7296
8129 8301
3051 2337
2204 7605
2228 6730
342 2736
5304 5492
1140 3655
4027 7463
5524 5266
1477 4179
5739 1892
8767 721
4308 7863
6332 9990
9725 8045
8015 335
4970 5215
6474 4862
7434 1494
2664 8707
2892 8076
6546 6135
7 9646
3899 2164
1115 7115
5053 4179
2345 2551
2479 1090
9415 9414
2630 8318
8852 7207
1671 7868
5278 5586
6218 8130
7464 1884
3258 6695
3394 4112
2222 3891
4999 1677
3373 3006
2399 814
2357 9219
3210 9135
5739 4604
6091 9193
3441 373
7931 8530
5787 6752
2702 7389
1173 5618
3710 7098
6943 963
4236 6390
496 8493
5112 5014
4748 7706
5335 67
8415 9905
246 4827
9886 8436
1186 3170
9412 8553
1506 4572
4715 66
5769 7879
394 1692
3461 6636
3681 4653
8074 1654
9187 743
6270 173
3752 6519
1780 5225
9462 6280
2411 4570
6110 4358
4415 8031
8016 6493
5330 2180
8554 2641
7803 4170
4704 9073
4750 6974
3069 7172
4538 7320
5045 8585
3890 7284
3592 6395
7443 7920
9465 7759
7579 8720
7875 9536
5103 1477
5217 6682
8165 6979
4625 3545
4554 7048
953 9229
2795 5165
1606 5300
1118 7468
2236 8621
8230 8141
6222 7419
5730 541
6265 7789
5001 3549
4646 8047
66 5743
5807 9247
7201 3165
3687 5840
3707 76
2583 1094
7111 7823
4973 7745
6062 7443
4172 6713
3889 8310
4744 4660
7890 7645
3794 5979
3859 2173
9117 339
1971 2270
9950 313
2332 9338
4713 6370
8506 572
7059 7730
5207 9507
5313 1531
2994 4825
5993 6925
9101 9389
883 6341
3339 4715
975 2668
6396 6231
3481 7279
6468 3892
8923 873
4022 5159
7296 7427
1964 4579
4823 6605
7634 777
8719 1753
3003 457
3455 5950
2953 4019
2824 5329
4226 2306
5717 8925
7226 5762
1582 5803
674 1750
2963 6548
5539 7727
9709 1916
9868 1909
8221 7087
2753 4873
5980 3390
2650 5162
5401 1202
3701 1121
478 5729
438 8811
9151 1709
5157 5982
2123 4598
8471 6336
2794 4510
5522 6982
4328 6773
8259 9836
6972 7413
4372 400
6715 5313
6066 7082
3975 4376
6358 8422
8623 3818
3674 6370
4955 6763
6727 533
3275 3362
4061 4042
2691 3311
757 1077
7531 1526
8453 3262
1555 3457
9836 7315
2468 4178
5286 5937
6982 9282
3167 5118
7742 7694
7857 770
599 9778
6772 6331
6723 5392
5266 1511
6329 7158
5274 1631
8262 1061
2988 7051
9316 2953
1203 1419
5111 6713
7372 674
5642 4134
7505 6424
6481 8087
8816 573
6761 9309
4131 4073
6230 6411
6885 2141
2538 7767
1528 6561
5109 3647
6495 3797
6421 1633
5352 9232
2818 4559
7040 1382
739 5354
7678 3884
5604 7238
3331 4784
6838 9505
4080 4121
7218 4542
6162 3974
3753 8341
3612 6123
4480 2375
6089 3388
2730 9118
6719 6938
2396 318
3980 6640
5687 3987
4455 5472
3794 5726
4489 5470
5898 3123
1901 4661
4247 4661
3863 9101
949 8536
3433 3222
890 3913
4632 8235
3336 9705
8398 9016
3568 4349
5446 5227
4059 5606
866 28
4942 6596
5108 3626
8166 8750
8890 3826
7944 1467
8126 5416
8382 7062
6403 4826
4785 6770
6373 9121
6084 9018
2080 2444
3000 5827
3557 4698
3376 5818
5361 6822
8274 7650
3046 2681
2310 5242
4803 5484
5747 6484
8799 6690
2517 2273
4819 3213
8528 7395
2560 4077
2008 1120
3611 7391
7986 9411
5586 766
8750 3391
4776 897
2009 6310
5431 7244
7030 6226
5856 482
8567 8760
4000 7738
4997 8601
7495 31
6003 4558
6632 9721
4830 8838
2244 1723
6352 6405
89 6202
2562 8421
4491 3666
4891 6754
6661 6113
8296 1894
6582 6759
1370 4471
155 7357
1060 5477
4451 7098
9329 8049
2185 7572
7620 7623
3253 2983
7881 7398
4791 5476
5140 1200
5800 7891
5182 9010
1354 7122
7957 9379
6981 6589
8339 9417
6811 5885
9901 5363
6111 9594
9351 2186
303 8251
8389 7144
9946 531
3700 2224
9472 4812
9527 2533
9764 4432
7570 9441
1925 8385
8067 5817
1350 1243
7944 4434
4484 4376
7682 1401
6427 7598
9806 7704
4267 362
6264 1191
4173 9065
4410 6534
2691 5649
4439 9221
1879 3556
5058 2288
856 2411
7238 7668
7069 6664
5761 8568
6838 7963
3070 5574
227 9908
3348 4764
447 3761
6935 8017
6907 5969
7723 893
71 4413
2058 1814
3064 9142
573 867
9454 1492
4722 3335
8554 9048
7204 4098
1605 7322
2870 766
3907 5229
4347 7901
5221 8657
9129 9787
4886 5442
5444 4915
2650 6024
6819 742
5836 9347
1302 4530
6372 9327
6971 1284
2609 7016
6775 820
6322 4487
3504 284
6726 406
7429 9948
6790 8914
1611 6574
7286 9495
6415 5775
6869 3959
1664 5124
6143 9453
4495 6822
5906 384
2373 6752
4821 576
3500 4729
3551 4923
6196 6202
4659 9266
3491 3862
2437 9783
3836 5028
7 5396
342 7601
6118 5730
3443 1835
5319 8265
1955 102
833 1947
5656 1619
7140 8757
3933 7482
6206 1534
4480 7880
8956 1846
6353 9545
6219 7101
9003 8724
6914 2644
5767 6159
6566 6512
123 2443
9407 792
3524 6738
3603 9246
8245 9166
8505 1923
8307 1413
7966 1120
9974 1842
197 3560
1351 206
1514 4105
2443 4834
1772 2185
3485 9146
4713 2294
8149 194
7785 7316
3750 5630
5467 3665
5658 2738
7526 4352
5377 5613
7274 4518
6971 8910
6028 1638
499 6355
6338 1800
3390 8333
4023 7751
6058 9330
1822 3187
1120 3669
4199 7684
2911 7288
3026 5548
7172 1329
2700 3577
886 5838
4659 7561
5362 4500
3049 2913
8820 469
3035 6950
1823 8084
911 6807
6571 7124
8164 1188
1460 2969
1599 6282
6265 372
4012 4020
7296 8962
369 1360
1874 2959
5210 4644
2479 9714
4524 6531
1017 4735
1318 3909
9695 5260
6513 8179
4627 4185
6214 420
3438 9423
6605 8118
1820 4951
3070 4274
1569 6766
678 142
904 6083
8729 6167
3837 7829
9277 7729
1104 9820
2444 7868
5126 8046
8966 9005
4536 4797
7658 817
5345 6629
3913 8992
5606 8390
5131 5128
2567 4942
5079 4672
9202 9891
6945 3217
2855 5530
3713 8530
6741 9079
3332 6623
4476 5025
5408 9206
4425 7194
4874 3085
7936 1003
5576 8874
6187 9967
7066 8071
5287 527
5848 823
2642 4617
8808 7361
6251 3428
9973 8074
2019 4345
7080 8090
4435 6030
9915 2848
8901 7939
6230 228
9741 2439
644 6131
9210 5661
9636 5769
3662 5706
6177 3721
6872 6232
1817 9822
4520 8854
575 2217
4228 2266
7580 5393
1577 4592
7819 5409
5900 8179
9915 5197
5818 8783
3601 3228
8308 6741
6439 1869
7819 282
7844 6233
5760 8899
9250 885
1238 6307
3440 2879
5127 742
811 726
3572 4166
3013 2253
1858 1447
1266 5507
7156 8582
9396 2228
4242 5839
7334 9527
5859 1428
7887 7232
6211 8969
5305 7177
2402 6771
1724 9862
8608 7931
7164 7776
9605 9289
7723 7245
9824 961
3371 4310
7398 7081
9163 168
2958 3848
1041 6691
5543 6537
7848 4513
5735 6249
9972 2414
3382 6512
2506 7107
4605 7193
9889 4631
6809 5346
4126 9181
9671 207
4196 2006
2770 7301
4800 3059
2974 3805
6268 6991
3362 2904
5907 8934
4475 7325
327 2049
8181 1410
7558 199
1876 2378
8650 4453
8161 8197
9650 2618
4512 5005
3714 4207
4529 7574
845 3156
8245 6511
3609 7833
8590 1298
1502 6580
1462 3246
3217 5737
3907 6709
8094 6463
3495 6657
5422 5468
8553 1766
6915 1809
8258 6278
3647 3227
4028 8288
1531 6126
7009 8762
1584 5723
4108 589
9135 7490
5991 9947
3365 6668
790 9245
8360 9830
8221 4302
1713 5729
3842 8175
2777 3650
2190 7990
7477 9109
8511 6104
4724 8418
1644 4969
3898 4929
3352 969
929 4169
9221 4924
4147 4852
7397 6497
4575 7773
2259 2734
9164 9493
4264 1586
2932 3887
4073 6744
2865 679
5791 3432
1034 2249
5131 9923
6302 8724
8038 127
7091 6669
4596 7549
3944 7394
9346 852
4275 6447
4337 5110
9125 1378
4063 3824
3313 3326
6637 7522
3634 7703
807 4434
1608 1716
3875 8031
4506 8837
6285 6289
6944 741
1777 3888
8285 1414
795 9685
5884 8574
5710 6731
21 7295
4143 6920
3009 4739
466 5430
4325 4187
323 8010
8122 7664
758 3737
5938 8702
1643 6116
1214 3724
6298 2040
4740 5984
2415 3599
3758 3150
4838 6226
3630 3867
7711 3491
8897 318
8221 974
8824 8592
967 6489
1150 2180
5743 1915
6583 320
9986 9414
3258 6866
8325 105
6988 7724
2894 3179
827 9461
1039 1238
3950 3454
