4736 6349
4610 5190
8622 7158
4408 7715
1433 6009
3871 5790
4781 4779
9445 28
1096 8309
6514 5976
1357 6364
4908 6725
8477 5356
1684 8600
2182 3629
4829 6674
5398 2401
7927 8716
9497 9441
321 7922
2453 6953
8008 424
5898 8056
5106 1182
3299 221
2302 8891
1779 485
7142 6581
3411 8504
6044 418
8176 4559
1113 3778
6047 5533
5613 582
3074 3607
4277 5127
7571 8542
9868 7152
6019 8588
5716 2171
7925 897
9802 6303
3822 2453
3104 5849
4508 3195
2016 4346
4567 4004
8569 7536
2794 2398
9672 7334
5525 7127
6621 9982
1504 3124
8639 9177
3861 3734
218 7490
4118 9254
8535 1886
2685 4333
2258 4000
1952 3664
3376 8765
2940 5202
1127 4426
8370 7797
4404 5716
4498 5580
5700 9063
9795 7831
7011 7642
7773 5484
4255 5485
1791 4483
6401 7309
4571 7118
3120 7253
9497 381
4497 6122
3442 6220
6494 8412
9025 958
2473 5311
2281 6309
4908 4794
2012 3152
4744 5891
8933 1076
5163 5020
6632 9406
5391 225
4465 9593
4990 1867
253 626
3417 3022
9359 8014
3074 4117
2766 1749
959 5218
4222 5378
6295 8444
4969 1111
6135 6627
6366 2847
3136 6284
1367 5578
1807 1649
3074 2373
3332 682
4638 3118
5379 8980
7367 833
2714 6941
5716 8750
2789 7529
7318 1092
8193 2753
2224 7427
2795 1766
4379 2426
7535 5641
5103 6843
8916 1283
1989 6513
7560 2961
223 7539
4544 6327
3221 1766
3039 5667
2977 4789
3942 4946
6273 4372
3232 2571
1790 6690
2149 7266
6787 9925
2381 6111
5785 7671
2410 6260
1196 6072
5975 8707
2275 8960
2182 8732
5556 2078
4106 7999
2275 5927
5556 7676
957 3696
2493 380
8607 8367
1098 7994
2468 7382
6986 4792
847 3393
8183 9436
4205 1639
7709 9553
6141 6622
4837 3801
1321 3168
1100 4926
9551 1244
486 5871
1551 5966
1473 4326
4160 8783
9046 9558
5415 6235
8202 8681
2498 1989
1839 138
3478 5164
7191 6836
3289 9200
8810 6285
1563 7144
6707 6494
6066 9615
3227 334
2783 5541
6607 9710
4724 3240
9961 5521
4040 4759
2612 4383
3774 7269
2344 8998
8022 3623
5356 9051
4529 7323
3001 7992
6302 2486
5065 2873
2199 3288
4357 8384
8004 9473
5775 9277
4309 6394
4920 5730
8380 540
1124 4814
6418 6875
9024 2039
9705 6867
994 2489
4527 5920
5823 1481
1436 5988
777 4891
1701 3024
4479 5879
6707 6870
5499 6955
2211 3769
8023 5756
3131 5432
2400 2244
6348 9152
6934 2567
3695 6413
8142 8309
9663 6469
6717 7413
4738 5177
5266 5333
6405 7592
230 534
8673 3407
6355 8121
3375 3590
2805 3703
4288 3786
7578 9970
8722 8372
7050 4337
4424 5488
587 6261
3092 7035
3729 9578
2394 8161
1630 2810
1817 2902
6822 2645
2269 3965
3689 8314
5535 343
2580 8149
1243 5905
4262 4685
1798 7884
6567 5630
5529 5409
2111 7297
2794 2897
4698 8635
8332 1346
3569 7323
4758 4744
91 6457
4170 5971
4538 8124
6196 8962
6743 7145
7587 7012
2022 9820
570 4886
5175 9583
4872 5381
4020 2132
1759 7905
9270 6109
1912 8534
8414 6538
8672 646
6218 8734
3200 8112
2403 9754
3747 6295
1300 4708
7422 1030
9927 5453
2470 9700
4564 3292
3903 5761
4524 4122
98 4271
7104 4289
347 3026
5541 8118
1576 9608
2662 4393
4339 7496
3341 9148
2248 323
4395 4129
3732 1799
5572 9767
9180 18
8795 7761
6509 8751
781 5940
3868 3686
9644 1815
8198 8710
9698 5727
7685 7401
5255 1028
8190 7802
3919 3853
2391 3768
6955 8464
2855 2182
6894 6993
2286 5179
7721 800
1337 11
3422 3168
8335 1373
5351 3782
1684 7181
4891 6241
4158 5609
4526 6530
4405 6240
7763 9899
9776 3566
1668 8755
7783 8336
1587 7635
9849 6259
5304 795
2007 2744
7386 9050
323 4297
7816 2218
2093 8116
257 7915
3562 4100
3768 3710
9755 6718
8296 3959
5066 7396
1611 6248
4770 8300
9481 1904
6996 8427
5492 9490
4069 9650
3703 8546
4741 4337
3536 8140
4479 4337
4469 5312
5031 999
6066 2383
5608 9678
6752 6094
372 9019
2120 3923
7871 3456
3175 6188
9036 6347
5442 462
5146 7782
4754 7672
973 5573
7396 5270
3402 8688
7449 1080
6707 6859
6421 8451
5413 8661
3092 8647
6230 5658
2701 360
8740 1114
8364 6196
4651 7264
2457 7089
6997 9442
6178 6370
1489 2204
4171 2611
5017 9721
5134 4873
1053 6225
4022 5642
4821 5995
7264 229
4533 7514
5460 9365
8512 445
7540 3961
4903 8666
3318 4334
4486 7294
2729 7911
2594 9672
8919 1600
6611 586
5040 2605
5758 3824
8188 5407
860 5375
3599 7484
5232 6868
827 6366
739 6253
8653 9829
312 4230
6315 8966
6824 9109
3716 3575
2762 6465
2705 7917
9828 4282
9229 1250
4036 8131
8843 1968
8469 8143
8538 3318
3807 5046
5395 7397
5090 116
7111 9408
4719 9743
3623 6622
1143 6844
3839 9135
4108 8542
5324 9035
6836 7604
4169 4701
8060 6416
4020 4349
3406 4715
2757 6484
7147 6863
5832 8808
355 1149
5625 7054
4265 7270
5046 4866
4629 3531
7565 9712
5187 7996
9483 5522
9288 2314
28 5076
5315 3980
8444 7587
234 4134
1007 1317
6764 3139
2101 2113
9633 9788
5107 2351
9873 6242
6805 1864
6911 6986
157 9404
5556 901
5803 9638
2658 5040
4696 9842
2731 3340
1712 6330
7161 1095
6789 5653
8704 1717
646 6535
7962 5052
2700 9359
2382 153
2550 8368
8172 1075
3639 2818
1295 9317
4024 5369
4197 9727
4137 9447
4930 6343
92 886
2165 5938
3558 7525
4234 8562
2028 9087
2804 6275
7821 5584
5801 3576
4409 5072
247 9697
6660 533
5397 2439
1051 6718
5332 1906
6242 8543
2971 5526
9879 2986
5352 1097
6841 6364
3510 5511
6748 659
7582 67
2754 5649
5194 9906
280 667
147 5241
6430 4406
3027 6279
4779 659
1981 3753
4355 4798
2585 2147
5318 9689
713 6160
5229 1511
1167 5283
2064 6208
4600 9301
9771 6044
2004 5147
7991 9875
6531 1559
5724 8929
7642 1770
7685 908
6933 1044
2767 7011
4775 3532
6953 4931
1753 5915
1046 6053
2656 2979
858 1572
3029 8179
7430 9434
3407 4833
6409 9382
3359 7007
2386 9655
7004 3031
3829 9144
2728 724
5250 5868
4663 6337
5597 4929
2670 1951
5483 7015
9032 5021
8944 6894
6626 762
6125 7421
6030 8581
1997 5470
2465 5575
7857 5993
1757 5525
4673 5870
2135 1684
6454 8993
585 4257
6460 9976
5480 9955
5311 8197
3143 8011
9741 4262
3605 9533
4441 7819
2882 2759
4471 9913
995 1243
4806 1272
6298 6544
5162 7966
5238 8513
6551 308
6696 4338
1274 7461
2453 2437
4989 2790
7072 7069
4508 3685
1417 8183
4154 2635
7403 9276
5290 8272
7766 7113
8446 5825
5639 7867
837 3299
5967 6915
6006 8334
5240 2385
8278 4147
2390 5548
4740 1052
9833 1137
7336 6374
2379 4901
4488 4214
2566 4727
5623 9212
7483 4852
4525 8940
6688 2891
2288 7873
2431 1277
3297 5821
4224 5686
6542 743
5582 2098
6996 4296
8293 9393
7336 6616
8377 4139
1687 2112
4627 7015
3632 5932
7386 9362
5235 8820
4828 8173
6525 9033
7936 5564
5721 6764
6156 8907
14 4793
602 7444
3855 9360
2385 4786
3521 6747
9057 6355
3418 6245
3834 6160
3803 8796
4509 6972
4490 4249
1580 4887
5571 3800
6708 7410
3218 3568
3732 3789
7418 4015
4706 9364
3031 4092
6473 3729
5538 6898
467 4091
8371 9423
3298 3803
5638 834
7086 2616
6000 7831
2894 3161
4394 6365
3344 3626
5052 8028
9399 5785
3437 5022
3096 2248
6433 6787
2361 3721
8066 6585
2431 9600
6615 8871
1963 9431
3095 4103
4395 4967
98 5230
7074 9277
6628 71
707 7445
4134 129
6233 7385
4572 7939
1065 2925
3078 3008
4952 697
6646 7150
6344 8017
5690 6998
2517 5536
9700 4059
6657 8305
7988 8519
3259 4200
7186 1371
595 814
4975 2949
5043 7779
8644 1811
6566 8163
5377 3868
7312 9710
3811 2030
7434 7192
3045 4971
1365 5054
8515 61
7511 1144
174 9923
3479 7865
2369 3826
6894 1212
3898 4550
8744 3977
7066 915
3105 6311
4359 4356
6191 4852
1013 8106
8557 2286
8729 555
5784 5144
3444 7884
8220 1846
8637 673
6456 7873
5551 3071
2436 42
7501 5249
3964 5496
5552 2663
4373 7650
8616 8319
5829 4634
2164 6645
7205 6540
1397 9398
56 5463
3163 384
9831 114
3569 2994
3484 8548
4301 176
5063 6649
6267 5102
6046 7843
8117 8096
6517 4459
1982 5311
7780 7171
5145 3318
6774 9871
3870 6382
2348 5782
5290 932
6117 6339
1958 645
8023 2058
4887 4864
3518 9727
1116 972
5083 7893
1003 6693
1512 2406
5970 4949
6532 7870
6710 5927
8988 6473
4592 5333
8702 3901
4206 5755
6139 6340
6164 5121
4517 8542
1396 2086
6426 4303
3851 9620
288 1099
1403 3415
2397 7242
5946 5019
4160 697
888 9092
9286 5362
5511 9120
2919 8118
5028 7660
6095 7599
9348 7300
8838 7198
5264 9778
2069 7803
3510 8414
8991 8352
4724 873
9226 8892
6693 8056
9247 9180
9464 1072
4252 2756
8440 8599
8128 9266
8795 9995
8764 8430
9781 7545
9512 8818
4102 8531
3488 4696
4876 7925
4826 8333
2782 3487
689 6599
3343 8893
477 5696
8570 9732
8250 4129
7063 7077
9251 6683
5596 4989
5310 8796
9792 4792
9226 5872
1759 4678
478 5224
8217 3844
1068 4043
5195 6227
5286 8560
3744 6850
3479 3169
3525 9701
7150 643
3010 5579
6850 1842
420 974
1304 957
3074 8489
9294 4528
4576 5552
6723 6618
8940 509
8785 5590
3993 4413
1642 4520
2920 3676
7285 1073
4101 4626
7930 9627
532 2440
3157 2313
4791 4285
7086 4283
4097 6843
7879 3165
5553 7237
6095 7291
5329 6297
3796 2192
6844 441
8566 9171
9789 5917
2654 7246
5391 8343
5363 9183
5070 4208
5476 4630
9451 3949
5495 5030
6723 6055
8273 7885
8350 7085
2269 2658
2357 5925
7240 1033
4571 8967
6904 2804
434 9219
3974 3500
6723 5129
6687 5435
2152 3951
1673 9844
6959 1693
6457 5912
7988 3528
7728 6341
2993 3749
5963 8760
9278 8585
3244 6485
4586 6592
7568 4029
3673 7012
543 5432
7895 5592
5660 2427
933 5846
8292 7214
2624 2202
2331 2852
8656 28
4185 7574
1764 2741
2452 6296
3974 9461
6424 6098
9741 5326
6399 1840
1562 4899
2656 3709
5027 2268
2634 7333
3401 5519
3633 9060
4997 3264
1937 696
9707 9246
9679 4983
1888 3729
4853 4195
2704 6466
4949 8104
3653 8076
1713 3058
7707 363
8283 7878
5136 4668
6970 4042
4524 613
4583 7609
8421 5489
2726 2855
3735 3018
1935 5214
5911 9740
8433 5728
2335 6353
1525 2835
5869 5542
3492 6414
7945 1480
3813 7031
5067 7025
7838 8938
9015 5302
4363 8077
4603 6746
7365 4409
2399 8071
685 3137
5924 1290
514 9671
5294 8478
8043 8417
7905 7958
5175 5753
3884 6106
2667 3698
4016 9150
5449 7426
6030 8869
5212 6436
2826 2644
6218 9105
8644 6553
7842 3650
6548 56
5876 6079
3898 1937
3674 4444
5344 8554
6015 9247
8119 5247
2107 7107
3755 2302
4576 9621
2448 4138
2120 5999
5605 6235
1839 4673
497 6552
9082 1665
995 9946
7915 8463
3608 8533
3491 7719
2595 751
9629 9647
2574 7229
4573 8397
7613 8283
5371 6162
3386 3882
8165 1296
2695 1224
4014 6568
404 4122
1642 7555
4857 9216
1130 7609
6371 8383
6623 6389
6112 7634
5420 4374
6345 4129
9692 4697
1467 6103
457 2268
5197 774
2664 6354
6499 4488
9788 6512
8112 2816
7244 7207
1163 4766
4151 4987
5713 7349
3299 5939
7769 4813
4962 2425
6756 7510
7998 6743
5795 5782
2259 3285
3093 4908
347 56
6391 7533
3010 9340
5795 8936
1733 2946
6419 9029
8719 8876
7824 6977
2757 5861
5466 6896
9855 220
4894 7673
8436 9692
2008 791
4535 6279
6424 2583
6600 8932
2853 4000
1500 6885
6470 4392
8790 5615
4540 2543
1923 4480
4817 7281
9682 9165
6987 868
9104 8407
7338 9167
765 8250
3015 6785
3521 2981
9744 1533
7044 8168
6977 2516
6147 5442
3520 8125
2273 405
810 3684
640 3007
1720 6349
372 7888
6536 6836
6020 2075
9753 198
5826 5858
3190 5567
452 2784
8734 8742
5138 2222
3775 7425
918 5445
8283 7759
2908 6527
2788 2675
1439 5561
4195 1716
7104 1119
8747 3140
6896 5290
5664 588
3965 5576
797 1489
7758 8409
3598 7216
7141 9645
5551 9170
3319 6754
7236 9653
8115 6323
5940 7410
8622 1172
7296 6671
2420 2642
955 7043
7044 1202
3021 4966
5565 7361
3099 4778
8344 2224
5183 7481
9369 7350
4818 6565
7666 6446
5338 794
3933 8629
5984 1585
2788 6326
6834 7124
3131 5618
6656 823
4326 9849
3072 5159
16 81
4988 6292
5442 4513
186 1724
1875 7096
5465 2430
6731 8931
2857 7836
9163 37
7899 7582
2449 3961
1012 1779
1219 3277
6151 6154
5946 2487
46 2602
3962 7077
3991 5792
3879 5093
8625 4316
906 6614
6548 313
3483 5278
6299 2201
7803 946
5858 4710
8435 9790
1873 3104
5613 9080
4115 6393
4618 305
430 326
1268 6269
5251 5321
5235 6774
6387 7511
3493 6696
6948 3828
8863 2336
2843 7001
6122 5937
5100 25
2577 7232
5791 9220
469 4616
4216 5347
2428 2413
854 8335
6451 6233
2094 8431
7856 9779
2658 9412
27 834
1435 5469
6215 893
5913 6190
690 7715
4289 6104
1011 4360
1300 1982
6888 8462
1306 2736
2221 6270
5841 4745
7084 5075
4546 5127
5017 8913
2856 5734
5010 3770
6370 8886
6569 2572
2649 7740
7239 1054
2885 3523
4163 6880
2728 1324
3627 9529
4921 5246
2786 1716
5086 8208
8834 4239
458 6910
1373 4028
2162 8389
5605 9446
2489 4354
7412 5425
8732 148
5822 5216
2927 4930
7593 7422
2973 9018
7636 1642
6063 7264
2474 2918
741 5104
8648 5523
5377 8922
8213 7517
7877 5087
3734 606
7256 724
4038 1771
2881 6288
3391 1371
3512 9245
2967 3029
501 446
728 5592
4083 3355
1380 4057
901 9950
5693 7414
8611 2207
6329 6349
3235 9381
4642 6328
5529 7060
4834 6498
7721 7310
9942 7093
3872 5484
2283 5914
9862 5528
6825 3910
5553 6491
4486 8272
1985 9374
3516 8222
3986 2738
4025 8328
1551 6638
4008 4483
4348 9735
3861 2743
7432 9664
9152 534
5434 4705
5187 6262
4602 1142
3913 3549
1923 5584
2916 5574
5402 4874
3213 5272
1900 7852
3783 6822
4444 4087
6809 7298
5396 5968
7714 5189
5689 622
8162 5056
6476 2170
5729 5390
4798 4063
3989 3399
6700 5032
5579 7028
8016 2908
4025 5429
5699 4814
4370 6366
6959 8531
2647 6567
2616 1215
1542 6026
5530 6819
5495 5586
8184 4949
1930 2580
7403 2923
6325 7733
7479 9563
8328 7064
5134 8926
6039 4868
5456 3793
2589 1620
4951 4789
3836 7842
6664 6088
2651 8096
891 565
7881 6200
5209 1822
9658 9012
5229 7924
3794 4583
8893 6405
8585 4074
5627 3732
4967 424
6608 3833
2431 2737
2233 7182
323 6995
6134 7333
2366 5496
5526 14
7513 1882
3385 8333
4101 552
7055 8322
9976 2595
9852 4774
1171 9613
4507 452
4417 1956
4275 560
6640 7447
4345 9435
5863 9741
6181 6640
5632 9579
2620 5510
5529 7128
4069 7931
6269 7776
4448 4931
7221 7442
3881 6769
4526 7739
4078 4839
5592 4272
4167 3376
6705 880
1543 4371
2895 3476
8154 7502
9393 2529
3162 6974
5095 8017
1697 7174
4102 7303
9805 4136
284 3336
2891 4646
8658 215
8143 7205
7205 6427
4233 3972
5428 1144
319 2246
3151 1200
5556 3544
5401 1684
5338 7751
4567 3444
1002 475
5754 267
161 7443
1631 6769
8752 8494
5620 6804
3192 5230
3228 494
7054 9654
7066 360
7636 8060
9630 2468
5328 9032
7663 7116
9236 4877
5831 8047
2608 6010
4696 2231
2271 6590
1899 4732
5445 3258
5926 7503
8682 6169
2940 4655
5551 9282
1038 387
4675 6615
7294 846
1005 3364
6139 8442
3700 8436
5031 8879
8773 2621
4671 6092
1949 4337
3194 9207
4048 3376
1606 6563
565 7350
3551 1752
7821 8711
4267 6803
3758 5236
9502 1346
3531 5422
8416 145
3114 3858
1006 6167
2279 4225
2412 4983
3088 5791
7260 7223
5453 4276
2543 9869
7156 6348
4601 5753
8236 6980
4228 7871
3930 8443
4183 8394
1363 1341
4181 5315
3950 8802
3277 3569
9367 8984
9704 9801
8098 199
934 4439
4740 4124
7427 9564
2989 4455
2230 9836
5070 3706
2569 4542
428 258
9538 7122
9859 4962
6576 9290
5494 6104
1056 5196
6444 4677
5102 3550
1504 633
9258 9175
9296 1065
9351 2721
6606 8122
4469 7286
2695 8680
685 7131
5593 7170
9904 3055
4542 4731
5175 8579
5177 8396
2336 2223
3588 9957
3075 9328
606 3818
5091 7696
5559 7764
2173 2057
5929 164
5927 9917
2329 2570
9413 1195
8508 594
2452 1593
5569 8344
3975 6215
1280 8727
454 1037
3353 4182
5500 3033
3414 2620
8725 7065
1971 2875
8751 823
1744 7262
7363 1243
2153 9941
198 185
7704 489
9637 7453
3993 2798
87 5952
4834 5400
4473 2654
6213 6944
7601 7958
2620 5862
8268 9175
3667 6583
9561 6653
6457 8243
278 9172
473 3520
3265 5785
2231 7743
6613 6541
5168 6161
3874 4782
6188 8994
3744 6658
1216 5146
5691 5155
507 6672
4566 3733
8259 737
1777 7815
2389 9362
6730 5382
188 6259
4869 5878
8958 9756
7451 6835
5209 5946
3247 1664
4147 9505
1600 3321
960 4681
8523 9949
5941 95
4175 8291
3488 5109
5038 4199
5861 2960
4784 118
5381 4309
8787 6733
3044 4351
6130 5107
4046 6726
7835 543
6721 8665
6392 5457
2691 4842
4234 3744
7217 5045
455 3704
9168 803
5337 4774
3489 7976
7434 2801
6467 797
3890 7502
6199 982
7630 7062
6108 1389
4489 5323
1440 3173
4654 3175
9798 44
921 5991
251 5873
1964 6152
3299 1678
2580 3159
5556 6258
9955 8901
3998 6230
2133 3867
9274 8917
7540 8434
6630 5769
6539 1975
2141 6616
1583 5800
6010 3580
5607 423
6472 5826
3069 5659
8127 2754
4032 4952
2765 7877
3063 3104
5800 6187
6779 6242
8774 5719
6286 3865
3635 8635
2090 5873
4284 2786
5610 670
6926 7995
2010 5062
9616 120
6294 5917
5747 5290
7753 9615
5430 6337
5498 7969
6129 5557
7747 9019
161 6440
4969 9547
4210 4540
3276 5453
5817 259
2329 3135
6396 7254
143 9954
7369 9746
388 3342
3774 5851
9661 2764
1388 5671
6245 9946
9302 7032
5805 8893
7289 9578
2529 513
3274 5218
7861 7417
4809 4444
5538 8791
8169 70
1429 2423
3581 6573
5468 7005
927 4922
7021 3131
3012 3383
6807 7080
7965 6548
1552 7081
8279 5432
711 988
1550 7156
961 7781
4495 2540
3031 6119
9338 3130
9443 7347
2815 6235
3235 930
9782 1565
7808 198
3150 5437
5099 826
4237 1090
8304 4980
2874 4455
3735 8692
8671 4858
4165 6704
6718 810
5608 1992
3565 8631
5530 4058
3683 4193
1260 2963
5728 7426
5439 9538
3758 3320
8401 4337
6159 1233
6897 5134
8266 8084
9690 8755
4001 9090
4080 7922
9166 7065
3333 5369
6234 9112
2940 8592
3296 8190
2828 5870
6374 2181
2715 782
2531 2358
4775 6474
4343 7985
877 5143
9892 8471
8392 2557
3204 9782
1275 9353
4107 2645
6407 6922
4901 7350
3722 7907
4272 8347
5757 626
3365 5162
3024 439
9494 854
1880 5154
4345 5038
2244 1644
3627 6744
2588 6409
3725 5855
8006 7459
9305 9670
5521 5351
5244 4548
1864 2298
8673 984
3740 97
5031 5608
9101 2333
5219 5844
4825 26
5525 1686
5074 4379
4668 7892
3104 9281
5208 6301
5323 8237
4661 9057
7619 8086
1436 9539
1909 9988
9318 6481
3392 9576
4229 8501
3336 7466
3188 9517
7911 2192
4509 7094
6278 4501
7883 7499
2671 7951
5626 7204
4979 5407
7749 36
1919 9026
5544 197
5010 7911
8675 2187
6116 3577
8913 6674
5174 6972
6038 8474
2696 4988
5077 2959
4321 6359
2705 2714
6161 2249
4419 6601
4462 2807
4103 9519
6529 2123
6855 6723
6153 3714
3484 4643
4893 6534
6027 47
500 5103
5111 5710
1406 4387
3921 5849
3303 4753
4822 7004
4846 5375
5449 7102
6953 3632
6242 5984
7842 7406
2135 2466
5407 5829
1369 3579
8399 8118
4202 8319
4275 9063
1383 2659
2362 2751
383 3484
6289 4123
2081 6380
825 3721
3619 922
8569 4607
561 8980
6594 9660
3290 4251
5265 4796
5272 6906
9790 8746
6727 8913
5503 8007
2125 4864
1479 5655
3888 8155
4688 4532
6905 7054
3648 3972
7746 7441
7190 5991
8216 5340
4572 2492
8201 4170
3585 5730
8084 5342
4500 4309
7189 1228
2777 3985
3961 2459
1617 6248
4280 226
3786 5087
6269 8253
5364 5932
2459 4699
2975 7733
4580 9499
9582 9991
6080 8768
4087 2921
1339 1406
3839 2590
2369 4661
4086 5850
743 3748
8162 8742
4581 9212
9847 8996
3795 5041
1716 8051
570 9539
7424 6948
6509 3939
6306 1136
6357 4299
9674 3002
1341 5895
1382 3452
3204 3260
5818 8636
5295 984
3051 5647
9821 204
686 2143
615 7861
3648 6805
3291 5750
490 3665
5778 9624
3536 7503
3008 2917
526 4527
7231 5334
4167 9477
4538 3462
327 9915
7264 7618
3662 6982
8099 7894
2577 5188
7434 5033
5749 763
346 6114
4928 4034
1168 4236
4514 6380
2207 2881
1124 4166
9827 4253
8615 4670
5296 5103
9901 1435
336 9977
386 5139
6586 6979
7363 9825
385 4392
8564 7714
8827 6367
2572 8469
7224 8848
8291 6801
3978 7056
4114 4473
1642 6239
1518 4483
9138 1654
1707 4355
5688 8471
3763 3842
526 4085
3722 6433
9190 16
6305 6605
5055 8679
1566 107
8021 6630
6148 2191
3296 784
4545 6887
3731 6145
7309 3162
5839 9663
5163 4950
8798 6968
6118 8297
3577 8014
7153 8405
6105 6493
3956 3351
1503 6416
596 7661
1846 1800
8276 453
805 7017
2574 5242
2768 8262
3972 6715
7808 8457
6221 6745
2168 8388
5713 9658
1405 6379
6735 1718
2273 9343
6324 1854
1823 1415
3297 1678
6512 8735
5695 5709
3343 4948
3219 977
6763 6223
9357 7271
4205 4576
6535 6746
2340 7545
8793 4610
7488 369
3058 8175
9434 3596
5592 4025
1387 430
3602 1859
6528 9042
8462 9586
4189 4810
2243 2751
3423 6997
1237 755
4514 9481
5744 9347
6535 1511
3745 7169
8179 4171
3003 8747
7773 1268
1279 5303
5047 6682
2521 8249
3053 7292
1386 2433
3315 647
2012 5339
5219 4170
7018 288
3993 7126
6957 6465
6513 5256
3250 6264
2330 9004
6675 70
547 6185
4315 3097
4099 6182
8085 9595
2366 6338
4854 5482
1464 7698
4939 3311
2504 7211
7887 8563
8193 5637
5051 3488
4338 4784
2485 3707
3372 726
140 3070
6065 4705
8788 454
2674 6467
4834 6240
8454 6701
7117 4457
2753 1512
6539 8129
5589 2093
6256 607
8721 9152
6413 8663
353 2373
5767 6458
3425 6385
4972 3743
792 5574
2325 3788
8252 5762
4530 6781
118 641
2031 3755
2660 4946
4356 3861
7549 8944
4137 7200
8440 750
8111 9061
3808 4931
3612 2023
6870 7730
2295 5090
763 4068
4626 5684
8875 2869
189 3917
7176 7628
5429 2746
5443 4630
4193 2540
4082 2672
754 1107
1641 4808
4769 4807
2254 8714
373 597
7871 7493
3132 7411
7891 6913
874 1818
4767 9019
3215 4147
1670 3186
770 7359
764 1394
2285 3718
3051 6375
6499 8530
4212 6178
3001 138
4280 4363
6895 5763
4135 7880
3190 4211
4256 7389
6245 5388
4541 9507
7044 6007
7734 38
2049 4242
4082 6189
8281 5805
5843 1557
808 2645
8035 7964
2744 7140
9406 9068
5283 7498
7919 7523
5498 5171
4216 7064
4706 6928
3933 1528
9493 261
3660 5570
2466 3375
9103 9646
9268 7498
5438 6180
678 791
3560 4292
8606 101
8520 815
422 7668
8560 8966
9971 3282
5308 8443
5547 57
6434 9191
4571 3225
1912 5660
7915 8935
8410 6928
8845 8088
7870 8411
5201 7943
3659 985
5625 8392
8364 7347
317 6167
3292 1686
2037 7654
2435 9097
5670 5775
4264 5158
4243 2066
3650 7150
5704 7988
7165 9480
3383 5759
3903 1853
6781 8322
3189 8108
2848 7815
6950 6064
2027 8605
5497 3874
3296 3740
4844 8419
7335 5582
5160 4454
5521 7880
2476 8064
4656 8075
9164 5026
2182 3416
9179 8044
7887 5277
2930 3804
3098 7818
2817 5095
2910 5030
2362 206
4433 5414
5041 8717
4239 8029
6106 4611
6185 7119
4961 8953
2995 8376
6925 6370
2590 3897
2225 3247
6433 660
2439 8131
3717 117
6471 6550
4804 1691
2577 6789
7658 1387
8645 8473
2446 8026
1598 2038
9464 2648
4104 4434
4909 5127
1509 5901
5196 8567
497 5669
5590 9137
1992 5991
4227 5672
7719 6887
6307 2483
312 7730
6495 4934
4270 8415
4001 7473
2212 1685
4412 2348
7455 8359
5706 9325
3008 1740
7963 2386
8749 7496
9828 5041
554 3183
1696 7174
3986 375
7566 8348
7253 7888
5731 7813
5733 7105
9363 377
8172 1863
4297 8531
1024 4650
4222 6896
2536 5959
4559 3283
8890 278
1488 8433
877 2129
2494 4915
7585 2187
7316 8415
2851 7404
4231 3602
2902 7635
8502 7753
2542 2862
6472 9901
9801 3999
6779 3901
2542 2983
6864 7917
8693 6
7771 6083
4629 7152
6859 2554
1815 8023
357 7704
4803 4043
424 2510
2259 6724
7665 7269
5502 6380
3218 8463
5964 3967
4207 6762
8479 1716
8101 5971
5686 4861
943 5303
6663 7472
4639 4527
8314 4924
7542 7562
5071 5123
5338 4420
4863 5359
5788 7366
4475 6940
4581 7861
6387 9122
7122 7999
3481 8418
5661 1259
1363 2869
3597 5102
9531 8018
713 3928
2619 4868
2063 220
7297 6431
4225 4792
7522 5731
345 3882
4720 5673
4039 9890
3268 4122
9035 8847
2517 1450
2783 7985
8877 2488
6202 8133
4203 6736
8900 1159
1348 5849
3318 1849
8407 509
3589 4298
3898 8022
6446 7446
7413 5020
5646 5178
6236 8390
3870 3530
3737 8370
6736 82
8513 2332
727 5623
2501 6178
6925 506
1248 4571
3256 3078
5461 6300
3200 9333
643 1199
7431 7144
6448 5169
3677 4424
3171 4552
7537 9004
3619 4419
4276 259
4484 9593
7588 3573
6318 4012
1123 8080
2675 3338
6759 7626
6843 8034
4189 6908
3318 7581
8930 1586
4160 6584
7864 6487
5175 4872
4610 9301
9696 6983
8070 8312
2667 3046
6120 3330
6361 9
328 8640
9311 1399
5189 6325
6075 6189
2333 1601
4762 7978
6644 6346
5465 2244
4446 3019
1846 4637
6557 6643
2730 4391
3053 5310
3963 7746
6614 8574
4899 6384
4414 3188
4076 8562
222 9883
5562 9882
9183 9750
5691 7488
9192 8752
3695 1407
5415 9539
3032 3049
917 8351
764 1693
6672 9575
3352 5619
2906 1597
130 9405
61 674
6776 2169
6676 9172
7204 7342
3400 5286
5775 4984
6465 1526
6915 7882
547 4445
2792 8786
3860 6146
6539 4858
3617 4210
2402 9274
2836 612
3480 4060
6539 549
3206 3299
5081 1691
4549 9229
2037 114
9774 9470
3024 7200
2231 882
7294 3276
1881 4970
7096 8953
4866 7135
3190 3476
4595 8069
3091 5833
3603 7671
8495 6305
9289 8795
4669 6190
4812 311
1236 5555
5092 6781
7882 4506
6233 9086
4248 4295
564 6101
7393 6449
7382 6556
4056 3078
5749 2742
1934 9690
8028 1712
9746 911
5613 2036
8571 2112
4783 4696
9007 7109
6068 5060
7824 1774
9902 7961
3564 7813
4228 2380
1946 5556
9711 5360
1612 8191
3910 4141
6970 1498
2670 4459
7869 7680
7855 3581
1371 1689
1730 50
3307 6184
9042 2060
8958 8519
5756 6504
6910 7351
4606 4352
7672 1258
8766 4269
9676 6705
5383 7198
4053 3385
5587 8654
258 7538
3828 4206
1715 6171
2520 2663
4395 6239
4182 533
1283 4972
2365 3957
434 5670
5406 7451
4048 6545
1232 2388
6569 5085
4563 4961
4900 116
6771 6202
348 4290
4517 8228
8751 9077
2598 4811
2955 4819
4577 7461
6321 5629
7764 7481
6511 1710
3789 4348
169 689
9372 96
5743 8217
9817 9114
7239 7781
6490 6202
2815 6219
4538 8650
6254 6460
2073 7194
3320 3065
3515 4472
6921 6401
6920 4981
7324 4576
7737 544
3120 3835
6382 4551
7159 1964
7523 9071
6363 9907
5642 5946
1375 453
2319 4459
8740 3558
956 3246
6305 3257
5916 8400
6105 7104
769 7032
5519 7946
3088 4906
3621 9607
6341 8283
5787 4499
2287 9058
7149 8493
9442 1211
9307 2972
9835 5343
2316 8483
6227 4892
4652 5220
4813 8026
4400 4181
3447 126
3047 2407
8495 6857
3568 2523
1912 6161
7889 8481
8589 7135
7636 3834
1875 9248
6209 6312
2711 5053
2554 4581
6284 1467
5184 9258
5471 8534
7052 8923
949 6723
8051 8664
2862 3650
4763 8447
6798 9272
4664 5472
3223 6783
3894 5904
6077 2951
5497 4362
5386 9900
3758 7184
3130 4875
4201 7646
3126 1844
6169 6165
5148 9560
3978 7493
7319 7536
1266 8604
9896 1770
2350 5945
6976 5103
818 2708
2548 3193
211 7628
6054 4764
8926 3605
84 4820
7236 6612
6546 4179
4384 4976
1435 24
7554 6140
5879 7284
6261 5363
6940 7903
7318 615
5684 8213
6928 5570
6558 6754
4498 7599
3671 1899
1401 9313
2310 3913
3146 6134
4520 6984
6032 8522
2615 3465
1766 6903
4021 7502
2211 3008
4332 5822
7049 2022
423 4211
4179 7162
1922 4423
19 7955
9249 7236
2920 4464
5808 8130
2866 6335
2462 9369
7470 7397
712 1065
5749 9886
2944 6376
5821 1131
8315 8657
9122 5451
2135 4665
5492 30
3718 3410
4773 5941
2783 7976
3760 5218
3022 3828
7741 6826
2211 1519
8052 6984
6611 3340
7136 1764
3105 2900
7516 4385
7293 4047
9602 3714
4316 5449
4768 5021
8044 3686
2000 5779
6141 6400
1803 246
6768 8898
5417 8705
8059 9750
4950 9764
1175 2784
6154 4016
7203 5564
6784 9781
8357 5327
4251 9884
7335 9776
8030 8123
1905 3653
4568 6558
8210 9222
8800 7775
8447 6196
4026 5457
383 582
9423 7121
6158 6070
4824 862
5603 5030
6205 3149
5833 3506
7794 3658
4147 5989
1167 3673
296 6598
5290 6152
8991 2337
2419 4237
807 6255
9260 8648
3432 6128
6013 2053
8815 7480
3101 3813
4556 4588
1664 1567
3790 5957
9301 2354
4681 5936
8715 9878
6344 6889
3380 6732
6817 8240
3794 7540
3124 8469
3854 3390
9292 4907
8487 7920
5983 7785
310 4644
7914 8674
3598 9412
6535 8648
1321 5792
8567 8909
5515 7922
3854 7015
6455 6036
273 2789
4892 5435
4830 4557
1984 5705
5212 8042
6431 8015
5183 4308
8030 6997
8006 224
8641 469
6390 2500
2969 448
1695 4676
5337 7111
3569 8027
108 7101
7769 8016
6776 8026
7115 3062
6170 7987
206 4374
8508 7537
2765 9033
4221 4583
6650 9728
705 1735
5798 1820
3667 8612
8863 7886
1216 5068
2238 2578
1321 5121
699 4549
6182 7300
3411 4835
5095 2464
5578 4274
7247 7516
4692 4181
4439 4001
8329 2071
562 5604
5856 5679
5541 191
635 6348
3897 648
2276 1126
4457 5711
2118 2903
2146 8371
5802 3056
7863 5102
2992 9065
2961 3336
5385 5922
2809 1481
4945 9299
2827 6719
5862 6261
8777 5149
8841 246
6614 2338
5547 6105
1804 8728
6756 472
4881 5234
2232 7633
4165 8181
4674 8287
919 7409
4615 8094
7449 7582
7270 3150
2201 7623
3378 8188
2538 9194
4990 4480
1349 698
5084 62
1678 5488
5922 2366
4519 1983
5327 8801
5138 7882
8479 9911
8183 235
5526 7469
3213 5882
2512 5771
5111 8395
4638 9114
3606 2551
6601 6158
9916 2536
1012 3425
7309 2717
3401 2792
1224 5267
3080 5595
9465 5000
3164 8972
5206 8524
3019 8325
7590 9008
1194 3523
4727 5264
7443 8436
6477 8845
5508 6243
6136 8515
4990 5085
1724 4398
5285 5676
15 5958
6907 6857
8349 2472
5461 5609
1600 3056
6486 5817
5937 7524
3671 6049
4772 5801
9560 7465
5910 5849
719 4963
9996 3602
4889 7783
4333 920
8234 9702
5615 9351
2121 9709
9265 3504
1496 5944
1581 5005
3334 7423
4299 3608
6921 7936
3921 5419
3246 7724
7155 9042
70 366
7039 4895
7319 748
1784 5714
9916 9449
2872 2760
4458 6647
128 5272
9252 5389
7052 7880
2569 4011
4955 9789
7002 7470
6190 4293
6628 7939
8476 7211
7029 6785
3814 6558
9449 547
9075 4278
5656 1097
2398 5
3357 5043
5284 4608
7086 6659
6803 5553
5602 8337
247 1836
9777 5573
3741 7261
6222 2016
3033 3727
4183 7313
7653 5965
3288 6353
6369 9246
7356 9650
5306 8702
5390 3677
4822 4388
2698 5477
9182 6810
7981 1229
7763 7651
3701 7811
6830 5231
3393 5076
6681 5818
6729 116
1393 2259
3560 7175
7758 9828
8276 3109
9740 7114
1887 7197
4168 5045
6750 7988
4320 3372
7114 802
6618 9266
8345 7265
2938 8710
6998 8211
5413 9312
5864 5801
2713 5330
8824 5664
2255 2237
946 1287
5924 7020
4862 4944
1071 5833
7623 5415
6024 7601
3880 8038
2587 4817
236 7893
394 1834
5903 6035
1056 5188
5402 8493
5068 4941
2826 4052
4905 4654
5928 9182
4563 6351
4845 5771
9933 530
9181 6853
9916 886
507 2771
3984 3678
4106 894
5855 1362
4205 5717
5969 5584
4964 4308
2123 2565
5444 515
4265 6256
4435 8165
3036 7487
8652 7384
1220 6477
8424 286
3668 6158
3593 8199
6235 9473
4757 7519
4212 6901
5310 4958
1053 7360
7868 5824
3500 8129
4209 4159
8116 6828
8494 7683
1615 9463
4148 5869
2134 5827
5790 2269
4012 6210
6188 8960
1718 664
849 6402
5052 9924
2037 4618
2868 2560
3043 7745
6694 7785
7983 9988
7448 7429
4653 7559
7100 9082
3220 5469
3429 7565
7619 7324
5486 6836
9774 2323
6850 9213
571 6528
8070 7381
1046 4542
6971 9853
6142 9513
5576 8836
8215 8378
3571 6170
5778 7250
1569 6165
2875 5154
6434 5605
9178 5429
7797 9006
297 5255
6723 231
8438 8773
4936 3120
3915 2573
8931 196
7127 5131
4418 7516
366 1948
2654 9369
3836 8817
1163 4443
787 9296
6428 9186
6335 4794
8840 5568
9872 5715
1954 2434
7461 7757
62 9242
6392 4510
8027 7616
4117 8813
2867 4242
4651 8225
7964 9667
3821 2291
2138 4069
735 2932
9730 3164
4666 1528
7716 4842
1644 5668
8158 8112
8963 4833
4190 1720
5251 6769
3151 4243
1315 3749
7120 8766
1924 7011
6635 2830
3566 3411
8277 1216
9911 9079
8796 9917
1411 5150
5222 9343
1361 1128
1259 9711
2099 1242
1951 3293
4184 3645
5056 8758
5672 4560
5897 7159
5319 7182
1640 139
4366 6510
329 4485
2296 3863
8156 185
9017 8815
9581 9567
7451 5701
2860 5783
8145 376
9910 1377
6780 5947
1011 4761
5416 3048
3554 5827
3311 9038
6057 75
3292 5497
869 8734
1230 9908
4482 7987
6500 4967
2487 9944
2096 3643
1322 9389
7043 7582
4462 5012
4415 4900
4280 8913
7179 3427
9794 8991
5181 9543
253 9296
6930 5840
6838 8466
2955 4693
7533 4827
262 1882
5940 671
1564 7057
7464 297
7779 9434
6915 9100
7400 6405
4216 8231
9463 8002
2644 5861
5560 8384
149 3294
39 2668
3784 5541
7044 7645
3474 4332
7433 4488
4414 4661
5084 174
6240 2602
607 3475
7022 9175
4033 9520
2099 8518
9905 712
6949 1234
3322 1551
8353 758
8537 6766
7284 5388
5840 6990
6963 2071
2112 3963
8012 1404
7927 9402
4702 6767
4733 5851
7011 4219
3862 5329
5724 9380
6415 6036
5854 6228
8176 1633
5156 7997
6129 8503
3517 4368
3871 6852
5933 3609
8634 5197
6822 8093
6916 7957
2083 8011
8280 3918
7853 6554
7901 1118
9203 1984
5940 7947
4980 7087
4859 8029
2980 5731
7196 6711
5874 9700
8892 3640
5492 5205
4196 2962
8972 896
5563 5085
6416 8707
6508 7478
3108 3822
5473 3061
3520 6247
4015 3974
3462 8457
2736 5347
2693 2533
7995 6404
7673 7107
3497 5216
3268 8362
8956 3638
6459 4445
3462 765
2114 5714
362 1242
1769 6470
3773 7716
6568 7771
3300 8435
7682 6415
2603 1798
4507 5846
7650 7631
3665 841
5600 38
5405 8164
6926 4338
5097 1632
1127 7474
4520 4738
8194 5701
5252 3906
3063 4829
7885 6343
3770 8828
1846 6528
2524 5948
4956 5426
5480 4379
8478 2548
5746 4535
5154 2408
6960 7611
4307 3704
2626 4131
4446 2816
7498 6957
7329 7185
3624 5633
5580 8114
8769 3370
1207 3925
4520 671
4387 9712
7563 7244
3640 5698
8471 5783
5060 248
1708 312
2836 6583
6991 9354
2889 3965
5058 2538
1234 8205
6664 3482
9465 5072
5719 1762
4789 3289
3674 5588
4985 2706
2751 1412
1271 7979
4646 6394
927 8849
4065 1393
6636 8910
749 4268
9694 2922
7512 852
3370 5419
989 8158
8719 5201
3843 4848
5799 7366
1198 3542
4320 3497
7433 155
8984 6559
9199 2283
7034 1348
6720 9294
6726 8816
5924 7374
7597 6534
5479 5977
9155 3529
6792 889
2693 8078
299 7320
6602 7595
4200 7471
3103 8592
3401 3819
3797 3819
6790 6599
1914 4031
4670 7356
4940 5002
1170 6731
8040 7117
9667 6427
1109 8707
4674 3045
7155 15
2611 172
3108 978
5351 291
5324 8267
6640 5204
5747 8333
1869 6072
2990 4527
4514 2921
4144 8077
4945 5359
5285 3441
9280 7980
2612 1807
7785 9994
4041 6794
1090 1244
3717 5916
2367 4605
1893 4456
4737 5679
8320 9456
2568 5305
4386 8081
8978 8675
7899 4215
3120 7215
3638 230
7432 4456
4235 8070
1084 3886
1469 3468
4407 9200
6146 9209
9172 300
44 7648
3662 5525
5190 6842
4511 4009
2050 1770
7649 2252
2915 1282
8011 2833
8940 1347
9088 6200
1491 5455
2047 1206
1682 4757
5677 7310
3700 1737
5064 6558
6513 5367
4448 1078
901 6299
9837 932
3279 9412
7756 3603
3002 7599
5246 2670
2020 6980
1707 104
5268 8027
9216 8061
1595 4478
3047 7197
8240 6991
4849 7033
401 7652
1316 4770
2706 5857
8461 665
5011 6802
4321 5601
7237 5946
3979 1407
6461 7381
1247 2051
2310 1548
144 5114
5436 2376
2990 7844
7221 9213
4296 4618
8046 8801
7741 8165
8823 9890
6232 4646
9494 3413
5977 7574
473 5639
2061 5021
516 8261
7341 7184
1639 5557
3951 7185
3177 5347
3851 7735
6470 5349
3078 5984
3842 6905
3485 5584
4336 2946
961 3521
4183 7548
2027 2232
2333 1521
285 5601
4113 3059
3901 5620
931 1777
8030 8173
595 7978
643 8729
5572 3458
3207 6636
7697 766
3309 9801
7362 5620
4752 2349
8471 308
3419 6411
5866 7934
3537 5585
9504 2787
2522 1177
3708 6635
3959 4002
9804 3722
5538 8519
3957 7864
6400 9975
1957 6508
3118 6540
6567 9041
3040 5021
5714 9539
8709 7898
142 8638
3423 5432
9763 9790
8413 8021
4274 9395
3079 9944
5704 5158
5386 3765
5773 8375
8271 8732
4372 4426
8838 3595
952 5716
4577 6521
4780 7109
5561 7674
4467 2448
2113 5290
843 2282
4992 8685
3428 2527
3856 5677
385 4292
5927 4883
789 1120
4180 4727
9484 7247
5218 7577
3129 7684
579 6679
1712 7403
8238 9965
4246 5202
3737 8479
4991 4309
4932 7112
4598 9976
31 6931
3775 7953
1355 1773
7786 1065
8862 7442
6052 9213
5503 5773
8671 7056
5419 6533
5987 2789
5809 9320
1215 7899
5323 2930
3456 4133
4939 8417
1924 9527
2628 1766
6803 4930
2082 4222
1014 5815
3414 5075
846 5184
5531 1768
9491 3546
3264 5481
4814 6557
1319 4815
9793 1669
741 408
2712 5907
2041 1538
263 5479
356 3455
8048 6918
1893 5760
5922 5423
7323 3252
4150 1036
6763 7988
4700 5115
1355 6350
1151 8506
1928 5165
7416 8031
2772 7018
3706 6593
2273 3887
6064 5893
448 7487
303 3578
4461 9276
727 5074
4441 5362
7127 815
2378 6690
4107 7997
8904 9252
3327 4624
6269 8368
5596 5387
7215 4082
9115 4453
6529 6494
4448 6691
2115 8158
6602 2283
5781 9718
5929 5452
9055 4294
4753 5196
3521 531
4887 766
950 2355
4257 8183
2009 7745
4444 1364
2766 9673
3220 724
3149 4227
8250 2675
5786 7860
4413 1233
1911 3911
7549 6011
1112 5921
9241 1774
6205 5979
811 5929
8182 9751
5140 6823
7779 6594
6189 8371
468 8717
6468 8954
7588 4784
8099 304
7966 943
7871 6304
3177 7685
8905 1801
2273 3458
3522 1388
295 5998
558 6637
7925 7829
6605 9430
7112 4050
9562 5117
6850 6228
4269 5644
7323 6448
714 3134
4956 8008
8892 4733
225 5013
2732 8600
3580 8172
5464 722
9437 5593
2873 6482
4929 5932
4903 4748
1865 3888
728 5610
7587 6103
5518 6798
6026 6487
4651 3722
3950 7287
4352 1854
7946 8264
4455 1272
2650 3124
5490 4642
3314 5504
1460 6417
1383 4507
8998 8016
2587 2960
2860 6502
4775 6767
6385 4676
8721 1965
8733 1036
1000 7371
2314 8665
6464 2646
3984 5083
4359 4206
6363 1022
8347 2555
6640 8591
4808 5321
6391 3541
5338 7243
9582 4350
5017 1415
2759 8920
4505 7656
4207 9948
8839 1273
2292 3792
590 6523
963 7559
4961 5657
8722 7289
5683 9210
1717 3453
3492 2624
5923 3974
5103 7588
9675 4820
6230 6346
1269 3936
7488 2820
3181 7579
3172 3558
5296 9595
2111 3878
3763 7153
4810 5393
4445 8907
704 7173
5041 8938
1134 6757
5148 2648
4683 6749
2670 4865
3740 9505
1264 801
4617 1147
2325 9822
1361 3888
6655 3734
6789 1748
5118 9013
3802 705
8120 4177
6654 3509
1923 8206
4930 7915
2924 5576
522 1288
5076 7740
9327 3574
1738 7113
8770 1936
3828 7645
8896 9888
6101 9052
626 5667
200 8942
5496 5451
8094 2969
6705 8937
6626 1474
9831 9092
6706 5375
4268 5594
2244 8274
4556 8212
3637 5956
4597 7984
5170 7617
6671 1072
8649 8304
5333 1609
9420 8595
5849 3071
2835 3359
1893 5549
6035 6846
1546 2997
3279 6638
5256 5832
8093 8099
1419 2404
4530 5957
4599 543
2564 4828
854 4059
3751 8555
8935 6055
5075 1411
1427 2120
5933 7629
6184 7211
6586 4747
4604 4980
9913 1657
5971 8271
833 8672
6745 5413
5986 8808
2876 4433
768 4527
3128 9838
5511 3038
9330 9041
3666 509
3579 3479
9177 8920
5675 5253
3039 7177
3224 6405
8527 823
1457 3530
5870 5842
5754 3681
5766 4738
6235 7926
5764 6614
6584 6124
6716 7475
5706 3640
1921 7205
2368 4218
4171 5703
449 2750
7563 7734
7513 6156
3723 359
7136 8155
9391 8983
4208 5477
6268 7298
351 5783
1560 9498
3024 9339
5407 6969
6420 192
7283 8969
3460 2995
8063 9309
9466 9170
9125 9106
3690 4625
7309 3629
2709 4874
3734 7297
9265 7544
3818 3992
3685 8832
2530 1381
6115 5756
5870 7386
4787 5961
5424 6747
211 5348
1098 6834
6367 6098
5890 9142
9861 1953
2734 8098
6928 3627
8376 8627
3541 6851
3636 4873
6915 7256
5795 3549
4848 7876
447 4406
2685 5819
1186 2988
7502 7955
5325 6000
2195 2693
3788 8017
6314 2020
5137 3441
482 5945
1475 502
7035 733
3229 3973
9545 1558
4135 3486
4236 7739
2491 8410
1647 6742
4837 6158
3825 5697
6045 9456
2249 5800
6459 8507
5206 2470
6730 6526
2657 2821
6571 1285
3255 6604
3967 1148
3691 9615
5726 7996
9355 363
5161 8712
5548 9121
3454 6935
8334 2297
3540 6938
3765 4841
4064 9338
5124 1367
7091 7915
4073 5078
4999 9939
9127 4683
8554 5050
2938 9125
4488 2553
1236 4245
6449 9350
6490 8341
1087 2580
7749 573
2203 5350
4524 1873
3920 4095
5411 6742
7650 8794
2300 4357
1333 5093
689 7014
8070 5889
4830 8867
2024 9562
3549 782
7273 4498
6478 8199
3343 6275
6361 7385
5107 2207
9927 4843
3482 957
4044 6322
3393 9250
6166 9546
5312 1794
8223 2024
269 3250
6452 6907
4501 303
1620 9980
7723 8238
5818 7937
3221 7574
9243 6173
922 3936
6064 8609
5114 8989
9737 6681
2541 2338
3277 9842
4414 2872
3037 7349
6469 5517
7790 5272
5160 73
3031 7692
6017 6295
6428 3614
1049 6878
7248 3124
2941 7883
4608 9773
1967 4974
3386 6055
1798 5690
5488 7607
1733 4514
143 5500
5053 4912
4704 3711
5181 8480
5086 7196
1823 6743
7377 5991
1384 9325
6146 1928
2056 6456
8544 4562
7346 4877
8824 2401
5592 7943
3099 3271
5351 6797
4622 5641
3614 4619
2318 2413
2051 6499
4532 6650
2923 8414
9816 7471
4979 9261
7147 4788
4629 6933
5377 9307
4228 9514
7846 3944
5946 8417
6811 7700
7463 3425
133 6730
7478 1976
3326 3640
5327 7392
5421 5041
3526 1715
5422 3199
6238 6202
4400 5891
4207 3281
9712 8006
7522 6075
1369 3795
3050 4122
4278 9577
4154 1176
1951 2164
6529 6795
1370 9803
1864 2690
3242 3016
3142 3014
4124 4801
9498 4118
1344 2058
4143 6019
5851 8664
7238 8773
4168 5783
2989 1910
2161 8817
1701 4631
5806 6827
5501 1761
8140 8702
4447 5733
2489 5357
3323 2550
687 44
5924 7987
5438 8767
6878 4050
1050 3250
6074 5716
2853 7475
8049 74
3090 7159
447 1496
647 7677
4759 8600
9669 9732
4485 3867
6709 4887
6865 6861
9084 7995
4063 2602
3098 7814
1281 4408
2599 8130
7383 5632
2432 3644
6409 9038
7825 3469
5340 5791
5491 7421
2999 6357
6411 6374
3707 9332
5295 7253
9689 5351
4673 2480
8169 8503
7372 7176
6685 8461
6756 1696
9398 7659
3386 1117
2085 4192
1997 6294
7321 8500
2758 8378
4415 4147
8974 134
2347 4579
7161 9450
8823 5334
5067 5012
2129 6342
6872 1884
9075 8709
1384 6373
4455 176
5837 621
4630 1870
4904 6014
1974 5542
175 2944
7192 7958
9408 5448
3656 6444
7864 7570
1057 70
2884 6638
5790 4538
9490 8900
5909 3183
2846 5299
7180 6564
5682 9327
5052 7174
3882 7322
2466 6246
5321 7069
3110 8913
7557 192
7168 6567
4096 4928
3515 4882
506 1865
2175 3801
8968 291
6810 4765
1875 1590
8813 2339
7089 5348
6765 6685
2732 9761
7491 3113
6520 172
3596 7328
5088 4750
7992 8010
3909 5344
2895 1538
50 5540
809 4131
1490 328
6930 457
1093 8734
3010 3447
7720 7672
4239 3879
984 870
550 4550
6005 3267
7624 9132
9482 3679
5598 8770
6510 6408
4277 872
8344 5028
6533 8526
9492 6060
3621 2675
9405 399
6765 403
5429 5443
4333 3783
2891 6441
394 6494
9912 4781
5273 8313
4683 2849
4602 2897
3204 9008
362 18
7615 8507
5807 2477
7083 8683
7009 8697
574 7485
6831 9859
8514 4634
4596 5711
8969 9644
3487 3331
6778 7754
9137 2812
8047 6107
5887 5745
1582 4952
787 6438
1678 6646
4223 5092
7734 2614
3168 7792
3564 8546
2081 61
1728 2683
1173 3333
1252 8581
6129 676
6600 8892
6607 8299
4969 694
2049 7060
4678 8358
8797 4302
9282 6037
2613 4887
4843 2275
8502 9080
9038 6350
1076 6675
5095 5650
5661 6290
2269 9399
3661 7674
9700 3702
3143 1561
1685 4689
2025 5777
7225 7422
7749 8819
6624 6229
382 228
1961 2988
3680 8037
6969 6678
1625 2810
1628 7430
5038 2648
9897 9184
5291 6477
5172 6785
3656 6525
6740 6683
4083 3300
4919 5787
3135 4544
7580 9289
4872 7432
2172 5665
3027 6179
3035 3559
7235 7564
3740 5297
4855 2769
5198 5094
5134 5567
5902 6607
63 8395
5226 6738
3106 3102
5669 6032
7813 3582
2948 4852
9713 3724
4307 4374
2391 6624
5894 6500
4800 42
5272 37
3463 6614
3389 4450
5514 4939
4080 5243
8902 1307
2016 2374
2107 8679
5835 6916
2898 1301
9332 8475
7432 9501
5847 1005
4134 7290
896 249
7089 4853
6930 4042
5197 7460
6245 3939
2289 3714
5812 7440
9722 2981
418 2179
4124 4858
8499 8864
7219 3219
1501 5031
7192 5745
8021 2860
1500 4577
6336 7975
3328 8078
6255 439
5169 3439
1475 4749
7898 245
8692 9151
2477 6222
9387 1311
5937 3247
6083 103
7760 7370
4778 6708
6849 7715
1252 9817
2067 2796
3421 698
9097 9442
4350 7550
4403 6622
5208 5366
5290 9340
3955 3759
228 6353
1836 2940
9287 5523
9443 9971
3872 4892
5234 4456
8253 7895
9189 3904
9466 6693
1790 3174
799 2799
5201 9877
8147 302
9395 6116
7932 498
1064 3834
8417 7602
2345 6442
5456 8423
4184 8789
780 6411
3512 290
4810 8958
7043 8041
3870 7582
9213 8044
9730 3086
518 8225
543 5020
8542 561
6451 3039
3713 2737
3172 3056
8061 5068
4618 4011
4033 648
4132 8992
5889 976
3057 7657
8518 3708
5112 503
1748 1459
8550 9554
4584 5487
5112 5872
7175 114
3828 4915
3759 7296
3020 7630
3593 5048
1500 7665
9564 2598
1465 474
1996 7051
2937 8800
6106 3404
975 4518
3421 5880
3444 9247
7281 1829
7161 8823
3005 7106
1181 8945
1150 6626
4109 8590
9391 7150
7242 5220
4927 9451
4001 8239
2626 7689
5211 5948
6725 5115
3693 6810
9768 1071
3162 6127
6712 9727
3938 7782
7816 4566
1797 3003
9892 733
7701 7245
6839 8906
7607 8485
1999 2477
6644 8559
9741 5532
7777 6048
7207 6686
6405 7230
3386 2973
4949 3988
8865 9631
3760 5025
4232 6003
6092 5844
176 3211
2509 5450
8150 9770
4659 8736
4882 4055
5366 6090
3157 6546
3784 8630
4634 3845
3589 3170
5019 1148
1789 8749
3996 4433
5471 3645
7475 7106
5522 5825
396 7778
2891 216
779 4806
2170 5300
8457 8371
4495 7126
765 5810
4032 2935
4462 304
725 5859
6764 8828
6418 8191
9890 4287
1856 1060
1043 9588
1678 1697
3388 4711
684 5979
2315 3974
372 4172
1375 383
7027 139
3102 3014
2336 9402
5330 4971
3155 6058
6974 8126
327 6994
1156 6324
5535 5605
6783 8036
2059 6771
8096 9105
1320 3170
1834 3125
4842 8657
5618 4677
4847 8772
4556 6839
58 5126
1781 202
2358 9110
8865 9444
6036 4557
9891 4592
5021 5747
9394 524
4569 4805
6754 6880
2397 9344
3877 5251
633 122
7057 916
6743 9616
4704 2670
6387 828
5805 5842
6108 1413
5918 9920
2715 6778
8643 3463
3218 6840
192 3102
5935 4989
3832 3212
7628 223
7843 7207
1960 2041
1405 1001
7586 8978
4803 7213
7349 6527
9566 8820
479 6555
9087 191
3519 4980
4083 7008
8293 6746
9600 6374
821 9409
8232 579
8460 2429
9031 5399
1142 2819
8340 8376
2972 3656
9730 9988
6798 21
3413 8731
5061 9147
3957 1018
5922 8429
6731 8598
2887 6177
4019 5279
5560 6764
5879 101
13 7448
6876 5165
6910 6210
2476 8979
3292 6118
4064 9078
6284 42
3331 44
929 9490
9719 8499
1792 4203
102 1575
1857 6439
404 4249
2059 6839
3607 5590
6346 6531
5764 5617
3812 5699
706 9431
9156 4844
8112 6794
4899 5445
2130 5793
4802 3526
3995 6695
762 4199
4720 6870
5663 300
4714 7735
7885 9124
6402 4840
259 9627
1265 5880
528 7307
7870 858
2114 3839
1707 7918
9650 3793
5398 6044
217 1645
3804 1929
770 6961
5879 5041
2497 4637
9581 1599
6215 8373
5521 4286
6421 2062
1631 1749
8236 4604
3595 8292
4010 6319
3311 4332
3624 6778
6196 668
4289 2967
6807 6191
2342 5409
7645 874
9566 6552
2385 5227
3942 7245
8011 9976
4392 9925
6904 3993
7069 125
1470 3615
1425 1886
4783 132
2024 3154
5357 340
377 7743
5425 6402
6254 9896
736 8844
72 2448
2231 3568
3070 5572
2493 6988
5641 8851
3038 4307
4616 1015
6028 4830
2838 5185
1602 5208
5526 7063
9706 2199
1848 3170
7816 7885
4874 8463
1906 3232
1694 4810
5040 9169
4904 7322
7276 6456
5321 7317
1334 8560
5482 7420
2378 3577
3881 4837
9520 1160
3902 8572
2100 6494
4145 9498
7414 9436
8960 9575
8253 557
5096 7212
2938 8128
6381 6943
4617 8796
3722 6897
1219 3954
2238 8777
3093 3814
3597 7777
7679 6283
3078 5906
2605 3996
3516 5085
1547 3796
8307 109
6648 66
8486 8190
5083 816
6774 1868
8059 7628
3133 8437
1443 4089
2869 3409
2181 5775
4259 9451
8481 9014
7628 8051
7154 9858
5476 2854
8930 1791
4720 5207
3759 7421
3760 3593
2490 356
4036 2710
1794 1821
4421 9462
1591 711
9983 7029
368 4874
958 3656
1301 6210
8955 9152
3191 5930
3258 6886
1745 4682
7443 6796
552 874
4472 5505
6846 7745
601 2429
5105 4105
9808 3483
730 5468
8906 642
7815 5513
2061 5682
8993 7471
3103 6059
6210 5706
4594 8706
4055 5459
1658 7665
82 3153
5190 4041
7165 156
6256 6990
1503 1311
3715 6936
1885 2315
6491 1235
7490 7392
5290 7668
4314 2663
8798 11
7672 6093
4219 5543
7544 6581
9642 3032
7475 8144
7625 6691
7554 4007
7250 8965
6074 6558
6944 8629
3346 5217
5603 4694
6643 6422
8902 3757
4826 572
9753 890
6776 4736
4601 7809
2052 3205
1400 17
4312 3101
7161 6654
7330 8183
8052 7616
4590 7283
2398 5720
278 2313
607 6918
1327 3043
9677 8721
5346 8168
9948 324
7318 8186
8172 6526
8674 1260
8935 9437
8465 3072
4655 9869
5859 2431
1075 9480
6904 8667
2728 5544
8548 9378
4730 3748
5552 8286
5352 7932
5055 8648
2126 7812
6527 2193
7693 8719
8777 691
5594 1988
358 1329
1031 3300
6631 7619
6437 169
1345 5153
9051 1344
1082 5682
7990 8309
804 8855
9436 4834
2209 7823
4074 7742
7761 8193
3513 764
2860 5309
4457 6985
3727 3204
1073 3768
5759 5192
3870 220
250 1516
2170 5801
2068 7739
7515 4875
4905 5805
3401 6831
5073 9819
9132 3268
1914 5057
9778 4840
1576 1800
2976 2114
2895 5158
608 7761
5014 7145
7247 8214
5633 4679
3446 3985
689 3899
3189 4329
3675 7457
4532 9212
9763 1162
6335 9273
7462 861
5122 4998
1170 7770
2925 4111
3141 4904
7790 5995
5068 39
6241 7544
1853 4013
5440 5280
5985 9015
2870 8726
385 4403
6174 6672
6623 9982
5685 9433
9867 3676
1312 7193
7454 9092
6988 3169
7298 1345
4641 4149
3748 3114
1463 6544
3032 1483
6963 8939
4556 6293
8115 6478
6991 3561
9970 9587
2216 2967
9659 771
4614 5601
1077 3862
9833 1072
1615 6655
4751 7003
1069 2466
3732 904
2485 9140
3226 8091
6388 7445
7475 3098
1396 7146
6705 147
4239 4734
4785 6893
9735 7195
3866 7791
8096 9164
4839 6082
6387 5062
3670 9313
3993 2089
5727 3740
7554 1418
465 1631
8950 8931
5149 767
2440 9760
4903 7127
494 9394
7033 5745
6221 1400
6407 358
8170 3878
8233 1719
3483 5649
2375 7429
5473 9700
9136 8811
6047 5542
2514 8941
5890 1357
7353 7389
3786 5542
1730 1625
8999 2282
6340 9177
4951 8204
7134 3036
1791 6223
5325 1477
6390 9937
8284 8837
1321 3793
3922 9459
5558 8360
4133 5478
4246 5126
3061 7595
2247 9822
3458 2572
4783 3385
3568 2299
4091 4326
4742 4781
793 7299
7863 6578
1804 8326
4789 8276
7582 3037
813 4689
2774 3084
1583 406
5600 9134
7335 5496
8240 6770
3467 8087
5019 3611
9929 4743
4662 4505
2839 3307
9762 7491
7659 4667
4821 6376
5528 4777
593 9479
5730 5406
6014 2950
8106 2094
6325 6518
6564 9015
459 8203
2887 1109
5643 3451
3447 5647
7780 9400
4604 8606
3371 5894
9523 8740
5161 8645
3731 3204
7961 8778
5282 5673
2054 5736
2785 293
5268 261
2337 4977
2323 9014
2390 8021
3730 3625
3043 2924
8361 2346
7050 2747
4360 6623
5345 6200
2592 6556
2883 612
2469 972
5454 1942
2200 2770
6964 8049
6754 5021
6019 4343
473 5444
5280 9373
631 5249
3040 4100
4481 7155
9221 5432
2574 6744
7243 4323
1871 7038
9863 1637
7168 2163
8229 9198
4695 5542
5361 6571
8052 907
7752 8751
4627 5300
5955 6263
4262 8585
1492 1878
4896 5424
8840 8426
4432 7949
6095 6916
6606 3456
7650 9090
7669 6888
4795 2753
7107 3859
8437 6881
4462 2701
5640 8335
3272 9256
5796 217
7160 608
8085 6291
3571 665
1616 2987
6848 2184
3792 7723
3338 3315
7505 993
4245 7668
5884 8035
3893 2786
2967 7990
742 6516
1761 4923
5398 7768
1576 5106
7280 1669
3038 9038
5504 58
6309 3195
2771 8694
7747 1586
5955 5592
5765 9861
5245 6893
1895 2765
8025 9528
45 9570
3845 513
7773 8260
2637 6785
3068 7008
2302 1547
4675 8554
3088 7825
5552 2411
7842 4280
5909 7115
6546 1808
6394 8621
2894 5781
5536 9004
4075 4479
1764 2258
6315 2060
3462 6238
1094 9145
4000 2615
5777 435
3359 5965
8863 3406
5552 5686
3912 3670
8528 6836
6411 9059
4420 5308
5445 6499
2769 9290
5276 799
3861 4792
71 9289
7629 9783
6407 7260
9177 4104
751 3800
1618 3614
4911 8147
4080 4543
5286 5809
7822 1961
4573 5873
1655 4435
6632 2396
2717 9894
5253 6800
5463 5590
5571 7375
5764 1088
6077 3305
7337 7517
2470 5937
5646 5455
6696 5390
4301 58
1284 4505
6258 963
6803 8936
9464 4524
5643 6702
6629 8490
8502 2837
8830 5820
198 1735
920 6335
163 4932
3848 89
14 6529
4146 9057
9020 1901
4032 3064
5974 7633
6913 2893
6560 3529
9994 6981
5212 6529
8851 523
4817 8595
9139 401
5226 4333
8846 7763
4486 93
2683 8407
7337 3463
4921 5390
6646 5006
7247 3654
232 6068
4794 7133
18 2288
3640 5010
49 3035
1700 9118
4740 7018
1405 6231
2270 9419
6614 5710
8429 9235
1966 5975
5044 7136
7883 7032
5059 7673
6585 1747
8097 5500
4685 4988
5517 5784
3603 8632
1604 1085
4802 325
4595 520
3502 5547
4293 5817
5220 2006
7522 694
1083 8408
52 7897
2185 6813
4716 5361
9924 6187
2218 8424
2066 4354
2461 4883
6440 2510
4391 4904
8839 8607
3605 4345
7381 7534
6739 1880
338 8654
4028 4155
7557 1051
2445 4134
3331 3998
7479 5827
5664 4251
5276 8801
4317 9627
2411 2271
2371 7339
1631 7529
6435 1361
