2456 4939
6003 8268
8122 8040
5651 8045
8029 1396
2667 4304
3104 7230
4229 5390
7537 2812
6082 8389
6597 9249
6108 8792
6206 7149
9966 265
3812 8835
3544 5408
7203 6026
1556 5274
6597 7155
6552 9893
4045 8255
9887 2722
4272 3989
8981 6528
5799 8464
9930 5694
6026 7460
3376 7234
3178 5529
6342 3724
5503 8816
4032 5589
8409 71
5600 6655
4136 4370
2112 8070
6105 5366
4453 7689
480 7635
7675 7552
7666 6271
5380 6507
6008 6601
4155 6167
4807 8079
6664 4138
5707 9009
4936 7671
1143 4020
6627 7410
9622 8277
9340 7130
1029 3100
3837 2451
6629 7419
4516 6940
4436 1992
3350 3006
5087 6914
6138 4105
8292 680
5936 7088
821 2814
3623 6026
9990 9992
7314 9750
5729 1254
6049 8025
364 3598
770 4057
3586 1017
3274 7841
9529 4921
3610 8958
9601 4797
6619 8299
4383 5094
227 5592
4067 6551
6124 7394
9644 4470
542 1668
921 7851
45 6460
8994 574
1602 3001
7255 7560
3272 1863
2465 602
6543 3833
9848 3953
2494 6901
6413 6463
7109 1211
4798 5443
7683 6438
2175 2876
6958 7165
5584 9735
4555 9068
8931 2453
7783 4575
9386 7692
7270 792
9981 4869
7727 8844
7240 9251
8862 3787
4551 8316
5374 7831
5885 5273
2600 4802
4212 6756
3546 2502
3945 7166
9304 7636
6351 9624
1502 7684
5318 7791
1901 6642
958 3275
5593 4468
1126 7060
9649 6479
4687 4662
6046 1003
1925 6218
7563 8318
2828 5460
6658 1301
5530 9488
7433 5764
3312 5960
4394 5433
2414 8193
1373 6994
4656 6638
6287 432
9991 8471
3517 9711
8548 4754
7218 4913
1731 5426
9169 900
1225 8183
1668 9692
7086 6127
8594 9192
6247 8775
2869 3417
4868 8749
5075 182
5411 5995
4628 2580
3112 6521
1122 8822
5317 5542
3464 3711
1853 4611
5027 7466
1999 2221
5994 5003
5472 3615
826 6730
7613 7347
583 2313
6410 902
4943 7179
8040 365
8454 7818
4465 4292
5583 1510
7394 7545
1850 8756
6266 1917
3614 7805
1881 7022
7304 5558
7317 9698
6133 9911
2339 4904
2737 9050
5089 7367
5130 4924
403 1927
6815 5636
850 926
6223 5495
8812 3725
7630 7017
8883 1979
7172 2382
3493 2509
3810 1
3563 7183
2656 4035
5068 7550
7533 9191
5814 2415
3248 5078
6710 4953
9032 8989
2160 3538
4441 5587
2762 3643
6798 6234
4974 6087
2295 7146
5235 8077
1934 4171
1987 5983
3934 8910
149 5672
6123 1076
3469 6366
6905 7649
4309 5939
702 9389
45 2474
631 60
6259 11
1841 1970
468 298
6904 3869
4384 7173
6990 2337
5183 5806
6951 8761
5695 733
1103 2098
6051 7952
6216 5050
9346 8064
8361 1024
4961 4538
5110 7519
3508 1594
9822 301
7332 6480
3118 8727
9279 2533
5158 3776
1094 1352
5374 2088
2062 3500
4950 5961
4943 7005
934 9886
1472 1833
4249 1834
2346 411
5477 1812
5668 3329
2259 7289
7539 7200
5402 4378
5185 5841
6737 1328
4061 6859
4410 8999
7464 9012
5301 6955
1042 6278
7826 5429
7284 679
5647 4330
5717 5823
5925 6755
3475 6102
2207 3692
3189 5479
2389 5426
830 7977
2700 7008
5709 5595
4501 7437
6586 8608
9833 3603
4365 6344
8663 533
3124 4303
8048 2889
5573 3455
4220 6865
5319 7776
9414 7527
9897 33
7314 6987
8071 4980
4800 4407
5498 2234
4422 6447
8412 6670
5053 5267
9367 110
1904 6269
6603 536
2284 1306
3815 9273
7274 8096
2089 6170
1085 874
9021 496
2157 5523
9894 3279
1862 3131
8291 4713
1343 4902
7447 6014
4300 7005
1343 6070
4304 3448
834 5146
3545 8765
2200 7569
3020 6813
1565 7997
5477 5826
9861 7437
1309 7482
2026 7574
4105 3975
2599 6123
656 8536
4409 9755
8788 4835
1671 7467
1511 3573
6466 8383
7199 835
282 2552
6658 6338
302 7405
2583 3792
3377 4067
6723 9887
7387 1007
7863 9338
1194 3758
5223 5370
7672 4788
7598 6559
6586 8313
1352 5219
4503 1674
1025 1562
2090 8487
7092 577
6043 4893
4804 7385
6602 4362
2500 3403
3785 1515
6709 8625
6622 7165
1130 2150
5254 3807
9512 7228
7435 6635
5774 7714
4160 8343
2875 1307
5369 6618
186 7017
4159 5647
1041 7302
3116 7785
4620 343
5088 7507
582 6724
4503 6359
7405 6769
6664 7525
7166 9907
5473 6796
3470 3974
8094 8684
3808 1983
4431 979
2885 8653
394 4579
1402 2154
6992 9461
3883 356
4655 3316
5214 6986
2203 5586
6780 1590
7759 450
2416 7801
5281 1270
8097 445
3573 7899
933 2470
7696 8917
6719 3044
3914 7374
478 7030
5526 3666
4571 5954
4719 1099
3043 5805
3881 259
6337 4295
6600 5917
6542 7144
9513 9411
862 5047
2640 4260
9548 2952
4441 7133
5375 4944
2908 4196
2111 883
4246 7833
7523 9352
7748 1068
6872 5864
1404 4404
7163 5518
2700 3385
5540 931
9473 4067
2243 7347
1082 8941
9454 792
844 438
8805 2103
5737 6356
5995 2679
4238 5511
6244 5369
5631 4617
754 629
5339 4445
4835 253
5578 6713
3912 5691
2961 5883
2632 8825
7274 7025
7821 9409
7150 5040
5326 6842
2523 7606
8135 4846
6744 9196
8177 1056
4131 7576
3823 4427
5643 5098
4101 5640
7831 8905
4898 8364
8093 5909
3182 2337
9952 4293
5664 6325
4073 8631
4859 6342
2247 3227
5961 5501
1382 9084
5074 9650
9226 1304
3075 7435
5587 3755
3155 4920
6354 7539
6522 9338
5240 8262
5021 9615
4474 4787
6942 8648
3258 5691
4829 8398
7745 6757
2607 2728
3200 7443
6713 1591
1310 8928
3804 9809
3329 6510
1658 9611
1428 289
4263 5893
6083 4578
5682 4005
3911 7131
2941 4186
2512 8210
5065 5763
6406 2989
2585 5167
7910 5117
4904 5256
2357 6242
2830 4705
3884 8583
3330 4762
8982 7965
1926 8126
969 9816
3525 5388
1572 5090
9889 7888
5893 5864
8874 4877
1400 324
9616 7850
3034 7342
8932 6400
1735 2650
8369 9212
6922 155
545 5300
393 3711
4789 4622
2309 6830
557 7983
5471 6413
2406 3730
4696 3118
6499 402
5001 196
1052 4700
8339 1698
8299 6729
2690 3381
7925 8474
5068 8480
5792 9743
5749 476
3255 7179
9294 4900
6694 6289
5363 4991
2709 8295
5327 6731
1776 1216
935 4249
2924 8139
6850 8872
5895 772
1120 9627
9222 6838
7990 7569
473 3400
7189 9506
4334 6404
6705 4963
5748 200
58 8941
2272 3352
8694 3578
1699 4887
6178 1137
7004 2347
1167 4733
5377 6457
831 354
8907 545
8511 5978
2103 927
6259 6552
3349 545
4773 7632
5036 8500
5377 6578
782 7672
598 6279
2759 6048
2535 153
1566 6707
520 7379
2720 5302
9007 4172
4670 8005
2421 6174
3726 2952
6982 8357
6448 3468
3062 693
5095 691
5400 6925
2864 3603
6974 8358
8930 4194
8169 7479
3031 3487
9118 983
7326 9419
3136 8384
7406 8890
5496 7693
5883 6641
9149 2669
4250 9014
2139 5161
4117 9653
2805 6419
4983 5566
1619 2358
334 3199
6098 1991
5612 6713
118 3803
1311 8254
9422 7234
9231 7703
5872 9269
9859 8440
9073 4084
8637 6671
7946 8480
3042 8294
9083 3496
5204 8702
2726 1120
7953 8375
4905 9308
7793 9820
5417 8665
4291 4426
3707 8805
6988 7585
4523 9364
6970 2320
4774 6465
6919 6704
5360 5808
5346 7859
6827 4900
7224 6751
3280 6903
145 4979
4909 6811
3348 8764
9502 1591
3742 7873
526 9222
1703 5586
6087 6150
6656 6307
9791 3801
864 8170
9541 5087
2537 5115
188 8072
7059 9814
4218 8862
1789 5666
341 1834
3221 3424
3014 7561
5879 3245
4260 7933
1736 8112
9671 191
2336 7582
7873 5200
3569 5046
5198 7169
1318 6552
2959 9961
4464 6127
8015 8932
787 3883
9325 8077
2509 3201
5344 6590
3936 8078
5990 4486
3130 2501
1621 5398
61 7283
3886 7210
7998 6376
3288 5009
9320 9022
6338 8323
1828 6078
7625 3512
7620 5154
4846 7373
4106 3133
7901 2400
2789 1282
8481 8573
5617 9327
5953 645
2862 7129
9548 4432
5982 6193
9564 6591
5476 3581
3363 4499
484 8917
9777 4376
974 5253
9885 5757
5456 6618
8562 1196
5172 9599
2369 6162
5445 309
1630 6991
6558 8702
4216 4428
7256 4314
9883 7525
9153 7649
4324 3732
7861 6639
9464 3340
8526 9244
2050 8903
2852 3929
5786 7031
3297 5218
4835 8620
6289 5558
7990 8981
8398 6039
5259 6588
4339 4898
7894 4146
215 5348
5398 5592
5324 6811
3736 259
5687 6634
977 5267
6144 3840
8013 468
8312 7180
5625 6106
6587 101
4176 2638
9966 436
2443 8042
2463 5476
1052 4744
4526 3690
1778 9345
4768 7882
5563 1966
4923 5726
4434 9699
8008 3628
5827 4146
5608 9966
4524 7148
4532 6743
2302 5908
5177 6481
98 1110
5691 8688
6218 8848
2287 4095
2256 3991
7104 4511
4612 5396
4574 6861
7411 726
2581 7696
1364 5517
8119 7902
1724 5042
3926 6798
8291 7605
2453 4922
7074 30
742 3669
6706 277
9617 4479
5641 2693
3001 5141
2706 4964
6080 754
2155 7830
6747 8387
4684 7500
7098 2494
4296 9081
1787 5862
3874 7631
481 2931
7547 519
4610 2488
7332 3950
7679 7441
5085 502
4083 2907
3520 5719
2116 5929
5674 4509
1054 8054
6734 1291
2389 5795
5138 513
1254 9576
232 254
3086 1936
6975 9166
3592 5716
6781 5136
4711 5522
2963 5922
8503 3286
4637 5307
5438 6753
2743 7087
4210 8394
6667 2755
956 3560
6925 835
4187 7178
1305 3448
6626 1182
9160 5397
7738 571
6862 9531
9118 3939
2436 9680
5526 5940
7801 8440
4126 4845
5697 345
1067 4865
2033 6644
7003 8581
6862 4175
2223 4260
5340 8796
3456 3185
4247 8
8359 5361
5389 5948
2253 6768
393 4749
4864 8988
6129 8848
2295 5839
2675 5077
3652 858
4393 6720
9376 2732
4723 8352
1983 7415
1465 3288
871 5289
7925 8236
4916 1018
890 6965
7070 8890
3830 7438
6003 7702
7192 1151
7795 7079
4836 9518
9001 9513
7234 7685
9025 5706
3563 9164
1388 8036
7544 3417
2031 3941
2700 6022
867 6055
3876 4642
2369 7319
2214 5984
5957 4795
7133 6155
6173 9294
6992 7347
1314 6343
7883 5340
6579 3273
646 996
7288 5130
8821 2590
4882 7553
3977 4966
7851 7724
635 9330
4135 5259
9756 5729
7154 4305
6887 8879
3213 6381
7506 6413
5646 5562
3643 6904
8107 6229
5044 8611
4949 2372
4390 2637
3187 5806
444 6621
6400 9003
1909 9023
396 1598
5838 376
9581 3122
4727 286
568 5209
4126 8404
8128 3268
5219 4316
1831 7130
7560 4918
6231 320
3899 5099
8512 6533
9124 9541
5834 8497
4017 4862
7482 16
2440 6541
3190 3363
8038 5603
1660 4336
1410 7608
6257 5008
8063 3795
3985 7394
4742 9588
6968 9715
8712 942
3925 2361
3443 2617
3105 8220
4016 9834
3172 8166
7382 4228
3803 7740
1555 4296
743 971
9860 6562
7468 6860
1857 6849
5790 6309
2094 3005
5705 6881
8838 4972
3103 5420
649 9041
4104 1558
5837 5199
7055 8276
8170 3008
6841 5055
3709 7300
4818 4698
8269 8356
8226 5505
9071 349
4886 6266
3583 7053
7019 2738
1831 7748
5100 3485
1565 6811
3490 1762
3613 1832
1300 999
2793 3527
7920 5411
6594 64
7000 1654
1924 4367
9892 4796
8581 7385
3257 6613
3348 8192
3983 7013
5691 9658
6450 1079
3043 3651
8124 7819
615 9661
1711 4151
4209 2751
5900 5752
5896 8262
8430 8276
601 8945
1749 5022
1343 6320
8411 6169
5275 1125
4144 9832
3144 5931
2120 4147
3910 4417
3663 9650
7474 5966
4497 9812
2829 4728
9238 4527
690 7458
4730 3109
5986 9336
8227 1635
5374 5776
7482 434
6234 9559
3505 7993
9028 1512
4228 7570
2476 2115
3047 7300
3005 4795
5895 5905
6195 5608
4929 46
5603 2471
680 4258
6019 3581
1094 5295
1307 8557
3365 4670
5297 5811
3540 5196
2035 7983
3315 6017
6533 2876
6303 9998
4206 1879
2913 5569
2959 9886
5296 984
7797 9718
998 8458
5348 393
5164 5645
9314 9304
6886 7996
4840 8739
5791 7500
8000 4011
5481 104
3443 5397
3501 4813
6911 6713
4034 5313
8745 7319
1062 6793
4188 8116
1619 7357
3408 2528
6684 1193
2520 1571
523 449
4744 1810
6005 3012
2536 9099
623 801
3713 1299
9616 4636
8540 9078
3340 1202
4599 6495
7042 9774
5281 9454
3753 967
6215 8046
3687 3124
2028 304
7282 3232
3865 7331
6124 5420
6219 7872
4224 9075
3859 8425
3329 6947
4261 7681
5936 1289
9817 8961
6520 4723
8082 7085
3988 6970
6414 7451
5454 5194
3886 6693
5476 6673
8724 9972
6697 8971
4635 7491
6618 4598
1957 5109
1822 4655
4019 9450
4301 6167
4807 9651
4424 6237
2188 7314
4069 1579
5766 5563
3121 3991
1711 4127
6305 3333
3182 709
2461 2898
3455 6496
2747 4689
5004 5886
2054 7620
2296 7153
6878 5073
9224 7480
3756 5791
3544 7369
5409 8271
2396 4058
3769 3286
4732 8029
2774 8619
5120 8555
3615 2940
5238 8695
2498 8512
4500 6716
3881 2537
3887 5735
2623 3481
5154 8408
5883 4124
8109 8681
5461 4889
9104 2301
8304 1457
7890 3574
4309 4273
6666 7098
5565 3670
74 5939
8198 923
7894 7601
4523 5666
4944 9106
8354 123
9446 8723
8837 3246
654 219
9948 5406
7233 658
5230 6430
7081 9649
9634 2772
5439 9987
4169 6750
9230 1635
7201 36
585 2721
3869 5411
5465 2927
5473 6430
1037 8564
2782 7600
8429 7076
9986 463
4768 4813
4413 6800
9205 5496
4142 7505
8095 1430
3635 7179
5799 3459
8706 537
6064 8574
4292 6402
3061 4554
6522 528
8209 6268
2751 6499
9105 6554
4385 6980
4960 4996
3542 5271
4237 4601
7401 581
5709 4037
1819 1271
5440 9770
3086 4210
4480 8156
1839 8689
8347 2014
2144 6292
5132 6742
4110 9232
8419 6505
8457 1135
4403 5320
3277 5969
4846 7058
732 2827
4391 5202
6395 2247
820 3879
1355 2991
2607 3141
2367 7101
1777 5838
6552 7721
8997 796
4821 7536
8737 5595
6225 8494
6969 4747
4730 8522
6349 9957
4407 6556
4063 781
4042 6845
3179 9328
5309 6778
362 8504
4448 4271
1652 2005
7636 2823
7658 367
1651 6735
2939 8565
6301 8502
236 7052
9520 8848
7261 7083
9298 8506
1440 3290
2305 8693
3217 5540
2726 6242
7596 6026
4903 9402
6613 1799
5866 7234
6502 8613
7297 6861
903 7636
7589 1785
4048 1159
1507 3586
1180 5177
3828 4539
6436 6946
8122 1238
3094 5483
4644 3112
824 3263
8045 7141
1069 98
4379 562
817 9676
2226 7595
2407 6623
2214 6982
5823 9469
6546 1
7471 5455
5606 7256
1156 7277
5132 5387
3845 1981
3860 5487
8056 7313
4838 8323
7763 3240
2231 7686
3898 8115
5846 3050
2868 1598
3203 3803
2597 6208
1831 6934
3885 7772
2194 1509
4945 8139
4059 8046
4307 2927
827 1988
2840 5040
4555 8627
6305 2409
9727 8712
324 6736
9992 3799
743 5902
5244 4126
4655 7932
6056 1560
5364 2730
7046 7897
4697 4667
9380 653
6556 5266
2964 7038
5624 5471
5146 184
6611 9524
1005 7376
506 6460
8422 6699
4249 5271
6687 7038
8214 9379
2738 2911
8269 2670
9167 1834
91 6403
8348 7918
3730 1444
2675 1808
1603 3511
648 3547
6649 1269
5952 8282
8632 5876
2997 9672
261 1566
7103 7074
6112 4713
7736 6492
9947 1652
2858 9449
6633 6815
2390 4914
4485 6315
6711 7903
5637 8742
5701 6017
6499 1567
6698 9132
5745 3616
4019 5990
1887 3512
2956 9913
564 4061
5022 7836
3314 172
4105 8780
460 863
6432 7003
4546 9196
3436 6177
1245 6502
3717 9085
2731 7822
9364 4323
8996 3927
6716 4961
8169 9073
2776 8238
3739 6070
9647 5816
2508 4222
7859 6036
3695 6414
5496 9287
2671 200
3035 5321
9694 1582
8525 7028
9383 9274
3144 7708
9754 815
5316 4108
7081 5826
3913 5711
5234 9896
1941 216
3225 5273
5411 6038
6057 7610
4874 7267
5674 5630
2656 3702
3330 7847
3760 2705
4312 7648
4248 7892
6583 8191
2433 4303
5270 4355
8664 7442
5288 2911
3820 5617
3028 2648
5661 978
8916 2186
2426 1038
5843 8044
3654 9233
7372 8243
9426 3419
6263 7849
6240 6633
6292 7503
1350 87
9457 4058
9312 1196
6609 3130
8544 6986
9750 8252
4565 6363
5324 6940
8195 5785
9468 6058
4142 9414
5572 2989
1812 10
9235 2036
1628 2589
2417 4964
5022 7662
567 7568
7135 7094
8458 9699
1450 6868
4883 7439
2117 7304
5544 4152
2082 6034
4485 3579
4800 6623
1918 4879
2122 2400
2800 7482
6724 9603
6354 6357
5910 6609
4072 4120
1804 6965
1254 7464
8026 8069
4435 5340
9445 8625
5573 9296
7397 7228
3348 5607
3242 4393
9086 4383
6008 5962
8267 1082
2549 7324
9319 6311
4707 8256
7998 5997
3453 6949
7580 4703
5954 4800
6810 1752
2016 8150
8669 4337
657 6790
3497 4107
2363 4932
7363 9027
4144 2228
1251 66
2615 4887
1426 9223
1944 8920
5047 7105
7495 9560
4603 2927
4480 8455
5690 566
5801 4046
832 5451
6577 7421
4658 1523
1375 2882
8427 7971
2623 5579
8377 9547
7124 5725
7246 2453
8973 7097
5500 7100
4177 4983
7413 6767
4920 2095
4870 2466
4042 8996
7258 477
4451 8935
4254 5617
1997 1710
7163 2539
5466 6405
8273 9961
3614 3715
8354 6422
2399 4615
1357 5443
677 3698
5245 5130
4372 3515
6127 5777
4956 8410
3296 7462
4261 9834
7941 7128
7898 4277
3095 9135
5556 7358
4550 9829
2571 5607
4114 6495
2392 5901
4812 6796
2331 3410
2795 6254
5827 7713
4736 4973
6050 7233
848 7915
7568 9488
6711 1731
8082 7494
4250 8611
3694 6703
4927 8072
3671 4999
2126 4038
9221 341
5714 9354
1053 5516
3219 6595
4158 7746
2575 6493
3723 4142
9790 3
6988 8805
3595 5125
658 9861
6547 2683
4128 929
9406 2228
4741 7279
3078 5020
4802 3997
4886 7374
7004 7702
806 6174
5627 6325
7757 7976
2703 6799
1916 4699
9820 124
4974 6332
6934 826
3441 4792
7725 6694
5913 3403
1660 7001
6336 4933
1442 3745
3828 5322
5070 9022
4559 1865
3945 7829
3867 8404
4055 1056
3129 6223
3031 1487
9123 3528
2896 8617
3262 7957
8058 5540
687 4872
1709 4331
5288 8174
7657 1934
9747 6667
671 9250
2556 2439
3871 4106
9896 2939
18 4605
978 4418
2135 9175
4862 9355
6378 984
9539 2557
4505 5267
6031 9921
6683 1970
1483 2991
8274 9234
844 5219
6011 7993
449 1916
4654 1310
497 2667
7532 5564
7054 341
8397 6308
3397 4199
6270 8109
5344 4911
9926 7032
2740 7807
840 2188
4737 5401
2665 4923
7 8522
4403 7218
5290 1534
7886 4641
9759 7161
1373 328
5466 3453
7002 8795
6026 5776
8968 3104
9587 3607
6415 8446
8167 840
4232 5242
5581 4342
5514 4517
5462 4098
9686 9103
5849 7661
7141 565
6459 3914
5430 5987
5765 8192
2188 1951
9388 4952
5678 6732
2087 6743
4585 9544
2937 4927
9829 3382
3157 8350
5299 7086
7713 2080
5545 8310
8743 5335
8629 8202
991 4975
7649 5478
4492 3206
5636 5580
3703 1999
5922 7600
8527 6097
4938 4720
5488 2154
1062 9177
4407 6252
5871 9476
4498 4835
8663 7799
5351 3209
3771 3688
2189 2808
4675 4094
2183 3030
5947 8545
8560 8852
1313 3524
1892 6880
5260 8517
6299 6637
3969 1959
1628 9170
2850 2567
2113 5428
6022 3777
7916 950
5228 2455
3992 263
6304 8795
7073 5105
7750 365
4742 8833
3938 7089
2357 432
694 9507
8192 5557
4864 8651
6626 3904
7976 6841
3633 7742
1630 4883
2313 6899
3803 1737
5450 8115
5971 7063
7406 1965
3275 8707
2165 4934
2013 5331
1636 7559
7864 6263
3877 6008
1937 5686
5216 5036
8380 1016
5936 666
6292 7360
8480 8952
3855 6757
6528 6849
1604 5001
5938 7020
6141 7608
5948 9657
4618 6406
2794 2058
4614 6930
9622 2218
6702 7352
6318 9641
2457 5819
5945 2714
4671 7585
1834 3103
3167 6625
32 2715
3201 5226
4799 7999
8518 8668
6057 272
3720 9699
7218 4276
5991 6105
8684 8327
8727 9717
6303 2664
8526 8909
6387 9424
3037 7575
6776 2066
2989 216
9294 9949
1113 1599
1283 6211
1580 5909
7447 7603
5440 8274
3055 5121
269 1853
3620 5573
3683 5858
2988 6235
5911 5536
7714 6792
826 2831
2030 1284
9710 9840
6830 558
3614 3664
5423 9101
6304 4420
4626 7545
4515 9663
226 8326
6597 5581
2081 7493
4300 5695
5404 5947
1442 3076
4895 3589
3558 8441
4306 6385
4028 6111
6013 7115
3850 4533
9456 5139
4366 8735
7404 6333
5155 35
1508 7321
5245 4395
1723 6226
7406 1912
4193 334
8325 9537
7999 7795
1325 2100
280 4845
5851 9695
7105 8228
3499 5901
5251 1907
19 6093
2667 3240
1889 6356
9439 9241
1347 411
1617 4207
5002 7740
7109 9636
8778 6499
2642 7798
7900 2029
2982 6900
904 5210
9930 66
1901 4087
3346 3649
3554 3864
5078 6688
7870 9212
6569 3922
9544 5628
8001 9143
3438 4820
8737 3549
1883 6820
2765 4175
4790 5251
3072 7745
4982 173
1534 4922
6256 6040
8788 5190
4168 5554
7983 7651
6228 693
5290 4611
5429 9910
4144 5870
2688 5890
4489 6319
3176 9091
8341 6837
6007 4373
3040 8678
4740 9284
8236 1536
7503 490
9246 5115
6245 3908
8171 3514
6507 121
9027 1405
4030 5229
2608 4567
5457 7891
9555 7159
3356 2511
3773 5014
6104 6655
2878 7316
4790 7024
6144 8942
9485 4326
2760 3281
1634 3435
6209 7472
8096 3474
9973 5699
4727 2137
676 8054
3804 2391
6821 7706
6199 8891
4135 8762
6722 5899
4208 5076
9655 3444
4307 4264
9763 762
2595 682
3894 5559
9608 9869
1869 2389
6077 8204
3173 1948
3918 4051
7559 9267
9013 4182
2977 3241
566 1082
7024 5432
7065 5433
4758 1934
8061 4903
1837 4894
5101 8460
2525 6234
5119 8743
3643 971
1971 3847
4922 2981
9706 9895
566 385
8891 5747
5823 8980
1396 6504
1843 5503
6001 3590
8947 9210
5345 2912
2517 5834
9757 9200
9514 3551
4649 1078
4247 9177
2286 6086
8763 6477
8761 3435
2767 3097
1261 9941
8234 885
1974 2414
6614 3722
9381 1049
4511 6863
4027 3781
7091 9245
5669 5614
7274 7380
7691 3238
9955 5872
2123 6041
5206 7546
3477 6010
6656 7452
6707 6114
5442 9866
3973 6712
3612 4720
7048 5589
6219 6030
2717 8190
3123 7602
8902 5211
2851 3467
6585 2687
5239 7039
3471 6972
5815 7091
4320 3507
3052 6961
1681 2918
5341 6161
4816 9457
5875 7263
2391 5185
362 6326
5203 7624
2530 9895
3155 7503
9306 325
2713 5586
4518 4902
6896 4174
8234 8040
2185 9752
7855 7118
1 1112
538 2485
5212 4838
7971 9629
1802 7075
7708 9929
4272 5384
552 4490
1372 4000
2256 7430
3687 1203
3831 6055
6326 9726
7130 395
4150 6158
6612 4835
5782 1116
6035 1333
7850 1889
4753 5404
6433 3328
3094 5775
4646 8432
766 3385
6731 4419
9324 3845
1792 7955
3139 4205
8844 8052
3576 301
9606 8109
4105 1325
6825 1
2656 2287
5673 7373
9415 1344
3493 1700
2611 3941
3335 5958
7428 452
5288 3711
9121 5485
9224 8350
1102 9440
6155 8931
8216 4295
2167 1843
8257 7450
5008 8393
1873 9438
5658 4045
6805 7885
8781 9069
6007 7087
5799 3940
3772 1478
741 6027
1226 3332
581 2813
3809 6133
9261 3118
7702 2222
7297 6374
8868 9953
6937 9222
7845 2392
8261 6013
804 1141
2968 4591
4492 6661
2343 8151
5232 7575
5810 4024
4588 3982
4605 3168
9033 8434
6492 2553
5499 348
2260 3699
2208 1294
6990 965
6305 5063
4723 8879
3639 3846
7414 5578
7164 7389
4230 5684
7125 2442
5504 705
3475 3078
5663 9100
9316 9149
1481 1207
5715 8472
5102 7491
3611 6995
8163 9880
3125 5035
5941 8411
5977 4806
1704 6446
4517 8090
4653 8917
6088 9225
6 961
4828 6676
7259 7989
5044 7499
648 2121
2786 5848
7161 7868
3647 5847
8987 6075
7992 4763
4982 6217
4437 1
3335 4979
8293 5105
8565 1134
5373 854
5493 8089
7545 7871
1033 777
8300 7215
5618 4593
4441 5196
2297 7619
5265 4182
7030 7361
4781 8270
9467 5493
3294 2066
7440 8693
5566 7678
8821 5237
2745 925
9180 1908
3758 830
3790 7198
4631 1398
5801 3007
6298 8243
9756 8376
3734 8242
3691 3405
2130 8098
3615 148
4522 8702
2719 1030
7003 7658
826 9185
7049 9989
3689 5466
7402 5152
6603 7687
4290 8544
6670 278
5420 9034
2412 6885
4569 7178
5073 8926
2981 3137
4813 9524
5047 7476
5644 5251
4380 1011
7014 6625
3383 3302
7629 1236
2326 7757
5768 5142
6096 8916
3183 5836
1786 3992
5569 8352
8561 7524
5586 5781
9724 3953
6471 8389
2207 723
5612 2922
259 5650
6983 8685
2843 9686
5737 9225
6349 2104
4850 1259
1152 4591
6146 9100
4837 5935
5 7840
411 6313
6472 9041
3879 8154
236 3279
4793 7033
1714 3957
9222 7074
8698 658
3818 7770
3907 7290
6086 6093
9817 6358
6651 4266
9218 8658
2247 4699
8310 1313
2386 7221
4880 5887
4199 8872
1792 6226
6363 4923
2235 3497
2637 4709
8679 1452
2909 5289
2508 6931
3211 5856
5288 9566
7888 815
3470 3757
1101 1595
9100 3000
3389 7969
7819 5495
1339 9236
2418 3079
3129 8688
9736 4759
8237 6129
6005 7914
5902 8984
5439 5022
9374 5346
2569 7304
4121 24
5488 8297
6245 6290
6907 30
4272 3576
8508 6255
6484 5525
2185 2480
4003 5293
6309 4891
1699 4923
1302 3008
2298 8894
851 103
2956 8342
3782 5940
7801 7130
4369 8854
6844 7507
5811 719
7801 2821
2763 4392
4710 903
8273 9232
8488 6905
5913 7533
5944 7371
3455 9988
4790 6975
6393 7877
8058 7213
5227 6683
3403 4321
8754 3883
4760 508
5604 7020
763 4446
3657 3046
1428 5065
2534 9133
5918 5611
3013 8313
4375 5662
4252 4508
5093 7339
5653 5986
5687 9017
6253 5227
421 3756
1805 2813
2203 3088
6581 8826
4819 3437
5887 8674
1081 5384
5129 8995
7496 467
3067 5529
4209 5090
3629 4515
3588 2262
337 2607
6861 7311
8624 5462
6193 4408
4486 6795
3924 9243
2594 7187
1646 1234
9961 8315
1738 6384
3828 9131
1875 8870
4406 248
4023 8323
4250 7319
5953 9620
6911 729
5363 3109
7323 2070
2327 4052
1116 227
832 1865
2323 2068
5991 3509
6935 7973
6212 9335
1053 6681
3224 8333
1843 1616
2060 5522
4170 3488
7568 5297
3421 7305
9197 1004
5874 8414
9833 2154
5192 5576
7931 6517
5351 5340
1655 7809
8896 8596
9827 5493
7631 6642
4759 3371
4208 6237
3299 6655
6368 7996
1313 996
6144 6036
6835 9862
4827 509
6855 1294
4578 6305
2549 6692
4532 8818
6555 8882
8859 6633
5084 4083
20 4699
2245 1743
5157 7042
1184 8708
1771 7458
9339 8374
442 2823
5819 3606
2635 7388
6826 9587
1760 9110
3553 7729
5792 7795
2475 2676
2996 3839
9131 100
9485 9488
2040 3916
8694 9898
5044 8282
7513 7413
3360 9606
3360 7391
1531 5917
3924 9419
6771 7678
2958 8808
3541 4699
3725 3059
6104 9844
6964 4057
2953 3482
2822 6180
1815 3811
4123 8208
72 1293
619 5892
7990 6560
7158 9413
7587 2127
4555 4051
2433 5967
6601 8448
7850 9532
3719 3671
7781 7446
7051 5651
5765 4096
6284 6418
2979 5968
7774 209
7839 1129
7083 4004
5447 6567
4020 5073
7025 6887
8589 1711
4065 5718
1582 6689
9410 133
5588 8125
2493 1887
6062 6961
125 3747
1760 6587
7691 1392
2568 2596
6262 5975
5679 901
4828 4707
9557 1068
6306 7600
4534 1227
5237 8554
796 6143
5391 1787
3839 8249
5948 4593
7085 4039
6455 3872
7861 2045
9764 1933
6455 7026
6278 3946
4917 8175
8607 3942
4722 3735
9310 8788
9439 4243
607 5466
4423 5839
4497 355
3860 7382
3237 8194
1394 5553
118 8163
3359 3838
2361 5490
2963 5595
3408 6211
7735 2821
3985 7683
7894 6786
6221 6054
3248 745
8308 7823
5495 3964
3843 8502
5274 8920
3471 4429
2563 3796
9330 4663
8297 7297
8811 5532
3133 6248
2919 5013
2859 8345
564 5351
6655 337
6135 6229
8754 4624
5877 5439
5970 4206
4697 5515
5660 7548
5460 6440
5246 7908
6796 8984
7704 9361
1713 4891
1162 3327
7553 7098
4628 6704
7537 4121
6534 5429
7296 7213
2434 1133
1752 2725
6441 5615
7451 7989
6056 9187
5018 9720
2191 3711
8963 7726
4262 7936
6996 7301
2858 4699
9644 247
3446 9299
2515 5757
4213 9737
7194 8454
3487 6075
2749 2662
8354 8557
571 9113
6352 9572
3293 8424
5965 8143
1915 2392
1997 2690
9346 5262
7969 879
7015 6775
8971 4826
3869 6382
1936 9217
9384 3689
1436 8113
5249 4539
7434 6880
6238 6036
2843 4939
7377 3865
5355 5194
4582 6668
6242 5926
5460 8105
6379 9543
1768 6492
8333 2337
3190 4646
4893 9162
3782 7675
7698 7195
4881 6829
7979 240
6027 6997
3478 6860
5506 7941
6328 7231
3561 5474
3609 9157
5964 5005
4347 9537
1923 1252
7929 8474
7282 5694
559 8216
6619 3889
5227 5385
6968 7978
5436 4970
7406 7386
4499 9261
3497 7007
2586 7086
1256 277
9386 4905
4110 9277
2403 4053
3267 9002
3122 6140
507 1707
5429 8592
3604 3147
3392 4459
5380 4943
1408 5262
6698 2451
6411 960
1682 7164
4266 5723
7554 1510
8626 561
7089 1410
5803 8028
1006 7941
6062 6158
9443 9306
9903 1599
441 440
8262 3559
873 8472
7657 7357
9491 5977
1662 6417
3692 8884
5385 6296
9695 7204
3676 5641
1791 7470
3558 7083
4251 7535
9215 1319
4693 417
9191 8960
9790 5347
5734 3309
462 4942
3087 8750
2683 2510
77 7989
5017 5617
4948 5783
8043 6588
3492 5537
7576 7381
3738 5980
7756 3003
3287 3011
2860 4664
33 7811
6634 9729
1529 4157
3948 5645
5125 6210
6472 511
498 4612
2626 8634
5800 9503
3183 9225
8389 9224
6672 2787
9685 2799
4349 741
637 462
5411 9169
2441 7541
205 8160
9537 9438
6037 4383
5320 4971
8336 6486
7721 9825
4665 317
1347 5590
6923 6812
8065 1906
2433 3233
4165 2515
794 2795
3590 5024
9249 3800
8689 8307
3412 6415
4423 272
4115 1876
5482 3999
4540 9195
6384 8237
6853 6995
2734 4635
7502 6128
2304 4529
1928 8335
6286 8954
3976 5194
553 8199
58 5224
7189 1938
4028 3519
3654 9465
8090 878
2776 8967
4435 8458
5108 7763
1288 3521
6508 7848
5019 9677
8159 7515
2476 3198
9070 8604
3459 8327
3436 7148
9053 1726
3683 4810
6455 7325
2558 3617
8841 7441
168 4550
6998 6557
9288 1256
3436 9484
8043 8629
6544 3354
5866 6408
5802 6881
6569 8780
9363 3995
4786 6715
2798 4888
4166 6741
4974 7409
2140 6608
5195 3621
2142 8411
410 6540
4100 92
3807 4943
3563 4088
3352 7288
6054 7115
5247 5329
5197 9938
3985 8103
9864 1257
7949 726
1789 3654
2305 2524
7592 1657
1718 6339
2948 8982
8597 2640
6389 2796
1210 3425
5785 5799
2328 8779
6075 3094
4967 4120
8960 6075
8688 9588
4436 3666
2961 5659
8603 590
4473 6214
1106 3718
7115 1560
7266 8145
8265 7132
6577 8566
2966 8662
8058 9542
5284 7560
2022 6349
4728 9328
3614 188
6006 3007
6974 695
5783 5150
8389 2300
6508 7540
8553 8824
4898 6864
4041 7701
4853 7387
7167 7361
6270 1602
8116 4477
4045 2868
7824 1107
6086 2195
2058 219
9924 4801
6923 6075
3604 6545
6264 5207
4937 4617
5835 6750
7797 3835
6245 5867
9261 1195
3080 5461
6278 9427
558 6211
4338 3921
1103 2749
4449 1887
4636 5951
9187 4521
1590 9697
3123 7157
6942 9713
6126 6158
9254 8897
7913 7177
1619 3689
6309 6804
6160 6681
7886 6899
2985 6755
2741 5900
4867 8829
5731 532
2194 6670
7018 8553
2073 4165
9504 1437
1587 7426
4952 9812
6772 4296
3217 3735
3929 2251
5571 6528
9911 9264
4327 9881
4599 5873
508 6241
3018 3912
7750 8421
6969 7627
4930 9541
3397 7880
6889 8092
5946 4496
3310 4205
1410 3016
6014 9097
7614 1851
1932 3357
3076 3745
5376 8022
1577 685
5470 9118
8531 247
598 2993
4524 4894
6406 7463
1081 639
5989 6128
3045 3469
9609 173
4015 5956
8645 655
3878 4904
7770 7221
6586 8454
5695 8660
870 2876
3981 1999
4201 6469
6874 4841
2595 5232
6311 5630
4699 4615
4719 7977
7487 5714
5787 907
4694 3490
2933 6809
5742 2598
1523 5255
1584 6662
6267 4405
4792 4146
6428 7211
4788 6656
453 2722
5649 276
7192 9714
7491 2399
3098 7155
5319 9153
855 5977
1091 4527
8958 3827
5064 8001
4859 133
9394 4357
4139 1241
5280 4098
4920 7993
315 6642
4958 785
6813 8095
3810 5997
2561 3112
3998 6233
2629 9110
4385 5861
4361 3252
4896 6565
3641 6346
8721 3459
5061 3636
1339 4359
1457 4351
9231 9573
7371 8722
5566 8588
1698 3366
2957 3970
2833 8364
3036 8989
5212 6784
3674 6765
3104 4397
5893 3506
6390 8476
1574 4993
5299 2767
3067 7484
9889 2726
5647 7614
5362 4220
2631 2645
1722 6998
9690 9053
5772 8440
6371 8476
2324 7453
8987 4099
272 2231
7904 9319
1374 9038
4037 9166
6043 9061
6439 3628
7980 9314
3671 6601
5778 8726
899 5217
3908 6019
5912 7265
9969 6495
4107 4916
9839 8637
8573 2890
7966 9271
3315 5855
2628 8860
1454 9532
9465 438
6359 2184
3757 7139
1644 6889
8049 9161
1109 6730
1560 1004
5761 693
6621 5752
7323 3809
5415 7869
4899 405
6403 1099
3692 1654
9077 9724
7516 9987
9256 8908
3996 7434
1470 5554
5614 6887
5636 6417
1973 4862
3112 5135
696 7328
7125 7742
7164 9885
6374 5070
6473 7264
9140 6639
3809 495
5016 9570
8615 7168
521 3432
3026 2974
5130 5619
3635 4250
2922 4314
4551 3468
5478 8059
7716 841
2098 4052
7763 6780
3909 739
8792 5151
7441 7439
6410 6174
4864 7957
683 5951
2909 5031
7019 5356
4063 5878
6399 8351
9207 6130
3215 6427
3789 7187
5332 905
8118 1140
8880 7842
3706 6371
5376 8495
2194 8216
4633 9619
7441 8970
2658 2429
510 9806
7178 5069
8424 1038
6518 3976
2441 4767
4220 1465
5116 4003
5417 7112
7772 5175
9229 6023
1975 4708
3432 9757
462 5914
2337 5060
8563 7101
8786 8836
5582 7566
790 5635
7529 3848
7848 5025
5678 4012
8718 680
9531 9599
5594 8973
4885 1343
3732 8076
939 3112
426 6499
1637 5894
7129 63
3034 4476
52 9964
8219 9785
9375 9473
1285 2702
9859 8539
9926 3870
4411 7731
7481 5510
7839 9621
2544 7069
4878 6012
2166 6665
781 5104
5454 8804
5757 8576
5578 1929
5264 7660
4480 381
3647 4544
4402 5157
8201 9461
8824 4256
8444 588
3307 8273
6906 3952
2286 7726
8134 2991
4721 6980
8329 6384
1384 5824
6561 7458
6244 9700
6256 8808
881 5590
7063 4141
2524 966
6845 3955
3622 4096
2088 4987
4728 7346
9420 2923
7439 348
8466 6981
3392 4923
8235 669
6383 8596
8127 8720
4274 8465
6712 6785
1328 5999
6048 389
9338 7068
1759 5956
8895 6498
2662 2202
8998 6855
2862 3953
3274 2177
4750 9454
5524 4418
7328 9511
3954 5090
2087 4078
9915 8368
959 7835
3433 7081
3427 7495
1499 1814
6658 7851
8497 170
8812 4877
3030 517
3272 6695
4397 4855
6606 7553
8431 7107
3578 7906
709 8316
3873 6282
2178 8760
4541 5923
1711 6032
1690 9356
7046 217
5769 6655
2665 1829
6000 3555
2395 3402
3162 3803
1465 9130
6773 7679
2733 5612
6914 219
7383 9823
6086 1528
4137 6570
5449 2341
6875 7811
3189 6013
1573 4354
6079 3676
1664 2486
3064 7001
3084 3223
7459 1079
230 3204
7527 5643
7387 7326
7468 6231
3233 5911
6383 8409
5215 4631
8441 1489
4624 5129
1574 6218
1842 2771
2506 1768
737 7478
1224 3661
5657 9069
9081 2236
4387 5832
2574 3070
3069 5264
1646 7447
7888 6278
3953 8465
8973 838
3305 9597
5831 1614
4203 4560
3296 6330
992 8764
7251 7010
8076 9604
5915 3190
4796 6996
3020 7334
3837 7593
5175 118
8187 9556
4450 882
4663 4144
5104 5018
1250 4161
8562 9618
1132 5374
5094 7979
4499 3403
9380 4100
7650 9738
2751 5237
4719 7055
6741 1259
6541 4877
8192 2329
9919 7202
5920 514
5680 3242
7184 1950
3716 6498
1323 1764
3043 3251
195 4767
561 2380
3754 5743
8439 112
6980 2601
5995 4192
7361 7662
4797 8937
1734 6852
2599 5839
3354 5220
4701 8411
1014 1544
8335 405
318 2780
2828 3568
6330 8211
332 813
6406 6220
9644 6350
4629 6333
6941 5746
4026 9009
5330 6380
6348 2199
4265 165
5320 4911
2061 5395
8991 4600
7799 788
7360 3370
1991 3875
4915 8245
6396 3034
7869 214
5169 6849
8196 5978
9408 9210
1273 5177
6135 9796
9731 5433
5085 8777
8437 6040
2661 3710
7788 1430
3598 7003
2517 26
3717 7634
8371 4639
9030 2474
5525 4511
2723 8883
1978 5760
5804 8770
529 306
2380 3525
5774 6383
2410 4636
1904 4764
4992 8562
8056 4870
468 4204
3807 6601
8394 4865
7587 7280
2733 9426
539 6070
8113 2371
569 9359
4581 2733
8409 8556
5279 1314
1652 5078
4427 51
3000 7676
2077 5715
201 5149
2039 993
280 3227
8759 8790
8721 6283
8048 7466
5596 7787
2609 5990
9245 547
2729 164
5866 8550
1312 3818
608 3702
6973 8009
7821 5366
9397 7626
745 1088
7494 8354
2181 1584
2152 654
1451 6205
3178 6914
5272 8871
1505 8131
7188 5803
2900 8101
5152 7234
6829 5641
4254 2593
3588 6933
6857 721
9384 3994
6077 5713
1311 6437
1749 5616
4856 9464
3577 6636
7363 8823
7332 3057
8600 1000
4791 9190
5085 9408
942 4476
8448 350
5378 3510
870 1338
2872 4726
5858 7530
5670 8462
3167 3102
7784 9122
5559 8136
3612 6872
4257 3375
7114 9492
1209 8509
1019 4184
4239 5923
5170 3049
1429 3264
5128 6206
2947 6724
5349 5801
6656 9859
4371 8334
4474 7523
3042 1255
2776 4519
6139 8293
7930 6277
7190 4023
4201 4597
2052 3670
1935 870
5089 6456
8124 8213
1327 3387
1122 4904
7016 2271
1121 6665
5427 6865
6741 5449
3315 8008
8188 1445
7788 8156
5806 4188
9831 7115
1927 3732
6309 6731
5792 7673
5171 7060
4310 9212
5676 9447
2933 6815
6790 9929
9770 1133
1240 4155
3294 5976
8865 209
8952 851
8319 8034
2715 4764
9442 5330
992 4928
7767 4259
1472 317
7918 5596
8036 7537
5900 7340
2271 7059
4635 4447
7286 5504
1487 6196
2369 4332
4404 7143
6372 6517
5884 8914
3747 6994
6766 112
3554 3832
8755 7651
3612 5759
5446 6594
4451 7726
2667 4268
7553 2828
3093 6591
9325 8972
1617 5235
2802 5661
9014 4091
2156 5405
6419 7221
6686 2317
1089 6405
9934 7336
7764 6057
9241 6591
3019 6655
1819 5877
3620 8750
3744 6830
7023 7456
1546 3732
4483 8566
4949 7090
3558 3792
4794 9138
9090 19
3477 8943
2653 5527
5194 6978
6357 5393
3861 6839
2149 517
5330 4543
5469 5641
3049 6143
7772 1033
2261 923
1204 4395
3432 3171
3277 2065
3207 8422
9728 2238
1603 8049
2067 6692
8992 103
6236 9546
6950 5920
83 850
4306 7468
3502 7673
3522 6339
3327 4114
186 6051
6120 7506
1869 8410
6129 6279
5922 3771
3348 4358
4898 4202
357 6808
7148 8887
1148 9818
8124 8644
9269 9900
8677 3609
5815 3500
2735 6467
763 5173
1258 5115
4888 4803
1405 7794
8203 4628
3589 5709
1803 606
3313 5252
2165 7374
5253 8994
8319 9512
1659 3715
653 4725
3536 8276
5360 6208
3166 2852
566 2218
232 2867
2780 3045
9504 3902
2799 4226
2995 3118
7232 3255
8155 2183
8905 7370
6606 5947
2600 7665
3536 5135
1368 748
6323 5595
5058 3897
5967 9343
6061 8483
5611 9186
3247 2938
3912 9973
3785 1301
8987 4039
4647 6406
849 6087
485 4615
4908 7349
3543 5272
7746 1624
5249 2660
5016 6101
1353 3792
1454 8533
2618 8082
5921 7375
7218 3575
4093 7294
937 551
3808 8064
2872 6393
5499 6864
6092 733
3117 5177
6790 5730
4565 55
4878 2501
973 595
1651 9060
3342 5645
1797 2469
4274 3639
4156 5340
687 6509
1726 953
4593 8761
4331 5085
6531 793
3999 4989
4248 9894
719 1980
3468 5595
5626 8476
4883 555
278 4903
3381 5074
9575 7917
3500 4244
6668 8974
3860 7933
3605 6889
4444 4197
6887 9277
1615 330
2191 7845
742 8807
4274 7169
3356 6306
9280 132
3632 9099
8286 8090
7486 5233
4034 7574
6983 8059
1888 2946
5807 4457
8432 2115
4454 4898
8013 6332
5320 3292
2312 9545
1068 5543
4123 533
4267 7637
7705 739
4308 8163
1495 2089
2050 6283
2831 8834
8791 7538
7485 1867
4257 3916
1425 2518
1576 8349
9952 6294
2822 7967
8042 5878
2641 5640
5293 5646
9379 1413
5205 1332
4859 8343
7508 9327
5305 3670
6617 8072
4091 7424
2659 8555
749 5924
5974 6394
5281 51
2940 9477
898 1294
2198 4144
515 4939
3895 7899
6569 5678
2781 8558
8600 2856
4637 9640
4903 7581
319 5121
3225 2792
1526 7026
9142 1082
3384 7925
7258 9929
5704 9148
5811 7059
4830 6140
5214 653
8616 8061
4901 7777
7924 8477
5200 6087
2832 5584
8062 5903
1966 1942
3118 8341
7785 8254
5598 9287
7512 6146
4888 2711
8819 1048
6229 8043
3681 7636
3297 6707
6086 9226
6689 8967
3458 5120
1966 5446
1841 3465
3408 6925
3757 8799
5902 3110
9929 6110
204 4083
9031 301
7280 7048
8293 8414
3885 5951
2455 7192
4270 6058
3615 7524
9663 3897
3238 7537
1385 4245
2025 670
4487 3023
5803 485
2260 5411
3180 2873
4682 2969
6375 418
6224 2585
9460 8533
3811 3800
874 2349
6349 1304
3514 1298
7852 9852
569 4867
5911 8891
4958 9037
5651 5288
7222 3040
5978 3468
6755 8758
9002 7547
3532 305
5858 5803
2916 7620
8678 5851
7127 8522
2765 4226
9694 311
8713 9780
5140 5873
2065 6703
6771 2178
5817 9535
8350 5941
4695 8411
3206 4578
5091 5873
9432 432
6674 5399
9536 4461
1468 2404
783 4516
4955 7934
5793 402
2829 8388
5040 9735
5281 6643
3861 6091
5246 9803
8790 857
8617 6527
7298 8767
9342 6968
469 3952
4622 7128
4441 2586
6235 6274
569 6290
8003 9458
9054 7669
3230 8331
2619 2027
1240 5677
5106 8345
8846 1223
845 4589
8376 291
1673 3694
2255 8287
4309 9354
7954 9579
5111 9749
5350 3844
8377 7174
5894 8293
232 3621
3753 7981
3303 6698
8578 7056
940 6044
152 2285
6855 50
7545 268
4142 8143
9106 3913
5895 5377
3783 5995
2758 1771
4849 5682
3413 6842
2666 8076
1482 4125
7318 8684
3937 1335
7173 3082
8166 1840
6104 6022
2137 6685
2949 6563
9045 8117
6450 9813
3517 604
2657 7330
7469 7173
684 8817
6186 7609
4336 1582
6863 7070
6032 497
4968 5242
3149 5439
0 8306
7926 9196
9375 1818
8079 3776
6771 8420
5028 6168
6466 8723
6495 3008
3506 7554
3953 137
6308 6565
3347 6743
3484 9192
5510 7982
3898 3813
4892 4671
7558 7056
7506 8586
5722 5128
1902 7531
7518 9872
6007 1325
4425 6898
3105 2083
7582 1936
2692 2439
6459 8023
6677 7428
6345 6460
1217 5334
561 4885
9993 7370
7052 6443
4170 3467
1116 2663
5998 7934
6739 735
5234 2290
2842 7055
8382 6139
4907 5315
247 3540
2929 6421
9042 7353
354 4834
4672 1890
6686 6335
4626 5157
3540 8911
5701 3230
5829 6125
4511 6109
6713 4896
4380 5811
9948 756
2720 9707
6137 6133
7793 3929
5250 6798
3933 4947
2560 1060
2577 5844
9395 4084
7908 2310
2634 901
2921 4341
9705 1277
3628 4728
2024 3830
3799 3792
6390 4340
6061 7548
2129 9481
5448 6796
3540 6012
8624 6314
3493 7657
6275 7248
8097 3350
693 6706
3399 8409
6954 4274
3447 7137
6924 1399
5967 837
4565 5294
9775 531
8142 3887
1652 1985
8332 4950
5696 495
3559 6038
4663 8690
6770 6422
4865 459
2435 4703
4830 7820
3576 2541
2065 4611
5153 8446
5830 9368
3120 4927
8001 7344
7426 9062
995 910
4962 5845
4758 3571
212 2901
8962 1545
6978 5381
8807 3886
3444 5926
4070 4402
6002 6297
6518 4349
2068 6319
9019 6401
7128 6264
8205 3673
5229 8683
835 1200
164 7411
7662 8120
9284 2619
2678 3740
4520 4170
8704 9628
896 5990
3273 8501
6929 6404
9076 6238
5029 7201
7480 5460
2306 1774
3013 3622
3872 9210
4696 5981
3697 9852
3162 8525
5908 2043
509 2440
4027 3082
8896 2227
235 70
3842 4241
2757 6382
3328 3323
8053 797
4159 1036
3319 8872
8443 9061
965 7284
2226 5039
5750 1591
1654 1844
7416 1795
7653 7858
7338 4319
6842 9107
6707 4489
2512 3531
3287 7994
7226 2573
7721 6982
1699 3199
7436 5012
3735 4104
7681 7933
8085 3364
2350 1560
5999 7906
6267 8889
6475 9821
5458 6276
6653 7878
6338 6325
4562 6892
4629 3913
5033 8463
6888 1773
5182 3604
2902 208
9715 8950
6831 8823
2099 5482
8692 1618
2011 5369
3704 2818
8850 4190
4144 3053
616 4581
3654 8824
8320 7115
2000 6119
4510 5547
7750 2569
3782 8191
3632 6446
6815 719
3420 6563
956 3346
3736 8489
2165 4092
8331 8563
6417 2780
2303 4736
8309 9743
7602 7895
5098 9221
4752 6369
4710 7126
4817 836
2790 2087
3157 7213
4290 4702
1607 6551
3912 5281
3296 8984
7640 9705
9111 2086
5287 4784
5350 7055
4104 8376
7489 7213
5582 7297
4338 4527
4990 3221
2723 289
6377 4010
5425 7764
4009 7442
1170 4311
7487 2306
4360 5161
728 4380
9675 7510
2270 613
4458 2434
2542 2469
7681 9611
3763 5292
7914 9819
1150 7348
9295 5195
4245 7695
4470 1626
595 8294
9679 3091
911 394
2528 8842
5537 8183
4699 4603
2637 4813
3850 871
9944 9926
2180 4345
7658 6981
1173 8392
5357 9420
6960 9568
2631 3988
3988 7638
1085 9447
411 606
3908 7120
6213 7540
3049 6312
1370 2153
2913 4990
9926 3735
1266 5442
8112 1795
1416 1976
4702 5530
5365 5056
6564 7366
5208 5109
1120 4048
367 549
555 3229
3337 5560
5031 3611
2784 392
2376 1092
7690 4788
2370 4431
429 501
1775 3504
5049 6526
4849 9619
3118 5004
7750 8343
5534 8409
5009 8524
2490 6832
6452 9245
7030 6970
1288 8196
2879 7058
5150 8419
4823 6075
3460 395
132 3489
2695 5372
4289 8477
6916 6962
8252 7291
7128 5569
27 4496
9126 7000
4145 4941
7159 4360
4273 5355
3304 7708
4418 5450
8106 8526
6404 9567
2037 3170
3682 1625
3836 3260
5647 7494
6839 460
5500 8235
1388 4831
4872 4465
7471 7089
7049 7625
1687 8547
3363 1885
6196 6891
6806 175
9037 2632
6454 8354
6624 8765
1738 756
6940 9910
2403 9777
8027 3119
4138 7866
2249 6341
4368 8099
1159 8404
6321 483
8863 4522
1766 4359
7414 6652
2780 8838
2130 4003
4611 7160
2966 6224
2114 7176
3126 3998
9804 7826
7078 6595
6278 8491
5193 5943
3891 8123
5833 6276
7488 464
3589 5462
7620 9924
5134 4962
1930 7597
2558 4722
9963 1187
7212 8759
1290 9115
4280 3222
6214 5163
2893 6001
4224 2014
213 3654
1689 6730
4503 9013
7135 7613
4389 3515
3857 5869
1051 5692
7688 888
5251 8354
855 5228
8912 5406
3455 6993
4604 7496
6090 9045
7532 2711
3433 9900
7828 6910
4892 6327
5940 2806
9470 2556
5972 809
5651 8072
5422 6263
4439 6503
6777 9315
3547 6824
9281 8403
9942 4473
1996 3345
9456 4499
8206 9808
5460 4690
2659 2642
1672 5355
3093 2345
4039 8639
7354 9484
5917 9517
5806 9420
6234 4
4791 8853
1714 6870
9905 4833
7324 2263
7422 9739
8406 3988
5589 9772
1879 3187
5858 7193
4691 9561
6849 8278
3319 8942
5822 5442
4943 104
222 1611
2687 3481
9572 9625
8062 2205
109 2121
6122 3869
2522 798
7204 7930
8062 3494
4767 7704
8039 4715
4503 4396
3966 4457
2561 9626
1506 4328
6689 8773
5069 7638
3615 8256
4021 1067
2102 9233
4528 6496
7532 6725
4283 9883
5442 9842
3757 3357
9987 9829
6839 8609
7725 2057
5978 6065
6888 4529
7361 4749
1765 5504
6873 2716
7079 5036
3768 7279
4881 6368
5781 6130
1488 1668
5020 4497
6317 1680
5814 9690
9336 3200
1555 3829
673 2394
9977 3876
1940 3118
2438 362
5400 5778
6076 6061
1316 3412
8294 9747
949 5833
5571 1580
5 780
3284 948
3087 8476
4412 5529
2870 8249
9550 6525
567 2920
615 4617
4701 6800
4135 3908
2077 9781
5984 9747
6800 8872
9803 1457
3344 3042
5904 8707
6167 5374
2239 6968
4802 9898
8345 4477
4738 5941
9536 8589
9138 5281
1044 8456
4231 8998
1708 8850
4337 5718
4297 4370
2673 2298
1045 9179
3257 7193
4270 6832
3611 5735
4239 874
3516 1711
4334 7527
5497 3727
3721 5728
8316 1106
257 7914
7571 7819
8249 7468
348 7803
286 738
7297 5035
3565 5107
1300 5217
2427 3975
3076 5818
5952 6993
2621 6177
6681 6910
6573 2358
896 8143
7331 724
6296 6924
4045 2539
5307 9335
3715 7508
4506 8532
8757 4366
7337 8998
4701 8478
4690 3630
6376 100
4447 5858
5809 8391
2822 4608
5000 5512
9666 2083
1326 3768
1967 7248
4290 4827
9355 3618
2816 8886
4352 5863
5332 9755
764 7276
1101 3434
5235 6560
6411 9869
6507 9348
6568 9035
1174 7561
2850 6790
5110 9948
8579 2592
1061 6866
172 2826
4865 7902
8268 8594
2956 5846
8889 6847
1865 1039
6049 4282
1332 6174
2503 9139
1932 7108
557 1832
146 8421
5538 2652
2938 8434
5782 797
6317 2124
5112 7913
9238 2813
3056 6211
4817 3794
4219 1364
8580 7687
1467 5557
6730 3875
6528 6858
1285 7014
1749 9858
2526 7456
3875 3109
6200 9136
2132 7236
4313 3456
6188 4817
6248 438
4479 4162
9004 794
6965 9878
3410 5345
5931 1633
5615 5076
4486 1024
3677 9028
5287 9152
4528 8605
2231 1593
3784 2711
8147 9861
2008 5493
5924 7228
612 1097
9447 2094
5603 6126
4711 8174
7185 7154
9075 9547
7246 2411
7960 5955
4885 6260
2989 4547
1109 6225
8552 582
1075 2147
456 2812
8515 1639
3753 6003
7672 8009
3553 6588
7574 4175
6574 9164
7090 5294
5634 8054
7795 7032
1033 7411
5059 912
2505 9816
5060 5981
4301 5929
7534 2009
3992 7803
7975 9070
5876 6540
8539 252
3827 4962
179 2224
9877 2347
3998 5904
6408 3637
6586 6649
6238 2933
1344 9622
595 7548
7882 1163
3433 4267
6291 7145
7926 8036
4493 756
1519 8054
5482 9083
6142 9358
5561 3485
6130 5857
9879 6957
7079 8221
7633 930
4287 6141
7760 7306
6447 7900
5301 6419
1610 5031
4078 2476
5356 5308
4829 8531
7576 5620
3255 7512
5943 5226
4450 3637
5752 9041
6774 8537
4828 4263
765 7396
1853 7660
6658 9264
7093 561
6550 8913
1521 6103
8733 7128
4034 29
7218 6689
6232 767
7689 5816
8814 6191
4689 8712
6757 5055
3004 4213
4895 1906
5180 318
4534 5576
5459 7317
4997 8720
1845 3180
1960 5116
8450 4574
9619 5140
1952 3427
5893 9164
4009 2321
3680 5263
89 3059
8013 9538
3027 948
1732 1330
1501 3612
584 5
4447 9498
6345 4161
8820 828
5551 2839
6172 6835
3654 8751
5121 7577
3080 6678
4997 7807
3412 5727
3238 1373
7885 6104
6759 4272
699 6384
9257 4104
1820 5068
780 6723
2728 978
6383 6092
3133 6167
5650 3474
4203 7020
4999 9142
3048 6739
981 2175
4876 7988
5991 6921
581 2470
2256 2457
3930 1879
6763 8605
3044 9370
7397 7430
449 9834
8640 1381
5596 8206
4612 6787
8225 873
4496 6841
7025 6740
6135 5222
7170 6606
7096 6391
6156 7496
2372 9327
7432 3344
5114 3628
4613 8301
5898 5659
5894 6183
8590 863
1986 8244
8433 8527
2694 7284
4863 8826
4431 6954
3667 5804
1444 5911
4485 2989
4616 5458
2649 4737
1277 1489
6512 6353
7317 7312
5433 6885
5216 1932
7793 2811
6440 4235
454 634
7370 5862
5549 2980
1378 6388
1101 3599
27 1240
3559 4786
6754 8747
1259 3663
8917 7771
5797 6613
4006 8400
9250 4719
6641 589
1880 5178
3157 6590
2742 6082
4363 3426
212 8173
5408 5498
5645 7131
4227 7931
3642 7049
5486 4105
5166 4689
7474 684
6465 6348
2206 4422
8200 1727
7272 1637
3560 7774
8410 490
5101 9784
9774 3096
5264 6513
4471 1215
8536 6493
2619 2992
4525 9328
9979 761
1756 7461
6097 71
5878 3410
3663 9040
4859 7403
6348 7008
5421 8540
6861 9973
3157 1476
8623 2826
6519 5025
8011 6648
4638 5835
352 2022
4029 4680
4330 4793
7967 7867
2432 4431
8615 1672
6090 8796
2945 4198
3781 269
1363 3584
2983 1457
4753 7720
4362 9821
6133 7338
6671 8145
4135 3362
7502 5858
5509 6656
4755 8705
1983 6833
8846 8751
9344 8210
9874 4992
8492 4961
2211 7599
9000 9605
740 171
2296 7185
6029 1336
1199 4105
32 2686
3774 7274
6422 4421
7673 1488
3376 8167
3338 5660
9909 2074
8128 8713
5485 5265
7166 674
4671 322
5712 3214
6060 3897
3356 8575
7592 3118
727 5062
8172 9062
2134 3285
4797 7385
4172 7562
3637 8975
4597 2601
3628 2739
5988 7296
4680 7739
4141 9151
8781 8473
5329 7596
4293 5758
193 1196
2384 6735
6902 7114
2669 7887
7764 168
3875 9153
6474 3109
2057 7508
6579 7363
5224 5974
2106 3199
4830 4542
3754 4783
8707 8766
4338 818
8458 2319
5347 5182
2859 790
1400 5265
6518 9810
5363 8509
6469 8642
9093 7381
9260 8312
982 416
3843 4464
3168 7035
1433 3964
788 2765
4014 8254
2238 4657
1426 5910
7260 1011
384 2308
1855 5269
3929 1363
7270 2409
7192 6919
7405 5980
3101 5826
4568 5901
9802 2727
7902 7954
5722 6482
4194 4936
5067 7719
7101 1260
2007 3165
298 7694
4746 4752
5811 7476
2487 6784
1562 6440
1369 6799
1565 6216
2705 5142
2333 9471
9371 9441
2225 6905
7635 281
3297 7942
5986 2057
5561 5328
2279 8309
6245 5960
235 1477
4796 4707
4760 6218
3675 4195
4585 2430
9605 3434
7447 3441
281 2010
9440 9224
7957 1971
6148 671
7147 8289
2289 6795
4565 8500
4374 3270
2298 3316
5209 1331
2705 9827
1392 1524
6316 6792
9846 6771
5880 5444
536 1953
8717 5644
2467 213
2143 7700
4438 7469
5888 9590
2331 5721
7289 1417
2760 7561
6613 2302
3502 1489
4554 9872
8248 6347
4733 718
4022 5847
2223 5198
3740 5868
5118 4437
2705 3666
3856 7211
7176 8134
82 6054
6698 6560
8128 2057
6962 9235
3070 7039
48 4726
3408 6805
2007 2065
8349 834
6007 6948
3586 7750
3575 5117
6691 8748
8093 5725
2484 8756
2583 7193
5599 6722
7581 4008
4602 4812
8748 4794
799 2163
6253 6428
3267 6024
5861 8304
4940 3989
5952 2006
3723 4025
1321 4840
4435 1908
3467 5388
139 4052
5048 8379
2770 3366
651 7768
6554 6904
6053 9591
7278 519
6123 7620
2980 5283
1163 6078
6528 206
826 2228
4189 6002
1561 7292
4746 177
3018 7911
2216 9438
9567 5438
1835 5316
4770 8118
9899 3696
7798 302
4069 7253
2647 8614
6892 725
6142 6276
3145 3764
8194 7455
7698 9991
3890 7035
5423 7464
4376 5733
4050 5977
6596 9721
9473 1736
4578 8311
5097 2231
6512 4250
5889 5025
9623 1158
3089 8275
4366 1379
1793 7789
9079 1674
4261 9664
5138 7493
594 6418
5091 9633
5862 3094
2632 8480
2387 6663
4292 733
9848 1747
484 9562
7673 619
7674 7674
2426 5729
4348 9380
922 2554
1190 9724
1615 6978
3378 7344
1652 858
960 752
3212 4315
150 9285
5392 273
9825 7640
4457 5135
4835 4004
6640 5306
5035 6280
4493 1796
5029 5711
3846 120
3257 8127
332 1546
9862 7535
1728 9325
3538 7551
1518 3328
8653 3002
1125 6780
8122 6978
2633 6398
4445 5259
161 4000
462 5160
56 8673
4837 2750
1600 3259
1373 7003
7555 1390
1786 4203
3399 9765
3601 1497
304 3941
9086 2079
5211 2560
2045 5487
2127 8000
7029 2892
8819 9548
6511 428
528 2494
4621 7834
7525 9108
7115 8944
4773 4670
2853 119
2550 2333
6381 7902
5728 7522
7768 8169
4528 6680
1145 9084
7014 9427
5391 7055
7368 8198
7614 791
3483 2255
7245 4048
4662 385
1779 3866
5639 5965
5439 6614
8395 9475
4152 1158
8589 4093
3599 6644
7585 9377
1473 1436
7978 9308
8834 4799
4971 4351
4937 3720
3335 10
3228 4085
1447 4308
4024 5187
4717 6871
8138 8600
5687 9523
3657 182
6437 8294
4714 5526
9595 5957
1570 8966
1523 6639
8838 4931
4667 6353
8921 3882
9437 2752
5897 8178
7593 2626
6366 6441
4075 8814
4420 3564
5137 2424
3449 3104
8597 9248
8986 1661
4371 7765
2089 4259
2849 5704
9977 2221
1975 3901
2625 7164
6627 2523
2326 8265
8006 1502
7823 6484
3234 7393
3008 5589
4984 357
3743 8667
3275 8040
8143 5011
6837 8496
6355 2077
3915 3418
4726 3337
6679 6109
2939 7983
5023 298
4940 8931
415 2914
2280 7465
5728 4436
9643 4522
7026 4473
5302 1295
3914 7636
8357 1425
6660 7506
3265 8624
6356 3079
816 3500
7469 8318
9968 5342
4761 5909
6005 5481
8462 8244
800 9090
651 6523
6256 8217
4126 2136
9182 7523
574 3041
1773 6105
8457 8287
5227 612
2760 7189
2583 4109
6827 4663
8246 7205
1947 5588
3681 9454
8471 7323
6870 2495
6586 7691
7580 6563
4058 1749
5984 5785
9756 187
2400 8724
6391 7600
4985 7737
4813 46
1022 2921
1151 7761
5545 7845
7316 6116
1733 9550
3299 771
580 9342
8318 4290
7502 8871
2379 5645
7310 3682
7869 9567
5374 4822
6120 6561
9463 2055
6779 2999
6941 8696
2856 5691
3121 7157
4449 5380
7537 9215
2624 3318
