8030 7283
5684 8488
811 5171
4149 6902
1809 3226
2118 8182
4419 9651
7147 7959
5807 6235
5414 7701
5108 3982
9107 4476
1827 3172
3169 7682
8062 9170
6811 2240
5580 6313
6381 5810
8216 7772
8231 6360
698 2368
8640 6006
3774 7280
8486 2277
3128 6876
3254 4211
5881 8883
9981 3538
669 9520
3377 3500
6966 6863
9869 5017
4964 9827
6354 7238
1746 8134
8282 7442
3085 3513
2343 2647
2473 3888
2537 6798
1840 7395
2917 4804
685 8575
1920 4880
1183 9983
5959 6951
3419 1938
6622 4262
3726 6784
9479 9396
5668 9138
8371 6221
2158 3890
6042 196
7750 7042
4438 8454
3030 6973
7033 9387
4280 8511
6954 197
1905 1350
373 4529
4316 6892
2125 7217
2285 4725
881 8584
3276 5514
8570 5360
4454 6718
6697 3816
3424 7371
2011 7990
5889 6760
2499 6761
4024 5565
4989 5951
1218 6031
7200 6480
7313 8306
4973 4667
2110 5380
203 9665
8357 2340
9266 1141
3934 545
5513 5291
4019 8725
3113 6179
7684 5896
4076 6492
8864 5712
2964 3841
3384 751
9772 1888
787 8036
4351 5384
3914 6578
5065 5959
2813 8748
4667 4048
1654 6022
3094 810
4733 5341
3432 3020
9918 4463
317 516
9045 862
689 1556
947 1851
6967 6002
9630 6921
3823 7227
5070 3098
4812 6509
8590 2389
2759 6310
628 4
3246 7071
4863 1492
6982 9895
3918 4202
543 7221
3409 1292
730 4603
7016 1033
3788 5297
4839 7672
2768 4386
4915 7667
3042 8301
692 1988
7019 9036
4717 5881
5257 5337
9493 6784
5038 45
5824 954
4086 4028
5550 3869
6398 7642
2084 9244
6766 8297
9826 1453
2769 6314
5403 5512
920 7305
4754 8220
4761 4998
4010 4275
8414 5047
9524 4390
8126 6566
3531 3230
5005 3493
1643 3327
2462 3430
3129 6862
7811 1751
6465 8584
8478 4695
9465 9300
4973 5877
2607 7167
8960 9249
6427 9874
6489 4861
7691 2450
4698 5076
3273 9364
4208 7134
7473 951
2937 5887
8840 9490
3531 7794
1635 1126
2109 4429
6190 8217
6886 7957
8081 5129
5312 1276
6584 8494
6963 8153
3604 7733
6063 4190
2501 4673
2213 9868
5845 3967
3708 4592
8363 7420
2672 704
6874 5987
8634 9990
3090 7754
4289 5863
7933 8896
324 6306
5153 6318
4821 6811
8485 7544
8294 4566
7741 4996
4699 7171
4474 6006
3813 6526
3932 3508
3080 2474
9083 8001
3866 3154
5532 8313
8266 8910
1511 8511
3258 7620
7593 9046
5251 6987
4839 5767
6900 5561
7555 5758
6466 9012
7670 5479
909 3279
3906 4515
4886 4243
4638 8342
562 4403
5754 2252
3846 1589
4668 8113
5340 5473
101 2853
6284 8725
5816 7802
6492 4409
1714 8536
2175 4730
2856 6111
5846 218
5758 6521
2029 9042
9059 6936
4006 6169
117 2551
3127 4480
1810 9533
879 5762
1353 6850
1389 2306
8010 298
2471 3802
3806 3721
6651 9784
4127 5533
9610 6527
1633 1885
1387 3172
2567 5203
8308 9875
5476 7723
9178 8977
903 4375
3248 3965
3891 2381
720 763
7852 2546
618 6350
7457 5171
6958 8456
2232 8084
3727 7992
5184 8611
9664 4009
5035 8488
5732 5447
775 1988
6683 2222
4881 5577
2205 2181
4001 6696
389 1400
8300 9660
1872 988
6990 9734
4545 8745
6360 9338
2981 3341
2948 9580
5720 81
3576 4453
6280 189
6606 3328
1317 1345
3618 1013
3962 7764
4409 2037
8918 2367
7415 585
3803 8121
7875 8154
9107 4225
4091 7770
4156 2237
3496 5345
9120 9533
2991 8327
3884 8581
8815 4174
7624 7646
5190 5998
9337 3761
4119 5859
6287 1615
6988 3877
5685 463
7450 3679
4514 3621
474 7741
7809 350
4969 8402
2873 7796
1923 3517
145 3257
7118 5047
2539 5183
2737 7642
4510 8238
1814 9882
8400 8523
64 7469
639 5162
2981 5006
6991 8591
5360 7361
8756 5125
9260 4658
170 1156
5519 9569
497 1322
7003 6615
7273 8196
7846 7011
3421 2164
7673 6036
947 8553
7664 8202
2015 3698
2377 6265
6764 7393
2653 4628
4182 3137
3963 5988
8287 6730
9717 1325
7870 9596
5318 7727
1898 4358
5330 9952
5815 9701
2167 2533
5482 143
9963 869
8174 7095
2089 5178
171 6601
8860 7544
8887 9633
5647 7915
9941 9044
1890 6402
2961 9466
6376 827
9294 8186
3750 2981
3669 6025
2726 7613
4276 2502
7669 6707
1872 7701
2904 5633
1498 7231
3372 3523
4182 4789
8748 1193
1683 4769
8823 6736
4722 9614
2865 6846
6216 8314
7960 4762
45 2947
4981 870
1458 7926
1451 8704
4541 4210
5442 9832
1589 5147
9299 8893
5268 2216
374 9659
1255 7193
1467 2417
6057 6577
8232 4029
9597 7769
4057 6204
6732 7426
4220 7659
7039 5856
3699 3234
2546 811
4832 9620
5314 7408
2999 9424
6787 5231
5131 8640
6368 6038
385 6118
7393 1779
9907 8725
6010 2048
95 6995
1806 2475
8605 6889
3851 4018
8012 9987
4945 4033
3124 6291
6723 8090
3679 2083
6683 9445
4648 5099
6585 7338
294 5316
8415 5021
2771 4796
4605 7617
3354 6874
5016 2758
2325 3928
2604 7958
2048 8494
5103 7197
6183 9815
1620 96
6034 6016
5512 8829
5574 1305
6233 8296
4443 6750
5637 6730
4472 7222
7402 5479
2849 154
6417 6841
5970 1133
6450 1770
1742 5468
3975 6537
6714 6017
1232 8106
4408 9802
7083 9038
452 2481
8834 9545
6900 6786
3168 6858
3966 4852
4909 6004
4946 6071
3185 6209
2755 2195
2796 2906
7952 7477
1792 6177
3954 5794
5841 6226
7004 211
7924 7536
6067 9427
5405 411
2481 104
9741 7845
2789 5589
6832 8893
2890 3951
3394 9900
7697 2218
2901 5537
2620 9459
4519 7242
7793 879
9550 1201
4431 1652
2476 6418
2915 3607
4786 7707
560 6224
2420 6782
1704 2411
6769 9833
4488 3354
4040 9085
9048 6588
8509 5556
4482 8383
6521 2268
4179 6396
3456 7987
1400 4070
7255 48
8048 6100
2650 949
3888 4648
3009 3511
2052 5164
7799 377
2599 5333
6630 7809
7298 7450
9418 6427
5108 271
6947 3436
6336 7483
7649 8552
4800 7739
990 6171
5131 3823
6660 8977
2296 7789
6499 7073
7465 6637
2707 8262
8861 7246
9570 5491
3058 1780
3002 6086
1828 5526
5232 4642
8998 9587
9557 4626
4801 1157
398 5454
5011 6336
9228 9002
6055 8772
9289 5979
4727 1329
2514 9543
2674 5294
6320 789
5650 9891
2073 7585
5880 8074
7812 9215
2024 5599
8087 2738
4907 4306
5986 9143
9917 3575
5832 6232
8789 7332
3880 4853
7290 8702
7132 717
1636 5840
3697 7620
9592 2179
445 6050
6847 2655
3811 7089
7130 1960
3558 8077
6478 9847
645 8969
1219 7780
452 697
3693 2788
7028 6500
4987 7550
2934 3904
3250 5601
846 2435
3519 9963
6388 5995
792 6521
7072 4183
7743 5556
644 5310
2216 2469
6176 3264
8728 9684
6030 6300
1305 7284
3655 4737
4728 4427
2561 7095
3141 9333
3879 9033
5221 9140
6054 1530
3980 6641
642 4846
6564 6476
2217 5686
6859 9807
4771 8796
4675 2443
812 3981
4793 8851
4698 7271
1231 8745
7489 3908
7191 6466
4231 9461
4104 9393
9418 1489
6783 7021
6807 1228
4893 4076
5849 4642
4300 8406
7918 1560
9408 4571
7183 4080
4563 4965
3835 9366
2017 110
9437 145
6928 8297
142 8319
8504 4141
2867 5124
7825 5775
877 9411
2092 8282
2178 6070
500 9195
2570 7762
6109 5117
2972 3083
6447 911
7589 6851
8196 4267
3368 7634
8838 472
6966 2536
6446 8391
5907 6127
6177 6927
399 3504
1083 6351
1264 3016
1064 1908
2330 6194
2423 6156
2438 7188
7447 7804
5455 6797
7271 4811
3095 5889
3272 4502
4268 6978
954 7755
3746 6115
6075 2462
7746 7211
416 9284
1193 7111
4249 1343
8256 3233
2782 7620
5250 3079
7815 8334
5282 6451
96 2940
4729 6238
4019 1123
1753 1863
8633 9841
5670 561
6421 6845
4343 8804
3295 7895
3016 6228
4454 2633
4724 6429
3885 5859
5567 9077
5257 1681
3588 6282
8726 633
2080 2621
7940 3107
2631 5878
7854 9685
4640 7468
3773 3416
1314 8945
765 5239
7119 5331
2684 6118
3460 8325
5010 4153
9859 3060
2869 3023
3478 6635
1537 7660
2604 3398
3166 7568
5673 4968
62 1695
1288 6811
5577 9582
5998 190
1708 200
6198 480
3031 1758
3152 5431
4220 9207
6947 6876
2014 1559
7383 9658
3646 5185
7820 4936
3026 9348
6030 5605
667 5430
3363 1305
9135 1944
1123 9093
4053 7121
7514 5014
3589 7889
2575 7732
9201 6031
2943 22
1919 3900
681 652
6272 7366
4515 7946
8922 2078
341 7084
7080 8707
8365 669
5154 8283
5350 7148
6480 727
9790 6853
5552 9497
6094 7565
574 6918
6429 3125
7208 9279
5035 2562
9460 1959
8464 9319
4768 3386
609 6094
8069 3801
6948 9998
8248 6698
3637 6616
3193 4653
7163 8839
5504 9025
1203 538
3582 5108
7822 6940
8105 8985
2897 5944
8350 7998
5595 6295
778 6522
666 5823
9688 8373
7133 7778
4218 1885
7606 791
7691 9466
5554 6644
4121 3938
8928 3666
3831 8040
8352 5950
3682 4012
8150 8475
2656 3091
4739 3169
3019 8219
4251 6505
6602 6812
7954 3931
5070 6315
1761 6453
9079 7460
347 3437
2122 5385
3545 5188
6423 7227
5480 4348
4850 6167
3461 3208
7389 338
6970 6807
6361 5265
2330 8653
7679 6220
5886 956
2864 5325
6976 61
1788 4024
5086 2485
638 7534
6596 7131
5164 9723
3259 3760
6369 9569
2863 3531
9176 6214
5251 458
3913 4900
7941 7630
673 9598
3040 4746
8895 953
7638 7979
1695 5243
2286 8865
6028 621
3694 668
5587 6284
5246 7940
5447 9916
7750 9509
6308 9427
2732 3330
6720 740
9346 6207
4960 9919
9354 5573
9281 6226
6659 5870
377 7869
7873 9700
9120 6803
2351 5008
7177 8950
1716 3514
6621 6746
725 3304
7249 8008
5067 6086
995 805
2660 4837
7278 8601
4681 7484
3592 5342
5985 9810
5078 2690
2098 6790
60 4913
8401 649
7227 1321
3250 3740
6881 6053
4112 4415
5691 6946
6603 3564
9562 6760
2652 3269
2559 2058
9299 9504
5847 8398
4756 6853
2866 3871
6997 5302
7103 6223
6744 1860
2048 5346
5929 5848
7706 3668
5140 9071
8677 5791
5077 4935
8305 2657
7391 4946
4519 5812
8325 5460
5565 3413
6607 6419
5867 8366
3484 8484
5466 3821
8293 5814
4557 9342
2464 5809
9434 5904
2284 5878
1833 3956
6235 1191
2146 9556
4469 2971
8490 9603
7855 4662
8205 8158
3965 5508
3063 6868
4140 1833
8479 4196
4737 7192
8086 6601
9610 8442
2511 6018
1960 4158
5833 3604
5779 4307
6367 8907
5278 4025
8616 6537
2349 4909
3986 6627
5987 6407
790 8628
643 9598
5989 8439
4025 4754
6053 7111
3514 5706
1607 606
2278 3514
7832 6963
8938 414
9036 6584
5681 8592
2574 5269
63 6407
1326 8207
6955 8272
6459 7812
4628 6228
8024 5978
5749 6080
3405 7883
4238 7332
3842 6874
3107 7408
1353 7505
7649 8558
5369 3701
1546 4372
7032 4654
5129 750
4733 521
2881 8943
4734 8559
690 9002
3023 3105
4981 4006
3133 5222
6243 9045
2971 1373
4213 7288
4068 5887
1887 5173
4629 2921
4472 7404
9597 6475
3938 9685
3882 5323
3623 9758
5567 5806
8490 9308
3906 4862
4730 6063
7663 8038
579 8366
8630 8729
6830 8710
362 9307
4752 9915
3972 6771
5537 6923
2182 8113
8728 8375
4519 9276
6570 4181
7379 7245
5584 4123
8932 4125
2168 6121
4660 8353
3987 5106
3650 3471
8763 7406
9102 4657
2617 6068
4170 7378
2645 7298
9333 510
5270 3680
1192 7508
9148 4665
6871 5475
1468 4410
5702 4505
2618 5781
5244 2351
3156 5312
324 1928
3712 8913
9987 2030
8390 125
711 3505
897 4715
7816 9652
4430 5931
4493 8431
6060 7461
4733 9086
9440 6183
4940 2182
4200 5590
2875 9062
127 6086
1601 1919
6614 5135
2508 7440
8071 9891
7209 5954
2953 4794
785 3854
65 4696
3752 7362
3920 301
3631 6025
8082 8629
625 4511
7528 8457
1618 5898
1604 6000
5022 5243
1474 3904
2570 8681
1280 1594
8862 3694
7105 2059
9369 492
5041 9844
5393 3321
2145 1456
3570 6967
3780 6282
1044 886
9161 7036
4594 6472
3326 3308
6457 9728
7186 5444
6989 6556
8955 7052
9680 9937
7880 5717
4432 5511
4454 7256
1723 5681
2918 9498
8305 5600
5576 9053
8901 3904
6134 9317
5462 6938
6396 9731
5250 4803
8913 1699
3226 5305
4649 3122
4344 6458
7926 477
2928 6816
5170 3275
5056 6142
4366 6109
8684 3394
2244 1838
8689 3509
4093 29
3649 5236
8704 7015
2690 8048
5257 1298
5299 6664
3137 5209
5871 181
5953 8585
6629 7178
4134 1908
1271 5361
832 5957
5508 2758
2877 5780
9599 9974
5708 9693
3825 7690
2415 5870
4421 2961
916 3160
3615 7183
1850 7387
195 3814
4676 8741
4873 7040
4030 7583
4243 2443
4809 5069
2615 5648
7186 3150
5933 5744
5835 3186
4239 9090
1946 1325
8771 8384
7866 1862
1305 245
7440 9338
3315 1013
104 262
7471 1454
2990 6326
4423 7756
3721 3808
756 2524
1076 3926
9099 5045
6867 8779
3154 7861
3785 6681
4165 6148
6271 1780
6355 7786
6309 1025
9061 444
9463 3642
6471 4470
9314 3253
4604 6612
2349 765
1932 6075
3002 9961
2942 5480
3463 8858
2622 9676
9893 4515
9114 5945
629 9198
4524 5168
3414 5596
1811 9060
3623 5706
3435 5884
2298 7606
2765 7752
4192 2601
7662 2529
2142 4097
2624 6086
17 6762
1567 8326
3537 3020
7694 7621
2429 4046
6766 8514
1027 9486
1182 4176
5811 7015
7474 8493
8279 6675
2362 959
5557 4920
5407 4158
8600 9470
8660 9521
802 9260
6372 7698
3815 6010
4202 2218
7328 8560
3603 6770
7510 9439
2913 3290
6354 4503
4355 8970
8696 6976
3593 9586
5493 7742
8299 8444
5014 7744
5719 7267
4702 1507
5273 276
5037 6415
5785 6049
7423 7763
5633 6446
8116 1799
3007 2938
781 8638
5571 8843
3298 4403
9376 4590
4736 2501
2115 1700
4741 485
4288 7370
2280 5416
983 275
2455 8342
5450 5533
9802 9555
8943 1688
6662 807
1981 6328
4300 4697
1884 245
3792 5984
3480 8341
6838 7570
3529 6513
4356 4750
5345 8462
9849 8152
7787 6672
6787 6706
3200 3160
2682 5449
5217 7085
4496 6571
7856 4412
3174 3144
4163 8842
1236 7850
9563 2439
1775 4637
4309 9081
5756 610
6657 8676
6073 5915
2036 6334
1981 1443
4557 6823
5133 3987
3080 3751
6944 7807
5700 5791
342 1234
5379 1949
6332 783
4523 6394
2203 5585
822 531
4349 2979
3935 5325
4249 2748
2510 8832
1235 6712
7592 8270
5514 164
7424 9854
9165 5802
6654 8660
2431 7677
4492 9457
6746 1015
8081 8555
1675 6058
1725 1220
5152 6699
128 6219
3626 5751
7505 8624
6774 5436
165 5054
2527 3830
8553 3302
5748 6171
2033 9859
8072 225
6401 6507
5551 9040
2975 2384
6115 2437
2591 5656
1842 3848
4797 7531
5186 7343
2199 3331
3921 5911
208 563
5987 4359
3657 3357
8564 808
5718 936
5322 2922
4377 1468
5336 1810
2219 4858
1713 4232
6813 4707
5692 7457
6893 6164
106 2743
5759 9618
2208 2346
900 7219
4406 6612
8308 4507
4025 4934
5115 7008
287 3205
1959 6193
1335 2838
5925 2797
6336 7764
3314 5488
4432 2669
5816 3978
6638 7055
3925 5992
8875 6028
3462 340
379 821
8159 196
8115 7737
6110 5071
348 2639
9883 6757
5477 5572
4587 8972
5318 4990
6266 3517
3803 5894
4417 7514
8159 5686
1968 9264
4248 6658
5559 5991
7665 3084
3309 4460
2443 7729
5576 6574
8172 9718
128 8018
6876 9461
2326 6097
4884 6468
816 6554
2904 331
8191 3665
2535 2420
6670 846
4112 5844
3458 8703
8403 7348
6027 3426
744 6398
2344 1404
3298 7559
7513 6180
1482 9747
9869 2889
3984 5793
6442 7209
5230 7589
5304 1388
3267 5886
1835 4802
7010 7666
1969 601
5702 3154
555 8202
5516 6118
4988 3518
4201 7834
8241 4680
6279 6814
7568 4816
6613 688
6526 7859
1863 5372
149 6588
1560 904
3711 4829
3943 9501
8834 3975
8114 7069
1708 6558
8246 4219
1730 8266
7299 9071
3381 7704
6384 6705
3569 6708
6934 9323
5373 5570
6930 2155
6562 6603
3984 8734
7164 1275
3406 2112
3173 3567
5736 8712
5841 8011
7004 4440
4822 4356
2043 6460
7540 9789
2196 5692
981 2391
6870 8045
5691 7370
2081 4887
601 4321
1666 3662
7185 8285
9901 1631
8334 2308
9311 7952
764 8112
3610 2763
3272 3936
1923 6822
7520 6706
6380 6962
6717 5793
3329 5409
8303 5065
3437 5208
5070 391
8158 9851
9134 1206
5730 5281
2359 7510
6376 9822
4901 7348
4932 4483
6075 5400
5078 7920
2683 8738
6298 9121
7114 4045
4237 6028
3052 391
3597 4355
3810 9832
1475 6500
8266 6364
1201 2999
3561 3126
3466 6272
4352 8351
2950 2743
6005 8845
3178 5576
9440 5813
2686 6016
5610 8696
2839 4016
9043 8513
674 5296
7181 153
3779 2315
424 58
7693 449
6802 3890
8278 8952
5074 7423
9110 3332
5483 5083
9170 3319
613 4252
6473 574
4721 5699
2088 3464
8471 7667
1356 2495
5621 4909
3875 3140
2013 8888
609 2682
7631 981
7367 383
3740 4901
2787 5801
5712 7363
7804 8493
2951 2876
7896 848
4028 4028
6550 245
4669 7737
8401 3235
2833 8253
4937 52
3512 8578
4283 3500
2118 6995
4456 3428
5173 7620
9655 9803
8308 9315
6145 2303
5936 1900
5180 3085
9734 3387
3156 8017
4971 9098
8169 8338
3641 8705
5785 1852
9324 6377
2367 3777
443 16
3949 3573
3040 7963
3165 9126
6071 9012
8843 4468
6011 330
6780 841
5157 2441
9853 840
6790 7423
5422 5304
5429 3250
4642 9515
6115 6695
4296 8878
8607 4763
4166 4338
6015 8679
4046 257
4238 6843
898 8651
8589 8506
7285 23
9877 1439
9452 509
568 5743
5272 4326
4630 2873
2788 7058
5073 2167
3947 2062
8518 7929
8731 8747
3291 5814
861 5362
868 2140
9336 6053
1999 4215
5924 1111
6063 6639
373 1343
5966 8921
7127 93
182 5949
5763 9501
9871 3071
6493 3375
3033 6838
6609 9148
468 8908
3713 8260
4914 9182
2508 9582
4564 7083
2802 7585
3466 4596
1225 7049
1992 3286
6878 6047
7188 6761
5854 8464
3139 2925
3619 6531
4758 6575
3956 7348
4035 6180
1774 5049
7159 3027
5928 9810
1733 6445
912 8925
2758 7784
4905 6571
8155 8253
7300 1323
9289 3752
87 3981
8702 20
4199 5133
3614 2228
783 3684
9012 8584
9903 4554
9943 462
2559 9129
3884 1981
7306 2915
4121 5600
5070 5749
8339 1486
4044 4562
448 4229
4592 6353
8246 7859
4731 4482
5966 787
4427 7454
4931 6987
6565 9454
5207 3364
5319 8560
3830 5370
9081 4580
1550 5680
6714 8880
105 5337
4520 4275
5368 6062
2907 8778
7812 7351
1544 883
3152 6330
1036 9229
3221 2673
6766 8144
5938 5518
8319 8966
1454 6214
6426 6275
3164 1092
6572 2128
5795 6408
2703 882
660 8541
2090 130
1053 6257
6466 7744
6543 5224
2303 2345
2332 8001
1394 3288
8020 6431
9288 4411
1779 8468
4903 3100
5688 5770
3183 4730
3907 8733
5503 5724
1475 3253
8014 6020
4982 7944
7002 9952
3886 9024
3454 8613
1546 7563
4101 1779
123 9746
3700 4360
2160 7907
6912 5750
4594 4802
4309 9019
1348 566
1074 7645
5547 9005
6003 9056
4903 6725
3781 7816
3041 9992
3054 7716
2875 6024
5049 3517
2814 3570
7342 4637
5 8949
9979 5301
9822 5354
2790 2166
59 2806
1762 2892
6106 9800
9516 5247
6139 4729
2795 6566
892 3911
5086 4873
4017 1397
7709 2192
4467 9446
2726 4638
3863 2098
2844 9060
6051 5905
5616 1547
6421 2469
8944 8481
5229 4521
3646 4500
7476 6720
6087 4515
325 5274
7178 6999
2510 7615
4226 9855
3406 1485
477 3830
2619 1371
5851 5857
3267 3770
5351 8688
6703 6073
5761 1389
1268 2989
5808 9543
3494 672
3293 4065
4395 3224
3206 8728
4782 408
5802 7405
5137 6463
1149 422
2510 5763
904 8727
7003 9990
5456 9626
6509 4234
3859 8246
7090 9878
6644 1426
8148 7755
560 6335
3615 5755
3508 1199
2100 6659
8770 4247
6204 4429
4783 8836
9365 111
8172 9401
1296 4474
3268 8693
5074 5265
686 6652
1708 6791
450 9041
2415 725
943 8385
4849 3053
2999 7872
1574 7730
3551 6133
5480 375
8103 9772
1594 4181
5524 5033
7566 6571
4173 2625
4379 9146
1600 4117
3548 3970
6454 7828
6314 3324
9213 6469
8033 1728
1236 3776
5229 7717
4351 5004
5586 5924
2128 4478
4648 2608
4837 5018
7268 410
692 9058
7586 6354
4776 8162
8234 2374
3363 7320
4625 5485
1237 1129
4008 5028
139 6980
4201 6362
6281 248
6015 7447
2821 6111
8349 8339
7070 7763
6715 7306
4405 5724
3176 6689
3003 5980
4388 5262
714 9180
6819 4101
3180 5118
4275 6553
1191 5577
6512 7741
3082 8609
9032 1441
986 5559
6499 4540
7417 9052
3796 5858
7171 2021
2514 5950
556 5574
6070 9853
2700 8291
9976 5918
1485 2775
3229 6834
7021 3551
8662 2530
3105 9629
3599 3785
5285 2241
4238 7384
5575 5952
1358 8453
7997 9172
5188 93
1088 5825
9866 9964
4042 5230
2214 7327
8792 3929
431 2522
23 5437
7395 328
1854 3759
3204 6201
4950 9138
9532 2103
5428 5272
7844 4247
3332 5605
1483 4647
1088 5020
2927 4738
5289 7678
1093 6303
3267 3530
6856 1460
1477 7168
8226 7035
5244 8322
6858 8888
352 5746
4659 6356
4826 5301
7219 7820
67 9182
4444 1183
6939 9873
4757 2848
6296 8195
2832 3817
810 4917
6627 7248
7651 401
2600 1215
1844 8291
7873 8586
7193 8827
9192 5794
6413 9655
2423 5194
7605 406
9113 9850
1430 3928
2321 1921
4550 7715
4895 4222
4688 6373
2771 5540
4801 3806
6311 3726
5163 6373
1040 4803
2389 2442
5764 5021
3497 5536
8329 598
8403 3516
9636 2670
8875 5726
1198 3002
3235 1981
9279 7509
1617 3888
5696 9330
3849 6984
5287 5604
4745 854
932 1984
9430 9260
7794 4468
2279 2179
97 4044
800 2969
4948 8016
4148 7172
7535 9317
6747 1101
5243 4113
4397 1847
4980 4642
7479 7853
3561 4729
4512 5476
9878 4902
4814 3303
4246 8740
1899 4122
6914 8983
9469 8117
7588 4992
1898 1911
1792 7150
2127 7103
4088 5535
7153 9615
8758 4470
7421 7336
5849 4700
2873 9939
9524 9234
4369 6958
4867 4202
9770 8593
6957 304
286 5460
4101 9809
526 4166
6510 5442
6697 8715
8017 5653
4930 8873
1002 4095
2053 2040
2245 3967
4625 7944
6774 5673
3171 6347
1645 4093
3970 3933
6695 7679
3062 9142
7002 5392
1291 8412
8710 7808
9278 2896
5253 8573
2211 424
1615 4042
3858 7556
4330 8009
5531 300
6027 7822
4816 9070
9256 1393
90 7237
8110 5547
4311 6575
7100 9848
9011 3962
4150 4937
2512 5734
7514 453
7565 8083
3767 5815
3046 8004
3474 2789
1137 4780
5225 5575
1833 4520
3792 8733
6867 7408
2510 8411
5462 6427
883 4082
3252 5197
4704 5701
5775 6779
4823 6103
4754 2031
8293 5802
5447 8899
5810 320
1918 1157
4118 8502
4506 7335
6744 8748
6431 4087
2043 5474
3511 5205
653 371
9370 6486
9747 9627
955 5553
453 3585
9212 5267
5657 3888
4900 8635
4110 8250
4512 8230
7763 9090
9423 1141
3068 6045
9198 2191
2845 9908
9615 264
2500 7924
6379 8316
5880 7208
668 5859
1802 3573
2390 1757
3594 5579
7638 2103
3104 4668
7632 7721
8179 3918
7824 1475
8425 8754
8721 939
4105 5623
2357 8009
4688 7664
6882 1194
5510 5786
1611 9882
1747 2832
6882 7731
2350 2758
7091 5101
6542 7811
8032 205
3246 8642
7194 4475
1858 6618
3950 2315
2198 3239
1305 6405
4966 5406
8437 7959
3413 6661
2148 5754
8579 7490
2490 4700
5358 8532
2771 6147
7677 5588
4421 5067
2965 7302
3316 1638
5327 8027
8952 1184
2498 6109
5877 3704
6391 1710
4705 8623
5297 6054
7869 8804
138 1185
6882 8107
5669 9080
9418 8194
3507 2229
6096 8595
7082 7643
2796 5291
7914 9836
3660 377
5461 5990
5686 4122
5203 4419
100 8490
3808 1416
9148 5808
1219 4849
5341 8675
8187 3033
1287 5397
206 7051
2359 5882
542 2247
2132 241
5814 4549
29 450
4910 2867
587 4649
2522 4075
3430 7862
7179 5027
9906 4682
3748 6222
8249 7415
8580 1055
2294 3578
6827 7204
3276 6119
4465 4937
6304 6870
7219 5220
6940 7791
5534 4922
1731 4232
8460 1461
1547 9255
8904 310
359 9965
5015 7080
8459 7773
7295 3242
4287 864
8674 235
4653 6583
4073 8748
8412 7139
2866 841
4770 7104
9313 6759
7402 6643
1120 8871
4425 4073
5517 4042
3739 3452
5313 9086
6641 8063
7665 987
3555 6260
3152 9290
7283 6520
3914 191
4750 4664
2386 2846
8184 6921
6257 8073
9574 8762
9305 8079
8682 3872
9401 6969
607 4283
4552 5066
4995 6804
9838 6714
5947 2003
8514 2194
5973 4126
2058 8857
5874 9903
6873 9873
2487 4725
9679 8774
3210 4302
8619 5118
6850 8842
4861 1983
1132 2289
2539 5531
4975 8649
975 90
6293 6157
7403 3285
9161 3307
5182 4670
239 4492
4760 8818
6523 6511
3553 7098
1679 2929
1801 3592
2852 1803
1819 2185
428 4027
9720 1971
5347 9823
8089 6605
351 2208
8207 4345
6271 7929
5698 4805
57 6312
3517 5323
4924 2415
3449 8572
689 2324
7160 7165
964 6464
4586 9967
2994 6716
953 3336
4450 7864
3859 6642
6988 7997
399 2117
5318 854
8418 1774
3202 77
3696 6476
6879 8067
2035 8457
6016 9126
4839 4131
9904 2168
2195 9614
1528 9794
3008 5701
2301 332
9827 608
8940 556
5729 7204
3717 6777
3017 5642
9224 7899
6811 7653
6985 5968
9022 9377
89 1917
7752 2168
7796 9859
3902 7617
5364 2918
343 4170
4111 6909
3944 9132
7117 9133
6532 8214
2366 7994
4384 4974
6927 4808
2505 8863
1084 5457
4796 2703
3667 5104
2910 1449
1668 9534
1303 4454
7348 1953
6505 510
4339 6786
4950 4459
2972 5831
5083 5217
1659 3419
778 3441
9721 5927
8319 585
7567 7891
7909 6608
3261 4658
5896 9154
3475 4358
6374 5022
9458 7166
9996 7744
3893 5773
3602 9273
8371 8480
3584 9633
5872 8689
6188 6939
4949 2527
8755 4390
3827 2157
5444 6441
3297 2342
2449 1723
3880 5817
7412 6165
1318 1045
4953 3292
4368 158
1377 8041
7600 9599
5339 6216
5196 4181
260 4753
882 1767
7135 4436
4103 8346
6863 6717
9462 7355
4024 7006
519 6037
4312 6655
5573 6396
6316 8655
6083 7141
2380 6682
1659 6131
6505 8712
1715 3969
7652 9105
5813 4405
7452 6950
5740 399
6966 7996
2611 175
2610 970
6015 6461
8023 7826
2765 3015
5609 4238
4681 8578
6489 2301
7178 1062
5840 579
5641 9266
7772 5369
2949 412
8826 6995
2145 7299
987 4761
1665 3693
5524 8866
3924 5983
1333 739
420 3896
9157 3604
7345 6729
8859 6125
578 806
9017 3035
4498 7423
3010 8393
1301 3537
2796 4906
8300 4562
1695 7076
7499 9882
5220 5435
5483 6303
20 1989
620 2213
7118 9143
3599 8505
3119 5424
5632 6776
3359 6308
3569 1688
4501 8313
5296 8547
2713 5150
6328 6250
4435 7730
4173 7989
4762 6812
6026 6070
2504 7901
207 3225
3345 8638
2777 7134
6149 8476
928 4678
9539 5442
9177 2582
8414 6272
594 6266
9756 2932
8650 8434
1149 5707
6512 9588
1051 2920
2035 5305
8242 8087
8272 4997
7025 9291
7105 4561
2454 4592
2552 7150
4570 4093
9921 3278
4005 5075
36 5463
3398 6383
423 2196
1980 1676
1467 6258
3691 7544
4806 7231
9586 669
8519 4702
3912 309
5415 7689
8226 8506
1409 4977
4715 6002
2661 1929
4778 5304
5845 7394
8856 8794
4518 7299
2517 3843
8007 7536
4014 4763
4656 3220
3974 382
6033 6933
9199 1791
8411 55
3811 5464
8197 1523
5412 5539
3369 9963
1289 5689
5967 5303
2856 8920
407 8455
5722 5206
3894 9555
1698 7550
6945 3120
195 2570
7088 395
8667 8588
5921 2275
300 7174
4498 3411
4933 7503
4759 7616
4661 7081
3090 469
6011 5322
9548 6014
1051 7981
2900 2937
1683 1778
1502 4884
5248 2303
3111 6540
3211 62
6281 8687
4551 8912
7813 6447
2706 7659
6919 7173
3450 2451
2078 9258
5290 6447
5854 2584
5872 6839
1044 1804
6898 8403
1862 450
2433 3420
4406 9554
3678 9754
4321 3444
2469 4955
4712 6712
6630 4508
491 9710
4722 462
8311 7989
2459 2668
6906 134
2916 5243
6875 6153
6074 7565
5704 7739
5669 2039
4715 3963
5659 5000
969 7254
3512 7088
4682 4459
7297 7845
5602 7354
9760 5441
1377 9708
5363 6025
2481 346
1758 1937
5011 8283
9097 9971
3236 9260
4239 8706
2644 5184
6336 5713
6076 2147
1667 9073
2455 9045
5003 6779
3270 6750
7845 9124
5589 4624
4771 6621
2680 6130
3136 6935
8798 5716
3945 6515
8456 7413
5882 5785
2575 5555
2170 9707
7903 9186
7820 9417
3718 2042
6044 5554
2716 4218
2470 8363
61 7068
4500 6629
3261 6943
4112 3780
1364 5234
3323 6774
3345 4547
1662 6096
7405 7229
6684 5254
3337 1690
4061 8810
7689 4894
2938 5512
5675 8595
1860 6875
6855 9
4493 4653
1965 3666
5361 676
3974 9457
8173 7316
7397 9044
6143 419
9720 2459
2400 4008
1772 467
8058 7743
2843 1545
1886 2969
3961 483
5461 7151
6593 6253
5779 3525
6123 7270
9919 1248
5140 8678
1593 64
3535 5865
1661 3911
7227 15
1732 3562
4145 9931
530 7141
4931 8396
855 2471
5379 8034
3345 8306
3601 7737
5461 4131
8078 6129
3502 9717
4417 4095
5494 7462
5462 8153
7773 2231
4514 4967
8096 2921
6159 6280
9822 1944
2567 8806
3695 6446
2236 2519
4281 6957
3543 9731
5881 5898
6495 5532
1118 6856
9103 6700
8354 9285
3489 6354
5519 4620
4815 4275
4407 9139
3692 4175
9436 6701
4451 5395
9750 7571
7903 5979
2556 5489
3330 2631
7732 95
5473 2531
3646 7748
7357 4355
5022 9425
5235 4285
7432 7912
3758 1509
7548 9026
4186 1690
2635 2641
128 7190
4498 6917
7832 9724
7935 8425
6125 7947
5777 3413
3122 5095
5623 9362
5462 3294
2419 9674
266 1889
9502 7660
5147 2320
2502 8662
5437 7034
6226 7948
939 1645
2134 5462
7673 1692
9769 4927
7864 1674
3948 8304
8903 8950
7673 7061
5263 1111
1264 2051
3404 6605
6496 5220
3385 1667
7635 1706
3858 7485
601 431
2870 9559
8086 9980
6262 3188
80 2156
2254 6294
8479 7696
4521 8179
4295 7836
8389 5938
306 4310
9399 3128
4841 8534
634 1897
2457 8235
6897 558
2082 6308
4491 5159
542 3247
8246 9686
5058 4223
4404 1484
1921 4441
5384 7362
4544 5436
5234 6371
4920 5952
7814 351
3758 4234
8209 4263
5633 6009
4046 5280
1560 6505
3920 6632
5004 6969
2232 896
7915 2998
1194 1429
9040 3144
9762 4297
2847 1694
7872 1352
3974 6050
3382 3960
6797 6167
5360 7139
2513 5847
4890 5914
9748 6361
5365 5389
8761 7354
6107 9409
8249 8899
2313 955
2832 7936
6596 9573
2800 8132
4889 1380
81 1427
4017 4834
5851 1468
9922 4834
6088 886
7234 9685
6675 7772
6578 7839
1588 1988
2140 2730
4855 6054
4762 7058
2269 5355
1434 1521
2454 8784
4681 3134
2169 5124
7948 518
7672 391
8463 7794
6592 7077
9726 8813
4515 7423
5305 6761
6552 3864
702 7772
2410 7973
5971 3589
8170 2859
2362 3960
1438 1360
5361 5242
8948 6280
7430 9357
8472 5762
671 851
240 3782
1028 3303
4637 6086
9887 1136
3725 3991
2293 6583
1672 7956
8873 979
4585 5788
7279 1065
7099 1363
2958 6828
7163 2021
3652 3489
3096 3271
9380 1318
3033 7123
3951 7205
4563 3760
2314 6884
2703 3690
2425 7654
5651 311
105 2910
7759 5852
4369 7573
3225 6367
5972 4725
4632 978
3643 9280
7091 5285
3563 4561
5025 8493
5677 6204
2673 1582
2303 7152
1542 8451
5916 3224
8211 7386
2798 715
3886 4140
9233 7296
6171 8065
7571 8379
584 8347
4426 1273
7308 5646
1172 3269
8933 8818
4921 4369
7281 2510
3253 5967
4202 6079
3202 2703
8408 9081
2367 3070
2912 4590
1766 8330
7816 8159
2646 6807
1321 5849
1672 2400
5338 8161
4665 5180
7418 6019
346 3469
1581 7651
5665 3308
1931 301
6420 208
4248 8423
6815 249
3273 381
9320 9590
6321 2831
2966 2853
7360 5152
8853 8663
7957 712
7004 7439
7692 9799
345 5287
5937 626
3268 4359
7152 7310
5605 301
7729 9048
4123 3826
7573 9703
7353 3055
577 4482
9862 7671
5489 6892
5100 5619
6163 4887
3994 4705
1091 2609
3401 5130
6532 9564
692 3543
6072 7859
2342 4557
6992 2086
3227 4196
4209 2536
5050 9302
5329 5721
4147 611
4290 6581
5723 4857
3628 8798
4469 5213
9054 8800
3680 8170
8090 2600
7380 7284
5349 6844
1848 1150
6548 5707
7291 7212
2986 6419
5896 3980
7250 6164
1536 511
4165 7996
9134 6325
5514 7032
1855 7582
1896 3419
4335 163
3487 8175
302 6622
6860 7941
583 6083
3830 7467
5308 7206
9963 7065
5352 6983
6519 7769
1946 3778
4277 7368
144 3124
4509 292
5830 1545
3660 7140
6906 5670
2819 5514
3349 2296
5136 804
8986 2481
5548 2963
1200 5735
4228 134
9573 3180
5746 4641
6286 5817
311 1557
1751 4976
612 3656
8531 6344
3861 6096
5500 6463
3956 6104
4196 5564
9910 1014
9603 1500
7313 2371
7949 5965
4869 8932
3971 7553
5366 5537
1784 5516
2904 5547
8697 3091
3948 2550
890 846
9224 9438
2397 3501
7363 7948
8036 6499
3480 1169
3051 7408
484 4773
6050 1106
7058 2882
2638 9750
7285 5813
4084 7965
5729 233
2043 7325
757 7756
1035 2782
3745 807
8385 8760
2763 8819
5235 9645
3182 9446
6556 7222
3022 5552
5261 7833
2802 6717
4538 8148
1890 4585
3077 5838
6620 2403
3071 8009
2928 5257
4110 6129
9781 4730
4571 7278
2317 902
8323 5909
3160 7714
5847 4789
386 4685
6303 3756
1994 5473
3233 2715
9221 6362
8863 8374
1859 6416
430 2405
9486 6902
4677 4132
6153 7208
9150 4509
3298 3352
7303 8579
3257 8949
6614 369
2417 6986
3881 3114
6379 731
4231 1426
3893 5339
6179 5517
2888 6463
5085 1688
6809 6852
5288 61
3226 4243
3426 4008
1810 4456
5170 6764
6858 1092
6111 8742
9526 8771
7417 8411
3120 4998
7829 6369
6913 6104
8080 6661
1123 5044
6147 9496
3700 3479
8890 2679
5693 8996
2546 3800
9559 559
9094 5892
8751 1288
4317 1842
5254 180
882 7991
2752 9274
5334 8016
9644 5477
8892 7599
5468 2354
6541 8689
6152 6662
2664 8114
411 8756
2334 6667
1423 8961
2297 5324
4220 7399
1562 6043
9740 2044
5858 7770
3767 2849
5012 7978
5557 9993
1013 6474
5815 5858
6885 110
6005 2986
4217 52
5337 83
5139 327
9569 2054
4300 8802
1952 1101
5913 9934
3596 9625
5556 2951
9898 8995
7176 5254
5168 4532
1811 4481
5976 4742
3409 84
6480 303
6782 8518
8317 389
9908 4206
3781 5096
4453 12
7816 6001
8839 6099
6335 3749
9932 6670
6753 2690
3196 7681
3533 7074
780 3229
2887 8094
874 2598
5875 7561
257 6571
6680 6268
1989 5668
1943 3980
2232 3854
5784 6103
6876 3820
7452 9349
8008 3151
3562 2419
4839 9981
439 3178
3231 5931
3147 7280
5586 9915
7281 7144
9781 6342
146 273
4237 8950
4762 2419
4096 2595
2518 3672
3968 9728
4288 2765
2846 5423
2670 6429
4812 5919
3726 6704
960 4583
91 3905
5202 9228
251 9492
2013 4560
2088 3687
3443 6473
2376 5551
9988 5113
1808 1832
1760 852
2255 3046
6636 8789
9420 4777
1853 2248
9827 9036
1635 4240
5703 9752
1200 6234
4969 6495
6538 9799
4990 2124
6686 8623
1705 6756
7954 4351
9196 6065
5161 9711
2609 3641
7645 5932
7213 5255
2047 7809
2456 8539
4983 7574
5690 7207
7331 8401
3582 4039
8964 6967
560 4207
6460 3863
2158 6751
6124 2416
4633 7353
2561 7104
770 2475
7412 2216
4024 5030
4206 2297
1654 694
6809 8009
7225 4955
1184 7834
7506 8351
1055 6377
6301 3294
2101 9613
8709 4071
3586 2831
6442 1139
3917 8300
9204 9648
4397 2521
2968 917
3771 5213
1295 2696
5429 1392
1511 7424
7837 9632
408 1560
6392 621
7066 77
8435 2798
8006 8808
7769 2708
5327 5666
5019 1349
3099 6230
7094 6797
4687 4114
1968 3825
7613 2703
9249 5997
727 7971
9173 754
8333 777
1125 5765
7630 9702
3229 6195
7182 9017
2041 5737
9780 2371
8205 9115
5340 3339
7039 5706
6006 2116
7303 2783
7736 6277
8226 8127
3682 4837
4236 5423
5880 2916
6248 3083
4912 7628
5550 5441
3454 9036
3819 5485
4423 5636
2503 3300
3305 9586
4346 5123
6939 2563
5560 8199
7327 5826
8805 3350
9867 5362
7572 7350
5686 6096
7571 7391
36 9998
9759 6768
3756 3981
1686 166
2855 5980
654 7832
6194 7145
555 5086
5816 8956
5998 6452
5597 5879
2542 8085
1756 760
6900 4045
3704 9281
4229 6951
3172 9420
5238 7114
1501 1409
8443 5872
8701 4410
3482 5152
8218 9137
8042 1741
527 3014
4892 6598
6328 9309
546 4232
3476 7444
3085 9020
9325 9764
2183 6704
7976 7695
6131 6442
295 6572
3727 5750
7080 6096
2460 6460
9195 4177
1388 8540
4669 7586
3583 4695
7223 9235
5390 408
2354 2398
8537 8233
9781 157
3568 3259
8058 4034
6507 6705
791 7395
4485 423
6790 843
9376 9678
1905 4871
2469 8885
5505 3633
9804 9078
5926 1448
2001 1842
4390 455
1364 1901
5250 7665
6270 1113
6477 9027
3283 3719
4048 7228
3724 6350
3111 5369
5400 5552
5827 664
1701 7161
5825 9636
5730 9749
1766 5048
7070 8736
1848 5531
3687 5249
4707 3356
4917 6872
5362 9703
6300 3341
5594 6562
6442 8349
5638 1650
8287 8555
2263 8375
1864 6414
8524 7973
1857 3257
3909 5712
7095 7638
2900 8666
8009 8961
5329 6385
2994 7254
2490 5240
4262 2982
7336 8868
6381 539
4176 7116
9250 543
2276 3712
4358 7766
5688 437
5197 7289
8827 9421
2974 4134
5919 5180
3047 1909
1819 6482
5008 7888
3168 8965
3906 8665
6485 8193
1094 4213
6343 7026
5696 5000
9579 6329
570 2486
129 8671
134 5110
4103 5688
3240 5929
9539 864
2915 5351
2132 3922
5012 4573
2037 423
5832 6298
3595 4292
7453 9994
1755 2659
2142 4502
3605 6821
3467 7116
6571 342
5848 6134
4886 7480
6424 2803
9197 3099
7732 9715
2771 9520
446 4661
4647 7319
9858 980
5477 9237
6824 4063
5881 7371
4447 6921
8486 9746
867 116
5123 9126
8120 8376
1365 3776
7655 4112
4390 8457
6160 6126
6053 9935
9749 821
7289 6125
6184 9866
5375 5267
1463 756
1027 8039
3148 5669
3931 4617
1264 5013
4894 8377
2100 7500
1543 7057
5781 5167
9629 3506
7449 2034
6306 4500
9170 713
1902 4896
9212 9984
7387 2324
6428 2884
2699 221
5735 7801
7270 9508
8040 7174
1195 5798
6133 384
1127 5142
3561 7433
482 2600
5045 7862
179 8722
3365 6676
3518 9133
4481 7002
4118 763
2511 2105
4701 4790
3942 6199
446 5050
4806 7701
6272 6154
4706 6302
2860 6810
4727 6361
1907 3509
6191 8151
3890 1434
7275 4738
4239 7711
3487 1202
5352 6305
8010 4140
5215 3038
8993 7054
5137 5599
9381 9085
3051 7401
4536 3652
3054 8867
9792 5458
3097 8042
7034 2023
5397 3688
2776 6415
9758 3595
3713 9479
3861 4358
2023 1603
5378 3567
2987 6719
839 3250
5573 8586
7354 5919
4461 7921
5918 7574
4858 5113
9329 7632
7842 6087
5128 8357
3235 3680
7708 6272
6970 681
3363 6080
6675 238
2952 5957
4508 691
9632 4492
5740 7958
4367 6286
4558 2619
3644 2922
5127 5516
1240 3957
8323 1943
4628 7229
5896 9410
9388 7407
942 9339
3669 4564
4861 1960
3624 9517
566 7776
2660 3583
8962 3219
2790 7076
9569 3402
3614 5796
1857 6642
7261 9329
342 605
3135 6966
9678 6957
7733 9674
3769 6205
918 2579
510 2525
3869 2356
2972 6571
5915 6753
5101 8980
7246 7233
1962 7580
9982 26
4241 7075
7451 3171
3676 1560
995 35
4372 7945
3728 5628
4255 7774
7614 4747
3971 4339
9984 5333
8022 7467
1745 2576
1162 2255
3677 5932
1579 9225
3205 3614
3576 7987
2560 6064
2009 3975
9385 6936
6300 9559
3454 1322
1231 5630
7886 3876
389 5055
6096 5070
7434 4277
596 4072
7464 3365
7543 8613
7411 7905
3540 3432
9598 1688
2738 2929
3877 5188
3302 4957
7646 5449
1976 3774
8016 966
4984 675
8724 2221
7829 8724
4152 7463
1293 4427
6267 1114
6943 7813
884 7117
9473 1706
6874 516
3068 4803
5134 5695
2639 6612
8475 8956
2924 8959
9510 8354
3027 3984
5829 9640
2893 4398
6129 483
4592 9963
7269 7811
6567 1877
6348 298
2769 2763
3901 6066
3896 1521
7360 9282
2136 6233
5164 5062
1802 4667
2395 7396
9860 7699
8822 3765
5256 6758
5213 3907
3900 4501
4662 6019
5376 5362
2332 3785
9441 252
9516 3580
5900 5224
2386 2220
4545 5555
9162 9589
6308 5463
4465 9238
4866 7367
5101 8927
3079 5826
4630 8524
7768 8918
8108 6771
4981 7182
3367 6579
6414 8841
6461 285
7503 9293
1097 6796
5123 6713
3829 9535
1040 6033
2137 1879
2873 7397
123 1342
2803 5086
2359 4143
9845 5286
3674 3366
342 6755
3446 4670
5030 3115
4468 9239
9328 6349
1186 8544
9464 9098
5916 7530
6679 8455
2592 6084
9494 9162
7448 271
6721 8573
630 984
3868 1114
4753 7923
3851 7297
6485 116
2353 9306
6221 5668
3650 4311
2720 5572
5547 2950
3912 5708
2068 1216
3931 5721
7776 2594
4784 3422
4369 7115
5564 9949
3485 6314
9730 9388
9840 8994
7519 8566
6663 3397
7669 6295
3310 5680
9086 1594
8270 742
4334 2970
1653 9847
6946 423
6611 7529
3913 6360
2458 5521
4815 6168
6580 9347
3051 1376
415 8669
6686 7006
1410 8934
6468 6783
9140 8488
5568 2325
2146 2559
1879 4430
6889 9930
7484 9093
5373 8687
1971 5187
3110 1259
1936 4146
7332 593
2569 6533
7596 8516
6937 7648
5798 5123
5548 6180
7154 8814
8018 517
8121 8337
5198 4606
449 6280
4850 9521
1436 8411
3143 4711
4175 9059
9391 5050
7190 8888
9000 735
2101 4721
9398 4127
8625 9573
3952 4183
9166 8207
1389 1667
4164 1070
114 2516
3087 3624
3358 7093
2123 1891
7762 7370
6382 3736
3396 8287
5486 9048
3506 3729
351 106
6285 1790
7570 9536
2406 122
7755 133
4515 630
9344 7287
6776 7396
2514 4499
4446 8609
1991 2997
4976 7377
4152 3961
4318 2947
964 161
2994 4843
2579 6550
1190 1147
6164 6007
2893 5434
6427 8861
6690 7514
2263 608
5574 6141
9308 288
6527 7981
445 4147
1043 6762
2851 2700
9623 6715
5483 3515
954 7407
6613 9108
1601 1512
5210 8725
1346 3622
1110 7812
7660 6530
1742 3070
4653 5020
6007 5218
8331 5917
6109 18
3450 7408
341 4453
4284 8802
4486 9165
6771 73
5371 7609
6289 9640
7371 9150
5848 3481
6049 7672
693 4504
2159 2203
5312 2949
9815 1771
7891 6641
4743 5421
2967 6513
7325 2968
5305 9096
3228 6554
5021 5136
9202 6159
709 2647
6663 9184
7544 4503
9153 8374
5465 50
1927 6074
5389 8578
3628 8716
3528 8549
7033 887
1279 2776
4310 8292
7863 1344
2331 8005
4984 3510
7828 2289
8490 9090
5090 6417
4854 9816
6284 6397
1244 3169
3818 4302
6772 967
5244 1636
1587 5494
2829 6417
8496 9514
4220 7436
7816 5554
8859 935
7143 6508
2879 6948
4235 7192
8048 7782
6420 7052
2173 9122
6416 5361
1881 4520
5024 6305
1445 5387
1544 2885
5277 9639
3608 4182
9850 5524
3831 9852
4930 6791
5720 4732
1112 9792
2344 8832
3559 7703
1411 4463
3828 9554
7386 9137
2621 4387
1382 4176
8290 4790
3018 8409
2691 3584
4146 8035
4075 5122
4653 1800
4952 7088
3104 7550
313 3
1535 9615
5614 6389
4306 7098
3404 8687
3237 3851
4689 8556
9426 1358
1641 5288
7117 9046
3025 8775
370 6148
3933 6304
6271 7426
5235 7803
1971 4008
4463 4025
3691 8878
6384 5273
4206 427
5835 4765
6184 6905
9842 7069
4859 6361
1163 657
3176 3709
1735 8467
1210 6138
4219 6903
6079 5283
2469 2046
4417 6366
3543 5344
4073 2126
5751 8083
4305 8232
2640 3971
8410 8442
6202 8369
3017 925
3992 1541
1543 3291
5906 6240
8334 7292
6064 154
8853 1441
2058 3858
5452 9160
8858 9369
5059 3981
8648 928
8032 659
2129 247
3689 1745
7023 7033
7224 6794
7752 6913
3903 7568
8258 2291
7177 7621
3397 4727
2762 4216
1361 6912
3360 5828
7716 9821
3672 6773
3195 5882
2394 7553
9947 3539
3787 51
8659 662
1377 5176
7665 8849
4251 8493
4263 8732
5123 9361
9935 9958
1528 7681
5009 7798
5819 433
5843 790
773 2271
6532 6906
8316 3948
2371 4815
9122 5509
2697 9940
4801 8384
6962 5184
6687 778
5861 4119
1289 5197
7221 8269
8292 9081
7984 334
6915 534
719 4751
6210 7363
2251 2023
2834 4293
1898 8809
4732 6577
8199 114
4353 5497
7185 250
9738 4973
1291 4317
4268 3854
3543 6567
7985 7631
9575 4393
7778 8055
6076 6622
9625 9583
4376 4326
5322 4433
7715 6952
2448 5253
6116 8909
5753 2670
1642 4106
638 5455
7446 3273
3799 9539
3458 7260
7670 5381
7088 8897
1338 4755
6163 7277
8759 3968
6529 8273
2468 7581
7119 5106
6805 6865
3271 5195
3637 6686
991 4953
4724 5520
8920 8100
2005 3511
4512 3651
2978 4017
8857 581
925 9968
2843 9979
1293 272
1787 4227
8270 6907
7731 3889
6626 6876
2130 8767
5660 9005
302 4448
1537 5220
4596 5348
8615 8524
1844 2896
4922 6272
2637 4747
3024 8162
6686 9788
3485 7244
30 9065
3115 7418
3194 7711
330 2803
9731 1471
5042 6165
3676 6667
4732 9423
9207 10
2393 6615
6648 4140
6646 9692
2379 4236
7718 4313
8397 6328
7175 8501
1609 3271
7149 4836
4647 3313
3668 777
9763 8751
3549 6195
5646 6437
1108 3864
7928 4658
3771 9398
2362 9264
5743 4010
8470 403
3903 6255
8671 393
3313 6978
4579 8524
1434 8356
7440 6947
8276 9434
5695 9079
72 9731
6070 6512
5068 2272
8130 1917
6806 1827
2568 6457
5063 3325
4489 3504
4867 4618
4631 8054
8905 5821
9681 5288
3809 4684
2878 5306
2762 930
7481 8947
6252 8717
526 3764
118 4427
3705 4711
1299 7363
3825 7782
79 1503
3430 3954
3291 8491
2290 1995
5858 4481
4867 4860
7836 4048
9086 1156
7465 1368
9142 499
7466 8652
4740 7650
3601 2681
6711 8490
5622 1881
4874 9572
3400 1873
1417 9546
7668 1552
3441 6048
5670 9627
4328 4299
2510 5660
7120 6042
4393 4172
5272 5272
9914 3243
4559 9537
9337 8335
4467 5518
3362 7229
400 5950
9061 644
3770 6236
6158 8411
1230 5653
6811 3543
5232 8596
5645 5796
6194 4806
9817 3552
6079 8239
5831 5922
92 478
3555 3399
1476 5951
4177 9340
9534 6997
2771 2307
9063 4931
3113 1253
873 7580
4080 6640
9753 884
6585 9400
2689 144
5673 9254
1743 3383
6975 4566
1363 8760
747 6313
7641 7810
2350 5000
8434 1030
6505 4573
7272 4974
5805 9531
7596 870
5647 6878
1276 7946
9810 650
4077 4288
8715 9428
9782 3705
7574 2400
2620 2393
3896 5152
7757 3918
1998 1528
1211 5090
4272 2635
1161 7484
8336 7688
9176 9385
3879 9241
5312 1101
2483 4616
2534 1400
1575 4212
5935 5429
1150 7860
971 8383
5477 6951
389 9196
6000 6992
7876 2576
9757 4654
7045 8017
3126 8751
3418 8105
1879 6141
3648 5534
2008 5504
9580 9316
9656 9274
7992 8133
9086 9158
5939 8836
2273 9427
4482 5184
3502 5200
196 1408
2024 8319
4381 7505
8259 6504
5823 5978
5950 8005
8514 2300
7851 4171
2486 1146
1902 2852
7349 4189
4651 7221
5117 5708
378 4394
6944 7523
732 1364
4726 1514
9853 5613
1311 7120
6235 8416
2949 6811
3126 7383
4397 8226
5770 8437
4388 300
2671 3433
6210 5218
311 5935
7363 4608
5932 9788
3270 436
2074 3793
6073 638
4340 6271
9937 1954
3776 9841
6685 613
8344 5769
9289 578
3984 4515
8297 3442
8524 6602
8328 2526
3613 7460
6316 3082
5904 8507
4197 8945
3300 5953
5669 5900
9693 789
8810 9332
3127 814
2939 4900
5872 9090
9637 335
4552 8247
1627 6096
3710 5420
4494 9474
7892 3406
5106 8769
5257 6198
7239 9671
4522 6503
2343 5670
4786 8535
6887 2803
6353 2344
9159 5032
2610 9168
1588 5242
5908 5377
2686 4696
1335 8970
3847 8700
6677 8039
5059 7502
4663 9488
2280 5213
9308 1691
4824 8803
6291 6138
4722 2605
4057 9799
7728 9259
5563 6375
4857 5166
440 9528
1929 8379
1620 6348
6049 6618
1584 3392
4537 8463
4881 2611
4433 5898
3821 6014
5363 5014
8766 1771
5079 5255
805 4041
4607 8643
9540 899
2224 2153
7590 5780
3758 7422
2386 3612
7270 9747
6769 3803
1430 6429
9816 6846
7792 8331
3726 6800
3152 1317
8462 3322
8089 7692
5995 5469
945 5754
3023 5229
3743 9490
1725 9743
5589 7117
3882 7555
5069 8579
8584 9741
4616 7779
9326 7345
2759 8394
39 8698
7700 8876
3899 4876
1333 5812
7386 499
2267 1179
3648 985
3816 2784
2881 3967
260 4967
4759 8780
1980 2519
6073 9579
3397 6183
3744 7984
2830 3857
8950 7946
7262 261
834 4192
914 8093
2116 5682
2837 5967
4782 5852
5916 1351
7697 6726
176 4313
5863 6076
6903 7804
3339 8177
7236 1039
1765 4943
9482 7187
6305 6249
9572 5360
2143 3024
2136 9437
517 3572
9097 1310
3475 5311
3654 7528
5841 5512
8079 9140
6620 7428
865 993
9158 3168
1417 3684
8341 3663
6270 8254
6987 9329
3231 2591
8050 4359
873 8697
2528 7049
4042 3035
2259 2431
7542 6060
8621 6053
2086 5886
3260 7614
7215 188
6184 6093
2597 3779
4283 4450
5809 1722
5822 8077
7305 5679
2380 7164
4288 2700
6996 7031
5485 9101
3451 9373
4796 7536
7048 253
9711 8554
1688 1544
6277 9946
3923 4120
5336 6884
3927 6750
8880 2331
9499 8496
9568 8855
332 6238
8680 2916
9183 8906
9134 7472
5338 9000
1116 577
5487 6127
9442 6807
5851 4832
4645 7272
3929 3655
6810 9375
3525 8904
3060 8575
5627 2579
8281 2924
1813 7951
1914 8262
7616 1258
8039 129
1960 1962
688 4543
3350 3574
2804 6784
8967 892
6242 2744
1911 4931
6276 2099
5582 6377
3364 3859
1541 7091
2795 440
9762 7111
3501 5032
3171 956
4891 6873
1104 7238
3893 4324
2931 5145
5049 1834
5103 7961
185 8365
3385 6025
5681 4410
3977 7068
3361 4621
3691 7879
2349 1090
3326 2533
5553 7500
904 4911
2929 7034
9301 4699
80 9079
8253 1804
2260 8107
4150 1640
8675 5405
1593 4382
1997 2220
5820 3535
5076 8221
1190 6069
7329 3792
5508 681
5141 8552
5200 4729
948 3045
9955 4792
8969 1314
6223 2612
491 325
6514 6962
3202 6388
3374 4694
590 2253
4101 8177
1806 1763
3636 8306
5343 7639
3460 7851
8220 7467
3735 3360
1935 6953
8013 6881
3992 5093
5827 8223
7556 5100
33 7044
4224 8489
2753 7477
5127 8751
9824 2083
4689 6431
432 3383
5328 9047
643 6047
7215 9479
4056 8918
7958 5093
1989 5337
5754 5893
1580 3597
6909 5881
4231 5593
4783 1905
863 5124
2955 5022
9021 9814
4774 8208
2116 6623
4674 7223
8648 8936
5632 2991
5134 6686
5612 6725
8143 1072
8218 9059
2177 9198
7502 6637
257 4159
3560 7882
9384 8977
9973 4353
3220 1583
804 3739
4319 2686
3300 5218
2801 5736
6966 8212
2794 7948
1892 7093
3709 6032
2795 6335
6219 7904
3982 3158
1432 692
2569 6288
6374 3991
8977 6091
4436 7650
5580 8038
7581 5603
5121 8921
5600 7909
655 5736
5032 4190
9118 6861
9078 3756
6270 6162
6115 855
3878 4511
5652 5066
5102 8800
8901 9492
7020 8811
2545 9741
9964 5956
1265 3049
9088 9439
7248 1885
5044 4257
2153 5137
9892 1771
7665 4159
2334 2445
4646 8762
4046 7491
3955 7080
1534 4462
2614 5360
5136 3334
4103 1959
7117 1149
1215 4867
1428 3928
7267 3308
5878 5075
5043 7428
9179 801
1453 8307
1498 1139
9152 1866
3224 6578
5316 5722
5958 6946
8280 9750
2946 3860
5064 1192
7054 4489
450 2273
5340 309
9906 3129
3810 8516
6177 9851
4382 5709
3084 4854
5484 6100
3221 4859
2670 7200
9954 4947
7196 9160
1055 1750
406 5734
3838 7164
1104 4086
6664 7057
549 5261
2016 4353
2003 3596
1834 3558
7784 8670
9286 9520
2345 5696
4719 3772
4992 6755
1843 6882
3498 6025
5636 9715
2844 6669
7593 299
2369 2912
5677 6979
6714 4797
9686 9881
3318 2014
9346 6780
7434 4305
4908 9807
359 5621
242 2067
3473 5685
2394 5951
2751 3485
9623 5223
4007 5097
2261 5543
703 7501
6809 5047
4310 5256
2503 1814
3244 5461
6168 5401
4218 6606
8636 3075
5227 353
8253 8935
3790 6802
7755 8695
1036 7724
1953 1468
6815 5333
5310 6659
3180 2793
6371 6231
5997 7976
6325 4314
4885 6264
6891 8374
9735 5396
7052 563
4557 8384
5806 4099
1753 5513
7499 9361
5789 5852
2516 4452
8662 1131
5724 8877
3407 5828
2830 7244
5784 8110
987 6589
2462 7491
7867 1957
6038 6835
6206 6648
3252 3338
17 2459
5624 7195
6594 6235
8182 9552
9937 1463
7851 8486
1715 3140
3691 352
3237 707
585 8514
3751 5092
8773 4745
4163 5302
6250 4102
6803 9913
8083 7681
2952 9704
5743 7159
7120 9970
2645 8500
4556 7569
181 3711
2871 6224
1291 2273
7330 9406
4778 5588
7149 4147
3732 6260
5726 6330
446 7550
1146 2528
4587 1297
3363 5760
5529 918
8665 1266
7663 9858
2890 6974
8950 8797
4316 8243
185 8798
3062 5768
770 8670
4792 8882
2941 6417
4538 2586
5002 7645
4723 3800
609 3770
312 7684
7332 8768
9791 795
459 2900
8343 5779
6633 284
5802 881
6076 9263
3658 1732
4508 6103
9793 9593
1414 6920
3640 5061
9257 7812
3861 5474
788 3196
4301 3760
650 8106
2328 551
9657 1451
921 4893
7297 6693
7107 2368
4588 4877
9775 167
4365 6525
6443 7986
4108 8855
8074 90
1594 3831
7156 6875
7500 2484
1738 806
3726 3047
1165 9023
5819 6028
9871 2965
4120 8047
2251 8423
9290 8352
1330 2859
5891 6318
939 7404
448 5854
9752 4855
3160 5093
629 4855
499 4745
456 1140
4752 2904
9576 7231
4445 8574
6943 5962
2906 7320
3310 2943
7687 7813
8678 1772
3192 2658
2125 3722
4956 5420
1086 6016
9959 5548
8376 5527
5381 8272
2628 9382
5374 2900
9792 3570
4288 6021
7724 474
1475 435
9884 8649
131 6294
5349 6761
5986 9038
3418 4946
8874 5056
7814 4847
9765 6984
322 8319
4154 4987
1679 3338
3850 7205
6293 5640
6816 7401
2655 7525
5147 7313
4773 6843
4749 4234
3035 3730
5750 4839
1116 6234
1214 5345
4820 5871
5854 2452
8965 8863
3619 8332
1262 3026
644 1930
6893 1740
1168 9255
5583 6015
258 4375
7785 5519
6441 9981
5573 2294
8829 3461
8517 1654
2039 4007
4423 4986
5574 8531
2167 8888
9825 4136
8961 3802
2006 9199
2534 2939
8075 9536
8402 1300
2048 3948
4062 7868
7057 8506
6840 8508
4753 5241
1962 7328
4861 1842
2016 7793
6355 3511
5026 9722
6209 4854
7231 8514
900 3158
6526 5958
1435 2270
1343 4667
1948 8453
1640 4136
67 7543
3612 8584
5724 5162
3850 6655
5908 8955
3761 6842
9559 6716
2284 1555
8034 6636
4233 4851
7963 3952
4255 6596
4523 8562
2003 1572
5073 1566
6603 7093
2838 5002
2898 5807
5951 5632
6772 900
517 2773
6199 8851
5765 6115
7325 8404
3400 1978
3403 6450
5550 3315
4554 3579
4923 8815
40 3844
9040 4420
6361 3493
5538 982
4615 7881
6909 4530
3619 5930
5076 133
3952 3366
6333 2613
8600 68
6633 8917
7586 6556
2661 9236
3363 5307
3737 9197
6006 3278
1151 7680
7137 4407
5375 2923
1539 5052
702 9022
3225 3279
3933 8210
6106 9265
9695 8390
4984 7094
2637 4691
4497 8669
6140 3749
7296 1259
7997 9937
5908 7829
4569 4987
9120 4789
4074 5947
2659 4278
9887 6358
5291 9065
4090 7877
6141 5034
6187 720
6383 366
5037 9148
3703 5896
4797 8678
4241 9214
5963 7593
2382 5582
8084 793
7841 5236
9319 4975
6905 3336
4117 5886
6262 197
6371 9000
6623 4791
9111 717
5098 8912
5170 4816
5390 2604
7573 9743
329 2471
4718 8627
4102 4157
7225 8629
8060 1617
3980 6833
1898 1695
5442 2134
7657 5778
4823 7229
4391 3105
6996 1602
1148 537
1893 4626
5538 5346
9055 5120
3076 4942
6689 8891
2267 4315
7602 715
3615 8374
4501 6252
6890 9820
4785 4735
230 7443
4384 5559
8114 9800
1211 4282
8409 1760
2359 7529
9139 522
1375 5292
7672 2406
1911 8012
6837 7691
4082 1033
6640 5871
8842 5375
9661 1802
6884 9614
8506 4150
245 3913
7344 4647
301 1041
4444 1506
4664 5747
2064 912
6267 6649
5284 6852
3455 8347
2147 8302
5511 5619
4862 7159
1594 6103
6255 8517
713 1924
8545 1718
7097 7520
5115 371
3000 4397
5257 5335
5085 4814
7417 678
5522 3768
4801 8209
3407 6892
1858 6684
2311 3771
5260 2078
1820 5934
5147 5813
7757 6640
7369 8450
7801 8898
5815 7669
768 1055
9596 2571
5160 5230
5022 6986
1946 8611
5788 3752
7162 2616
2735 6327
2010 2853
8781 8895
3645 5730
4873 8970
4998 5474
1818 5019
5221 527
9352 1958
1664 6538
8384 8148
8282 1226
1765 1113
