5737 3948
7263 6616
4990 981
5102 3437
9152 7094
5408 3894
2901 7625
4133 3696
1385 7136
5884 6748
3785 6396
5708 8737
2845 9450
3714 3483
6989 9588
8106 754
363 9074
4702 2806
7415 7481
1917 7761
3015 5000
6229 9203
4868 5848
1941 7071
5637 7113
5489 1994
1197 7556
2579 1171
5390 8404
3050 2742
4115 2083
3536 5116
8137 2295
5170 7583
4652 9872
1555 4002
8654 9058
8810 3155
4997 4285
3222 7935
1301 9841
1150 5013
2810 6715
8023 9834
2971 9521
3346 4968
9965 4725
3285 8112
9651 5060
8623 5786
5140 2590
4420 7633
5889 7552
1248 6810
7805 8722
8032 9896
6150 3917
1370 3309
3085 2466
1932 3012
1756 6462
6095 8596
2412 6803
3458 469
2047 3901
4882 3126
7189 4373
5534 5001
4417 7456
1469 7573
5715 9479
2781 7545
1205 818
6578 5158
6706 8053
5809 5852
8908 8533
951 4735
2062 1041
5754 1082
1931 5954
9959 1230
5965 5695
2140 7754
1887 4837
4879 5958
8445 9566
1105 6262
9076 9369
6330 7257
7532 9047
3551 5345
7961 3976
2666 4430
9245 2129
2639 3021
2468 3139
833 7846
949 2315
7860 8889
9847 6785
9580 7195
1512 2169
5823 6648
530 3536
8637 7470
6635 9946
7482 4220
4171 84
868 4174
3139 7750
5793 4382
5275 6671
1472 8260
1567 2606
4309 9480
225 5128
5321 5447
6869 7911
2728 3577
6680 8160
6043 7051
6399 8635
9843 9365
2095 5741
8643 185
6696 4842
4844 8834
1556 2430
5991 4272
8274 7148
1458 5278
4304 4130
7301 9796
251 9974
5924 6433
5736 7365
5598 6906
9679 3497
7602 3429
1038 1578
3406 4269
3829 5126
3476 7482
7213 4556
3415 5028
4505 8563
4596 1511
4129 9215
6216 6029
8791 2405
3230 1949
9363 1813
5333 730
4816 3621
8711 7256
7012 9504
8010 6391
5527 4127
1044 4496
6439 5377
4180 7059
4754 5079
8577 207
1576 6720
4097 6243
5299 8033
335 9782
4106 6965
4971 5723
4509 7355
184 3880
710 9817
4036 3873
4134 244
1776 8299
7875 5132
4401 5728
8238 754
8506 3723
95 4939
3787 9706
5519 6063
7248 954
7105 9536
2348 15
1198 4508
6251 9890
2214 3398
5522 8697
7761 7073
6193 8380
2332 6544
601 209
3720 5343
1559 3359
1297 2127
1933 5492
4613 5560
6683 2730
6352 5111
6828 7026
9211 226
4154 1784
7529 6844
1710 1663
216 5363
7788 7189
138 9092
1929 6847
6511 566
6115 4501
5980 8743
6584 9675
4492 1146
4334 6158
6486 9783
3148 9974
4065 4950
7348 2608
458 8400
5736 1593
5641 538
5150 9309
6855 1399
6335 6059
4993 4932
6362 7882
2229 1423
6284 6013
5752 6381
3113 4395
1855 6874
4201 8086
1194 4361
573 3748
9630 694
9781 7242
6721 6889
6215 8249
198 4517
8527 2414
5350 5448
2477 7136
1221 5258
7131 8342
4901 6753
8802 6675
8449 9031
4682 2629
1915 3087
2401 4000
3788 6775
9622 2105
4881 8329
8875 629
7097 5738
5312 9720
330 9880
1263 3403
9455 773
4787 7539
7512 7350
8140 6424
2277 9050
3862 1304
3418 5757
2032 2803
828 1906
2135 5439
3439 5816
4426 2285
774 6221
9930 4570
5293 7468
4319 4293
1792 993
4596 6264
697 4173
1965 9286
2695 6
5473 7291
5819 5484
9084 7932
6768 7094
4672 4273
3321 4080
3040 8268
3620 2427
7311 7723
3875 8840
790 4256
6948 5870
5638 8159
3640 6169
7771 7600
5521 8513
1595 8948
7271 9879
8868 4614
7243 9551
5154 5457
344 9107
4960 7843
4913 8899
2308 3757
9054 926
812 2917
5562 6312
5286 257
4143 4938
4950 6458
5244 6676
480 1168
6462 7013
7524 4824
4705 4826
8673 1126
4111 9042
4139 9555
4725 5185
8265 7838
2615 4186
2822 2944
4882 9949
1515 5009
3791 6943
1262 133
6367 3167
551 14
973 5076
3192 1551
2554 6404
2110 5195
5564 6118
5412 4529
4477 3497
5590 6521
3540 8771
8469 3537
6390 1851
58 1555
5668 6296
6781 7371
2441 9967
9963 2587
9077 279
5701 178
1125 1780
5343 8054
2545 2517
874 9782
4242 7255
3565 4532
7873 5330
7356 381
4869 6306
5335 6779
1362 2524
5371 3026
5978 9625
2041 4798
6196 2614
1841 1475
6739 9952
4363 4633
7550 3751
6811 150
3343 5075
2372 6601
8177 7417
4987 7506
2609 5790
9548 119
2205 9349
7026 4774
6463 2153
9998 8663
3311 1753
5618 2771
2345 4754
7783 1841
4830 3600
4477 35
134 707
9114 9639
1392 9976
4354 2035
1688 9974
1738 1164
1971 914
1057 4371
171 77
3847 4045
4074 3041
4720 7353
5418 7166
6259 6550
8083 281
7759 1618
3781 6616
5826 2238
625 5508
3918 8018
591 9536
5345 6745
7964 222
6100 9307
2272 1269
7136 2285
6891 6130
2351 7914
5343 4605
9157 8315
1449 6012
4704 9987
189 3197
247 6622
2869 2777
6649 5405
2093 5030
1461 1821
6670 7450
4495 4336
6352 8309
5791 5532
5114 5024
1740 5558
4306 8234
323 8687
7982 7772
6992 159
1747 6850
8961 2616
2780 3206
4393 2352
5358 8925
6695 5241
4487 5168
3835 5242
5534 7838
3778 5876
20 2512
8389 1464
4108 6690
5096 903
6843 6694
8662 2296
3101 5489
6067 5426
8450 3810
877 3193
2907 3445
7055 9438
1924 8078
5338 6973
1399 5749
1365 7333
2924 3762
8106 1418
6944 8560
6064 7464
4825 5526
2486 3472
6125 4212
2448 2722
7660 7868
523 722
4359 4420
4578 1340
6113 7477
60 4344
6302 3737
3791 6824
3025 4810
7380 1519
5040 95
5468 1030
433 4333
2298 51
9816 594
209 6961
9280 8198
2834 8783
7127 6829
6753 6359
7202 5956
5794 6690
4591 6890
5769 8848
6823 4324
9691 3689
4189 1864
5131 51
4635 6825
3055 2608
7788 6588
916 1137
7395 3624
3214 386
3231 4002
7272 4456
2249 643
8015 70
5490 7460
4855 6949
5438 4789
5465 8864
4854 4738
3779 9590
6067 8380
5639 5718
3603 5163
3974 3120
2313 4428
910 7492
2389 8624
6432 7461
2488 7354
2672 1513
2589 5945
7451 8083
4934 4222
8559 6010
3610 6347
5291 6711
4604 6683
1541 2878
1886 5276
2553 77
4452 8248
4757 3111
789 9551
3981 7579
7465 7442
7272 7276
2994 6357
3697 357
1418 4999
2820 3467
3932 6761
7722 7899
6691 7122
6010 1311
4480 3368
5103 1775
3909 1566
5846 6020
5397 4696
1567 2210
8170 8668
1092 2920
598 5795
3893 2460
2509 3817
4830 4770
6750 9809
2046 6567
8890 7947
5950 600
1414 9737
5862 2473
8680 2475
8568 3237
6780 8934
4386 6944
8310 8311
1581 465
5765 5923
6140 7032
8189 1376
6862 6199
430 7473
573 5041
5718 4535
4894 8969
2607 689
4583 4088
3743 8541
3067 6043
5601 1856
7018 5557
8270 7693
3532 4278
5096 5777
8693 8964
3079 3020
854 6501
1386 8991
786 853
2542 4249
1286 1176
6968 5268
3217 9262
3893 8084
6753 2347
7763 291
5889 5948
8629 8282
6583 9025
2550 518
4606 3159
7541 7947
3701 801
34 3483
4168 7363
5116 8105
4706 3511
7947 3616
9674 1615
7921 9750
2372 8631
9309 6563
5425 579
7330 2371
1011 6969
6196 1624
1898 5220
3150 5141
6197 48
7907 3291
9844 9731
7628 200
4332 9662
7583 8536
4720 7034
4295 5350
6687 8398
610 1498
5590 2874
2940 4900
8361 7002
9892 3369
4073 5358
2454 1479
2498 7672
6176 9801
3128 9273
406 6727
1743 5295
7161 8560
272 3731
1507 7913
5585 6034
5982 1240
517 9160
6793 9332
3663 5766
2985 189
1992 4171
4781 1257
7022 8108
1593 3607
6823 8164
5448 7089
5663 2584
3368 8184
6877 9043
4625 4019
6426 6892
6097 1240
1880 2509
7986 4714
6124 8247
6934 7069
4756 9319
4349 3976
2917 9308
3500 7414
2511 3665
1950 8738
216 4872
1984 8322
6205 9646
273 158
8523 5346
2697 6393
9070 3758
4304 8003
1429 7430
3979 8472
7979 9383
4221 6019
5931 7047
943 2060
5978 6341
2483 3845
3164 3011
2692 8156
9548 6392
2342 5828
1821 3618
7094 2587
7075 6509
2802 3948
4118 5611
1542 5334
5986 7225
7564 6673
695 8387
2018 2819
4570 8256
8300 7357
3883 5340
8350 8117
8711 5881
194 4671
5128 8641
4925 7787
4917 2944
6639 1094
6499 9156
771 5591
4021 8027
4525 7035
9953 9850
8590 2221
6221 9104
4862 4297
2027 8492
4016 4771
2329 5861
8254 9711
6409 7182
8055 8720
3845 7410
7351 7291
4439 2901
2838 3994
4240 7121
6846 8472
2692 8077
4393 7336
5023 1087
5719 6977
2852 4279
4460 7282
4472 6353
1451 4265
3935 8363
3377 8072
6165 7148
4900 8456
2792 8550
2608 5760
9676 4441
2164 4551
4245 5263
6724 5836
7266 8105
9425 8471
6103 793
9087 1538
2221 3486
5645 4301
5896 3883
3442 5289
2055 5934
6853 1412
9822 7770
9383 1950
2652 2662
6751 6733
2105 9848
7924 7822
4398 6767
3314 8379
6626 6738
3124 3825
7248 9646
6284 3712
1473 4279
3952 8787
1459 7498
4935 8934
1512 1359
569 2681
3373 6757
9952 4981
5694 9107
8015 6088
4482 9258
9549 6927
3635 1859
4452 8305
3621 8148
8077 9339
6802 5758
4546 4934
3918 7580
8155 1530
8134 9055
8872 8755
5488 5861
3230 2749
2726 8585
4314 5981
1824 5515
9722 7097
1077 3716
817 8744
9876 101
358 5197
5845 1008
502 6373
193 5803
5970 3339
5509 3947
2860 196
2803 5812
1705 6294
2983 6682
4614 6865
6670 4100
2826 3931
2112 9314
1379 6430
5549 8018
2595 4937
6784 1354
5734 7017
8860 261
3531 9762
3025 2720
4900 8511
5456 7746
4250 5433
2140 233
7695 9505
8636 5104
6022 8773
7412 9567
2834 5875
8026 8679
4024 488
4561 198
3933 3753
183 2724
8816 8202
1653 6480
2864 3660
3137 4492
2061 2518
3699 4232
7521 9981
3356 860
5494 2860
1920 8702
4990 6710
4123 6859
485 6566
1256 1488
4972 654
5436 5484
1112 5644
9073 4128
5041 3908
4664 8122
4587 25
3421 6479
3414 3322
3929 7151
6097 2907
6217 3955
8541 6374
2636 1944
8047 655
6319 9372
8247 9805
7965 6443
8061 8366
3551 1462
1245 3234
5094 5733
5851 4140
2828 5389
9555 7978
1804 3642
3267 3221
9409 2676
4042 8438
7707 6161
3271 8066
4943 8839
7071 9626
3105 1883
8941 63
5026 5575
4693 4648
5999 5852
5186 8718
9511 6945
4692 747
4283 6820
3688 4432
4833 7408
4664 8390
1357 5945
5794 6857
4266 3096
3157 2702
6122 9813
5656 5876
2545 2323
4683 6767
668 4501
8421 5234
2822 6509
3894 1130
5960 5469
7426 9520
6263 6675
9544 5684
9179 5034
6218 8366
5165 5881
8191 8047
13 3415
3182 6384
5488 4319
8896 7341
1349 8928
7417 9858
4265 7021
7964 5826
8986 7500
852 7304
8699 7672
3840 6505
9017 7752
113 1259
1059 5567
5025 5433
4082 6038
7013 7674
7080 494
3167 4655
9662 7904
9175 1895
5394 7407
3725 6905
3071 6115
9790 3888
5832 8572
4948 8754
957 981
4096 7491
8786 2204
1719 1654
4291 5572
6636 5162
6058 8339
4963 673
7406 3538
1739 7796
9158 5243
2874 4392
3419 6178
7017 7634
3909 3827
8064 2168
6259 6235
5846 5019
8102 1413
5314 7898
887 238
5372 9300
6458 6071
6221 9282
2976 1299
3490 5950
6624 1529
5959 4788
5238 2022
2505 7019
3945 6237
6474 9583
2842 7957
7352 1571
9652 8063
3255 3171
6109 7068
7068 1812
759 2631
6475 4681
7959 9604
4798 5227
5271 6642
2927 6725
2820 1903
6424 8018
7614 7061
5712 5274
1335 4376
6043 7774
1919 4841
4838 3205
5240 4417
3187 6921
410 8906
4252 4276
5021 5541
6708 2421
826 5788
1354 7893
4254 9691
8280 7393
4653 4741
7452 8702
4345 195
7598 6541
244 3073
5985 6348
3028 6682
6598 4333
9617 7543
3165 6916
5462 3311
4734 2572
775 1433
317 4756
2340 6015
6334 6623
198 6232
3241 5864
7367 8119
7646 1118
6574 8971
6873 9533
183 5062
2001 5623
3210 8621
3873 334
9182 6167
3309 5072
9786 9664
4838 3581
9863 2714
5296 3870
1643 2774
1051 913
8040 2832
1971 6144
3211 5008
1776 3653
3241 6348
3752 9038
813 4774
7621 7022
2158 2937
3615 9972
1890 7323
4949 5502
7881 8558
3552 5422
4613 3597
3647 7416
3289 7708
315 188
2610 6373
9351 4393
1021 6766
3462 8804
6714 9098
5640 7197
7689 7691
6869 7400
4981 5282
3331 4039
1490 2262
5440 9768
3528 8754
4915 4699
798 6586
1787 5114
3700 8982
6867 8643
1898 5884
7346 5645
4380 5479
9535 1009
9236 3342
4936 9309
9217 6254
5011 9604
6777 4791
6975 7021
2183 8096
7000 3816
9034 9371
2219 2505
8268 3947
8237 8569
5703 7737
8137 5598
208 209
9139 6576
1876 5670
1509 3927
8102 8502
4265 9238
8232 5313
6432 3308
2788 4890
4883 6254
2966 2681
9736 1146
3959 1072
6495 8100
2912 5491
4090 6631
5050 4458
693 9891
3887 4996
5486 3978
4200 6395
2428 2237
2863 6366
5546 7412
6607 8260
1346 5063
5991 6715
8059 1072
1309 3720
7654 8193
3127 5779
2123 7091
4031 8629
1804 6035
4858 8034
8805 1656
4722 1730
7083 2725
6269 256
8562 8021
2638 3349
7402 8628
6369 9505
626 2922
8572 6386
1751 5367
6326 4331
8798 5911
9369 8652
4208 5134
6548 9978
5633 6215
223 6157
646 4799
8317 8617
9630 412
9127 9654
5284 6182
5731 7625
5689 5184
5260 7222
3617 4154
5630 9155
4711 4950
36 4358
1825 5945
7770 7414
5314 4317
640 2378
6746 8555
1579 5259
2556 8917
5756 6769
1083 2840
7166 897
6562 3900
5367 6664
5702 8640
5007 5082
831 2188
6755 4416
7238 5058
8855 3909
5436 2455
228 1400
265 4436
5085 2642
4293 8075
2015 8246
2817 2518
1474 8602
3261 5649
8502 2451
2831 7004
5737 6890
6788 9036
5224 7015
391 3097
470 1175
5452 6613
7110 806
8320 9132
3003 5367
7418 8277
556 5766
7389 1160
7123 5885
688 6888
946 5197
4266 1919
4846 279
7749 6512
5193 2723
7286 9905
7617 6743
5963 8764
5295 8076
9398 5207
6220 8834
2348 6580
1801 5953
2195 1908
4333 7584
1031 7469
9775 6133
8118 9775
1189 7762
1846 6985
2981 5863
677 2110
2912 7453
8424 7458
9745 6496
8473 9077
9624 8421
1368 422
6782 8412
6187 5758
7071 4987
5985 6526
8156 4014
7676 9564
4205 5439
5745 2380
6075 40
9352 3774
8717 7464
4472 6951
1375 5282
6619 4570
5435 6998
5239 6305
4481 6663
7072 3239
5227 6187
3835 3253
7231 7433
2107 7540
8191 830
3416 5521
4780 3697
867 1442
3742 2015
555 6051
857 4366
7507 2305
6921 8560
3714 3084
53 5251
4681 7717
2693 7354
8483 7367
3842 5871
2198 8314
3835 8046
3966 164
6230 5013
5762 3447
8133 3992
2226 1179
306 5673
4583 9144
7516 2717
3792 7339
7264 5650
2318 4272
244 9117
5362 372
8228 9719
7043 699
8278 680
5931 263
5691 4977
1702 6110
6784 9749
5974 9880
5081 6630
3453 8115
3799 9920
2779 6629
5590 5689
3876 4956
4241 2159
8611 6087
9819 5965
1773 5653
6469 5779
2391 7163
6120 6793
3083 8144
8833 8270
4332 5845
5750 6967
7393 8234
4600 7996
3724 8591
4655 3502
9450 483
6641 5862
7004 3699
4669 6820
8824 2421
7020 8110
6374 8901
2274 2390
1553 2630
5410 4953
945 8372
2966 2388
3863 8763
3570 7198
4807 5599
2357 2280
5402 7694
5280 5782
7645 2577
5284 5379
6703 5972
4708 3462
6249 6933
9821 2479
3756 5001
996 2429
9593 8250
2566 5140
5625 7227
7003 7782
3971 5047
1863 5141
5467 7055
4037 3829
9448 5243
6130 6581
948 6158
3451 6593
4003 5349
5706 9636
1030 979
9500 3016
3349 8918
4396 9373
695 6772
5578 1880
6032 8237
1658 5099
4700 5583
1685 4478
4663 268
924 3562
6418 8165
7472 7805
9008 2338
4708 8268
2191 3239
7808 9188
9553 1872
4769 6972
824 2284
5484 8674
7939 6675
8018 2767
2875 5039
6600 7997
3180 1245
6665 8392
5070 1194
9832 1408
9513 874
7333 3603
4049 7706
5513 1885
165 6906
9726 5304
7692 3657
6864 9396
4612 5833
651 4850
9426 7257
5114 6983
6384 1360
4333 1170
4902 6282
9311 2473
3968 5623
5795 6270
8728 5801
8716 314
3153 5676
5935 7741
6508 958
4207 5087
6851 6959
9278 202
3213 1152
7572 5150
7802 7827
2246 6705
745 9426
8935 6521
4886 5654
1161 4682
42 8259
9909 6434
1834 200
4304 9355
2282 8698
7034 9244
6669 6150
8517 4668
6746 9780
6639 9654
6867 621
7594 8305
8667 1579
4090 6743
2870 3098
8418 6473
8086 5734
5491 3266
2808 7589
1911 7078
4633 202
8303 5210
8712 948
5193 6726
6791 7284
5515 7945
6465 1085
3001 4089
9802 2389
3205 3330
5143 3993
4971 5458
2856 6825
5965 7713
7579 439
9898 2743
1133 5188
2624 9592
5962 2985
5863 239
7802 861
246 2399
4141 5243
1270 7795
2628 6974
5382 8718
153 77
9115 6023
3433 7758
6779 5435
4128 9747
6091 2819
5997 8590
5947 8998
3776 139
9968 1630
4445 6650
1656 1162
4685 5585
5486 4816
8619 5684
4816 3035
5686 9307
899 8245
6016 6738
2144 4255
1791 4891
7200 5707
3580 3997
2540 5423
4248 605
4638 7472
9100 9124
4283 7136
4353 1947
5748 9272
3861 5807
5575 53
1983 6484
5708 7227
1619 316
7926 5958
3083 5260
1286 2772
9713 3944
4303 1671
5302 4859
5985 2408
9941 4481
6029 879
7787 9828
7979 8012
4998 3522
688 5832
7032 3250
2957 2394
5042 7500
393 7577
2578 8898
1353 5175
1021 464
7484 4929
151 86
2442 5038
8999 4964
3989 2167
5902 8250
4799 7634
5397 9246
4442 4364
6226 6361
6116 3749
4827 6915
1947 7984
4071 5885
1260 8451
4696 4890
2500 4117
1377 6003
1222 9098
4581 1153
8371 2254
675 7424
3132 4451
5544 5751
921 3400
5690 5051
6094 7386
3050 7795
2294 6469
4431 7867
2838 971
6693 5207
8740 9533
9513 4272
3138 5814
4776 587
637 729
896 4107
5477 3788
3470 6674
7521 9802
1658 2336
9443 1789
5444 3961
757 9024
6197 4235
2007 5607
7129 2983
4413 6375
7 6173
2935 9790
8396 2394
4474 4520
4494 5438
5213 9289
2945 9165
2040 6844
8628 4888
6437 517
3473 6288
5095 7469
4250 7148
9238 1555
5425 2685
2116 5792
4695 7498
8788 8637
1676 5456
4122 9070
3051 9160
3600 4006
1659 6226
6206 1385
3873 5067
5495 2047
1811 6031
8076 7771
8453 3291
7592 8890
4862 5288
5089 312
2347 9165
5227 7601
3453 6817
8640 8523
8909 8122
7096 1748
3635 7238
7895 152
7309 4192
6896 7995
9716 4431
8752 712
2344 6278
9314 9231
3715 4090
8049 2137
6493 9160
3838 6641
3456 2109
9287 4146
8277 2297
5593 272
1038 7410
5890 495
7372 6769
4519 4760
4914 5289
4482 411
7059 7706
7832 7629
6245 8886
6783 7020
3527 7021
9806 4724
5487 8426
1597 4906
1647 1236
8879 7158
3764 4695
3678 1245
2187 3967
9847 1705
9787 5626
8160 7979
2988 919
2893 1096
4461 5158
4096 6494
4269 6156
4461 8312
7613 1286
593 5571
2881 6347
7097 9542
2155 3210
5721 7047
6585 736
4213 6907
4644 943
4867 197
787 7628
6935 8783
7952 9130
3467 4434
6407 5136
7064 7392
1332 2890
6387 5423
656 8205
3012 3746
2040 7033
9681 3095
7622 9726
5613 3154
9935 4116
7655 4921
6885 1741
6943 928
4487 3722
2133 5103
3895 9445
4640 5923
5290 6971
1243 8917
281 3810
6601 1056
1055 5833
6480 5196
2932 8058
7710 6819
8381 2594
4007 8346
1231 5537
5071 1800
9299 360
8017 6454
567 2524
2266 8089
4950 9094
8491 5061
5830 6669
5296 8684
2004 2841
6301 7193
2223 5130
3582 8301
3766 3399
3143 8375
3769 9066
4875 2746
5592 8022
1413 7368
6167 7206
5005 7178
80 4425
4983 6601
3906 561
3578 2947
7087 6250
4926 2576
6474 9204
7119 4512
789 6211
8452 2032
5514 9512
5947 4412
2153 5555
5100 5213
2117 7295
8235 6356
1053 6378
8895 3433
7146 8792
3964 5295
5643 6256
1880 5517
5417 22
5642 4957
2356 3352
1645 1311
330 9443
6019 7832
1148 4413
6638 4134
7242 5066
3913 7972
3228 9855
5568 8835
5351 6097
5199 8709
9824 3027
6357 364
4278 5360
6853 7627
3780 2868
4587 2439
3177 360
1316 3071
7686 6517
5241 7780
7808 7971
2971 9007
4101 9497
80 8197
7591 4186
3208 7378
3977 6428
6783 2929
3076 4980
2446 6799
6954 5965
7354 688
5845 3585
652 1347
5953 6565
3409 5045
2087 8034
3515 9120
5805 2587
6658 6209
1195 2124
8290 8078
9646 6659
6576 7308
3011 6325
4098 3927
3223 5686
3271 8615
5389 4779
4683 5785
8256 9140
1179 6438
1700 5652
29 5747
1125 2940
9934 2228
3112 2556
4679 5262
7553 6364
5662 6227
2933 3493
6773 5206
4156 7143
6230 268
3630 6804
3860 3065
2554 3847
4169 1605
5548 5014
6642 7796
12 6574
9668 2351
5780 7508
2081 6259
9517 1135
2761 7681
810 5278
760 7672
8908 7443
5576 538
7185 208
1627 6439
7197 9603
6994 2599
22 7827
2835 7522
577 4373
2424 9119
2816 6425
1737 3988
2434 3916
7358 1011
4020 448
8036 5275
9834 4238
3971 9833
1697 2724
2803 9007
2615 3294
4146 6343
8209 9525
5612 8179
6118 174
2380 9291
7065 7861
6258 5257
1583 6917
7479 3650
1272 6466
6252 2217
5772 789
3870 9390
9959 5764
3196 5918
4189 8325
6083 6959
9535 1945
7597 6126
4139 9147
5007 5924
3892 8223
5377 6689
3250 6275
7639 6244
2100 1090
5709 9535
7269 7586
7460 9103
7069 7003
5972 7141
4408 6130
6796 6090
1761 2977
6004 3417
2571 4014
3837 8300
2993 7615
9003 6914
49 2778
3792 6019
4710 6589
5701 7930
6143 2650
1169 1762
1573 5787
6880 8541
5113 8699
3012 9735
5959 9659
8547 339
5680 8029
9123 7854
3925 5501
5137 4074
2494 7005
6897 493
4085 6392
6198 226
9964 6605
9312 4464
6308 5238
7937 9576
5431 8348
5611 9447
4618 5027
6533 6753
8706 7808
4398 8178
6829 8966
4949 8466
4338 8312
2220 5732
8972 235
8335 3327
9630 6099
4535 7365
3216 5175
716 1510
7644 6038
5290 6894
7377 6448
2721 6135
2011 7665
3938 3066
1334 4713
5953 7359
8128 3764
5049 7828
5436 6022
1281 4005
2385 5260
6583 5661
2892 8474
488 3322
2669 3972
4324 2849
5547 5745
708 4264
6069 8715
6270 6490
1518 282
7846 7555
7579 4996
7348 8739
5698 8250
2805 8303
3626 4510
2798 3052
2264 7548
7313 652
9530 3440
1705 121
6090 4815
2368 8315
1759 357
4028 6718
3159 6040
3920 8353
1886 7349
2972 4120
4089 9478
2285 6536
5912 4004
4902 8571
652 4974
4960 3557
4227 4689
5709 8785
5801 9542
7298 6261
5415 6473
5503 7754
2829 4956
4362 2941
6269 6469
1686 4685
1873 310
7631 5215
7529 7419
1862 5032
3580 7641
4593 5560
6635 9313
9431 2911
3443 7343
4191 7916
3982 7513
188 520
6519 7273
3438 1936
6132 2168
2038 1299
6310 8856
3524 7574
7218 5998
4633 2491
3446 6607
9458 3966
60 4512
6622 9737
9717 8327
4064 5838
2978 2688
7718 6112
2169 6979
7755 8431
5294 2479
3769 2399
8433 4293
7779 1554
2369 9898
8284 8142
2699 2899
6480 5200
4402 8620
7488 9376
3844 6077
6151 945
8822 5394
1487 219
2262 4187
9712 947
8700 9080
3519 2237
7808 3022
7069 3851
9959 9162
3532 3344
8396 2145
7064 3692
7650 9387
4919 6055
6335 4916
9514 7849
6279 4755
9936 4990
6184 7793
4425 9990
5653 9325
3330 5293
8602 4599
4149 3117
5699 8394
8968 8332
5200 308
8763 9391
2794 1499
6806 6914
7379 4332
323 4722
2041 4150
1708 6606
6536 1024
4101 6910
7087 8711
2237 5149
5437 7468
8460 4492
5717 8276
7028 439
7049 2713
5729 6529
824 3260
5808 4607
3778 1911
2525 2519
7595 6794
7029 5888
8747 8992
7782 204
6319 8852
9836 8397
7492 9941
5502 1948
1476 9615
3033 6200
2003 8314
5603 4861
5414 9769
6056 4577
763 3384
6261 6672
7301 8171
2985 2530
6004 6494
4276 6055
4073 5726
3811 6894
1454 6018
2954 5516
5607 5222
8229 9550
7284 8059
6093 7596
5207 6456
7757 9447
4648 342
6893 7127
5990 5633
7223 9742
7894 5480
5215 2375
7454 6642
5000 7819
6481 9290
2307 5008
1419 2102
4941 8407
3711 139
6021 5104
8732 8952
4542 7880
4571 6595
3274 9533
4099 5445
4791 74
360 4309
6784 7089
5574 4132
4120 4750
3853 9590
7686 481
7011 837
6298 901
3526 8148
1585 3989
5160 5956
9108 7909
3397 8448
7848 9295
6944 8367
4654 6498
3741 9426
9303 7037
572 5868
8492 7532
5207 7061
4742 5914
4528 2952
5813 6763
189 360
2516 539
7080 9436
217 5239
5032 132
4918 9415
5126 1716
3097 4843
4635 4633
9474 9268
6751 6470
5082 5739
3697 1990
2998 6190
6456 6818
3638 363
938 5012
4131 8109
8353 3242
5381 5217
5730 7357
1816 33
766 2690
1413 3026
6592 182
4968 7973
3068 8999
4054 170
1758 8844
2868 2000
75 1762
8996 1254
694 5446
6812 4507
897 3267
7320 1163
5851 6842
3800 5255
9518 2130
6594 7825
3918 6149
6982 1225
5351 6411
4326 6883
1668 6833
1511 2914
9678 4684
6049 8375
6968 2000
3180 9539
4224 5559
4105 6362
3778 5967
2205 9374
4819 1275
2948 4988
9345 724
9133 841
4198 3062
4812 3450
5844 399
2289 9903
764 6376
7833 9860
3769 6160
1643 5153
5256 2686
5082 7525
5218 1936
1963 1344
4626 5673
1632 1473
6943 6103
8469 3146
1185 8782
2389 9975
914 5286
5382 7534
9045 1212
5135 6839
8512 1651
8361 2687
4718 256
5846 6298
6729 8631
2436 4169
2627 9106
5010 6965
7498 6863
6164 7812
8344 5608
3846 8850
5171 7327
305 6238
4246 9723
4810 9536
1783 7374
3283 2442
3171 3692
276 7348
3946 5940
6676 5600
2935 1880
3779 8163
9785 2553
3773 6362
7548 2496
1795 7505
3240 9282
9692 9680
4816 5126
5922 7474
7323 1331
4988 1971
1439 1161
9660 2642
6457 6441
200 7487
1189 4783
6873 879
4502 105
5844 212
5403 2950
8020 5887
3639 9943
2288 1385
8817 1966
4317 6596
6529 6559
1241 7201
5191 8557
4492 7765
7427 2461
6122 2650
2534 6463
7125 968
1113 613
3314 6574
6273 1368
9990 5404
6564 6162
428 8444
7909 4554
2073 6145
5926 7568
7932 9641
3431 9202
4766 8138
660 8723
6381 1961
3873 5238
6446 6641
1391 2418
5211 3627
5526 2470
9496 2492
640 5078
2355 4272
7310 2666
2934 3390
9558 6524
5738 3
6718 926
484 3676
2712 6616
7636 5697
2801 8122
195 8353
5214 6274
374 8584
3646 3380
6087 951
4004 8686
4227 4264
2396 5161
1976 3555
5121 1508
1535 816
6070 7026
3800 6304
844 6826
8107 986
1823 4373
6251 7717
4788 8515
7076 7305
2616 6638
8514 2249
4818 5132
2736 4195
2560 4464
9872 7706
7784 2036
3678 6556
8144 5954
4678 8885
8453 3033
4823 6765
6535 6442
9348 3885
6431 9997
748 3172
1964 4860
1926 4568
3608 1370
2808 1280
2957 8499
6842 3007
4856 3801
3402 6634
6557 845
8532 1390
3735 6285
5474 6065
7127 8774
7414 7784
9133 38
3684 4253
4251 8767
3616 4055
5698 8927
6836 9241
4173 6632
7498 7899
5808 7752
6337 8281
1240 6505
4519 5670
5727 3104
8959 7590
2267 7476
9043 121
7833 7781
825 4950
3290 1158
7865 6501
5541 4267
2977 6296
637 9036
6523 4593
4274 4711
332 8171
7586 9193
88 3502
5375 420
5643 9768
4493 9602
1945 914
2366 5108
5908 6144
5887 837
1839 4544
2855 5686
7313 8229
7331 8512
6238 2464
2707 4475
3276 2417
3164 6148
8150 4121
6147 5729
4084 7286
4801 7048
7671 2029
4354 5955
9028 8833
5356 9148
4238 1350
3083 7448
2348 6999
5211 6286
5725 4292
1578 4085
4559 9514
6465 6253
3635 498
1705 9229
572 2476
2074 3326
8190 9925
5594 7757
4917 5263
2515 5139
8207 7246
1820 5028
5913 3723
5455 6780
3903 4877
2708 6658
4863 8302
1647 7207
3768 3605
9618 1720
3974 5696
9149 6345
3808 8373
1250 5292
7825 8470
2961 5239
5061 8933
5097 9529
5096 3413
4147 9128
9888 5987
2811 5537
8349 7958
8972 767
8902 708
3048 3679
2304 6379
5567 9986
9337 1804
4710 7147
6593 6117
2798 9516
7870 5987
4190 9861
5444 3705
6430 1292
2238 4052
8680 9360
4585 5408
9740 6371
5868 6103
4533 4723
3289 8534
9369 9060
1735 8167
4497 986
3297 4638
8871 4767
2241 9961
2341 8098
5820 9603
5987 6562
897 7714
2990 7497
4478 6197
7807 6186
2410 3660
3867 3276
595 34
9077 913
4419 6906
3885 6218
671 4001
3656 7149
7319 4274
8637 348
4612 7486
2455 6412
3148 2663
3683 5976
6026 4702
3053 1379
222 7228
3722 5823
5679 5533
8244 7341
4161 2423
2141 6602
4422 4450
5841 6992
6058 1099
3626 6236
3996 262
6857 7087
1616 8070
5649 6943
4577 7892
1067 392
3343 6527
3249 4650
8797 5544
8425 7887
9734 6393
4760 5505
9159 3452
676 6815
4444 1970
99 8460
4949 6838
3326 6186
4005 95
9791 2618
8700 1073
370 7647
2419 6155
5380 7963
4624 2961
4327 9127
5770 7596
5300 5203
3500 5184
4978 2708
4833 7686
9860 1792
4576 6340
4417 7744
6552 7524
6139 3908
979 3796
9048 830
1243 3842
3785 7652
1799 5228
5959 9346
8829 907
6712 7597
5199 4868
2890 8355
8544 4572
3182 3279
5393 6575
1437 9090
7240 6827
1113 7946
256 8783
3750 6890
6886 9453
5262 3998
2801 4233
7040 2457
5474 9021
4679 6306
78 2482
3889 259
8902 4522
8162 2268
4774 7068
6444 7014
203 2369
8542 9090
7062 7292
9674 2944
6157 5119
3020 9501
4182 4281
5931 2268
1132 4387
5593 9628
2289 6929
1830 4917
2395 3154
4273 5752
2956 9085
3149 2081
3350 8450
4788 8827
5151 3217
4429 7662
3605 2031
8665 4191
2918 5531
9122 8042
1526 611
9863 2829
3231 4715
2308 2754
6404 3898
9537 4995
161 2856
6664 8669
4558 8607
7860 9890
4611 5437
2152 6499
8850 5381
2785 3968
5383 3738
6503 3732
9775 4944
5769 8877
4294 8389
9228 5943
133 8284
6758 4143
696 8397
1418 1148
8154 1076
7444 6807
3600 2437
8392 1133
7290 8555
5122 3414
8876 9059
2032 7090
4469 9423
5080 5110
8347 4221
6764 7169
6609 7295
5951 4851
1971 1374
4257 5716
4745 4487
197 3707
8467 9133
7137 4310
8947 321
2811 6841
6338 7303
7914 3184
9128 9000
5835 4467
2166 4070
5544 9135
3183 6568
4939 5763
8337 1681
4276 5190
2443 2779
619 6567
1706 4435
6580 8125
787 6151
2903 256
7648 1055
3253 7428
2320 8980
4135 8075
2713 9140
4548 8924
6647 5038
4758 7650
7 8497
1701 8534
7432 7186
5807 5936
7548 1884
4268 5958
3401 5878
4634 7247
6690 2533
4393 4677
3794 5809
4678 5977
9829 2068
6901 1376
4889 7594
5233 5189
7425 6486
2812 8758
2356 6492
666 8560
5567 7694
5319 8346
7404 8534
1914 4346
5124 7353
4587 1486
6008 2677
1802 5273
2497 4788
5482 6953
4020 2728
7531 7154
2463 1649
6536 8966
2451 8176
8153 906
9266 1981
4580 3940
2369 4350
393 4371
7005 4196
2778 8197
8340 9521
4808 7860
5743 5630
2928 944
5615 8599
3265 5144
8229 914
8247 8367
5666 9998
6822 7471
8100 6398
4597 5704
4170 3910
8108 9376
7511 7171
214 2251
7604 8796
5047 7337
1790 2269
3853 6310
3808 2403
1110 1463
6898 2110
6266 5051
9238 8940
666 7084
2291 8684
7179 8108
5347 701
8526 4654
3806 2599
2167 3437
3854 2761
3425 8771
2838 6759
4706 5192
1669 6543
6034 1725
2863 4308
9208 2594
4227 2713
4357 5452
1277 6433
2550 5245
695 4765
4026 8358
2357 420
5424 7579
8261 5379
4625 6142
2605 3905
8852 8449
5934 861
4165 4356
2062 5548
9132 2841
7098 2655
1349 2121
137 8917
3232 9493
6071 7403
2282 6904
3108 4502
2779 7710
4764 8714
354 5653
5732 2689
3886 568
2476 475
3008 7654
4775 7267
5162 5727
8270 4515
5802 8009
5232 5907
2613 7246
2313 6432
4923 6505
4668 8201
5487 4857
3336 3561
259 6008
5954 6952
5707 5274
571 2338
8528 7533
4849 4691
4450 4945
4106 4906
4295 6239
7951 5162
776 8341
2572 4225
5496 6380
520 7597
6241 7022
3067 1134
6854 4741
7547 238
5561 9599
8417 9893
3081 5620
99 6678
5935 6807
4130 4724
4546 5834
1956 4198
7866 8743
5980 9704
9501 5433
5568 6232
4294 1533
6652 3048
9038 5113
8097 920
1898 3331
2964 8495
4065 4046
5689 8040
5131 6995
7029 5859
5650 9546
3431 4699
1254 6154
5056 9561
5937 9081
4769 8750
2890 36
6210 5160
309 9480
897 5974
4245 1546
2207 4853
5878 4542
2741 5955
554 3541
798 8368
5187 8337
259 7565
2127 3517
6655 8556
8792 2747
5710 7065
3574 7326
4800 5797
1202 4112
2833 4847
1802 8308
5019 3626
1374 8541
5347 2179
9571 8204
1188 393
1674 4982
5538 8284
4658 5461
9928 4950
8911 9218
5788 7348
3357 3325
6015 8293
5941 7361
3809 7098
4888 4876
6453 8933
1171 7111
2300 2532
5832 3109
3534 4799
5137 7953
2599 6211
8628 356
4956 6858
1370 4998
6333 9928
4683 4484
351 2282
6675 3626
3247 9293
46 9230
5693 792
3392 6907
1420 3664
2023 9555
3858 7582
1391 1916
2341 9083
1940 8510
7390 4897
6381 1701
6167 9585
10 8731
4960 9033
3059 2021
3220 7079
6320 7733
2049 7985
6651 6557
7358 4958
6728 6777
649 4638
6383 6971
9156 5052
6949 8816
6818 5852
6647 9417
6778 6490
3357 6387
5778 108
5559 5662
5320 6585
3208 2507
4931 8695
5800 742
5034 7130
5567 7630
271 4705
3914 454
8542 2920
144 8572
1546 1082
876 8198
642 1615
3461 4242
3540 7504
6303 8573
4713 6149
7345 1716
9397 8106
1728 1890
9963 9951
5517 817
5199 13
8287 7194
538 1921
3950 218
6914 7922
6532 5605
6022 7755
391 6597
4900 9600
2445 3234
7520 4699
3340 6301
5367 2835
291 4380
4344 3905
2431 7887
6686 7627
9426 5265
4527 7675
5601 908
5167 8035
1653 4065
1058 1640
2561 7973
1788 5542
991 6430
6944 8164
4291 8458
9766 243
1606 5013
4107 7065
8862 9343
4962 3149
576 2697
8490 6502
3997 8627
1683 4186
1122 5839
7904 8098
4418 3436
6900 4980
4741 7997
1563 7652
4276 2979
3601 3298
895 3702
4439 3616
3214 6043
3205 8438
3564 7553
3877 7784
9522 246
5992 7851
9049 2951
2403 5656
6690 6846
254 3948
3419 2782
9274 386
5308 8858
4276 6496
6853 5389
4320 86
6986 8133
8474 8819
6863 859
5443 6723
5098 6954
590 7522
3776 7691
5785 4622
1663 1964
16 9623
5632 9749
6043 6580
5155 7609
6340 8752
4488 6328
4923 7717
173 4093
1506 9601
4543 5217
4715 8478
4788 4001
1542 7164
4527 5394
7778 6217
4712 6113
7719 9020
9073 6774
5736 9819
2503 3122
5312 7542
1504 2600
5547 6096
5970 6953
8007 8376
8714 3808
928 2403
3993 67
160 5685
4748 4817
3527 7363
3716 5838
7456 3146
3751 3809
2044 4247
4514 9201
5183 1897
6520 5797
1445 3551
8489 3824
1429 6724
7358 8101
5866 2011
1006 3854
7939 8497
5471 5804
6390 5579
4934 9800
5332 3430
4581 7403
1202 6021
5772 8805
8882 7151
625 6390
255 3181
8630 3897
9551 7660
5076 8176
3352 1736
4162 5217
4430 8415
6204 8970
1250 5516
5584 1385
7903 1474
1113 6450
9981 6089
8752 7283
2899 3043
6080 919
3473 7745
8127 9217
1269 1715
4567 6555
6699 6855
7901 7413
5224 7121
1935 492
8992 9106
4360 7955
6502 6691
1290 2713
3952 7342
1979 6089
7985 6895
7116 8432
4482 6753
2671 7070
3457 1334
4932 4451
7135 8795
7104 3066
4971 7038
5347 4814
9537 1981
7723 9840
2986 2220
4173 9394
2013 9069
4983 6230
1736 4065
7016 8443
3437 9740
8283 8901
6982 6580
3943 7067
6344 2802
5998 6100
8513 6101
8246 7972
4200 6356
7123 9858
247 4968
2368 7553
3389 6787
3805 1518
2289 3473
7091 7812
1987 6814
3296 9713
2926 5750
124 7907
6862 260
4676 5130
3653 6200
7356 768
5000 760
2073 9567
6154 7205
3738 4739
8242 7169
6884 9710
6437 619
3841 7311
4622 9108
1819 1995
5018 7058
5842 7505
4474 5682
6782 7834
7419 541
7147 7437
1091 1377
2788 7576
651 6969
1627 6726
4727 7646
3416 8084
4080 5620
3233 4664
3078 4827
284 5118
8705 9922
9816 3946
4660 2529
3741 44
5901 8219
8277 3446
4837 9480
4302 8153
3727 9615
7144 1086
5413 7317
5346 8081
1589 2138
5086 8127
8537 84
8287 3881
9948 5956
2232 1089
7178 9314
7813 3409
2919 5439
2908 7724
285 9358
5278 4109
2917 8712
6993 9453
5956 1314
582 2936
560 2100
2950 7088
4168 4244
5450 136
6563 5146
8644 8302
2806 7834
5011 8841
2609 1318
2413 3823
6987 4777
404 5616
2375 6456
4026 3908
9125 3744
876 2349
5962 6861
6606 6374
6234 8717
7438 754
9822 8408
9719 2308
6160 9936
7600 523
9059 7338
8176 8977
768 4455
5250 9341
5458 8509
4596 600
3703 3766
1960 309
647 2889
8463 1692
2026 4083
3409 6931
6708 4304
7728 7366
952 3875
7211 6093
4525 6210
1975 3973
5799 8105
1594 2295
5391 8576
5704 6821
6824 6852
6784 6635
3668 7693
6025 6354
6790 8143
1413 9430
5660 5559
1030 280
983 2154
5377 6668
7128 7505
1726 5581
9309 9552
72 432
6735 3723
5174 8187
6817 3792
240 7829
3289 4088
2929 7488
3047 8941
3528 354
4457 7987
4014 7646
7536 1385
1364 5242
5627 8778
9247 7253
5534 3366
7853 4475
4718 565
3393 3283
4187 6298
8934 1774
9565 7010
3218 4450
4802 6571
7305 5020
572 6595
5775 4862
8560 4458
4041 178
4225 6940
6510 2049
2703 8326
7496 6695
4996 815
9398 6617
304 1195
2968 6917
6853 708
1870 8631
4320 6251
9935 6943
7194 8585
7496 2736
9356 2540
4345 6200
8894 4172
2409 5583
8299 4780
4567 7067
1514 7885
7966 6068
4273 8246
1739 4970
6635 8190
4207 8831
955 4107
8742 8625
4098 5397
2203 8524
2892 7285
359 4463
8189 8863
2153 3684
3051 4834
4503 5338
390 6930
6691 2729
1651 5917
5398 6419
3813 138
3381 3662
4571 6088
6684 6109
5505 6895
6284 8619
4188 3583
5570 8983
5618 9697
5535 9928
7566 202
4589 6034
6778 617
1571 4594
5602 425
5276 7839
1452 8551
2481 7417
2013 5851
7106 7922
5598 6439
6985 169
5897 5540
3395 1048
907 5839
2145 3647
8141 9427
8115 1790
162 3921
6898 8279
8109 8428
6014 6246
1783 5402
6832 2677
1437 3947
4740 6687
4055 6584
8883 8586
2496 4641
3356 5499
4334 3905
2779 3128
3625 8289
6653 3213
9652 3290
7735 7116
4968 7574
2560 5457
364 971
147 219
1038 3581
6861 5434
166 848
8734 7163
3949 4979
7214 7952
3488 9724
4391 9232
2493 6692
6565 309
4538 3509
4080 8818
4455 7941
6925 8199
9287 9419
2716 4899
8304 9393
7282 1303
8365 8851
6964 8541
7296 6836
8075 8752
6824 8009
723 3933
8339 6354
5126 538
1583 5730
9413 6912
3241 8783
9516 6101
8542 9571
6953 8540
27 8407
3748 5473
6577 9542
2940 4253
4683 5458
9118 4082
5757 8756
4268 6384
2929 5491
9486 3202
8923 8229
6018 3320
5228 5150
761 5490
6369 9899
3675 5991
2950 3749
1117 8508
6994 6460
3315 4143
5209 7207
8502 8293
7547 9790
4039 3154
9458 8630
5536 8770
6651 6242
9691 9097
4437 3321
9734 1452
6142 7654
6422 3507
1205 3386
4134 5885
249 1248
4951 5878
5582 5452
3226 9416
4333 7936
6007 7321
7351 415
661 8776
5048 8147
1808 6695
5734 5442
6 8027
3693 6263
8245 7458
2227 6534
3989 3817
8565 5046
4967 3849
1178 3387
4999 4592
544 4003
7579 521
455 8361
8055 8623
324 5168
2920 1859
7203 126
5604 97
566 5869
7252 4448
5569 7458
3472 1325
6952 6142
4271 9528
1673 1356
9925 1544
5933 5412
9670 3469
7968 1807
8480 7580
2353 6484
4115 9136
6685 442
3376 4717
688 8208
3450 8840
6879 3317
6225 8162
4943 8069
5399 6134
4380 6680
5472 4397
6141 6707
1051 1672
2308 5155
8947 7823
981 1384
4967 8547
3173 8050
960 3661
6476 6818
4215 6404
6365 8707
4663 3827
3723 6881
4297 4938
7161 6813
4435 8026
5605 7383
2092 7435
7111 7342
5239 8201
2378 1147
3749 4961
1345 4239
302 5394
4647 5293
5741 8304
4805 8619
4045 4141
3255 5742
5496 8887
441 426
6449 6031
5005 5122
4028 4847
2970 1264
5144 9603
8597 3471
2752 5508
8531 5103
1313 8878
3916 361
5364 8559
7126 5842
2948 6093
6537 1017
1127 767
3664 261
8718 2835
3765 6436
764 5495
7446 4369
9621 3053
4805 9103
3764 7150
2570 8338
6729 3186
4815 6529
443 5975
9729 2707
6907 5444
4028 8135
4874 4894
2615 6539
4287 2882
3626 9552
2748 5348
9993 9583
6461 8740
6990 9993
4074 7204
7109 4989
4588 5439
1802 1942
4846 4916
1871 766
3786 8090
8077 5309
4757 7769
958 4596
3757 6571
2203 7776
3386 3662
6343 5994
9395 3719
5977 9283
8669 6473
6305 4655
4485 493
4331 26
2383 1304
4950 1724
3023 5542
9569 3094
4606 8488
9383 5075
8793 779
4759 4650
6130 6249
6416 8003
8582 946
7941 9022
5446 7953
7409 9161
7156 350
4086 8169
9547 9441
3740 5317
6226 6832
1162 7182
5721 9060
4828 5810
3540 4855
7564 5894
7128 8222
2513 6220
5674 734
2860 5281
7789 993
3740 7774
2792 6803
8800 1037
1846 3138
6050 7033
6554 379
3581 4869
8440 8436
3622 5809
2915 7381
8433 5952
9015 8788
8917 6001
6344 7493
5186 5480
5828 517
244 2787
8520 9748
3838 6494
5221 3865
5398 1054
3475 4577
5264 3683
4651 9872
5059 2756
4131 4881
5915 6124
3702 6690
3329 6364
2386 3751
4111 6336
3391 5000
7081 8903
4674 9078
4583 9485
7267 6289
6749 2428
5055 5279
6210 3547
5845 2631
313 5128
3953 5009
9803 3087
9213 5702
6288 878
128 1820
7330 5419
8110 6025
8247 8474
4193 4294
300 1230
8814 8477
1899 6628
3996 1915
3975 6996
7858 9308
728 6780
4625 9027
2588 3174
4919 2600
2990 6372
4889 8090
1533 4706
6061 3292
2953 6426
2196 6218
6169 4811
3240 9637
2823 6316
2682 4125
4497 5472
6965 9333
5654 3584
8566 8324
534 5207
6255 1185
6219 1491
1593 9688
4893 574
6641 8310
8174 5770
6533 9945
8059 2262
2618 676
7699 229
9517 6489
5444 8446
4735 7986
1010 8182
9064 6628
2878 3905
7953 9800
6399 6804
3742 7888
4130 5260
6831 7895
1998 4731
5934 9599
7010 1481
5432 1804
2742 7629
6761 7836
7463 1692
4728 9006
5707 696
5597 824
3757 6331
576 5688
2887 3967
6371 5816
6888 7503
3726 457
4344 2721
866 6810
8214 5545
9695 4535
1627 2707
6047 8213
1522 7380
5057 7474
28 6650
795 5065
1397 5170
3865 5059
3513 6068
6050 9800
6814 7917
72 4747
6070 7355
8527 2985
4240 6181
3305 7593
6044 6844
9431 358
1363 5949
2856 1058
862 1173
6110 6767
3479 6591
1851 7285
3002 2465
3640 7182
4505 692
1364 3383
6560 6306
4511 3331
8779 6457
704 3458
6504 6145
8279 9783
84 1306
4014 3464
4879 8867
3718 6031
8506 7732
3983 7534
5015 4712
2568 7326
6011 7151
3050 913
4089 5449
6833 3058
3573 5798
3919 8946
3151 8320
1095 8604
8457 6271
6645 8605
3773 1658
3316 8774
5570 8734
1287 4694
4900 4967
5149 7923
9894 2306
5095 8626
7485 5441
1998 1295
2923 6749
1202 9467
796 4349
5027 763
6720 2376
8221 9683
195 6051
3106 6052
8649 7622
5963 1323
2625 4961
4285 9817
5097 5494
8156 5659
7963 6018
1108 4183
4101 2008
9741 9661
4176 7780
6206 6046
7576 2310
4184 5160
3604 5339
2145 1412
5751 9559
3043 5716
2222 8233
7093 6219
9813 273
9349 9443
4898 194
1606 9132
6312 6593
9156 5601
7759 3986
7503 9658
1787 4346
5218 4871
4750 565
4877 377
8312 7437
4048 4201
2227 5520
9063 6847
8165 1267
8071 1834
6400 3915
617 2629
856 925
7723 6520
1024 8645
5182 8947
5192 509
1898 6405
6314 4787
7224 7223
7308 7860
2570 2489
5654 6848
6270 9066
9596 1173
5637 8601
1077 4549
603 4400
7058 8745
4687 9920
1067 4275
7920 4953
172 2083
7640 6067
2430 213
3937 6840
8817 5585
6741 7846
4573 9912
1732 3968
3138 6342
9096 1479
8419 2957
4951 7239
952 8179
8325 1043
4617 7888
8426 7282
682 1902
8849 8139
4770 2697
1144 3919
8676 7164
7129 9806
7859 1923
2747 5531
8024 1761
5215 990
653 8906
4354 6323
7277 1423
4658 3287
3105 5589
4877 5546
8637 2863
2198 6605
1536 8886
4853 8343
8917 8515
5011 8636
8893 6882
651 7153
3977 5410
6569 9307
4989 8244
8087 6085
3283 3659
7162 4051
5185 6843
7141 730
3821 7620
7799 4342
6040 8525
6231 3663
4672 4228
6105 9445
5438 9130
4358 7451
1448 5874
9736 8688
9555 9845
875 6241
1167 5302
2341 4815
1401 1453
7316 9082
2049 4643
6779 8877
3698 3217
4245 5830
2989 4743
2303 8845
7088 937
2327 4772
1064 2743
4806 5116
5096 8561
1725 8087
6577 7817
3086 2582
7473 1687
6619 4552
361 8369
8160 6037
9048 8714
9545 5319
9161 2175
9090 3463
3695 4208
1815 4839
43 2667
8806 5222
2331 6826
2502 7095
4534 8174
4434 6775
8119 8348
9636 7032
4164 8348
23 4014
6906 4864
2981 9954
6546 8493
6599 1149
6349 9605
1236 2408
6418 6214
3202 8502
1743 6790
6548 6445
4281 9404
7000 567
4637 2128
8335 8107
3896 4345
604 8853
963 5753
391 2329
3381 5067
6015 9449
4902 6196
6288 6346
6393 3659
8607 8687
2210 1314
2612 5495
5911 9513
2729 7477
3784 4935
1829 3056
1760 9601
7973 7731
5104 6451
9230 1351
7393 8095
3707 4836
4290 7106
6219 3334
3699 6638
2283 5562
419 8002
8104 1138
7405 871
551 4896
5198 5160
1688 3029
3800 3320
1016 9281
2203 6333
2525 4169
6843 9856
3887 5948
2921 3351
2043 7808
6853 637
6369 4725
6552 9276
7378 2673
1094 8046
8766 1472
7014 8812
2143 926
3600 6012
3581 5733
2736 5641
6118 7479
8874 8589
2877 6785
7189 2104
4528 3971
7612 6115
3952 8241
2849 7625
5174 8963
2676 6916
604 22
4591 7824
2674 4776
4376 7643
9446 8239
7378 821
4674 7714
6011 8268
3918 6913
7978 2398
1021 8954
4711 6707
4329 8591
2443 6583
5936 3785
5609 1441
1868 6840
4924 8922
2677 7689
7049 6028
5748 5656
2234 5133
7084 3999
6984 6801
4607 7673
6599 9848
3132 5236
6468 6921
8790 340
1025 4471
3191 4998
9549 2085
1938 7592
5711 2862
383 7340
9481 8451
3507 8388
4799 4702
9176 1170
6287 699
6073 4382
3727 9788
2612 5442
4872 8600
2681 4495
7667 24
4220 5641
6904 6646
598 3104
5448 9820
6580 6936
799 6248
2294 9603
2531 8055
7622 9262
8350 1370
7954 3356
9364 1877
8111 6686
2001 9960
3995 4368
8100 148
2107 5404
6140 1308
4923 8026
3763 5415
6388 7008
6396 8818
8665 5151
2001 4604
2563 8020
9461 1823
8035 5923
3260 1946
1467 7299
1031 7937
9374 8472
605 9226
2057 7515
7692 4244
3345 2929
3809 3329
2773 4689
1613 1058
2197 6973
5882 7563
9667 4156
852 1347
3128 5038
7443 6024
1605 3799
4309 3736
7891 6645
3575 6666
7469 11
2164 4436
7912 8165
8134 6817
5560 988
7911 8694
1634 6607
9428 9364
2284 3491
9971 2409
7932 3276
6065 6465
4322 1059
2238 3496
291 6396
2169 4793
651 5921
4830 1879
4449 8603
4459 5615
8090 6844
335 6708
5696 165
9142 3479
1182 6846
7335 8897
8997 9211
624 7750
9686 5003
2572 9626
3721 5928
8681 2451
3526 7638
6807 6684
4200 9309
6243 6053
1745 2650
4252 3204
9544 237
5400 4731
6492 4663
4281 3124
2971 9119
7243 8503
345 6069
3561 9335
2205 4863
9212 5483
6502 9444
6669 6174
3751 2750
4771 5058
2149 5870
3475 6235
8387 9951
3505 3633
6900 9574
830 2862
4074 4958
4979 9265
3938 9500
3945 3797
4791 8692
4899 7737
2086 4595
4078 6770
7653 5768
7803 114
4547 1098
388 3806
3927 6493
4856 9208
3054 1909
2310 7090
8141 459
7026 543
379 1892
5159 9330
4135 7546
4623 6583
5784 8372
7165 6192
3978 5798
7849 8810
8738 8154
4460 5020
4381 2512
332 2840
9387 7782
7576 20
1338 9939
9038 165
4392 6956
8456 7165
4727 9686
219 1098
3050 5536
6166 7632
7243 7027
3771 85
5935 5484
9906 547
6958 7797
2431 3434
2314 6821
1980 7470
4528 9826
5975 1621
5723 6015
7684 8877
2839 4427
7616 7659
3387 5464
6322 4065
5079 436
4072 6735
7764 9250
1253 5276
4673 9584
8141 8419
7797 4445
2401 2336
4979 7789
8826 3045
6167 4019
6513 226
4050 8494
3207 4836
6935 9260
5326 6557
8810 4
7869 4819
9630 4883
241 2805
9919 2505
5240 8890
5082 1888
7064 8219
1978 445
5907 4859
7897 2006
5264 966
2922 4801
3673 6655
8476 7432
6124 6671
8322 320
1686 4716
7998 4545
3959 3383
9050 5610
8076 5404
4689 8857
9453 3519
516 7429
1242 5089
3599 1764
781 301
8133 8503
2095 3958
2888 9781
7365 3447
3182 5798
1595 4840
3572 6212
7278 4727
4717 9454
1931 1756
9910 8696
8508 5303
6577 9231
4261 3697
3729 2116
9589 387
6137 7912
7266 2515
2487 5478
4166 7193
5714 7176
3612 8778
876 3116
4718 4444
4881 8343
6939 4456
1208 7561
9712 6213
5655 5522
2835 4656
7325 5431
5190 467
3715 6395
9432 9313
7504 8062
9380 7847
2496 7526
7587 8999
2807 4678
5041 6652
8438 9515
8273 8630
2683 5258
2287 2814
4920 2053
6046 7756
6249 6772
4962 4120
4946 7559
2218 5730
9563 747
8336 2576
6321 7816
3128 5658
5799 7596
2313 7660
3654 8562
6326 8052
5085 5516
1802 3657
2356 2782
9622 7046
5694 8189
4264 7215
5261 8078
8143 1191
9447 5732
4476 160
4465 7878
7002 7409
4347 2675
1002 5307
4084 8573
689 6015
4871 4193
4914 628
3533 4205
3622 6677
4685 4188
2775 4526
7985 1032
8680 96
4973 8792
40 5461
9382 782
3757 5037
3915 2176
3130 8551
8756 9890
3223 5103
2145 6466
3332 9705
3688 6600
6257 5403
5452 5649
7475 9389
9684 5671
3031 6451
3394 6274
3550 7016
346 3006
7763 4544
3609 7330
3769 2135
8001 6587
1011 2349
6254 9023
8224 364
419 3605
6270 4308
4145 557
7374 5563
4877 6599
215 6700
2160 6090
9955 9651
7808 8356
8527 9275
4506 1071
5452 6133
6932 2306
2620 1995
2737 5320
8211 4279
5265 1059
201 1446
5980 7457
7002 3947
3070 8095
799 8454
1138 3719
1198 6739
9419 7577
4136 6348
3752 7405
6805 8213
8542 9115
8655 1300
6874 1560
6044 6960
8719 6425
2766 3230
4528 2499
6670 5436
4543 7503
5391 2874
6893 4956
5186 6148
7212 7153
1839 5765
1131 8388
9345 8284
3514 3510
5707 9122
4630 6051
1660 4423
5206 2720
8127 3638
2069 4362
3440 1760
7290 7867
5299 6560
7205 4790
458 14
4983 9966
1357 6758
5556 4122
4029 3444
1157 6589
9278 6257
5432 9425
9190 8130
3673 3516
1174 7926
3368 6852
9768 9275
6208 6384
4687 5780
5601 9089
6196 8481
4675 3676
1096 543
5775 3240
3095 5094
2840 3821
6699 592
6478 852
8552 1147
1943 3983
2569 3442
6369 6436
7993 1799
2518 4830
7986 6778
5883 9431
3646 2470
704 2661
2847 3019
5849 6585
1100 4058
520 4008
3043 7805
4260 4736
4201 5324
5488 5266
5761 4378
5657 3732
7443 5573
2384 4318
9831 9936
5048 3395
1553 6083
8630 6304
6231 5697
966 6057
7006 5693
5895 5
1619 4343
6229 7169
4111 4360
5265 1006
4619 9647
2673 4141
8149 9131
6395 5781
3848 351
5439 7844
6191 5493
2849 2007
5123 7086
1009 640
3003 7062
9877 242
4096 5647
8144 9029
3111 4794
3941 5251
3096 5159
803 7422
3521 6062
8438 8136
5644 4290
6237 7019
7697 7909
1988 8787
3614 2991
5651 8615
9422 7488
4313 8398
9005 8139
2553 3311
3606 3581
3681 951
5070 9774
6137 5512
7795 8565
6540 8117
7137 1691
8494 5570
6437 6154
2483 340
8221 6350
4821 9339
8428 9272
3526 8260
124 4235
3930 3920
5683 8028
5569 6465
4945 5591
666 5228
3699 2940
2528 9508
2676 4010
3764 2022
6729 6918
8369 7924
5512 3729
7559 1410
2032 9169
7525 6192
6031 9397
4511 3999
5839 6423
2683 8348
727 7264
5535 306
839 3304
745 9267
4895 7264
9829 5757
2499 9062
5114 6261
1735 1496
5150 3474
4855 7205
6666 5841
4054 6927
1823 5638
5448 4457
2438 3696
3423 7703
4809 7853
9981 6807
6985 5944
3098 2924
7542 4586
7468 4371
604 9398
654 6775
8248 7192
6712 1355
7834 8077
2967 4282
6709 7823
5250 6111
1539 5074
164 2952
2384 1729
6961 9104
8421 572
4162 4096
357 7790
2420 6233
5488 9564
667 3522
3366 3344
4087 7830
6306 8247
529 8432
4249 4630
1778 4672
796 9944
5414 1105
4878 6006
1134 5509
8606 6229
68 8158
9483 4812
4381 2921
4064 2490
3089 6755
35 4719
4021 5274
1168 6446
4265 1433
1360 4401
8531 6701
3262 3650
9428 9841
7245 487
7002 9131
9766 5406
3699 1143
2553 3863
3299 7854
9397 5014
4295 9310
5427 8412
574 7225
8366 5442
8583 946
1601 1322
5675 233
6934 7512
5984 3203
7296 9591
4312 5813
6667 4135
5049 7247
4452 7028
4259 6862
6327 1448
7515 3599
4734 675
5318 5341
3781 6419
6363 9399
1938 2768
7449 7567
1344 1800
9654 9971
2598 6197
4376 7625
1370 7572
5047 1148
5647 9020
1726 2740
1091 2229
560 9689
4899 5865
2337 6048
6841 8219
7302 5130
3690 4035
2602 9177
2013 5520
92 781
4775 4903
9252 5924
4243 2275
6516 2248
1269 3911
3335 3820
3223 5336
1463 8651
2752 503
2467 1273
5642 2781
6225 9252
1652 3689
4088 3397
4363 892
4081 3128
3237 2480
8452 1279
4639 3392
76 5485
3273 5291
4092 4162
6665 7551
1526 2129
5273 4846
9120 8733
5663 9727
400 8736
7671 8234
2211 5615
5783 8102
1712 4507
2494 3459
348 5247
6554 7575
2225 5671
9811 3783
4575 8079
3498 282
9232 2386
5403 9399
3806 7982
5317 3468
6966 4523
4305 6619
6608 7932
8356 887
3273 3210
8367 9118
3742 4183
2558 8826
2723 2514
5828 7942
2416 785
6406 8858
3603 5421
4587 4359
7113 1809
4227 6712
58 3225
8119 9029
1310 5361
4861 4002
7054 7887
6596 7009
4297 5586
2253 9142
2805 3468
7316 5120
1430 7119
4348 8291
6394 122
6930 6481
1324 6814
7487 7338
8351 1027
5974 6329
8582 4343
7368 2398
5969 2723
6332 560
5628 2659
3711 2055
5244 5702
6940 416
2119 753
9749 6785
2524 694
9822 2052
4276 9983
2371 8679
8161 61
3338 803
1891 8227
4900 886
9996 488
9440 9426
5947 8023
9365 4822
3975 5911
5276 6771
7096 3241
4618 6542
3458 5392
3940 6627
6882 6961
8796 9216
7632 8361
5750 9966
7665 7491
7515 84
6864 1026
4926 5732
4200 673
6278 4837
4509 6612
5205 4100
4187 8668
3464 9276
7991 5274
2585 1171
3717 6689
5231 7778
4775 8730
6252 7278
8747 5149
7489 3427
3249 7230
6375 7119
4131 5366
364 9352
2017 3467
8498 7010
6784 8226
2750 7896
274 3393
6131 9509
8328 2024
3468 1881
3340 4850
5341 6616
2357 7039
3064 3225
5373 152
6092 4040
6064 6422
6500 6723
7484 7913
1481 4372
3730 6203
1209 3684
4548 4886
2177 6061
7836 8220
3743 6034
4068 3616
8080 1383
4057 7887
6077 9895
5404 7143
7201 7830
2389 6977
9701 6247
5021 9512
5650 3533
1812 405
7254 1398
4060 6212
4345 8825
4436 4513
1978 6480
4735 6243
3066 4721
3482 4407
2956 2082
3861 4174
4103 5104
4696 8358
3655 6405
6690 6213
4754 9531
9506 692
1183 6222
7920 1356
1135 7615
6705 6807
4077 8097
6038 8744
2362 7893
8530 5499
5390 4214
4369 8097
2785 6885
5815 4097
2654 9354
8954 6177
5883 8698
7226 5997
7537 9831
698 393
4555 8903
5700 6483
2756 1875
5465 6320
8627 3688
267 5660
2507 4702
4977 7441
2501 7139
7919 2554
1730 2795
4081 5842
2102 5821
1751 2854
5670 9061
4588 9322
6179 8938
1151 6767
5175 3605
4271 7521
5871 8943
5566 5863
6809 6193
5650 1023
6317 8885
5348 9023
7982 1805
1569 4782
881 769
347 4511
4754 7237
3286 3756
4771 2222
1056 4907
6678 3801
6628 4209
4627 4429
8816 8016
9191 4924
6569 367
1044 4789
5476 7343
5662 1383
2105 7394
6118 1370
7943 5354
5342 8696
1823 2167
6114 847
155 7966
4005 9872
2699 6416
3251 7683
9520 6388
4888 4971
207 4076
5912 7923
8200 6713
8088 4028
4867 2818
2872 6990
5217 3281
382 9153
3177 2792
3423 6231
5522 2116
3891 5518
6900 6054
3157 4247
9683 4823
5557 5493
6374 7930
3390 8390
7320 1429
4006 4192
6306 104
5010 4277
5380 7257
3686 1972
8773 64
3595 9963
577 939
381 1064
5287 7187
4867 6564
4960 376
2871 4684
99 3566
2108 7142
7620 6393
2334 3927
1771 7722
1466 4642
3550 7574
6346 6834
1616 4586
7223 7861
3117 9641
7888 7497
4877 9480
125 1057
9323 5553
5177 6739
1275 5316
1131 9738
5985 5865
4178 4904
6385 359
4320 3267
8862 2054
4039 6960
8331 9477
317 2058
5082 8959
1897 7177
2511 8797
9393 4807
781 5841
7973 2040
6585 8647
7378 8283
3847 1892
5058 7703
306 1266
4495 8236
1693 8407
1698 6536
1335 4269
