9497 3709
5993 1659
4024 9001
5450 8321
218 2671
3591 4689
5304 7220
388 86
4818 6014
2624 4607
6803 7018
402 2909
7166 8238
4568 7007
6392 738
7844 4625
1354 1491
6404 6346
6509 3659
3205 7110
2103 7887
6401 1093
5270 7814
6061 8572
9777 7280
4832 943
3703 7508
7274 7784
6388 3490
6410 3249
3177 2968
5563 5070
1535 88
6169 7997
7480 6576
2327 9069
8944 7814
11 354
6001 4599
2585 4382
4381 5450
4112 8443
4919 3813
8307 9714
6856 6173
4686 6850
3776 6134
4366 6350
4761 7145
1336 1446
2108 2191
2875 6793
6237 3926
208 4156
4666 4898
4719 4007
1969 6583
1956 3611
6320 4755
5327 2550
4833 7411
5201 3084
554 3759
5880 5745
7449 647
1695 5017
9162 963
1143 3457
979 3534
5235 8572
4793 6012
4017 3576
2685 6106
3552 5691
4736 8861
3510 6862
6566 5295
1910 2996
8572 989
3786 9426
5656 8228
7015 8770
6253 4017
3589 5879
5638 2438
4623 8058
392 6689
2940 6867
7676 8637
4729 6498
2941 7994
9656 9260
6461 5070
2579 4380
9929 5928
8043 6889
8676 8751
7004 6931
7160 7444
6052 6484
6786 9189
7588 8416
4775 90
3871 7268
480 1971
285 2927
4973 6198
2656 7121
4863 8955
9450 803
1254 7111
6940 8730
8771 5618
3185 7586
4630 4933
77 1069
3397 6
4275 5873
2809 4976
3744 4961
7035 4658
1751 5005
329 6595
2776 3752
2246 6152
381 9939
3875 3845
4064 4269
1137 5492
1069 6526
3006 3517
2904 9656
6751 7356
2267 6332
1030 7473
4130 6407
7733 7453
6790 6826
5243 7216
4068 1513
8859 9598
3286 3692
8571 8902
1840 6645
6948 3332
9095 8535
2934 4179
6990 7880
4841 7707
5090 8677
1155 8878
162 9891
343 369
6070 5695
4681 4722
4977 1337
2809 3366
9622 5204
2599 3556
6652 3576
5986 7916
6013 4343
7854 8106
8946 1622
9072 3195
6265 7452
2517 5530
2293 3607
4218 2345
4314 5436
1635 2294
5630 7062
1079 2601
543 7960
2818 6582
4508 7143
3768 5118
925 4534
2743 7576
9157 7682
4135 3599
4451 7777
5274 9507
7074 4049
6428 639
5844 4789
7576 8087
4649 2894
4313 2945
9921 6630
3253 6348
5397 20
419 8287
7810 1205
3946 5524
3460 8748
9086 9333
6157 832
4062 5820
3136 8809
9299 9333
533 64
4679 6462
4725 7332
621 9976
5951 5544
6140 5968
6296 4266
5121 6285
7070 3660
9895 4604
7226 6122
9242 8920
7190 49
6221 1877
283 3686
3091 7201
6181 3269
3269 9459
2909 8887
2448 3833
8961 5379
1721 3999
1886 7513
5090 677
2901 6030
1005 2745
6880 8989
4851 7161
2248 2846
7390 3089
2517 5222
2871 5225
5451 5355
6746 1711
1196 9752
9945 6545
3560 724
450 7195
2800 4648
3824 9815
6921 8774
2409 5702
7631 6426
967 3405
1507 4847
5154 3913
3675 8941
6137 9079
6725 7263
1157 3687
5461 1333
6360 7552
7449 1817
5989 7087
7422 3111
6990 4686
6052 6352
3829 2295
4477 2745
6652 3644
8021 8580
9688 2822
5030 8815
9391 8493
6380 2892
5277 5430
6712 4304
5614 6018
1393 5862
843 965
5533 6295
3475 3766
792 7564
828 5531
9601 961
9711 4768
4417 2478
2885 8101
934 1497
4636 6723
3452 9151
9622 4467
6972 7210
3539 5363
4557 9547
5299 5202
7655 2406
3608 3369
7551 7681
5068 6208
3512 7044
4212 5469
5604 7356
5389 9417
7760 9144
2298 2251
3638 6486
6960 7519
8725 9008
6307 9061
2582 6103
2912 5749
4325 2326
8209 9478
3333 6947
7931 3791
3624 414
5561 438
6806 6247
7897 7563
4395 9043
8671 2490
7052 8639
6100 8192
3885 7665
7358 9850
6804 8244
2435 4992
5647 6116
5485 8040
5943 8595
7803 8170
9041 3992
1368 6665
7024 7358
6523 660
475 6798
6142 5169
6603 6281
5009 6367
790 4069
2674 5250
7858 8873
6327 6504
2829 6477
1091 6104
2613 9562
270 2205
5402 8634
7362 2640
4148 8788
3981 6396
5486 7995
2525 1986
3026 5651
6262 982
4157 8729
6392 45
729 3779
1652 6154
4508 8434
4389 7022
3491 1442
5851 1569
6072 5180
5212 9166
9632 4772
4752 9410
4774 7213
6100 4609
3794 6704
7742 9411
9406 938
2488 4682
2240 7091
2912 7898
475 5309
6803 7627
6772 3847
5726 7414
3727 6771
7286 8390
1446 6533
4427 5812
4747 7214
4336 3967
4894 5692
9249 2401
9143 2648
3931 9516
2417 5165
9865 5787
3892 8807
8656 6209
1243 9745
2954 5225
3165 9875
166 901
4560 7401
8228 3372
4728 6948
3730 6614
3410 7198
6161 3009
1809 6305
7991 2907
5391 95
1713 9226
6997 4449
3909 4034
7625 2971
3296 3770
1405 3633
2327 5369
7238 7894
6418 7603
1834 8590
3021 7628
3534 6981
6555 5622
5218 4839
9423 4004
2702 7619
2407 2746
8396 2151
1831 5030
3343 5585
6481 9012
4074 4343
2105 7750
88 4764
686 4124
6290 4950
3717 6671
3053 7445
7258 1591
1177 3580
1042 7327
5995 4894
7574 5210
7317 3339
5223 5317
4939 7773
1572 5048
2303 5267
9954 4757
2768 5074
3122 3091
1100 6635
4097 6676
4687 5687
5752 5028
7298 9597
8544 4785
2750 9756
4233 7624
8316 1888
1720 7898
5576 9124
5584 5538
4214 9947
5873 6085
7930 8655
6803 9668
2966 6203
168 5850
3977 4786
4133 5299
2534 5499
7093 3435
4539 5169
4826 4933
610 4663
3509 4802
3648 3914
4809 5932
6932 979
6352 175
2223 6926
3372 7658
2381 5297
7076 4555
185 1077
2271 4873
8314 7732
8591 8498
7481 2510
7257 1570
2866 2723
4397 3786
8694 9121
9626 4671
9280 8198
3488 8075
5811 2722
1939 5423
11 6158
4322 5426
1469 4612
5381 7167
7184 6437
1444 4555
4682 4914
6724 4732
1714 1117
6177 5273
2372 1797
5892 8258
8347 9669
9636 2073
2596 6874
2907 6507
2066 3447
2585 8213
7760 3348
7326 612
4748 528
5415 9622
4501 5266
8205 2917
5340 5772
1381 2418
6941 9065
7438 5670
7765 8014
7016 6435
7615 607
7408 1297
722 503
1687 5090
5408 6586
7411 8950
934 7970
8116 2057
7493 846
3984 9069
3932 8613
8894 7986
4956 5149
2932 6405
6117 5477
3248 3901
6290 7354
4774 2893
5147 5390
5026 7315
5650 7179
8533 8064
6722 5183
7002 7681
2213 8007
3887 5177
499 5547
1386 4293
3886 5477
6231 866
4914 7905
4172 98
5947 4490
643 4141
2594 8493
4373 7177
7466 5169
255 6705
1438 3786
1173 6292
6818 8102
5758 8122
3996 4423
6570 5785
4730 4647
4439 3717
8721 5509
2573 9760
2482 3714
7120 8854
4981 4939
4469 9194
4126 7808
3453 2575
8466 8558
2571 2601
4873 3541
4726 8446
3174 4099
7197 5667
2347 3768
53 2423
7649 9625
5942 2415
7615 9977
5567 5692
6735 4451
6009 2361
3615 6262
5609 670
31 6986
56 8965
5129 6597
1292 7370
4275 5261
6103 7449
2739 5702
3487 5861
9983 1835
3506 626
8061 3516
2813 4311
7601 6012
3496 7751
1491 4331
2647 4773
2207 71
8897 755
4268 3285
1422 5628
5886 6710
5392 3169
7476 3886
5504 1397
6035 5463
5751 9905
8946 7413
5706 8176
2922 7987
5627 7065
198 6536
2682 6204
5553 5086
2974 1882
3164 3440
3145 3198
292 4370
7876 4099
7688 372
8565 9047
7741 1430
2104 6614
2525 6378
1766 4111
1800 5156
7512 7959
6228 6019
3373 8286
2853 1605
560 9796
903 70
6644 1396
6862 3918
4275 8215
2523 8910
3626 5325
4381 276
6115 1890
6778 7869
9518 2996
7229 7926
279 9237
4229 9802
275 9761
2044 3785
5013 7403
4263 4727
3908 6485
4302 5850
4107 9812
9085 1545
1392 5027
3160 3293
8497 4004
8502 7088
4393 2972
6370 6744
3751 4407
5589 6115
2390 2449
669 9139
8425 8157
2389 7216
4679 8065
9675 7251
896 672
768 3641
2256 3573
1032 7888
1443 6668
5803 7922
1936 1353
6528 1910
8940 278
3523 3250
3099 5403
9415 4937
6675 5757
4441 5217
4661 1056
6832 4923
2596 1520
6188 9547
9356 48
9070 3892
6919 7551
3001 2858
2698 3086
3232 9143
1718 6741
7308 1253
8798 1046
9615 285
3477 7927
5439 316
86 1058
8098 8404
8540 9274
3359 3855
4451 8254
5184 3180
4832 8885
2997 1409
8046 7840
8440 9228
327 5442
4860 6624
2425 8538
9334 2207
5272 381
5714 497
1080 4898
6332 9177
6036 3931
4819 7202
6474 7540
611 4275
403 4511
6003 8305
3275 4749
7326 7877
874 3049
5507 7845
1705 762
882 8831
5403 8956
7617 3367
3448 5616
4518 871
2945 4241
2848 4574
6549 9124
5056 3600
6767 7253
6445 7202
2226 3480
1042 3693
9541 4216
7791 5775
4730 4783
5546 9247
8510 8845
5073 6290
1537 6237
5322 6994
2811 7674
2389 2023
5061 1742
6941 9109
5478 2030
3964 382
8414 9672
3669 4406
4978 926
3257 9831
6275 1556
6987 2287
3119 7911
5190 3734
3531 8084
6196 6861
3474 3120
6982 1125
3406 1673
4829 429
6885 9944
4502 7884
959 6394
754 9143
2972 3030
1609 3241
1588 4350
6026 47
2369 3868
7888 4098
7948 436
1931 2595
8008 3870
6882 6505
6815 328
4772 9707
3619 5298
2746 9345
7912 1314
6590 4303
5796 2981
5751 1518
451 3318
6812 8516
5434 9129
6026 2625
6055 5312
4902 7844
6760 405
9471 6468
7931 5060
6707 9146
7254 7558
3021 9297
3993 4734
6797 7053
9828 7119
1951 6579
788 1519
697 8985
7515 7454
257 7895
880 4905
1171 1176
8221 9602
5984 2641
3890 4619
8478 7952
8908 5321
3954 5543
6352 9160
4083 1752
5882 7733
2641 9025
7190 352
455 5264
5075 1453
4774 6480
1327 7179
2588 6920
4671 6244
6140 6392
152 4179
6156 8359
2185 8112
3225 1963
7370 8927
3102 28
4528 5498
8029 346
3808 6606
6368 8070
3063 3254
5110 935
4516 950
6760 7547
9246 2417
4053 6558
5105 3156
3584 6753
6027 7403
5187 5706
1882 6074
8392 8103
1281 4393
3621 3639
8624 5228
9395 2890
4661 7353
8141 9460
3345 4643
149 982
1635 2531
8011 8532
353 223
2660 5708
5308 3084
7576 8311
4255 5214
6891 5276
6057 6770
2566 1764
8458 5437
5201 369
9115 1277
8452 933
5396 2042
6244 5778
8298 4667
6314 7042
4247 2478
4119 7396
6059 8105
7375 9768
9677 4255
8355 6490
5850 5487
2136 5283
5055 9309
7932 1031
4520 4720
3179 3229
7482 8150
6602 9269
5102 3355
4048 9047
4875 868
7695 5117
1746 4293
4962 9094
2942 4871
3106 9409
9084 1027
6361 8661
8514 618
3308 6483
665 2540
5415 5935
3463 4290
5450 3943
9781 258
9689 5136
357 3592
4083 8586
6067 1781
3741 255
8052 7969
7395 4730
901 4106
4371 8235
9502 3179
6882 654
1546 4746
1066 5341
1831 5144
8312 8458
1903 2051
7737 121
7000 7439
6883 8611
7053 7073
6067 5056
673 7746
4697 7065
896 7266
7370 3976
6274 6288
3514 4241
1478 5901
1158 4233
6030 9311
7159 2480
5759 9491
3331 9903
2266 4146
8238 8751
4401 664
2143 6146
7551 910
8906 1747
3534 8397
7489 7845
3961 7158
1346 1557
8696 3105
1507 8601
9528 4884
6860 9256
695 5653
3801 231
7185 156
3939 9735
8271 6726
6053 4962
7793 7596
769 6743
6842 1860
5103 7190
7296 9126
4289 8141
458 7645
9665 8285
2681 3862
1975 4868
5061 3638
3048 4558
1115 5178
4233 1685
4599 8158
3242 7662
4552 6807
6812 1068
6851 8644
8118 3181
464 3918
5572 4769
5907 3298
5831 8672
7840 3846
2801 5983
8478 9243
6704 5978
3117 9077
7889 8555
434 4281
2271 9322
5600 9311
2202 9451
5422 6235
379 6681
4176 8990
3691 2825
9285 388
5906 992
6306 6561
3634 8791
9150 1368
3698 5056
1076 8312
1093 9942
4969 237
3081 6521
2615 598
7000 3306
9436 2785
2839 5941
2641 5431
8936 3896
2728 4797
112 3438
7417 8182
2451 5428
295 4313
4983 6793
7891 1127
5521 9623
4819 5904
5960 3806
7097 5467
1634 6337
9529 5699
9357 748
6268 7571
3734 2898
6222 810
5957 8877
7068 7102
5581 3113
5505 4286
1835 2018
4247 7970
2309 1830
8428 5694
6189 7520
4773 28
3085 2694
8911 2401
8539 6959
8406 9813
6554 4908
8923 654
977 3727
4306 269
5214 8257
1359 7929
4249 9039
9447 4976
9887 8695
3614 2112
3517 4165
3303 2930
3078 8181
4256 6167
3776 6496
5329 5628
3624 4678
9563 1522
1802 2096
7085 7940
794 8170
5697 8094
1162 4395
6983 6616
7371 4254
8592 2610
3302 9070
8560 3072
4301 6596
5693 5063
4812 5314
3134 6453
3770 3927
1161 3510
320 8492
5975 6102
314 4247
3832 496
1020 6624
2931 2724
973 4334
4146 7193
2606 6576
3297 5706
8228 7944
1932 8059
7543 378
6178 8164
7341 2644
7298 6209
4233 9942
3359 4719
2824 130
69 642
3761 5638
5051 5851
5190 6195
5288 5269
3409 6418
9993 9416
2961 5999
4382 9139
2700 4911
2400 2404
5335 9178
8048 5222
4670 2079
8004 2412
9313 9549
7608 8599
5601 373
5780 3499
9692 6054
7200 7205
4884 3886
4427 6801
9566 3555
4704 8735
4558 4251
2820 8308
7174 7044
6417 6836
5733 7601
7068 9506
1161 4249
4898 8493
1114 8338
1258 9285
3102 4917
1488 5546
4376 167
8955 7844
1188 6947
4088 8745
4909 5999
2063 4178
7080 5436
5894 7266
3965 2114
5595 7091
8525 2904
4345 6721
6554 9419
2170 3378
9749 2992
4192 9862
9820 4858
4112 1881
748 7304
2951 7447
32 1620
7941 3620
3049 6972
1855 8712
9902 4267
6508 6512
6690 9707
3374 7442
3014 2669
8404 2977
3569 7617
2708 6534
3643 4304
1726 4868
1380 6446
2875 7815
3396 8978
1711 6960
9199 6752
3328 7568
2502 5540
9112 9722
1516 2062
4426 7022
1985 5105
5131 5912
9071 2379
7553 7671
6852 6577
1750 2471
5377 1888
6879 1984
1832 8431
3131 6478
5937 9395
9975 1213
4472 7380
1354 7574
7359 113
2305 5618
2341 7261
5856 21
8605 6376
6464 8279
9408 2270
4975 7627
2589 5498
1488 3494
751 7173
5784 6426
3951 4244
9746 8573
4169 7355
8071 7731
323 8308
6500 5734
7114 5893
2506 4574
8290 6499
5919 5688
5100 6817
3346 7668
1792 7153
550 5210
4947 1327
8467 9020
3852 8708
9444 9416
4528 6483
2353 6816
181 2953
8639 9891
3711 7658
8171 1680
5954 4985
4390 7192
4001 1755
4689 6293
4259 64
8229 4021
1121 6436
4130 1347
5908 6451
1689 6893
9898 4459
1193 9695
1848 6657
1424 4380
2327 9809
7473 7771
6649 8556
6182 7858
3947 1532
8140 6773
7396 7524
5058 5907
5032 2737
5326 5429
8139 3552
5052 3325
3588 7456
7614 7373
5597 4845
5951 9315
9382 1438
7201 8372
7135 8018
9888 7433
6782 8425
2531 5882
4031 5114
4929 2063
102 4083
100 1270
5344 5954
6700 4535
2706 7051
5319 3682
9795 9955
4064 3197
9428 8212
8226 7590
3951 8137
4505 7262
4842 8079
5325 7001
3818 7463
5473 8592
3308 3951
4215 454
7112 9188
6012 7823
2887 2645
7959 7488
9726 2671
1566 3240
9721 7925
2832 881
9085 7943
3505 5030
7499 3194
4002 8990
1180 5540
2100 4988
7529 8671
4566 9971
6831 9272
8419 8654
8011 9088
3253 6778
3633 8985
6464 8697
6990 5774
5094 4061
6136 8602
7741 5413
15 4059
3736 5555
5406 7221
2983 5991
9657 3284
5749 7560
6114 7429
5601 8564
1267 6316
4942 2512
5039 5828
3002 7559
2976 8324
8836 7844
6257 3657
1317 1828
2464 3948
4260 4787
1314 7946
1704 5657
5240 1280
2328 7995
4039 1260
4701 4614
3670 5335
4764 1930
8964 7921
3960 4121
7427 9120
1694 9412
5882 989
5303 3793
4327 1003
1450 5753
3165 7162
3490 6693
769 8775
5505 7539
572 4474
4782 2751
2002 4401
6757 34
4866 7444
5561 6545
8078 3172
2511 198
8767 950
3856 8978
5305 3586
6063 6648
7326 6462
4359 4351
2104 9121
3286 3614
4869 3406
2771 8123
1775 1254
6691 474
8682 7645
6361 6426
4495 8039
1303 7796
343 3553
2299 8020
1874 4350
7600 672
7866 4992
2714 9696
7420 970
2757 8080
4395 7808
2347 5967
6621 2980
8569 9057
3910 6423
1315 6170
6881 6475
4056 3279
716 2872
8434 1140
51 1435
4276 9146
2387 3945
5317 6403
2710 2878
5582 3705
5738 4447
4308 7637
2437 4705
6856 352
3609 6323
7710 4842
7428 3732
5444 6750
8085 7156
6414 9991
4294 6547
2895 6872
66 5220
8861 8545
1250 5909
9267 2753
1724 1749
8387 4545
1343 6258
9155 7800
5593 8512
5386 6758
7802 364
4389 6834
7632 7537
4600 7017
1589 3402
5884 7385
3553 3300
6637 9837
9078 1029
337 1387
9968 9643
2883 5131
2428 3275
727 8604
5077 14
5605 8764
3920 9715
2533 2695
1515 4863
2511 4333
4689 5732
2160 5567
360 7763
7445 3873
627 9541
3196 5604
8569 2333
3228 4361
4033 5054
3294 5883
3417 8168
2460 7414
2407 1135
1587 7489
2158 3814
1094 911
5783 354
695 3794
3489 9397
7707 5283
8084 8424
3550 8037
4768 8374
5751 7124
4906 7032
6274 6899
2264 9407
7402 2324
2952 2345
5399 7315
5394 8957
5953 2239
6075 7076
9805 8163
8132 9380
1810 6059
1844 2445
9466 1234
2091 5291
5014 162
3472 7312
95 378
9689 9506
2861 9760
2795 8911
2528 6352
5468 8037
8739 208
4733 943
3187 7156
5601 1921
5657 9141
8635 4702
4250 9053
3825 8123
512 5338
5275 1118
6210 8014
9281 2783
4346 6253
8377 8500
4287 9056
5496 9839
5248 8047
8313 5711
4948 2278
9798 9775
8976 807
9863 1310
1602 3288
2704 2447
5531 8870
4353 792
5372 5844
8653 4890
660 4175
9067 1231
5489 4564
8212 9469
5338 8074
4224 7040
8434 9518
8730 4147
17 2389
1190 7908
5751 6937
5121 88
649 350
6102 8820
152 2927
2908 8238
7698 8322
7542 7257
5277 9124
2971 8708
2852 7296
4853 660
4622 8375
5477 4459
7949 8025
888 5304
6878 9320
9812 2623
8454 7379
2236 503
6038 7128
5570 3576
8641 9191
6715 9033
418 1110
5566 1656
3279 1482
180 2221
5899 5966
3416 5954
3342 3524
3970 878
6510 643
5742 6433
5760 4760
4076 8565
3923 9289
6546 4622
623 9183
7445 6411
1598 8338
453 3524
5513 6438
5630 6986
5931 8146
3381 4926
7303 8398
7642 4831
166 4635
1903 7523
9814 7647
7078 5957
3603 9526
5456 8159
2039 5024
769 4268
1894 2162
3829 1359
5590 6001
239 7341
5715 4720
5990 2444
196 7910
2744 5119
6142 3481
1933 2396
3784 9587
6208 9204
1598 5560
562 6166
9603 2084
2853 2517
2825 4899
5259 2760
583 7164
9006 8860
2789 4838
3818 5239
5838 868
7245 8540
2073 955
1952 6852
7615 8487
3522 4315
6758 8277
277 4734
2315 4810
2335 6482
8085 2636
5523 5263
860 1793
7723 5926
3674 4305
2812 4569
4595 4126
1883 9475
5655 5540
4655 9775
5049 3286
5470 2525
6018 8517
5568 6968
2187 3591
9237 3615
4407 8104
5509 8495
8184 5516
2246 3353
6097 5669
7817 7156
2368 4928
3185 5150
1450 5260
3814 2877
2795 7853
3001 7958
4818 2962
4673 8731
149 8308
3929 4557
5062 8728
9159 2890
7673 6939
4120 72
3390 7137
754 430
771 4046
3171 6275
1557 2740
5129 8637
6493 7308
1161 296
2673 6035
7611 4031
853 5283
3368 7499
5320 6111
7960 9490
2955 6808
3921 8062
5858 5871
8965 5518
298 8794
1480 1072
3656 8023
1875 4311
2070 5489
285 6236
8782 2256
3391 8893
2691 2803
3288 2793
5534 8002
4541 3353
843 5453
7271 5494
6958 567
8486 9963
3006 8449
1115 7080
6098 3092
1230 4815
3472 3489
3384 5591
8584 5021
9569 397
3450 4117
4208 6913
9612 6402
4069 6983
9962 449
4044 9326
8369 5375
4698 5097
7971 2067
834 4720
4781 143
5816 7418
9608 2967
3121 8469
1995 3705
5942 3329
8997 8936
5346 5927
3663 4773
3771 8507
6689 9679
8177 7891
8247 9118
2743 9233
5497 7264
710 2038
7678 9900
4723 4645
9076 4920
4254 7284
2298 7920
3429 5602
7817 916
2658 6398
8637 2900
3551 8601
8329 7628
2317 8441
5770 8725
6520 5510
7496 7748
1236 4847
4370 2116
5620 7855
4692 7994
3042 6751
1383 6671
5081 8220
7364 250
9383 5453
3999 5340
2950 2974
2080 3091
1440 21
5493 8406
2513 6127
4861 5197
3130 6998
8076 6363
2872 6410
5236 2980
5964 9088
3707 4363
269 9800
7961 8079
4590 6144
1711 8310
2274 839
7636 7730
3513 7880
6279 9449
8543 3452
4658 5231
3345 5071
6896 4843
7922 7427
4596 1505
3384 9055
5937 5147
6073 5974
9505 7633
6192 6834
6759 4437
8918 9004
170 9403
7186 3198
6800 9578
9679 6069
7072 4789
6538 6316
872 6598
2902 7079
5184 456
578 7777
4437 8749
8115 2506
1449 1627
9912 8872
7959 5642
7203 7056
4821 5369
9625 9754
4417 6713
3719 9529
842 5914
1112 5509
5370 6981
5894 5409
9073 9362
4584 824
7111 6312
3162 6578
3050 8094
7669 4324
4322 4961
6749 1880
5964 6794
956 1828
3197 4707
973 6841
7296 6600
8724 8733
2466 7117
6905 2248
5626 5607
5779 453
7393 3005
6288 330
6482 9500
5193 5725
5119 5547
3140 6280
2145 4968
5185 5083
2366 7825
3656 1851
9400 6858
5279 3671
2416 5323
7698 4112
3979 2662
6160 5527
5488 7312
316 3965
4361 6110
7940 5981
4449 746
3187 4274
229 9796
6549 1407
4245 3841
3520 4834
6401 6124
6428 6486
543 9619
8074 1608
4849 7604
8249 2363
7740 3425
6250 185
8355 1254
3518 7245
8216 6279
5418 7387
6275 134
2381 6752
949 3453
5183 552
37 1129
3111 4504
4470 4551
7887 3192
7226 5661
6546 5673
2483 8089
8976 4812
1192 1760
6424 5158
9752 9877
3814 9471
4504 8228
8201 8613
2740 3931
5653 8960
5238 7927
8065 1104
4222 6529
1081 4265
2422 3248
8970 3583
2129 3898
8078 5890
3339 6037
7697 4249
3379 4160
6214 7549
4030 5847
7756 7946
3822 6800
5723 4427
9093 512
8469 6283
676 3411
3515 4061
5897 6916
2536 4908
4041 320
4890 9687
4018 8186
638 8380
5158 9623
4809 2528
1841 1764
7252 7608
7526 1495
3651 4191
8134 7767
9899 8731
1064 1843
7739 8140
3554 5463
2850 7296
3970 7327
1668 8373
5871 5708
6263 8218
4200 1373
6010 1356
3788 6798
5906 9112
7970 8948
4830 8077
3457 1975
485 8151
7947 3982
1173 3304
2490 9999
5066 3631
4730 3645
5631 6261
5440 7484
4869 7897
8114 833
3105 6488
6205 9623
2714 4388
6607 4190
6141 5437
466 3684
9722 4186
4868 7793
1724 9018
2907 6365
8448 197
5631 5456
5543 5343
2480 7725
5601 9485
3140 8000
4245 58
5999 5330
4206 6253
6730 2287
9037 7772
9929 6892
3237 7007
3428 7541
4708 7524
1015 5723
5179 5833
4944 3721
5565 6808
5094 8620
3962 5088
691 2071
3070 6907
4066 7131
5740 5762
6798 4915
445 6216
3600 7072
3978 7661
4179 7422
7793 8563
6835 488
5761 573
402 5472
5833 1617
1391 3448
9548 8960
1537 3273
8757 4940
3963 2936
6318 4934
8423 6757
7862 6195
4975 2121
7379 6721
3554 8551
1653 307
3530 3727
5243 7241
5311 6887
6455 7275
3645 7622
212 1803
5439 2642
5881 1526
7837 2058
5187 6070
5703 702
4290 9723
7585 4237
9145 8970
6815 7968
2216 6957
3465 6873
4786 4679
4661 9114
8035 6136
859 7858
3074 2908
5011 2932
828 9447
6334 582
6682 9896
3908 5470
9849 8281
9503 1228
4647 9192
2257 3709
8545 1195
9250 1
3101 9174
2810 4272
3820 1
7992 5634
934 7641
5182 4224
3172 4395
6718 706
2325 8431
4528 8574
1897 6412
8120 7216
6592 7885
2953 4967
5029 9499
9027 7139
8068 3535
7850 9728
3050 325
5714 7508
3786 8472
2844 4808
1374 2449
3875 2286
5055 4546
9322 1371
598 7560
968 943
9790 6091
5304 6455
567 7429
3208 5354
5109 3735
5038 7467
6461 625
6534 8014
4228 7369
8586 1380
6827 3577
878 1147
1603 6018
8649 3893
76 3798
4362 6271
2827 5998
5858 8279
6527 8374
8380 6189
5155 5274
903 1338
2358 4328
4844 7075
7493 5578
5053 4216
2401 6132
171 8515
8808 7016
5098 7076
2696 8938
9664 4005
2045 3235
6203 7472
7696 1369
5556 4399
3573 7117
7346 209
1769 6161
1934 1539
3473 6886
7788 6677
4425 6286
3172 6665
8213 9300
3136 6190
6016 9056
4752 4587
4884 6692
2022 2153
4606 4240
5347 9082
9951 8747
6307 4401
5883 6325
3450 4673
2930 8313
6371 8479
2670 6817
7051 8359
4072 9163
5228 4421
3395 8655
8562 9443
5198 48
468 3987
8669 386
2011 5023
2067 4137
4417 3805
3309 630
4052 2889
7279 5082
5871 2140
1258 4641
2478 5024
2376 7228
5903 5475
7890 9521
1610 5739
1727 1305
7174 8829
6475 4361
5542 8623
3884 4981
3684 5364
1469 7318
2836 7455
3471 7700
6204 8863
4880 4343
1905 4586
3154 7242
4354 6219
5493 6263
4441 8847
5776 6817
6510 9027
8779 8770
8890 8049
1089 1677
3785 6183
2766 6958
3359 5257
7395 3418
6035 8101
6873 9200
8615 8231
12 7062
4936 1713
9069 3742
9831 2079
1687 6857
2222 3983
3406 3275
3454 54
5623 7783
5048 7552
5346 6980
5056 5686
8137 1143
7034 1052
4769 2660
9396 7870
5770 8597
4077 6718
1432 5412
6127 4525
3945 4441
3511 951
9932 7597
2578 4129
8524 6870
1782 3966
7378 8809
5653 6160
5008 6
5722 3550
5021 4900
9742 6547
4100 9172
2259 979
7030 9415
9848 786
6263 7967
8484 5764
4884 5955
8492 7345
5367 8812
2432 3795
1463 6148
3242 7047
2154 9449
7020 712
92 1553
6304 212
7231 8479
8696 8922
5327 7585
5010 7649
6144 3377
6192 6343
4369 907
7531 9121
9788 9830
8021 3801
1453 1242
355 3710
2812 5719
7824 6899
1631 6203
6137 6528
4941 7670
5031 3628
5647 5846
4499 7968
1991 9111
4351 6794
782 6527
3052 8454
632 6475
2078 8891
6369 8325
806 5056
382 2513
8066 8781
387 1581
2718 6191
2426 8419
6095 7015
718 5185
1502 9202
770 5496
6102 3877
6294 6033
5690 9073
3745 4206
7139 7293
2920 5749
7600 4241
7678 2848
4171 5482
6036 7616
3908 7997
2313 5229
5389 5001
4040 5672
9484 5957
8343 6806
4265 771
8205 685
4161 8298
6110 7888
8427 505
4843 3673
5288 8453
5437 9256
7162 7640
5968 7431
2353 4079
9918 5552
1580 3863
5829 7501
2799 7808
2126 7042
4058 3982
4902 2388
5117 4447
8872 9728
2678 5195
5616 5299
6544 6557
3949 9192
6884 7793
5690 7584
6459 6863
1896 2577
4005 4105
7656 3879
2516 9869
6116 4430
9522 4639
7988 9923
1739 2714
5035 7481
899 3491
6060 6457
8105 3045
4313 6449
3910 7227
990 1027
1715 5861
27 8298
4583 7212
7414 6924
7017 9210
3228 6762
8878 7933
3037 4161
9437 8570
5521 2405
6298 9910
9854 2213
4265 4664
6999 279
645 7771
7564 3205
3050 5914
3657 6363
9391 2051
1173 6880
3537 296
3277 6078
4653 6772
1345 9323
9352 258
9172 6972
6462 316
1589 234
3939 6089
4331 3432
1590 2859
6530 6085
9563 5258
3240 5270
4898 5879
127 3593
4896 585
7783 4430
2396 4127
5840 6806
5802 6285
2304 1505
7147 9063
8342 8679
7511 8293
3268 1962
721 4638
8148 4649
3373 6859
6884 2129
3568 8495
9290 7327
2378 8930
7397 4865
3971 3223
4621 8472
5015 1458
5526 4148
6730 2830
8414 9090
6078 1628
7713 4734
1759 4283
2803 6719
3312 4876
2233 3156
1326 9770
9734 2069
3051 9157
2120 9816
4409 9245
7021 8913
7678 7722
4049 6687
6096 9094
3718 5126
5889 5502
7841 6558
8419 8521
3892 6632
4184 5986
9643 8609
717 6292
2351 128
8925 5848
4515 4773
1686 5107
4358 2840
8406 72
9652 1639
6121 1930
8223 6717
7780 8133
6498 2856
5398 8890
4045 7870
6142 942
3677 5902
3859 2617
2828 8027
4638 9673
1965 1623
9332 9231
2262 5293
5503 9599
3715 4450
9138 734
1565 871
4925 8575
6028 789
5109 4949
4377 8972
1889 6593
7551 5374
9497 9419
5676 5181
2044 5191
7467 8157
5061 8328
4088 4910
7380 7720
8127 7920
3200 8275
9824 7962
5001 4503
2270 5372
3624 3355
4522 4505
52 5594
1292 3704
1988 5659
1804 5838
1527 5035
6181 6507
2492 991
2188 8164
6397 2604
4366 4113
8663 2803
8955 2157
4896 3231
3830 3702
1040 9360
1621 8322
9706 1688
1909 6776
2515 4105
9985 6738
723 685
4148 7515
8280 8124
8256 5552
7173 8032
8845 8805
9413 5879
6541 3096
6468 7987
4697 8898
6915 45
3389 2925
6938 9562
6613 7816
4006 8226
1227 7105
8090 9252
9064 2584
4124 755
5885 9184
7098 5242
4758 7982
8518 8423
9436 591
7218 8461
8730 7784
1140 5766
3611 4034
3894 5783
6244 7437
9059 5744
5511 8606
1617 4378
4932 4469
6950 7828
5387 7493
6381 6890
6414 2637
1708 975
2353 3894
3535 4803
6821 6896
2812 6394
2130 7794
4884 7811
4483 9453
1991 1973
1411 1398
4021 6655
5065 7334
9637 365
4585 4482
4425 2278
3770 6255
5592 3589
3309 676
9179 6317
5029 6593
5664 7104
6362 7671
890 6772
5090 3607
2234 4710
8966 9592
4297 6307
4474 8828
1285 7836
6039 5045
414 5099
4045 7375
4532 4753
5416 6988
1106 3111
9232 2894
9144 566
6855 9135
1983 7706
3406 7509
6490 1022
2266 5550
8551 7232
4710 4853
7003 1543
4352 7774
3898 2844
918 565
3593 4194
1941 5507
5633 6073
4733 3830
5032 191
9369 8631
3934 8028
6745 8808
8145 4463
3955 5872
3179 7600
8153 1843
6384 1403
8806 1176
6483 5546
3350 6435
2024 9948
6835 5476
6420 9398
1065 4883
6361 7771
8362 152
7900 8200
195 8410
5056 1544
9765 2457
1836 3188
1987 5572
3556 8876
5789 1314
8114 5621
1219 2438
4921 7398
6021 2990
134 5784
5872 4624
2329 5578
2214 7577
1588 5085
9743 8050
4352 4070
7287 7397
5408 4345
6422 8824
7523 8576
4763 113
6858 7139
9856 3618
5360 5472
4238 4614
9290 1665
8567 9672
4458 7771
3234 7094
5479 7271
4963 3971
3870 6554
5755 1958
3604 3402
3190 3762
2417 5007
4142 3162
5779 6866
4449 9240
5785 1167
1517 4871
1971 3092
2635 2089
3120 8025
2143 6316
2839 8500
6648 5450
9208 6914
4165 5401
5849 7460
242 509
6652 9770
2644 4245
2363 4491
6346 5004
6213 7858
3064 4538
6156 8263
3950 7556
6069 121
3326 8106
4314 8368
1139 8028
8394 6535
3769 7521
801 6757
263 9562
5330 8197
5499 7188
942 6817
5566 7363
5268 9884
4468 4876
2070 5396
9901 6988
8626 7837
8818 5563
2871 3351
6561 9735
3237 9043
9582 7063
6475 771
5000 2498
8163 9136
522 242
4080 3023
6972 9161
8252 8427
1122 4667
9876 3790
514 6016
5305 1269
5058 7993
956 6068
9071 5204
7541 9439
7164 592
9808 2464
821 2581
5025 8691
5515 3600
3522 8370
9458 1533
8367 7158
3021 5873
6388 4693
7525 6354
3817 5780
4696 4436
2534 7448
4115 1192
234 2124
8100 4720
6795 9110
3161 6270
5670 7917
2693 7333
7469 7482
9086 8319
5118 8114
6011 6934
3697 4708
7141 1237
3270 147
5327 8867
5644 2158
5845 6349
3589 5525
753 6866
9282 7857
4634 9583
3822 1791
8616 4734
4051 79
4961 2222
3178 6048
4648 8821
1727 1487
4328 4938
4769 5849
553 9972
2852 815
2592 3628
9197 9452
6905 8971
1991 4916
3187 7709
2832 7518
5163 4692
8301 8119
5614 5796
3930 7386
3921 9781
8947 4443
5486 1302
9482 2508
1290 5111
2398 5990
5842 4734
8669 4327
3629 6239
6666 421
7445 6575
7810 5010
6765 6816
8021 1258
6727 1865
5148 6918
2862 3707
9403 1410
9636 7539
5114 6223
6017 7717
1896 6745
3733 7585
5422 7278
9907 5494
5824 613
7496 9788
2848 4869
3682 5031
4321 3446
5942 9357
1398 1112
4607 6139
6380 9475
3902 9999
3761 8599
8951 3598
5640 5649
4181 7320
9831 4852
3150 164
3979 3695
5386 6937
4510 5546
575 1317
5934 1787
9444 4820
3133 3903
1911 1646
4087 6611
665 1210
6924 5909
2342 2098
3727 3595
2875 346
9652 8906
2642 1047
5379 8331
6057 7226
3027 7570
2500 6067
2969 4596
9073 4476
7072 266
7837 6256
5094 3853
3398 279
6662 5471
125 4248
9256 5536
9164 3961
5277 4913
9341 3136
3947 6735
3293 5716
3990 396
5438 7840
5035 6669
8953 8221
9844 8163
3231 3912
6462 7530
2702 8752
7905 6265
8795 2801
5452 433
2381 1382
4333 223
6566 5264
4513 1093
5552 1953
985 5361
7490 9261
9390 5202
9622 6757
6298 6883
2318 5621
799 889
9542 2334
5437 552
1815 4367
7837 7921
9760 3846
4585 8795
4120 9927
6529 1130
2103 5938
9329 1529
3711 4740
5196 991
7618 2225
3254 2020
3339 8251
4010 6204
8552 9421
3320 5794
6205 9004
8211 8862
6175 3877
1275 2938
5082 4474
5304 6573
6647 6087
2679 6111
892 4570
3488 4415
2569 8575
8064 6233
3482 1897
5636 6120
4005 3924
818 5974
2837 8282
3229 4834
9754 8191
7531 5036
8362 9
3439 6522
2993 514
2581 7925
3491 1959
4447 4511
7504 4566
2275 4849
6204 9034
9960 2940
5791 988
266 2441
8181 2980
6111 5544
768 2315
4286 7683
6724 3300
2649 4393
448 8231
8732 5419
5643 5560
7346 7898
6305 6470
2638 7654
5318 9412
2394 5981
1707 7495
8837 2624
5463 381
4356 5281
4772 9131
9023 7180
3341 8915
8038 2126
4128 5538
175 4379
5432 4572
8728 7124
4845 52
8881 2643
214 7380
9085 7253
4402 5531
7110 3446
3111 5618
8400 5349
9820 653
6664 9223
45 7665
3087 6163
6079 4103
3888 5431
2878 9961
9910 812
3053 2351
5845 9305
4406 109
476 4626
3890 4393
347 6552
2477 8957
7485 7133
3560 7793
891 7554
4659 6718
6720 96
4987 3514
1685 3399
6203 5993
2230 5185
6850 327
2677 3366
2312 4436
1565 9871
2835 47
8780 348
1646 5780
1137 1207
448 1628
4711 4612
5745 9558
2431 5417
3995 4930
3983 5630
7211 612
8007 4683
9980 200
3264 2910
6958 8504
4848 5556
8323 1398
2631 2445
8859 7528
7145 1133
2595 7891
7335 4411
9175 2782
5558 9974
4779 3591
5253 9109
325 8337
4022 7032
7096 6465
6212 6418
3808 7682
8846 1186
1656 4242
4362 3545
927 9731
4459 8847
9099 8398
4732 5973
6019 3929
7921 963
7089 9737
1665 1150
3814 5029
1283 590
945 6193
5884 5848
6381 8869
8981 7251
103 5739
4948 8728
6647 2693
9726 2507
7978 7108
679 4101
5015 1211
5335 2613
9662 1704
4617 4548
2266 5409
9007 9882
8730 2663
5512 3185
966 4400
334 5392
7193 3633
7280 4275
9483 6670
1296 6382
36 5819
8204 8982
3309 4186
8844 1206
6042 9779
2335 5643
2875 403
3577 7505
2913 8279
9914 3752
5882 5481
9034 2619
5409 1585
3168 5765
6237 7106
4296 6145
9495 735
5663 5824
6334 3777
4835 5147
2130 5251
4611 8408
4136 7095
6913 7096
6630 8205
8934 7528
9454 8732
2320 3281
3128 8675
4545 3708
4078 9197
8376 4618
4232 6402
245 7645
3348 1400
3138 6774
3203 7169
2410 5318
4051 2311
5499 6308
88 2450
2816 7662
4908 390
7588 4925
1440 5167
3350 4334
5984 1812
8931 9
2246 4513
2349 5917
1949 5983
5901 996
5565 7951
1327 1210
6587 6427
4938 2605
8858 7236
8262 3418
3085 9526
442 6832
161 2352
484 9458
4524 7287
7767 3826
9720 4612
1487 4474
1855 4375
8913 7966
3303 8823
6868 8345
7702 9739
1847 4901
5826 4972
4206 7772
7175 5240
4219 9697
6468 3163
4386 4212
6710 7126
479 9356
1898 3267
5984 5450
1870 3205
1968 6480
7981 8494
4135 6966
4456 7287
5977 8793
3783 3222
9284 3132
8791 9881
2316 4022
4031 5165
483 1611
8056 922
2748 4884
3775 4687
4984 7419
3743 4065
7531 9294
4191 3703
5740 7294
6698 7263
3077 4362
3411 3484
8297 6245
5279 3903
1452 7084
1168 909
5555 4215
4751 8887
7772 2344
9761 6170
1798 9828
4425 8313
2015 5332
778 3733
5770 9630
1552 7678
7231 8089
886 1172
431 5732
9800 8326
5376 4872
6580 3554
4606 4402
3652 7292
2236 4001
3325 6668
7392 6623
8756 4799
1858 3826
600 6305
4645 2034
9783 9446
526 1108
1126 3503
6095 7430
6561 6708
3755 3525
3490 3456
4135 9115
7842 8498
6686 179
581 3272
3367 2598
5844 1324
5370 8315
5188 8338
3765 2873
3668 7370
5141 386
6739 4620
1340 816
4746 9390
7651 9317
3806 5799
9834 8350
4525 5900
1026 6897
3889 5918
7433 7818
2784 274
6170 7738
5208 682
9113 3490
2311 8163
5617 8434
6010 286
586 6517
4302 7669
5876 5921
1690 3571
3482 7378
2782 4257
6682 5267
7422 9995
3854 6203
6027 347
8330 6585
4326 4212
7088 1195
7963 641
6998 255
2586 6947
3654 6559
3789 5929
5266 9910
4335 3924
9324 8089
9616 9658
2161 2351
4821 4985
997 2250
3 7993
4022 6968
4832 4033
3481 8041
3204 7238
3873 4364
4287 3186
8178 9065
345 3613
609 2676
9445 4541
2697 6252
5157 5563
7221 7614
85 7486
7968 7777
4970 5858
4409 1095
744 5092
5776 8173
1896 3355
5440 8187
1006 8741
5597 1260
5405 9132
9402 9287
7084 9571
892 9743
4382 7879
2475 5748
5147 3252
1824 9615
1488 7185
7644 4552
1002 2044
6853 9392
5081 7220
1869 1400
3809 1170
3187 7273
1533 404
4213 4673
5114 1102
5702 7688
6530 902
5194 6171
137 7500
4087 6604
4149 7253
236 9428
1003 444
3476 973
7472 8595
1131 6493
6444 5386
3877 6915
1012 6801
2285 3627
3057 4409
1150 1258
7913 6473
7049 6139
7821 8870
3105 1861
4131 5869
7770 6609
6424 8975
5395 7113
4682 6682
547 8027
7433 544
495 5356
8091 8357
7335 5341
8303 7718
6005 9378
1797 3822
4597 8651
7677 9656
8656 6530
5159 9357
5328 7594
7496 4104
8953 751
3387 2203
9450 3772
546 4890
6079 5772
4555 8546
456 6838
8245 7201
7597 749
1433 9651
1925 5683
552 3220
2157 9187
3410 4149
6497 7988
4475 9317
8522 1709
6281 8629
1198 6522
2072 7278
4585 36
8879 9301
2543 5853
7381 693
5533 6147
6878 4539
3313 5734
3543 1766
4991 7261
5421 4630
6209 1182
4529 9795
3863 5541
6144 7553
8508 740
6300 5851
5460 7860
9606 6610
4368 7110
6660 3161
5519 38
8085 6686
1664 8112
7809 860
9758 4156
6888 3927
8802 8663
4579 4152
9209 3015
2374 6528
4061 6377
8363 8858
2870 4372
555 2187
4830 9224
2999 7906
6325 1733
511 4066
5531 7056
1008 2428
5311 8221
1163 4931
5961 9794
2658 1052
607 3666
1701 261
4065 2079
3810 5990
4045 2366
8716 3253
4430 6149
8922 7522
4204 6560
2798 5943
5680 1042
4376 4802
928 4367
3531 6467
5981 3104
2770 596
1933 7306
2919 5307
4465 5409
3183 3101
5180 7377
4044 8799
4336 4477
9181 2282
7873 9370
3255 5377
7966 5397
719 5024
854 6875
8257 7495
6478 6367
4903 4975
4358 2960
7173 5882
920 8582
7764 8272
6150 5491
2776 4453
8094 9086
6736 8446
8660 3576
5038 6223
4188 5006
363 2864
8553 188
3330 3928
7686 5706
3291 5434
2274 4592
3700 6127
4088 5714
8687 5227
3602 8938
110 5693
4171 5833
2796 2314
3990 3277
2343 5752
3450 7241
1294 5601
3374 5445
3007 4456
8347 446
4163 7527
4705 411
9092 41
4690 7458
470 3245
5049 7512
4589 6773
893 3055
6679 330
3953 3529
3667 5387
8932 2546
5712 9145
4423 9342
4473 532
5600 1505
3340 3945
9375 3008
6018 3186
1570 3805
4209 5562
9644 7333
1349 9929
7584 9575
7482 7312
3428 5347
1390 8654
5380 3693
4201 3055
2480 5544
6588 9206
8140 3232
3072 4143
2809 6887
4581 6615
6539 3544
6143 2497
5707 6316
5000 4468
6804 5131
416 5428
6417 7351
5288 8254
6757 8210
6184 2161
2612 2414
7512 909
2503 5396
9638 1098
5838 7122
7400 7498
9726 8566
5575 5436
1929 4757
1436 9025
1601 4662
5792 1943
6201 2865
1765 4770
2706 8771
8845 536
8594 5155
5486 6037
7712 8150
4369 7997
6214 296
8289 7609
6347 3979
7534 1031
1284 4968
5845 8427
4897 4487
989 5545
1715 5191
8900 5403
4863 6825
3305 4582
6035 8709
2511 5475
5587 8024
6179 4637
2330 6110
5027 7283
3731 7026
8251 3839
9403 6266
3068 2023
140 3546
0 5458
3751 7385
9969 7845
679 7961
7560 2120
2131 6250
109 5630
491 9896
9572 3227
4614 6713
4001 5732
6229 6457
2932 4700
5915 7987
3415 3127
4779 9934
2285 8006
5185 9575
9053 1736
2722 7226
8018 7936
9854 7383
3809 4636
194 6239
3623 3951
128 8100
4834 3346
1284 3129
8057 2350
747 4587
6393 6578
7184 7565
4886 9750
8288 6605
4781 9993
6591 4018
7489 7383
3012 5315
2871 5376
5093 6027
7538 3340
3102 815
1049 5009
3189 5133
3422 1170
9879 4127
6009 9153
8124 7786
3377 3908
5934 6764
8450 7663
4866 3661
3470 6701
9225 1509
5381 9476
802 3196
3266 9796
8027 777
2640 208
7106 8274
4299 5886
7654 3649
3038 254
4630 9140
1295 6862
244 2235
722 584
5918 3507
7337 8035
6026 1239
5616 7491
7994 4777
449 546
3484 2303
7917 2315
7815 5714
1951 8226
6727 6426
6188 4162
5054 4196
2029 2898
2533 8093
7438 7161
7328 7289
5194 8148
7792 1273
5116 6279
4768 348
9874 9757
3433 8242
3742 7536
4960 1686
6238 5043
6081 4305
2459 5003
6251 552
561 2426
2040 7234
4884 4027
2795 4134
4193 5607
3159 1149
4779 7882
6577 4630
3 7918
1597 9000
2428 4727
5277 1864
6626 8319
1982 6074
4296 8300
4079 5333
7358 68
3081 8153
1824 7070
4355 1417
6242 5296
8950 9627
2886 4127
4480 4980
3282 8264
7186 9652
4297 550
1069 5753
1005 8441
6686 5286
9776 2778
5392 5102
6493 2905
8086 3119
3190 1104
494 533
6687 2397
7304 6503
2781 6948
4059 3889
7001 5418
4228 6061
889 8508
3790 6064
8900 6089
247 410
2726 7133
3347 7709
7419 3083
3819 5489
2507 4470
7780 8660
9879 8746
3970 2625
2459 6910
5783 7309
4497 9726
5102 5110
2968 5969
9291 66
6142 6609
5937 5911
1064 5075
7432 4836
8409 8494
3966 9686
5966 7551
8096 5001
4350 6121
3596 7416
5824 3940
6396 9764
8273 1372
6732 8932
538 2642
3069 5391
1950 6228
3692 6013
8396 4596
2574 3318
4125 5787
3647 6391
2745 7751
8369 7738
957 4817
3317 9374
7425 5425
6262 8730
2392 7340
9727 1898
6404 7093
4485 7877
2568 6519
5830 7501
6804 7966
8321 6879
8075 996
6251 620
3778 3999
212 3249
4007 5219
6974 8010
4677 7939
2328 4443
6873 4925
6370 5536
1941 2233
8590 8329
1727 1715
1940 6963
2750 6243
6802 965
8362 6664
2827 9617
2550 4384
2639 7351
1250 2665
3742 4934
473 4959
4260 430
9548 6352
5136 4679
8326 8296
4091 3667
4879 5174
6061 1882
1747 3484
7118 5011
5115 5387
2548 2752
4939 4407
7746 5748
3338 5500
3840 6650
5923 6728
4849 4864
7412 5579
4255 5064
633 5496
744 8710
1100 5605
2540 4594
1635 5656
5304 8719
2823 4101
2842 4343
2993 6727
6618 1116
1867 6164
3537 5844
4999 1145
2428 5413
1204 77
1625 336
5489 5587
6379 7492
8121 7048
4050 9869
8145 3204
292 6734
4083 9228
15 8267
4301 6310
2559 3492
0 5636
3968 7332
3181 3017
7263 3243
5621 2615
1968 1482
6424 458
2238 6941
2590 6080
3409 2736
2121 6541
1680 8784
7098 5219
8562 4794
6566 928
3990 3657
7697 3040
5878 7172
6480 5062
4859 6735
4026 2533
3535 2215
3340 8621
2294 1894
3281 6765
9544 2272
4199 3363
4133 7210
5309 7550
536 6652
5509 7840
1801 6283
6785 8155
4137 391
425 7989
6302 6695
4595 6638
8382 2072
2929 5616
7593 9496
5822 8229
5743 1254
5565 6846
2745 2008
5418 151
8152 5151
4886 2478
2966 3589
1811 7738
6517 244
5159 3539
2471 2829
8172 6971
4803 5863
4961 4988
7183 9611
5240 6803
4064 7594
3988 6818
3731 4452
2275 8673
5058 8344
7057 1110
4094 6611
685 6599
3026 8958
1868 4
9450 892
3207 6495
4028 5964
9756 2130
6328 8026
3747 5685
9948 6501
5832 8088
940 1348
8983 3577
3329 4125
3108 2436
280 9825
5397 8806
5362 8031
2155 2555
5229 2025
2242 2150
5027 5193
3164 1442
4835 5373
5827 7878
9747 4228
5175 9470
5435 12
2919 4253
6212 9503
5773 5898
7847 8408
5618 3516
2025 7130
3368 6415
9369 8863
2371 6491
6539 2556
6151 6352
4067 4588
7209 7225
822 4189
8475 1308
9162 5887
8479 8597
5179 4879
4155 4593
3806 238
8575 3875
3162 4337
1642 4601
5256 7728
7859 3412
2031 7042
7306 7629
1723 2496
2072 5353
7271 6625
5005 7099
3585 9516
6570 9695
8282 9372
6867 9164
5881 9887
6672 8696
5911 9995
8798 9639
8165 2556
4952 1961
4012 7001
2759 964
4002 9925
5705 5618
1426 3269
3487 8469
2778 3542
4419 6951
6088 1074
3959 4263
9606 4456
4361 5963
5447 6346
4994 9030
1288 4624
6313 3528
80 5648
2939 3473
1172 7832
3478 4461
717 9359
3630 4000
8045 7176
8569 7856
2683 3668
4436 7547
4374 4454
2522 6460
5096 9808
3355 9844
1987 4086
8511 1620
9382 4064
3459 6639
8242 6535
3622 3664
2778 9395
6706 6037
5777 5079
3672 4653
5480 4563
9112 2375
8969 4770
3089 3551
6167 8913
630 1846
6137 9155
6849 5685
1557 435
1446 4768
9040 7696
6398 7331
531 1207
3716 5877
2603 8774
7166 9539
2361 1778
5782 9169
2210 6978
2111 2017
3931 1227
6589 3263
1561 2260
9191 8750
6813 6768
6680 5192
5229 6081
3730 4970
1293 8043
4396 8214
3761 9918
8613 8665
7924 9086
1654 1791
4324 353
4056 6200
9828 2409
2913 560
6837 429
6206 6719
573 6683
321 5156
6651 4625
4226 8984
387 2477
373 98
8675 43
8425 5530
2895 4424
5031 8041
7999 6590
4219 5682
5746 5808
6214 1712
5407 6113
1823 7295
5314 7871
2482 3962
2041 8686
9718 4213
4368 4206
7528 9341
6963 5627
6016 9725
5393 8285
4247 4855
1776 4860
6027 694
4671 7253
6295 7275
2546 5717
7492 8758
8455 174
4291 4753
1809 8541
2774 6483
8767 180
3534 8157
5848 5953
1389 3939
8780 6242
2047 3121
7805 8292
3089 5713
893 5694
8128 3283
6913 8384
6080 1213
5131 8648
6088 8163
6775 1630
6541 6418
6871 4078
7428 5164
2727 7818
1470 5045
3280 1056
4343 4754
9057 6240
9944 61
4109 1554
2531 4617
2422 3398
9612 756
5647 8662
3212 6412
4848 7262
7748 6579
7767 442
8855 1652
8583 964
3063 2761
4992 3190
6000 7366
4002 7591
4838 3662
4130 6056
5073 38
5556 7325
2741 387
4801 9378
4276 6524
9837 2513
4997 2608
1261 989
8650 8615
8901 8197
7307 1049
288 311
5983 730
1284 6197
9990 368
4871 7235
5455 5943
4342 475
8742 8446
1135 4798
6138 4172
4976 468
6975 3585
7587 6593
9223 7672
3290 8778
2287 1455
3288 3255
4861 5483
9388 5682
5566 7221
4530 3922
6038 5001
7015 7427
9730 1595
6457 1915
2471 6537
2297 5189
6612 7158
270 1973
6260 6218
3349 3773
5810 4440
2222 6183
3659 1683
6026 9434
3743 8507
3725 5686
4016 1957
2911 6930
2340 3694
2638 2570
5043 8590
3997 5098
7225 7664
5923 4209
2443 6946
4473 5212
2032 4867
9800 2956
1243 6104
1131 4651
8622 6367
9094 7530
3901 8261
9591 4135
1912 5337
6499 9751
2798 5201
1472 8448
2335 3161
2234 7724
2425 7026
9747 2325
1474 1031
8687 847
8349 6450
5770 6730
2061 7917
7873 7689
3094 4273
2091 3595
1819 5122
5974 9354
6127 3934
4299 4082
5023 5870
1777 8508
9896 7120
145 5858
8390 4286
9288 3450
3419 7079
3423 7952
8700 8383
9636 3638
1943 2919
1162 3108
6590 5435
5735 4884
6414 1008
4664 810
2782 5182
8881 8431
7690 7931
1688 5783
9224 782
6461 3419
7126 6024
4075 6952
27 8444
8499 4434
8955 1038
8317 1919
5860 1630
3256 6741
4060 2779
442 8780
9833 2071
1804 8344
6415 8426
2148 5673
3200 6701
2808 1747
5304 7168
6645 5589
5433 8975
7973 2122
6205 9491
6159 5817
9228 6929
6302 7559
2926 4260
4391 6625
1000 4775
9320 5821
6661 5812
4622 5511
1461 7321
5936 8525
6373 7102
9949 6702
1968 9717
2942 7479
5674 8003
1708 3936
6718 7635
2481 7656
3611 8634
6201 7237
4434 6577
5915 9768
6426 121
6212 9991
2143 9209
2781 5036
2332 5698
5922 3742
3069 1238
3036 3047
9660 6144
1820 5937
4029 8864
3998 7070
9415 5037
9549 3805
6749 8516
3397 6557
3012 2545
7160 1405
5661 4761
6455 9466
5865 5988
5352 7389
5605 6815
4841 3
8767 4183
7316 7287
9030 6219
2827 2886
8458 7979
7964 4475
5347 4197
4722 2913
3987 8880
7054 9357
4564 7171
452 3538
4796 8231
4285 1111
6222 7780
4165 7610
9032 8143
2306 9162
4492 9173
2444 7820
4350 6316
2192 6064
5200 4914
4935 6188
9487 442
5565 5537
5394 9102
152 2212
6449 3490
1755 5100
3440 7569
2738 3850
6658 8444
5615 8404
6227 9426
3224 9607
829 3780
3296 5016
6872 9083
9871 5750
1519 965
3247 7002
1635 5691
7438 7895
5217 4170
3139 3618
3328 4308
8118 4621
4422 7090
5196 31
125 3906
2325 8999
2619 4787
4226 2196
898 5061
7904 7028
7520 1669
5718 9417
9422 2867
6798 8100
4535 672
2508 1657
4067 7922
8072 4518
1678 5522
1514 4367
3927 6306
4312 5888
7882 7740
3618 5965
2169 5466
2974 1958
5265 6681
8088 6569
3079 4640
3084 2769
8556 9303
7928 1332
8929 4152
3590 2348
1455 767
6136 615
206 2019
5433 3124
5701 4070
5024 5814
8858 8944
645 3005
4297 8868
4316 6666
4160 9536
4297 3620
3705 5694
7769 3917
5479 7683
7337 9629
6124 9141
3235 4469
8063 8686
2903 9365
5981 3090
796 3416
2052 4274
1009 2248
863 5577
4351 1883
6978 4569
3838 86
536 4364
9813 9944
7394 2003
1848 4336
2894 4418
4719 7648
2143 5681
7618 7265
7821 9287
1894 5098
5390 8233
1610 5339
4633 1609
3971 2658
1376 2139
5508 6653
1492 5697
5675 8752
4050 7502
5268 5624
2424 200
6711 8789
2012 5625
1186 6566
5181 4164
187 3792
9978 7112
3801 6424
7926 6734
6992 5661
8407 6778
546 1816
6082 8823
7947 4807
8193 6031
5807 1421
7940 2552
6164 5371
3666 6707
8850 6156
6581 6598
2453 5172
976 1871
9346 65
890 7991
1544 4314
6771 5382
5773 6280
7429 9031
3308 1643
5219 8323
353 2767
5163 56
6138 7317
3793 1311
1528 9042
4905 8513
6132 4240
4225 6310
6277 8765
9217 9238
7 4358
3477 8487
2057 7935
6551 7957
1384 6903
83 8783
109 8139
2217 5830
2292 5186
7198 6613
7937 6952
1025 4583
5825 5355
9088 9450
5662 638
4841 8073
2950 7936
3623 1091
6279 8679
1768 2597
7696 8179
3478 7045
2085 9299
6490 7034
783 5063
5973 4034
1352 4173
9127 235
4928 8994
4654 7213
3683 337
6618 3139
4192 6630
3292 6602
5907 5787
936 2430
2930 5203
4072 4993
2354 2010
8969 8522
191 2168
7322 6759
1711 6748
3920 9446
1174 5348
3796 5475
4840 6154
4864 7265
9687 3325
30 3876
5977 8488
2959 3931
1310 4081
9200 5543
4508 3321
5253 5397
5299 5513
7319 5306
157 3176
8813 8143
7464 7471
2543 6446
6697 6023
345 3119
329 6787
1800 7570
6910 4855
3757 8246
5312 8205
4472 4027
3605 1961
12 1374
2054 5356
2231 4494
2584 5292
7978 5490
9287 6211
6518 2129
6242 6395
3229 6117
5308 6985
4568 6717
4626 6133
5204 7867
6801 616
6487 7330
6055 6690
4881 3915
5785 3796
5677 8400
4316 2830
5551 9981
3329 7758
1280 2834
5204 9156
5524 6357
7243 4990
6273 9370
1906 7433
5029 2887
4054 3705
4425 7324
5634 4660
4823 9585
4391 7676
5232 6077
8358 8181
7737 5390
2461 5332
6344 511
3983 8497
5219 8070
5704 5146
5430 6563
2711 2073
591 127
5666 8008
6996 9569
8026 8889
1173 7164
2802 8469
4975 8504
3027 6372
2281 7979
6102 2243
332 5851
4645 119
4338 5301
5224 8134
5058 7576
579 4681
281 1311
5099 7092
2168 2423
4237 8524
9751 8868
3232 2818
6069 4294
7574 4661
7211 1640
695 5687
4093 7698
1082 8284
3716 3281
4401 8753
2194 8050
8629 9033
5771 7912
7656 5265
8614 9435
2217 3496
2812 9038
9180 626
656 2002
4852 2744
7203 5791
5615 6180
9992 1830
4316 670
4883 4918
1432 4451
7403 6202
6013 7515
9669 170
1513 6631
4570 8376
8737 7774
1469 1606
5335 5735
3397 4025
7650 4924
6966 5689
1032 558
7007 9662
8172 3922
1246 9791
9279 9612
5941 4619
3773 2447
8702 8059
3855 3011
4763 8784
3047 4972
6634 1809
1053 6336
3953 9854
118 3991
4952 1903
9898 2463
2683 4523
5045 3528
8530 1549
61 1134
2693 4164
2356 5067
2015 6989
5250 5064
9100 6253
6077 9717
8908 1064
717 8241
6935 2285
8418 2368
3574 2987
6614 2873
6402 7420
3766 5143
6436 7970
4851 8105
9921 824
4062 4912
6396 3589
3381 4928
1485 771
5063 6419
3508 3693
6460 7667
6912 1762
986 2871
4098 6797
7009 2597
914 258
9354 6738
4246 5621
3298 7279
3063 5655
848 9824
542 3890
4141 5460
1145 2382
8710 1869
6118 9205
2785 5539
2274 4569
4536 6110
3431 5421
7963 2177
2241 6499
7638 8244
7034 401
6963 4133
5173 9003
6093 1281
5255 4871
4564 8666
4844 6734
5142 6162
4524 2851
1703 5224
6053 5790
9770 3151
8749 7529
5802 3175
3303 6013
4407 5770
2480 1775
6814 1808
9694 6889
2528 503
6047 360
5386 5044
1277 9559
1311 8389
8899 1178
619 9064
927 815
4838 6932
4165 3160
7960 9826
3579 9452
5355 4418
9799 2108
1378 2673
8678 2643
4016 8931
8097 153
1163 9285
1570 4950
3659 147
9051 2780
7435 5551
6225 6795
7388 1275
4630 8457
1915 2918
7513 4424
7087 9914
2528 2852
8350 3083
2543 2194
5806 3778
6649 562
1308 4576
5495 1149
9151 8437
1586 5954
4410 6481
3336 4580
7529 7643
4191 5094
4387 2296
7402 8770
1076 5744
2793 7980
5360 8171
7734 8462
1413 670
2472 1859
9796 6616
3724 3241
5240 1057
4985 7183
6432 7343
6688 5054
7298 6969
1934 7064
6821 2550
2306 6148
2914 3264
8917 123
7841 3582
6110 216
8255 189
4442 3534
8782 8458
4866 5932
2206 1083
1789 6393
5182 4448
1242 1565
8141 962
855 8740
5024 4276
2892 3747
4224 9030
2395 6095
9791 7695
3880 7392
8966 8521
1085 4075
3330 8416
3553 1520
4755 3835
852 4254
3025 4518
2556 549
2876 904
3298 5966
4702 3541
4247 3900
9756 7835
5272 9026
2959 7439
1646 8033
5945 6796
1392 5901
5872 7486
4121 7588
5294 6462
309 955
4531 8920
6812 8717
148 3252
7575 3263
4351 8171
806 3868
2642 1100
4837 8293
4013 6311
2960 7798
4413 7184
1480 779
1784 7956
5672 1523
4689 4207
2335 9035
5756 9744
1898 4981
3116 4086
9211 7630
7593 9537
2389 5420
2833 8349
3089 6060
4051 321
6110 42
5254 9102
5474 6890
2530 8698
3220 2500
6596 1103
1931 3414
1734 6512
8557 3147
5267 6267
6133 7879
1821 8359
1401 6753
4812 3364
3978 8800
9878 6241
6076 9452
3406 3915
7003 3426
2407 3127
2367 8424
4440 8043
8075 9307
1227 4250
5862 7658
9198 4388
4610 274
3634 5620
5845 780
7964 8429
9877 1414
4443 1036
9051 554
1894 2326
5431 7448
6938 1472
7583 981
3047 5163
3740 5615
4956 3368
5598 391
7291 5653
3661 74
8580 272
5085 9376
8290 9595
4097 5071
1654 5589
3663 6950
7758 9855
7978 5657
3701 4697
9581 7498
8896 7166
1934 4488
6316 5989
4758 3746
5773 3495
7249 7591
98 5943
1178 9285
725 3826
4346 1479
2804 4199
947 6090
5250 6544
315 6816
1715 714
6418 8723
8290 5649
129 4596
4542 7662
5209 8354
1750 8521
7036 141
3389 4421
4787 5628
315 3904
5514 480
4918 5559
5080 9529
5880 7340
4614 2825
330 7982
1426 9605
1475 3081
3585 9678
3205 5027
6625 9564
5584 4201
6074 7475
2862 5856
7650 6325
9933 570
5099 1648
7402 7162
4079 6170
1259 6058
9425 56
6530 6186
1525 5948
2677 8412
9755 6054
780 2273
5587 8942
5907 6143
286 3458
5813 3512
591 5905
7726 4347
1280 6652
1236 2381
2989 1830
3424 5959
5009 7221
8481 3354
4912 7288
3420 9637
5751 2647
4099 3738
7370 7694
4364 4837
8032 8981
5924 9075
4670 4385
4630 5481
2738 5873
1728 1809
1156 5259
5643 9735
7776 9442
1418 8642
7490 8819
7157 6889
2257 3964
4839 7173
6563 6150
3698 6036
5848 691
2243 804
276 6270
4694 5479
584 495
5132 4658
5586 8275
8423 4126
9218 6575
9268 1737
6844 1073
5369 7230
4612 7022
4544 5841
3799 7673
5038 2700
8193 9154
3995 6272
3389 4247
6331 9425
8753 2553
1349 7895
9687 1145
8735 9100
4999 8464
1200 9492
7348 9893
2281 375
9369 462
2374 3757
3392 5955
1127 6102
5086 2057
3665 637
1211 6510
946 4778
7525 7432
3419 4782
2431 7122
2694 5546
5619 3459
2909 7420
3922 9045
8567 8711
7029 4491
6579 7409
7627 919
3700 5411
2712 840
7536 9368
7532 5462
8645 8752
636 2872
2905 9233
975 59
503 249
9778 5194
9945 4139
3193 7192
6885 3557
6377 118
7306 5536
6364 9978
4506 6985
621 6778
6118 3506
7613 9076
3526 9179
4353 5430
930 824
7984 1785
3034 5455
8493 1662
1261 3553
5597 8385
7190 463
7109 2524
7064 1061
4505 5420
5130 224
5483 5223
3812 5089
438 1422
5231 8385
9085 9013
7048 5375
1311 8635
8181 1144
2023 4670
5319 9666
2850 7566
7511 7994
4895 478
