6193 9412
7180 202
2693 9726
4371 4800
6606 6733
1461 3977
5998 8045
2252 4735
6987 8761
4838 6602
5412 9089
9416 91
4687 5157
5655 8029
6506 8838
1993 6093
5470 5014
258 9438
7302 9711
472 2722
7712 3809
4819 4387
3704 2485
7040 7617
9946 1316
1162 6932
8973 4903
8155 9869
1709 8498
7493 4007
6443 285
3189 7529
3194 4611
6902 920
4453 8857
5387 1070
1715 8555
3070 8345
422 4782
9445 875
5926 4209
2555 4223
4296 6816
5125 1908
923 8218
5831 8486
8875 3647
6144 6502
3865 8929
3216 4319
2312 8787
4499 7939
5139 2903
3344 7658
3542 732
7076 7771
4254 5075
260 5635
2331 8103
3904 7887
7197 8936
2289 5110
8843 6044
4023 8481
7471 6472
4245 9348
3551 7439
4361 8476
7384 7715
9574 7431
5639 5417
4009 4089
9748 6500
2900 2904
9680 9520
4785 8925
3947 5611
1434 5390
4725 9813
6819 601
2310 5182
2677 5878
4358 6205
2990 6109
3179 346
5529 51
6659 8906
8639 9795
9542 5627
8169 949
7213 7442
3342 4955
3243 4424
9557 7332
178 1512
3801 8623
3675 6040
3456 2438
4822 1478
935 673
2959 585
7115 3766
274 4081
6300 7983
9321 7856
1918 4526
5737 8580
6888 5938
7961 380
4666 5408
2435 6600
6979 8392
3304 8998
5179 4172
6378 8697
2794 3500
5491 8645
5489 3351
4061 5944
4648 1954
6571 6015
2381 5172
7333 7735
5105 6515
1113 3967
6109 6600
7026 6006
5112 4690
6960 1222
8756 75
4104 4836
5919 5392
5415 1200
4045 5424
8122 9773
4908 5533
5593 1206
2360 6789
5579 9121
7821 7795
9428 9405
4588 7514
3463 2709
1286 7170
8634 4821
4373 7481
3780 8135
6062 8837
5114 1450
4228 4740
3608 9233
4453 6026
3440 9770
5411 9378
8217 4896
8225 7460
6550 9836
4831 1111
6582 191
5912 9027
3658 6852
1522 9587
6721 6392
4302 1669
9682 5985
5110 8753
1803 1878
721 9723
6313 1090
2682 1702
8242 2687
6922 1319
2856 808
5402 8524
7073 9072
7133 7891
5304 4431
3024 5990
622 1207
5232 8463
4953 6833
6474 7171
4196 5164
2286 4748
5051 3463
3662 6691
9842 8845
1294 5397
249 2507
546 8392
2060 6098
3259 4207
2725 7949
777 3831
1135 2492
3108 4159
9599 55
3523 3620
3815 3499
6070 8757
4451 677
3676 7999
1193 4540
3002 9223
5373 5567
7641 1261
9944 1756
6573 8223
8498 545
4790 1203
6723 8167
3409 6729
5711 3468
1208 2165
612 4800
2752 3692
1625 2490
933 3394
1740 979
5862 9006
3701 3346
712 5906
2100 4934
5536 2834
8114 7321
4053 1704
7233 6525
3496 4001
3759 6303
3494 6786
8943 9660
4180 819
3342 1669
3945 7597
3123 3244
9802 7031
999 5279
1179 6149
1292 5043
8217 5890
8485 9088
1195 5339
133 7501
5074 9969
1081 5210
7124 8823
685 6149
8326 8627
163 4239
3875 7901
3851 7049
5451 1530
4981 5553
3877 7452
6502 7096
2009 2280
7310 7498
5063 2589
9090 9790
7445 6676
3362 4010
8671 9806
5691 7756
4851 5564
904 2264
7117 2380
5549 4145
2517 5611
4822 8246
3662 2666
3368 233
2177 1490
6127 365
696 7869
2521 4683
6497 7223
8710 9811
412 2862
3240 7524
8233 8425
4731 9188
8341 3757
4297 4466
7960 8532
8561 4211
2236 1144
4033 9496
1225 7701
2257 3418
6959 5833
8531 9637
7379 1208
5751 6894
1050 2866
9296 8164
3307 2343
3288 6265
1085 7519
5555 6164
4578 4492
5670 489
2025 9834
3257 657
2116 1735
5418 5004
1706 2739
695 674
4434 7988
8724 9412
1924 2854
7023 9106
1001 6077
5967 9999
2616 7403
4785 6996
3028 7842
3265 7031
6977 9232
4013 6143
673 1269
4872 1114
2697 8388
6633 8789
1084 8195
2410 5591
3683 8833
2551 4254
2876 5771
2044 8358
6227 9427
2811 3548
6164 8324
5826 6050
6896 8623
6676 743
2157 9524
4822 8301
8176 12
1119 7088
5520 6653
8391 9699
1568 7853
6002 4855
7992 8418
6689 9434
5296 7029
4968 4231
5176 5163
7120 6395
1999 1781
1737 3996
5111 3987
6923 6231
6842 7060
2863 6437
5077 8725
4246 7336
5249 5799
7370 8613
985 4778
5907 5210
6230 8115
1994 7156
1505 3730
3351 6376
166 659
7146 7821
381 318
6721 475
4581 7447
5665 7784
4774 5361
3569 533
625 2341
24 6847
6154 4979
3092 5748
1299 2736
5663 5092
5613 9701
4958 5074
3051 2943
4513 8107
2241 5060
8948 86
3302 5679
6110 2815
2257 574
5823 8383
6148 37
9726 767
4643 3090
3268 2540
5642 845
6228 8553
7711 9161
7588 6058
8322 4067
7838 5186
1573 4385
1404 5330
163 3060
7367 6769
8884 6170
186 9379
6645 4532
5527 6533
5150 6546
1194 3921
2159 1863
5299 1687
4330 4269
3649 1427
4459 2693
3738 6609
3724 8660
5742 9841
2860 1910
7910 9734
4235 6139
1055 9131
208 8966
3773 9720
2617 1401
6759 6862
6111 9270
6788 100
5958 9442
3998 5758
5202 6426
3809 6502
8013 8411
9241 283
5150 4936
3237 812
7103 4941
1280 8915
1329 5774
4465 5893
3937 6942
5838 5323
3467 4512
6972 8635
1991 6805
6900 2114
7517 6220
8626 5338
9267 1170
3818 1184
1663 937
6790 7059
2755 4289
167 6964
2572 7093
1548 1108
3309 6797
1507 3736
2052 9686
2237 2269
4979 9860
8266 6176
9522 2870
1003 2072
4036 5971
5815 6870
3869 7147
9775 7722
6668 3416
8856 9438
6964 7844
9721 1083
3067 7640
8056 4672
2870 8294
3997 902
2983 3216
3664 167
5958 6356
6839 3661
3976 6562
8907 8800
6187 7118
987 6412
4440 4710
4130 5982
7028 8902
766 7581
6431 5650
2272 6372
7905 1483
9953 6707
2762 2708
3159 8531
8670 10
428 2984
644 5497
2378 7148
5748 7663
6648 9798
6170 5972
4728 3675
7403 8095
2792 7030
5674 143
872 3159
1651 5075
5 275
1571 3281
393 7712
2208 8039
7337 4371
6519 6368
3950 5838
2498 2853
6321 4168
4776 1635
9712 3988
2701 859
2205 5876
2660 4241
5083 6602
4186 8077
9138 4776
6429 7390
2411 5836
4381 6074
2753 6539
6942 8140
4132 8716
4935 4610
2476 5184
3424 4465
1361 1592
4208 4281
498 6290
2616 6655
2867 6237
6512 6462
3945 4581
6296 9318
7619 7722
3689 7513
4117 8714
525 1441
6342 3543
7508 8120
4482 8317
3814 984
9781 630
5251 6320
2977 9091
7325 9059
5378 7300
6047 4655
5593 18
9185 5601
8538 8005
6646 4425
5773 8472
5417 9362
1230 5821
5843 7255
1949 3293
2429 5098
5451 6327
3505 7008
1899 6037
4130 4064
5942 2925
8395 9659
9991 7404
242 8174
4288 2556
3897 6606
2384 3877
6601 5311
405 180
1044 7751
760 3791
9670 8759
5768 7565
1470 5765
3125 3888
6013 3168
4889 5418
3105 7787
9438 2343
1649 933
4814 4197
5192 5540
5857 8145
9443 6743
3543 6858
2201 5179
3835 735
6828 3744
570 3885
6237 8443
7599 8236
2048 4792
2328 9276
8911 9605
4252 5574
3419 8791
4601 4267
5751 5409
5414 6541
5066 5306
5095 6007
5270 6762
781 7609
8731 6412
8072 5544
1512 8767
8848 4718
2464 3966
3603 6225
1491 6614
5849 2803
8348 9212
1252 4053
5454 9565
4134 5982
5903 6
9767 8263
1897 3710
6637 4431
1774 9009
3071 3977
7399 1492
535 4304
652 688
9339 996
2840 4495
5066 2636
4961 7309
3840 2623
3499 4545
3376 1176
4513 6809
9986 2685
5708 3981
2662 7956
6693 5773
5730 8062
3710 6017
909 1983
4844 2721
4847 6402
5981 6331
5254 8483
1680 3442
9710 5732
3495 2803
2657 3424
6479 8944
5846 2881
51 3655
7946 9958
4782 7333
3668 4572
4065 9870
4390 2756
6932 7586
1002 8990
8975 5525
3665 6674
9771 8879
5901 7489
4154 7067
1031 4443
5162 5874
3457 3463
3529 7015
4112 7070
3515 4865
2687 8389
741 7084
2355 8855
8677 9372
6779 6566
6195 1792
4317 2348
7229 7418
5583 9263
6138 396
4682 5334
5864 8229
2334 4729
9394 745
469 5483
9401 4841
7219 8140
4622 6794
1757 7663
6117 8917
5606 5732
4494 3576
9676 737
3734 5285
3064 8459
5975 8460
9048 350
2920 6199
3169 2739
2434 7245
3819 5773
5560 6380
4044 1690
6860 9496
3790 6469
5299 7544
753 7820
4381 6681
3469 937
851 2915
7690 2490
9129 8165
1773 4358
4752 6220
8157 3538
725 4846
558 4440
546 185
4548 7329
2411 4241
3381 6957
2622 4690
7797 9540
5362 9239
6050 8593
2901 7488
2933 9426
6074 9889
4712 7063
6690 7354
6826 8706
4240 6021
6244 2837
2506 5804
9068 1607
2046 5819
7268 2342
1563 8065
965 3915
299 6040
6200 7089
3314 8313
3625 1301
4045 5795
3817 9809
5791 101
9825 8244
8904 7110
7037 4149
7397 254
9795 3117
5302 4488
8454 7813
3748 2660
4887 9120
4776 7303
4738 366
8578 6280
4242 9584
2550 9098
960 5102
5795 7403
2484 1052
6004 6759
2707 4736
9336 6753
9752 1218
7579 365
9927 7837
8225 4677
1659 4177
6917 165
5535 9290
9671 9079
8969 5360
6585 5061
6815 7738
3110 8401
4450 2019
4908 6509
5088 9594
9584 7511
6698 7274
2352 5689
5158 4442
5994 8878
4610 8020
5023 7371
4629 6986
8906 69
3506 8872
6434 6302
6478 8294
5864 258
1614 6231
8129 4699
369 6959
3256 2402
6012 8945
3524 5371
7663 3364
2180 8197
2701 2944
3484 5275
7158 8682
4937 8404
2134 7973
3381 7025
5440 8732
2723 1134
9502 3876
8018 8264
6239 720
9023 7261
5626 7286
4750 7881
7907 7120
5383 3889
2309 3372
7133 6652
6839 1250
1063 1889
1766 7001
7173 1769
5664 8867
5211 8333
9633 6264
369 3134
3350 5823
4198 7381
86 9612
2371 4492
5277 2392
1692 2891
7278 7541
3679 8371
2633 6828
4247 2412
6167 7222
8565 5884
5621 5477
5210 7828
260 1110
8178 3344
9547 8317
2804 2522
2278 4398
3590 6585
4400 5636
956 4354
5821 6009
6514 9908
9947 680
1968 4707
5972 3330
2718 4912
3105 5092
4968 8843
5725 191
3044 2867
7599 9958
3559 2229
7053 8967
5066 8304
4487 8102
7221 1088
869 3028
7563 7389
2818 4109
2943 7487
1656 6296
746 3631
1678 578
912 5734
2773 7197
7952 6302
2640 9785
3386 7131
7288 6258
6028 8139
524 4053
7662 9330
914 3457
1794 995
9966 8064
9864 1637
1643 6720
106 5354
4136 5390
8258 7755
3754 6493
3549 6798
9151 1327
6340 5650
4193 9465
4917 9230
641 2722
3915 4990
7166 7311
834 7503
3480 4015
2912 3450
1153 1190
4042 9245
2005 2638
1993 1315
1924 1481
294 6303
1550 2960
4533 7267
5616 9860
6640 4999
6495 6301
6345 3095
1214 503
2960 7641
1470 6616
6785 5353
5405 3934
1086 2489
5694 9406
1953 4225
8171 6671
2355 9638
6182 1761
2887 4803
8332 9477
9073 63
2525 2357
8720 8283
3830 1387
5607 7838
4299 4080
6824 4540
3470 3969
4865 8140
8503 1007
5366 5618
1877 2442
3194 7188
6309 7184
3633 5545
5735 7326
7889 5924
8200 9721
6078 7436
5345 4404
3633 2512
2789 9475
8495 2435
6927 8401
6084 4743
5318 6930
2230 8959
7201 5671
3830 3965
3207 4740
4062 7240
8499 5708
6506 8529
5271 1341
5673 9723
8015 7581
2706 3182
145 4462
4536 599
5191 7212
5084 3851
3764 7438
1508 5419
9987 4795
4068 3914
1120 6734
6185 7023
312 9944
2542 2377
1133 4229
716 5109
6297 7429
6063 3061
5836 8037
2429 5654
2389 7504
3559 6861
5735 8628
2846 6696
2696 7166
4082 7316
3481 8375
9322 6633
6715 9295
5013 9811
6081 9157
2932 6332
3588 8851
8369 9381
8416 825
1017 8955
3851 859
9157 6458
2224 5198
3372 632
3058 6592
7321 8179
5002 6777
3851 751
1741 2462
4511 9657
6596 9845
6797 5634
9452 7924
4634 2823
5633 6765
5226 7838
7514 6857
5344 3629
4198 2377
3907 4416
3863 7793
4267 7617
1511 845
2861 7983
7968 1587
282 3796
4738 6973
4256 7724
3736 7163
2752 6535
7695 3643
2829 9118
4238 5051
6184 6881
4835 4812
449 7292
456 1064
1748 4585
1981 6742
3371 6368
6267 1402
4852 5624
2844 3212
7677 6110
4077 6530
8208 3760
6155 6530
4242 218
2559 1013
3178 7932
2068 1907
4114 154
5339 5863
6531 7460
2735 4329
3767 5708
8860 2346
8903 767
6888 9454
6041 8764
1220 6923
3372 4620
3361 8403
1000 5836
2459 5333
576 9975
9258 3560
7895 7972
1560 6698
9022 2300
6012 8184
5258 8247
3878 183
1656 7345
4936 6920
8335 5921
8422 8778
8723 1307
4388 7990
1929 4592
6141 5453
6813 8475
9115 3938
887 4107
6040 4997
4716 9108
3117 6864
1721 7689
4417 5550
2019 5316
2676 1910
6788 1076
8085 1972
2338 9499
1753 6594
4803 5707
4420 4922
6427 5914
3927 7204
8758 7814
7954 3559
9955 5325
3795 4052
8477 8969
7172 32
8773 6523
2104 4326
5691 7579
2942 4607
4642 783
144 4025
5847 858
6318 8091
4602 7248
7117 9198
9791 3365
9780 9363
7837 9295
6840 5399
7690 1139
6831 1149
7481 4412
3601 8750
2890 5248
6566 9216
6019 6603
4555 7967
5517 1639
5075 7444
219 4037
4811 8832
3137 4980
5284 7029
1015 5405
7744 2893
4411 6875
6240 8120
5025 7034
3335 471
6585 167
7490 6460
8630 3925
1747 6229
5231 5045
4329 6405
6616 1358
4943 7796
4402 6395
3912 7056
7502 7049
2994 7654
9750 6706
9433 9510
5930 5204
9716 9044
5920 3173
6813 7362
9752 780
8941 309
169 9948
2335 1659
1941 3489
2887 6336
9614 8888
6014 4915
9609 1118
7540 120
6091 8023
6877 3977
6890 6656
1685 4034
8622 4181
4847 355
2118 4037
306 4947
784 7726
2515 7645
792 9536
954 3936
4056 4929
9319 3247
6378 859
5158 9494
2840 5577
5548 3677
5868 7065
1669 7422
7751 8287
4399 6328
7988 2043
512 3308
2549 6717
1843 9938
3264 8914
7264 7381
9652 7570
1918 9065
2814 3201
8019 2295
1520 8009
8403 6607
3562 8958
2081 7258
950 8795
5182 1583
8773 8927
4687 5697
1676 96
5070 7421
2755 9400
6415 629
5520 1699
9310 7001
3623 6177
5875 6542
5431 7548
4233 5877
9203 7060
8308 7901
4295 1278
3545 6415
1840 1264
8855 836
4952 5456
4236 7235
5882 142
4978 8074
1427 7632
5827 1374
2858 1368
2116 8379
3967 9383
3881 9868
3765 7707
8331 8541
5420 4110
3085 2993
6848 2042
2520 7681
6608 74
9244 136
5735 6336
5778 4757
2466 4183
1557 6816
5184 4772
7522 9570
5099 8606
338 6779
4286 8991
8747 5867
7578 7112
6557 9046
237 6094
4158 3743
9813 9984
8870 7371
4353 5904
4163 7995
4323 777
4412 8699
1136 5604
5513 8488
766 5805
6032 1324
8400 5476
7934 344
1263 4517
6601 6850
7442 9681
3481 6217
4339 2047
8046 9566
7789 8183
3699 2360
2563 5768
6171 7158
3983 7259
2202 5496
6544 5161
2430 930
7694 8710
1449 9581
9145 7565
6478 5709
8766 5704
7622 2835
4030 9532
6038 3838
3694 7627
2832 9554
5451 2994
7574 6672
561 1282
8773 2566
3386 4249
9800 4355
1911 5976
8915 9331
6188 3260
1695 2645
6767 5825
7592 5679
787 992
5277 8183
4535 3116
6876 9380
1457 679
7487 2071
9502 5721
764 4364
4069 5716
8007 7735
6416 5315
1856 5464
7669 1445
7142 6358
2746 1017
5234 4298
5992 9575
4108 6179
2451 547
6747 4260
6288 5143
6214 764
2702 5269
3644 7886
4290 5782
7617 5698
1925 8731
1278 4948
5634 8941
1967 4941
3188 7498
7511 9099
8853 9997
5675 1250
5673 5526
5327 4889
5466 6216
5039 7869
6960 9346
112 2074
9499 1073
3951 1347
3101 7098
1565 9569
4773 3791
4970 6291
4031 4874
3571 7370
7354 9515
5194 9153
4414 3336
2890 6339
4934 8704
4170 1892
4629 7839
6950 4820
2009 7529
1565 6549
7451 8485
5106 6946
1255 3354
6313 8851
1726 9126
179 7567
5967 5999
3897 2147
2281 6904
1006 1603
486 7229
5322 4211
5941 7932
6045 5774
4408 9654
3702 7398
2848 7523
7073 9491
9746 8617
3611 6879
1221 871
4956 6503
3397 7822
6016 67
6769 570
2390 3238
7168 6466
2316 9476
6662 4379
7317 5808
8023 1503
1293 5298
3593 3159
6755 2742
304 4969
5927 6037
4779 8913
2774 7442
2113 5976
3262 6708
8420 5461
4925 5180
3115 538
6641 1300
1270 4425
3575 9275
8418 8956
3806 6663
9355 7553
4461 5840
7878 4481
6691 2999
3549 133
8815 9760
5609 9353
2073 4604
5412 5806
3760 7900
5855 5329
4127 4395
7355 3514
9729 8531
8989 1322
6989 5379
4406 3968
3663 3106
9501 3281
5862 97
2252 1815
1882 821
6823 9934
4058 9004
6933 9540
5704 3079
5821 446
4441 5214
1339 7079
8846 9328
3353 9309
2857 7156
9832 5114
6136 1625
1745 3044
1822 258
5705 6808
4781 6194
9005 1629
4397 81
3474 3304
8097 1225
4036 9608
6716 8104
6516 7521
614 4823
4208 9018
6013 2736
310 9515
2372 5784
3836 7281
6384 6705
3118 6247
7337 2129
4473 7084
7933 8310
6657 9725
3949 5128
2274 4057
5301 971
7832 916
4029 9150
9116 3041
7496 8551
7035 7173
2627 4976
1131 7812
4779 4659
6771 2633
2422 3002
3664 6140
6054 8361
3994 4739
9149 5675
7278 7402
3541 7130
626 9639
9265 7018
3587 5031
4273 2060
8195 9733
3068 6802
7393 5029
2307 1456
9488 5612
8288 4834
438 6383
3516 4575
670 9658
3627 5574
6835 8013
4037 6906
4359 541
6607 6843
5178 5010
1909 8455
7329 2519
2229 5427
7348 317
7912 130
2593 4657
3976 5327
2947 4660
5531 6481
4327 7476
5839 7765
2437 8466
1898 5448
3233 5138
5385 7531
2678 2112
4829 6037
5565 5139
6211 8926
9714 6624
4268 6909
4772 26
3237 7566
6938 4717
2163 7422
2194 2305
2443 4214
3287 7050
620 9624
2517 1884
1429 1805
7701 9183
5814 4809
6295 2638
8332 3243
398 3401
6733 9401
2686 4177
8589 3579
1281 981
9770 7003
2496 5221
1947 3959
8019 4890
1124 3370
7083 7053
1703 1276
5087 6156
2934 8722
8811 487
9834 356
4007 7594
6164 9348
5297 7282
698 7705
3077 5859
4650 2223
7151 8476
9641 1479
7187 7352
3557 1773
28 2662
652 4970
2822 5525
2987 3606
3798 9712
7583 7288
2645 8043
9036 8431
5017 3040
6178 7273
8933 1365
472 6207
936 191
5582 3199
324 5935
5457 8802
6517 5813
6994 8892
5406 6541
7381 899
2156 1597
8988 6646
4901 6490
8651 2042
6729 7510
3912 4700
7613 131
2546 4613
2589 7235
6242 9499
915 9247
6627 9835
1304 2377
340 644
1291 3118
5460 603
4212 7971
1504 2179
8027 2228
6154 7063
3129 5499
3357 7578
1757 4695
866 2272
7553 7906
2761 2336
3822 9334
2751 6721
6668 7634
4293 9370
6571 7472
2063 6091
5526 8783
6682 4307
3285 5086
1693 9382
3437 9506
6587 7308
4097 921
7245 8153
4659 7454
7737 8615
9538 4843
7798 7053
379 3227
84 9695
9755 118
1454 4912
997 4673
2881 4871
4500 6535
4880 1572
3187 447
7285 1701
3420 655
6355 1013
4680 6358
4219 779
6624 9539
9322 3245
6166 2430
7824 7469
7239 6550
2350 5706
8699 5454
7757 999
7221 6883
9017 9146
3050 6053
6602 7548
6268 8197
9761 5399
6557 1655
5719 1273
171 7209
85 5708
3132 386
3388 4247
5079 5033
6554 6689
3668 4008
8721 759
6210 9481
7233 7135
2704 9041
366 1045
5508 7933
5181 5552
5052 5667
5995 6065
2076 5722
677 9016
8593 9218
4419 4936
4080 3292
1797 2365
6956 8668
3554 6629
4460 3927
1124 552
5438 8483
9601 8900
7197 3482
2420 7080
9718 2251
6844 3071
7052 9436
1536 2078
4824 6984
6304 6769
8470 8077
5538 591
5037 7213
3786 1515
977 5884
4868 7791
7414 2446
2262 7379
3773 650
7466 8729
2371 7551
5585 7553
7316 1093
9566 5778
2372 5975
6572 3793
6582 8682
1823 5238
2541 499
1021 4735
987 2872
3201 3174
5386 5515
5430 7278
6773 2628
6385 1994
3243 3292
9344 9354
4834 6062
9092 7268
9544 3642
2642 1503
9388 7303
1323 2282
1665 5429
8866 2653
5824 3889
7550 1515
1421 3756
9199 8949
2944 4406
8042 9975
5267 709
8649 4991
4633 5267
7609 6646
2370 8227
8045 6947
2583 4026
6201 4118
6342 3828
3403 7966
6555 674
5631 1521
6771 972
7355 3881
7091 1364
7607 197
7805 7766
5093 4218
2788 7181
4011 8091
3806 748
8986 7928
1277 6218
1011 9711
2747 9745
4120 5001
7230 8329
2626 824
279 636
3348 6592
8763 1066
4430 6102
789 4535
7392 9532
2750 9117
7980 7487
6695 5662
3000 7013
5298 1832
9769 9976
5149 7896
6148 9815
8010 9702
5508 7425
4274 8046
8909 2823
5331 7728
9565 1178
5586 6971
6747 1112
2405 2127
4750 9853
1276 5016
4596 755
7536 8856
2211 2032
2427 3313
5113 8565
8112 8679
6792 6079
6933 9236
967 4796
5086 740
1414 8225
9411 2939
2062 2784
6542 1888
5370 5639
6243 9405
5548 7860
8580 1735
1255 3923
702 9638
4798 8796
1713 3983
910 9752
4389 4841
6168 6908
9724 3412
4139 6248
3848 6035
5983 1385
2868 5526
8060 7805
2298 3158
4194 7611
223 3200
1484 3170
2032 6422
4824 6960
9296 2305
5066 8974
7134 7495
6848 6909
7261 5092
485 3587
6629 8033
5608 7981
5291 6059
9519 2727
3300 6472
6433 7569
6106 3010
4206 3541
780 3131
2072 6615
3109 6648
6057 9389
5139 3867
657 8514
474 5131
7287 9938
4660 82
1967 3687
4828 8297
7173 7850
2395 6608
8611 579
7559 8596
9973 2129
3398 2792
2635 8697
2175 8941
9013 478
6430 6466
1867 2409
5740 5265
2397 3163
9821 4889
1732 3941
7653 6100
1555 5705
550 1985
6644 7105
6501 7285
5816 8414
3768 6832
1873 8202
1610 3133
2157 7732
9866 7870
3665 4610
7853 3128
1980 3346
3832 6709
420 4211
3432 9219
6737 6370
8363 2826
2979 4928
5561 8137
4910 8850
3073 6963
6101 6546
4580 5942
825 8474
4303 6536
497 243
1352 4958
2747 2713
3214 8191
6626 7720
3879 8581
5584 900
3459 4760
8261 7113
9317 9869
3842 6484
6777 8010
4108 5556
4555 4555
7837 9158
1821 4897
5292 7184
7138 5858
2100 2447
6733 8963
3902 3478
3088 1275
5360 3504
8852 9378
5552 9861
8375 7763
1790 8004
8363 61
9800 5397
4433 1774
2813 7055
2145 4152
4867 3463
4694 9170
5580 4796
9446 6747
3425 4586
8586 9501
1757 6672
2765 2446
5926 1161
103 7121
7286 8721
2382 429
1397 5992
7355 5064
7116 4001
7900 6032
448 6193
3402 2629
8660 3047
1386 1494
7531 917
2479 7020
5281 1372
7961 915
2410 5385
9197 4275
7610 7747
1744 6692
5987 5146
3007 5082
7355 6245
1682 5814
4774 6644
7681 5183
7804 5519
121 5030
2270 4708
5274 5920
5320 8251
420 3111
1965 4826
5958 6027
984 7125
8507 7598
772 6653
7544 8224
9950 2805
6624 6497
6093 9527
4757 3950
306 622
6999 9161
4521 7766
6964 7891
2286 4786
236 7036
7194 3105
4807 1340
8731 6807
3418 6453
6271 5052
5641 684
2236 3100
286 2319
4691 6204
4172 8534
780 5227
3725 9242
2867 9854
4249 9656
4660 5440
6062 8567
2454 9163
5125 2995
1670 1884
2631 5534
1229 1912
5096 9878
6360 6167
4360 9995
5072 7720
6488 6352
6968 5878
1465 6861
2351 5493
6095 1523
4137 7334
4012 7568
3105 8584
1144 4941
9516 8163
156 9001
7279 3417
4746 8960
7267 6066
445 1641
2345 8428
8695 4614
1525 7871
9833 4433
4196 8156
1823 6518
8072 6328
418 6769
3491 4324
3773 5205
4781 2780
5730 8591
2669 7599
2433 6339
1846 4822
3766 7417
4316 5080
6243 6897
4255 9271
599 9826
2302 7926
5538 5630
8680 1851
6139 9418
6999 8290
9383 2358
9338 666
7665 9053
4776 4381
8871 3903
5630 7410
3190 7031
363 7209
289 2564
5496 7861
8132 1241
6058 9550
5206 8287
5058 7369
2489 7105
5423 2394
9927 364
8246 3972
3235 8615
5348 8636
4787 8074
8792 9100
4643 8295
3410 2496
5625 8621
2432 5029
2213 3679
3578 5463
8866 1034
172 4436
1004 7218
207 1461
3739 9208
4076 3875
1521 4475
1574 2123
8052 7354
5193 5742
625 9908
8056 8412
826 7683
5281 5562
7253 7270
3686 7867
7516 1722
9384 1912
4740 6268
2375 7194
7324 7271
5762 4680
8469 5790
4844 5399
3477 6430
4239 6753
3234 8658
7187 863
5009 2204
6426 5905
4879 4309
7862 5647
3003 1528
7580 3719
4797 8333
4315 8818
2636 458
8281 9364
5002 4537
1675 1625
1275 6084
5448 8909
9163 8964
2474 7347
1369 6658
643 5211
7365 5204
1331 3104
6582 4566
4981 8103
6264 5159
9450 898
6419 9877
4246 5146
3461 2890
6454 7619
1096 3587
3363 5472
7614 5736
8283 7063
4143 3863
5832 9972
3354 4871
9264 9379
2211 4856
4573 5783
643 7560
4402 4918
7394 6793
9985 3406
3388 5771
5334 7601
7791 1245
8164 6711
3289 3550
820 1450
4209 6674
3294 5880
5918 2670
4711 9810
5635 1298
259 2322
7248 6860
1306 6978
5981 888
6423 9608
9313 4531
4937 2020
6358 5426
5985 485
5807 8292
8725 9235
2952 6422
1610 2077
7083 3652
7254 7671
3787 5237
3599 7401
2945 4396
7881 8735
4195 9906
676 7053
7047 2093
3986 872
2139 7157
6397 1984
6973 5298
7671 5865
2163 8948
5501 8491
5484 8847
4365 4022
6674 7890
6524 2173
2765 8235
1038 5311
6196 6545
5717 4332
7890 395
5183 3873
6272 6540
4050 9501
8667 1026
6839 7819
8508 9075
5789 8786
2416 5987
5771 4982
6048 7734
991 9292
4361 6545
3100 6511
4099 8467
5191 8665
1299 6533
1285 182
7652 4673
9240 7438
4121 5903
5936 2258
3804 1995
9245 319
8422 6927
2699 3440
8440 4995
8464 3137
6354 677
7952 4682
8201 9853
4211 5917
2627 5644
3613 6641
3666 88
8767 6413
6575 5641
9797 7490
8563 8340
7169 7777
1734 3525
6771 4240
8501 1985
4311 7558
2979 5658
9835 1716
2800 8581
3124 8907
4657 8316
4596 5862
2177 6094
1904 6430
6357 1459
1907 7896
6910 2840
6523 216
1544 4582
2332 1888
6855 9441
7600 3933
2209 3925
3885 6537
5633 3922
9353 349
4605 9078
5362 7071
992 5129
6917 6239
7963 3877
5590 6669
7849 6973
4225 4592
7511 5702
1220 6161
4400 688
4807 6445
5274 9294
6914 464
3562 7173
5480 4932
6075 8525
7665 9673
4738 6695
2680 3937
8958 7417
4691 6879
8579 8781
6106 3795
7128 56
2394 3250
8034 1555
2593 2184
4698 7454
6752 7060
5484 1681
2603 9961
8700 5930
2180 4122
3706 3343
2148 5072
7194 9512
4854 5836
9654 9577
1418 5492
5901 141
4730 7463
1991 4307
6175 9011
4377 2622
5189 6701
3689 7617
6942 9533
6678 4505
5866 9316
2275 4372
2760 1906
4058 8359
7943 9320
8509 346
2015 7121
614 6619
9297 7222
5007 7461
4786 7758
5409 4502
7167 6739
6630 4585
496 2547
7206 3469
4335 8007
9280 5942
7729 9108
8266 8818
309 7164
223 7878
3077 9560
8519 1922
840 1138
9317 6103
8427 2104
7144 5987
4136 8039
4743 86
990 6451
6229 8805
5515 9233
3841 4415
5477 2296
4632 4944
8313 9293
5874 9516
7230 7343
9415 3268
5156 6792
4071 6984
7250 8197
777 4478
4595 5412
6848 7628
2944 4964
9297 3518
4376 4708
6894 8390
3780 5091
7831 8448
4507 4373
9045 5899
4979 8798
5393 7620
3708 7817
4211 295
4503 5836
1526 1990
6014 4153
8559 2599
1154 2468
4543 3262
6299 8607
6616 7496
1093 3397
2023 7468
7439 2810
7602 6480
647 9174
6463 3992
3935 265
2253 9098
5202 1218
2669 6798
2607 7640
3651 6104
769 5380
9800 1068
1715 2225
5178 5183
5016 9322
95 5291
8283 8167
6987 7947
9272 5234
9758 9823
9084 2968
3536 7672
5108 8766
238 5461
3921 8193
4757 6479
9234 7049
4810 9459
8943 3086
8061 897
5942 7514
7912 545
4482 5348
6448 6339
7196 6461
2171 131
8507 5013
7419 9135
5323 1884
6000 7990
8581 8116
577 7764
363 8744
8247 7947
6153 9925
9008 5830
4574 6576
4753 6578
3355 8000
3207 7873
2353 3531
1897 3022
2294 8320
7146 8050
2101 6730
6364 4079
5201 5398
1040 3078
6396 6017
4608 7284
5779 4328
6539 296
8877 3108
4356 2431
3855 9090
2415 7391
5698 848
4507 8750
3781 3691
5112 4171
2142 4529
6684 1064
2886 3226
6782 9449
7595 6290
5919 8256
1905 5195
2397 3708
1239 3385
9814 6707
3337 8238
5885 8379
8002 8519
3772 7082
5069 7978
5782 4881
4025 7942
4171 7767
5005 7404
7080 9119
7431 1240
4552 4426
5904 7732
1508 2620
1007 123
932 5870
9156 9423
3012 4482
2308 1397
6232 1037
6157 5293
4863 7886
4620 8882
1903 4731
9410 2779
7305 8540
7866 242
7903 7708
8701 5473
2861 7854
3867 4336
4734 6136
3558 1780
3683 2714
4419 7966
6440 2477
7906 664
2502 3841
5248 6478
5848 5719
9316 161
6091 4430
5566 3791
3838 7324
9669 2908
2514 818
1543 6508
4917 83
5736 5141
5598 710
3105 5194
8335 9980
6028 294
7719 7496
5924 7821
3209 5251
3660 6355
5573 3807
1646 8070
9010 7759
4008 3776
2744 5952
5884 5776
748 2611
6877 7163
8094 8029
5036 4339
9864 5698
3281 1582
1854 2599
5038 6105
6201 6772
8168 488
5617 7660
6458 2348
8854 8548
1601 7872
7813 8554
4423 5586
5459 6929
4485 5003
5536 2194
2459 9071
4551 6000
6949 9617
127 3300
3991 2630
1745 9206
3613 6390
884 8123
746 8647
7998 4375
4656 5356
4521 3855
5405 9271
8340 5694
5377 6994
1219 7123
8177 3192
1336 3278
3699 7840
3088 9901
2969 3305
3020 8454
9623 7035
9658 5272
3487 5567
2057 6313
4603 3412
4601 5554
7216 2524
8098 926
2301 3906
4942 6261
7729 4735
6610 9480
7909 6773
8907 3660
3055 6704
7892 8297
9528 7161
3235 8742
7268 9601
5559 8946
754 2323
4714 5858
2372 3799
5029 500
3812 3017
5287 4673
7143 3311
7972 655
7885 3167
9128 3497
869 4124
5344 1127
7969 9136
3957 459
1453 5986
523 7772
4365 7114
4275 6403
916 7703
3887 5769
7016 7161
1598 5293
2065 7159
7238 8930
4928 5628
7930 4993
2675 4055
1384 8114
5238 4541
5659 6786
6671 6200
4164 398
3971 9159
6517 7719
428 3697
3874 2810
3311 1650
2094 5069
6575 9996
4094 2180
3104 7857
1943 1409
3537 6958
8571 1969
2633 7979
1633 4078
4881 5650
5330 6708
5858 2892
5383 2370
4478 4213
6616 9889
4885 9741
1764 2053
533 2191
723 3520
9439 4529
707 2721
6326 7319
6976 1951
704 8610
4324 5853
1748 4566
3527 3479
8057 5144
4722 9282
3053 563
4498 6312
1845 190
9248 1039
3430 1452
5706 5372
8389 6943
5794 6424
5945 9037
5303 5140
1209 8206
3082 4539
8209 6423
2750 1585
3837 7855
9609 6508
6039 3195
9889 8777
4042 6503
1265 8488
7887 9526
6999 8606
4084 9129
6488 5650
1945 7429
1117 5062
2686 8366
9131 3621
65 8878
6658 9215
7623 741
856 2668
1656 5461
6477 1448
8779 3583
3519 5307
1612 3176
6739 8278
8936 3503
9168 8993
7078 4940
7220 9490
3326 7248
4560 5809
2363 4922
8924 7707
791 71
1735 9968
5589 7149
7263 5780
1442 6942
7374 7045
7697 87
9311 424
2372 9478
3638 7082
328 3585
3674 5958
5298 9723
5365 6744
4270 8463
918 354
5262 9248
4579 587
889 2053
7334 7888
8262 8917
2579 1382
1768 4092
732 5452
6179 8775
8426 9025
2660 4875
4368 2861
1916 5131
7943 7043
744 8845
1981 7475
4948 6590
5491 7741
5596 7794
835 5213
3580 5639
2434 2963
1804 6997
8139 9210
6906 4808
6047 2603
1072 6674
3711 8431
7733 2227
2141 4444
3727 3945
5487 2616
9783 7790
4688 6612
2403 4794
9197 8339
6931 677
6479 2502
2792 590
3061 6642
55 890
7406 8490
8786 524
5651 5733
9498 9620
4917 8892
4666 4880
9533 3427
6601 6292
7570 5336
3891 7220
4206 8278
8074 439
6186 4737
4919 9877
8386 2862
6185 8161
6794 806
2988 3632
4978 779
9129 3091
5906 3003
8027 8069
2686 5630
5838 6777
3997 2785
1445 5346
5079 7920
3724 2101
6623 3031
488 1522
4080 5119
5174 2946
5475 659
5814 4289
8588 7668
5406 7618
3036 6022
8856 959
2642 4819
171 660
7325 7746
1827 6821
9606 898
5139 5705
1914 5248
2683 2312
9989 3265
2547 8086
7302 3682
5483 5865
5280 9212
7739 3454
6097 7256
932 2599
3627 9886
2263 8677
5098 7865
549 8432
5212 8152
3938 8408
4296 7887
8017 7168
9055 2205
6403 7797
4250 3984
6844 7247
5008 8766
6313 5810
5713 7508
2998 6924
8161 8465
5385 9857
1431 2646
8220 5847
6391 2094
8095 1358
399 4017
4865 8407
5954 228
7966 3284
3554 5812
4717 6442
6271 1332
7021 7980
7228 7263
8788 6775
3876 8199
6777 5755
6744 1148
8996 2230
4470 4363
5515 8650
1293 981
5518 6440
8386 3856
4469 8312
9883 4776
7491 9541
3095 2214
9884 9845
82 8352
6531 5712
3547 8875
5576 4701
6882 9325
3243 3172
3523 5670
7148 9444
752 7177
3594 9751
4704 4893
722 4790
5619 6626
6913 128
3825 6129
8376 1730
4788 9623
7583 1801
5979 9305
5048 5763
3353 4040
9091 2880
4576 6707
5006 8506
4641 7065
5907 9136
5502 685
9182 6381
9337 1071
8979 1363
1022 3981
9852 9064
5820 8844
5264 8397
7737 2510
4827 7349
8437 8748
5687 7389
792 378
4566 9873
7243 3520
7539 4336
9151 4829
1119 1712
793 7140
5246 4384
7035 3756
5292 6486
3855 5324
5540 5770
9041 6805
8297 9505
1512 8409
5862 4774
2880 4075
3460 2435
3952 7098
8496 1757
4366 9596
3643 9201
1107 5916
4278 7268
1673 4341
6437 6173
4783 7898
5380 5673
710 6216
161 753
9957 4417
4301 5158
8082 4453
2927 1046
5449 2218
4132 9257
5990 6248
2591 1999
5988 8804
6045 7123
3514 4899
5215 6602
4643 7608
4760 2531
5644 1531
4253 6635
8988 5026
4505 8024
6565 571
5369 7311
1273 919
4227 6474
2122 1655
232 7075
1708 1786
4272 4123
2935 3340
5814 908
163 2222
8076 729
4156 7065
8032 5008
6563 6486
3250 5458
4376 5240
8366 4480
6103 7669
8911 79
2829 217
7581 2978
846 5675
3108 1029
8365 27
75 5505
4700 3270
5367 6473
931 2457
2867 8443
5341 4242
2993 6569
9124 9999
1891 176
3447 9139
9118 5525
2882 3705
3188 513
6 2678
6708 7388
5919 8625
4165 4292
5579 6756
5776 5580
4855 6661
6417 4822
6283 1331
4579 9651
6745 9727
7212 8597
3388 4613
4895 8022
8611 9440
1942 5846
1383 3896
4236 6521
2488 1710
6875 522
5605 7148
5307 6259
5274 8068
4584 4881
6390 6142
2467 5680
2212 8019
1567 4605
6029 8765
2256 2612
1469 9143
3863 4424
2092 7321
2293 5096
5043 2025
4393 8561
5246 8211
313 2113
9917 3850
8294 9880
2907 2178
5582 6561
5042 689
2168 5222
153 6032
3 8717
1950 4770
5677 9723
5572 1039
4952 8272
2266 2202
6194 4765
7036 9218
2764 9016
6587 5864
4108 8940
1601 7073
3875 3750
8321 5421
5315 6351
2189 6196
4339 7762
8939 7685
4745 9352
9886 4755
6701 1253
8967 284
4657 5977
6704 8088
3808 9415
2850 815
6793 7379
5293 5666
7760 8363
9790 8615
1809 4985
6683 4245
4853 7996
3273 5994
8355 3446
5607 9101
7519 1484
8408 9459
1812 6838
7963 8291
3414 8104
3543 8743
9439 521
3667 3302
5406 830
545 6235
5563 8923
2566 3405
6232 9395
1600 5504
643 6928
2546 5907
6283 1749
6614 8679
1625 1777
8267 5682
3549 6706
5801 6068
7559 8076
1131 7806
1141 4781
6293 5483
5591 1010
3500 5474
6647 7701
9818 7104
6516 4966
6397 7526
1849 9190
2255 3233
3003 7822
8187 8254
4961 4751
1093 3205
1929 5692
5372 2255
6926 6419
1575 5581
7421 8613
4618 7916
7608 8210
8919 9758
6352 2922
6223 4232
8017 8903
1982 6578
4525 5658
992 7825
4052 7131
5867 5738
2608 6222
7035 4497
3399 5031
6488 7253
6758 6848
1226 3683
3465 5735
2555 7271
4717 6888
9806 2101
2559 5175
854 2764
3603 6379
6398 8649
4555 3564
3572 7968
3284 4532
8055 8740
3562 5681
5184 180
3686 4404
2757 3446
8008 4090
7779 66
7543 8420
2493 8971
1961 4680
876 4872
5336 291
3562 1493
5358 1807
3531 6465
2434 5371
6308 9095
3525 2900
6866 4929
319 5425
2934 8811
6433 4781
7489 5056
4276 9076
4699 5466
3274 9037
2634 1766
2453 7841
3819 2155
9118 884
6979 5829
6480 1981
857 4848
8723 3509
5846 9693
8112 8724
544 6953
3737 5886
3812 4488
7091 3195
2519 3482
3047 5853
4203 7756
8200 7911
5351 5526
5731 5518
6090 8309
2049 6579
6716 7724
5709 7607
4491 588
4320 5136
1195 5620
2264 6854
6619 5549
9826 6595
2988 8376
546 8594
7129 8280
8405 6572
3666 4504
6733 9182
5822 8773
7654 9269
4166 1299
796 8597
1467 8536
7211 9113
7421 292
3028 7263
4666 6725
7155 5505
6379 5055
8746 7107
6943 667
900 3177
1005 4691
9960 1589
2939 6632
6800 6216
9771 8712
4771 2173
550 2017
3473 6458
6387 8908
4611 7297
3341 8490
4566 5797
4505 7773
6406 6154
6590 1545
7826 704
5180 3926
8533 3040
5043 7075
2759 4957
3841 4238
7096 6227
3259 7000
7345 9183
4062 7095
5653 8697
3595 6168
9426 3967
3772 5535
5228 9578
7441 1135
9672 1377
3130 7650
5271 9130
5223 5972
261 2169
5646 4843
2727 5432
5521 7063
7396 8424
533 6011
6675 7873
2174 3004
8063 4457
9269 3508
3804 7981
1516 3943
4355 621
2956 5376
5354 8239
3618 5495
2864 9988
6567 1523
7478 7042
4978 6383
4411 9453
7396 2021
7163 8872
9030 1253
7064 6126
9495 7476
1662 4010
4047 3901
8420 9029
7892 8092
9598 9415
6045 7732
5365 5987
6177 3687
9666 5614
6667 3285
3329 6923
4917 2858
5648 5817
6231 8124
3658 9579
3555 4462
1598 6711
856 5320
1386 4088
5949 8145
5446 1788
9426 276
2574 5542
4740 4901
2355 4192
3690 6097
4101 713
8527 1274
6758 3012
1651 2534
6048 4084
2234 4023
8741 156
9241 9598
4003 9832
3600 6446
1086 9299
8493 3733
4648 7540
8899 7804
1591 7421
3877 9319
4099 7971
7619 5276
9363 9601
5891 6823
4919 7481
2119 4049
2807 5618
2664 5017
2385 7817
828 9505
4131 6058
2401 9747
6254 7935
4902 724
2976 6191
5985 7481
2449 9414
3039 6247
2488 6144
5652 5507
3874 7987
8202 7946
9041 9684
235 5446
8053 7328
5193 7558
2619 6721
3505 6777
8376 1602
8090 8378
6361 4856
3178 3
5646 8294
3078 9864
4393 6458
4797 8268
7147 8165
5041 4693
7795 4710
6494 6590
5060 6103
5941 9824
1278 2907
9428 4737
5140 7789
300 7884
6095 5272
957 7659
7049 3321
4378 4204
2263 5113
4510 7514
4996 5421
2047 6885
8755 9195
4416 1584
6195 8606
7594 882
2599 5304
6040 2316
6480 373
1402 7241
4186 5215
3956 3706
1791 5252
5705 4928
1278 2452
5358 3837
9697 4214
8815 7209
6743 6731
9909 5790
3628 4227
5870 4133
5357 3319
1754 58
1917 7175
4300 2819
9962 5801
6880 1488
5983 5178
9869 6512
2469 2174
3576 1448
784 4293
2355 2045
9894 45
5466 350
7026 1848
2903 3018
5662 7055
2329 2931
1269 1719
3878 8966
4026 5454
2928 2967
4263 5101
6621 5303
7770 6035
7560 4993
5120 184
6436 1056
2444 6910
4176 7963
1659 6869
8816 9271
9851 8440
1671 9589
8318 4564
4846 7155
2602 4207
6148 8883
4276 4824
6794 6291
427 9643
1720 5401
6892 8519
5238 8029
8600 6734
5501 2023
1581 7457
5361 8136
2777 1885
7071 9164
6123 2006
2917 4339
5549 7369
8840 4393
2931 2702
8893 3990
6920 9907
9082 5094
2800 8490
4164 6932
592 4970
1190 9800
4082 9522
2229 4244
8237 1676
4503 5314
9608 306
5649 9720
8537 1564
951 4391
9437 4746
7403 9744
2036 8336
3003 2941
7211 8002
8102 6978
9124 5454
9320 3114
7857 8113
7753 593
4642 4210
3444 6969
4084 5380
5899 8676
4999 4713
8674 5110
4892 5553
4480 6777
9416 9130
5105 5782
6975 383
8430 4605
5809 3885
993 3583
1545 8526
8828 4880
557 6170
2759 5711
6830 675
7107 7076
5631 8578
406 1692
154 9550
1784 32
5216 5892
7048 6617
3412 7151
2992 5774
1621 3946
6096 8156
2390 1010
6534 3134
4362 7673
7798 1601
4938 4571
5199 6827
4482 5523
7646 3984
3514 3082
4226 5274
7326 7914
8493 9454
5298 3278
5685 7888
7432 7788
6441 5427
7105 7393
7935 7362
3529 1562
4148 9676
8859 1294
309 7636
3101 6188
573 7416
4198 4020
374 3271
8517 8885
2279 5743
3881 5777
7833 790
8581 9580
90 4680
9353 7292
5528 2706
2174 8780
8509 147
6074 8248
6051 5083
764 9333
2421 4348
4969 6512
1691 6983
5077 7506
4837 5538
6577 8926
3234 8019
2869 7369
6778 56
2225 4823
1161 8107
8507 6732
4994 395
4190 9231
6929 5971
7319 8637
8162 7865
5383 1375
7490 3271
9876 5373
1968 299
4576 4958
5399 7920
2749 8219
3005 3715
2953 3525
2124 1751
5924 7741
7269 1474
6095 6805
4708 6955
7863 7811
432 3894
8243 633
3512 5101
2373 8992
5917 6691
7642 6536
6059 5054
3473 1093
4691 198
5289 7472
4033 6385
2515 3046
2134 3620
3414 7050
6094 9562
8072 6362
1085 3590
2996 4379
2333 3806
4399 5930
5605 9411
1993 3886
547 9549
3098 6763
1678 5164
384 6000
9083 5416
1034 5358
4957 5039
5856 2590
3899 9269
6829 9512
628 4266
361 8123
684 5595
8739 8881
250 415
4577 2953
3751 5843
1069 4130
8445 446
5324 2823
1544 9499
9670 9511
7336 6818
6711 350
467 655
9128 1765
2287 2080
4579 7176
2300 9374
799 9880
1384 4383
434 2814
2024 579
1378 404
6735 6197
4487 5493
5564 4888
5938 6792
1955 4478
1339 5966
5031 116
1171 5564
4710 5888
7400 7876
6003 9028
6433 8612
5302 3733
3445 5395
7380 1481
5026 6538
9379 434
2615 178
1742 6706
3979 606
6764 6847
3013 6640
707 3780
2233 3267
3788 257
3077 1148
3297 922
1672 8074
8676 9443
7623 9587
6104 1216
9311 1444
7542 5205
1390 4281
6749 4751
7716 2059
560 2548
1888 3511
3462 8142
4138 8196
406 1815
4650 9768
7355 5234
8070 7660
4009 1077
2309 242
8246 4624
6306 6517
3518 4142
3980 6159
6411 3042
3544 8746
9559 9372
3648 6588
9789 8787
5157 2644
5984 9512
1325 1280
2512 3287
2380 8766
9435 1240
5513 8816
8623 9929
6663 5720
2726 5094
6456 8396
5028 6034
6138 422
3815 9976
6147 363
2149 8092
5566 7901
1468 9801
3328 4394
4825 2160
3410 9122
5541 5225
7824 7872
8837 7777
1633 5071
3470 5093
660 7655
5327 8800
7576 8416
5105 7704
8143 5531
1746 639
7441 1812
7046 8601
4071 250
5822 3531
6195 6516
1420 8467
8493 5994
9074 2778
4311 6732
6009 6511
4849 931
4557 6909
3244 5288
5391 4368
3135 4298
3358 3818
514 4581
3794 8320
1758 9751
351 7448
1769 720
1101 2018
3926 1013
8131 1346
2224 8884
42 9029
4768 7600
9166 4945
8768 3852
6882 2598
6408 8340
6241 7934
3796 7211
8096 9057
3686 3552
1763 2608
5775 412
6817 9383
9515 3907
5571 4554
6412 2918
5060 6738
2565 6386
6074 9231
3976 8323
3907 6466
1646 7550
1684 3375
2519 9838
6638 6536
8924 8929
3339 8116
5906 7782
4927 7498
4222 5696
5027 7850
8063 9014
4732 3997
7014 3
59 1236
5762 6205
2989 7077
5757 7258
4064 7365
1333 4033
9588 3967
8620 9174
9453 1298
5604 785
504 1478
5147 8911
2981 7374
9522 8753
3739 5969
4903 3074
4372 4835
9386 6613
1423 6070
2405 7857
2207 6115
8721 975
4145 8993
398 1846
291 3706
5245 8557
2308 4891
7982 7173
6624 3594
6145 9487
4056 5164
6739 7193
4798 6003
7313 5738
582 5696
7736 7827
3648 616
4864 5539
9386 3822
7464 4335
406 6113
7443 5215
5017 2519
5524 7985
4161 6735
8817 2618
4202 4292
5627 8342
281 5825
5713 1212
4147 4743
3363 6058
5974 61
1082 1952
771 5177
6220 4897
7842 5849
8817 7182
2015 2241
2909 5901
2858 4623
3945 2491
8375 3171
3313 2399
393 2615
1563 6402
5100 9309
4305 9600
1370 1025
6191 7592
5203 9932
4414 8725
7017 8573
6451 5718
6263 1466
1405 6351
5137 839
5861 8252
7056 5424
8384 2186
1761 5353
7445 8094
8794 3518
5883 8886
2927 7193
5499 3527
8420 3950
7477 5309
3621 1868
8173 9708
1963 2198
5571 9186
595 3233
3935 7023
7477 4612
7475 3785
9251 8321
5341 5583
5690 3485
6354 5222
9289 1379
113 4226
1033 9070
3667 4333
7479 7933
1500 8950
2002 3455
1785 5672
3424 6268
5850 6749
9727 8492
8041 6774
8809 3384
2103 1120
4737 6734
2629 2627
5559 5085
4131 6924
4457 7848
1919 5914
1343 5983
8478 7054
7048 6568
6557 6974
7879 7139
3392 6598
6746 8566
7572 1734
3903 4306
7327 6747
393 455
3774 634
7037 9654
5170 8413
4497 5395
8361 8697
8670 3036
4308 9845
5263 1141
6831 3025
7008 443
6858 9049
6367 9980
6465 9091
5486 8016
9031 9286
7881 1913
8710 9645
9354 6943
4561 2683
4627 8147
4317 7692
3289 6432
4731 7157
8854 325
1823 4946
5898 8202
8173 4286
3844 2345
4131 5327
1271 4096
3421 9072
847 6249
2638 6219
2249 6407
5401 1101
1646 4653
309 8071
2060 7639
4369 9521
2591 630
5201 5887
8095 4487
1403 3848
5135 7748
4885 6819
200 5805
8455 9610
8699 8021
7263 4455
3880 7650
7369 7362
7094 1007
7357 8062
2188 8332
1762 4962
7627 9993
223 4718
5078 8395
8302 8856
4713 9465
5105 5788
3818 5351
3358 3646
2124 8468
4211 3296
6707 5270
5088 5555
3314 2785
7256 5512
2413 9739
2802 6582
622 1138
4947 7767
2146 2979
5071 892
196 9782
7540 8775
4262 4816
6425 5183
2636 2698
8704 8354
4920 3217
7757 5218
5976 5478
2297 5376
3823 1628
6154 1283
6807 9018
2565 7490
8621 9874
9292 4831
502 1355
5366 8235
716 2223
6108 3395
4771 2612
8485 9582
4817 5697
5076 4645
6191 131
4977 6100
937 7002
5279 251
5085 2600
3807 8584
4464 7393
5166 4696
4601 7627
5960 4934
9029 2340
871 1292
1788 2684
6879 6372
6281 6719
9378 8536
5880 5328
5174 1150
9757 6317
5766 4408
1747 5140
8641 8098
8572 8264
3256 1196
3854 8470
832 3942
2915 6272
9969 2537
5846 738
7409 8657
1905 2585
7975 7119
454 7675
3951 5033
4450 6666
7102 3932
841 621
3144 4415
8230 4312
5322 5548
4074 4285
1006 9477
199 7691
5613 8622
4813 4745
6672 9316
352 6822
1227 4053
5065 5905
2675 7067
6949 4871
1918 3412
3229 6192
64 6311
3380 5543
1564 9192
6832 5639
2770 3813
3185 6472
8845 7873
443 2035
4811 4281
2336 8782
3851 7356
5970 4913
6665 1274
639 5185
7411 9200
5979 7362
4001 8734
8392 7086
6028 7254
5040 3178
9283 2864
5448 263
3851 1061
590 2933
7601 7267
4187 6645
2805 4399
5726 9518
7607 6523
9412 241
8333 211
6010 151
6197 8645
1243 9621
6234 5265
4179 6417
1791 5410
7930 1147
4487 5486
2213 5813
4386 2401
1440 9798
4943 9674
7068 7009
5177 5411
5815 7388
1584 6773
3301 4808
6778 5486
670 4632
2003 5939
1378 7873
6450 9067
5484 4484
3140 6553
9404 255
4617 3623
4997 5830
6539 8479
7958 175
2556 8380
6415 7366
9447 1729
3741 8540
1733 8572
8882 4172
4221 5730
1865 7708
123 9845
4772 6772
2946 7747
2709 7511
3639 8613
6496 8085
5997 2251
4908 7720
2378 8350
1689 2355
374 2085
8334 8517
3265 5820
3922 4592
1530 4698
1171 564
2165 8592
2567 6128
2455 4904
6407 6821
7023 2889
8287 6082
6626 6636
4040 4476
4231 3024
2379 5030
4526 2649
4624 8553
7635 1322
9697 6976
4954 7906
3697 8809
3791 4243
4481 2246
2401 3570
1986 8724
9851 4302
5985 7720
2794 6655
7536 5988
434 526
8913 1888
9067 1308
5276 4937
576 4029
5737 8944
908 1240
6360 9108
1516 5526
1698 7223
5951 7368
2188 8026
9774 6138
2626 7205
852 6421
2092 4302
4762 2339
5531 1618
5516 8436
4815 7571
5145 9432
6994 7357
4924 3313
5146 6129
1211 9225
8354 3963
4725 5439
1964 7597
1009 3469
1551 5738
8194 4950
6968 3934
345 9841
2481 6059
8398 8099
9349 6335
9976 8190
1770 3688
4278 8897
1733 359
7863 4907
7945 4451
2057 1422
787 4830
4759 9880
9149 6812
6040 6072
8818 6712
1610 7728
4363 6389
7136 9129
2537 948
1048 4763
36 64
5894 6139
2402 5863
7988 1882
706 5120
4426 3533
5019 8477
3660 5720
5353 6552
6504 5896
3773 8751
4533 8210
6544 8449
5897 4666
7523 8504
6389 6360
2022 8853
9061 3800
2333 5224
5870 1944
4225 2738
5178 1838
4632 6997
1872 6182
7066 5124
3448 6429
4311 8524
3908 2923
9688 9802
7834 9025
8613 7972
9814 6945
4677 2323
198 8022
7053 1226
7113 5441
5060 5242
5605 4547
5159 2740
8359 7045
6447 4570
1860 3273
6141 2019
6397 6146
6373 6957
3902 5979
8368 8154
5464 464
3187 4657
8498 6170
4888 3916
7520 6717
2348 9520
3757 5224
9770 6972
6267 680
4630 6546
3964 6685
8453 3623
4757 3618
405 8900
2063 7294
4079 9826
5801 8205
4851 8356
2110 6322
4738 5446
224 4250
1623 1077
2830 5722
9746 6978
8395 6260
5484 3815
4626 788
3815 6696
1661 1490
7841 5859
1250 8271
7742 9236
7572 6344
4157 8917
5406 8833
3409 4099
3210 8585
5672 5047
3881 647
7371 7909
8398 9698
33 4385
1894 7568
1417 5428
5145 5917
580 3736
5275 9144
5048 3769
1040 4660
536 6847
4290 8291
8679 1844
8188 4990
2983 5401
353 431
3398 3630
5521 6325
3021 4875
6503 8829
2678 42
1498 9271
853 3642
9221 7883
2655 5922
7980 9548
4262 1116
92 8361
3089 9826
5265 3716
3926 7061
4645 5728
5176 7579
317 7432
3586 9356
1004 7315
8344 2254
7672 6520
2256 4267
6577 8239
3941 7719
4408 5613
5252 7695
5684 8143
6255 8898
3020 5767
3013 8797
1638 6261
5705 2015
3100 5238
5192 4382
5792 6104
4279 5620
4942 4621
6125 9138
2916 6999
5008 3928
6408 8443
3190 9490
3656 100
5247 5378
5308 6822
4551 427
659 1264
349 2499
3248 5415
8961 8857
1529 8704
4493 9763
9338 1381
6724 6033
1390 4344
4213 260
5357 4849
6237 172
3613 9569
3610 7285
7835 5870
5261 307
5331 7950
5632 9110
6991 7437
2157 1833
5163 2889
6329 4204
2408 9938
3891 3376
2800 6032
4505 566
504 9044
153 5030
4838 3829
3604 4716
5548 9358
746 3450
5976 3806
4169 9224
5306 6455
6125 3111
8771 1609
3165 4157
3786 2518
1862 2958
3267 5336
695 371
9349 2754
1677 2912
2971 5230
7294 9800
63 23
4935 5064
4843 1045
8732 8541
8336 7558
9910 5544
9504 4856
3002 1668
4247 9278
4039 6094
5072 8866
4218 7530
4026 8757
9482 4464
1741 2802
9320 4402
2233 3493
3150 2441
6902 9703
960 1190
2228 2102
2522 2320
9113 7226
7812 4905
3362 1664
688 3067
3243 6402
583 7740
1041 7800
9460 2732
1624 244
4440 7326
9398 9667
4030 258
5668 1935
7504 7246
5484 2757
7995 7483
3589 1683
5734 4891
4773 9054
141 2682
4203 4242
2720 4159
8965 9677
5465 6837
9756 8449
8032 612
4438 325
2226 3974
6075 8459
5419 9057
4634 6801
5215 8998
7992 3815
7941 8953
2328 8078
3060 9919
6515 6866
8628 4672
3640 6064
2366 1136
2512 1190
608 4726
6642 7765
5748 5273
8134 5803
4777 7738
5725 6494
2763 3000
9318 8478
4406 103
4364 8737
1936 9149
7594 6468
1997 6355
5875 5391
4507 1811
6757 4318
5167 5304
1101 9223
2999 1183
880 9224
3287 6016
2850 2780
8042 9489
4771 2042
8467 1266
5214 2733
2010 3678
4594 3550
4542 7524
1470 1455
6401 2939
4842 8230
5078 630
2722 2608
7284 253
3285 7380
9885 5956
2599 4837
5711 4828
5087 8155
5804 2023
3128 5339
3811 4578
6452 7199
5161 7286
6672 786
1559 8599
1968 5091
2198 3338
6062 6640
5762 5826
7728 6551
1960 8017
3525 6449
8644 9152
5203 2048
3618 3378
2859 5312
5672 6956
7640 4573
2170 7719
3696 36
1167 625
0 4720
5346 784
2163 1529
5786 2224
6028 8402
355 7513
9431 9094
3988 6681
6089 3430
4805 6674
9533 8095
5329 5139
2834 3804
4093 2718
9971 4241
5962 5725
6760 9906
5595 6197
2424 6794
289 369
7010 9788
2908 2413
5936 1242
7221 3592
806 5705
6005 4496
2478 5983
7507 4592
2466 2482
3116 8714
3687 3319
4468 5116
3064 6080
6549 8531
9830 5591
5684 4791
219 8015
9391 8109
5418 7035
5795 5561
6758 4854
7005 6946
5266 4170
4598 7683
9459 6415
1264 116
5811 9073
5663 4745
6153 4343
4389 4247
1536 5190
9674 2058
4312 4966
6170 9127
3372 2358
3920 7825
9118 1547
3770 4619
8211 2563
1853 3032
2444 7637
7466 2860
8974 2707
9400 2586
2142 1041
4050 6780
5455 9387
3896 4098
519 7973
1639 8004
8674 8723
3525 2061
8255 108
5832 7280
3005 2025
6538 7442
4121 9935
5671 4824
3560 742
5736 5478
5222 2224
7892 9747
3628 8955
9822 6843
3315 2079
1920 7478
5975 5881
8569 8390
357 6877
591 4075
3269 5531
7510 7551
5111 6944
127 5368
605 3192
3468 4428
9560 8684
4612 5984
5551 7889
7409 4880
8585 3796
5090 3744
7568 214
6414 7217
8374 1775
4287 4588
1969 4872
7772 5090
540 7240
9592 2085
4044 7984
5876 115
9890 695
4984 8084
8110 8239
5899 7417
4483 6341
4901 6100
2260 3479
2554 5912
5260 9645
9830 1324
3376 6249
1099 9274
1887 6617
1997 3779
4719 6968
8967 9472
7935 6787
5431 6386
3834 5235
1260 3607
748 7633
7443 582
1964 9321
2759 5391
3906 7474
3283 1870
4860 9953
4333 8221
8068 9423
9243 1890
1913 6215
2723 9238
1037 2114
6912 1454
8150 7856
402 4986
4061 9576
9973 9737
8132 4954
3325 796
1242 4101
2115 9624
6141 9541
3923 7023
7348 1058
7175 349
3644 145
1925 4252
3313 7215
2483 5711
6359 6852
7601 7812
1258 5105
3294 8491
4706 7647
196 9603
860 198
9176 5245
6328 7515
233 8852
6005 7276
6543 7854
6205 5580
3760 6052
7241 9589
8581 7408
6678 1784
8018 4262
5919 7882
4594 5204
1993 8546
6890 1374
1771 4040
4942 2652
9669 6817
921 2786
4606 6611
5247 3638
4173 8449
231 4739
1764 2953
1851 9257
171 1692
3980 5287
5141 5844
1767 1423
4323 7575
8788 1941
4467 7741
5019 8483
9286 3093
9437 2508
5485 4462
2391 2539
42 6250
8144 6871
8342 965
2144 5816
4521 3897
2067 7784
252 6208
2554 7148
4034 6933
4806 9664
5441 7960
608 4796
310 901
3155 2534
892 7938
3263 6497
8251 904
7908 5934
4155 9330
17 4742
8876 5342
7296 5821
6050 8539
3953 4621
5491 5808
4412 6074
8729 3723
8721 7740
3542 9601
8070 4023
6910 4859
141 95
6620 1084
2036 5306
6796 6679
8340 8206
7968 8563
7666 3502
7709 1923
534 147
4527 4088
8572 7630
7612 5373
246 619
7637 6598
5431 1461
138 8670
5668 5309
2904 7987
2511 9224
4288 9525
7956 9734
6199 8099
6574 7976
4177 7967
2798 5009
551 2544
2067 589
2364 8918
4267 7143
8154 2286
4245 8781
8328 7017
9284 5893
5455 8705
6625 8099
9388 8202
2638 5895
2060 3703
6040 8577
1668 1607
6160 9433
2122 3800
2992 2865
5832 8584
6335 8912
8248 5839
179 8512
4672 9541
9344 9798
4099 5414
1948 6104
5033 4006
2990 6710
5731 9003
565 5141
8042 5747
5830 765
3617 5532
6927 1566
3733 8861
8844 1123
6805 822
6386 5039
2160 2553
8125 2604
8751 8250
6594 7176
7140 5134
252 7323
5944 614
9987 6362
737 7072
1612 5057
4258 5541
9003 6606
4927 4653
4470 8578
7787 5820
8061 875
5143 7516
2354 7922
9251 4469
2746 2380
3897 5925
1452 6370
5461 8858
2362 4605
4000 4104
6460 7845
6044 282
7334 2185
4872 1818
8772 7746
9718 7890
9550 3058
6737 101
6150 1095
1323 5559
6901 7379
636 8039
1218 8660
5913 5474
3719 6282
7728 139
9419 1154
3482 8032
7486 8190
3453 2901
4789 7660
226 1388
9104 3250
9761 7684
6371 9671
2781 6120
5601 8477
6544 8552
8368 2283
7320 3589
9380 8379
4301 5748
1007 8611
9271 8099
1124 5749
6559 2565
2092 5157
3287 8974
3578 5245
2750 8769
4169 9096
4100 7276
8417 7894
825 6769
5034 9022
4677 6506
8666 88
6891 5761
4945 26
4418 2724
5203 321
4380 6404
2200 4932
1084 5774
7986 8623
1260 4724
4310 1622
3013 5341
1577 6996
833 9467
5702 5872
3930 9335
2820 1620
5200 9273
2117 9727
8335 5986
7294 6773
5258 6218
6077 9024
8668 7852
8341 7457
305 9819
4067 6428
7525 6827
9366 2188
3607 4228
3319 7208
9069 3887
5380 2572
9791 5040
8478 679
2093 3977
8531 6692
1547 6204
5831 2444
1372 9061
2354 8340
5030 4273
6233 9671
3946 7319
1535 5160
4951 7777
5062 6827
9241 5754
6008 7459
6546 8037
8087 7078
9453 4132
1959 2576
4426 5798
6314 5822
6769 6631
4324 7628
6801 167
9483 5300
7790 1435
1651 5469
4049 4131
8698 1058
5539 5681
5093 905
3666 9735
9867 6579
2346 6381
1516 9832
2073 8208
3955 8562
5365 7083
6395 5908
8168 3057
3095 6068
325 8995
3260 5381
6432 3696
4237 8746
5148 9835
3933 8520
4962 7874
2288 5342
939 3273
8133 7277
7644 8281
5512 5574
2260 813
1167 3625
6652 6486
4742 7053
4270 7768
7231 7590
6038 8249
9473 2477
6948 9867
253 8021
3787 5032
8892 6403
5245 332
170 4990
