4127 6268
7795 8692
9037 9652
9092 8090
6217 3353
6437 3127
7889 1682
6928 3859
9851 7132
4116 7543
6201 1315
902 6494
3042 6352
6928 3751
1699 4034
5250 9579
6117 3014
7718 7024
1116 2666
3390 3773
6793 2479
9644 2200
3303 4299
2885 339
1405 7320
4001 6263
8619 3611
7 407
5407 5833
7889 9858
6783 9496
5886 4784
9425 4354
3947 7087
7139 914
7188 3250
1017 5531
2524 8711
7797 7946
1274 6850
4003 2673
6062 1869
1017 4713
7827 9774
2 7889
8775 3282
7598 6689
2101 7423
8392 5917
9938 5238
9025 5951
8141 4470
8552 4041
1819 9551
7473 3782
9398 6950
7118 4493
8762 9368
3139 6085
9180 3465
3655 488
6909 7473
3762 2277
6408 4747
9071 3680
5957 381
1204 364
7011 7642
3558 2110
3968 4344
1592 1240
1770 7928
8424 3845
7853 5197
3594 1780
7096 4171
4447 6836
1785 1648
4047 7885
6626 4407
8840 7449
6968 5275
2990 6109
8129 4849
5886 8919
557 7803
7503 1125
3741 4701
7476 5866
4063 8135
2141 4972
2156 5738
4480 5390
8245 5158
5453 1587
4811 2120
7381 5992
5822 3147
6087 4613
7282 1260
6449 5194
413 1513
2433 5507
843 1097
1462 7262
6937 2016
330 1515
3553 8921
9736 9094
3110 4150
7720 4761
1452 6695
8599 3683
7381 7281
4325 8619
4133 9617
6989 1509
36 2586
1238 2915
5255 5227
7328 4358
1275 5426
7884 2132
3044 3688
7479 4527
3088 7895
476 4026
3178 5839
260 8602
6708 893
6536 5253
7537 5821
7348 701
6567 2287
6584 5674
7800 3427
6652 7764
9390 1421
8373 6443
871 4568
5297 4833
4343 9911
1714 6132
7612 2975
7099 1407
3136 3990
9421 8183
8972 1675
585 3514
1158 2881
6958 1367
2873 4290
3310 4291
1069 9225
9322 4124
9412 8713
5797 702
7482 8584
2926 7455
1381 6494
4584 8064
5808 1507
248 4888
5943 5344
7708 4093
9488 4399
462 4359
8620 2374
8317 6537
6235 3422
8925 1926
803 572
6205 8619
1593 6097
9466 5929
893 5871
8182 7372
5231 4333
5526 7368
6016 2802
7447 6630
9346 6170
8163 2821
8779 838
7415 6799
6708 1982
9851 3538
6391 9630
9622 5822
7458 4294
5133 3636
7222 8632
722 4258
3451 4511
7170 2965
4123 3857
3403 2979
9836 5084
4894 213
439 4320
8041 8792
3870 7999
8049 6172
449 6206
9070 5443
8526 7265
9429 128
7283 1916
8487 6519
4188 2508
5040 6925
6119 8150
7017 6082
3056 2130
4923 8740
7160 2640
7182 184
6170 1901
6147 6613
1579 2737
942 9764
4443 7056
5179 5663
6051 5629
7788 4545
9185 9314
8840 1143
7408 8461
4209 4795
4599 7195
17 2896
2773 4006
8442 7405
7778 1763
3099 8377
9384 6612
2881 6168
5887 6177
9596 8373
6017 7455
8679 299
732 6345
6831 5164
8784 5950
8136 6143
7229 2995
444 5834
9273 6528
7263 9143
8114 4785
3732 3543
2021 2519
787 7341
9314 5482
2989 4667
3588 6652
9223 4024
6729 4082
8972 5610
6950 8925
1905 5582
9193 6252
596 6820
7948 4765
5035 1722
5921 1815
2242 8129
950 2393
9015 6596
1836 5640
7273 2088
8718 5033
6180 884
5125 8152
9813 8683
7541 5407
5843 5399
703 7188
1756 5243
8664 2474
8861 4974
4876 5704
6639 8056
2723 8536
8733 7798
6463 7830
6303 3411
1725 3957
2688 4233
7647 5257
580 6434
6499 1902
6545 4233
4734 6536
494 1671
2706 9548
1819 7998
5355 5836
6585 3524
5379 2258
7223 4040
5580 1753
9841 6906
6534 8662
3296 5822
999 1025
8562 8050
1001 1071
7988 5011
7243 8075
1549 4323
8581 3081
5121 1589
8264 7575
7832 3451
6299 5008
8789 9611
4773 7938
558 3655
1812 5901
9327 5759
2772 2910
9170 4994
820 5237
5905 4946
4775 26
1663 5633
9787 9019
2919 3495
3372 5133
5744 8761
4548 7954
7578 5395
9791 5354
4832 5498
8180 4039
6303 7412
4823 6617
8768 9807
6284 525
4000 6809
5321 4578
7062 4993
5738 2917
2334 1771
3968 1986
7033 6103
7427 5993
8884 6841
656 7047
329 4208
6660 8746
3170 4608
7053 8677
4429 3256
5487 6610
5542 2345
6020 657
8543 6669
840 3084
3720 8165
415 5564
6694 3496
5634 8471
5902 6973
7178 9961
5583 4224
8410 2999
9996 7704
7659 6514
4419 9455
6791 2008
1677 7233
1457 8398
5458 9948
9264 5395
6599 2188
8292 1852
1647 1059
4957 3775
6048 9898
898 9050
4957 4943
724 5450
6875 6903
8435 6223
6649 4116
6471 5278
2246 3431
8132 9339
5375 2608
9576 5495
1903 5199
7049 3161
9089 8265
9020 6216
9204 375
9457 4756
2578 1810
3231 5115
3401 3540
2186 8641
6799 3925
6093 1962
3271 7402
147 877
6690 4288
1724 5964
4131 8381
1642 8783
1843 6558
7606 2947
1856 377
2432 3691
8963 4611
4169 2607
3274 7161
2651 1520
6154 3611
1084 8613
6655 2846
4965 484
6267 4427
799 4199
4818 3174
7104 7553
9377 3325
1704 6907
9615 4779
8232 4405
5633 6891
3845 8387
9330 9521
8635 594
2365 3354
8754 9819
3577 3913
9845 4719
146 1927
5245 5210
3089 4324
1600 5924
4883 6514
6929 7942
2569 3241
7417 3007
1988 4693
209 3565
2063 3820
7868 4865
7216 2724
6345 7598
7788 4118
3123 6200
7037 5647
7597 9919
4701 4830
86 6733
4248 3276
9566 2513
9812 7938
5820 4865
4975 6530
239 4696
1330 1057
9301 8365
8497 1666
5280 7516
560 2465
7130 832
5743 3197
4 1954
8450 7569
3219 609
6116 9077
324 6510
6674 673
1895 5888
3211 3350
6095 508
8997 3658
5792 6105
2198 4384
9846 5037
7454 5372
7299 1822
8842 6120
5975 7101
4932 6536
7783 6486
8571 3792
9042 5363
7253 8886
2982 6923
613 6747
116 5123
4650 6678
6157 7118
8471 7129
7378 7726
9703 921
7841 3700
4301 9126
5486 5085
5372 7952
1375 2320
9515 52
4702 2007
5644 5378
9341 6288
202 5553
6859 987
7206 4478
8563 6142
212 7180
2153 2479
9223 7356
6153 2114
8938 3696
663 6005
672 2563
8640 1006
8073 8735
1347 7576
7398 4661
4600 6523
3374 589
3799 4030
7787 7856
8314 5572
4087 3615
1184 5195
9135 2008
9790 5615
5815 4468
6556 5900
9640 9993
4578 5020
6773 9806
8917 4121
8701 561
373 9194
271 7197
8614 3302
3313 2019
4785 5885
7724 4672
4666 716
8101 3841
1363 7021
67 614
356 2208
7205 6672
2844 8199
3871 5033
7806 3105
6460 1721
8153 2287
8653 4596
9331 6460
5312 2503
400 7862
8853 1853
5973 2922
2539 4314
7833 6375
5811 3503
9821 6859
7030 5233
4070 1849
5856 3690
6609 6637
415 8520
7135 5700
9423 8920
5980 5648
6744 3829
3960 7575
3253 6407
9781 8106
5653 6192
3361 5711
5253 8473
9372 6595
5332 4565
4622 4819
5888 2918
3369 5427
6939 5064
6663 9101
3007 352
165 3339
4811 5859
5138 5988
5539 2885
6941 4477
5795 5736
4095 700
698 5946
8031 4107
9245 7183
9257 4268
2835 5735
7344 1864
98 1605
1046 1115
1787 4008
7009 4732
9894 9928
6092 896
7518 4609
7203 3322
9919 5262
3537 5145
6244 7265
2587 6693
2733 2317
2970 5936
2921 4997
8454 7569
5850 6035
6491 9249
9307 7377
7022 4162
7627 5962
3478 2713
743 430
5080 3915
1269 5320
1267 4227
179 9369
6309 9716
2756 6047
7443 2475
22 4430
324 6754
9197 1331
6763 8085
9943 663
1644 2120
7449 2936
5144 8114
5374 6590
8503 5996
6681 31
5560 6191
7339 5629
2330 3966
6779 7921
6937 5097
3050 3797
5871 3316
7547 1498
7680 8709
9280 3449
397 3660
9729 9139
9470 8161
1189 2842
8809 6200
6560 5123
8744 7468
291 416
5815 9813
2176 4680
6643 5242
3217 6781
8575 4168
6999 1908
9662 1807
4984 5347
4937 9436
2237 3239
8875 7025
3037 5803
6276 4788
6079 7657
7183 510
6845 1683
8765 6493
5440 8838
237 6141
7238 5549
8757 5326
3315 657
7193 5025
231 6511
8255 8498
9705 1988
7296 4894
9299 6669
4707 7280
5220 2432
8730 9666
5830 4347
9465 4342
44 9896
5008 7127
9472 6452
9191 8196
8809 5879
835 2703
3904 8474
8059 3846
4028 2124
7764 8358
4627 5836
1649 4384
3665 4701
6906 5331
7640 7770
7988 8224
5387 5416
6368 4874
4988 9871
3472 9611
9458 4581
1780 8600
371 4238
1728 3458
9948 4071
6147 337
8896 4440
6488 8443
9136 5590
3885 8100
3831 2616
5575 3265
5611 2693
7481 8554
8361 6883
4536 45
9491 4892
7304 492
2042 369
6140 3572
8080 5557
4826 8896
3589 3096
3826 4729
8982 9566
7729 1314
8009 3812
7565 159
1475 6758
6727 6644
9135 6253
9568 5317
4592 1387
8115 6574
6913 8167
2345 5752
8595 2717
8309 6561
6091 4797
3979 2971
7227 6004
6050 1009
7116 6173
3176 8245
9306 4391
5846 2936
88 5615
5454 3580
4932 1963
21 3346
758 5036
257 6740
8538 2196
958 7955
8764 6336
316 2072
8423 6272
735 3453
7705 1333
7908 1921
8582 3592
6820 7477
2990 790
603 3943
8202 8676
8796 2733
5248 3609
7816 6883
7253 7709
4389 4787
5693 9328
4671 1238
3246 4543
1618 6028
8369 9203
8809 5008
8 7567
5109 5786
9043 6114
7630 6770
1015 1426
1668 2708
57 7809
9319 3430
6294 8282
8494 9440
9574 5871
4216 4054
7997 7358
414 5050
2583 6363
2476 1053
8213 7592
1029 3781
7168 3948
2923 5421
786 4548
4459 7087
106 2695
2184 8357
7884 7659
5766 4096
7359 4539
5536 4802
7702 4649
8963 3636
9460 6657
814 688
8896 1596
8138 2183
6506 8393
6990 1272
8059 7902
3789 1468
4234 6285
4932 1897
8194 664
5018 1671
1641 3368
6398 9920
4863 2965
1205 3969
7474 5643
4392 4777
9053 2990
823 6533
5408 3933
1466 977
9325 2631
5324 6450
3586 3337
9023 1771
7266 402
8184 447
2496 2956
6854 5561
6089 9636
1452 9565
7500 983
3565 9586
5444 3253
824 1365
6738 8998
8373 3244
3956 7606
5565 4418
4023 6384
2813 6396
6925 3118
6587 6506
2225 2210
7925 5942
9086 7731
4904 4268
3470 6787
569 2549
6974 9517
8146 1107
7431 4508
5640 108
9883 4749
6350 6162
6138 3539
4401 3805
5765 6411
9030 8859
7572 1895
7674 3340
7961 4336
572 8724
6372 6981
9744 6108
377 3789
7692 6484
9459 1896
5638 8046
2539 2103
3585 4134
3933 6049
8952 4724
3574 4884
5712 6884
5598 6782
9736 3493
7867 3344
8901 8061
1000 4424
3610 1050
1588 6580
5433 4207
4309 4471
7714 1789
1366 7901
5346 266
4327 3064
3917 8269
9237 3378
5766 5440
3989 938
4231 4901
5260 3353
6328 5143
6154 9228
7008 3892
8960 6897
6475 4789
432 6087
7001 6067
8902 5909
2136 5580
7081 4491
5060 6688
5258 6969
5137 8894
8914 1839
1257 7984
887 3984
6708 4515
2876 1202
2287 1561
2202 7344
5030 4314
7127 5788
7701 4074
814 7656
7313 7082
1825 9097
6431 5388
4447 4794
8887 7963
2793 4829
9905 7946
837 7909
6432 7454
7416 5904
6481 2886
7491 1059
9115 4299
7422 3174
6983 1555
6349 8853
1386 661
4092 8595
1205 3703
975 4180
2093 3347
7094 6095
1053 2824
8719 2097
7430 5226
8438 6773
4350 3763
2865 867
7906 2482
2571 5493
2134 7478
5800 7052
5848 7766
8489 3971
9062 4772
8595 5565
253 4437
6579 2215
8096 5329
8407 4733
9759 4067
1464 5000
572 9034
9584 6695
8942 4747
8917 9120
6742 3037
7728 2839
6141 6311
9549 9562
4867 5584
6599 4156
8778 6194
7878 7334
9762 4085
3134 4922
7448 9443
6719 8516
9040 3282
3941 5782
6257 6620
2912 914
8341 921
9036 1483
791 5620
9662 7543
8329 5647
6132 6746
8058 2151
2907 3064
4087 1648
2271 7512
6411 2081
3797 1549
2648 2251
8116 4199
9506 8440
5447 4670
5002 9918
484 4291
6019 7232
6113 4881
755 5279
7794 7194
7823 3694
9158 681
7330 7733
2717 4084
6550 3835
2190 3106
2618 3553
7014 6679
3136 6633
9338 8317
6836 4579
4050 7727
9656 6118
5309 9004
9745 454
7260 8963
9863 4876
5754 4961
4985 2235
8369 4146
633 2562
4812 7676
9115 1455
6933 5535
9125 4654
9255 9342
5416 3855
8988 3336
9650 3950
6336 8699
235 4623
4964 7666
5449 5200
1820 3936
5819 3750
3076 1118
1189 4069
8754 1304
6073 5966
3085 9165
2958 6845
7594 4247
8513 87
936 748
9611 3971
9305 4453
1588 4609
376 3794
188 7944
9352 5208
5711 5856
2318 1947
9428 7418
5016 3237
5936 1665
4320 8637
9204 183
8753 2233
9247 3936
3983 5955
1687 7984
723 8466
7411 5428
1723 6594
5942 6677
8299 7287
5983 2248
1461 7119
8607 4636
9288 2819
8325 6872
8666 520
6819 2641
7644 6430
1885 6484
8712 8220
3158 4542
1181 1938
4534 4270
9044 7912
963 1486
6207 6170
314 5241
8088 2098
1455 4806
5405 3681
8607 1616
734 2952
3958 3642
8416 2987
387 104
9671 2654
8143 9510
794 6615
6319 4933
606 673
309 5819
6080 1389
653 3902
3276 2911
3413 7346
2258 6311
7135 7037
588 7570
5202 5442
5231 252
8737 8239
8097 3449
946 4016
3093 5836
9120 4779
2795 8357
6040 7709
16 3853
5604 2160
9881 1430
6028 9577
7050 8282
5166 7303
8800 7662
4998 6672
5750 4321
5648 8474
2202 8903
5445 5442
8163 9707
7378 6219
6684 4081
4359 9839
8079 6037
697 8923
3140 9573
547 3731
6032 5094
4781 2365
6581 2798
508 6368
6029 5439
7139 4782
3546 4195
6483 7595
9728 4732
2618 8306
4386 644
9855 1282
1312 8529
6874 7867
7468 8111
6607 9738
6650 6661
8665 145
4483 6067
3419 2410
7977 8109
8565 6559
1 4069
9861 3288
7556 8466
6310 6081
7688 4421
8897 2723
513 7492
7402 3690
3504 6439
9227 3244
4894 3850
1862 5774
1757 2045
7851 520
6703 2871
710 6959
7782 649
6294 1683
5727 6002
5331 9974
5304 8565
5249 2442
6980 2361
7499 6898
7256 9355
5625 2729
8822 1101
6911 3695
9669 2663
6293 2599
9682 5342
9941 6505
5533 2093
9343 9030
8723 7107
8282 3163
7123 6853
7076 8727
2252 953
1663 8960
340 4665
2903 5875
8712 5147
9436 5178
5143 487
7630 7071
8276 537
5014 952
3462 3250
4203 5877
8556 3974
9633 3369
9520 9090
5150 2947
1977 3471
7536 619
7437 4518
1167 5588
45 2515
9771 5410
7376 4013
2283 5914
8779 7550
9718 1090
8517 4103
1695 4697
2484 4857
262 7818
8922 3105
9349 5020
8667 4168
1091 8989
3374 4732
1588 6826
7737 6220
8523 8361
9657 4089
3866 8806
2517 7491
4789 7505
8803 5907
625 5668
2323 5410
743 1459
8307 9086
5996 1947
7677 4260
8812 7309
7327 6591
5312 7667
7735 2215
7777 7056
5301 4539
8628 6670
8623 4111
106 1962
1268 418
307 9536
6705 4450
7345 5076
3018 9368
5242 0
8247 6052
172 5002
3933 2470
9585 4993
6246 7440
566 7558
8947 1444
6751 3411
7251 7898
9121 6966
6886 2818
9050 4282
4768 3392
8522 9266
6042 9488
1411 6724
7355 7847
7617 4851
9056 4073
3736 2548
2880 6993
4616 7027
1582 5909
701 3945
7893 181
2547 3851
3128 1847
7113 7159
9671 5810
1716 4862
6850 9903
296 863
7715 2245
390 6648
1534 7036
8015 6149
3023 8102
1984 5552
5660 7305
2254 9698
8159 5497
6801 7809
6697 4719
2873 5956
1894 7850
8413 9470
8125 1604
7860 6288
3259 2464
6973 2789
8585 3511
5837 6197
6713 6770
7745 6917
7578 3542
2932 6886
8821 5629
3447 7480
6296 4617
7982 9489
3002 6312
9249 7998
1227 5828
7563 4294
5515 6388
7671 1612
1180 4440
9459 5485
9151 3117
4584 8215
5817 5679
2097 5051
4571 3028
1259 2225
3839 2584
1366 8215
5657 6858
7899 5532
5959 5210
8316 5591
9446 2109
9766 5497
7060 8116
5627 3195
8345 3030
1869 5658
8204 9672
742 6671
9476 4095
9457 6031
7148 3920
3989 5803
3378 3700
8688 5705
9082 2892
5861 1911
5993 6039
7663 5948
7470 4092
5429 5408
5792 3245
9892 7312
5993 1020
575 3124
5729 6868
6329 8324
3397 5002
8770 6390
9651 8125
7725 6947
4523 354
2149 6893
3790 3886
7851 6241
7880 9049
7014 3421
5004 8776
9164 4721
2278 3344
7747 8641
3385 4079
7918 5261
1175 5882
5544 8353
9728 4655
5874 1583
4667 2307
8896 7013
4931 6554
9723 3264
4000 2783
236 6249
8952 3094
9728 4547
6973 7274
71 5135
2330 7425
8061 7501
6567 5310
7005 6179
9345 5425
8920 4495
7408 3711
406 8013
5681 3645
8098 7541
8027 2642
7614 6933
4275 5179
5063 6457
3893 6834
1350 2570
415 5968
5752 8665
254 2115
8948 2584
6942 8058
9133 4737
9303 9349
1035 1754
8743 3239
6077 9192
7439 6770
8063 2204
5150 1339
7488 9557
7937 7168
3512 2523
3541 2177
3432 7374
5384 1519
8809 6171
6715 3985
5999 4532
4722 6769
7019 2410
3417 8678
8862 6973
7776 3557
7479 9686
2694 6748
5368 5079
6820 5620
471 6626
7346 7356
4135 9079
9814 4572
9303 2370
5564 5664
7671 8580
811 7862
2518 8629
9211 8150
1169 9529
8285 6938
7015 5916
9756 5240
6364 2199
5988 7281
3839 3136
7574 2123
2567 3273
3951 7026
9892 6454
6512 8863
9516 5874
7656 7036
3223 7226
6613 6407
6886 7734
8128 4981
1342 3017
417 4659
2457 5333
6731 3137
911 5167
7425 6443
7729 4639
5039 3294
6331 399
6344 9908
9190 5313
1969 3192
3181 6195
5694 1131
2354 6911
4958 5412
8590 3978
8832 5497
3080 5739
7178 7976
4564 3014
37 5555
8007 2610
830 9806
9341 5495
9333 4328
2992 8901
8408 4243
1081 7065
6871 8475
4132 7305
3643 6323
5427 3136
6359 6085
2047 7531
9338 5961
3495 719
83 207
2610 7910
1648 1756
390 4006
2375 5239
9197 2430
7346 5075
7854 5481
6923 8126
8845 5812
8765 4062
8961 4940
7710 8361
8814 3200
9124 3133
1758 2809
2087 2984
3472 4481
8563 1753
1453 7542
1762 2406
724 9089
9423 1564
863 3246
8466 7189
6802 386
6736 8663
9730 2017
5646 6296
9056 7405
7589 7037
6241 6590
2896 5839
8878 5305
3112 8352
5410 5386
890 2719
4620 5755
6054 6885
6730 2738
6578 9514
5248 2062
3439 4667
5321 9185
7484 433
285 2464
4751 4639
3918 3389
8294 7068
2093 3771
4142 4302
2204 6268
5495 4275
5969 2882
996 876
1464 981
4369 7812
6462 9581
5426 4525
7057 342
3626 4506
4809 8269
9801 9965
9297 9937
6685 3853
1795 4356
9265 4737
1172 8285
5082 1840
8924 3397
1271 3797
764 5952
8374 3667
6829 720
2829 5407
9093 6508
9648 6730
7599 2745
8676 2140
9422 3650
8974 3231
8241 3380
6773 2868
68 1795
3918 4933
4015 6263
3423 1958
5551 3728
6996 1075
7047 5736
101 8738
6973 5558
7844 5787
4853 7749
9965 7847
8798 6280
9868 4918
1158 9544
1168 8017
4148 5866
2880 5708
7508 5959
42 8437
233 2784
8834 3843
6282 3960
9960 1595
989 4231
9538 6561
2451 993
530 5343
9148 404
1836 4746
9076 4436
3840 3777
5045 5838
6845 3413
5489 4566
5371 4318
6073 3799
4409 2658
7860 8494
120 6239
7587 6386
7875 6789
3694 1336
6591 5603
2931 1054
381 2523
6910 4831
7868 370
8654 3228
3740 405
6952 5996
1052 4125
2308 553
7533 3009
3673 8982
6178 7770
4436 8860
5511 1012
6140 9356
8392 8718
1232 4069
9554 5713
1184 4028
9014 7196
821 7359
8405 2887
7641 3723
5605 9318
2032 3721
9148 3345
8112 6691
7830 1380
2767 383
3049 3516
2147 7091
2039 3616
9777 779
5024 7444
9375 8878
5829 3936
9130 2365
6208 5918
9721 2052
8478 7320
5205 8394
1375 2939
901 5500
4674 7186
8978 9299
5632 510
4415 4976
6576 5159
9828 3467
5492 3361
8102 2202
8795 6101
4990 1393
8154 6004
9383 7439
8741 3771
7707 3514
8148 4425
4913 7710
5770 2672
9720 3762
2785 5647
8024 3571
5534 2809
8538 4021
6511 842
9411 159
7508 7303
5925 8036
1133 3890
5484 9754
5325 6994
7586 1480
7594 3061
269 7464
571 5062
4138 5633
6596 7049
1035 8845
9495 3778
8533 9288
482 5892
4367 2423
5454 4492
7437 8833
606 3191
8658 5159
8815 7065
9428 8460
7478 1263
3789 4674
1686 5112
9000 1045
8334 955
9823 8171
8288 5683
9076 4975
9263 4838
7456 8041
1342 7638
5478 7198
5509 8497
6567 6603
9146 3391
3048 5965
9257 2404
9766 2052
8285 2244
8591 5468
8596 1611
6911 6763
6847 6778
8884 4000
9855 8109
6510 9573
6897 3337
183 7140
9195 9231
6186 8200
6578 4523
5906 4130
6653 7528
6441 4639
682 6450
878 8311
9539 6681
9107 6795
4002 5158
9965 6789
6059 5742
7859 3317
1385 6543
5041 511
5758 3306
5730 5688
3648 6737
4871 3742
6040 7570
5491 1915
7263 1835
1974 5258
5588 6399
7324 4447
9829 1774
8120 5549
2567 1049
7306 4514
6236 7229
241 6289
4163 1130
6797 328
6672 6978
1642 3714
285 3218
635 6980
3178 9029
2278 9001
1564 3242
8176 596
9036 5655
412 9567
2803 2591
4957 1418
6536 2377
5278 6842
8638 6669
9056 2227
7884 316
8902 3975
7627 2380
7143 52
9173 2519
8443 953
8241 9598
7016 1445
7347 3615
4005 8797
1637 4241
7418 8635
8577 3410
9528 8816
6445 7082
6622 4500
6985 122
9712 3978
1232 5360
3623 5554
8665 3873
8284 6396
8010 3649
9581 9766
3559 4751
8632 6850
6602 1939
3291 2233
1133 9824
4871 2629
278 6277
3774 4982
8309 9206
8044 7474
4909 8519
8535 8206
6262 4062
5917 8494
9224 322
3475 2821
6130 3246
7620 4271
6250 6280
6776 7787
938 8780
6150 6867
8300 7413
2720 4729
9609 5919
9242 9774
3098 5062
4060 454
2224 8591
8633 8353
7101 9546
4751 4630
8304 6084
6068 4717
4837 2603
3827 983
1275 9731
5578 4035
8988 3683
8361 9449
3322 5951
7010 4826
3145 6934
6832 4416
5225 4297
4387 3198
546 6710
9727 4143
7603 9662
9853 5716
4135 7528
6875 1231
7120 2725
3032 1701
7663 7848
3112 3121
8544 4335
5144 7849
5997 1349
1124 2206
3278 6429
4770 1865
9721 9222
9488 6476
5665 9133
7255 711
3113 5049
8515 9124
860 4496
8537 8617
7943 267
6148 2312
9595 8709
936 5430
2309 1440
5061 3074
1685 1990
2318 4643
43 3311
6684 8829
8998 209
8359 6638
7681 5491
5420 6575
3424 5678
3568 8315
2315 6479
8514 1035
9077 623
4388 5317
5733 4941
4931 1809
4559 1937
6260 9827
9788 6727
8776 1570
5789 2742
5166 7166
7189 2009
681 5688
5719 6591
3274 4296
5036 9163
5905 7397
7315 3703
8492 2053
8201 3567
9303 9142
6687 3087
7583 7776
9160 4259
5519 4678
1572 7794
8696 6784
5643 5158
6912 4760
5970 4442
6580 1927
9005 5152
1061 6285
6678 7050
5948 3003
4339 4767
8409 1721
3247 8181
4725 1275
6254 3460
736 4394
5763 4391
4281 7162
4494 4008
745 1595
9497 608
8665 2707
3957 9108
5457 1961
7688 4418
5902 8727
2035 4144
6194 389
9688 4912
7688 8969
7726 630
6239 3286
2111 8461
2957 7435
5868 4955
5430 5483
9193 7161
5500 9605
4798 9858
5352 6997
4422 8524
4318 5205
7508 2635
6608 1560
5750 6346
760 2481
5085 4680
8637 2462
4548 8353
3263 8514
8034 2398
4603 5808
744 406
1767 5200
4766 7263
6161 7233
4277 2376
9855 32
5632 6596
453 4256
8171 8940
5210 4917
259 8857
9631 408
1038 1913
9999 3315
4966 4412
1819 3417
6488 5426
7849 2365
6035 2677
4717 2136
131 835
7605 5159
4344 2793
968 2729
8843 7360
9495 7057
838 2390
2223 1672
959 1633
6005 1643
3009 5210
464 7289
8184 1429
9481 2813
5872 9866
8605 9006
6210 7646
2796 8485
530 7764
8110 5802
3817 4080
5456 3656
3174 2402
1455 9919
7733 567
3366 4558
4111 3214
9940 4387
8361 3290
8206 6385
2577 6734
9029 6085
6193 7655
5395 1030
7399 290
7942 1212
3703 9818
3206 3350
2211 7700
1106 7240
8812 7669
8131 626
140 8844
136 4938
9131 5170
5686 3020
6434 2654
7571 6301
667 8482
8926 7626
519 6517
1261 6373
3799 8078
3718 4706
7596 1756
6078 5062
9839 3513
3605 1796
3025 5422
6378 8737
7453 7305
7879 4444
6270 3727
7854 2401
6209 3717
9990 7738
8254 5260
6041 3086
7990 6611
7343 4585
7397 2835
1788 2604
867 8152
4651 5274
6271 9792
624 3146
497 9494
7040 5055
7487 9652
7004 7468
670 5076
7776 4049
847 4480
372 5419
6022 2160
6419 5997
9044 9805
9237 1340
128 5961
8247 4802
7500 852
9378 1464
556 8101
5411 7082
6142 2871
981 5769
1270 9026
5883 8474
3488 6030
33 2704
9588 7703
8722 8720
6238 7776
7953 4947
6053 3529
6761 8231
7540 7932
3909 2165
3048 2065
9698 2182
2683 3135
9303 5561
6175 8780
5411 6398
9617 8646
6897 5732
6537 730
1366 7407
7880 4711
4057 5153
8805 3483
5613 5980
2373 6477
9893 4730
695 5401
9728 1953
629 7787
2566 641
7424 1583
5337 339
7279 9338
9547 2817
1054 5684
9440 6855
4412 2698
790 4591
394 8563
5879 5991
8687 7291
7888 5366
8356 9672
219 2789
7478 4973
4995 3958
5288 3042
9537 8895
9982 6276
5837 517
7061 4806
9255 1746
1211 4513
9886 7965
7570 4912
8442 2626
4643 3691
6594 3879
8770 2199
3381 4479
5837 5068
6702 8781
6664 6274
1909 9631
9044 866
6184 8266
8779 8933
8299 5034
7621 662
5261 7365
8573 6478
256 2697
3473 1
3846 6635
5322 9940
9785 1493
6200 6947
7934 6612
9013 5851
9809 1742
22 4987
4001 4829
7658 2139
1784 3438
9571 4021
9340 9521
4682 467
7794 4888
8713 9480
8298 4283
8162 746
2578 7217
2640 1386
215 5516
5540 2955
9633 6080
6422 5558
5011 5580
1647 9983
8575 6109
6137 2127
7114 8525
7521 3436
1493 2053
1095 7376
9832 897
2407 7348
2814 9658
3734 8123
4966 7126
9286 3060
3905 3740
5603 9898
1888 7399
4968 4203
8146 2333
5071 7593
9069 3247
1097 9529
648 3775
5014 1811
9157 4528
1442 4050
1209 2536
1540 3804
8289 8855
1100 4471
6642 447
8293 2329
7436 5152
2486 3160
4499 1257
8016 6895
53 4366
7207 7251
1137 2259
907 9381
9237 4470
6050 4076
8236 9005
9375 2899
6836 5924
3688 1257
9765 8911
5730 5010
6876 1795
6936 4061
8649 3145
3089 1342
7863 5619
8829 7132
1556 7036
2701 8063
5278 8942
9805 4940
9700 6873
135 8999
9684 6865
45 8059
843 6053
7061 4298
6431 6117
9824 6350
2981 1637
5839 5976
8325 3290
9322 8354
49 5670
8922 4448
2743 7363
1757 6100
7491 8433
4239 7681
8913 3581
2643 716
9711 5547
7185 4899
3908 4777
9630 5595
7966 4417
9796 8516
1088 7065
8981 1887
6114 9577
4899 4290
7277 7992
4425 4370
1526 5197
853 193
2296 9545
7012 5479
8557 9180
1733 4709
8909 1085
5424 4003
5307 4357
6470 2772
1874 6940
4386 7424
6550 8134
7651 5708
3824 2473
5002 8861
6703 3919
6641 7205
6286 8963
2807 813
4451 5725
458 9368
4515 6383
4781 5307
614 6619
543 5921
6940 5565
370 6343
7644 433
8534 9801
9487 8901
5574 4202
9886 5644
8732 8446
8130 942
7426 4761
7001 3831
6811 8137
6214 3946
6773 5630
7779 5330
1901 5921
9793 8018
7310 3768
3834 4291
8567 8234
1222 156
575 2560
671 4483
5781 6952
7974 8659
873 7852
2740 2448
9201 4615
8342 2410
719 474
7456 8144
3751 4377
9064 4731
3523 7408
7929 9532
5269 4683
9274 2511
7667 6270
8985 5791
4336 5417
473 4740
9295 9107
2547 6617
6914 8224
7416 6930
2968 315
9707 8354
2181 4136
7787 3022
7169 4141
9403 8064
4145 3216
7316 4605
7099 5021
1895 7283
6712 5514
2964 2838
5957 3366
5565 4010
167 6507
684 4747
1976 8187
9099 1142
9071 3295
992 325
7313 6619
9697 2939
785 1429
3921 5978
5839 7938
7924 8355
455 7152
9270 98
4957 4554
7357 1599
5041 6130
34 1093
724 4014
3693 987
312 4191
1673 147
7910 9224
1331 154
4508 9134
6927 3011
8404 4511
8632 6590
7704 5039
8050 5447
1749 263
3602 4080
8170 3297
2143 153
6315 7772
1151 5003
6894 7156
4706 4517
7443 8795
6275 3391
6025 9861
4941 2613
5680 9863
3971 5761
9661 3621
8757 8584
335 1303
9672 7917
4283 4720
1738 4547
9468 5791
710 5539
1485 5535
5865 7670
5740 7675
8417 4291
2312 5169
27 7616
9163 5801
9563 6186
303 6733
6028 9246
253 8309
337 6731
2644 5800
9054 6955
676 5150
8244 4871
921 4917
4742 5368
5828 7737
4652 3610
7599 9455
9536 3292
3878 7370
222 6986
722 664
1857 5662
192 3064
9587 8599
671 4001
3611 1485
9159 6580
4816 8942
8011 2286
8575 4085
6422 6917
2130 8049
437 4184
8090 8702
5197 4096
4430 2877
3544 2784
6605 4530
913 5052
1223 2999
805 7212
6923 6273
8552 6410
8801 4899
3861 9257
7597 8846
2358 1059
6303 1051
241 1333
8171 3685
5783 1281
4876 2297
9263 1668
1620 8943
4832 7889
2693 4432
8944 2854
8068 9636
7290 4875
4424 7505
9977 6565
6806 6344
9253 4255
1309 1739
8755 5439
4393 4112
9150 4019
6235 6528
4270 6930
7341 7563
1503 7324
2114 4243
8526 6491
5514 6623
9578 645
9963 6643
7654 7501
9603 8286
8293 8131
3090 6188
7555 4755
7706 6348
6319 6764
9483 5188
7639 4079
3824 8812
6429 9524
547 2045
5770 5623
5543 6398
9204 3679
8648 3461
8625 7678
6712 4335
8365 5095
7410 4377
5336 3826
3785 2525
5018 6405
8103 4950
6757 3152
628 5393
7362 2508
2933 1383
9006 3182
1841 4834
5654 3475
1440 6476
8284 982
8900 1968
5996 5804
4740 6932
6348 1304
1423 2752
3504 4861
8849 7678
2338 5653
2012 3682
4496 132
1760 7073
6009 4066
9066 6336
9057 329
1347 6382
2575 5192
9532 4005
3575 1142
8150 2284
1470 7886
558 6343
1701 4520
8403 2585
6312 2094
9832 7801
8574 8102
6851 7741
877 7907
4939 836
6088 5769
432 2043
7614 2546
456 2400
222 2987
8699 3788
8289 8054
684 5004
9983 5876
1395 9940
6780 9150
2611 7198
3184 4616
2919 5136
3960 2622
9653 6644
5067 7787
4059 4587
7744 1959
7905 8478
4464 3818
7573 3538
2564 6076
5365 6434
9797 2609
7150 4869
8304 3235
8567 8304
8054 8722
119 7423
5989 4958
2243 5324
658 2978
7556 2968
6419 9386
2536 2543
5070 9010
6291 196
2634 4283
4167 1743
698 9853
1008 1936
8118 9888
8912 71
4199 7589
9305 3937
7652 4840
7822 2548
2421 7450
7825 5936
7401 6547
7974 3965
9505 6196
7392 3731
3672 2837
7025 3937
8239 9494
2727 6981
9619 3184
6626 6039
4990 4667
4632 4922
5356 3970
3671 4921
8457 6283
2103 1761
7741 5847
912 5233
5182 5776
5006 5550
381 2564
375 6691
3085 1683
2321 1058
3900 8019
7489 4929
8698 3497
8250 2812
7783 1885
9074 7396
5739 2637
2158 5093
7993 3802
339 1762
7290 6045
5017 1605
5467 8752
2043 9657
1656 2078
8113 7021
1170 5073
6679 9274
412 3674
4966 7911
9148 5372
5744 6148
4874 4050
8169 4943
4760 6917
8732 9752
5113 3248
6107 7260
6086 6383
7185 7523
6299 5215
266 7955
7615 8275
8130 8906
4817 6875
9463 4736
8725 3538
3635 4690
3693 3877
2091 6583
9911 2122
2715 4690
597 4217
7867 5247
9873 904
270 331
3630 2602
9357 5979
6617 9014
4915 5595
6565 4394
3719 8723
3029 6061
3949 6970
2278 5604
1369 3807
448 6874
8134 235
5697 3271
4430 5967
6482 6466
6862 3718
1380 4346
2503 5843
1661 9469
2929 8166
2963 4781
1915 3872
265 3612
4279 2243
717 969
4811 532
8883 8967
3205 7697
512 4657
6633 9385
7356 7730
3082 1332
9190 8336
9172 65
8788 4505
2382 9178
8326 6137
9955 3830
302 5089
4240 2907
8063 4222
6665 4183
555 4488
6864 9267
6565 3952
723 1039
2906 4731
3529 4895
9370 938
4657 8456
1109 8285
9194 8296
3364 4683
5587 6498
9854 354
4184 931
1787 1151
7401 7583
7782 1798
4442 408
9669 5677
1886 8448
5826 7130
5280 7105
5543 9730
2489 1315
16 6909
1010 5781
6947 2057
4792 4025
1071 6141
350 2180
5599 2549
5521 3124
579 2417
607 5404
3927 8542
9575 7425
5622 7986
8502 6459
9543 6574
8608 9972
7612 1871
1208 6159
154 1500
6472 8957
4597 1705
4509 6022
2707 9340
2497 5595
7471 6254
1688 1255
6553 7340
6474 4078
314 1573
8052 5189
8367 6247
9681 4306
2404 5259
4534 723
6723 2954
8351 3620
1297 444
6320 7115
8090 2532
7692 7892
9560 5305
8581 820
7779 5565
1813 9527
8563 5381
1085 157
7583 1425
1925 3517
9673 5892
2036 2301
5678 6722
6189 1276
6677 4248
2544 1724
7132 856
1034 1215
6419 691
2164 3654
2101 602
6925 4205
869 9671
6650 5663
5860 5278
7506 2615
2134 5101
2186 1090
1478 7685
4601 1907
8173 5037
2055 7144
2898 8358
4329 1569
5910 8374
7970 8734
3954 4028
4692 3728
4247 2331
5397 8620
8379 8272
6983 8306
2451 6339
1647 6019
8112 9325
3769 9243
6603 3362
1568 4679
9313 5265
6682 3103
7208 2395
6761 8765
5751 9131
4029 4336
7176 3116
4991 223
8468 7280
4679 8767
6339 4053
902 6144
4663 4329
7868 4548
3 4769
8363 6705
2749 7177
4717 3811
3385 2140
7738 4438
1308 5519
1149 2988
1550 5281
6740 5043
6910 4700
3386 271
7022 8260
7557 3171
6610 5054
7768 3391
1648 433
7119 6328
4945 7825
7608 1537
7011 5519
8807 5015
8420 8541
5203 1825
3472 1640
8566 3347
4990 6147
8102 4152
3952 5596
4388 3948
5657 6731
7024 7393
9178 5429
7509 4173
4828 4405
3707 9333
9910 396
5966 5207
6379 4622
2708 6330
2329 7731
3045 3471
4082 7180
1176 8462
3363 5214
1756 2621
8559 6969
3844 3043
5267 2846
367 2294
7820 9905
8028 5653
7358 2677
7283 6933
7894 2391
9797 8695
3325 505
7106 4267
8173 4408
7160 73
8954 8191
6715 3335
9332 5333
6458 6153
3486 9885
9230 8439
5588 4240
5820 3543
8979 1660
8184 7468
8091 9226
8885 3314
1045 4827
8821 4726
8005 6126
4180 3984
7201 3591
7087 4280
5110 6254
6340 8402
3676 1862
2528 1769
2374 5503
3604 3945
739 1845
7931 4231
5052 7188
360 7181
6454 5885
3164 2855
6995 4933
1099 4258
8354 9410
145 8811
9809 6169
2369 5401
3931 2330
2695 6554
9653 6824
9077 9108
2487 6561
6719 4368
3950 2730
7628 9777
9508 1868
6903 6525
8897 2882
622 5487
8610 3054
9123 2407
263 9984
7580 7154
8392 4817
4689 6573
7323 7757
5836 6212
5729 6086
1006 4780
7489 2276
1511 4952
1669 4077
6992 2638
154 8886
8127 3243
2973 4868
1648 6354
4688 2039
9854 2868
394 6508
9278 7138
1828 8163
8247 6398
5525 671
4455 3
6129 556
5187 7213
162 8723
828 9072
7292 4606
9775 602
2607 4723
5614 8862
5667 6510
813 7902
8120 8814
5713 7565
8629 5658
8295 2106
642 1725
1526 496
2274 7300
4517 8828
8034 4438
1826 6615
7694 6962
7670 4161
6606 5459
9529 559
931 3935
7832 1944
8411 2560
6511 3357
8467 5838
4794 4504
4427 7191
7018 3538
7305 6749
9636 4189
9446 8266
5471 7348
9134 3978
1523 3823
8037 5099
8828 4137
420 763
8981 703
7494 7560
8700 6840
6253 5024
6418 7343
9057 2913
7661 2489
9775 8562
7894 970
8993 8526
6840 7157
8348 4560
6378 8294
9041 4258
9423 4094
6690 6580
5694 2414
9085 1820
8766 5487
1452 923
2020 5810
7959 2654
6842 4614
3941 2857
2274 213
1611 4070
7823 6930
2964 4043
6151 5376
6218 2168
6868 3970
3228 5028
5562 5920
4858 7753
8123 6791
5094 5522
6990 819
8660 499
5992 5854
5877 4884
1542 7595
8851 2955
1266 1015
200 5916
842 5154
7485 2868
1039 1763
5223 51
3025 5355
9129 4747
5836 6401
9187 4688
8902 4704
4747 6070
4470 7253
3788 4681
4817 5082
384 8719
8032 5723
5556 3206
1653 5611
9488 721
2038 992
4337 1597
6452 6094
6490 2185
9029 6973
1047 5922
8760 7751
4755 1063
8483 5487
6501 7154
8333 480
7135 9426
8860 7810
7537 2761
460 96
8396 6134
82 6825
8552 6647
7778 4809
8149 26
9711 3142
8958 6288
9357 106
8637 9350
3165 5711
739 3015
7435 5988
8395 8016
4974 4503
9724 5417
7270 7089
5181 7196
8399 2244
3529 6109
2042 8536
8883 6006
9003 6825
9302 4906
8292 5272
8902 771
8647 8883
5101 3941
7873 8442
2533 4464
9071 2916
8719 6369
5743 5515
3767 810
6888 6771
8341 2252
5446 5908
3464 4155
5822 6424
9745 5839
3851 5210
2354 1028
2674 4416
8386 5270
8200 3831
9605 6475
157 4985
1790 4369
6562 9243
4239 4016
6243 7477
8370 2966
4459 7173
6892 3348
7953 4196
1485 4793
2297 4708
7214 2581
8418 3249
585 3984
1297 4678
2614 2779
4821 5845
3308 6085
6975 4406
6553 7386
9999 4284
2738 5474
7540 4858
5262 4477
1821 3035
4606 9047
6724 3225
9690 7326
1698 1881
4643 5142
826 3120
9876 5503
5691 9205
6261 1922
8361 3896
2423 9869
1325 5167
6537 1039
6241 5821
6738 4183
7819 3468
7934 8
2288 9573
7075 7336
1170 5121
2395 4451
354 6935
3328 7221
726 5760
6462 4261
3350 5667
7009 8042
8695 348
5880 2795
381 7189
824 6941
5239 7084
2283 5391
4409 5580
1847 8207
7164 1392
9345 3732
6049 5088
77 5098
8193 8071
3299 8869
5456 8371
8288 8079
7083 3022
2243 3117
138 2691
921 8055
6321 9051
4609 2729
3343 6027
8885 1774
5428 9184
5168 3366
1153 1100
9175 8639
1157 5420
7480 3681
6363 7368
71 2758
9190 545
9042 381
3405 7551
9017 5986
4725 7118
7147 7076
3176 3419
5860 6639
1694 6419
4744 9962
4077 1834
8877 5575
6315 5462
8716 6152
8064 2025
9590 263
6730 722
592 1719
4301 4144
674 8433
3311 9363
8142 1800
183 7563
532 5990
2075 6124
9494 5520
1412 7995
6594 955
6888 7323
1789 2239
9094 6983
4578 3526
1508 2980
7941 3099
6037 219
5906 9104
4209 2353
9479 4057
6083 9676
7982 2992
7352 4811
9088 9275
9972 2125
1577 8304
7950 1239
7812 5964
9379 6980
7827 610
606 4353
4909 2821
743 4587
7164 9836
8598 7704
5426 6615
4967 3068
9020 9504
6430 7868
621 3146
2778 9589
4600 4708
6788 6529
2545 3645
6743 4837
6372 8048
2007 6450
1609 5357
7547 1104
7118 7343
1146 4845
2548 6023
7663 3881
4972 7855
7930 1781
7886 3135
7505 4463
580 8985
9573 8353
4636 8027
8295 5935
1906 5593
5054 4194
6703 5249
9633 3277
8020 5299
9327 7142
4862 6360
321 8249
7241 8981
7105 5673
6186 5632
9197 4817
8241 7109
5741 1202
6801 199
9521 6082
7241 4672
8776 744
9546 2877
98 7803
3513 7795
7226 7252
6315 8563
5630 2273
9893 5846
8009 3847
1593 1416
8035 5189
705 9248
1335 2999
9478 6627
5390 1631
8515 1332
7510 3991
3040 7746
9874 8963
9870 2024
4810 5499
9440 8334
9324 4187
9237 6928
7322 4182
6353 6306
2353 6792
1546 7975
2184 1358
8925 8009
8137 86
6746 989
8986 1051
6940 6224
7707 6625
3411 7234
4813 3945
9041 8463
5529 4566
5364 4987
539 3670
565 4625
9320 6831
7235 2213
9194 8412
8944 5497
318 6825
1502 6117
9967 9796
180 3629
8906 7312
8792 3534
5612 4577
4784 224
513 6663
4678 471
5395 5747
9199 4797
1503 168
1934 6282
988 3105
5186 8498
8264 8905
4692 6943
9308 8123
3845 3809
7857 1576
6022 9184
8621 5880
5262 3245
3511 6794
4089 4519
8139 2844
9526 2990
895 3937
6370 5292
4751 181
1741 3850
7861 3509
6334 4817
7363 2222
7180 2249
4903 3325
6685 5919
6590 8836
4343 2170
6454 9958
6641 5354
9045 5753
7847 6068
8759 7116
6243 3480
4393 5266
5811 3971
1160 4756
9571 5166
4602 5561
7757 3936
8606 8348
4646 4520
8677 6013
1093 1854
821 4135
8692 3103
8418 3803
66 1987
4823 2123
9874 9381
7682 3883
7584 1133
4650 7564
3562 8505
5859 6886
6831 4013
3568 7007
7723 7563
9273 6653
6066 6546
4700 6230
7414 7114
2586 4294
5454 7079
5416 6787
5700 4102
5756 6855
4108 5658
3920 8576
4691 6238
9976 6759
6910 2454
9377 7662
5177 6397
8752 7610
9911 6549
6007 8315
7507 3612
3603 1177
4014 6669
2689 8606
5853 2600
29 9126
4124 6662
4566 5546
7052 4092
8893 8609
6177 8066
7318 6722
9310 6682
9695 6264
7076 3173
3390 5512
9536 3588
2944 5812
8073 5554
7367 8812
7290 486
1886 1411
2057 4447
1832 9698
7121 3013
856 4693
5486 3327
8509 6013
7733 130
636 5592
9020 1735
5407 1987
4333 7441
7962 4275
16 5362
4205 2008
7871 7540
8353 1127
7845 6090
5940 2342
9846 7038
150 5712
3603 8211
6273 7332
8424 4161
1054 4132
5211 368
7430 5703
4368 4523
438 5068
7837 6737
8793 7074
250 6939
5482 9583
2714 1525
7469 9199
2780 7248
6018 5658
419 2466
1199 5287
9217 6705
8276 6676
3684 834
9888 4365
6644 3437
6053 9119
575 2053
3037 2420
8458 6508
4354 521
7697 1199
8373 1482
7731 4193
5284 8793
1034 7936
3312 3335
4530 2440
9161 6372
9820 9226
9290 6028
2059 7326
5480 5177
6173 445
8048 4021
7037 2442
8467 5173
9006 8605
1493 6541
5701 8155
4348 7364
4989 8858
5514 7282
8172 9318
7117 1539
649 4580
313 6846
1356 2227
5917 7672
6400 6328
6350 6736
5079 9690
6080 2832
7358 6418
9531 4467
5513 4936
7510 6960
5871 5812
6941 5497
5310 7236
455 7437
6153 3431
7159 6329
7160 4753
9286 7911
2476 4607
9347 3905
7409 209
8346 7703
5019 4791
8546 7239
5853 8400
8220 9698
9514 7401
8173 5947
7727 7321
8500 9459
312 167
7763 2292
5605 2003
9851 6390
3595 5409
9336 4483
8868 6364
8283 3230
3575 4942
8759 5145
2191 4572
1191 5360
5425 1291
421 6647
135 6024
6787 1757
6217 8811
8985 6252
8276 5563
9276 5906
8261 3942
9030 252
8212 6975
7269 6348
5925 7592
3583 5533
243 9061
9730 5295
9797 2087
9867 9501
3991 5772
8375 1196
5453 6735
3520 9799
8692 2300
2035 6408
102 7028
3933 3737
9552 6312
5932 6854
765 4568
9345 8234
5188 2091
7528 1337
6817 6429
7414 6419
4723 42
886 4979
1744 9211
6584 7655
3931 7949
6255 4447
7377 2861
8935 5976
8349 927
9616 8296
7510 7002
4351 6707
8900 2198
7272 7130
6378 6624
8173 7733
9622 1587
6979 7487
9026 2953
7046 5218
6920 5079
7553 8698
7086 3570
7789 4215
5471 2550
6345 4474
7897 7811
4306 7593
5065 1229
3886 2540
7708 3859
4542 6493
550 3191
1724 7888
2190 7129
3339 7632
6912 6261
8653 4424
8109 8461
7719 1136
196 7510
915 6214
1912 7306
8024 6552
3732 1268
3193 6881
6281 6515
7820 7432
1725 8540
9521 2261
9450 5993
6654 5713
5718 8014
4847 4752
4486 5298
9168 1584
227 8004
8248 5785
9399 5129
7822 4630
4622 2311
7343 6581
2199 6450
6015 7540
6694 924
6722 4140
9175 7235
3055 894
8183 6571
9021 7670
34 7070
6925 4620
7458 3134
5588 9701
43 1376
3404 8753
9589 7723
9442 8235
8458 6523
5790 7448
5237 6976
3795 20
7322 253
6982 3797
2400 3662
9117 5526
5142 4379
3306 2717
3056 2017
5998 7747
7950 6588
8236 4730
6589 5973
5224 3896
1261 5725
6053 9376
5526 5658
2700 3257
3959 3403
8435 6229
9847 9586
5206 6363
7656 1014
6059 8265
7019 7489
9061 2089
1368 7786
4481 6430
1979 4153
6997 4589
9514 9618
8874 398
8082 7780
7261 8836
2271 2985
5271 7902
2686 194
5855 756
4809 4286
9785 3594
2082 4402
8494 3910
9819 926
5180 28
8024 3237
7581 681
6557 395
7155 6171
6244 4220
1388 1567
6501 7754
6883 356
7597 3146
6256 8108
8028 3598
2718 7716
4803 8133
8354 6508
1186 5647
3530 6961
2712 9254
5805 5031
1899 5704
2150 7272
9440 4797
4526 9558
8207 9440
3331 2708
3768 7664
261 6097
6763 8302
7403 7696
1866 5648
9858 4677
7706 6835
5627 8155
6715 8877
3059 3309
9721 6671
1555 1302
8239 5241
7487 4145
6489 3582
8916 2716
1245 6482
9682 7847
7767 3152
2493 4712
8538 6412
7251 3006
6686 6203
6313 8092
6804 7097
4008 2653
2845 1986
698 6326
513 4294
7225 1125
9128 4534
4640 3805
3090 514
9268 6234
5173 2053
1433 3927
5901 6404
3472 9560
6643 6748
9363 5232
51 9228
5350 6008
3419 285
5862 3150
6244 5201
3532 4134
9935 8777
3168 8287
833 1508
2994 2509
2364 8758
4041 5408
7594 9077
6138 2681
360 8414
6534 4603
9085 8233
8646 6614
4872 7672
7799 33
6146 7352
7281 5705
8414 3460
7697 6559
7771 92
7490 2028
8462 8082
7713 9950
2517 4748
6763 3914
8233 7212
3988 2498
4874 4348
2260 1564
3139 4687
9734 1687
1561 1334
799 4394
8483 6276
8784 9422
7567 5523
8508 856
5849 3062
9036 4395
9273 6028
4794 9320
5548 626
2390 8332
8849 7723
9382 3756
9266 8011
5533 6626
6451 7425
6900 6268
471 8190
8072 6058
8196 1398
5019 6647
9021 3955
7126 7082
209 8082
3290 4293
9004 790
2722 5004
9692 5099
5485 6827
7513 294
9388 1426
2734 7229
8394 1211
9901 3637
5657 5483
9850 9943
7651 5489
8434 2451
762 4595
5598 9454
3094 2903
8878 4828
9324 973
1760 2125
9166 5231
8037 5151
8981 7171
4753 5807
6333 8977
5005 4981
1815 5107
6847 1735
6322 7283
9011 8632
4510 1777
2057 1607
2405 8706
5614 6149
624 8929
8600 7721
3402 7354
681 4481
6402 2674
6088 6190
4770 4188
669 8298
4201 5465
568 9909
9088 4398
2114 6813
8277 4156
6338 3039
898 6293
2240 9140
6145 8013
9503 5256
7882 9898
7067 1872
8517 5979
5873 3878
6128 9766
9968 7692
2666 7383
1781 3728
5151 4014
6312 5214
7979 5414
4417 6355
799 3294
8820 8245
8009 6754
9225 831
6078 5986
8694 6564
7297 1529
4332 6432
1746 4952
7538 7226
7889 5763
5330 9102
4086 3114
1350 5854
8794 9252
8164 4884
8177 6580
5703 2904
4749 5794
5917 389
5711 1452
3620 5162
2123 4915
2198 4271
6358 8618
6654 3018
6684 5341
9535 3076
7355 3065
5992 4067
8325 8521
6613 2428
8280 5072
7575 6717
3370 4879
6781 9596
376 6048
9358 5227
7697 2105
2552 2796
4675 3993
1163 4068
7578 7028
47 7125
4923 4509
8185 8460
9325 9143
4666 5112
4646 7843
675 5418
6682 2662
8886 5245
971 3201
9223 4786
4617 7448
9298 7296
487 2980
5005 4820
5182 6439
22 140
276 3440
6534 3558
5422 7323
6607 9964
8365 2109
2373 4355
7820 5692
207 7891
9251 2646
7590 9616
8010 4806
3846 754
6810 2042
9215 4386
226 2922
7492 1847
8660 2821
4668 6689
7027 1747
1650 6104
6063 8645
227 4049
6588 2343
4224 6712
5894 4406
5233 725
739 1228
3808 8985
5952 146
5256 3597
5088 2966
598 3588
6477 3158
5776 78
6902 7242
9035 4926
7751 9668
6055 4108
5700 2419
3672 9595
6418 1652
9183 781
6569 2235
7083 2685
1995 6879
88 2304
544 3072
177 5759
9520 5920
5031 580
6396 2549
7975 5080
309 6450
6245 101
5824 5706
2030 4900
4214 600
9305 8977
666 3196
2158 6482
520 5064
6036 3266
8379 9162
961 3989
835 6802
9554 5867
8588 9457
222 7477
8 8457
2205 5668
888 4534
7643 6919
7643 4704
8267 8998
4455 9535
212 4665
7956 6598
1314 1380
4293 5457
6748 3192
839 7917
6753 3307
992 8684
7246 2651
6396 7584
6258 9865
8300 9417
5848 3285
3816 1977
5977 955
6422 7758
4846 3246
7480 6645
1881 1733
7476 2739
8097 4106
3109 3283
9619 2868
4775 7917
2055 839
8835 4220
4595 6000
5438 9429
463 6596
7110 1571
9140 6253
6602 4548
4606 7852
5707 4635
8623 7949
5132 2943
9612 6248
6852 6416
7454 4764
7290 3609
9857 6015
6056 4230
4199 8107
1382 6758
2482 2609
117 2818
4901 5531
168 7738
563 4561
326 6311
5508 9363
1394 5657
7613 8971
1553 7636
502 3009
7781 6303
9627 318
210 1790
842 7665
7053 5722
2397 979
6579 7788
8210 1390
1530 2525
8247 4655
2691 2099
3451 7974
3251 5405
4734 3273
8290 8674
2986 7093
6940 6905
9653 3363
6908 2607
4026 311
6805 156
2494 7425
7946 4676
7428 4979
9686 4829
3791 4056
8748 2331
2868 8282
923 7845
8511 1866
293 9398
4121 4641
1275 8970
4055 6273
8938 7531
8936 6704
6860 4535
9960 9885
717 3431
5620 3621
9300 161
9718 674
5494 7188
6961 6280
9316 1862
5355 5043
2390 7960
1509 6225
1583 3996
9738 6924
9407 9564
8736 4441
4980 5102
5752 9294
3789 2158
7716 3301
6453 8294
3798 9747
4627 4876
7382 917
4369 4840
1538 7986
9530 3605
2475 6849
7046 3856
741 6137
7055 7059
3195 8114
3890 4209
8459 847
7223 3610
9454 9514
7859 6975
2891 3128
3733 9042
6079 5329
6654 6203
7514 4846
5320 7677
1457 813
1033 256
7684 2032
3595 8182
9797 6833
8551 8383
2837 5470
7990 5606
4475 14
9649 5622
6124 2725
5775 5466
9135 5293
5406 9275
4382 9706
3901 4680
8884 2678
2156 8532
6884 1551
3160 7570
5591 6409
1296 5809
8946 7060
8837 8093
7271 8241
2715 4079
7926 2170
5566 7641
864 4997
2713 2168
398 6887
823 1438
5642 5192
79 4138
8164 8350
5698 6484
94 7415
4404 4122
9180 9455
7137 9715
4405 3300
2007 9711
2886 4203
9818 4235
8166 9298
9398 5598
5831 5966
9298 6185
1268 1680
8967 6085
5463 3998
6526 3495
65 5034
4700 8442
422 9967
1171 7116
8025 9709
6432 1123
1326 8158
7198 8210
3115 5544
8001 8076
9404 1225
9019 596
4029 3147
966 9693
7074 4131
6581 5659
9432 5609
6734 2225
6035 4439
2791 9661
6633 601
9946 6769
201 7244
7842 5521
2680 152
6566 6145
5917 7722
4851 8156
6456 1062
9122 4642
5062 3128
9625 769
8905 3597
5840 5115
1075 6027
5046 9455
1071 2121
6291 2018
7913 5414
9651 2111
5325 5874
5082 6870
6554 1610
1812 2277
9263 4860
2933 5125
2613 3723
7750 8281
1265 3047
3921 2004
4437 7253
7692 1631
9763 1884
5680 6573
204 1502
3903 7440
704 8204
178 2388
6600 9259
9792 3766
5764 7940
4123 2087
79 3025
448 2104
8799 4715
9496 7272
1694 7320
9531 5014
1066 1106
3490 989
7761 2888
6026 7694
9908 5940
7061 9078
9720 227
7944 7210
8664 3335
9235 6076
5911 15
7432 1558
4493 1495
1288 4659
9225 3789
569 4743
9099 5370
1098 6750
4773 2717
4174 1863
6999 2844
6756 9502
7884 5452
998 3321
8462 2719
3052 2698
4732 5281
1122 9214
8782 3569
5494 5567
6893 4030
499 3573
8402 2301
9508 4612
5726 2877
3336 4039
4960 8033
8986 5964
9253 3864
6523 9802
4218 751
6838 8645
5592 6260
35 5280
5224 3878
7264 8753
7233 1038
2012 7103
8269 7262
3895 5844
7871 3954
7552 5369
7818 3017
2723 8484
9196 5787
7489 5959
4383 6951
1884 4716
1512 5073
2011 4491
3416 7135
5821 848
6469 7714
1393 8764
6725 729
7843 2148
7426 9178
9282 8311
8014 2969
4366 2409
9607 3183
985 3987
7466 7301
5624 3084
4048 558
3941 4633
4703 7134
4554 4567
8136 2521
9769 6978
6173 8631
7728 8819
7155 9186
8222 760
9555 6268
926 5864
5384 5438
1783 6424
8510 6761
5504 3261
5195 7121
1478 82
8786 8507
674 4717
6853 6912
7987 4626
7534 8293
7909 4972
8690 5537
8112 3345
7104 7433
9568 4722
9576 6798
3648 7753
5494 4212
9513 4419
8920 5073
6404 1171
8470 7496
5200 7562
6303 1762
7868 194
5975 6363
5904 5665
4492 4708
825 5663
8261 3013
7161 4129
8043 841
8364 5097
9701 1450
8025 5402
5378 5447
6367 1531
6125 5152
6895 7285
5672 4123
8048 4194
2229 1265
9853 3510
819 9739
9754 9166
6037 8543
8151 7217
694 7263
2318 7093
6850 6845
7144 2862
8599 5098
8758 3953
9301 7090
3846 9807
6912 2741
3077 4112
1364 2749
9805 8057
1706 1466
5124 9377
2588 2608
8879 3546
9531 5458
8226 5647
4478 9875
5426 4430
7189 6553
9732 6387
3856 7088
8360 7798
7699 3622
6260 9473
1322 8013
9973 6715
7781 7367
4452 4611
4944 2104
2350 5422
7356 9002
5505 1582
7752 2586
9798 4997
7077 9708
4190 5405
5251 6024
3509 7636
9997 2066
8219 6007
9664 3354
9190 9850
6948 8961
1819 4752
5556 4795
9373 9971
6386 6942
9398 5305
2753 2526
8692 4325
4365 804
5411 4269
5395 7708
8674 7876
2261 7140
8949 1399
2553 1835
5687 8001
18 4336
5349 7188
3286 8516
5531 6670
1116 7466
8124 3881
176 1926
4756 3412
5337 5794
8584 9356
9007 7998
4621 7509
8263 8483
3923 3451
9530 4777
490 2587
8736 6084
6122 4091
7648 2329
8929 9633
4836 2078
2802 4107
5264 6460
7991 6869
6414 6370
3484 3646
5474 7438
4255 8862
9663 4380
9523 6026
9307 8128
9201 9129
3112 8325
6879 1077
4222 7116
7209 7893
8783 5125
6496 3756
1671 3671
9262 6557
5807 5934
7940 2864
6299 2609
9845 6090
3 2724
7024 6019
6640 4336
9601 6898
4776 8991
9341 3295
5471 3891
7637 3213
6059 6276
4519 9860
9219 6981
8959 9794
5108 2755
8095 1583
7032 7950
5254 9905
9466 2364
8674 7797
8114 6642
3188 8683
7025 1494
6883 4070
1151 8199
9337 9430
9853 4062
6635 6570
9497 6120
7740 6966
1320 141
8484 1233
2529 1412
7597 7331
3107 8973
829 1745
9004 9792
2868 9630
5769 2756
8069 9248
8346 1420
9204 3666
8301 1125
6300 6943
7244 4947
7315 9028
1735 8330
3294 3564
9746 1976
8538 6033
9807 5369
9835 3896
745 8530
9203 4851
2691 3944
5715 4051
5911 3697
6489 5660
1907 7511
7659 1082
6088 5730
8566 4940
2966 4004
6751 5027
7310 8926
6553 3056
8574 8184
791 6259
9366 9581
8086 7053
3393 9073
6347 4506
6629 957
185 8556
5585 7337
8016 1517
5001 9043
6620 8492
2839 4407
2239 9552
7195 7124
7076 8893
6795 9634
9244 1202
5253 5709
6598 4101
6840 1419
8121 8457
7632 7246
3721 9238
8437 2920
4358 7314
1292 4995
9867 2884
7088 2773
9288 9364
350 1560
5363 5557
910 1897
9904 4119
9231 5302
2044 4980
2613 936
741 1566
7182 5976
53 9042
5105 724
7472 4762
9899 4125
8211 4283
5208 6945
7851 3748
792 7516
3572 4782
3894 2618
6460 7280
7571 9706
6099 1410
5482 9813
885 3250
213 9502
901 2440
9268 3103
6508 3271
3764 6830
7590 1209
5943 4667
8651 2996
5989 6476
8305 4345
6536 1919
7019 4776
5326 7852
8247 4340
739 6592
3399 8408
97 6041
5623 7671
6191 4745
2595 6627
6075 9000
9575 6592
5819 4055
4728 295
66 4863
1294 7874
9795 6780
604 1011
4003 4442
825 3868
6974 4494
6463 6493
8352 3063
3610 5450
977 4905
8456 2891
491 5685
7829 1975
8642 5232
844 4497
6911 883
8443 3302
6215 4297
793 9406
7658 817
8514 9140
2996 5348
8311 8286
2616 6295
8003 9338
1446 2242
9089 4766
2492 4660
332 8499
7596 6597
1020 1962
4170 4689
1599 4793
8838 4258
5926 9024
5203 3152
6182 3207
4308 3468
6170 7519
2824 6543
901 9837
2682 9119
3604 5459
7238 6047
6496 7396
914 6100
6232 4088
9335 8460
8882 5711
8588 3278
7609 1008
987 7517
2391 4338
2654 9407
7267 4425
7996 2585
8758 7072
4795 2256
5020 6841
8294 6830
756 4773
5473 4049
278 7592
1086 8031
773 3370
4116 7983
1754 6211
7258 683
2996 4919
1507 6748
4981 1722
676 4376
1197 7754
1174 2374
6956 9622
4160 5141
9970 8516
6278 4045
2615 7563
6351 7418
9104 4847
6430 8236
3689 5677
8563 7381
3183 7791
6834 3630
6958 1939
196 4799
6739 2575
7764 1285
476 4035
6629 6086
6171 6440
5567 1078
6851 951
4573 6986
8862 5327
371 6614
9739 7815
8832 6616
4016 9283
7951 3834
1917 751
7444 7709
9404 5916
4727 9681
7715 6896
840 7829
7998 4969
5003 7226
455 4231
2344 1060
5920 926
8987 6099
7998 889
5444 4609
6935 9242
9060 2147
7078 8015
1627 7956
3325 1282
5820 1984
8108 2989
1296 5991
9546 3595
8002 3007
517 5472
3792 2488
7896 3227
2304 5673
55 8006
9311 8279
6756 4944
303 2860
3447 9219
5744 1184
2449 25
1366 5511
1512 4582
5319 8067
9433 1452
8603 8579
8257 7905
9124 5312
3215 8051
5469 8011
44 7187
1329 8746
4319 2624
8897 1068
1804 6797
6927 345
3086 1642
2451 1131
9467 3786
365 7134
5603 1423
2277 4132
219 1603
3720 3850
2424 7040
5155 7568
5816 669
2558 331
7618 239
5059 397
9332 5560
1546 4155
9744 5504
1821 7743
6771 5564
6564 1070
6856 1178
3233 3600
9671 4329
1660 362
7673 124
7428 3740
133 852
14 7576
4712 6085
7908 9453
3680 8089
6515 9529
5025 2051
9543 1676
1000 2544
5313 424
440 342
9323 1794
2325 8807
9952 4971
9100 5694
5896 2852
1742 8119
5509 5789
9452 1507
7651 5730
9172 6068
7694 8315
6850 3200
6541 7814
9316 6463
8055 7247
1985 269
8837 6236
1647 1442
6930 3839
6494 2491
145 299
9950 6227
7200 2653
8690 1463
6289 8394
8203 4233
7266 3128
4363 6923
1871 8074
5799 8651
6229 8464
2370 847
7739 5940
913 4843
5023 3936
7184 699
7973 2845
9683 6125
1364 4715
8015 8211
7705 5282
8286 4244
7806 5714
389 3624
871 1412
5714 4998
3640 2232
8106 5868
2180 2547
4924 4357
9471 7652
8798 6849
8035 1908
1361 1168
5362 7148
7807 3441
6888 5386
7669 1521
7193 9405
9953 835
3392 5405
2566 1162
