9887 7836
7898 7881
9436 5685
9548 8141
8185 2727
9483 2764
722 7839
5909 3358
2569 4671
8129 4902
8972 8331
5510 1811
9961 9599
7833 5025
2633 4319
8080 6070
7385 3293
9095 6573
282 5823
4052 3828
855 3241
8591 129
7291 9293
6919 9650
3248 8914
6239 4414
6146 6172
7962 5906
8829 1061
2863 9453
7643 4877
7925 6024
6703 3996
4562 7848
9647 9543
546 9558
4161 4242
1726 3712
1411 439
8744 4787
6508 5598
4149 6110
7473 3769
3266 5763
3471 6195
3474 4480
2340 6500
9262 2912
7220 327
1063 3260
5219 8131
9933 8156
8194 9056
7037 5467
791 9109
5259 7156
1740 9258
4086 5249
1047 1572
4825 7803
6518 3037
5191 3696
5618 4995
7660 2561
9547 5474
5480 3304
4660 6689
5516 4166
7405 6886
5297 4536
5954 1359
7456 3441
7903 6870
8615 4861
3130 788
63 2462
6983 4160
8562 8906
9765 2290
3197 3932
5906 3947
5770 2891
2282 9968
9670 6604
8216 5007
8253 9733
8724 7140
1394 8984
8584 6571
4749 5956
7577 8403
6801 1766
7448 8289
5467 5455
3907 9060
5857 4822
1528 2918
7605 4193
170 5984
2696 3784
3915 5514
9827 269
1986 2870
4305 6194
9228 4821
7858 9045
8222 3320
4091 3875
1265 5675
2056 2003
3005 2152
7440 8653
8534 9449
6089 8497
6433 8270
6925 4531
8602 3433
3343 4776
3300 6126
9618 145
3571 9595
5043 4335
4119 3950
1938 304
558 5826
8328 2002
7603 6967
7003 8665
150 2739
9826 4581
1106 4059
8050 9349
6410 3546
4817 5806
8691 5329
5316 3689
167 9859
4043 4584
7214 5936
2322 9288
7814 7429
8737 1661
5195 1305
8830 7487
8601 3234
5714 6973
6151 3564
2216 3765
9776 2383
7321 6570
5088 3020
5817 5381
189 5689
350 4560
419 5333
76 8377
7607 4833
9608 2812
5210 4006
6120 4227
4399 4730
8684 7796
3412 3804
5538 8423
5063 9621
8841 3286
9630 5432
6281 5205
7004 3348
2935 8430
7990 5779
9332 6677
7750 6063
7486 476
7950 6767
2284 2848
9803 6154
3460 1727
5714 2919
4798 7579
142 2836
2970 5246
9600 7902
6780 620
6303 7865
1180 3821
8033 5546
9807 1671
9075 5169
7888 3916
3608 6334
5354 4841
7937 7420
9489 692
1488 8259
375 6174
1469 2769
2024 9178
7454 8656
2924 309
8691 5034
9788 7562
8779 9698
6890 2548
2010 5688
5991 9575
5841 8584
3776 3800
4506 4814
8137 2889
1334 3496
1367 9271
971 7056
3832 9680
1395 8323
4287 8274
2775 1074
9261 4503
4424 4078
6301 3334
3971 3315
8212 4123
7088 3155
7018 9512
237 7074
5803 7608
6921 6546
3393 5859
7390 5075
7689 5600
946 6487
9020 3636
8123 3879
8310 7152
4301 7404
5314 9258
6655 5730
9076 5867
4938 3265
5507 7852
2319 4604
4557 6017
7145 935
8934 6686
744 2717
716 5099
1361 6594
6385 4859
5913 5278
4815 7746
7826 6931
7223 2925
8121 2089
557 3241
1505 3983
8003 1050
6862 6100
1175 3290
9275 8305
5694 4308
664 5740
7002 9234
6322 7260
3270 9242
7945 2169
2726 5880
9771 4806
1227 8418
2419 5319
7424 3342
2105 5654
7172 2074
3464 6115
5118 1586
8442 3446
2257 4102
8387 8879
2982 2557
4380 3993
2644 1515
7552 7152
5637 3211
7240 8314
2188 5557
5734 4083
5090 1766
8629 3285
5671 2980
9805 6631
8800 8536
6835 5003
2629 5155
1959 6084
5548 7195
1329 7637
8586 9223
4465 5999
5198 5392
8508 5102
5771 3453
6528 3395
6705 7000
4836 2946
1936 1791
6927 7049
3995 1512
3280 483
9884 3904
3129 7669
9956 5241
6852 3613
5198 3419
277 3818
2467 6503
593 3795
7900 6922
8968 6497
1101 4201
7679 4186
687 3285
352 8664
9847 4264
8833 2902
7722 1910
2748 4176
891 1371
4447 4557
8255 4480
7004 5686
5014 5772
3125 46
366 2839
8275 9269
2014 4975
6385 8310
4788 6368
8941 9251
226 9073
6337 4711
8100 5373
452 6117
1243 4926
8003 7655
9379 7383
6362 7400
9277 4073
8453 4858
6992 333
6007 1924
319 4433
7352 6503
6488 3954
9019 516
7326 5053
4223 1620
9219 2159
6582 6864
4972 8137
3986 2444
275 5019
6846 642
4443 3299
2476 2349
318 7052
9774 1980
6644 4601
9691 4426
1482 6860
8087 5285
8228 7210
3038 776
8784 4166
5254 5325
8912 4846
7034 9566
3593 1937
3689 1416
7264 7813
6879 8645
3227 3987
1356 6882
6332 6153
1943 1983
1406 2798
9573 8769
6015 555
7108 9794
3280 3705
7557 5419
7708 9035
8066 4542
9544 4281
6486 5021
1532 1338
8515 7788
6812 3235
9853 8944
4882 3372
9993 4494
8976 5867
8366 2151
2710 2892
5115 5007
6215 4534
8948 5926
1818 8353
7962 4663
7093 6200
9373 4641
80 1749
3102 9660
5419 520
5243 6710
5609 6279
5442 3658
9241 5518
9409 4577
8168 9211
6148 6708
5915 3208
1174 9698
9039 4485
8911 5239
9184 8515
1097 1786
7551 796
2710 9563
93 7299
2111 8480
6321 4542
9550 5347
7849 7256
166 9211
8179 2701
8767 9287
4694 5848
6827 5703
9437 343
5937 7117
8936 5016
8106 7713
4324 2494
268 6081
5183 7365
9458 7986
3546 4829
2110 3774
7792 5917
1876 5004
4510 38
793 3845
3229 2533
1904 7210
9366 826
6318 1988
3940 6193
7633 4180
2497 4691
7175 2319
2145 38
49 5619
9396 6424
6485 3979
9176 1954
5930 5383
9555 1987
4682 8055
487 9120
5807 4000
5908 8253
8790 5567
4148 7367
3076 4640
9365 4751
7026 6373
4633 3625
92 4282
3858 2811
6819 4619
9709 5729
5189 810
486 2371
6980 8593
8058 4197
6753 8587
7756 5552
8439 2613
9373 3649
3943 4467
7098 5323
8765 9953
8839 3715
3860 497
820 5226
5158 8155
2729 758
7865 247
3460 8147
836 740
8396 4313
7509 6247
1171 1898
6190 6006
9300 5399
7380 5278
9281 4073
537 1733
6562 4013
8125 3567
7108 4977
7187 5270
8092 5376
1415 5799
8264 3389
9334 3828
8938 4730
9450 3077
9762 8038
9125 2499
7874 2951
7193 5936
7902 8382
964 7044
9400 1391
7051 7694
5948 7078
5941 3921
1063 5710
6034 6071
9979 8278
6426 6595
6181 4549
6561 3787
9871 6237
669 3460
9566 5601
8547 8133
5441 7139
5023 5165
7648 8744
3405 4857
5500 7719
2530 1661
5902 4989
6817 7769
8229 9369
9304 5493
7826 7151
3055 8837
6232 9186
6538 4274
4881 5058
3409 5807
7948 876
7754 5706
9237 7775
9042 7270
3651 8952
9442 5669
4120 3280
7122 5614
3361 784
8923 8487
4639 8571
9701 2927
5516 2428
8507 6330
9318 156
8641 6064
7149 11
8489 4475
5507 7977
8683 7229
8214 3489
9711 1255
9678 5279
9440 6619
6508 5283
4209 1645
9491 5803
6564 4811
8737 5600
5996 1092
9027 6342
5321 1936
7696 5081
4411 6330
8607 9139
6971 5579
9274 971
8362 5844
8804 4728
3277 3893
2862 645
8135 6821
5444 5840
868 7442
1873 9472
6047 5352
3758 7320
7650 1824
635 6453
6562 8390
5829 9559
4909 2234
3465 1325
7995 6666
8404 7130
4584 9533
6065 9277
7709 6726
8104 6730
3604 7913
4853 5614
8368 360
7445 4815
9472 6718
1104 8570
9388 1328
8519 2865
1358 4959
9807 6644
3821 569
7054 6771
6806 519
5741 3164
114 4569
9383 8982
9149 7354
6119 3874
9504 5946
7737 1903
933 6715
5379 5040
208 3049
4655 8621
7277 2332
1056 9158
430 3219
8207 6295
1888 4477
4055 9622
5141 4178
8238 4827
8482 5453
9476 5079
2999 3870
9306 1140
775 5738
5119 8445
6223 5004
8024 4430
5221 9395
6976 1306
604 4580
6358 5808
7476 2531
7978 7882
9867 2762
6370 8033
9011 37
4639 3391
6461 4889
9771 6851
3463 5414
3845 6913
5187 3610
7800 8347
993 7263
5943 5579
9940 2543
7350 6835
5489 2928
9071 4117
7942 2051
6495 6994
1300 2431
7361 5159
2247 6183
1049 6232
8359 474
606 5928
4413 8430
7248 9833
9471 2078
9696 6626
890 439
1429 5820
9457 9498
2807 8361
2099 6554
3848 7052
6346 4898
2495 3292
8489 7242
6292 3386
1 7780
527 9287
6279 2629
802 1386
12 6599
6384 63
8400 9011
9837 347
8568 6609
9564 8819
8065 7974
4923 9309
1595 5987
9155 663
6284 7416
8435 1542
1683 5807
6979 7648
3530 5039
6298 5486
4223 7706
5426 1090
6894 3790
3188 845
9748 7192
1649 7283
9882 7421
3104 9482
9689 1630
1817 4881
3815 714
8288 8904
6404 8477
1838 3893
9695 482
8447 976
158 1660
3700 6897
9754 2001
6904 5393
1037 3470
6143 4514
6506 4337
5320 3952
5758 7561
2167 1156
9016 3176
7897 5770
6272 4520
6609 5337
9074 1316
6193 9596
5326 5544
1825 4960
2892 5653
7687 6310
2879 6357
6821 1436
9318 1797
2145 1410
4133 3880
7297 6505
9763 3123
9766 6804
8005 4498
1730 6685
214 2453
4169 8088
2342 4031
8283 7889
4386 5349
1216 8800
7703 3234
249 353
8555 1235
3035 7004
8140 727
6957 6046
5484 4170
7987 7315
7868 9875
519 4499
8148 3513
5668 1483
4279 1264
7556 8970
9946 3607
5620 6138
9481 3507
3361 5016
5716 9229
5842 1003
1523 6691
3274 7528
1680 9792
5503 9121
7801 2708
4073 9803
8278 9197
3989 1996
6028 1250
5150 7397
5302 8434
7334 3097
7937 2380
1495 5824
4778 9080
9343 3118
3853 4794
9814 9570
2470 7278
9574 3172
7562 3499
7434 52
7689 5674
1911 3271
6698 9702
4301 5721
4098 4867
3396 6517
4705 2283
5123 4782
1435 659
6381 7901
8119 8762
858 274
7466 3629
6005 5291
9735 8593
4059 1771
3355 7051
4766 1367
3212 8436
3305 4426
3694 37
3187 6127
4609 5971
6986 8896
8870 7633
2152 8018
4530 6967
7938 9235
8091 8245
6580 1684
609 5302
259 7404
5056 5212
7310 217
4023 7055
1105 1682
6710 6345
9037 4080
5759 4322
8918 2402
9291 7868
6100 5783
5136 8480
9833 1920
8945 4198
7628 7036
4195 5418
5541 8650
9915 3386
6921 7588
9495 4786
1554 8203
8775 3642
4225 6465
4003 3383
3182 1699
7979 9895
9973 6518
9140 5497
8081 7139
6185 242
7840 5764
3146 5159
8044 2790
312 2116
7481 8167
8831 4230
6843 7358
902 7472
4307 4036
1293 8754
2010 7348
6254 5687
872 1298
8351 1499
1788 3219
2619 151
7641 1982
1667 8069
6824 5143
2209 9786
2197 6285
7298 5965
5901 967
1838 6352
5091 9729
2211 4382
1071 6853
9493 5466
1562 9342
3009 3315
6697 4176
6824 4217
4942 3634
8199 5026
4346 5266
5631 4610
3146 2273
8735 8160
7292 4443
9355 2620
890 6791
3655 2271
6472 6286
7322 4470
1050 7157
9149 687
4367 2184
9144 3726
6907 3181
1869 4981
918 329
5276 4920
2211 3698
9494 8454
848 270
156 3389
1317 9608
6405 984
9538 6282
9400 2376
6908 9906
999 5771
8560 7997
394 4385
4442 6047
7487 7260
4839 7669
6666 3095
7268 6169
6354 8458
5044 6317
9067 1533
8183 7902
6906 8153
8283 8254
3971 8734
9167 5305
403 2461
8047 2241
5691 2529
6466 4740
6961 4948
5858 4103
5928 9531
5212 959
8011 6869
5239 9952
2216 621
6301 7948
6935 6773
3264 8481
9422 6675
5523 2369
1061 3090
8208 4013
7566 2560
1288 1002
8162 8448
8067 5178
7132 1931
642 1012
8603 2714
9052 4755
7713 5360
206 7800
2308 5417
238 3588
396 6096
353 5231
1351 4747
4406 6419
1690 3395
2115 4850
1226 6674
1054 3184
1303 3925
2934 6057
1163 8954
8460 7229
270 7690
7067 7268
142 1210
4255 9646
7603 3986
6935 9485
4232 1556
8349 3281
706 4177
5862 6533
7471 6203
9103 7577
9391 5994
9449 751
730 5823
2616 2647
9233 5593
1077 9839
637 4548
7367 4402
4681 2304
1778 4638
4314 561
169 2349
3253 2278
5484 2254
6972 991
7942 7908
5263 4766
6935 7754
7162 8965
6386 6263
9626 518
8199 5928
5826 6313
1002 5598
3591 3333
9509 2040
5943 7248
9236 7543
1139 6771
4838 6522
7556 6357
2127 5828
9008 8066
6232 561
8781 3822
8614 7617
9998 2739
7388 1454
688 2940
7346 5887
2789 9717
7701 5297
6872 9121
8823 2893
5395 8560
1263 6904
9678 2360
6487 5459
8679 3787
9748 2311
7569 3922
5027 8928
5072 1760
9775 3353
9928 6564
9237 1957
1794 3170
2263 1928
5611 9100
3649 9248
9097 6528
7782 5211
4893 4511
7246 1710
6528 7580
401 7918
4453 388
8682 3145
8463 9931
2076 1526
2663 5029
7673 6328
956 34
7256 8440
4973 6318
7946 5211
8458 2353
6546 1864
9097 1522
8735 8525
3179 6198
7401 5761
8254 5448
3900 5931
3958 7104
4036 9912
6838 4493
9434 5651
5442 5318
7932 3074
2012 7152
181 5797
7402 1273
6089 8054
9160 7482
8347 3932
8132 5993
1056 9151
3867 5767
1489 8215
6965 3608
6185 5897
1082 6292
7200 5353
8811 3635
6934 1935
4265 3453
9495 8239
2407 9320
6688 3865
8300 3833
963 8936
8101 5875
2870 6048
1612 4134
9573 3813
1467 6897
641 7838
7348 2110
3980 1641
3231 4226
8021 2095
4534 4378
4441 3921
2445 284
4127 3236
883 7492
2705 625
5972 8138
6285 9352
6629 8896
5364 3788
7377 6840
6864 3057
6546 5865
8605 4832
59 4234
7657 3861
1795 2282
6115 2380
6877 6150
7876 8106
849 4767
1265 6668
9495 4522
1830 1192
2495 7473
9422 7161
485 4692
226 3943
9529 4291
7997 7699
5100 951
4317 4514
8611 5414
9156 2733
9419 1386
7077 1313
652 4990
5373 7647
3861 4648
1920 7888
5688 340
1777 5099
2207 2468
249 2506
7764 4579
9570 7567
9551 9311
8864 3914
2173 8603
6242 7170
5479 5427
5281 1012
6588 8746
853 4727
9534 568
9750 7511
9119 2046
2892 8182
4003 8622
8363 5446
740 2985
9191 6766
982 7739
8162 4638
3552 5195
7873 9315
6283 4676
2057 7623
8877 6956
8571 3237
6695 9050
728 4974
1887 7148
1852 5878
6214 7178
1087 3163
7421 573
2512 7213
6144 6974
8555 1670
8866 5504
8171 4942
449 3293
9796 9575
2062 2668
804 4164
957 7375
520 3173
6536 3455
9232 313
6027 9435
5307 4356
6702 8298
7913 1506
3264 149
9992 3865
7363 8394
9058 5687
2269 3159
9823 8607
4804 8242
745 6162
1669 3100
3456 7795
8425 6124
8387 3617
6946 6914
4633 5327
7555 5194
4938 9346
5473 4257
1589 2474
1994 5906
6829 3252
8014 5893
7487 9116
7769 5796
1168 5046
4319 5931
6075 7866
9726 5691
5459 5153
6461 4145
3241 6284
8933 3547
4499 3539
30 7189
5935 4974
2691 4275
6362 3735
451 988
8630 5027
8890 6600
3756 2276
3048 4670
7310 397
2478 7671
8287 3533
5065 4579
9726 2792
5920 2878
7325 5229
9102 7250
8274 8559
9777 8062
9087 5666
2229 4994
947 4672
7839 9772
631 1403
7573 1399
5589 5989
4080 2736
7868 5225
732 9298
3700 5898
6186 9133
3324 2120
1689 4612
4244 3517
2776 4466
7901 9724
2058 6172
9181 4752
7858 6873
6564 310
2406 6855
403 5982
3588 1082
1278 3967
8027 6049
4731 9095
5815 4773
9299 2421
4658 8058
8071 9209
549 1727
2954 3317
1260 6434
9826 6489
8446 6238
207 9732
1578 7359
6053 2443
7577 2527
4907 9041
6064 508
7741 7775
4472 1650
1109 1259
6530 5347
7221 7187
8200 7242
1170 6638
2002 5448
7559 6428
8202 5073
4971 1189
7078 7552
2548 4197
4364 5392
6421 4249
3559 4140
6809 3836
38 6876
2342 1998
9102 526
7978 4173
5170 3398
1425 2905
5924 2288
8833 3640
6121 358
6832 7280
6567 7470
1609 7987
5208 8591
9298 1582
8148 2877
3382 5136
4669 8727
7287 7917
8524 2080
8971 5509
4585 7272
4414 7390
5689 6046
5854 2178
4746 1218
6587 2177
1835 5539
277 9712
3250 8376
2916 623
3139 143
4240 3867
7317 3083
3571 1759
6877 8409
818 7484
7136 7064
3301 6449
3232 4400
9792 5792
5663 4407
1473 3335
2083 9451
8870 8836
1673 656
9363 5736
7232 5846
5767 2141
7011 1713
5689 8866
2203 1989
2678 821
5967 8093
6987 309
691 2373
9486 1497
955 1665
1484 7378
9211 4712
2330 1693
3782 4412
60 7350
1221 4938
218 4031
3851 7400
6699 2363
233 6002
6299 4607
2745 5439
2774 1710
182 8107
7807 3178
156 12
7729 9940
8730 4092
4536 5759
9152 2509
1473 3711
4874 6020
4741 4178
463 2276
7510 4998
4964 6852
8235 8593
5451 968
6578 5324
9630 1100
538 7122
8165 3020
7493 1395
435 5388
7391 2845
8303 8848
7010 6122
8958 1057
2596 6739
4633 3732
2520 1267
6900 7832
709 830
1378 5126
8310 4175
495 8714
6483 5679
9868 2338
6972 3628
7746 2268
1254 8887
7064 3860
2159 8212
5980 1015
5852 5704
7190 9570
8293 5002
4898 6874
5450 7387
7718 829
6776 9701
5613 6856
6536 9231
3362 5100
3133 3550
5529 7801
5554 5350
9759 2529
656 8887
1790 6601
9024 8432
7601 6414
8470 181
2151 4779
8761 4302
5488 4622
7092 3948
9136 5761
2429 1875
6267 4710
6195 3144
7105 5809
5632 4199
5895 4838
7999 3053
5103 1640
8578 7577
5768 9348
7605 6253
6433 7752
9001 6367
7368 8905
9691 105
969 2957
94 2693
7074 5691
1303 9892
7671 7667
7058 6915
2808 1591
3389 5020
3984 2197
2602 7121
8104 4930
1681 5987
9427 6717
2116 6100
9354 9622
3414 8352
1764 7863
6190 3698
8660 8423
5898 2250
192 3628
388 7475
4373 4614
3384 1656
9059 4577
8131 323
6664 8815
3095 4384
6047 8587
1020 4160
6534 2289
1800 8967
8692 7385
3382 8763
2511 6992
147 5174
5791 4352
930 1355
4532 8592
8792 6690
9766 2237
5791 7735
8029 2503
9021 7573
9851 9757
9603 5454
4122 6721
567 3945
3013 1860
6681 4284
9819 9660
528 3953
6919 8542
8020 6079
8806 2558
5256 6771
6662 4944
4979 7954
9927 7658
6771 3130
7831 2127
7397 3821
5146 6081
5293 4330
7701 7652
7174 6674
9849 3658
2674 9052
5891 8571
6978 3995
4364 3234
8106 7822
5675 2567
8627 6999
8362 7253
2152 7371
5002 6086
6242 6182
8559 11
131 2815
5218 5566
2743 6132
9733 7108
7315 5993
906 1801
6311 5090
7073 9614
7997 5798
5101 6859
7785 1677
8036 3245
9202 5378
8622 4803
9843 1210
223 7076
593 5892
5737 9406
2944 7182
9791 6123
5956 7494
5847 8756
9513 931
640 4102
478 6255
2524 853
7973 2034
9151 4221
8982 2463
8193 9887
8098 2187
8466 7915
343 8174
4278 5721
3218 6495
4999 1842
334 1938
3279 4704
5753 4933
8340 4285
7705 3774
1443 4210
2378 6639
5771 3940
4354 9809
4496 5957
6156 5444
3902 5218
1233 7490
6781 19
9819 4225
9412 9994
8865 3180
5568 928
8785 4648
2185 3103
4952 6065
8614 3719
3850 5041
872 9416
5796 1852
44 2848
5888 4824
9100 6214
8515 5295
6187 4891
6505 7681
2023 7484
626 1668
109 5350
1884 357
9425 3651
6407 9445
6796 4302
5488 9175
1790 9060
6970 9824
992 6047
5894 2400
8284 9051
9803 4886
286 5777
3837 4647
7671 5562
5391 4152
363 1981
6465 5464
8035 9407
963 5588
530 5477
2435 1533
1189 1097
161 4038
2685 3859
8803 2920
4025 5125
7438 6276
5155 1148
745 4503
9339 6835
8315 9518
9058 4378
1163 3969
4067 3028
6763 1118
6200 4913
8975 3296
3790 3622
2467 3528
8953 2985
6986 4021
4842 6407
630 8057
6528 2648
9508 534
9070 6724
8275 6978
85 1023
1585 292
2440 5007
1236 8217
6031 6164
8679 1325
2292 1847
4960 2319
6878 6302
5091 4236
3021 6571
1242 3457
6395 6562
5101 2968
3939 4926
8615 6157
7863 5061
9758 4859
3199 2120
9111 1076
6332 4412
9150 6437
9143 3014
2551 4299
8622 5234
4009 6540
521 3000
6594 7014
5996 6570
2150 4076
7109 6561
8608 8574
4740 5833
3889 3482
4898 1696
4022 2291
5731 5834
8155 5717
703 3663
8412 3279
6705 7100
4804 2074
3393 2739
8143 2458
9411 2387
2401 6128
1277 4177
7916 6616
8603 120
1386 1087
7705 2353
3457 108
6842 5361
1735 6573
1456 7683
9814 1851
6663 6069
71 5139
6943 4137
6228 5094
2255 6437
1138 3213
1827 6175
4246 4482
6300 890
8694 2816
3450 3501
7020 4599
1311 5477
2089 6296
7205 3332
5565 3531
7841 4482
9370 1005
1383 5437
7947 2141
6980 6489
4304 7065
1883 6699
8631 8142
4608 5490
771 4048
6157 9081
762 8136
3313 7794
873 4971
5534 178
6764 835
9269 5810
5250 3388
2579 4308
8095 3035
8237 1398
4867 65
2983 2038
9564 5290
4765 7409
4949 5015
6305 9423
7502 2009
5053 6240
4005 4099
3691 5400
7572 6619
1104 3015
5897 7800
5895 4950
6901 5633
7988 3272
9572 3178
1422 8141
9075 6694
7795 5213
1869 1663
6726 1737
2140 8542
8090 4343
1979 7133
4431 9589
4665 5326
6287 5716
2455 4618
5801 4547
3122 7821
3082 6702
8840 9163
7128 5056
5046 4119
8569 5896
11 5961
7978 8838
8153 5163
8000 4692
8931 1818
3178 9271
4850 9778
9709 5532
6102 4515
3168 366
7505 2885
6593 9973
4284 5876
7293 4426
7040 2031
7544 1564
525 3270
7553 2552
3339 3338
2525 381
4093 2494
8852 9644
8769 7660
1377 1456
6958 5725
2136 3430
8190 5179
7630 7737
8812 4445
1791 628
1133 8764
7382 9328
5472 6697
7222 479
6470 1369
6894 3094
9132 8708
8224 9499
8590 5392
7021 3054
8056 9134
2578 1802
4752 5940
5373 8502
4547 5013
8728 3003
7656 7069
7200 410
5605 7468
6226 2419
7932 8172
8630 8968
7696 6360
6657 3810
7854 7700
6058 4942
6119 3609
9940 7029
4467 307
9463 9356
4038 1887
8903 7972
5112 6646
4891 9121
6326 6046
9704 1955
4239 1998
6675 2901
5732 6475
43 7002
1830 3820
8084 1759
9457 1970
3584 3908
7945 4044
7761 4223
5472 7194
6896 7865
9372 8692
7773 6677
8237 9292
8022 5203
6255 3375
7276 394
7193 4826
6271 57
9808 978
9665 9560
5867 3091
8776 8644
8025 5743
6534 7462
4731 1022
8841 8517
9531 4497
9019 6308
4779 5873
1007 2611
6724 9959
2368 2933
4126 4712
8427 4568
7757 572
8522 4805
7751 6685
8556 3406
9828 7
9418 9184
8954 3802
4150 7526
7991 3196
1828 2443
9647 9623
9671 5550
8413 8029
8024 8742
3060 2126
5594 154
6862 2069
428 4694
636 4872
7375 5300
9011 5396
6125 5159
6391 9479
2759 858
8576 5175
6370 8144
5277 4540
5538 4352
6926 9530
1016 6971
8467 7339
2094 5019
7645 5955
160 1509
9813 9524
4117 6665
7631 543
8066 5315
1995 7534
5544 3850
7966 5084
7534 997
8585 7573
40 932
8983 5404
641 4010
9599 6804
9857 7328
5473 1287
2852 1570
8786 285
9238 8259
1117 7093
635 6861
7634 1241
9225 7273
4466 1843
2898 5594
3978 5701
224 4782
134 8272
6462 4137
3285 7171
7046 3141
9683 3024
6253 2808
9878 1398
805 51
5271 7622
8282 3589
121 2573
9152 4906
9470 5252
422 5130
2318 7597
1573 4245
8324 7154
1107 8616
6885 5128
2690 1992
5730 4093
1172 7284
6099 4569
6850 3979
5349 4522
5643 2488
6078 6617
5892 3983
2667 9713
7278 3904
2212 7857
5466 6211
2349 2843
7397 7652
8712 5118
5749 8670
1494 1282
3495 833
8761 846
9217 308
1489 7475
4831 5713
7776 8974
2484 277
7339 6613
3381 2141
1916 9511
6422 8079
5068 6420
8633 9160
3525 6966
8384 3437
6911 3813
777 3990
2611 8989
7089 8020
6672 2484
662 7571
9967 2596
7406 1661
5840 8225
4155 3992
8549 2090
8413 5198
4189 5562
9906 7726
5534 7135
9864 6497
2125 4679
6331 7681
9846 4642
6569 5752
4119 4419
378 7640
9808 3074
2956 9387
8457 3147
5480 82
3692 4998
7250 4810
926 2611
8923 1526
4944 9763
4226 9483
4467 1961
5273 7723
7045 3479
8876 2353
8270 5512
1618 5763
8937 4026
2495 6036
7672 1133
2145 8663
4311 1340
8894 4329
1342 3320
7190 4772
3591 5602
201 1402
6457 1888
1818 6174
4094 7354
1293 5306
4954 4536
1112 4211
5816 5275
2259 4870
9850 5770
1235 6533
1056 5070
2322 8602
9213 4432
2550 9893
9889 2621
4931 8093
2852 2243
8380 270
9186 6032
2823 6911
7451 2695
369 4116
5924 8433
9742 5203
3243 8665
6619 6716
6569 8356
6046 4868
6864 7715
9002 3070
8785 332
4843 3792
400 4755
5457 982
327 7394
7365 948
9013 5299
7183 9804
6638 3588
1029 3650
120 4822
7606 5440
6641 5054
4550 133
3940 5048
4458 315
6345 5177
9001 2148
2385 4833
7641 2172
7283 478
6559 1844
6103 7751
2604 7994
6772 9199
7064 8553
8401 2920
1257 3463
7909 2229
4314 2764
3598 3311
3615 8913
9372 6763
8126 9747
6292 5943
5349 4269
7029 5125
7023 2607
3564 4723
656 1795
208 9741
7684 5507
7434 3346
4139 5634
3144 8752
2402 3419
8310 5151
6367 9513
9001 4739
5052 7257
525 3153
3480 191
6535 8050
9033 8865
9284 5966
768 6937
1814 108
2945 9831
1821 6914
1650 7032
7024 6349
6356 9337
9653 4678
7657 1566
4212 5078
6794 8516
1030 6011
9448 2704
6621 6494
9738 4614
9304 1878
6465 5954
7117 5614
1913 3483
8055 9546
8782 4169
2179 6756
8249 4837
3357 7142
3873 5975
3150 7566
2429 5066
1484 8530
6571 8312
7051 9703
4079 7248
9022 8557
447 4225
5048 3619
4652 7820
242 558
6356 6330
2738 2037
8689 4597
4415 2888
6746 6744
8642 2566
5505 1993
1941 6308
635 3643
5585 8109
7749 4914
3202 5002
3071 6239
1257 4336
6919 148
1070 1211
3805 7143
4898 655
2409 3272
8678 6932
4712 613
6386 4199
1140 2889
6246 3667
5566 3679
9795 1444
3375 8168
5111 2052
6002 4209
6134 2150
566 4953
2822 3976
6784 6352
139 6542
8299 5155
4197 6448
8202 9689
5702 6024
595 7990
4298 572
4130 8609
6637 3794
785 2674
4742 7150
6313 4902
4657 6288
3858 4888
6973 8331
7045 5467
4832 3818
1786 7564
7506 9962
4445 6526
7595 7038
4202 8754
7035 7344
7754 7031
433 9927
1098 6345
8601 8364
829 7123
8189 4929
6107 8193
4278 7702
9262 4619
5783 7251
3260 5854
9077 7956
8860 1542
267 6430
6613 1477
4630 8921
9872 8806
1087 3459
8241 3375
6386 5864
5272 3140
5674 4877
6323 2290
6983 5975
818 4624
9169 4754
8663 4653
1806 9868
7152 2522
6716 6799
1932 5779
9035 9076
7660 3342
8303 8403
8094 9461
6401 5633
2932 6509
856 8541
4138 6728
7668 3997
7893 4610
308 9611
7813 6832
1450 7149
9987 4059
6431 5754
8957 1972
3184 3323
8041 5383
8925 4383
1268 5573
9938 8489
2333 5668
9344 5535
4708 4871
6297 1445
5541 6535
4333 6391
6931 6161
1571 9667
9938 8610
9566 6752
4984 6388
5218 2354
1883 4277
9042 9226
7143 2260
9148 8346
3103 5599
7616 2894
2499 3354
2931 6660
4890 4982
2920 4515
4988 1087
3467 4684
5798 6325
9048 1820
7752 5764
1865 3603
5323 4231
4151 6750
7864 5453
7067 4843
6860 5718
6368 1580
7853 46
7787 1907
1186 7573
2519 7860
6800 2176
6870 8513
1741 4304
920 4569
4912 8810
6340 8957
6663 7890
2514 4641
4290 3808
8465 5511
4903 6223
6123 742
6638 9001
5253 7275
300 8661
3335 2016
8849 4346
9907 7663
6890 3745
3817 7654
5859 9421
8476 5232
4898 4953
6079 8377
5843 7346
7730 3843
9260 510
6926 6448
3333 1431
7525 2283
7082 6143
2349 4149
2844 2142
1095 6518
6380 7793
5986 3207
6084 103
5190 3273
4178 4761
1196 4062
5067 6320
6560 3186
4647 2472
1949 1532
7871 3162
4908 4462
3288 9743
3178 1506
7328 3179
5990 5140
8212 7777
6027 6190
8105 5436
5977 1414
473 4498
5661 7072
4133 1325
4081 869
7756 4235
3139 7297
4834 1372
4121 7852
9552 1516
5978 7129
916 2156
4400 8206
2533 2239
9010 2172
3732 2041
1203 7740
2416 3761
8199 617
4334 9959
6077 6963
1971 8780
8889 8419
8615 5147
8634 5160
9016 2983
7221 9724
777 290
1648 9150
398 4808
5329 4868
5850 8246
4597 8854
5590 442
2180 1962
1758 4713
6749 9217
6144 735
913 4392
5617 4867
8981 5338
6083 7262
5476 2383
6005 1192
34 5039
7602 6480
709 3407
2407 5364
1796 1046
7911 590
9277 4060
8586 8084
5953 7044
3155 8906
2594 8344
5947 5280
4281 1289
7644 4797
9080 7279
5241 3024
6017 276
6448 5158
5022 4791
134 1728
6266 7746
3422 5062
7838 9106
1556 6904
3501 8509
6993 7967
2740 5415
9496 7850
871 8908
9694 1678
8796 4500
2169 8945
8310 6189
1243 4471
9395 1274
2890 232
4459 2304
9655 6688
5497 4925
6546 6473
2136 3412
6241 7823
19 5901
4205 623
7069 9897
8466 9711
7814 1420
8924 6590
2477 4092
758 5193
4857 8069
8343 7547
5789 7783
7683 5222
3937 5359
8505 7316
5982 4687
2185 2792
8955 4748
6813 828
9312 5251
6537 7016
3266 7648
3911 3922
9101 7552
1326 2630
6824 1983
4346 3032
6968 5374
7962 6986
6477 5029
8364 4707
7082 2628
567 898
1150 7140
7143 7189
844 6252
7183 1111
7074 6537
2478 4023
7892 524
5918 8017
9242 3232
8354 6705
8441 7347
9246 8306
5538 8964
6761 3229
5192 3860
9834 4046
7483 4382
3961 6213
9349 7909
3213 6993
8853 6281
5401 6599
6219 3555
250 4065
946 7444
5437 816
6584 7854
1128 2762
5491 7697
6546 5118
5904 5880
117 917
2137 710
6476 9489
7398 9010
7102 3764
6775 7570
6773 9712
6229 6579
7674 3926
4717 8195
7831 611
9701 1894
759 6692
6373 4759
7957 6614
5923 4967
395 4136
7050 2153
2063 7419
8806 8518
5218 9995
7694 3652
9767 5523
4266 5347
2748 8690
594 8173
6731 3541
2009 7075
3358 2728
1084 5004
934 9675
5354 4564
261 6428
5927 3931
4901 3764
6974 9082
7805 4809
2635 3457
2194 3714
8482 5667
5020 5563
6697 1984
2210 1443
4923 1200
2081 1558
5464 6213
9089 2588
8682 2695
9709 1744
8897 9413
6491 953
5966 3054
1902 2616
1775 4238
9163 9010
6017 2238
8198 9533
9869 4971
5631 8847
8155 3420
2223 8686
4890 1911
1154 4685
4089 3996
1776 1177
7672 6992
6125 3181
9624 7553
3976 6428
9700 5333
6766 3887
4568 1055
5050 9056
6179 276
8031 8335
2991 9042
8742 4374
2017 3854
7622 5282
6097 1267
9277 1392
8867 9859
9817 2834
6563 7863
5440 7763
5604 3441
8531 3
7269 7207
6985 3247
6949 1375
1288 8380
1972 8783
4716 3423
3393 3972
9986 4309
6606 2554
6033 706
8190 9364
5735 783
6092 5487
1763 9733
7616 1141
7564 7626
2395 5745
4041 5068
3343 7655
4371 3896
7735 5414
7375 7094
372 6593
6088 7300
8358 1377
8413 6682
5240 2480
5988 4854
8455 5861
9957 1756
5903 6207
2586 3074
6615 522
4828 9073
4324 1168
1202 1398
1008 889
5965 7206
3027 4106
6640 3854
1645 4075
5504 5572
6087 5627
5245 9253
9242 4268
3462 9403
1747 1578
1619 8748
5580 4483
663 1133
1719 8053
1729 4311
8723 2777
5706 5009
4830 1174
5153 3076
109 6559
8366 2624
9785 2988
1330 3932
2982 2777
17 3708
7326 3003
7775 8693
1904 7294
8794 455
1271 147
9596 4755
8323 1220
6591 9966
7886 9998
5742 2033
4202 7566
4897 5913
7801 7941
5344 5141
9845 1675
2620 6723
7493 6512
6271 6699
8628 3374
2605 8522
7722 2814
939 4531
7606 4817
5603 7179
7745 5915
7667 4046
6459 3902
769 7210
6653 8090
2852 8520
1587 5627
7372 1509
5393 6443
4589 6389
4976 7323
4663 4648
8458 8079
5995 1300
4895 5119
5278 8304
9951 5588
7662 5112
7834 4401
6699 4247
1140 6641
9944 1118
1600 7794
7056 2040
8012 9547
5782 3528
7223 6354
7202 5248
1069 9447
100 3169
9821 3276
4097 7754
8101 2957
1105 3398
8503 6909
6600 2002
3031 5973
9128 6143
4145 9636
8935 1547
7031 9284
3031 2711
7310 7423
630 8595
4830 1458
4749 4502
1574 8400
6393 9414
5101 2
8610 9492
2722 4477
922 2472
7259 5098
6400 9309
5968 7437
1179 7726
560 8657
7604 2514
8676 1565
5599 3783
5549 4191
9661 4525
4781 7473
9711 7271
7584 5137
9793 1419
431 5594
6532 7226
4190 5167
2467 5597
8139 6298
1415 5212
7585 4463
5017 6787
2366 9342
1499 7313
7357 5215
8498 1922
7846 7594
6253 4670
3192 3678
2569 2238
3060 7171
9846 8906
5088 8774
9255 3446
4267 4646
4845 7326
1883 4512
8970 9622
3018 5080
8801 9520
7748 6281
9263 691
8105 2354
1880 3840
5671 5846
7718 6001
682 3108
1154 9748
3585 4093
1681 9615
8367 7965
2201 7557
1281 2218
6951 9225
8255 2661
1307 9037
4700 2100
3574 4735
6963 9464
8080 6457
4596 8580
6781 4505
3305 6681
9541 3519
6203 5925
2634 9896
6231 7192
3550 7653
7543 6898
1004 5040
8390 4296
5265 9964
9465 4584
280 27
9078 7787
8844 5405
592 2773
8098 7278
7227 5736
446 6331
3121 6055
1313 9070
3942 2003
8684 3322
719 9085
6503 3318
4486 3005
2472 8921
6586 2535
3494 1210
7158 4158
6843 619
8711 6407
1798 4402
9545 4768
345 5366
6803 2546
7463 2821
9379 8384
9147 6829
8026 7364
6713 522
8645 2683
7433 9479
5036 9699
2834 5728
8211 6097
7995 3998
259 4895
9416 2974
4327 7963
3754 8330
61 9232
3246 1363
1639 1739
43 7377
4795 7169
6140 3346
9137 5602
8631 4976
9139 6614
408 4213
6149 3287
7880 3243
8284 7268
3010 2641
2781 2818
7671 2840
2261 6983
1288 5430
2114 288
500 7306
4977 7159
7403 8394
7914 2194
219 2368
8419 380
6714 2170
4177 1592
1410 4265
873 879
7611 6707
6961 2397
9514 6854
8452 8262
2442 6519
1145 6037
5709 4583
2237 6006
5683 5348
6943 434
6280 8721
516 739
5947 1314
78 4943
7683 4731
8433 4963
7659 9743
3803 3821
7194 2244
2487 3097
4725 4281
179 393
7631 3120
8293 1519
691 2675
809 2896
1753 3933
1589 792
2048 9708
7935 1932
9056 4322
5738 6414
8537 7369
5394 4803
1533 3004
9623 3322
2546 7073
6097 7929
3086 8515
2860 1527
1032 8845
7792 957
7122 7807
6816 4088
4088 6460
9076 5031
8128 4060
6102 3927
5054 5758
3658 2796
3224 4261
7425 4704
8457 2407
9810 6810
8127 960
8507 3167
8290 4630
8726 7146
4075 4144
1604 4415
1179 7649
8257 3261
908 4567
5732 8436
7502 3328
1681 2046
4524 7474
56 2782
156 9550
100 1024
6995 9805
4561 832
6475 5568
5917 6738
2414 6633
1315 4446
5668 3674
8398 3600
4402 7009
31 5596
8673 2492
6720 7627
9617 5973
7944 7715
350 9900
4937 7144
1404 2895
4709 2527
9031 7461
1370 6960
702 4057
857 5651
1183 5821
9075 5703
5522 3983
9489 287
6182 1814
3596 9194
4537 4527
4482 4591
997 5523
8639 2224
2913 2226
9317 9723
5957 7186
9487 7165
7581 563
4258 3543
7678 3879
9173 9220
3763 4998
8472 6140
2856 3799
9321 8566
1274 5400
873 2841
6698 6753
5829 6075
7279 3766
4087 8212
4202 9101
6714 7407
8964 5676
5135 6273
9433 8635
4849 3701
8837 5312
4938 7156
7634 3068
7913 5637
4785 683
404 5493
5774 1951
5890 5280
7259 1814
4888 3026
8406 8135
1756 5012
206 1721
7164 530
8700 8087
9660 1484
5311 8727
8910 6621
2978 6380
4177 2991
6116 3125
7568 3629
4833 592
2295 6996
9311 7436
5519 7457
5932 2671
3055 2254
336 6395
6882 4213
7145 5081
333 8312
1988 4486
8410 511
630 4519
8448 8616
1191 9016
9979 2768
8226 4487
8240 2170
282 3957
3174 1959
5162 6644
3152 9784
9043 7634
1636 893
1845 4908
8781 8802
8733 9808
966 9140
5444 7417
6454 3604
4170 7673
8618 409
9502 3839
7940 8307
9743 5628
4800 4807
8972 3795
2528 7422
379 1099
9666 5115
6943 7565
2834 8818
2380 771
9542 3251
7461 7154
1478 7729
8418 6898
4658 5639
7868 8417
440 6949
7909 1773
132 6604
1976 7861
5480 499
56 8945
3096 4630
7288 9912
6885 8741
3334 3455
3826 3163
8700 4867
8692 6440
5683 6318
4768 4706
6726 3392
1861 5120
3585 4097
8392 3825
7226 4617
3289 8421
7800 9319
84 251
5336 3069
7691 637
7782 2970
2377 7228
7066 6183
588 4106
5381 4653
9763 9867
642 6786
3093 7031
3237 6258
537 8426
7515 1700
9629 4804
6423 9352
4895 7769
7123 5791
6955 3174
349 1851
951 6386
1383 4811
6577 1538
5096 3450
3607 5279
9045 6567
1852 3690
1198 8535
7077 5099
219 5016
7094 2299
2215 8064
6803 9182
7965 2528
1126 4121
9397 350
4434 5744
9616 3363
7329 9413
9767 3303
8655 9512
7366 8248
5110 7424
7977 2888
6454 8102
7044 6921
3979 6453
9784 5054
9714 9425
1571 3545
2777 2862
7291 3765
3879 8208
1656 3360
8185 3978
628 8287
3422 7703
8962 2852
3819 4141
1596 47
48 6665
2567 5095
8535 8827
3638 5907
8533 2072
7335 6817
6407 8942
1085 6819
8522 5037
7309 6535
353 9758
9090 7480
1676 6176
7927 168
8890 1942
2938 8017
7943 2364
8904 5223
1041 5850
2047 2332
9517 5194
7632 4542
2183 9548
8535 1606
2697 7554
5680 719
8106 1200
7934 6048
8362 6000
1352 5311
4773 8272
9830 4499
520 3468
5946 7146
8303 6295
9035 5692
2507 1283
9713 4035
876 2699
2814 3362
2777 7681
7660 4509
1173 5322
5488 2861
1005 9121
2918 8788
6294 221
2169 8700
7031 4163
7136 2230
9746 9473
280 8838
9650 6207
3168 453
7584 7237
8611 6811
7193 7086
823 9652
1804 2923
2535 5357
4039 3836
742 1850
8474 2460
8427 4600
8797 3379
6254 7517
9348 2206
9446 6161
4467 4929
7424 1074
7886 9241
4365 3834
3931 869
1286 7440
6125 8103
8792 1062
914 4535
4883 3652
1658 7433
2167 9525
8893 7008
7523 3833
4916 4997
8704 5271
6429 6420
7906 8674
1760 9551
8936 7994
2859 4275
8073 3832
5662 8355
9509 8795
6522 5537
5971 5434
9369 7997
3851 6191
3310 4561
6161 8712
123 9351
6801 2922
700 4673
8964 4915
1135 4601
1297 3202
9601 7458
9408 2862
1513 6883
6965 8335
766 718
5179 3784
9879 9802
9089 5216
3464 9471
3596 3211
1416 1739
9130 4695
9429 7243
2010 7581
1285 3390
1025 7186
7690 4430
5935 3888
7751 2905
7660 3275
9881 1338
6644 5553
7628 6706
6566 1661
8892 4944
3428 5855
7958 7520
4455 1228
8911 4405
3277 9594
9001 6284
3249 3116
2149 8167
7016 6714
8346 6289
6577 7835
7067 3003
3232 8252
8692 4832
9049 8782
8891 7967
1706 3517
754 5285
6105 4699
4432 5687
8067 3733
8989 3025
8951 518
7640 1710
6661 2298
5668 1584
7690 5853
8354 649
4503 5459
9028 5060
7053 5683
449 7402
6326 7569
7849 140
8179 5613
8060 8402
9073 5826
5906 6084
7458 8189
3463 7356
6993 9321
9323 1692
3158 6491
9407 2854
107 5958
7463 3056
5427 4221
6947 5125
5956 3518
2552 4853
7399 38
3140 7992
8701 6196
3220 6938
2792 4276
6823 4308
8953 3155
4133 4131
4711 8080
4349 6415
4161 7118
8920 3917
8672 8016
6423 2738
7915 160
1701 4020
2884 8308
141 2936
3291 5663
9838 3669
5875 5269
2587 7267
6847 7122
9061 7949
9888 2214
3938 4952
4791 8803
8629 8440
7935 4582
5489 5354
2371 3599
5858 9129
4060 2474
3870 4794
6704 3528
7760 8233
7582 764
7251 5094
6098 9841
4273 9240
5627 9438
7726 5360
4818 4610
6170 3715
1471 4981
813 9182
7883 8461
6558 5288
6925 6213
8408 8282
311 2555
1204 2543
123 6641
5597 9572
8455 8515
5270 2798
1688 1545
5196 1765
9227 8213
7688 8235
9854 3356
7428 4632
886 9673
8904 474
6529 7394
4528 969
8433 6258
1239 5223
527 4263
3024 9845
8929 3658
4956 4799
7430 2547
6170 8400
6834 8565
7442 2005
826 8854
5057 3053
8649 3617
3635 7760
7065 6111
3057 4787
1511 1615
9327 4619
8282 8374
3781 7181
1838 6332
7761 5117
6014 6422
8670 3164
9558 1640
4026 4891
8866 2581
9156 1825
9789 1280
6074 5160
8550 5987
2896 4522
9805 8808
7098 1403
9532 5909
6354 4103
4337 9977
8946 7505
1092 718
4615 3727
8479 9961
5950 1431
9253 7369
4280 2919
1318 4858
5789 9326
5192 7121
7836 5021
4359 2286
2336 532
9232 2893
7976 6650
2382 4556
9405 2003
1676 5562
8446 8750
3900 6848
4765 8050
5038 4681
1681 4859
7130 8026
9864 3227
9611 9197
3446 4547
5190 4671
8721 2165
8779 7768
1721 6365
4861 5435
7712 3399
4113 2243
8354 1590
9107 4537
8810 8222
1632 8363
9989 1663
7242 8674
8231 5024
7350 3289
5946 1284
6711 7503
4159 4173
9639 5192
9623 6645
3846 9082
1290 4061
2372 5032
7389 5058
7960 5850
9606 935
5130 5693
4287 49
2728 3583
5389 7085
9649 9155
4859 5873
7221 9015
8705 5041
8973 4038
7022 2389
977 7519
9370 7646
6106 5837
7728 6752
6585 9339
3872 5152
9391 7826
7569 8277
1537 7455
3365 8704
4742 3207
2782 3953
9953 3513
6056 4235
5326 9085
231 737
1528 6588
9794 4688
1 3429
7640 5834
926 5207
8166 5126
139 5056
3267 854
2515 5945
985 1586
4538 1054
8287 2383
6162 3062
7319 7590
7401 7659
4676 880
7602 2172
9619 3357
6147 616
4461 5506
8547 4013
9062 7088
7639 7019
3556 6339
2133 3089
8034 7814
3811 2364
6163 681
6570 6926
503 8096
6442 5694
5321 1762
8486 2848
9145 454
6620 9793
8153 7253
6979 6693
1245 5794
994 9366
1942 1706
8567 9350
494 4963
2938 7713
7272 5531
7158 4463
2614 4556
2397 3804
5001 6506
1897 4420
9868 394
6676 2854
1961 5344
8284 902
8583 4167
2359 3175
8076 8308
9468 4974
5602 616
8046 6564
1262 2165
3751 716
9740 1353
5987 3288
660 3036
7010 5601
8448 4221
1254 4152
2068 3618
8524 7104
7968 4937
6480 2295
7025 6259
9919 429
5558 4171
1143 7182
5988 1015
6645 5220
6170 2483
9851 2402
286 327
5609 3355
6932 6189
701 4218
9405 3749
8219 1378
7972 4655
830 841
5482 5879
8232 1576
1948 8410
9088 9145
457 5928
6733 7268
9359 7780
7148 6729
4589 3689
8662 7064
4001 2472
8410 6062
6684 4235
1338 3704
9460 5997
298 700
9608 5114
8312 2871
1774 9532
33 523
8832 6936
8426 8877
4595 8677
1131 3774
4331 8833
6072 6996
1122 2493
8658 6675
4968 6155
8271 7434
9404 7404
8856 5320
6203 1184
3238 4101
6691 6600
5576 8899
4975 7218
9132 236
8548 2171
5735 6448
7402 2905
8470 6681
9283 9450
7784 8376
3854 6706
1183 5374
7961 4481
3733 1168
7533 4943
5828 317
8374 7279
9968 8398
7120 51
7415 9798
9844 3343
7030 8644
3622 4575
1012 3290
1158 3344
8998 2770
1080 4858
5813 2422
9358 5678
5185 4021
5181 6760
1949 9858
6266 3306
9501 5619
7832 7295
5480 4319
9924 4224
9070 6564
6692 4582
2079 1687
8632 1908
2078 7649
1603 9342
6190 6815
4001 9990
7422 3640
4478 3233
9106 1498
2628 3851
9835 3105
232 4481
8770 273
1961 6956
7470 4741
386 7284
4415 8667
1687 7067
6892 6161
7787 3980
8718 877
366 2737
4323 2783
6480 3076
7825 3225
4549 2308
9225 3539
8867 9981
947 6102
9689 6154
9506 1751
4806 8013
9558 6987
4326 3360
3992 4238
9460 1756
9177 5834
6290 5961
8907 9622
5450 7418
8566 6848
3791 7338
7364 7458
587 8697
9356 6600
6992 352
7604 5346
7019 226
7447 9792
8748 3748
273 9409
8069 7102
347 8577
428 3806
3201 7778
4746 9264
1819 8501
4450 2032
9373 5089
9003 3866
5 5285
8038 9307
464 5836
7076 3217
1159 7300
8461 8134
2690 257
3751 3054
9786 6547
9634 1989
7225 465
8073 0
8140 3733
4153 7191
510 2582
6892 1423
7371 7285
3147 7383
2465 6531
5318 5773
1315 4793
8111 9165
7512 4901
6982 3918
7419 3690
5052 6004
2113 5712
2125 4783
4383 2647
7049 2817
2732 2162
5438 9867
8490 4889
2246 5194
2572 1917
9492 8836
4705 7249
7492 3508
7929 2048
9902 3752
9211 7510
6513 4126
5150 2122
9458 2957
1224 5792
9574 5468
9564 4780
9312 4007
3326 6068
4175 617
7886 4872
9703 630
230 5240
9297 4786
6874 5808
8612 5622
5718 4807
6471 9740
5568 3816
4757 7021
5588 762
6332 3394
2842 8183
393 5769
9779 1685
2139 6454
7430 2619
3469 3851
2898 4264
8794 4444
5812 5731
2586 7560
5483 5677
7520 2899
2220 269
5736 5039
8702 7191
9172 4925
1878 3659
5159 4654
4269 9515
7758 5292
7993 6744
6403 1085
7653 9039
8967 5408
8079 4717
5874 6864
7508 700
8349 3494
6923 3164
9667 2234
7735 598
5604 7390
8104 5834
7973 5085
6612 2713
5509 8284
2021 5010
6997 8482
8156 9902
5486 4365
4613 535
9783 2301
1257 5782
1049 8785
5500 1267
5769 3377
5868 6766
2559 5480
6451 1196
3560 6048
1656 7369
6558 6691
9071 3879
855 7091
9261 7157
8435 3143
8370 2519
7091 4158
7693 6441
1682 2524
4202 8790
6168 5580
597 2487
4888 3870
5923 3268
1559 8725
9690 6637
2117 8989
9603 4948
8059 7070
7833 9467
5362 7294
1334 6513
8242 3744
6671 2794
5248 3516
8324 7489
8944 6416
6903 3073
7613 2940
6477 7102
1446 4889
1423 4649
1123 2142
6283 4203
1121 5479
1096 9623
570 2868
1266 8233
6489 8630
985 4544
4570 1749
5247 3654
4969 7618
5222 5812
5556 7499
9575 7413
996 8062
7911 6235
715 1663
4604 7173
5157 8325
3738 7180
8950 5001
6212 7143
106 2723
3664 6736
358 9360
458 4114
8713 6751
3735 6616
6105 1540
9005 9259
7339 6022
2870 9965
5561 7748
1120 7552
9969 5744
920 8201
9416 2828
761 5175
2645 6356
3569 325
6578 7277
6508 1556
8846 167
1306 3928
7908 9454
9416 7271
8960 4776
6390 1806
6601 4470
2004 6952
1133 7396
368 7041
221 9731
1126 1206
1606 4583
5046 7786
5600 7177
2602 6241
7120 6095
6534 1275
1099 2621
9168 8286
3865 8391
1754 6790
3225 5550
7748 7505
9335 9631
2539 829
3447 186
7885 313
1706 5177
5009 2255
861 6253
4828 9010
9756 5315
7213 3037
5947 939
9484 6061
6774 5821
9207 828
8200 9076
9659 2386
5001 5639
9268 9819
2568 2940
4058 5951
6293 1468
7304 2724
1361 8390
6493 7649
538 5842
1981 6297
8233 2140
8751 1837
7173 6361
1921 5465
7107 116
4570 5429
5351 3779
9490 9760
6892 5789
6914 9749
3989 953
2163 6166
4042 587
232 1197
9978 3283
8255 7160
2651 6105
1298 9744
990 768
5071 355
8774 6678
6962 9803
2465 8574
8710 6922
6990 6374
8781 4358
135 6754
3948 1194
8213 3608
5020 7341
6643 7663
798 7485
2322 7340
4040 8717
7605 1106
7271 5956
5000 6315
4060 5168
679 559
9285 3194
7158 7247
8808 6009
2242 113
8315 8328
1037 5636
2041 3506
8004 478
351 2312
5471 5011
5741 2620
3141 6224
6002 8811
7922 8639
2722 7408
3742 6040
4783 3940
9360 4899
9294 4545
9463 6754
9997 4409
163 9794
9594 2972
9077 1699
9249 2974
5324 3634
9587 7170
3409 6486
6062 3977
7526 5767
9707 8403
4917 8090
1331 2029
8752 3457
2167 1254
4978 4286
3195 1696
7272 7994
6609 3449
1592 8112
5394 4349
103 1539
6344 936
674 6202
8552 4163
2134 2366
329 8419
3040 5097
1362 2789
5771 5625
6287 4229
4012 4146
4705 5830
3861 486
7849 4312
9273 7198
3536 3520
2935 6979
5363 1871
7594 127
5706 4425
6867 2013
9396 4164
8802 9841
3623 8255
2473 7298
7633 5195
5335 4374
6523 6791
6124 5059
6141 4474
7020 5611
8940 5466
1608 4497
3294 7383
6133 3078
9386 4994
4062 6208
8915 4362
6161 8630
2627 5011
9561 1440
822 4877
8953 7219
957 1803
5645 4320
9399 3778
8974 2848
1453 2650
4144 7566
5828 5424
752 3771
6588 6115
8459 1355
5751 8745
5220 6076
723 3541
4019 5827
5006 6497
4988 212
8725 255
829 9336
2518 5323
1684 1219
4730 5286
5833 7888
9492 8277
4299 754
1785 8562
613 3682
8906 5039
8780 4634
8494 8478
5853 5628
7302 3848
1992 9427
6080 6021
2830 8311
2771 6684
2282 5702
1862 686
9188 6270
3576 6788
3997 6818
2193 9309
8334 5873
4125 9218
1821 5236
9173 3639
8779 1039
4255 3326
6855 3694
3681 8423
5713 5338
9827 3116
7139 4621
9088 3945
1634 1064
1713 1357
6320 4932
7380 6669
9774 4394
9390 5865
9650 2823
1205 7195
2226 6695
6756 5391
866 9836
6559 5456
8549 7743
6707 8481
7574 5851
134 5349
8371 5606
8217 4910
5961 4840
5646 4950
3287 5233
9481 5070
7106 9021
1445 7432
5935 7712
7375 780
9881 5391
810 1673
2253 6787
5914 7774
29 8921
8231 7531
8257 2070
8740 5193
39 2698
3948 1801
7173 9317
7552 7098
5908 9807
1384 7398
8442 5391
7884 5329
1643 4885
6299 2000
2303 2191
3638 6311
94 18
5984 8526
1175 3504
5647 6625
6278 1769
6969 5070
8275 2073
9945 6183
3394 4796
8402 4514
8613 2482
6767 361
7470 1272
6829 4393
3583 3621
6969 2158
6514 2517
5712 8016
8424 223
5954 3119
7981 6685
4062 6076
2307 3319
2689 4818
9205 2491
6342 3177
8415 4294
6340 4299
4761 7403
8981 3887
9318 6461
8046 7056
7490 6838
5604 5584
4932 7406
9079 6566
4575 1362
9387 387
9383 2897
7000 6987
389 6044
9410 7689
2804 8581
4928 6482
7446 1533
1303 1890
3432 6285
2847 5137
5838 2852
2060 5925
3476 4786
6297 2090
5486 5029
2561 2649
5532 9871
8025 5158
4864 7197
6028 1821
5446 4620
8211 5513
8023 7677
1901 9665
4445 3722
8094 9314
1565 8669
7149 2841
1199 3135
689 3787
7153 5471
5842 1708
8366 3478
7615 7222
211 8592
1763 6065
1635 4604
9772 6468
1537 3251
5267 6516
6096 5846
5607 2420
1470 3426
3677 6492
2138 7268
1974 3373
8774 6669
9464 959
9016 2526
230 8066
1501 8229
1255 2575
4897 5010
7201 2347
7586 4669
9105 8610
7509 3668
9205 2546
8752 3769
6854 3407
9684 2288
8037 6941
9191 3587
5625 1376
6193 2651
8761 5925
2106 4444
5734 5749
1899 933
534 4289
9111 4991
5397 3848
8958 7378
8643 8040
7242 4054
9162 1960
5933 6753
6915 6554
6889 8073
2035 2820
3242 5708
5707 5363
3109 8333
9567 7728
7937 3919
7531 7432
5782 5658
5202 5083
42 5762
9912 5403
6560 1495
7781 9943
5723 2984
5447 9990
2111 1889
8415 2389
8027 8171
8114 4612
5356 4624
6670 5423
5799 8348
8163 5965
7640 2477
6853 8025
824 5774
6706 8500
1308 5298
432 5664
3028 9037
8709 5845
9046 2232
1477 4060
8515 4030
7680 6612
4380 679
7439 7977
1427 4882
3538 9223
4605 797
6201 9159
3938 7918
3755 3744
9578 7583
531 4717
3917 8209
608 6886
9092 4162
3926 5706
9306 7245
7109 3389
7530 9835
8203 6400
1968 3492
8676 3816
8765 3107
6258 6902
8279 7563
5913 7133
170 5505
3807 3395
3812 7122
1474 2095
9256 2297
8370 218
9455 3446
5922 6845
3210 9942
7866 3610
7867 6464
1597 3562
2475 9200
8201 4768
2244 4083
5803 7503
7074 7703
5136 809
7387 9331
6933 2479
8469 4411
9444 789
9305 7800
3895 7254
9333 4112
7001 9416
5946 5350
3958 8478
5875 451
989 3813
3935 9433
7677 9820
9726 8365
7002 1545
47 9157
6709 4935
8413 1230
42 3602
8918 8276
969 9065
8106 5365
392 5526
1828 1592
7698 6967
1227 6098
8974 5296
5756 9753
9648 1453
5652 1186
6699 6337
2412 3346
4475 5990
8528 4549
2742 5732
9589 6134
7544 8728
4406 8721
6411 5496
631 8157
8434 5035
5223 4284
5496 5611
2681 6782
7022 3556
1758 7036
7670 1791
1691 1613
2701 8831
6488 8466
2586 4414
8561 5382
65 5278
4598 8904
4648 2080
6375 9464
7858 5346
3772 7135
8856 1250
6202 6015
8652 7607
9668 6763
8617 4122
4380 8802
6938 9173
5663 5858
6107 2600
9173 2475
7218 9227
5958 8664
8289 9073
1021 6840
9682 7721
677 6020
1179 2474
6459 436
5995 3419
8889 4005
2311 4959
4917 4553
9667 5504
7740 4441
6358 4181
984 3817
9166 499
9876 6782
5834 8318
6010 5016
6836 665
4920 7345
6348 9478
8838 3033
6088 3660
1168 3466
5741 5996
9945 8844
3804 3878
7092 5815
8724 7455
6151 5005
4153 4705
8277 3733
1069 5981
9683 4764
9041 3311
7026 2320
9577 8165
3008 2752
8756 2805
4720 5812
5370 4911
7608 6095
8752 4497
884 2794
1069 1793
63 5018
203 8933
8712 9649
1838 7838
3060 1235
4711 5332
7022 5597
6911 8210
4860 4408
6012 8592
5958 9524
1768 6466
7588 4638
4775 8915
875 8814
1589 1512
6755 6542
3852 1935
552 6619
7580 2195
6762 6666
8319 6735
8110 145
648 4048
7778 7808
842 4328
7499 6178
6685 3450
520 6788
3326 2535
9922 2160
7504 7690
9500 7126
9947 6354
7721 1797
2020 9440
1977 4603
4344 1242
7671 3602
7874 3436
9697 4149
5015 2615
3117 4239
9530 4911
9358 1421
2034 6463
7975 4134
8434 4419
7028 8232
6692 6970
459 9127
8564 3603
854 6623
7283 7303
4633 7077
5412 4600
4938 250
5247 5435
6514 3944
5399 2042
7990 4805
6794 3998
5799 5130
1022 8957
7077 4057
1700 2227
3387 7967
352 3500
701 3654
6337 231
4384 199
5688 6238
4609 8948
275 284
3772 6761
5828 4262
8133 6897
7943 6773
8103 5742
7497 3946
4946 3470
4268 4346
9904 5582
1619 5513
1288 3198
3216 1682
2674 1362
4309 2253
6779 4726
4151 2606
7619 5871
8297 2588
198 3396
4181 5895
742 9158
8791 5311
8571 5042
9438 692
1255 7464
5574 5159
6201 9458
3677 7422
4568 6398
1752 6176
7689 2156
8439 3408
5214 2493
2547 903
8787 5848
1691 3133
5163 1215
8569 7840
8343 7497
3398 5849
10 7909
6464 8124
8658 863
6790 2861
9242 5731
6458 9477
4976 8047
7896 1452
861 7792
1069 8761
8733 1508
9634 6605
2456 3888
8465 9314
9112 8078
3083 8042
2232 3217
7342 1522
8092 6184
6854 1438
745 7041
8902 8389
3427 3772
6123 8049
8072 9625
240 5364
8533 4321
6853 4633
5570 2625
7728 1305
2514 2162
5540 9512
3784 5335
7191 1487
5661 5493
8188 364
5018 2354
310 1585
9456 7877
5810 3751
5018 7723
368 6407
4817 2485
9180 5434
9856 3768
6792 7231
7881 2957
4544 6268
8737 6850
423 7770
8568 5092
9602 5837
1274 4644
4495 5588
9643 1445
5010 4462
9523 2282
8915 8290
6587 8115
3867 3023
3304 8242
6628 3723
2459 3986
8766 5952
6061 1131
7977 8680
6521 6714
2284 7782
6419 5656
8076 7612
7990 3142
5961 6498
5467 5209
2074 7679
8315 9062
6504 6144
5499 2653
8207 6230
1586 6814
8974 4682
5240 6105
2233 5349
8741 2121
6671 2470
7613 5649
8874 7605
7184 2991
6461 3535
6106 7774
4387 244
2375 2557
4043 6069
6013 6270
2959 7452
8341 8394
8671 3839
6045 6222
345 8842
8516 703
9942 5207
3280 9200
6226 1022
8163 4493
456 8161
8242 413
3625 3704
225 7218
7291 5035
901 3071
9307 5352
4634 4577
1810 5218
1490 3587
7709 3454
6874 6036
7366 8713
5317 7724
7519 3064
8582 6008
1775 3167
2795 3748
7791 6152
7927 7733
2089 4754
473 5310
894 2371
5469 3513
530 5063
6476 9036
6851 8159
2947 1294
8057 3763
8950 3751
3516 6820
1974 7554
5382 6375
7926 6848
6265 9876
7999 9312
9677 1757
4038 4128
3814 2397
2035 5470
9151 5848
7521 3537
6934 4494
6174 6432
6098 9820
3010 1592
1453 4418
7359 3559
1638 3905
4585 1614
2570 3656
8290 8535
2953 7595
2896 6795
6552 2978
4123 536
8620 3751
5539 1612
5743 624
9524 8587
2079 3769
8748 6151
5364 1207
8631 6734
4414 8040
5550 5275
3389 8246
7855 5466
7406 6128
926 7883
6442 6610
2985 6850
6165 7793
9969 3581
6235 4452
8779 458
6241 5694
5535 6700
738 1015
8413 8739
1909 3721
9314 2953
7 5640
3328 2772
8121 7520
8140 5318
1252 7773
6958 9778
3103 6976
9353 7913
7800 3570
8778 2434
2006 368
1029 5526
6906 31
6831 8488
1136 1424
9045 455
4165 7042
7359 915
2536 196
4102 3431
5573 2228
7693 5756
7653 2422
7252 6279
7242 8974
3238 4386
3776 7179
6675 1464
6986 1326
7813 8948
4182 7345
1353 7154
372 6006
6344 3027
9534 2672
8073 6283
8140 8030
9132 9044
7439 9380
4290 7292
1906 5761
9400 4779
4188 4248
5876 1353
2622 195
10 6677
1227 5594
3758 6357
1302 7165
5956 4170
8579 6922
6784 9691
4423 7390
2369 6057
8771 2662
3669 2757
3958 2631
7282 4491
583 7370
939 2279
5758 6033
2123 9384
2543 4345
254 5330
8488 8847
1905 4731
7541 6529
2954 1849
2300 7512
6195 6680
4366 8818
8310 974
3920 1534
8473 3597
7914 1684
7487 4320
2127 3625
187 7733
8931 4411
1319 6835
8239 6584
8383 5545
1791 4615
3043 8966
4533 1360
888 4289
9516 9652
3296 1683
7272 1254
1554 7533
5093 9052
1643 6787
7059 5576
5858 4425
3277 7039
6035 3829
9424 2371
7467 648
8138 2802
166 6640
322 5167
205 6339
7631 4462
8766 1095
7494 3410
8465 2271
2713 4499
424 8224
8046 8474
7010 3418
9510 1633
8035 3626
1799 8710
8523 7995
9590 4487
121 6587
8859 2696
1030 9552
116 5196
9949 7988
3775 3370
2369 4931
9547 6224
3647 6302
9768 2665
2655 4507
7144 4828
8278 2542
810 6408
543 3849
9875 2912
7925 4117
2847 2583
4394 3913
8754 966
8870 7005
706 4257
4325 7691
7135 2685
9800 1
5011 556
2996 2827
8190 3489
4428 3093
9173 4454
8558 7039
8491 5817
7145 4248
6942 5380
5314 2435
4049 3218
6174 1307
9033 1118
9609 8633
9611 5030
9874 5669
6384 5732
9562 3862
1205 6132
5374 1668
2090 3556
8055 2604
7726 3368
4839 1509
9644 7543
2325 2901
1244 1815
4332 3398
145 4287
1227 9166
8209 6346
5657 8907
