5956 7513
8213 7219
6367 2129
7027 4390
776 7954
332 5173
1252 4621
6091 9256
643 1544
6601 7786
5536 5476
1097 3700
8258 5541
6776 4111
7460 2299
3363 3899
4369 2596
5624 3495
3187 640
1449 1765
8254 3742
906 7673
399 9791
848 5453
5770 5656
7364 4523
9262 1852
1509 7269
1018 5985
691 5590
9863 2486
3156 7231
8018 3219
6165 4320
8909 7362
7418 7095
7808 3345
9955 6397
9904 164
5995 1586
9263 8735
6985 8273
6484 4315
6652 7575
8747 4509
9168 7427
8586 3810
2742 1016
1257 6522
6631 4082
510 1754
9851 2623
7115 5363
5833 7256
2472 5743
7224 7521
1899 1680
8420 4127
8712 1266
9864 4255
9040 839
6052 8202
9340 8190
534 4218
4195 7649
4214 1512
8073 4433
5685 7627
1279 9411
2203 1165
7973 7585
9153 1251
5028 5758
992 2938
8280 1851
1322 2584
6961 6077
7443 3111
6190 5934
9870 9415
3858 4859
3319 8486
8007 7061
268 5243
271 4989
1541 3503
4839 6128
4412 4334
9047 9728
9215 7326
5621 687
5358 9847
3209 3487
1433 1876
8464 638
2186 1295
5025 1945
938 8434
9844 7160
3037 5258
7579 4274
343 5228
5085 2346
9969 8444
6959 9669
3066 8295
1904 8240
1391 4457
5720 8347
3325 9165
4232 3719
6261 3975
6519 7919
9198 4379
5392 6680
8830 7366
8427 6195
8492 3062
7457 5061
2005 7029
8260 2123
7518 3206
3125 8191
6221 2761
6368 4437
6626 3160
6449 4281
7338 5840
7139 5896
958 5732
7985 211
9046 4765
7387 2736
225 5625
3893 9998
9440 4103
7551 363
4565 2440
5592 4229
8806 4231
7725 930
8921 9321
1789 533
9758 9000
2965 6094
5833 9660
9767 3572
6501 7315
8039 5119
6896 9305
5583 9899
4203 6265
6343 4928
9424 5569
3660 95
9167 1483
2586 7121
6981 1657
7182 5848
1712 9977
5950 917
5098 8285
142 6219
8013 9159
320 6225
6071 5529
527 2502
9417 1486
4993 476
8997 2620
5819 60
8301 6300
8594 7461
3851 578
3934 6211
8042 1471
1397 1432
4234 5685
8380 3681
191 7521
9955 6507
7945 6907
2506 3970
9142 2957
1067 9555
8307 2829
4514 6089
1864 3419
153 5135
7197 5179
8194 9984
8526 7010
8331 8003
9905 8204
7374 7212
6661 5061
31 9989
5483 7011
5650 7188
9712 346
6996 2506
7212 7271
9717 2383
4534 6983
7655 2364
7426 289
3334 7188
7822 6153
2364 9353
5048 1727
5005 8675
385 2357
6066 7079
3257 6079
4187 5949
4679 2624
964 879
5385 7741
3807 8064
6756 6600
1159 4501
2442 8202
2120 9908
6999 3325
8200 2261
2710 7909
6766 5453
8777 5692
4568 6822
1470 3733
370 6798
4879 7128
1046 4344
944 361
2913 8968
2126 223
2085 7015
1309 9534
5502 4609
6824 3054
7612 2346
9215 3019
2427 8822
4147 6145
1972 550
125 9087
650 570
537 2615
5393 6665
6220 9561
2991 2111
4021 1431
2068 4580
6989 9779
4823 3287
633 4430
4932 7889
7805 3397
6592 4895
8899 6179
6330 7864
7330 4595
7383 3933
804 8863
6740 4995
2460 3212
9554 862
6113 8401
3038 7016
9110 1006
3015 3097
193 5797
2329 2769
2075 903
6794 8920
7918 964
3236 3860
9769 9579
8623 9118
7112 2786
6074 6500
1222 6477
3178 2808
5666 4167
3583 6011
9729 4905
7893 503
1778 3662
7782 5361
9789 4138
9835 8455
7844 7407
9735 4023
4056 4514
3439 6797
9070 1310
787 3758
6418 5212
8078 8863
6634 7725
3881 4634
2100 922
5711 8208
8029 1279
8126 4595
2928 2013
3463 859
7488 9448
9030 2261
1892 4312
7931 2289
9715 4057
4644 3731
8766 9772
4118 9808
5382 3845
6154 2375
3268 4124
3758 5974
6120 8914
9000 5401
7549 5499
6651 4120
2430 1749
3276 6644
8883 3015
3584 4545
8894 6816
9886 9779
5600 9679
5714 4331
1758 8122
4263 5220
8736 5597
8913 763
8283 4797
4720 2426
9410 5770
1944 1832
1866 8823
3643 6414
6795 1374
7497 855
6970 4344
7077 1437
1342 1619
8953 7638
648 8112
5997 3730
7515 8200
8301 6665
4027 2445
8006 2287
4823 3584
6471 8164
3497 4387
9730 8619
9443 7128
6448 7170
8048 6340
9556 3972
9437 6007
6632 6698
1575 4055
5099 607
3043 891
9471 3147
5145 4924
1185 4543
7730 7091
3086 4092
6581 2572
3523 5032
7269 465
39 1089
7071 76
5660 4299
6497 3224
4425 9162
2230 5581
2046 5760
6802 8640
4684 8046
4908 355
4744 3667
965 6071
7791 3906
6036 3135
6423 4335
9516 2061
7740 6600
2511 4668
5131 6412
1715 6949
8217 523
887 4057
8358 233
5831 6759
4100 2639
8487 9917
598 7337
7375 3856
6077 7165
4673 7412
2136 4848
6232 7224
1691 7881
2398 7477
9984 1654
7453 3631
7027 9121
3204 7577
1864 898
5929 6405
493 4934
5657 9100
5433 7113
4454 6038
9276 2856
938 3190
9729 5578
1191 6753
7388 6144
7577 6568
1273 7502
8990 5131
51 5208
9880 5114
325 9914
5325 3392
4910 3113
7141 5570
1940 3242
1120 5129
8050 4105
7070 1610
6165 6607
8226 4223
7333 3188
1021 6705
161 1417
8935 6080
7081 7747
6239 6943
8206 9061
5370 5447
6899 6171
9108 5082
3298 2875
6345 4457
9870 5260
9159 7908
2450 5639
2235 4253
5675 5278
3555 3591
8055 6811
8696 8039
6030 7842
6645 5634
2323 3211
7350 5423
43 1801
8705 8209
9708 2996
4384 4439
8064 7920
3467 566
7923 5729
7785 8468
7687 2978
5264 1748
5143 7645
5562 2381
3934 1880
4209 3805
5568 8282
1082 15
3719 9310
9421 1074
4200 7368
7280 9127
707 5470
576 2543
6923 1656
7704 6422
637 6165
2455 8453
9510 513
8697 1164
188 5292
8395 8410
272 8898
6440 5107
4762 8424
7888 3920
4183 4812
6465 3824
6898 6564
8429 7886
9447 8808
8567 3511
5198 2174
5526 3171
5797 3405
7938 7137
9194 4319
5547 4398
8974 1283
4982 2182
5270 9001
8072 3811
8796 5562
5993 4377
9978 2041
8525 7728
8213 6904
9580 7751
9361 3920
4344 2396
5001 2666
8208 5698
947 7642
6640 1047
72 6624
6913 8002
918 5076
9445 5432
4693 1624
6107 6037
1955 7738
5234 6637
8487 3140
7466 9733
9962 595
6035 2643
6625 5626
1499 5364
5621 788
9306 2132
4059 3795
4053 7427
3366 4511
6981 6843
5822 2885
961 1874
9577 2487
2192 3318
5137 4889
9589 6109
2178 9277
294 5881
6383 2026
7569 8009
7901 4318
8921 6589
2636 706
3485 7333
7410 4229
4479 6730
7705 1639
8498 1275
1674 3220
4714 7536
147 8692
7380 3239
6588 7396
4568 1712
5116 2978
8273 6647
5854 6879
7755 2520
9002 8742
1316 7016
1617 1265
1845 9760
7043 3482
5432 3857
3984 3768
2144 2593
7295 441
6300 7989
1613 6111
9093 2750
5184 7555
4437 8035
6316 6886
3599 6936
4058 5235
6362 6773
9805 1616
7403 7679
7666 2131
7631 9263
8842 6672
5538 8174
2888 3518
9531 5433
4393 5871
9792 3259
6696 7413
5290 7025
6006 8952
5778 9997
1273 3666
2435 661
5599 842
4716 6645
6319 5369
391 7600
6179 9001
3925 2625
809 9281
7401 1580
9708 2864
7380 4675
6223 6977
1837 5293
5022 1625
5381 7156
718 8116
3698 7951
3159 7902
1016 4511
430 4158
6450 4108
6943 5438
7450 2273
6553 8895
6841 2165
8824 8721
8917 3250
6810 5969
7708 9334
3458 1014
4435 471
5114 9390
8488 9381
5917 3069
9397 7162
2749 3442
9323 2783
8214 9263
9430 4343
9221 8370
3884 1243
262 6105
5556 5951
1154 8901
5874 3493
2552 9556
5499 7753
9447 3549
1458 1822
8482 7226
7688 9058
8048 5163
902 3832
7894 5635
2673 4318
6452 6987
8543 2230
6509 6474
1559 3957
6008 4731
2782 1191
560 7865
7706 3719
660 5588
8661 4208
498 8707
6150 650
7850 9483
1591 620
3101 2526
3433 3036
8279 6627
6577 7934
5744 7142
329 8763
3775 8105
9583 8401
2665 4066
6159 6374
6512 490
9669 4159
6025 897
5846 666
4049 4557
8815 5038
7815 9273
420 6033
7298 6768
9256 3697
8822 5162
8412 4769
7405 5847
6474 2305
6418 9580
104 27
5531 631
843 1763
1094 3331
8765 9889
482 9368
7951 9147
7842 3727
8443 3543
9425 3115
7914 5185
8960 7216
7454 9859
9054 6851
2089 8820
1005 2067
8188 7868
5991 8213
6858 5812
1833 1697
7 7102
6531 6851
8434 8045
7697 3322
974 7039
1601 3646
2213 8869
9164 6470
2615 8354
8599 2497
8456 233
2294 4512
6998 6330
5848 3387
3988 1139
9249 6406
7756 1434
7285 7676
9604 5816
8026 4678
9226 9805
5721 4672
6679 6819
9297 7470
6309 6993
774 9744
577 1996
1980 6028
8496 3930
563 7696
7537 3480
1759 4194
6604 6429
8050 7613
6331 8751
3361 9338
3079 5976
4390 3508
8381 9066
805 5485
9752 6198
7594 8686
3437 8057
9469 3631
8902 4752
5743 7389
7726 5580
6500 9997
5882 4700
639 5839
738 5323
8850 8847
8501 4529
287 2418
9674 9819
7754 1333
8153 3028
5742 9537
6432 4056
9162 7658
7426 5143
8728 6908
8 4171
2231 2566
503 6328
9677 8777
697 2932
6800 5391
2349 6759
5461 334
8717 2962
1175 8599
4180 6478
6923 250
9892 8298
9328 1840
5874 2085
7811 4324
7817 5307
9591 5862
4785 9217
6805 4809
1509 1655
7720 944
88 1669
6547 8607
8699 2369
7277 495
1375 7330
8820 336
6027 4491
4039 220
7283 4568
4487 4288
9356 7634
4929 5158
21 8502
8376 9569
6251 8033
7858 8182
2460 7461
6658 9848
2630 4903
3466 1913
6453 4905
8465 2565
7565 6738
6328 1692
3776 6239
657 647
4397 436
687 9386
7960 5318
1723 3825
2199 1539
9368 6947
8210 2231
1158 7695
3441 4421
5550 7181
9681 1930
8651 1829
1756 7506
614 4949
4356 2892
7878 3010
4831 2892
9046 4923
4464 9901
1224 2262
9417 9683
7162 3607
1164 4611
5900 4395
8321 4532
4364 7869
8392 211
6893 7768
6647 4329
7359 9224
8360 7614
8482 2356
774 5035
8420 3427
19 5812
7410 9576
2510 7442
6290 5869
5154 7291
219 3362
4309 591
7935 6401
132 5581
4703 9462
9768 7765
1828 6711
9954 6723
2299 6296
4644 7054
6148 5533
9907 7321
5736 341
6947 6152
9135 7973
9971 4044
5571 3428
9965 6858
7804 5665
5692 6054
8973 7049
8783 4673
7433 7829
4313 7196
275 7161
3988 7786
7529 3753
99 3673
1323 5976
3818 3847
9158 2089
9702 4138
746 7577
811 3505
1843 3652
7684 4162
5612 5670
290 7711
4328 6928
4646 3827
8942 9001
5352 4218
9106 3447
5095 2118
291 3856
6953 4064
4931 9594
4387 6232
686 4385
7919 393
7290 5820
1594 7391
4118 4997
5097 7267
9295 5719
516 2109
9227 5026
9095 6304
7502 5595
7624 5292
3087 2190
7970 4882
1174 5879
8743 1836
8481 4805
6313 3865
5537 4398
2283 7212
7107 2679
8367 6625
741 8885
7159 2051
2496 796
9429 7883
4701 4018
9167 7883
3219 4803
6106 5615
1345 1573
7938 5357
8500 7275
9334 2519
4584 5954
3579 6664
4933 6596
7983 9385
6932 3563
9172 4591
206 5585
742 7780
3319 8659
181 9204
5253 6988
5752 3666
8356 7159
188 5164
4622 5549
5394 8280
84 1027
3314 7389
7227 6611
6206 8545
4802 2110
9929 5162
9762 6971
7108 2876
3862 4053
9660 9323
1356 6272
9346 7443
129 5068
9466 3014
2094 6322
9593 5226
7998 2421
8118 6953
9097 7762
8803 4777
3481 4603
9613 1613
6096 5774
8347 6897
1963 8885
4103 4542
7797 5154
5841 2407
1830 3781
8053 4585
7729 7908
6246 7825
7668 9618
7408 7035
5462 4976
6115 4043
4478 3493
1159 6363
8086 1850
7089 8342
9703 3855
9716 3565
7942 2781
7878 1039
6151 8180
7768 2601
8609 965
4584 8103
7204 8157
4664 3373
8616 9262
751 3104
7757 870
6301 7077
5512 6099
765 6385
2195 8564
8575 2441
7654 4542
3416 2002
3686 550
2726 1676
7966 8870
6101 91
7845 6365
6742 5749
6377 7085
251 7611
7233 7006
5245 4721
5315 5948
8222 8688
9647 6551
5949 5941
8724 6576
3356 2085
8596 2863
8587 5258
82 5415
8753 6984
569 5947
4621 2884
7274 375
1250 683
2182 2878
6314 5931
87 3436
542 8446
8644 4085
2078 6554
562 8280
7129 9648
7246 4046
4375 6103
9492 1149
8081 9987
1985 8204
5847 5246
8218 8006
4027 8924
4195 8508
6122 4138
2366 3587
8186 9370
7338 3382
7619 9259
2111 3711
516 3158
4308 9324
4867 391
2583 8661
4040 5308
6729 241
254 6312
2341 8495
530 8812
4768 3953
4112 4780
9862 7875
3958 8285
5477 1380
9002 5970
6701 1239
8793 5981
3301 3935
5182 4293
9318 5802
4689 8332
1248 703
2976 1785
6390 2077
6025 1198
9942 125
1141 6848
1196 139
123 8033
119 4127
9043 6105
6153 5934
6440 8593
7516 1118
9247 3023
7579 5604
2700 9154
8107 2461
2747 8448
8459 8282
566 2321
8462 9455
1399 6725
981 9595
1742 5263
8982 7168
2519 5857
6402 7388
8134 3516
7382 4406
8076 7712
9588 1851
1312 3026
6397 9151
4914 4867
5504 6130
5137 8588
6398 5589
8139 6196
7311 8259
5529 6079
9127 8407
4700 7917
1940 3655
6614 8223
5962 4096
6851 5426
2547 9702
4782 9420
1141 9573
2042 6268
1280 9917
8957 2226
9784 2678
349 5557
6956 5829
6913 2978
8313 5278
1833 6804
7985 494
5316 8428
9036 4855
9698 9175
9624 7011
105 5318
1727 1803
499 1717
1875 1674
3678 944
4975 5775
6504 6728
9346 7124
8726 9365
9662 6606
1601 7706
357 7905
8206 5165
3966 1532
7794 6123
6543 6612
415 6274
1549 4025
2896 9431
2274 1396
1955 9264
2346 3672
7813 8630
4324 5619
1624 3623
5283 7688
4500 6784
762 5284
4290 6156
9627 7392
1343 7666
3082 7217
6742 2610
6518 3885
482 167
1318 6855
4941 1134
9434 5398
1675 8526
9461 5006
7627 4171
4 6931
6820 4987
1486 7728
7727 2658
8064 8467
6210 9609
697 9904
7865 8486
1437 4281
5814 6899
5676 6440
6198 2580
499 470
6447 4718
1505 8212
2228 4931
7797 2996
1248 2665
2579 9066
665 4680
8304 6331
5361 147
2248 5115
3871 4720
9726 5128
4280 7628
7817 4119
4541 6127
7488 4065
8250 1907
7083 8217
8745 4101
8586 1304
6940 4906
5295 560
8054 4597
866 374
6147 3405
3993 3117
1302 941
7241 6416
5442 5804
8420 6761
8435 7564
489 2006
8374 2858
9956 9336
2592 2965
2268 2841
9803 5566
7526 1421
368 4052
7232 8824
3602 3245
6279 1322
8889 2378
7698 3864
8236 4442
9292 4754
4539 536
442 2890
4555 6896
8334 3674
4996 7312
6919 7438
8426 5892
2736 9752
5652 8111
8162 1352
9756 6406
8231 2391
6808 2322
303 3791
3768 7576
5645 2631
9016 2553
9740 1335
4739 7376
9358 5821
2243 420
5140 486
9873 6415
6306 2619
2908 544
9979 9322
7377 8615
5563 6712
7137 3944
9225 4137
5352 3001
7219 7396
4743 2139
7533 6509
9997 3835
5747 4173
9990 412
9105 5617
5163 4647
6711 2910
3531 8642
5800 5204
4913 685
3755 2119
6336 259
4723 9192
9587 3792
8411 7838
170 7250
4929 7984
1768 4839
5075 5594
8082 7747
7631 3381
8613 7383
1910 6356
1313 6137
5741 5805
7207 57
6293 4332
9366 2409
6993 2757
8674 6733
6418 2233
3159 4932
7639 2050
7515 6481
7924 6649
1229 6789
6889 6958
1240 1700
8303 9156
9134 6344
5784 6683
7955 2673
8951 4129
5927 5648
9075 903
957 1203
9847 3634
472 7318
2000 4
5643 1580
7330 8074
9973 1881
9909 4340
7492 6308
6685 6508
6184 8966
8912 7799
7533 7248
5489 4388
918 4873
6852 3359
7872 1991
8833 420
6111 880
1508 2645
6804 4715
9268 5838
5527 1889
9716 9906
6910 2788
1147 2908
849 5429
6112 6191
9541 3674
4642 6572
5134 2833
8714 6605
154 6072
7848 5178
7514 8042
160 1127
2768 5557
438 2569
9684 2383
9060 7134
6558 6779
9259 7199
4437 7348
6842 6659
5854 2354
1765 7750
8353 5528
2346 6749
4142 7817
387 3933
1855 6367
5008 6359
5249 1089
50 3466
8199 2738
9406 4872
7981 3010
3580 6333
7537 4201
1110 3338
7209 1891
6093 4460
7096 5626
8030 6470
9231 3191
3522 2837
2158 5829
2399 4723
9768 363
6335 5915
1 3213
7443 8191
182 3490
168 9742
6059 5993
715 3845
5413 8770
7734 3573
960 909
638 7274
3955 6502
2781 9389
9648 9440
5118 1655
8603 6587
9310 8923
7259 6289
6403 5779
9560 588
6763 6243
6785 340
1522 1564
6146 6540
1588 346
4561 6409
9315 8233
8629 5919
6080 2106
6355 4031
1754 6623
4223 5488
9988 7400
6700 7183
6588 5959
74 2468
246 7944
9452 4158
7244 2328
124 2999
5890 6038
5723 4878
7581 7053
7276 6188
4664 2319
8444 4984
7832 1158
6326 1357
5345 8022
836 552
8024 2267
265 9367
8111 1926
6692 4982
6607 6601
8622 1849
8195 6700
6472 6147
3237 5793
8352 3422
7352 4210
3354 3574
5809 9711
9942 3338
3518 3187
9653 8079
4966 6955
4978 4077
7574 3212
2629 3025
6343 3350
9142 2881
9675 9760
1380 4277
1799 7415
9968 3108
5351 4672
2584 8099
6611 6440
7327 3641
8364 5889
6967 2840
6191 3373
3238 7576
7448 1423
161 3378
8187 4206
2417 2630
1949 5265
5956 7118
5142 4161
688 6692
5715 2747
869 8955
4804 6502
8018 2340
6466 6587
7063 6577
6784 2961
6933 4481
3650 444
7488 1478
3976 8952
3478 7692
8551 3863
8771 3866
2435 6834
9942 4882
4440 5006
5238 8433
9673 4613
9770 3728
2408 8249
7568 925
4243 5522
7 4563
9021 7023
9511 6887
3336 1061
5481 8662
2401 9414
439 4607
9281 1591
4924 2365
2951 8245
5236 3125
2455 5863
4540 7034
1634 4667
7360 235
4657 4320
6619 9743
7636 8104
1720 9443
995 7955
7440 9626
9527 6440
4733 6422
3081 9536
9905 6773
5211 8383
2278 5132
7866 995
2447 7570
9206 211
274 4236
6682 1824
3542 5706
3118 3429
5682 9967
7361 3051
8207 1759
947 6328
5563 3078
2240 4035
8441 4851
7396 6428
7973 1484
878 6578
687 2846
36 3559
7403 5505
7749 1712
1398 7553
3320 624
5705 6931
1137 278
206 5138
6336 9915
6859 1325
2984 7993
1513 5934
9177 7578
7685 7675
2571 7945
7666 3232
3371 8523
7910 5026
7658 7434
4735 1488
8511 2691
3094 5663
2825 9410
1532 8899
4693 4645
6334 6068
1047 519
7651 4169
8996 6267
5042 2025
7664 4367
9828 876
8766 5024
6410 5016
6273 8165
4539 4299
9602 8413
7699 5758
7932 3485
5356 5460
4275 9558
914 1400
8424 9545
6700 4152
4444 7300
7515 5533
2498 3780
7178 8099
60 6857
9899 540
895 3228
6371 7252
997 6659
6809 4216
6738 1532
2076 7561
2243 4291
8328 9325
1021 5969
4216 9112
8879 5937
9 2704
5879 5864
3578 6317
7852 9517
9262 6089
4673 7752
7720 178
3707 8309
7253 6835
9930 2697
8213 986
397 7781
5058 4974
241 6221
9028 3535
4766 4802
9062 4580
5745 1447
7048 6029
227 9211
5731 4666
7117 6802
6974 78
4548 9167
8447 9043
6792 1205
4527 2584
497 8146
211 5537
7299 9825
5413 8009
910 4528
9354 9316
7116 2884
3606 1571
8248 1757
4920 4851
8996 8524
3303 4953
5395 4851
1129 7167
3211 1688
1170 4953
3759 4940
8332 9419
6907 4588
8125 9126
1268 8908
7614 4709
6571 6359
8102 8176
8009 778
9914 2018
8532 6188
275 3212
5954 5609
3648 7408
9245 876
8386 5841
7016 2666
5538 712
151 7727
9344 1528
9686 474
871 3852
4954 4303
8583 8196
7461 693
9341 8814
7942 5167
3109 8190
7310 6122
6930 4440
8893 8129
9275 2044
5102 4588
4040 8928
6560 2399
6757 9329
4395 3908
8472 8486
2978 4859
5423 6336
6395 5449
8344 4810
4735 7396
849 4749
7741 7634
2244 2504
5470 1843
6891 6188
2144 6474
1666 5129
6186 6106
476 9994
3604 130
1517 310
5076 5716
5759 791
141 6217
5757 2667
5896 1025
7988 7339
1723 7999
5269 7279
592 8075
1919 1000
6375 7146
2782 4078
8425 3031
5935 2794
8639 9147
7632 8764
1446 3826
5499 4600
3037 6596
304 222
6699 2301
5979 928
7904 2110
1018 4116
7348 616
8503 5071
8150 3455
2722 7995
3085 7818
8431 2687
7806 9014
2435 1522
8794 3907
2985 7587
2132 437
3783 104
9178 9158
7995 8024
7822 5329
7444 44
3886 3844
6564 6761
810 8916
7045 8791
6137 537
5803 1186
6643 4317
6359 2572
958 3566
7379 2665
4660 7035
7690 571
4613 9434
6144 8016
7009 9218
8737 3241
7353 6813
3656 241
3769 1350
6909 5375
4028 3038
1068 2098
5137 6852
6875 1297
9020 3980
3662 8579
7318 7465
5909 1181
4190 6483
676 6189
8573 9118
4115 8524
5808 3758
9373 7895
3406 7017
4369 4849
4945 8200
6872 4796
9301 1081
8633 6809
9760 7230
2914 31
9111 5279
308 9418
9470 8070
1958 6002
9623 4636
2355 6870
1627 8346
5732 4126
4911 227
7904 6942
6011 4709
6933 6216
6279 7678
3464 7385
7408 4496
6814 5972
9078 8606
5991 1209
72 7461
2488 1104
5466 1095
7340 8418
9735 1184
3131 5347
684 7732
7387 7941
8903 1556
8033 7823
9025 1667
826 5048
2050 8583
4818 4334
7963 4502
9053 8037
5101 6608
6667 7628
2746 1991
8694 1166
3807 6811
3322 1400
2050 1241
1661 1954
9460 5772
9380 7506
8353 8420
5839 7072
6028 9748
5641 2923
436 1348
3653 4250
8616 7194
1130 3607
4946 5929
8607 5196
6946 4023
5089 3470
1836 5166
2210 6804
1429 4024
5687 9697
9923 4203
5499 5970
1624 4236
8020 4473
3346 7718
4077 5722
5904 8355
5614 3826
4240 4144
7477 7284
6136 9536
8259 1843
6159 9934
235 7440
9450 7941
8870 5380
9092 1551
5855 6261
7106 2803
9446 2049
7883 5878
3662 9694
9512 3571
8555 794
4837 764
9010 3818
9178 4570
5761 3485
3556 7847
1890 9040
7000 8540
5862 7674
2343 6807
7732 1292
6621 2249
4146 2815
3158 7104
996 3471
9674 3996
5814 7754
6243 2949
6186 4364
6212 4767
9102 7863
7566 6318
6482 6469
830 913
3176 3845
233 6292
293 3569
7714 9427
5007 4274
6392 9154
9549 8393
1836 7207
3937 1741
7388 5628
9924 8684
7474 5402
7346 5631
7919 797
8012 3765
892 6880
7538 4340
3178 7058
6475 413
650 5775
3567 7247
7361 3660
3324 7526
8412 3820
5410 6855
6705 7641
9097 4862
6092 8646
9645 6128
212 7656
8591 5633
8997 4860
7825 6625
9195 186
4053 5312
4748 4413
7196 4616
7512 7333
2197 3119
3587 1991
1550 4503
1491 9558
6123 5047
925 4680
8024 7629
1016 2583
6893 4736
9424 1298
8144 1049
3660 2240
7510 4375
865 3619
2333 6053
6159 4862
6014 6201
7850 3433
8469 3936
5642 6329
8093 8789
6590 6253
9025 5507
4532 9056
8971 4712
6271 4931
8251 3605
6177 314
5770 1616
5175 4210
37 4877
9813 2934
7389 836
7772 4021
7029 4465
1533 8871
6268 5047
6884 3064
7621 5545
262 3948
5383 9959
273 5238
5844 3672
382 3195
1376 6793
3886 8665
7115 839
4682 5337
5137 8627
8771 7000
5254 9212
6112 9206
3448 7392
6605 8846
5999 4606
3222 3787
9359 7328
7657 8598
5220 3040
305 9606
7545 4341
6593 6634
8434 8411
7613 311
6041 4320
1368 1145
54 7930
5011 772
7008 9478
1335 1907
9455 8032
4962 3889
9112 3384
6992 8342
5928 7654
749 5314
8320 8487
285 3638
6526 7236
8055 5974
9526 2327
8251 1190
5465 7785
257 4744
2705 5738
2089 5240
676 1695
9602 8472
7289 9329
8234 5572
7670 1329
9803 3214
9579 3506
2220 1909
1115 3435
8721 6858
1906 1978
4686 2957
1231 4778
705 4439
8470 4243
4483 6240
8781 3647
4375 3674
2933 9779
708 4629
6816 5446
5370 1495
6387 610
304 9649
5484 3960
7929 3259
4024 5029
6770 2748
4789 6818
1131 7068
7230 3635
2987 7921
3446 2019
1794 4379
5289 3613
3776 9249
5180 6595
1633 8339
8233 2973
7558 5544
4995 7983
9316 8720
3225 5591
7421 9632
7352 3345
3674 1896
272 4812
2963 2558
8291 5664
4576 5905
4433 8071
2615 6426
1476 3938
2451 1336
6959 8086
9667 3069
5625 7345
822 3306
8636 5941
169 5370
7812 81
9530 6154
8752 4840
8576 6829
7824 2535
8018 5784
764 4469
7391 7083
7553 7670
8139 3041
9391 7163
6273 2439
1530 7799
8130 8361
3240 8864
3202 4142
9798 5945
9302 7764
436 9110
8753 2045
7785 7215
5696 3158
1819 6747
6619 8502
2349 7730
7113 6593
6736 4657
2121 6560
6749 4596
7225 6511
8042 4289
193 613
4562 5299
8362 9074
7667 4348
5564 2076
6739 4029
9189 373
4753 2507
766 5965
4082 9169
8206 4225
6265 6445
6967 4916
9337 6256
3919 6374
8258 6751
5682 4525
6948 8057
301 9406
4718 4778
2419 5304
5608 9716
6093 6496
1212 4338
519 5054
6568 4510
6338 6384
9146 780
4058 4745
6592 7203
8772 9200
8307 4145
163 1083
8698 5235
8337 4963
7065 9759
5721 6048
6640 1659
3128 9133
1294 1357
1287 2135
233 1677
4150 375
7219 8361
1766 9690
7620 1242
7955 8402
6645 5012
7603 5210
422 8086
5159 4860
7335 5166
7911 6265
8819 5888
370 6354
6705 6167
7075 4946
794 5864
5703 1698
460 4298
5929 9329
125 5476
2862 894
9743 5576
8731 5078
5058 95
8872 8989
4087 6805
6540 2959
394 8000
7024 3008
5432 2120
7009 1572
8384 8245
2689 2642
4097 7506
4979 3198
7881 5823
5095 6793
1167 7936
4410 6690
8479 790
7806 3959
7000 2812
9350 3500
8278 6398
5384 5583
6946 2283
702 9684
6399 9469
2299 2140
7889 3068
4907 154
5586 4118
7997 9660
3338 5400
7334 4620
7907 1809
6599 6911
2519 1281
7283 3379
5643 6988
7637 7812
3791 3103
2396 6287
6206 4334
3243 5634
1647 655
468 6204
6803 3048
7057 4096
2396 221
6909 5918
4806 6356
5003 8856
6459 4406
9246 7081
2396 5590
8206 6521
5193 7704
728 4707
5793 3498
1338 5390
6551 8546
8032 7536
8044 4621
4175 6610
6176 1435
1823 5849
7202 9940
9210 5707
5318 6544
1348 5970
8067 2511
7259 9656
1297 2477
7778 3576
1484 2303
7155 6337
7442 5613
6993 5521
5692 8569
8544 4957
7141 4574
3051 9102
9730 6739
1591 5970
1233 8211
1153 5744
6714 5934
4076 844
5767 5831
7076 7976
1773 2419
345 2043
7848 4062
8568 4617
1135 5057
7735 8322
9985 4871
1496 2555
1640 5458
8495 5795
3123 3326
9667 2495
9564 2747
1727 3777
9410 7649
7824 9316
4103 2801
4650 3199
6293 7472
4123 6651
4056 474
8621 965
7113 8931
2911 7068
8539 6265
8663 6560
5636 7845
7451 8926
3022 3637
7631 3609
9116 9925
871 6249
3677 8183
3357 2580
545 2063
6912 6295
6301 4155
8518 2247
9359 9279
7036 5543
8560 7613
8042 3486
8415 6737
630 1999
3543 7028
3656 4919
3484 5401
5162 7386
9200 6374
6057 7972
9550 1010
6771 5100
2348 8930
5148 927
449 9134
593 9822
7442 5655
5195 2207
3698 4404
9064 2140
1354 7375
7969 6488
2641 2335
7996 1639
5795 5706
8673 9960
8129 8813
6933 6693
3158 4143
8456 9329
7308 2820
7499 4337
930 681
3777 9786
8438 3798
8147 5312
6796 4594
6398 7739
7671 6780
4648 5326
9661 9848
4310 2823
3580 2452
200 7113
6200 2506
7777 3419
6343 1737
5789 4332
4970 1297
4805 3704
111 5314
9584 4767
8842 5850
6755 7989
327 5733
4727 3353
892 2738
9582 4549
8249 4410
5706 146
3104 900
662 3629
7671 7035
2514 8655
1499 4476
5597 3478
7453 396
7451 5948
8245 5994
5223 6162
9719 1827
5723 6219
8286 7163
5562 4810
6339 9871
1867 3717
9212 5150
6667 7421
4783 4025
6579 9294
9879 4381
8069 1688
4665 3777
6796 6030
7133 1451
7408 9792
8015 1344
9963 9340
3530 4525
4372 6763
4730 4256
528 1898
7398 2284
5104 7880
5176 2801
8066 6355
9703 4397
7530 1164
9297 740
9595 6032
9115 4412
7967 872
4199 2647
1359 6498
4272 947
1861 7419
1769 5615
6905 8901
3504 5811
2148 1302
475 7740
5036 6015
7856 4400
6825 7107
6434 806
8003 4864
6524 9330
6861 6737
6761 154
3209 4257
9980 2422
4744 4688
8067 7077
9603 8218
4006 5890
5411 2643
6967 464
9342 8564
568 5069
5793 9474
2641 5920
1131 4657
743 347
8304 6737
3261 6015
7145 4536
6781 2273
5774 6320
5204 3989
5610 7151
2974 673
9861 4446
396 3807
8360 5972
4014 4158
6916 633
7498 5189
3182 7425
3887 4962
4341 4903
8535 1664
8411 4109
5084 7347
961 6302
5408 9659
6896 960
371 6207
9841 4975
2270 7400
7454 7640
5551 4719
8464 4012
1593 8585
8774 4174
1426 6607
7959 8162
8556 1736
489 4519
9164 3541
427 5590
8109 2444
3514 9954
7257 2349
6275 3191
4449 8138
1870 7829
5680 6401
609 9781
2018 3233
6434 3076
9731 2618
6890 1895
8349 3341
5045 413
1404 4996
903 8915
4874 4732
8982 6408
2734 9452
6022 809
1073 4115
932 1924
2635 4262
8683 4799
3865 2667
7640 4988
6380 4654
3505 4081
3680 2621
352 7472
8816 4776
7671 8889
9362 5474
8756 3678
6669 4649
3917 2197
6608 6359
8858 7109
305 4256
6468 579
9413 6055
3861 5190
1564 164
9316 8337
4157 2973
3197 2931
8007 2893
5126 8204
7137 8672
6303 4568
3147 4736
8851 2531
9086 7767
8182 6048
9512 3445
5399 4283
5934 5610
8226 1661
696 8813
8714 4633
6057 6848
9054 4903
4513 110
1939 3437
6052 3242
1757 922
8629 1906
4931 4006
700 6609
8198 9304
8100 4302
4652 9960
1046 4738
7257 2041
9206 7673
5876 5739
5534 3558
4281 6418
7911 8055
9839 6539
5491 6571
458 6271
1700 3555
8452 3131
6795 1471
124 5873
1159 7257
9885 4332
7068 8130
3071 7224
9772 6606
6442 6392
9045 6506
9888 7720
6933 2428
9356 2611
7537 4794
3199 1609
8708 9974
5688 3607
9616 9368
8697 696
5388 5789
5229 5244
9728 6805
6046 7223
4583 6035
5720 7467
7233 1242
3979 6271
8253 7256
4102 6112
6789 447
6510 8202
8074 6961
1227 8959
7664 4353
7068 5231
1589 909
6874 3187
699 3326
4305 671
5292 321
8700 7544
9823 639
9174 230
9479 6464
8909 8297
9109 1003
9626 6928
9227 2981
364 424
3956 5253
6387 4617
2536 9656
6389 1923
4565 7963
224 3046
247 9860
3389 4324
1026 9561
940 6111
2430 4921
6929 8697
3245 6302
2947 6379
9977 3721
832 6433
1871 7559
7931 8628
8543 5974
7636 6990
3 6322
273 5917
5737 3178
1561 284
3663 6303
8499 9435
3437 69
4851 4253
7345 9564
7245 8394
6997 3862
2504 7448
9332 1946
958 1832
9569 1364
7594 8174
4985 4310
8489 4825
7061 2463
8814 2141
6887 3064
5987 6685
7477 7481
255 4398
6351 2946
8032 5259
2801 7684
1727 3568
9120 5981
5806 2328
5154 4388
7662 7877
332 336
4029 9877
1620 8582
6336 2264
5632 2148
2812 3268
1208 5339
5265 405
9020 4703
6306 5926
1037 7564
9955 9239
7245 6784
7517 598
8499 4334
8039 6830
5002 1994
8258 5147
6702 3768
383 6114
5942 7463
3351 233
1119 4233
362 578
8958 6174
9103 6003
8050 7719
1610 1962
8321 3523
6603 8461
4117 567
8692 5910
7924 5513
8949 8690
5639 4513
503 5024
5078 7371
983 3382
3124 9329
6287 3687
4939 5455
219 3400
3763 1853
7083 6223
9639 6484
4200 5008
8735 372
5049 7959
7511 5882
7340 8215
8279 7151
7231 5010
4046 5480
1069 2910
8063 5577
7037 3195
1249 1565
2369 5531
7042 3044
2770 2842
7179 8913
8440 4638
1105 5613
8526 5809
7070 5600
7290 7818
256 3537
5498 7394
8407 152
9158 6328
2997 7570
8262 6944
9072 4009
930 6204
8141 4668
5529 4771
2348 6077
3404 2417
11 7102
8170 4093
7456 3289
9369 7386
8184 9855
5730 7097
7884 7873
2922 3841
1397 3990
5082 7815
8100 1755
1393 2299
2832 4298
6718 7093
8005 3854
4717 2883
6640 5453
3743 4892
4892 5853
7962 6372
7151 680
5609 5652
5530 7308
8077 9513
2315 4866
5761 4208
7397 7273
5951 7981
5755 4659
1629 7544
7592 544
1938 4098
4412 4061
472 2383
1459 9203
7190 3654
6825 8400
1271 1504
4867 1608
1548 4293
6503 4673
7689 1271
9251 6602
8368 1825
9958 5417
1907 4990
4252 4314
8030 8367
3095 7636
9571 4190
2874 2712
2555 4918
8983 758
9836 4609
1225 8460
5783 1593
5078 1023
776 3911
202 8483
2883 1606
5202 1961
6496 6080
1083 7185
7889 8606
1701 7005
2272 1610
484 3106
1509 4031
7039 2693
7381 3854
9402 5269
7084 3338
3907 2171
8425 2025
3459 4933
1671 2265
6764 7305
661 8781
0 2885
3055 4291
4796 6884
7370 6068
387 4462
2787 6462
8620 5805
1777 7471
5786 9959
9378 8601
9777 4405
9580 7769
8180 3025
8154 6005
2439 7563
2219 878
2667 4946
1858 8520
6554 9134
1531 2877
985 6087
3055 1271
6633 8380
7337 2871
466 2260
4452 5488
9197 4072
5948 5015
4730 2234
1881 4050
6732 6036
8129 417
9815 2845
8973 6700
5991 6940
2372 7118
3703 7103
8216 5152
2845 8240
1336 6973
5183 472
8631 4613
4054 9777
8035 7477
1042 7923
1585 8845
2935 9567
807 6070
9095 5363
8257 8199
4296 3015
4371 8033
8187 9123
9649 7871
7687 7036
4220 3370
9830 2964
7068 6469
5257 6032
5359 4353
4234 3426
2301 3292
7999 1730
8109 6328
9614 1474
4060 5380
4324 9627
9409 4610
7635 7761
3827 5788
9257 540
3634 5622
9824 2344
4471 2857
8935 3414
24 7727
6965 4906
8969 1951
2411 6001
8511 7903
4471 9515
5601 5767
8605 8211
3171 5352
8805 5761
2135 4911
9633 7606
7343 9938
6823 5967
6329 2426
1723 3920
9890 8659
623 7510
3862 5098
6950 8142
6752 8423
348 8739
9130 3723
1788 5971
4281 1295
5474 2972
6262 49
8259 4783
9374 4470
2108 5316
2198 9639
2569 5610
6536 8781
96 7225
6360 4125
4064 2670
2302 5158
7565 1719
1399 9528
8498 5078
4986 5611
6803 386
9734 36
9953 8216
4476 9417
5104 6505
9677 4605
9952 2366
9643 4240
5369 2760
9041 5074
8747 8239
6565 1739
6235 292
7893 3116
7358 4529
6284 6829
2375 5218
1258 8639
7901 2189
5691 8422
9959 6115
8493 5447
5530 8962
9442 9043
7978 4772
6283 5264
6128 5390
8114 3586
6797 8639
1889 8748
7687 6407
9512 1531
9776 5253
3062 4067
9481 8718
9696 12
2839 5981
7530 1333
5188 5424
81 5175
6108 6858
9227 1375
7815 4848
5771 2254
6134 5046
8367 3900
6314 8131
2492 3254
8837 3526
6998 132
4274 3175
9270 4576
9733 1368
7766 5602
3865 6619
272 8018
8519 1675
8238 5597
1130 4521
3872 5467
9274 6802
7287 1295
869 3699
3742 1422
1685 3467
8844 4481
9587 2539
6741 452
7477 9124
9684 2364
7980 4268
2678 7944
3708 6510
6344 2371
5415 1642
4411 7155
978 4076
5883 4901
9544 7578
6247 3606
8687 4739
4900 7090
8461 8863
7658 2123
6787 8983
8643 8116
4223 2502
4195 9085
7557 7790
9606 3854
2352 1785
1961 8316
7285 6055
8321 8078
1612 6563
632 5788
9318 8123
765 8532
9765 4907
4117 3257
7092 6949
6118 9224
655 5139
4905 2549
7513 4993
8447 1370
7831 7288
8035 4809
1432 2323
7507 2209
6309 1292
5515 7618
7929 1380
6973 1457
9475 3919
5070 3124
2200 9082
3390 7371
6297 2234
517 4629
5238 7057
7238 2936
8781 7271
2008 2738
7215 5554
1012 1430
79 3477
8847 6928
7225 9396
530 7550
5688 8030
8918 2149
3465 5922
7200 7124
7709 9216
8192 9858
5454 5584
1941 7649
6883 5875
5149 5887
6181 1375
4620 8017
6392 3773
5139 8703
3554 1439
4087 2656
8983 7862
9640 5880
763 7397
8600 9521
8825 3223
8533 9696
1519 8319
449 6419
4096 4997
2683 8127
8651 1242
8637 8248
3211 7465
4941 2729
7490 3775
9847 4651
2188 3287
7058 5286
7844 9901
865 1621
7301 5192
3211 2338
8671 5334
7088 3852
8370 912
3245 5490
7195 2379
6818 4378
5692 3815
1115 4778
5966 8484
7783 3488
5482 9832
6085 9344
7627 8344
9767 7236
4633 2158
725 6434
8495 7336
929 7890
1161 2800
259 4160
5517 4578
3996 3974
7103 3850
7089 1471
6376 9937
6594 7127
4001 3271
9634 2812
6079 9650
6861 8410
2119 6825
7632 5897
49 7332
8818 9665
5654 4007
6526 5922
879 1787
7783 5958
4139 5325
7086 3751
2159 3618
9664 3054
7258 9870
7200 1823
2191 4324
6439 3122
7414 9888
7788 5376
1857 1940
150 2378
7237 7488
8154 7419
8493 469
5635 6895
5017 3584
8745 8274
1511 7840
3080 4728
6268 7747
5925 7344
168 5027
8750 5319
6723 4126
4037 2257
8152 418
5512 2866
9906 4936
1970 9185
260 1475
7348 9668
3793 705
5288 2828
1567 4715
9182 6009
322 9156
1297 4073
1986 6281
4224 7694
2433 5280
4914 4465
6791 3455
7332 6519
5855 7419
7080 2511
0 7132
1220 2146
9843 7165
8221 6923
5049 3885
4289 5823
2831 4521
7910 7677
5993 6319
8061 9270
8432 7493
6729 2940
2995 6578
242 3524
4044 3925
8056 8145
3816 3280
6955 7080
7237 6012
1251 7070
7171 6146
4314 1463
9295 3293
8408 8159
5095 3196
1817 7868
4547 5313
4355 8755
5768 4901
5485 6764
3405 4476
9810 5028
3435 1615
8323 3254
3154 8277
9322 2729
8179 5195
5469 2740
2951 9086
7380 3529
9255 4136
7553 3457
1930 4109
6874 6552
893 9711
4943 6723
7424 7140
6252 8841
5600 7114
9504 6102
6821 7456
6675 986
16 3264
8172 8817
2730 6363
7315 7210
8264 7359
7525 5973
3530 5140
7167 8214
8049 6387
7698 1434
8826 7476
3965 8451
7149 7793
1352 4882
7498 5991
9529 9326
8817 7134
7320 2198
8693 4974
5379 5788
176 5077
1909 1659
7521 6510
5059 6106
6772 6651
189 9705
3869 6245
7695 5579
4138 7574
8193 1547
2709 5741
8201 5343
1853 9203
1316 8032
6416 9059
1087 9111
6956 3038
672 2224
4641 2573
6085 7131
2048 7284
7067 7191
4051 8342
7697 6806
7784 49
8995 6614
4526 4141
9271 9407
1478 7289
9133 6669
5652 6057
7720 2629
6966 8061
8499 5255
9560 6103
9606 6744
6330 1663
8086 8994
5331 9506
3754 6792
1794 2583
844 1014
8239 9852
3733 4868
7272 1957
5471 9149
3800 2599
942 6396
6321 1856
8299 6082
113 3252
9612 1674
188 3022
7116 5106
9120 2151
3483 5120
7497 1270
9537 5408
9442 3370
8165 9771
8552 6770
1276 2727
3255 7592
4965 6671
5606 6667
4487 7275
7637 5343
4632 9615
7438 6796
7954 9830
1398 6342
7508 5579
710 3726
4524 7170
9993 5822
7584 6742
1219 4771
8315 6668
9282 7652
4638 4424
6986 7695
5458 8135
7139 6476
6320 9591
3848 363
6471 7774
8914 5684
8244 7138
8958 5727
7355 358
6556 3159
5327 6339
8620 2470
5839 5696
8951 9888
9825 64
7340 9512
8763 3128
8427 9366
1691 807
4679 8
167 3352
940 6658
7910 6753
4450 1060
6995 4387
146 2074
8432 3536
5944 3897
5536 1628
7087 8527
7408 6892
5441 6171
7822 7404
1554 7123
826 2183
600 3597
472 4580
1851 3293
5827 7819
8719 5821
8022 8633
7704 1642
1315 3929
3169 1740
4096 1605
8285 991
5628 8225
4602 7829
1889 2888
5765 8230
9225 1320
457 4019
422 9431
2917 4084
7030 5875
6455 3429
4258 2542
9441 4772
1509 7972
282 6768
7851 3516
64 2933
4867 6154
6356 5005
7681 4236
7106 3776
5464 5097
7180 4893
5301 6796
8004 3879
7999 1549
3052 3504
4738 3421
6352 2792
9285 2515
8333 6269
7705 550
2687 1016
8425 2825
7103 7800
9317 2211
7357 2432
9865 9627
6541 1351
7868 2126
4807 380
5998 8427
5749 2475
1831 6292
8111 7630
8326 3354
8689 9593
3536 5027
6675 6023
1636 5945
8824 719
7239 8990
5685 5994
8259 1206
6137 5566
4684 9792
5785 2145
8987 898
9344 5565
7587 4196
2807 1861
6104 5281
8449 6820
4022 180
7628 5890
971 9998
9208 9060
3372 6450
9929 4161
8148 4650
1138 5156
9897 7821
9222 9897
4966 4270
4007 4867
9220 6037
283 6978
5193 3680
2396 6935
3675 8945
7814 3555
9716 2309
6639 6971
804 2785
8283 5201
7336 5098
9428 8443
7692 4733
5272 4969
8226 5835
6769 557
3215 3079
9323 3667
4059 5915
7378 3230
4422 1537
5431 5672
8086 7373
5762 5893
5729 3501
5805 9912
1691 9882
9845 7512
4762 6866
328 1233
4740 2354
9351 9340
6171 1752
9679 6173
118 3574
1601 9844
5985 3053
8611 6305
9903 404
6774 6633
7324 8497
5593 4111
5062 5909
9680 1271
7894 9552
9308 1399
1780 6409
9508 8519
1241 5084
3662 9099
556 4200
746 9693
7205 4846
7526 6887
6232 5508
6420 8713
7989 3652
927 3968
6214 3626
7064 7243
2891 6340
6977 6537
3689 5566
6163 1594
9656 782
8418 2193
4371 3156
5759 6385
1330 9461
6177 8066
7741 4839
4618 7170
679 9881
8590 5804
3288 8497
2257 3556
9118 4876
9310 4817
5135 8978
8533 9326
4221 4622
2667 3841
2368 2498
253 3599
7314 9474
4850 70
3270 4521
3975 9706
5173 6129
6601 4061
1705 3995
6727 5863
1331 7955
4505 6609
9740 7272
5499 3791
7054 7389
605 1849
9078 1676
9215 8097
8253 4451
9306 3260
3084 9740
9751 3647
6164 5763
9405 6393
8131 7881
8853 7048
8466 7605
4641 5463
1074 3616
7849 5916
7720 8660
1194 5869
5709 4028
2589 8054
8626 8883
7043 3429
9755 3715
8525 3058
4139 4003
8172 4862
606 8156
7756 2439
9574 4727
4019 1578
4469 8725
2392 1487
9079 9107
8227 1428
680 7179
1141 6076
7107 5534
5257 968
5683 3291
9102 544
6242 2760
9980 4196
1564 6300
4415 4035
7617 2788
4993 5998
5027 2842
5352 5113
9330 5282
7728 1801
5391 8488
5884 7374
3490 6845
7521 2676
7784 5530
4429 6306
7946 1916
5068 7461
243 1906
9490 1312
5467 6281
639 7662
2757 7990
8697 3783
7058 4850
9393 7916
5205 3736
9095 4058
1213 6621
3811 4405
520 6105
8086 6194
7045 2063
2748 3080
8791 6922
9253 4243
4000 1954
4930 9701
7671 1414
3160 5360
336 5772
5525 6585
186 6242
2163 3450
1139 3881
2206 3820
3422 8514
6567 6696
1781 6502
6493 7161
6612 2911
6919 7269
1049 7226
8235 5899
8430 890
7795 2365
1786 1261
9241 3320
5158 4855
7438 6679
6583 5899
8708 5974
7794 6048
7980 3700
7006 7924
3028 2571
7940 4530
5901 3219
126 2016
9375 6006
5703 6846
8921 8953
8126 5043
8198 6151
8425 9311
9698 1182
6572 5201
3440 4743
7531 6940
8725 9135
2842 4235
8151 7328
7122 9401
9023 9997
5765 4704
6484 6377
649 6850
8309 3191
2147 5521
8768 7677
8218 9196
8956 5927
5790 3421
6770 2166
9127 4991
1678 468
5735 3899
8679 4077
8774 4580
1499 6360
2474 6939
84 5923
9105 1152
3740 4580
5911 6986
5458 9899
8889 8209
5797 4669
7186 5090
999 1728
5721 4014
9575 5625
6781 5162
468 5633
325 5059
2896 1922
2532 3631
8945 4532
8862 8735
7697 3040
7745 7955
2262 4157
9741 157
6311 8636
5494 4967
7323 3243
6311 6421
6196 2270
9740 4133
7443 3308
8701 4966
3296 7009
3719 696
7392 7665
7870 5977
5296 2363
5607 8183
3721 2957
7642 2592
9148 7762
8571 547
6568 2155
9322 2401
5830 7824
897 9906
7436 3547
9106 4331
7517 4761
5944 5687
5145 7963
6979 7300
3731 4681
7939 4346
1141 9461
1006 7058
6556 8816
2120 8735
1642 5727
9429 4095
8179 6169
1999 1800
8733 5294
1103 9098
2777 3528
9015 9595
4185 6177
1774 4018
4325 8816
5137 6516
92 9360
6962 3330
2110 1873
6940 6954
9629 6088
6119 9205
8732 8546
4698 8401
4299 6440
604 5576
2333 467
8640 8849
8449 5080
1098 5855
6745 5294
5241 6586
6940 4981
3282 5985
6238 7449
7006 4288
4195 2424
1168 6449
3592 7086
2370 8993
3226 8160
4485 7074
7933 4274
4447 3813
3100 6479
4516 5340
7336 5223
1160 6157
4915 3810
2752 1982
5690 6021
269 3855
549 3909
9172 8174
2024 4811
7171 1685
9318 2751
8547 3399
1796 904
1756 3949
2516 7609
6421 4792
8551 2242
779 1230
9966 8048
7170 3604
994 4538
6431 2218
5839 91
8581 9934
1749 4067
7790 2386
9290 6085
8519 3700
3790 6255
7212 5011
5849 7208
5718 4244
9138 8552
7025 6316
8114 4819
3793 5627
4470 9518
4250 2870
1003 4869
598 390
6122 1718
6915 600
1379 4338
431 3367
5054 3274
4934 7824
9245 3938
1944 4268
8681 9723
5028 7580
9509 8306
7785 7077
321 7450
1634 3409
8036 4215
9918 6030
7490 4685
3811 6798
5828 695
5706 6596
4586 149
6244 5188
2763 4549
4712 9535
2238 9279
304 8277
6290 1520
4520 7271
1426 3887
925 3605
1607 7611
8372 5022
5474 8932
9036 3790
8230 3397
463 8162
3343 2626
5695 3158
2940 3441
3426 3563
9772 7214
1212 6644
1116 7350
7537 4234
7025 6008
2393 4103
8263 1830
2577 1645
471 122
9701 3604
2477 9816
7639 7520
7030 5426
7396 3305
7653 1389
7498 8685
428 4976
9733 1233
3896 8278
665 6380
3937 8050
3807 7711
829 72
5173 4765
818 3626
4202 4039
5664 9432
5450 4750
9344 4282
8007 6468
8873 4108
7603 642
5742 7029
4013 3507
2812 6520
9379 5673
521 5446
545 5803
8234 2845
5583 5171
7305 9700
6199 2370
8375 4891
7262 7236
868 5796
1098 8998
3780 6924
8773 9259
8265 1619
1116 3538
6232 345
1728 4038
5703 8339
1179 6159
7993 9390
7946 2633
7689 4697
4086 3422
433 4770
9220 4299
5865 4321
2783 3162
7883 8067
8564 2574
2344 2418
731 276
2766 9237
1298 1555
614 8736
6031 3054
6406 4365
224 5548
3751 5781
2517 8883
3038 3630
6441 5554
6986 2092
5852 9067
6359 6360
8549 1875
9808 4724
9549 4729
803 9173
9739 6287
1389 4544
7077 6532
2329 6859
5741 5156
8609 6736
6657 7343
4307 4440
5322 7158
44 4812
4513 5713
6956 4148
8908 7190
4078 7707
5808 7438
9576 2630
1582 6938
9190 7253
7306 4611
2707 2846
9255 7153
4977 2033
1434 7188
6623 3571
854 7138
4252 4975
6456 5380
6067 1367
7978 8572
7145 6127
5858 735
5168 3671
7771 5771
9558 7433
186 4770
8429 8336
3133 3196
5772 523
7494 5089
5446 5463
7255 1545
3574 5046
7705 2276
9857 2188
8429 4027
4613 5088
2338 6237
1228 1188
2421 5898
3850 2712
8692 5955
6294 8165
9795 9429
4895 5982
6639 1676
6117 7458
943 7448
994 4232
8117 4798
9068 4791
538 6352
4997 3118
1032 7089
4644 4922
6036 191
6433 4028
5574 4038
6462 6715
6553 4847
2435 7593
7266 6217
1521 5186
8060 2291
1981 6110
9379 3205
8752 6490
2962 4979
7590 8677
9994 997
470 5376
1307 2840
1637 4701
5776 6481
573 5733
8217 5284
7010 6762
9350 6008
588 3274
6956 5250
8855 9183
3829 8105
8330 8315
2803 8904
8844 6321
6337 3929
6457 4748
5225 4247
2011 4016
7549 2502
7901 9077
5633 551
8097 4293
627 7295
6391 1132
3030 3591
1006 5076
3062 8498
5823 2782
8408 5996
267 6844
513 1652
512 3642
9419 3990
4078 1359
9910 4493
8234 8216
1317 5503
2612 8275
3869 2538
8146 6238
4802 3911
8443 2031
8443 2152
7615 7891
7809 2509
423 4192
142 8151
5300 754
7034 2139
901 7385
3936 9896
8993 1922
5562 1168
6336 4955
5288 7954
8171 6136
8353 7833
6541 8743
1185 620
7851 3687
848 3186
6111 5897
8778 8921
8865 5133
761 4843
8176 9755
9852 7752
8467 3811
4707 4279
44 7942
4266 6751
3012 4276
5276 2709
8211 5511
7277 4889
8782 9686
5315 7023
5904 4385
5515 4573
1351 2736
8484 2529
5319 6849
8342 5334
8104 7677
57 310
1352 2264
9467 3386
6132 3057
130 9806
8490 6787
5689 6688
5575 1190
2097 4525
7649 694
3126 8309
1424 9091
9925 5782
9894 6432
3746 3035
740 7375
7992 6402
3236 6905
7404 7400
8249 1978
4367 3503
5846 1895
7744 6946
6935 4562
3337 1187
2753 7286
6595 5810
9424 1019
396 2367
6384 7734
7325 6302
8784 7748
8918 7977
7920 3213
6127 2150
7400 1642
2547 8628
6219 9444
5153 5714
7229 9465
6262 1799
4054 6910
8321 9168
4473 9523
8682 516
9599 1908
1782 4866
4784 784
5585 6431
4988 3179
4113 6857
5395 3274
8879 5086
4292 4644
8658 6844
9354 9028
5548 2469
559 8857
6218 3203
5536 6781
1499 4756
6819 3019
8756 3043
5720 9463
1867 5044
5323 2593
5617 2811
9115 2343
2274 443
7211 5650
5567 8588
6494 2562
8814 5505
3398 71
7265 9269
7199 4485
6138 7249
9799 8236
2038 6336
6785 6538
6991 4657
5824 1841
8597 4581
8829 3655
4663 7636
5723 4647
5461 7616
4286 5434
6766 4165
5360 9964
8844 5626
9780 4264
7834 7160
8003 1748
833 7257
1015 6251
6746 2651
7563 7111
6460 79
5174 6697
5914 7224
5866 2430
3787 9412
177 4714
6988 1258
6955 3296
8584 7634
6960 3411
1075 9247
8003 943
1072 547
7782 7885
2247 4486
2560 9147
5436 8336
9455 5096
9627 6105
3801 1968
573 2031
1450 4290
1192 3537
8771 3151
7342 1584
8126 9802
9971 8251
6241 6935
9646 89
5416 6529
9547 3759
4939 6375
971 8614
8360 5660
6677 8670
582 8509
3330 6826
6269 2688
9835 2361
1719 3525
9611 9557
4497 1950
5141 7879
2610 471
8976 1812
944 5865
3389 8574
8590 2042
5223 8591
4098 3786
9849 5534
8501 2872
6720 7296
4999 2174
5754 2750
5852 6025
1075 7637
5273 6089
1252 4826
1075 992
1549 6739
8103 732
372 1744
4374 1038
5183 1887
9303 1402
9031 4915
6722 0
8948 2113
389 6420
4558 1690
6670 6670
7728 8038
5706 2951
7206 4435
2144 7864
6345 4106
4894 6456
4486 474
5348 5579
6113 952
8260 6219
9192 9397
1302 1519
5537 9652
518 656
9275 3689
5393 2733
3561 3405
8896 1791
7972 1443
9031 7385
3733 3862
913 5211
440 3301
7642 4197
4925 9165
8266 4778
5033 4497
3591 6438
210 1792
5330 6181
3097 1436
5533 4591
5452 1219
7259 7778
7644 7360
6539 8657
1372 9818
5112 7163
5003 3958
8083 3731
7704 2688
5335 9800
7295 4331
4734 3167
8629 7997
213 9135
8002 7310
6856 4634
5603 812
6260 5054
8216 9750
544 5707
4434 8244
8116 6136
2283 5258
7358 4737
2900 6129
3036 6929
9034 5134
2073 7784
2191 4743
3140 6878
4593 1834
9405 6861
2308 4281
9536 928
6266 765
9822 6920
8411 6188
1283 3026
5136 1709
7346 9476
6316 4265
7089 1448
5413 1199
44 3690
6203 8939
7370 6278
880 2390
3039 3281
9016 5601
7505 9886
7254 1902
5523 1717
158 5374
9053 3682
5990 1597
605 2572
4180 338
147 3414
4434 5358
327 83
3550 7526
4904 8919
4868 3075
1358 8178
65 5452
9165 5441
2797 6205
2983 4409
8745 8009
3375 8841
966 5560
3173 1244
3917 6357
789 3389
7802 6298
5090 7217
9630 7355
5974 4002
5466 5518
9670 1240
8644 2305
559 5034
8842 4764
7575 1044
6532 3182
2522 9662
1507 4729
1240 8815
4492 707
4347 6247
6112 4996
7280 2294
4816 538
2794 4873
7601 2386
4922 3445
75 383
1401 4158
4006 440
7530 5071
1338 3580
8886 1437
7204 6069
1191 1840
3054 7577
8460 8913
5406 2861
4886 3091
1014 7024
5922 913
7549 8588
1105 911
5548 7761
8027 6119
2197 7232
4014 2199
1658 8644
9113 9454
398 7815
5771 1804
6486 6216
8961 4832
8663 7878
9187 2142
8027 4964
3889 6526
6060 6983
1840 9415
2642 2640
294 9397
9924 3724
9712 1101
8610 6079
8350 8892
8897 888
6651 7464
6016 2752
4381 9711
3340 5543
2280 4102
3201 7599
7215 8445
267 8634
5032 8365
5849 8129
9708 1224
4107 3850
4133 2267
9326 1307
7919 3663
5479 9471
4416 6941
1952 7925
1964 6996
845 4157
2892 8254
1347 7293
2766 5405
9816 6661
5633 7026
7727 6768
9956 2211
5215 8435
8092 2436
6180 2176
9300 7949
2399 5998
8283 7336
9150 7187
661 2656
6650 4047
5051 6233
6006 1730
7487 9388
4330 1518
6692 4687
3858 476
2223 7169
5686 1496
4016 4741
4754 3916
66 618
3645 9120
1649 9455
9424 8486
1809 2991
938 3930
8599 9312
9191 556
4465 4055
7092 4526
7730 7523
8050 2280
8640 1328
4383 5154
7301 4111
9777 4938
7268 8889
5232 3904
8191 9049
8504 7065
595 2786
3931 4471
3683 2420
8113 4147
153 8039
261 4374
3965 9609
1952 7725
6866 2183
7623 3357
828 4542
3723 5996
9650 9956
653 6941
7031 2435
5303 2750
9993 5865
6341 7586
9302 5193
8945 462
6009 6066
5520 3394
6879 7117
7648 6396
4382 7924
5638 8230
2637 378
6088 2279
5328 3988
1631 1388
2257 2079
7339 4715
9314 2291
76 4812
402 9937
436 4337
981 4137
9371 9857
746 2284
6612 306
9975 5312
648 665
5035 4008
4173 2286
2538 4815
4222 7103
8098 3060
8552 5216
8652 2185
1940 1338
7707 8278
6458 3932
7474 3317
7080 2932
4873 51
9266 893
7633 8450
5725 2482
6540 1648
1011 4379
6670 4875
5077 6058
1170 7260
590 8671
8565 1906
7832 823
9117 1335
9094 1617
9076 7161
8778 1088
1381 7601
2153 4145
2849 7820
4256 5141
8020 7007
4159 5208
9842 6327
6051 3769
7403 5089
5801 4826
6651 3010
8842 6068
7689 3645
9497 1569
6289 9195
6235 1496
2940 4538
712 4301
5237 2919
8430 6245
7084 8382
2576 7001
1435 6093
9574 109
8238 7364
4932 7773
6695 4197
3565 4603
4895 1963
2813 6661
6839 2791
7512 2133
1596 7865
2033 3702
4053 5710
3590 8689
1327 6923
6054 1060
2031 9254
5493 498
0 7353
8544 479
6383 3450
8512 7845
190 953
9794 6891
9962 6704
7245 5293
7138 4901
8010 666
8603 9811
3742 4370
5628 6563
9905 7230
7921 6865
3325 9535
6606 4380
8170 5354
85 3882
46 3173
6799 3499
1312 9408
5405 8332
2822 5164
5117 9326
6118 5501
6958 2997
9282 5911
7644 1753
1506 7409
4426 814
4197 6360
4796 2747
3647 9828
6798 2348
2548 1491
2730 5174
9804 6787
423 2843
6811 6195
8851 4654
4304 6728
6584 4876
7405 7203
8049 2057
7643 6738
2340 2871
2283 6538
7534 8229
13 5816
8804 2340
7165 3407
7760 4519
5606 67
1684 2193
7346 4687
8626 6885
1455 3538
1047 37
9584 7268
8405 4149
7021 9441
8959 6132
4368 9183
8124 5038
5473 1766
7816 2707
7664 7039
7147 8210
1647 2782
2278 141
5089 7374
6281 9910
7077 9026
685 4020
355 9743
7502 49
3523 3856
2330 2825
8267 3006
1684 8046
9745 530
4927 2599
707 1419
2206 9848
1273 3493
1170 6778
9810 7277
4321 8158
9561 7246
5 36
204 5386
7650 5639
754 5264
8268 5459
9572 4264
3328 5737
8269 4233
7868 5875
7226 8586
9370 1770
5786 737
2479 278
5156 341
7812 2452
9863 9637
7363 8978
1415 5373
6874 9982
5484 1459
1184 1010
6137 6979
5540 2788
7490 4508
8496 9850
7857 5433
897 2121
9749 8195
6153 5876
8336 2435
4256 6190
1553 4677
5475 5705
2629 8048
8518 3085
6437 3541
8453 3858
8779 3799
813 5173
6704 3023
8018 6303
9730 8195
9735 2123
7173 8197
43 1993
9412 4587
1422 6570
4974 9048
9799 3720
7025 3724
9384 6861
8942 7711
1874 2651
7025 4892
1602 9776
6752 569
5698 8705
7789 565
144 3041
4333 7860
3696 106
757 6947
8647 3979
1002 4011
3146 5560
6888 5947
2426 481
4387 9264
6377 4425
4300 6757
1345 4471
8540 9114
9283 9572
6033 5675
1484 2041
3761 6829
5180 4941
8399 3072
109 6601
8634 3649
929 1644
4088 1747
1679 2667
8962 1236
378 6496
2317 4644
8034 9777
4851 4658
1669 5591
7358 4246
7478 6526
8532 8189
2641 7858
1032 7636
8731 7086
6262 7726
2645 8502
3880 6534
7345 3674
598 7034
7709 918
7848 3211
2298 177
4066 5613
7173 2520
6290 8848
1852 8169
7980 3488
7025 3524
2922 3131
4219 2943
2595 1689
186 6056
1515 6426
1661 3511
3650 3991
2423 5783
4480 3923
2886 4238
5692 2496
7283 6313
8611 860
6460 3765
5641 9849
6976 6799
5245 2450
768 4583
9811 7973
34 1326
5676 8234
9790 3834
9304 7095
4493 1246
2414 4027
9359 1783
8332 2468
5678 2803
9936 8210
9570 5120
8859 5782
7923 3064
6706 9782
9060 4496
7377 3830
2700 425
5428 5903
1424 7731
9084 1591
5984 6535
9769 876
8882 3793
2667 2355
1538 2733
1702 1380
7526 7871
1748 3482
9850 5123
3103 6305
1296 3092
8536 1062
113 2749
7869 5177
840 6461
128 1300
3049 4204
588 8869
8342 2135
9033 6190
4454 5306
8060 9067
7336 6821
7007 6767
365 6208
4442 6356
429 4917
7156 7469
3604 4964
6535 8061
9425 6956
6850 3871
5418 6234
8644 5344
7871 7343
3919 1713
6217 3177
7838 8334
3320 4279
2393 7043
853 4174
4181 4463
2379 6061
7515 3335
722 9999
1804 9738
5834 3947
4600 6783
6737 7390
8302 8037
6129 5521
6337 7685
857 4710
1207 70
7972 7115
9407 7386
306 2742
2938 5772
59 98
6537 1680
8326 5253
6576 9377
801 4010
4475 4936
782 7114
2439 4906
2452 2593
4236 3607
4641 9254
634 3725
9498 4898
2793 5259
4075 3137
5243 2650
9651 683
2678 2010
675 3618
1208 6296
8536 3332
2643 8590
5500 9523
8460 3458
9986 3911
3171 3232
7598 1507
8428 7855
1511 3193
8875 438
7001 4900
9937 3911
9452 2930
3510 5034
975 3334
8609 4870
8203 1213
4550 4547
6616 4685
8052 3232
1736 1217
4927 3716
5939 1733
5880 1126
8466 3020
6275 7546
8855 2014
1760 8340
9919 8300
9370 2874
1755 1351
6061 7967
7019 5196
2998 4162
8746 4178
289 9664
1942 3779
5331 2092
3285 849
