7489 772
9323 1607
1845 4785
7175 2339
7794 2805
8453 5659
7207 3274
4417 301
9520 2831
5168 6127
491 4937
7989 3431
7394 6025
7796 5022
8668 5705
9342 9591
4111 7549
9008 1609
6865 9064
8782 1791
895 38
4702 2806
8458 5077
1343 1891
107 1914
3801 9494
7579 9575
5287 4664
6987 8882
6693 2248
9738 4693
6723 7789
8784 5893
4015 4885
3810 1972
6150 2615
342 6934
9442 4708
8709 1410
2478 3869
2347 5372
769 8435
7240 444
7647 8904
1478 8077
838 806
8437 3058
8526 6779
7994 2717
7305 7339
8139 8999
5350 5433
9898 3503
4076 2491
1169 5349
8446 5335
7487 8376
6603 6895
8722 7899
5659 6309
9972 7222
9912 526
9551 4196
3577 6311
4661 6685
3494 4327
6333 776
4013 4892
3786 3681
9316 2572
7125 2402
3463 3930
4124 9045
6772 6192
7563 5230
6887 2466
6766 8363
79 3638
8287 7920
9302 5683
8622 8139
8939 5631
7326 7653
1703 2155
5474 1028
5998 3657
6653 6069
3870 8239
6270 9714
5083 4260
5284 6007
6180 6559
8532 904
4893 8337
8492 9907
5147 6941
8075 2385
8438 747
6329 9018
6898 9175
3331 9772
3507 1892
9332 8019
5244 6995
273 7802
4899 5240
5248 3438
1526 4161
1297 9293
7045 6606
2418 5762
7317 4032
7325 2166
7601 4959
99 3313
5697 8000
4532 4520
7376 7729
4688 9234
275 277
3530 6467
4736 6538
5245 5890
3101 4075
2316 2573
3575 9364
9807 4060
8948 1626
5976 7802
1437 9057
7094 553
3664 5356
4746 1604
3605 467
7377 2948
5893 2677
7220 5630
9271 2787
2022 5751
6946 2617
4385 1194
7789 4999
8786 9804
7537 5687
8772 8408
7115 4008
7113 9331
7808 8661
7016 3477
8524 4815
5287 5324
7302 4773
1237 3737
8286 6340
4237 5244
6946 8228
6673 7581
9425 6771
8028 5937
2250 3763
5278 4349
6031 6801
9886 4850
5459 6575
1930 3263
9188 9652
700 6255
5732 2425
7488 8036
4539 1098
2124 8390
2270 1274
1449 6760
394 4643
9395 3808
6864 5031
7533 6358
1480 3979
2063 2085
8178 5830
1139 7887
5320 508
1682 8809
2515 5363
8068 6867
8591 2212
2790 91
5087 687
7 6691
8957 7675
913 5450
4072 1352
8702 7799
9807 4812
6116 2899
7411 1470
2092 7229
5771 1854
7839 5596
7099 7018
7727 6321
6219 2209
8606 4425
9234 8683
1426 3059
4211 4641
804 4473
2245 654
7985 708
9210 1
8007 3170
4351 9882
9125 5528
348 2220
8811 5072
8284 3340
2363 5089
8202 2749
5733 4850
977 5582
7204 200
533 4373
4760 2065
1616 6737
6659 2800
9783 6521
5061 4164
6102 6265
21 4319
2696 7719
5421 885
1333 8226
6334 8988
9329 5950
6791 8409
388 8169
806 5942
390 2351
1542 6535
4692 2846
8721 28
362 5672
1057 7631
8156 5625
8259 9015
1836 7103
2946 3413
8928 664
5929 1718
1506 4316
7579 8101
4156 3458
7902 5721
6962 410
7313 3636
3777 7784
2806 3123
9029 665
7891 8164
7459 5538
1695 2804
1736 590
8198 3891
7759 9213
4987 9290
4390 4870
7597 3930
4403 7778
4781 9158
9466 5742
3316 6914
6702 6205
8153 8470
5133 3315
5748 3847
7872 8164
742 7622
7249 2523
4725 8071
5605 9581
7487 5734
9940 3544
7228 8893
5089 7422
1480 9779
9013 7476
8285 6774
727 5462
6370 9397
6194 540
4533 8264
8111 2312
2266 5332
2940 5017
1121 4719
7852 4532
2886 3505
3973 878
7376 1799
3563 4915
9856 6983
8152 9641
6963 3323
3627 7007
3825 1101
4136 2454
7589 6121
9042 6032
5026 2373
6882 3492
1555 4435
5995 959
5255 5350
7007 9270
4696 9035
931 9159
7865 7345
7235 7178
2029 4183
6237 8426
2406 2305
6795 6246
4596 3970
9197 1903
9708 658
5538 2948
60 46
6474 4353
3951 6420
5486 2492
6654 9653
513 9413
9995 9467
9916 4744
5017 9103
9425 720
9835 6482
8211 7177
5351 5192
197 9032
9084 282
3308 8542
6312 2318
7003 2172
2334 8979
5794 6004
7186 2293
491 3894
7717 3915
6010 8517
3690 4527
8628 1557
9047 4658
4043 7540
6848 2190
8406 8045
5938 7567
2567 7352
7394 4285
6609 4244
9761 5354
4958 1315
7933 8885
6082 4205
2464 3036
5693 2114
9842 5814
862 8630
7580 7427
7545 4171
5602 6318
6722 1919
8215 6625
1487 4639
9649 8509
9910 8550
7675 4402
8494 3273
9166 6820
3946 4479
7640 3886
6078 8354
1475 3208
7806 1330
3251 4038
7958 6797
954 998
1097 6645
3633 7523
3980 6584
5747 8146
8326 1487
8074 4649
1689 3029
4832 2599
614 8110
3766 7005
7705 3476
919 7699
371 8998
8380 7442
6453 8779
7354 5770
7422 6133
5066 8148
7258 6476
8704 7165
9865 3935
949 320
5114 8983
8777 2661
7164 6898
6238 3471
1616 8633
6005 3943
6516 2432
6697 8371
5018 5195
3715 9887
2447 3313
3153 5461
6983 6863
943 30
3718 5583
958 2782
9261 6399
6273 9598
1578 5910
1036 1426
5433 6174
8 4367
3685 4130
2641 8524
9174 3892
7954 4677
6858 6989
9043 5129
7951 1935
9323 8337
9925 4470
4434 9708
361 5020
6381 3775
7590 2306
3521 329
5958 8287
1807 7143
4281 2417
5353 1239
1608 4984
1952 8958
964 4653
3130 5961
1390 4990
7947 6902
9359 4072
5670 3511
8867 6084
9910 5114
6713 4490
7186 4710
6248 226
9794 701
7051 6700
1108 8165
9272 2053
644 2288
7424 5935
6087 5906
6260 3848
8003 2838
5388 6807
744 1593
5188 1269
315 3402
3403 7237
9041 4907
908 1701
3958 7001
7280 4550
8477 6033
6367 3048
8741 5325
9069 9291
8802 316
6716 6090
8949 5210
9331 6029
5929 1775
3409 9014
8426 2136
6569 7999
626 3048
5179 2216
2346 6750
8269 5343
7309 7250
8169 8108
7212 5597
6515 6423
5073 3897
8679 6638
4532 2230
8706 3065
1674 3849
812 4342
3384 676
166 4352
6938 3937
756 6554
2449 1980
6852 3870
5062 338
7895 9279
7806 1882
6227 9416
4690 6064
1626 142
9267 607
8570 6829
7589 204
5627 6768
1377 5157
119 7407
79 4073
7539 1780
5402 3159
3368 3431
2236 1885
2419 8651
6461 699
6051 2787
6778 8485
6907 1954
9992 6272
4166 4350
8120 5330
8629 3221
8513 5261
895 3669
728 4724
7180 3136
8737 3922
5120 534
7306 9664
7244 9200
5402 3751
8686 8464
548 2699
9486 6827
1687 4406
445 8815
42 9859
4337 3548
1444 1911
6110 5837
8906 3111
1736 4648
7025 4379
8040 8329
7091 1737
5883 3579
7082 3903
5129 2851
2564 2706
761 5385
3136 9055
9385 197
4355 8799
5038 3608
1052 2043
6881 7417
6676 6719
6987 4137
5695 2602
5975 5854
5221 2682
6037 5685
6102 8029
3652 4747
9777 6965
6106 8939
9148 5222
1770 7813
6383 7261
5906 920
223 1558
4543 1922
3603 4976
6889 9055
5909 2359
6062 4587
9730 7011
9718 9926
9933 7599
7829 3153
8056 4364
3083 631
8256 4883
5711 8157
8560 5294
9523 7556
9903 4579
8288 5774
1329 5279
6420 5062
2006 4740
3102 4185
4527 5724
2474 9689
9368 111
4925 5504
8065 1127
8520 1707
792 4185
8028 6614
3284 6417
4894 6312
8225 5438
8756 873
8093 4730
8857 2911
9491 5937
678 9388
3869 3256
6780 5472
9211 4836
6005 228
7042 8855
452 4322
8579 2529
9380 6456
8537 8948
8499 6212
2654 6263
1711 5636
9815 5071
6501 5656
4651 4059
9380 4362
3478 7814
7526 6995
5860 5744
2742 6204
147 5914
3668 2168
4817 5115
6354 9635
6519 5013
8175 2314
8176 6151
1275 1002
8516 4004
6408 8299
7352 1688
2489 7434
1839 3151
151 6571
6348 6191
8771 739
4505 5536
8328 2613
8386 7021
160 5344
4162 3332
6127 1203
741 7955
4103 5906
7590 5020
2767 4530
7771 7283
8015 9858
431 5699
6012 5050
5093 4780
2015 4144
1562 4842
272 2121
9947 126
8670 1609
1992 5823
2610 2489
7941 7586
626 7722
9301 6515
309 7557
6446 2430
1430 8944
6949 772
7284 4926
5305 9631
4817 7598
3079 4256
3047 6933
7283 2230
7924 3687
1830 3293
6144 7289
149 2148
9519 3718
8679 8171
9852 7570
2837 1811
6252 3826
7289 5283
2265 2817
203 3552
8478 6353
8592 3974
5314 9814
8469 2039
5889 4272
1309 4708
5144 5094
1818 6800
6385 8798
6065 7359
5524 7944
3728 985
8784 8587
7928 9834
2479 6438
3048 2394
1733 4110
4763 1322
6039 1866
6967 8520
8730 7196
8604 6562
1007 3602
5293 6856
3560 8059
6416 6138
203 8008
9167 0
4946 8209
7427 9380
8299 7094
2514 5210
690 8769
6691 7245
3907 9042
5932 3995
3546 4081
6460 9978
6986 4840
6671 1530
9639 5034
5229 5393
7360 7646
7477 7938
8073 9918
3233 6751
8836 2185
246 9128
6197 3057
7954 935
6449 6691
298 1037
8795 2719
8696 7291
564 3758
4151 4796
8253 2520
8213 4141
7662 4038
8734 9919
9436 3775
6499 6525
3142 4488
2872 9444
7177 3592
1135 6741
8404 5146
7714 8900
9560 404
423 3502
2515 4861
5561 6484
9790 4249
1894 5682
8527 3388
7689 4009
6262 3269
7215 4355
5279 5724
6154 7119
5119 8889
243 4860
738 5068
2627 1409
6028 1237
7863 9881
410 4219
7808 3529
2887 3928
7173 5647
5285 9716
7373 3722
7414 3494
5544 6385
6538 3042
8370 7739
2549 8147
5663 2815
8273 3871
1201 9915
2435 2649
6727 6886
8837 4623
4057 6947
1492 709
9108 5086
850 4625
7933 8273
111 3468
7186 3091
7451 4557
3325 5456
1588 7183
9503 2353
2158 6289
1323 9625
7443 2343
6044 7852
5205 2623
8138 6813
3867 2635
9364 6745
2736 1920
3297 2253
6514 3987
6872 1480
7143 6669
6709 6148
2088 3843
9885 1879
6719 5560
8892 5824
860 7891
4819 6586
4660 6189
408 8669
933 5107
6547 2191
3154 460
6887 9429
4703 4051
922 7843
4754 2296
8798 7222
6810 7381
4081 6633
9492 4112
7484 5376
1616 9873
7576 7035
7849 6147
1756 4110
933 6288
869 4812
8517 3802
5304 4668
7832 5685
9369 6004
4262 7216
1458 7543
5777 5790
6623 8965
2695 5907
8913 8353
7628 378
6168 4894
7255 4482
7879 8776
8354 9823
8234 5971
9049 3151
1996 3812
1979 7026
5530 4169
3207 4375
5920 1651
2230 6500
7256 3377
7022 6179
13 3160
4543 9255
6568 9392
9505 4198
1780 3675
6502 3561
6738 125
1175 1057
2470 6044
7168 8754
6566 3990
4676 1045
7000 8123
9567 2164
1196 2055
9869 6666
6004 5391
83 8601
1490 1455
4718 3378
6194 6454
7471 3665
8584 4474
6879 5510
6932 3387
9585 2827
1398 4791
8395 7167
2846 157
82 2835
8595 5242
1363 2703
2715 4289
8565 6568
3460 7146
5142 8112
4043 6420
3371 7976
8606 2260
208 2314
4182 3990
1250 2654
225 7327
8255 4662
187 9021
8273 5470
8244 2554
2448 6890
8614 2501
5804 6524
9591 3944
7630 4731
3605 3726
4926 5962
8183 8586
8851 8456
5702 181
2018 6151
1214 4636
6990 1782
918 5577
7629 951
8367 7067
1518 8430
8959 5141
166 8278
8879 7592
8709 536
5916 6943
6309 9089
8890 59
9533 919
6525 6354
3989 5018
6533 7935
2773 2512
6853 9724
9451 7279
78 7131
5962 8469
981 4424
4981 905
9906 4826
4052 5316
1531 7227
9129 704
4363 748
8480 5627
2716 5108
9191 5904
523 139
9425 3856
9206 4980
7528 4133
6899 2915
8460 3591
5132 8671
2413 6396
7671 6814
5453 2081
6442 1363
7909 6871
6730 5213
6380 5854
7290 6304
7501 8473
9794 5392
1561 1053
7283 6301
6618 5093
5606 2151
6784 5799
9534 4391
8295 6883
7973 8818
9986 5683
7314 3749
7260 251
6926 3115
4842 9982
6931 7431
9680 1183
6419 3055
1300 1254
3543 796
6788 3302
8532 3426
2544 9807
8853 8207
7302 6677
8299 7769
2225 9983
9584 2949
9969 9664
4642 2996
7353 4104
4196 3175
1601 6857
7227 3241
1709 8605
8739 6765
4286 5283
669 7291
7882 957
512 3372
9208 6691
3086 7107
6673 7391
8166 4220
4038 6278
8335 8873
7693 4939
1696 7602
6200 3616
5069 7368
8481 3450
5466 130
378 4324
9288 9851
4995 8358
7836 679
8644 7534
9642 4421
6076 3213
5945 2464
8121 2999
4881 3762
2748 830
7622 8684
3380 7422
8836 4149
7666 6512
6255 1350
3496 2120
1202 5242
6880 4556
35 3409
9670 6711
7264 2681
7353 7634
149 5911
3328 479
7232 4311
6075 4923
7108 9910
5107 3714
1297 9279
7972 2781
8622 1843
9341 5731
8301 5171
560 4741
4369 6609
9814 2164
717 8825
3788 3860
5324 3540
2958 7274
6265 7504
731 7713
3987 6140
2062 5712
3461 8016
8432 793
7740 5669
2042 8857
2180 1917
5277 4488
9821 3348
2969 5231
8756 7161
767 7383
6249 2325
7522 3352
5312 5650
9969 7504
3983 8370
6686 1252
6031 2452
6583 7166
8453 7365
8057 4921
8972 1285
2447 3563
5421 6064
8941 925
5737 5546
786 7759
7316 5044
2763 1934
8850 5092
8215 6796
94 1466
6635 630
2230 5268
7946 7668
532 6135
7629 3531
6973 6115
6806 2740
5398 8658
6934 1693
5312 6376
7371 9544
9372 2642
810 1282
7836 3901
2698 2582
2663 1083
7762 7335
1055 5664
4114 6583
7555 3595
970 4802
4019 6659
227 2250
6613 2294
1235 8641
6510 7242
3150 504
1188 9054
1793 8868
4343 5480
6129 5335
5772 6229
9256 3877
9037 2298
7772 5821
7847 9378
9299 7667
4746 7001
5375 4994
892 9527
7032 5903
3387 4631
6248 5269
8139 3605
7967 7056
5853 6581
4067 2525
6715 1887
988 5865
9325 3882
501 6686
5093 9458
7266 1882
6440 5452
9355 6878
1242 7034
2365 839
2001 3760
9387 7217
8024 3752
451 7336
7127 3012
9537 3714
9639 1281
8759 8816
5784 4895
677 4646
2899 4802
1833 9703
7770 3468
9666 5706
3439 7641
3628 6116
1580 7163
91 8992
1547 2556
4122 5052
6371 4668
7405 4659
8199 3473
203 2753
3081 9222
1290 9023
6933 6771
7287 3364
4377 1787
8303 2254
3325 6320
9759 7573
1586 5988
6448 7638
457 5908
1100 1584
1742 4471
8471 1434
3634 5210
9931 6754
3944 7358
8813 4288
8959 5574
200 5097
9080 3356
888 5205
2957 4860
4817 9619
2334 5635
6556 7184
8679 5641
8575 8967
5624 3417
7214 4151
2568 6741
5967 5742
7660 3154
3776 7787
9564 786
5949 6627
8359 4360
1239 7246
4630 465
8405 5001
5781 3781
7186 6425
6737 7730
2291 6180
9429 6088
495 4819
2114 5500
6568 6618
857 9372
188 8725
9348 2608
7209 7553
5522 8872
6272 3708
7525 6483
1350 4407
9703 8555
9599 3250
7156 3768
5861 8580
8361 3614
5912 5135
3867 7500
5178 1878
8820 3081
6636 6105
8704 4626
9932 7866
2509 4793
3732 6228
8974 3669
7577 2606
1627 3129
8524 6092
9659 9141
826 5066
1820 6153
4322 6215
4208 4881
7042 6648
205 5887
4614 5690
4745 1743
2411 6220
8873 5320
9611 5020
5863 6545
5553 1364
5085 8200
9140 8818
9236 4325
6390 4978
7824 1678
9928 9278
6352 5891
8312 678
7635 2156
742 4267
3133 2246
6050 5445
2260 1863
8321 619
1020 9351
4586 356
8102 2948
1465 1750
8464 4990
6146 8014
7645 228
2049 5413
8687 6984
2143 4553
9850 8819
7054 4338
2088 4065
2003 5418
6896 4166
318 5386
6574 4640
6173 4481
4214 6361
8345 3325
8609 3371
75 4059
2728 5714
4863 1293
8749 7323
8220 8928
613 3819
3982 2712
1774 3622
5110 4553
2038 2685
7471 1643
6418 4756
1525 4759
7614 2301
1313 1318
5194 2803
760 9773
7384 9423
5675 7048
1098 3581
843 6509
8100 8058
5714 479
7185 3248
7324 4575
9260 2684
9442 3893
1556 7734
8008 8361
4670 2136
5105 3525
7125 5533
2568 7414
9470 4076
6006 1418
1077 8086
7445 4878
24 4618
4179 2434
9093 2813
9608 8103
6344 4308
7816 4232
5849 5268
9006 8937
5463 5461
8455 3401
5920 7363
4290 8923
9779 5598
8522 5683
1870 8149
9640 4621
3498 8586
7854 5934
8249 276
6581 4089
9455 532
5683 3878
9442 9867
7528 4313
1518 4785
7273 6009
2382 6058
3352 4573
5501 4251
5469 7682
6314 8942
6390 5288
4385 1868
5 7051
8731 2140
5933 8203
8142 8915
6653 6314
5240 2503
1940 5201
7974 3854
7356 9174
6611 2116
3515 8256
7342 1813
674 5991
326 4756
4598 942
692 8260
9354 5808
2301 3500
5047 1936
3734 1776
6221 5879
6670 7920
6133 5766
3140 5174
9324 388
6349 2617
6073 9098
2950 6245
7253 2535
1754 1762
6311 295
8335 9858
826 7270
2047 4872
9605 1202
7769 7905
7885 654
7951 8821
9130 4965
3631 1223
7930 6668
8260 2113
1252 8438
6381 4016
1792 7076
6484 2158
862 3678
8297 9700
176 3616
5122 4176
8227 3225
9221 9038
3531 4496
6420 4738
693 6996
4552 5982
4853 4927
7186 5180
8096 7616
7158 9548
8686 248
2762 6156
9023 3805
6120 3399
7682 5532
6957 2095
6744 6417
7787 2552
7059 5260
4398 9608
9234 6324
2398 3785
295 7192
9084 149
8158 5353
7216 2147
2018 5715
4344 9227
8037 2030
8109 6107
7722 8556
8362 9145
7306 8348
9307 5159
9732 2413
9162 2297
3984 1350
391 4698
191 2129
2579 4304
7393 4974
8494 4763
7134 9409
7752 8061
6911 4678
7315 6488
6804 4057
7107 1062
5713 6161
6683 4935
6039 4870
9208 9825
6042 6336
25 1436
1754 757
6716 3540
5785 6185
9682 30
5895 395
5587 3433
9962 3238
8049 6725
1469 7310
7216 308
142 7740
9927 1187
1845 7597
6864 5518
9350 617
2777 3376
542 4183
7454 3519
2799 8992
5500 7463
5732 2336
6105 1157
7112 4923
7286 1841
4990 4853
7495 4580
243 3863
1013 3781
8363 3343
7150 4289
8099 5862
561 4788
6908 3672
9488 1853
309 4200
9328 4789
6771 5774
1594 1036
4544 4641
8847 5095
8228 916
1536 4478
8096 8839
3196 1713
467 5432
9075 6945
1551 5769
8457 4388
8866 6542
2232 5349
4047 1448
6185 6895
6869 7527
5587 7434
8477 6558
6710 5669
9698 898
5331 3428
7428 4084
2956 4346
1056 942
6947 778
7933 7639
8478 7439
7432 7064
8765 5927
7664 5909
7636 8291
5697 4959
2899 2391
5912 6281
7778 9808
226 6096
4430 313
9309 5515
6616 4424
47 997
7909 8813
9998 6262
2864 9442
5038 1192
6097 7629
4256 3408
6237 9100
6410 2612
190 7704
9312 5762
4541 507
4016 622
10 3572
7964 131
6331 8856
9213 3955
9631 5663
1435 4360
8644 11
4520 1508
8747 5616
1930 6517
5555 3121
5272 8956
8 8235
6236 9642
9357 9453
7570 7158
1801 5770
5622 7204
8838 4283
861 5791
441 7191
8259 2657
7942 2950
5118 3362
5818 4002
9283 3623
267 9226
6113 9814
1467 1292
301 9224
7958 5819
6915 3268
5860 1905
5951 6904
7618 9282
7492 2498
6322 660
4692 3496
872 3684
4808 6825
4566 1815
54 9589
2871 1324
3719 5097
7248 4208
1831 2979
8793 8323
7067 4806
3481 9362
721 6561
8889 5523
5594 2378
9525 257
405 784
8583 2972
7927 3570
6645 508
6794 4280
4560 5955
5417 5081
7060 5153
3374 7556
5597 1521
7744 3570
495 6046
2743 7689
3319 8788
7942 8695
3983 6324
8692 3265
7067 8202
8145 8236
5132 4023
1283 7445
5474 6123
8217 9694
6879 9669
8928 3784
9488 2660
3951 4813
9088 6890
6049 3442
8878 2327
1825 6206
2594 7434
8410 8116
8778 3035
5884 234
4762 3311
9508 3783
7920 6387
4320 4363
8922 5379
3542 834
9362 7637
5590 6324
8387 5220
7591 5057
3356 6952
6638 5368
7010 581
9532 999
8535 9935
9251 7661
9356 4974
9937 8403
3390 2749
6387 6954
7214 9742
3852 8822
3133 5459
6255 8353
9087 6075
2505 5109
9843 4782
8441 3604
5440 2663
9923 9878
9577 610
6691 6560
3468 7906
2520 6935
7041 7060
6052 5297
3892 4154
4797 2045
2293 6111
8519 504
1339 2585
2660 391
9421 8714
5026 6190
2951 2260
50 4704
6772 4926
2925 2796
8663 8217
3388 6583
9014 7922
8035 8052
9895 6395
3776 2908
6695 7688
8080 2281
8859 1753
4187 3418
8665 4139
7567 4621
9229 3952
6062 5193
5124 480
7432 3120
8685 1465
6656 3838
8366 5095
5248 5326
6010 9059
4900 8255
8258 5269
5199 3340
8759 1535
6987 7213
489 697
8868 9291
4857 8945
4442 7683
6333 9577
9906 7977
8268 9003
5140 1605
8309 4345
4950 5874
1402 4535
237 2812
7093 5774
5131 3182
7603 2318
7226 116
6652 4725
6416 4448
2001 9445
9306 9759
4760 8086
579 6080
8469 7838
4703 6010
6784 6951
9080 3646
7562 4774
8052 6853
2797 7901
862 1830
2366 6402
4152 6257
8589 4991
595 7084
5454 1606
4158 5025
7838 2319
1355 4328
3216 3576
6481 1823
7905 8681
3070 4919
1809 7652
5796 9075
920 6507
7989 6810
9386 3177
1077 6427
948 3573
5658 4122
1 989
7528 4614
9767 2761
194 3720
402 2208
6334 8727
8556 4948
3539 5410
5407 3614
1026 9885
6141 4067
7199 251
1574 2227
1192 7329
6526 5756
8834 6181
3229 2686
187 1744
2471 9689
5377 7131
2782 3165
8835 6712
9926 7439
9637 7336
8801 419
4509 3766
3533 2962
8684 6664
5869 4681
339 1589
7596 7376
3389 7118
8275 3463
5554 9221
6549 5608
9193 9695
3385 8581
4357 5708
7973 9662
55 4166
7448 9548
784 6527
6572 1283
8827 4326
1433 3940
7472 6872
4712 8272
4960 9542
6698 2038
8903 3274
2540 3362
1850 5167
7760 9675
8596 1545
7353 4598
1928 5989
8070 3192
8088 2014
3143 1827
4297 7104
9840 5439
4944 1438
1953 5645
9139 5513
5340 1145
9397 3822
7612 9790
8714 5751
6812 5913
4444 6605
1918 9047
5574 9202
5746 4061
1728 4493
611 3713
7660 4330
7276 957
8679 7167
8796 4076
810 8474
7131 3693
5250 6947
9602 7034
7901 2564
989 6382
8031 6057
9908 5276
4779 5497
130 4177
7872 7461
6018 3944
6690 6966
5709 5589
3267 8281
8557 7685
6535 6570
6887 8678
8917 9159
5694 5136
9676 6444
7359 2257
163 395
9689 492
6406 6806
7421 8770
8725 9339
1955 8588
7751 3168
6107 8055
4087 6572
713 2151
4803 5207
423 8175
8497 369
7292 9127
9045 6590
1149 3068
7671 6908
9290 1402
847 8624
4937 5062
7484 9189
6959 8284
9067 1774
8414 4104
6175 3220
1562 7155
7087 1272
2290 6167
8011 1620
7035 1984
1070 3690
7630 5348
8796 3997
7536 3434
8674 5734
9732 8822
7512 4016
1844 9096
4937 2163
8241 4539
8349 6058
9116 4510
5698 9552
2291 4954
2956 7788
4646 3505
905 3986
9320 3872
3599 3464
6312 5924
8380 4711
4266 4681
648 4589
8799 5863
4086 2764
381 5642
9095 5861
9444 5520
8793 6462
8676 1218
8117 7347
7396 5372
4008 5217
4960 2631
832 222
5021 3809
8594 8854
1258 2545
36 2503
6054 9025
9851 259
8160 2856
8597 9798
3555 3491
7261 6207
7971 9750
8647 8343
4522 3465
7949 313
3301 349
845 7573
8147 8407
8352 6301
649 2679
9537 3953
7250 3816
8733 5619
204 8048
5502 5155
9242 2500
167 9334
6100 8120
645 6370
149 2756
9636 7355
3490 4031
4629 4075
8383 7734
6375 3336
1574 9021
5486 8018
7106 1690
9912 177
6155 4851
6140 4462
4765 8379
8361 8483
5324 7848
1600 7744
9122 4114
7979 9549
7727 3326
1469 7934
5545 3242
8503 551
2919 2592
9641 4800
6563 6379
4918 3494
3782 5441
8138 7219
1225 1013
5636 6928
66 7672
596 4454
307 150
6740 4736
8416 1979
9610 4174
7189 1593
8214 4999
6743 8188
1488 7021
4337 4387
218 5999
5677 8622
9193 8437
236 2606
7648 1060
8169 3162
9502 6684
6379 4060
2485 8271
9229 8252
265 5414
4927 2509
2836 9373
7910 7984
4946 4629
706 4460
3970 4054
860 8310
5021 5153
4568 4390
8265 8747
5249 2573
2327 1888
7958 1127
9119 3145
199 4255
9286 9903
5807 5954
7405 7973
9984 5286
9438 6510
1735 6564
7863 8824
6754 4192
9880 5579
3999 5707
7235 4007
7849 3412
6520 7179
7282 6748
8550 1244
7286 7621
8814 4737
3185 7008
5030 5228
8864 7833
6723 5535
2403 1724
3292 7255
927 9679
27 9651
8504 3770
1530 4724
6944 7870
7496 1967
6546 361
3431 2058
645 251
7866 2143
2319 5823
7821 2666
9784 4140
5014 6923
6473 6420
7090 5076
6744 4668
7360 6886
9655 8052
6160 4095
6573 3510
9881 3147
6588 5215
7837 3899
8807 4171
7210 9170
5988 6913
9304 1944
6638 5682
695 206
7661 7241
4588 2748
9255 5879
6040 4420
7967 4022
2853 2565
7621 8983
2041 4084
7055 5862
2053 7356
141 2141
1357 9050
7359 4287
3781 36
3208 6590
286 280
7927 4744
9624 6513
6540 1602
1446 3012
9246 6274
1753 5909
7606 7668
7864 6014
9039 7930
2731 4544
8074 4511
6715 7618
9199 8040
7862 841
9535 7171
4891 3943
6587 9503
4099 5929
5723 8122
7457 3128
277 8178
2587 6727
3944 7115
869 2024
1288 6293
3845 1107
7670 6632
2270 4818
8144 7454
8594 8414
4463 2553
1909 7027
3604 5074
8514 3991
7178 629
8622 6153
1837 3367
1854 6983
1713 591
6968 5141
9932 8644
4746 8102
9860 4311
7773 7231
9235 4932
9649 3983
128 5169
6761 3104
8444 1033
9030 2554
6910 1362
1266 5338
4119 3937
5111 7166
5450 4417
3385 7325
3966 4109
8467 1101
1424 3682
5550 4769
6918 6851
7604 1177
6356 2129
2003 2342
9153 4997
8700 4197
2484 9970
7320 3983
1835 7080
6931 495
8577 2033
6896 5641
7783 9342
3621 8369
5316 3676
5983 4893
8213 2281
7602 4342
1027 841
8577 6355
6171 4311
7305 2025
5971 5943
6444 4177
198 5833
6622 8613
9344 7695
429 4948
1039 9603
8673 6938
9856 6271
322 5761
269 4437
5260 2296
6025 2099
8592 6720
5002 9585
4665 2352
9849 8217
8837 9971
6068 8333
4217 913
6359 4604
9471 2380
1645 2485
223 2762
5152 5341
3261 5958
8142 6389
4682 4897
4561 4607
6122 3334
8675 8020
8621 2307
5700 9468
8804 6858
4341 2510
3696 5
8166 5820
8731 8716
9101 3065
2873 1136
5199 2662
23 2542
5509 343
8900 6165
7132 4149
6113 7139
6996 9472
8231 3074
5637 6392
5274 6340
4670 7128
6864 3516
7177 5733
4207 2119
9169 3707
3668 4056
6237 156
8110 9550
539 5037
9033 9188
3231 5408
7389 7659
8867 9384
5876 6916
9148 1675
5421 859
7537 2346
5524 8864
7091 8123
1339 1720
2139 4513
5829 8682
3990 3302
1280 322
316 2790
693 1316
8824 2904
6316 5767
3898 2666
7290 9127
2751 3212
5204 4550
8297 6248
532 8164
5134 6965
5254 7296
3439 2273
5359 7312
1878 4980
4185 6264
3114 6354
9721 3657
2983 1589
6319 3311
3100 4914
5393 4048
4675 3768
535 6755
4026 3359
321 1053
4316 3606
5624 8532
7792 7257
9416 8282
789 4541
5012 4477
9402 8054
2208 1606
9329 6529
136 3343
1544 7978
4856 4351
704 8230
2624 6853
229 1292
7345 2902
4492 6289
918 8684
6398 5014
7914 5045
2983 5924
9651 5654
6528 9180
8711 8708
1390 5417
6624 3226
8576 6039
7970 6229
2595 4997
4189 4130
8881 3871
6174 2653
5256 9896
6479 8133
6511 6890
2041 5764
6462 7900
6171 7199
7305 483
601 7714
621 4165
8786 7323
9032 145
2218 334
3180 9541
9819 1134
6829 9885
39 1800
5236 4948
9322 9080
5831 1859
2806 6748
5787 5236
3184 2907
5862 6578
9989 8533
4956 4032
5320 9678
3429 4108
316 8093
5509 1700
9306 3780
5363 2814
2430 8689
873 255
8658 7356
9149 1968
6067 3546
5466 5544
5188 6731
1736 3410
3943 5244
7594 7620
6760 9380
2343 947
7568 7567
190 5728
3485 2457
8949 5424
8655 5206
7996 6324
8804 2296
9669 1054
6265 7307
9678 8458
7403 683
9061 3507
8209 6674
8071 4754
6936 6586
726 3735
5735 5169
6080 8587
5297 7158
5357 7963
8402 4221
4140 7999
745 4687
4998 1614
1777 5773
9270 3923
3873 1360
6302 2112
2814 5217
9147 6152
6351 7895
7084 6662
5788 4227
1479 723
5114 5185
8449 4430
1953 1747
9974 5678
8914 3483
3284 5408
2107 1167
9280 7862
410 1919
6125 4239
7902 4274
9432 1207
9884 4980
1890 9288
4868 4095
3899 2247
9169 3722
2990 6637
7110 6152
136 1922
9103 4536
3934 5624
9039 2565
6263 6401
7904 9581
186 3850
7763 7592
7937 80
847 5289
6310 5587
8385 5316
6833 5591
8644 6708
7874 5514
669 5552
4065 5531
8689 8063
7133 3008
5303 2292
1632 1556
4195 2500
7162 6045
9497 6896
5462 3224
8454 2130
9338 5597
7750 6215
8543 9005
3051 2004
4232 7872
9784 8508
4412 8513
5174 6096
5007 5919
6256 5606
6684 4555
3216 6888
2984 5333
6482 2650
8455 611
6292 7370
8772 6855
4061 6835
6218 6603
487 6261
7113 8007
2701 4348
6572 5145
9242 6252
8612 3833
208 3813
9729 1122
9837 5499
3686 6032
504 549
4392 4208
267 2299
8828 3471
8656 4936
1167 5215
2852 9081
2735 6052
4222 6779
9617 4691
2741 1521
9093 7165
2360 6525
2954 4783
7926 2629
4655 5210
5698 527
4658 8598
7685 5512
2664 4778
8416 5502
8973 172
4932 7302
7494 7149
6275 4372
5079 5514
3517 937
9024 4540
2710 2571
4097 8315
1526 1966
3969 401
5021 9831
9537 7397
9005 7536
11 8468
8296 431
331 2407
4770 1739
6442 2512
8964 1469
8898 7302
4892 6051
7910 2997
7371 6624
2970 5103
9971 576
7820 4235
9196 5949
6510 4080
1959 7496
7553 7274
8782 5262
1165 7342
1196 4669
4234 8912
7773 6230
9469 9346
2268 7140
9715 7537
7861 4020
4739 2789
3823 1770
5111 8030
8245 7514
6315 7385
7853 3728
528 7377
5600 6622
5476 4600
4502 4660
9983 4332
9154 8422
7108 5193
4742 1235
3802 6504
4734 7009
8593 3780
3469 6331
1289 6320
9721 9822
5447 4141
1403 9051
8146 5720
4362 2118
6201 5283
4692 8180
9108 8144
2787 6768
9576 1604
6768 38
9880 4459
6785 207
6433 5646
1685 5744
7738 2461
1119 903
3514 5003
5444 7532
196 1911
8392 4153
9038 63
5531 2697
9937 5235
7518 5467
2048 9596
1547 2898
4334 7788
5127 5209
5235 6203
5779 8518
3852 2042
5693 372
208 4378
1011 2487
5250 7615
5668 7145
1456 4594
9456 8816
4678 7345
2922 5612
5893 5893
1622 1220
2800 6854
4173 5079
67 4910
494 2991
5433 2646
6644 4256
1530 7000
9694 3103
6520 3402
2934 1542
8356 8484
9473 3814
8452 3762
3271 9943
9916 3044
7465 6182
7504 5127
7480 4504
7445 5715
7329 3554
5725 1195
4890 4302
9153 7084
7224 9624
3962 8413
7699 6470
9067 1153
7810 4500
94 158
2862 4015
9549 3758
7240 1647
1342 8187
2428 3
8706 1497
8969 6337
1436 7068
3779 5794
8008 6070
9355 5060
5688 1555
9960 9112
9621 5445
6629 3829
145 1678
7014 2364
7352 4574
7672 7181
9451 3879
3671 7028
5775 7458
8791 7970
2936 5118
7320 3989
3752 4886
5529 7173
6612 1623
4417 8430
2089 2068
9291 1503
5400 3208
2123 8253
2871 2225
3045 4098
2729 5030
17 6178
7990 269
8409 3865
191 9448
9319 1053
4100 6750
7763 4400
7393 2615
6377 2678
8341 5279
8799 1404
191 8293
2570 4461
9459 5880
8081 895
5417 6921
1650 2542
6829 5259
9117 1605
9089 5973
3434 1654
9847 7988
8398 5274
5359 7976
6155 4914
6003 2305
7694 876
5524 2307
5424 679
9114 7026
2421 1089
9657 5504
2627 4577
8644 7033
2371 3833
5855 3467
3924 9115
4762 1058
6534 5970
9714 5607
7873 3335
4036 6673
8315 2606
4305 9049
81 6407
5707 9207
6376 6858
5269 1104
4575 1181
9442 9362
5804 401
6777 9538
7377 9762
1255 9010
5941 6233
7935 641
9010 3144
7088 6397
4647 9994
3414 7282
9319 7282
1501 1724
9492 7735
8194 8341
7465 9888
994 7033
6049 181
6423 4529
5043 787
9579 1449
4840 9998
3713 9779
7524 9542
626 4139
6204 5959
6431 2969
187 1288
759 467
8212 7849
5039 3418
3190 7415
8516 5227
9620 9680
7552 3723
4837 924
3219 7298
2011 509
2520 386
7681 9502
4434 921
8933 9689
4279 6002
9019 6723
3454 6828
7623 4542
7511 1628
3744 3628
8073 2563
7484 7618
2812 1847
9565 3634
2588 907
3925 4319
9270 5379
7926 5640
5302 4649
3980 7409
6429 6790
5875 791
7545 9331
5445 9545
4425 2282
3270 15
3879 1291
7439 3687
5296 4726
394 1203
7752 885
4623 5128
8257 3501
9867 7597
6008 4410
5894 2322
6674 7617
4162 4918
7857 9165
6332 6870
4614 9630
7566 5431
106 1567
8725 2680
5120 578
3497 3602
464 6092
3535 9492
1344 7373
6440 7729
8379 6594
6211 7869
5970 7514
3506 7744
4845 723
3902 3543
166 692
6888 914
9785 3232
2562 3445
8265 7926
6719 5279
5488 721
5818 4797
6690 791
2139 4695
294 3213
1369 2010
7459 7425
9527 4899
8802 5892
8979 7511
8569 9333
5775 5487
8147 5668
642 1802
8608 8012
7742 3404
8851 4737
1834 4072
2838 6372
7675 5750
8416 4930
7407 5935
9889 3773
5023 4404
8124 7912
7791 9200
2679 6850
5172 9078
7118 1752
834 5139
2172 8776
8053 4181
536 5445
6720 6257
2401 8949
6035 7359
4712 4259
278 5042
4166 3039
1559 3678
6593 2927
5678 4991
9657 6553
1181 5196
9206 3584
8433 6815
5751 5856
1429 8829
7192 7662
6708 7320
9182 9535
8459 3956
7430 6258
8248 7156
3442 5586
3507 4749
409 3875
5434 6714
3181 5932
8819 1616
5060 9627
8553 6866
1866 9045
2662 1516
604 5403
6328 4833
6837 2724
9025 4057
7363 2282
9708 8022
4859 6496
9499 1617
4120 5110
952 8193
1523 2303
3919 5056
8745 5063
3368 4953
5940 3273
8355 3565
1230 6336
2744 5769
383 3956
2244 8600
8602 9565
1431 849
7289 508
1506 6392
616 7052
640 4965
5903 5727
9760 4640
6573 4475
6270 2222
4642 1492
3382 9560
323 8412
5944 1005
7350 8489
3826 7470
1825 1311
5412 4793
3344 3791
2537 8192
8032 8028
2452 914
194 4447
6014 4080
2282 3886
1027 2435
8244 421
393 3731
943 7581
7442 3072
3353 9222
1909 8313
1095 3104
6234 6082
5043 5353
9401 3528
6317 3047
1201 9165
5683 5161
3274 4095
6333 547
5356 7920
1973 6877
1235 2747
9596 7766
5943 4684
6079 8251
1409 6017
6172 9876
9615 2531
5162 1086
2060 4028
7926 3777
7785 8756
9903 9121
532 8080
480 1245
499 3473
689 4802
2269 3505
4077 7320
5455 5660
6559 4929
6125 4179
5758 2436
4316 2354
9180 9786
590 8327
6142 2547
1389 4745
1542 7727
1893 2292
4919 7464
5389 5427
2650 56
2276 6002
7956 7052
7364 724
6909 7499
8950 1982
7114 320
7538 8461
5291 2798
1123 7901
8271 4030
2304 2923
2044 1535
247 5234
2201 2687
7595 2700
3472 4836
6154 3028
6682 1198
2705 7818
6206 4881
9325 1384
7664 8842
6413 1683
4014 810
6672 2846
9623 3148
1133 3088
8903 3209
7762 6273
2098 2952
7026 4367
221 6362
7956 8475
7256 4600
4923 146
2339 3923
6792 6122
8122 4980
9445 5599
3500 2265
9329 7868
3788 4129
6604 4795
6456 8280
1744 8035
953 4567
8568 8076
5983 8770
3352 192
3233 2715
3597 8361
9268 4222
9137 3510
3475 3682
6052 6739
1689 1575
7450 8212
3778 3804
4376 9388
1015 9336
8395 3142
5501 4542
2778 9961
6544 6541
7920 8218
8696 1269
8664 4471
7689 4269
2115 5079
4410 2862
3119 3178
8836 3881
9333 3933
1211 5733
7676 7053
4795 5682
4865 7175
6971 6217
9711 2135
9142 7613
1519 5152
8480 9857
3642 6386
159 5405
9748 1909
7683 653
6567 5467
2683 8114
4071 4927
9109 875
6378 8160
7933 9580
1605 2832
3993 3021
6436 2917
4588 4170
4863 8310
6272 6229
4468 4519
8718 1929
456 7883
9169 1047
8144 7440
9035 0
378 8165
6909 8856
5827 4916
7835 3423
3464 1751
9002 5192
688 9330
1603 6677
4396 7625
113 4605
1357 4177
8117 4691
8187 8133
8070 2364
8879 2533
5709 6250
2094 3652
4365 5013
6925 2276
5712 5437
6190 9411
9125 8803
7301 3206
5222 4526
5194 6679
8088 3064
6504 8002
664 8397
4900 5414
7142 3334
1542 7353
4864 4939
8869 5211
4719 3309
8271 3306
8528 4396
1496 7358
5783 5330
3868 8771
2042 7797
4379 1110
9332 9294
8982 9181
8963 6916
1165 4491
7511 5136
9875 2753
1060 7592
9615 3351
4126 3266
6142 3354
1453 3093
4182 4100
374 7789
9696 6430
524 9948
4062 8061
129 5110
5820 6578
9968 5438
8421 3613
3218 3656
388 5980
8231 9087
736 6397
1649 6135
3794 4876
9182 156
7975 651
7474 2062
1386 4570
4046 5218
7215 9944
3930 9473
950 2727
998 7319
8642 5372
6457 816
1684 4119
6721 9264
7276 9486
6734 2787
7554 6498
1893 6858
8510 7818
6757 3710
7250 839
6813 757
6 4332
8454 4395
8672 5786
3512 8680
8065 678
4430 8725
5836 2697
6723 7630
8604 4864
6211 4974
2222 6373
5494 8073
9342 4426
5369 1891
7301 9448
6853 4828
5979 1820
7092 9274
8328 8204
8567 6271
3892 5945
8284 964
6059 4445
751 4435
9233 7529
8314 5273
9353 8348
3162 3066
1448 2562
6016 3701
5449 6034
1486 1218
2574 4185
6126 5909
2884 6562
4449 1759
6936 3684
9843 5192
6247 1890
2222 7796
1661 9449
4526 7348
6260 4798
7741 5774
6829 259
1352 7647
7296 2391
7676 2612
8584 8156
4614 5367
3848 4107
3545 4335
3758 952
6230 7965
5367 6772
4166 3406
7479 7817
695 3711
7782 7360
6992 4989
701 9649
3160 1676
5933 8846
4605 1238
79 4647
7397 1776
8845 7500
8916 2721
8489 7343
2931 8390
9841 4233
5397 5725
7926 2921
2055 2276
258 6167
3358 4872
7933 5031
3243 1687
8089 3558
9608 7270
21 7688
7053 2474
6301 395
1672 4874
9136 2966
3389 1862
5706 7769
4768 3056
361 414
9233 1973
2460 4903
9363 1036
8244 4613
6759 3437
6559 6530
8799 6592
7651 312
8003 6621
8536 9107
604 5891
5038 7094
7912 7671
4110 2803
8576 5207
2016 2014
1420 4649
2353 7153
377 4922
351 3738
5402 4580
8311 2670
6740 4726
5293 2314
6085 3977
539 2863
7354 3084
2434 2890
9584 5316
8813 5927
9957 4100
9774 7133
1477 7468
803 8426
7811 4841
8899 9535
1502 3216
9261 5686
1458 9562
1274 7940
6793 1946
617 6327
1259 6319
6738 3178
8902 5645
1953 8578
3637 6207
1577 2814
975 265
5431 5428
3893 3423
1788 9413
8642 3146
7093 8896
5358 5071
9062 9367
9166 564
5052 4735
7963 4965
9367 2540
6722 6859
378 3550
4626 3580
5835 9510
9336 4129
6873 3766
6188 7864
6112 6297
5879 7752
4979 5280
527 4437
5447 6553
6515 1146
4985 9353
3956 6471
5372 5332
1471 4363
7517 2124
9540 5598
7342 2766
9565 4608
607 7183
1675 608
8089 6901
724 5489
710 3605
7076 5949
288 4141
8835 5149
7773 9260
5006 4056
807 9809
7381 4720
115 6320
7962 9132
3985 6138
9533 3851
1935 3958
3356 5149
365 6616
4649 4842
9631 7540
8534 4231
3053 3512
5025 4540
7909 9548
2776 3648
472 1881
7268 9222
79 7548
5459 5182
3872 6439
9702 4050
8748 7206
632 8370
3467 3357
4430 7117
5724 2605
6677 1705
4360 1167
5836 2257
7353 3156
8967 2261
6265 8032
1669 4323
6668 1777
1179 7842
1142 497
5283 5770
6309 6102
1572 1599
9307 7159
2965 6929
5539 4090
2125 2751
9547 4633
2176 3965
1463 5520
6292 7222
7335 3357
3336 1328
5829 7986
6343 4006
8079 8470
7444 1543
8538 6540
9011 4020
7925 5788
8704 830
1227 4058
3546 2198
9124 4018
1765 6622
834 5066
9177 2568
7640 3417
8173 8118
6234 5015
962 2218
3948 3790
7091 9776
1900 3935
9458 4429
1925 5685
9944 4551
5447 4756
9326 193
1184 2388
6010 6559
6106 7058
4922 9257
6711 4428
3268 3105
23 3524
675 3450
7127 3030
8476 4870
790 4339
1424 5416
9555 7758
302 2306
252 2714
3617 5366
1473 9967
9264 375
9694 188
4900 4600
7971 4065
7830 7095
7291 4077
344 6854
3645 7535
7055 7183
9011 5685
4618 4779
1412 8802
7186 1637
7595 4545
3140 8423
8761 4692
5884 5278
514 6376
4765 4425
4609 5080
3201 3828
3609 5868
8711 6160
7214 6142
8634 6879
8345 4790
6533 5929
8005 6119
5202 8869
5710 9275
8554 7529
8148 2677
7000 8963
9059 2268
2204 1931
6095 8039
6011 5187
7334 3066
3179 6418
2525 3679
7605 9689
9895 9077
9683 6454
8700 2227
5981 6597
5460 2990
3389 6120
2945 4157
530 1327
8182 7081
8751 9978
7712 2473
8752 8402
5861 7067
3737 9139
8992 2641
357 6889
7378 7444
8346 7835
2669 5255
7211 7681
7823 2546
8812 7527
7001 5592
5148 1546
5811 5502
6208 8063
5554 5324
7949 6455
4731 4762
6697 1286
5100 8271
805 8166
7696 1027
8621 8955
4502 6632
9515 6428
6450 7717
7885 441
6529 4563
9970 8176
6028 5220
3273 3517
630 4270
1882 1976
5450 261
8375 4361
3619 2878
7388 7340
7579 8857
7665 3676
314 8844
7988 919
9355 4991
8011 3266
8179 5065
8385 9600
5214 7753
6941 6247
7070 2685
5012 4091
7493 3047
8401 2899
5997 4163
8891 4749
8058 5943
3449 7139
4447 8870
6419 7720
9674 7494
2205 6291
5111 6177
6024 3663
7252 9643
1317 6731
7912 6949
8044 6839
8505 6002
9314 4828
6449 7683
5637 3375
6481 5686
6997 4519
8559 7406
4427 6016
8094 2351
7452 898
101 3851
5911 2796
8058 6077
4279 375
5046 2237
7271 7131
422 6050
654 5124
9439 6004
5078 1115
1510 7445
6978 1257
8120 9183
6319 7973
421 6700
456 8118
7254 2710
3810 9564
6346 7702
9759 4652
4827 5158
2022 3368
5953 1476
1153 8325
8083 7264
7900 7557
7604 2311
6009 1758
2982 3797
2298 6282
1141 9338
4861 4819
482 9702
5969 2480
2405 9010
4946 9966
7726 5283
737 8881
7833 979
8256 8252
6219 4577
3252 6667
1478 7051
4519 8559
6867 9349
3663 7591
9267 7185
1237 2414
8368 5810
6989 3569
8864 1961
1857 2738
2602 5632
7751 8507
6108 4988
6266 7560
7725 870
8174 696
6508 8076
9297 6165
4269 2008
7947 4891
2443 4188
8659 6753
6315 7802
4073 5452
6636 2003
1386 5381
962 2838
7016 423
9183 5339
3326 5824
85 5130
8464 7988
8380 5136
9514 5065
2543 7751
632 1448
2421 5021
9293 1804
3004 2861
7052 2308
8189 1754
6953 87
3702 4596
2141 9289
1015 6740
8209 2342
9731 9735
440 2567
9304 5763
9400 8440
9709 2550
9242 4067
8397 3746
8016 8484
2243 8640
958 6061
4544 9126
8635 7940
9162 1455
1201 1510
6675 6656
1294 7565
7421 6446
6432 3222
5643 5920
9454 3734
4424 5654
2364 4742
4434 8328
9623 8875
5696 4736
7344 9087
5463 2727
9606 4212
74 3812
7653 3197
8556 9121
8339 2707
8990 947
5161 5516
6175 6962
9471 7528
3404 8698
271 956
9378 1887
2966 4005
4715 6984
9310 147
9717 4672
1174 3325
6027 1442
9615 7024
9474 1423
2662 6640
8269 5226
6913 4689
6176 1427
1236 4553
6432 5813
3758 1066
7601 3262
3376 9780
6578 4295
2674 6061
2930 5758
5355 8983
3170 2249
7898 2401
6005 3652
1295 5025
7484 2569
8461 4241
560 4576
9853 4465
7430 1249
9384 2940
8122 5714
6313 8319
5069 6303
6670 4126
5861 5714
9503 4473
6712 3076
9299 6629
1494 9412
7656 7725
245 5709
23 3381
152 9453
8691 6894
4176 4571
7184 4239
9995 5285
7376 8610
7821 366
1842 7772
8399 3460
4357 6982
8065 4109
744 5019
6721 2909
1008 5065
6825 4427
4675 5049
2579 13
6085 7808
1305 1501
8627 1001
6969 7976
9997 3129
6374 9981
8681 9050
8191 4756
8910 242
7698 7038
2586 4230
9800 9381
7241 2369
9992 7336
1479 1694
5107 2999
8610 7076
5789 6968
5554 7596
9064 4213
962 357
5956 4866
5231 1200
7460 2564
2981 1884
8877 4279
6201 7299
8708 7439
9745 6718
6555 3626
7813 4759
8658 3831
6202 9106
8642 6038
4643 7981
2871 7206
594 8016
2044 3263
1614 6833
8492 3367
1497 5201
2913 1847
4594 3608
6600 7667
5440 4302
2969 4758
8528 2660
4699 5206
6879 2248
7376 839
1670 6418
9466 2125
6599 3133
1117 5976
5251 6887
6070 7744
7014 4809
9298 6863
4268 6309
5688 9261
5725 1680
1282 4629
5041 6646
339 8166
6598 4988
9386 6050
6972 2425
2684 6709
3393 4954
8484 994
1531 4286
3530 7403
9406 286
470 4835
6605 4065
7021 9376
8955 1518
8307 3697
7935 2105
9858 8381
6780 6173
1036 6801
452 7009
1833 2880
7389 740
2789 5432
4716 4997
5529 5551
6710 573
4568 7206
1433 852
7812 6333
5799 837
9434 5299
7049 4361
4213 3487
4803 549
7757 5350
1599 4941
6624 8763
627 9440
2623 5907
6100 8763
8037 6572
2345 5633
3470 1349
6582 3555
7879 6629
2177 5941
4088 5010
9438 6185
477 6503
7357 3672
7561 698
7251 3919
764 3042
5560 8502
5245 1028
4940 688
719 4696
5545 2488
3858 8991
1047 4912
3409 3651
7253 9455
6327 8014
628 3652
3958 5034
8797 5468
306 110
8046 581
3942 7426
3274 93
4158 5509
3232 5051
2793 9030
6840 5623
8318 1161
8488 3787
6132 5765
6656 8660
1168 906
908 5934
1191 8437
8302 1338
9148 6233
786 6173
7794 2588
5116 2566
8767 2340
7918 9979
6870 2883
8757 5530
3852 2261
160 7818
7741 4280
485 6339
4802 3988
9635 3668
8355 423
9807 6111
5619 7364
1228 2596
5686 709
8011 5982
858 4490
501 9851
8629 8475
2388 8297
2472 3043
2508 2471
6819 800
7346 7147
8452 7014
6444 4831
7055 289
6850 3038
387 1993
4096 6404
7024 4588
6626 8928
9575 4017
5585 5514
7281 457
8346 2767
9995 7757
6607 3438
6297 7642
9872 6640
8069 5118
7126 8692
3393 366
3733 3211
7275 4247
1776 7638
9761 4449
3873 3864
6921 4099
7796 5760
7830 5115
4430 3903
7121 5850
304 2587
498 7556
7022 3629
3498 2876
447 4329
5431 7625
8585 2136
9457 6495
5138 2798
4310 4898
9211 9593
6656 8244
3375 567
8022 1097
9897 4444
3751 3069
9712 6088
8055 227
7908 5132
5914 2093
8490 8153
1412 419
1797 6905
4925 2703
5324 8572
9656 3311
2175 3451
4905 3111
8683 940
231 5602
1643 3526
4098 278
8622 8285
609 3720
9619 4947
4947 6841
8254 2641
17 7457
3489 7754
7592 4922
3145 4948
8883 4017
7798 5929
522 5764
9882 2445
3970 6872
8583 8306
9063 4742
8971 5678
2718 6429
4824 5471
3669 8866
6195 9285
3970 1624
4068 1149
4578 2153
5904 1242
4070 5022
4569 5874
9011 4686
6970 6527
9864 5127
9124 6549
9024 5150
8640 4221
1728 3838
2925 7499
6626 715
3410 9005
6275 9533
9509 9221
1029 5153
6127 4121
9122 2544
87 7905
586 382
2430 4645
1396 3405
1256 7532
339 8089
4544 1104
2850 1740
1703 5255
502 8268
5156 3553
3605 4238
5556 4426
7640 7358
5709 8317
453 2081
3672 2198
318 3879
6651 7029
7043 8536
2935 5059
9941 6797
847 4344
8484 9561
2194 365
9129 6101
4328 7090
9436 8961
9442 9715
3043 6699
2330 6534
2873 5470
32 9914
5584 2902
3724 6279
199 228
9187 1733
7026 6165
7865 6671
7314 152
9633 2722
9154 509
317 1388
6939 2426
8682 3668
2084 8814
4339 9413
9647 3007
2784 8407
6888 5534
7178 4815
4404 4065
85 5323
4165 9381
2673 3853
8330 8181
1759 8091
8505 8707
9021 5325
5693 8419
4502 7727
9592 5299
7832 212
1190 3366
6635 5596
714 4834
3878 9445
8611 4501
2372 4396
6197 4323
5877 7085
6806 3384
5338 9022
1366 7621
8512 9073
7337 512
2144 2438
9104 3737
9782 8819
9195 886
6669 992
3661 7245
8353 5000
5460 623
2951 2359
2682 9782
390 3410
4875 9503
2351 5225
4981 9377
2439 8721
5863 9536
321 4340
233 4227
9243 3010
9148 1726
9755 5144
1188 3403
6375 1137
6710 3342
8599 3884
7487 6417
6741 7795
6144 5590
9033 7495
9219 1498
1672 7249
7666 4554
3072 9320
5238 11
12 565
2873 3189
5349 1047
8339 2324
1864 1942
2288 7639
8224 2751
7408 4151
9719 1676
648 3142
293 4900
4564 4096
1136 1132
3066 8054
6385 3945
5144 1409
5774 7174
3491 97
7503 2065
613 5642
7209 5230
1045 8682
2392 5723
838 6928
8207 2302
4148 2208
1981 9306
8476 477
6808 7407
4714 3235
8707 7176
7336 5348
6491 1055
1205 9731
4527 6563
9687 2208
9365 2157
1302 6631
5106 9882
7767 4753
6714 4483
8733 8252
2054 7848
655 6416
6164 4201
2730 483
9062 9861
9676 635
9752 364
3882 2573
8720 8821
623 7258
2262 5639
9483 5545
5637 6498
315 1894
717 6075
8390 140
293 6686
8602 9300
8939 5458
9460 6850
9743 8636
5767 4635
953 2945
6407 1023
732 5686
6593 3401
39 4187
8964 1142
8678 4986
3501 7445
8755 6401
8648 6046
8370 5543
1697 487
8080 1280
50 3945
1046 4398
7579 1752
9594 6799
1521 1429
5634 4240
1109 8022
4044 4408
4185 6370
9080 8685
2120 6834
4571 5093
7597 5044
670 6110
4670 376
7343 2949
4861 6774
1562 6139
1358 5585
8659 6948
9328 4303
1557 1715
4819 5437
7055 7972
3550 9255
7760 4526
1836 5223
8575 2645
194 2343
233 3732
3944 6526
3359 5607
7340 7444
6493 2095
2492 6143
7163 6764
6774 3542
5394 6324
7086 6517
6575 8701
1079 992
6538 2632
8318 8078
7387 4536
8811 2992
571 3861
1436 4834
5032 2952
6809 3741
8949 5851
7843 5166
9516 4622
7418 4909
6999 990
7625 8097
8930 4646
9631 4464
5969 4006
7691 8572
587 3818
3231 3704
7623 9340
1209 4804
5247 8222
5639 869
6153 5520
9873 3179
4434 2457
3393 2719
5022 2627
8805 571
4666 6900
6913 3703
3874 4456
6433 5695
9110 5758
9640 6741
3416 5978
4255 1300
9877 7327
5833 4360
626 6388
9667 6736
7883 3278
9994 9080
7165 7428
3909 5214
9387 1434
3664 2902
5291 6413
3582 5987
6932 5392
9973 9115
847 1260
3634 7345
7357 5275
5008 3994
7160 4172
318 8500
7049 6327
7070 4400
7333 2824
6950 6698
6832 5696
5679 8228
5001 4341
9768 3475
8882 1396
7643 6103
7163 6698
3837 4240
6166 4788
6439 6869
1595 2075
6995 7501
1040 5694
7048 7098
8891 1108
7934 546
3183 5557
6512 5546
8439 9349
5408 3281
8395 4058
3756 1928
8841 6067
6927 8915
6982 2206
8107 4530
9774 7174
9891 9974
3155 1415
2011 4999
5357 2942
7209 4548
5722 6975
8244 3754
9498 3748
8524 7972
5487 3402
911 345
5563 3397
6562 6319
987 303
9177 7197
1198 6121
2436 7339
7878 6117
5567 1193
5006 3371
222 4943
6223 6866
3077 9479
9217 9238
5306 5595
8639 6457
9628 3295
9142 6556
6513 8604
2608 3500
1731 4395
6455 2139
4 1148
0 7859
9383 737
7366 7365
3777 5988
5193 4095
8586 2379
8189 1696
231 1231
7438 1239
5240 4557
6798 5753
3503 2379
9255 8930
9518 3382
7474 3757
5249 2283
7269 6277
37 8922
7316 3585
6657 2717
2311 5333
8658 3463
6075 5479
7174 2189
9415 2853
6373 1911
665 4145
3865 2034
7810 6227
5373 5328
3786 6356
8763 7249
8884 6492
9736 1110
32 832
5954 7417
2086 6625
7404 5108
317 8171
8720 4785
9368 6955
1259 696
8704 1313
7439 7051
6640 4897
5131 3593
5014 2779
9501 3320
3556 1935
460 6126
2917 6674
1031 4666
7636 2088
7723 6702
5944 3588
6002 4990
2888 7555
5283 4522
8697 4814
345 7428
5575 8013
7934 5286
9460 7954
3093 9357
4338 937
9671 7127
8780 2489
710 2049
7592 1506
3175 1438
6418 2932
1419 3677
4627 7348
5708 1200
6532 4350
2758 8626
6872 1422
5824 1267
8523 7505
2801 4768
195 8032
9264 2026
6937 9926
9310 2896
3391 6152
1371 8079
8735 5590
6725 8434
7568 9648
5792 6051
1611 8182
2796 4141
8644 7808
321 6693
4278 8954
7418 6563
6225 5236
9567 5689
8879 4793
8519 8688
8665 6002
4491 6860
57 1227
9010 5892
6670 6646
9409 7624
6291 7000
8629 5153
9042 4275
6166 8173
2422 1526
4114 7152
5404 3393
1849 9248
1740 8258
3512 3785
8159 4049
8919 5723
9645 5369
8333 8780
6793 3962
6258 8822
4903 5218
6868 7290
5966 2234
9606 4330
985 3787
7531 1339
7452 3904
2675 5516
5187 1836
5956 2835
3407 9114
1362 7278
1347 59
9877 8068
9206 7900
8547 5046
8207 5126
6477 4614
8354 8034
7529 7399
6254 7494
8469 3298
9337 3643
3432 2596
5493 6591
2953 4813
8097 5883
5215 6354
3241 2247
937 7384
8209 5306
5530 8580
7451 5856
9433 5394
8402 6115
7834 7351
2400 3738
7004 7796
7436 8658
3494 5931
9284 5944
6023 3615
7516 1942
255 1671
2817 4376
1874 7950
9849 3134
4725 5685
6400 5938
7057 7965
5651 3864
3818 8098
6811 4233
4231 8681
732 3972
7005 2153
5621 8465
1216 9683
1221 7812
1974 2128
8094 5988
9477 2686
9050 3144
8016 2133
9263 6406
7773 9545
6316 66
6532 7009
8003 7792
8847 5673
6875 932
2848 5257
6192 8523
6614 9155
8961 712
5916 5851
8985 6667
688 8988
2961 7012
3028 3804
7276 4551
7030 3098
9634 4080
9407 1179
7616 5824
7585 6474
7601 6684
1407 6352
9535 6962
7107 1453
7358 7222
8897 5399
2228 3017
508 5916
6541 4869
5594 4995
2540 3962
8824 6439
4755 8397
8347 623
9554 9927
2195 8330
6118 6614
8842 336
8690 7378
3141 4044
5094 629
3333 6200
1249 4436
3417 9311
5449 2025
6677 3050
3704 9526
871 5917
9744 6681
1404 4165
8606 9262
8855 8734
7618 7135
2924 8516
5201 5198
4147 4740
8433 4207
5218 2519
8430 1923
4288 4046
5607 5189
1080 9716
8518 5190
9015 1795
7826 3916
4858 900
9224 3366
1022 326
7995 6317
6703 3587
7449 9527
3179 9923
8023 8486
7068 8788
8367 2634
7598 5341
6654 4489
9389 2507
9027 9739
6650 6935
7239 9959
264 5090
2315 32
4482 7163
7981 8583
8081 7538
5591 3514
4522 38
8558 2592
9196 7575
7563 5747
7588 5511
7649 6164
1706 5414
8811 9346
7328 5062
8024 564
7547 4840
9938 5300
6779 9169
7732 8269
6952 4896
376 2513
7332 4659
6299 8946
8189 8895
2895 4353
1568 3736
4320 7585
5483 5219
749 2771
5841 3651
9542 4037
6983 7376
1014 3456
1292 9062
7951 6986
1502 5610
8683 8332
5792 4819
8906 1207
8330 1505
6551 4578
2792 1972
1047 3875
4517 8004
873 2527
5162 6759
6657 8882
1533 8693
4699 3056
3029 4544
6276 3942
350 2836
9832 2661
5141 2327
4335 3395
4354 1193
2201 2039
8920 4767
8151 240
7794 8304
6080 7800
2922 2445
2422 9972
488 568
3624 687
517 4423
1348 4351
6950 8743
7913 9056
8613 9696
7625 5620
2845 9930
5259 4695
9618 8959
9501 7391
4836 6026
1611 5340
1647 6983
5797 6441
7579 1195
3177 6360
3476 4966
7653 8728
2565 90
9159 7482
6268 6413
7643 5236
6483 4796
6571 6306
3543 3047
3281 9463
9102 8237
6235 9282
6614 9049
8973 6322
1880 5598
7385 8108
43 7912
6427 7358
8006 3473
8293 6684
9148 553
1520 3198
3334 4054
1749 5421
9753 6490
8094 5656
23 1904
7204 2677
7799 1803
1401 887
8784 5581
3102 2886
6624 4990
9793 3795
1230 776
823 8760
1380 3689
2635 8789
1276 9001
784 7721
5684 2015
7921 2745
5154 5906
387 5991
1925 4549
4239 4560
4516 3111
8079 1052
7425 9869
9437 6509
948 3641
5872 9138
259 3833
8900 9394
3711 2202
7890 2590
7342 2758
2808 6306
7209 7561
9082 2911
3046 4148
2175 2872
2045 2533
6069 6016
8333 4220
8260 2924
3802 869
7545 5867
6628 8087
6121 2513
3609 4732
3215 4613
8583 7377
8341 4582
6840 9555
7910 8008
9686 3159
9930 1799
7607 6694
1060 2272
6502 4433
7698 5011
5013 8211
1388 2976
5926 8703
2185 4717
5684 7894
4659 8100
2429 3249
9018 6096
8885 2076
1019 4849
4365 6956
9397 9017
1959 2963
6224 5340
6797 5912
7954 4024
4606 989
9783 3697
5970 7796
400 5571
3078 4058
3943 9949
1173 4511
9613 3932
5782 7866
180 6628
6157 7928
7894 3168
2379 7295
8401 4433
6055 2669
9988 2358
3488 751
1435 552
6106 3654
6846 3427
6446 8152
9490 4067
8546 5201
1740 1309
9513 3189
3033 7647
5149 5199
418 9142
9121 5819
2135 6682
8719 1049
8349 6205
2690 3265
6323 6863
2005 3576
5527 5680
6449 3969
6286 5668
3321 6370
6381 8157
5550 8000
7791 8664
6643 2909
1748 2314
9760 9660
8855 4858
8472 4568
1082 5873
7752 7625
8682 7532
9892 8688
1562 4416
3690 1527
6886 6356
4065 1818
8750 388
3985 5501
8071 8438
213 1236
4349 4731
1297 6942
6133 5156
1121 3747
1127 1283
9038 7328
1042 4622
6429 9126
1808 7050
7203 5487
1219 6362
7179 6298
816 6386
7011 5667
6795 8523
2619 3185
7567 4838
2365 6944
4266 7540
476 1191
8715 8728
4350 3225
7739 9644
5939 5424
5944 6293
2074 702
2669 4066
7298 489
9990 4058
3940 4643
3007 9659
8287 7355
9696 5274
5690 4023
3806 1381
7071 1614
4846 665
7362 3520
8705 9450
5958 4898
7101 5815
6538 8856
225 5126
6338 8273
1090 6328
5353 9864
9677 7223
632 6941
1359 4008
471 3317
7238 4773
7762 5682
4684 5046
631 5935
7778 3411
5037 5578
3040 8398
7049 8900
2928 5713
289 7891
1529 2591
8097 6547
7557 3829
8023 2316
2226 8302
8218 6958
6226 353
103 3806
2035 9902
1947 1387
4803 1718
7834 2538
5568 1255
3926 7043
1008 7820
5848 5510
8836 3745
6234 2284
3606 3803
481 2826
8146 2665
4837 5772
2674 7916
282 2064
9237 9808
6200 8126
8741 6608
3881 5327
1871 5993
5382 7679
555 7713
1004 7310
1425 7303
9718 7529
3341 6487
6418 7423
5673 8501
807 5160
