3705 4589
2183 2794
9459 4393
7024 8293
190 2609
3022 331
6458 3186
745 4817
6586 8067
4511 5857
298 5296
7290 7365
6507 3721
7850 1057
4060 1087
8084 8808
3975 491
4374 2940
8273 4250
7385 9709
514 4934
5744 5253
9319 4480
1480 31
7971 1589
5379 9972
8501 8170
8973 8394
4732 7128
3639 6705
1815 2357
9397 7409
1527 5862
8626 3856
4474 7735
5961 6247
5534 5914
6645 6125
4141 7976
4946 6683
2002 4290
8276 3864
3472 5373
6216 6658
1947 3307
6273 6640
8858 3438
821 6881
2543 5260
5399 6786
8238 3235
8205 5273
866 881
8226 1131
2219 7270
6536 6353
5531 4582
8337 7270
7432 2963
5148 6507
6867 2925
4738 6114
4796 3840
9536 8762
5701 5932
2129 8787
6685 6718
5821 9353
1202 7121
567 2409
5071 2853
9292 4214
9166 6024
8650 509
7053 7760
9766 9466
4482 9813
4895 3795
1056 1526
1704 8392
6028 3536
8777 1260
6882 4616
4865 8275
5286 8268
413 7432
9035 2952
2224 406
7261 3565
2257 6181
4621 3569
5162 8094
3409 5935
8980 397
7983 2688
5035 6942
1619 5264
8871 3500
4724 7494
8939 1914
5945 4130
2757 2868
8006 3732
4804 6965
6808 8211
1324 4040
128 9383
693 4173
3031 2555
8285 9913
9287 2260
1007 6211
5059 3111
5676 8183
3175 5084
9200 4183
1864 3472
2694 7871
2469 3057
5184 1951
5751 7926
1568 5810
7517 5853
6592 5014
7139 1211
1792 5676
6434 4842
3226 4325
7948 8146
2148 7445
8197 4686
9207 2105
247 8512
238 6248
196 9220
6932 7162
9326 3867
8283 1841
5512 3348
5018 332
5938 3456
7388 9778
52 1483
5165 9656
3987 6651
5223 8025
2022 4020
609 4676
1653 5880
7171 5434
7570 2965
5756 9427
4367 2334
15 7091
5832 2777
6821 6260
9350 1995
7870 1392
8333 8212
8521 1618
5845 6624
771 3812
9318 1373
9515 2826
5905 9011
7161 1467
9358 5094
6561 7366
3436 4403
9404 8364
428 6684
6610 5272
3251 4586
8816 9133
8539 6344
8031 7860
8227 4537
5123 2680
7093 5096
9465 6509
9561 4756
8299 9516
2623 4542
4710 6311
4620 7320
3169 5469
216 3256
3976 4222
6445 3087
5098 5494
3648 1158
7357 9770
8635 6940
4643 5853
7411 3590
7070 5512
8480 8234
6834 5649
5487 8581
7631 3943
6855 3493
8369 6309
1337 2855
8644 4033
7878 9189
3797 4906
9330 3277
6594 6054
8304 7082
5852 7366
247 4137
3387 3961
8359 4924
5845 4330
1576 4426
8350 2889
9384 3671
6241 7713
9179 5373
7952 7165
4419 7117
5871 1242
7693 4955
8945 2109
8787 540
8518 1547
9308 5315
810 9861
9965 7305
8607 6207
4118 867
7588 8968
3028 2176
8915 5505
1088 3803
7022 9459
1540 931
8541 4540
5473 2606
6105 5034
2652 5689
6064 3232
530 7834
7373 1701
3431 5161
3778 2236
586 1498
1685 2867
4190 4395
2407 8221
166 6510
8486 1850
26 6062
4730 4911
7740 4854
5965 3845
8401 5539
6902 8895
2867 7172
2349 8229
9987 381
3577 7039
7106 3706
454 4940
1894 6373
9134 7524
1834 3245
7630 4736
8323 5188
1172 8724
2054 2467
168 3162
6003 5547
2247 6016
7318 7739
122 427
3995 5471
1355 5704
474 3740
9331 8926
9300 2443
6741 6536
4910 9419
8740 3503
8323 2168
7415 7914
9168 5148
9649 5421
8160 4806
4559 157
9454 3152
9634 4022
6301 4557
1406 515
6173 2830
1798 4422
3497 6789
9209 7377
1846 6570
4031 14
524 433
7440 6119
1089 1639
1667 3565
4058 5257
6522 8410
647 890
246 546
9695 2409
4698 2032
9309 2868
5658 4814
9717 2922
9291 1767
66 8428
678 324
5452 4830
1880 4854
8075 3610
1260 945
7057 7010
7857 7588
6348 4106
5722 3149
372 7609
1306 8645
6301 1779
7751 5886
5647 5190
9270 8137
3681 5633
4206 4057
785 3991
6781 6553
276 5282
5203 9737
1929 299
9095 4470
535 7320
1524 8063
1643 3813
5641 1453
7184 7737
6096 2262
7500 3405
7296 5332
8662 134
1559 2435
81 6079
5972 8396
6647 5007
4049 5008
6365 2813
8643 5382
8469 6249
6776 4370
8162 4520
9025 9096
105 3790
587 3564
5530 4873
6637 5608
3094 2169
540 6606
4628 7401
7995 5696
3764 2866
9717 170
7471 2020
5265 1542
8696 6911
8796 4634
1082 7276
7453 8503
8164 9009
6878 809
6752 6591
5589 3480
1272 647
4552 4652
8733 7624
1367 7300
7671 7800
4013 2802
3590 8068
847 9866
9375 4445
7587 7927
9358 3754
6564 3520
9184 5937
3741 9940
63 2600
9812 6381
9204 5744
7971 8990
4774 9120
32 402
5794 2568
4959 3689
796 7150
7276 3180
5490 3325
6770 2591
6751 97
4713 5619
845 7042
273 3847
5993 8268
9023 2033
2641 6309
9053 5588
5645 3734
5812 2450
9428 3664
9997 4575
8912 4538
4048 223
66 8980
9408 8273
7268 3719
8193 5201
2322 6017
5979 9514
7761 4002
4498 7491
3648 9041
1993 5468
7268 6284
4207 8510
6745 4028
5796 3098
4993 6157
7780 6846
4074 8102
2636 3066
2023 6515
4499 1569
7038 8343
6818 2449
3450 4195
9367 5481
9477 5087
318 3737
6606 3209
2461 6044
2256 2148
7858 5345
1856 5412
9280 6909
3065 1765
1570 3779
8366 8380
6540 2976
3898 2870
6102 4470
3679 7707
7877 4661
5792 4924
6501 1708
7450 7519
1760 2977
2365 6992
7415 9218
8986 4984
8672 6514
2139 4959
2240 3321
7494 8693
3282 6142
7544 6070
4204 3219
5935 1152
5250 3264
2930 6922
6712 2012
9227 8429
9934 8062
4399 2640
7348 1176
9438 2462
8090 5950
3210 1957
898 5964
7113 491
7682 6835
3069 1725
8435 1151
7362 6601
2718 8557
9755 5673
7248 7253
952 5382
4486 2356
7393 6035
9879 1134
6094 1279
5245 5949
505 4181
7752 3056
5372 4677
6098 9507
4066 1783
392 8855
984 8501
6782 8604
1421 5055
4256 6495
5714 3515
7448 7906
6065 8404
6209 8863
2558 6608
5123 2000
2559 7247
3978 3373
7789 6334
1586 4233
5109 7205
7602 5461
3113 306
6877 6639
8258 7199
130 2159
9419 2801
5836 2178
9591 60
6343 4611
1148 4249
6929 3917
4156 3099
6174 79
4926 1031
3544 2986
2196 2310
5912 3462
4280 3027
6014 477
6370 1307
4324 3972
1035 1581
6943 9463
3961 8764
1586 9268
1195 8134
9759 3390
7314 4616
7102 3979
322 7953
6980 6433
5087 8438
5154 7179
6647 9936
7437 5891
6113 2539
6787 8374
8944 6223
1163 7606
4219 1838
7322 2009
2265 305
9209 7810
3448 7037
7746 2458
6001 9545
9468 8973
5143 9928
9038 2680
720 8325
6971 8733
653 2902
4066 3824
3372 8331
7594 495
1038 9839
8892 4962
986 8602
9890 9204
3172 699
9300 4649
4230 3235
5217 9826
9494 5309
1464 6927
6778 6688
4432 6644
2313 9060
7356 5352
1703 5344
6507 3340
1324 6745
7757 2434
7244 5067
592 4086
6994 5121
5423 495
9719 1468
1523 165
6759 6422
7196 2222
2795 2135
7712 4475
8894 7370
3943 952
5982 8837
6307 8368
4165 4448
6319 4672
6445 2596
2520 7686
7678 289
5372 2088
8030 3895
7881 9922
6281 889
8594 9306
4665 2613
1153 9333
95 3764
6666 1373
9694 727
9069 7091
8649 318
7043 5497
6910 7368
1739 5377
9951 4446
5130 2568
725 6038
4723 1692
7078 3690
4486 3405
5913 6747
6918 4576
9104 7785
6212 5353
6724 6962
1567 668
8712 9395
7526 6566
8028 5501
8661 5939
2281 6612
8670 8388
5899 6182
6712 8914
2914 4431
7348 1433
2227 3464
7828 8422
6727 2254
4715 4796
1974 4223
8285 5665
9174 7224
8407 3790
1215 7325
7430 1852
9841 7394
8659 6256
9868 5053
3395 3549
8940 4963
8573 6189
7962 8250
6193 7810
6854 5075
7927 4994
8419 538
3988 3770
2357 2769
6770 3132
6589 2791
9009 5672
3969 6416
6806 3728
9514 7241
7206 7984
2093 9906
9047 9468
7101 3208
1624 4180
8247 3642
5659 6546
7207 5297
8406 9822
372 4151
7557 8564
1777 4314
2731 2592
7674 3901
8307 5763
6118 2522
9473 3695
6569 243
8557 3696
2560 3878
8821 3661
1779 5649
9874 6082
896 7022
3480 6857
6675 8603
5073 5122
4869 7049
8810 6104
4536 1655
9087 1659
9442 315
7554 5781
6740 3578
3450 2534
1679 5660
2367 5014
7852 2176
8775 875
1922 8949
9346 5279
1072 7089
3747 6288
9073 4891
2653 4445
7336 4403
7802 8074
7162 3284
6422 4706
6334 8794
2918 3144
4607 5052
9753 5000
1840 2063
4710 6493
7270 5217
2680 4440
8007 5446
200 9092
6771 7455
5751 6995
9438 5231
7939 2171
8632 3855
1951 6108
6266 3159
1097 8677
5910 2063
3533 5123
232 5381
7601 3236
1269 3657
5488 9136
4842 4006
4190 6066
1638 8334
7600 503
8530 6035
5474 5387
5350 5617
8407 5147
2277 6520
4560 1031
1241 1464
715 9756
4920 6972
2383 8609
5546 6845
2104 1731
7109 5904
4124 4907
217 4160
5777 8555
2580 5753
8849 5212
86 3825
8702 5687
918 7590
7160 3977
6807 4613
407 7788
9287 3115
4195 8062
6408 8435
9381 5867
3043 3541
9906 7186
8003 4494
7819 3919
1881 5728
716 4234
3902 1959
5873 3553
5454 6050
8180 6234
9878 7208
7304 1352
7925 3914
9323 5350
987 6282
8182 1769
9035 4654
3527 3078
6942 5056
4569 3684
61 8453
8180 2864
9591 8440
9710 2204
2214 5742
8719 7464
9173 989
7204 8826
3286 1043
8382 1133
7015 4645
1430 3832
6266 8462
8684 8530
120 4845
5410 5444
904 8862
8939 4326
9324 4662
9597 8204
7124 7153
6291 1931
2469 5456
6099 9574
1772 1852
7141 9951
9139 2815
972 8858
7529 907
7490 8563
5748 6499
9015 7825
8678 4793
6157 6667
5352 4284
8472 1426
6460 3443
2871 4052
7471 6456
1745 4472
4790 2716
2443 6500
9148 5092
9253 7360
6410 7005
326 5313
8025 562
4962 7108
5798 9595
8458 3827
7260 1927
269 7667
7662 3664
187 6322
5586 7911
9077 7669
4177 4680
6579 4575
5257 9025
7750 865
7664 5780
4253 6661
133 6328
7829 4312
3405 6271
9468 6857
4579 7770
7617 3611
6791 7733
7437 3680
6231 199
9441 5155
8312 7290
151 2790
5854 3595
7867 6014
4868 5900
3933 667
7847 4315
3585 6336
7272 1374
2371 7875
881 4635
1658 7939
4728 6270
810 3937
7401 3181
7325 419
9961 2430
9200 5227
7643 4929
3121 1398
7342 7418
5602 5198
1945 8827
8594 1108
8289 5427
5257 4153
1142 4652
3881 6347
4765 5384
3961 5064
194 2863
1670 3761
7605 3869
1330 6056
1881 3126
4992 5632
3204 9114
8231 6667
8866 762
4688 3420
7501 5064
9442 1043
1298 6346
8755 1015
4376 4474
4149 5249
9870 4085
4097 6227
4687 5009
2911 7828
7057 3609
7239 9507
5076 3249
7721 4299
8945 6373
458 5564
9916 1814
563 3631
24 5043
9287 71
4958 4317
7824 9500
4729 5248
7270 7931
7641 5888
7788 6810
5085 5297
7175 7815
839 2344
4775 5256
6547 2180
6793 1418
8915 441
711 9369
7290 9808
4498 6008
2485 741
5551 4780
5668 3379
501 7960
583 6043
3679 9473
357 8211
4703 7315
5181 3153
1382 4218
8632 6811
3355 8100
4984 1592
8128 6719
1421 7263
4525 6676
8916 1093
6909 1727
6050 690
9532 6815
2358 4971
3137 8119
9353 7459
7295 9131
7329 5746
7822 4861
2247 7476
6578 2808
7016 4468
6059 1691
7962 2885
3734 3248
8028 5868
8676 4857
991 9920
1537 6683
9173 2401
444 4274
6969 9617
571 5254
8649 4094
8487 6624
9136 2640
5069 8549
1275 9921
8625 9483
6460 6599
8917 5161
2476 3646
7684 2257
7947 3125
9220 6138
6590 6830
4446 2800
5488 7341
8778 7604
6297 4972
8363 4881
2446 1380
345 4402
2739 3588
4972 6643
6725 6321
1131 1295
8610 5926
7808 3023
5430 3027
7921 6118
642 8422
7297 5207
6099 3536
7179 4434
3698 8252
6511 3746
5471 5401
4319 3351
7545 3858
9495 8776
9260 6694
8425 5075
9068 7167
6592 4879
315 9208
8978 794
6252 9133
2494 7947
5594 6652
8223 3786
8675 4849
8497 3271
1788 7677
8159 5198
105 2322
4189 2180
5566 8926
4391 4758
4199 5756
6850 4598
6804 3435
8042 2933
9821 3832
1357 3532
1847 5345
8661 6590
6703 3245
3339 6416
7188 2499
2201 4567
1233 6061
9166 3500
6101 9448
334 2508
1757 325
7854 9126
4437 8270
1197 2617
6589 8219
8962 408
5446 5208
694 2117
9816 6066
6806 8230
9737 5894
3832 1464
7507 6062
9412 7531
2983 9251
3783 5665
7222 3799
6915 4322
2694 8367
9657 7483
4801 8802
2910 9419
9390 494
213 6903
7214 2110
9166 8306
4687 5374
8697 4300
1373 711
8661 5811
6708 6974
6305 8018
5212 5646
3932 4165
7797 4659
7697 7461
5641 5759
170 5462
4977 9162
7570 6602
6892 1025
8347 9677
6714 4402
2000 9746
1350 2016
7163 9072
7704 1290
7955 2858
4892 8421
8001 6946
2814 6408
3321 5192
4187 1142
7731 3005
4081 7805
7803 3524
3004 5606
3754 6629
9096 1268
7408 2473
3971 1904
4309 5804
2741 5798
6832 5292
7993 3634
2826 4566
6370 4443
6028 2235
8876 3348
4655 7393
3922 4095
9419 5024
8459 2013
9524 9921
1458 4527
5168 5110
7309 4146
6184 7420
3581 3105
57 5277
4317 7347
5555 2149
2132 8160
7419 877
1895 7924
9178 6493
8316 4771
6659 2586
8314 3715
4594 1855
288 5267
4063 2633
3065 4285
9854 9930
788 7310
1059 6497
7024 5545
7800 6998
9500 3403
2712 2790
4212 6489
2596 4830
703 4583
7676 4424
2070 61
7622 4861
9609 313
6584 3179
7910 3315
6891 6490
7033 4853
6197 4352
36 2211
9454 9191
130 4290
2203 4912
6057 3554
8085 5423
5987 8679
680 9308
5504 6990
7660 7610
8701 8745
4987 8605
6172 7799
478 3552
3255 4785
1011 1837
9971 7673
6812 7341
96 5887
7868 1237
7761 5275
2948 7230
837 6127
5109 3067
5344 6088
3859 3192
5189 552
7886 3482
513 2970
6464 9502
6101 7235
1493 3664
7627 1272
716 8173
8730 9472
1256 984
7314 6410
6973 3902
6577 5888
3497 3863
9043 4684
5312 8364
6886 5825
6428 2237
7840 3837
271 481
5814 8201
652 1341
7524 5065
5395 4053
5152 6281
39 9893
5713 8011
7636 5885
9934 7349
7382 6005
9938 2516
8876 3887
6164 9236
4684 5896
7488 5246
3223 1371
2276 5698
7137 5662
3912 7716
3038 4479
9586 9015
8042 3445
1228 8064
3572 3716
5534 2521
2230 6009
8829 3387
8777 3197
6370 2914
6780 2260
4195 9370
5805 2849
4848 8703
8477 2568
8423 3500
1274 7900
6747 1561
2711 6783
7000 2384
956 5231
7431 5990
6116 5720
9236 7292
5316 6081
8939 8762
7148 4362
7187 1321
8919 418
7093 3608
687 7298
248 2232
6622 990
5405 5456
1205 8163
4 825
4114 7795
1635 806
8227 7371
7286 3141
6828 4478
2265 8557
7800 3362
5850 8997
5929 659
6045 8189
9148 1944
4397 9207
8106 7202
9780 6587
6838 6778
4310 4300
3491 8583
8145 5817
4229 7529
7675 4885
4241 938
5889 2549
2628 2960
6395 6558
9041 3107
9745 1008
6301 8128
1659 3741
6552 247
7962 5709
9197 3246
8281 9138
3565 6559
6510 8359
4680 3442
448 158
8197 2206
7271 5195
1292 25
2339 5176
3478 7435
880 1249
8476 6172
6520 7626
5243 1461
4754 4451
2967 7340
6353 7863
8479 6591
788 8722
3716 8367
2365 7420
9792 4987
4047 775
5645 6995
3434 5944
920 6811
9246 3767
4065 6979
9858 4523
5903 8458
785 7791
1337 4066
7529 8068
3238 3
911 5917
3406 1802
9834 7441
5665 1059
9559 6684
3795 5640
5187 1700
7718 2197
7702 1435
8812 8103
9645 1624
7890 3068
4330 2429
6751 1977
6226 3849
7127 6694
253 6832
9740 2571
8610 5501
5671 5438
2355 1187
3600 166
5630 2367
1010 1977
9222 5964
4638 7217
4841 1389
7172 815
8661 9051
4578 6119
3203 7067
7668 1167
6764 4669
8869 5967
4564 5174
4549 4142
4000 931
2051 4990
2993 1716
736 9823
1855 7643
1351 1236
1737 4426
8287 3898
6824 5191
8145 6932
5629 5282
1845 7342
5845 5809
1920 4483
8888 8144
5553 9313
5821 4405
2696 4889
5674 9081
8559 3660
629 3294
6872 2764
7335 2525
2728 6763
1738 3580
7984 1335
5169 9215
76 6649
1661 5962
7963 1168
1769 4448
9597 4803
7739 376
9092 3089
1564 1949
4610 5787
5058 958
9889 8250
9421 268
897 5808
9669 7163
8201 1467
8409 4385
97 9286
9130 1637
5728 1584
7864 5201
660 3249
5715 827
9510 2043
9471 4532
1663 9259
7807 7555
2400 2355
1942 3692
9017 7250
8574 2745
7039 220
1963 3751
2384 2761
8817 8064
7687 5810
8619 6544
4295 6933
9179 4666
2587 5685
8677 6899
339 551
6126 7
4021 4078
9039 8419
8674 9755
6864 5076
2421 8254
8431 2120
8961 4335
9173 7079
8543 6912
126 3947
7660 4084
5318 5997
7538 8790
9668 1810
7891 2906
4086 5846
7744 3152
8872 4993
7682 9104
5071 4147
9882 4519
7249 4728
6633 7677
9432 5222
5259 1579
2133 7813
718 9591
9215 9775
1293 6789
9586 4763
9742 5276
4506 2402
9585 9493
485 4751
7911 9290
6689 7262
9681 8383
763 3941
2578 67
5066 2217
3917 5097
5622 1351
7428 2353
8159 5312
9332 4186
7071 5004
7937 4337
6579 5417
8189 6773
7055 9547
1005 5702
6284 4193
3094 2562
5959 2447
5602 5556
6591 6824
3385 1
308 233
2577 7183
2408 8128
5326 2884
7408 2774
9811 9916
8202 7479
7994 6281
6130 7001
2942 3753
5470 3693
9675 8042
6571 9632
9723 8756
5122 4178
6906 6175
906 8567
6173 2123
721 8521
477 3465
2080 4633
1 4933
5442 76
1049 7010
4132 1870
7676 5985
5217 2846
158 5792
4408 5602
2343 2131
6847 4561
9157 9526
3444 3051
8304 4362
4785 3724
7586 8283
1085 6717
8291 636
3508 4914
4688 2744
4851 4199
7083 5309
6943 310
2596 8151
9027 7443
1033 9536
2798 6336
3555 8493
891 6154
1264 2989
9722 3511
141 1677
6123 8505
9048 6455
7630 4781
7441 2630
8351 5066
8263 752
6395 5931
4187 8827
1821 3967
9445 2600
6967 9311
9855 6147
8631 7456
6198 7753
2700 3791
1573 8187
9568 9207
9271 8203
3827 9315
1817 3565
6528 9735
561 2441
8692 6540
5331 9457
5084 7550
8685 4551
4870 4817
575 8913
4505 3120
7345 2423
5447 2061
7196 4249
3737 6402
700 7228
6164 1335
4785 9711
5822 9973
8677 1411
1607 6104
6114 3850
8651 5330
1409 9502
8244 5437
1654 4351
4427 2890
4537 6468
2534 6844
2766 5918
3334 2992
6392 8116
6151 4792
4710 8318
7050 6544
6916 1562
1541 4531
8578 8063
2834 7900
5258 4107
652 1400
810 2740
3425 7294
1672 2920
7267 6370
8427 323
2580 1725
5584 4923
5399 8553
6469 8992
555 541
561 2012
9038 6977
8859 8732
6383 2243
5973 8495
8103 1515
663 3228
6456 2758
7084 75
980 4332
8216 8976
800 8831
3119 4756
7518 2932
9303 5339
8652 8267
1778 8405
9180 8386
8378 6715
8904 1806
2671 6407
6869 2644
4634 6898
1888 2800
8997 8386
9370 2481
4027 5402
9241 5979
7309 3589
4941 80
486 6173
8221 6071
5318 5665
6759 8491
7307 9528
9729 9072
6145 869
2992 8461
6834 1387
2289 2568
1822 3590
6345 6528
2601 7529
5278 3391
9672 8659
4265 978
428 1751
140 6946
3587 8913
2731 2512
4977 9936
5134 3992
3067 3629
2153 5918
463 7986
4324 8095
1402 1031
2023 3593
2298 2485
3836 3029
1135 5238
7544 2556
658 5838
4472 5347
6406 1919
3981 3797
9125 5133
6439 9451
8215 5060
78 3169
1109 7063
7205 8580
3128 7651
8615 4923
5710 6393
8393 1777
9265 1477
8370 1564
404 9583
9795 5089
3458 1002
6603 7549
591 8426
6341 9535
7564 353
7875 1972
1930 6774
3728 3751
2339 9194
4066 3975
1258 4395
9833 5731
4309 6362
9500 7773
6876 4567
2529 5763
3265 6097
4720 6835
9777 3062
3333 4511
5778 1033
449 2428
2705 6110
7462 4031
242 9948
7510 6667
6171 2842
6071 1672
8758 9098
4907 7987
848 3463
6149 8681
535 6615
2510 9146
3728 6450
9146 1902
7783 7068
7086 7894
257 5250
8642 9394
8162 7774
512 5705
2864 4022
9562 1672
2482 1476
4356 2878
3097 59
8047 5205
7095 4987
8446 1009
4502 1656
1440 4640
1751 1792
4376 2190
2712 1012
126 7897
3821 5994
2997 6779
643 5420
7749 5339
3487 3381
2998 938
382 9930
6989 4015
3339 184
6396 4854
4256 3949
1871 5226
8008 6515
9735 9439
57 5272
1953 3309
3871 4781
9920 8172
3151 5623
441 3168
5976 188
8209 1257
479 2642
7901 2080
5742 6787
9176 2362
6953 291
9392 2926
5101 4246
5763 201
4710 1917
3598 5682
365 5401
7144 2222
6667 7252
7129 9269
584 6199
5208 6974
1655 7240
7042 5328
6784 6790
180 6789
9132 6614
1751 303
5840 2491
7833 5305
2358 7104
4710 3206
4422 8172
6034 2478
9574 2650
5592 4762
7770 6309
4880 8582
8032 5491
5633 6870
1199 5438
5891 978
8305 4374
4934 6603
6023 7055
8397 2916
1759 6034
2987 7059
261 8043
5104 7953
62 1683
8529 3156
5268 7243
246 1211
6615 2069
8850 1935
7963 6838
5862 1458
9383 6986
2981 2504
7020 6561
8639 3041
5237 3742
5209 9830
572 5006
2120 7958
6968 5768
7577 2843
2121 3349
5333 5264
6205 5193
525 881
1464 46
8963 4282
4006 594
5134 5404
5524 7316
7059 5374
9653 3682
1308 2808
4614 3604
7657 1738
9413 7120
9834 6884
6038 9873
4135 4737
8089 385
8352 3239
5062 2424
7589 1230
2142 7972
3642 5780
9324 9872
8202 2369
7671 8331
2807 5063
1474 760
8264 3368
3279 4011
8067 6466
4691 4150
6571 6858
6321 4697
6607 1304
8571 7288
732 8501
9769 3186
3361 387
1012 3307
6304 1094
8686 5410
5400 3024
6347 8496
6383 1508
8748 4194
6989 4701
9113 6012
8932 7923
7392 7306
1026 4652
7441 6380
6461 7
1302 3998
1536 3182
3958 4941
7254 7722
2953 1221
8949 814
7809 5271
7905 778
6501 5943
3970 979
7175 3413
7703 3532
9869 9795
5097 7321
539 2147
8621 1069
5804 1935
5132 6726
7983 1492
8189 5798
1115 5582
4984 2317
9017 3176
9009 6964
8267 1143
6100 8470
4027 5138
8400 8317
998 4135
7373 637
8861 3050
8232 1795
4551 2556
3157 3979
7902 6764
517 6198
6429 5154
8552 8832
9195 6723
9550 4147
3122 1891
9378 4858
2538 4580
1952 7637
5928 7962
4899 1145
7263 9113
6770 7002
2496 1321
1666 6004
7330 7598
9545 9293
3273 7550
7594 5843
8161 9044
3331 2657
7463 7696
348 6459
7362 5843
7434 7934
8026 1393
6806 3410
9689 4561
8693 6057
9255 7221
8097 3259
1724 2925
5700 5465
164 3790
4735 5722
31 6644
783 6279
6699 5620
9228 1089
7034 6098
8264 1571
1638 5975
4816 8720
165 5533
3065 9317
1920 2813
7484 4735
3079 5953
7369 7148
5046 5102
4517 7727
7374 6445
4124 2319
5838 6701
181 3568
1323 3065
6562 6651
5837 999
7342 1366
1471 8332
819 1209
3814 5782
6585 5709
7996 4226
21 6827
2817 6087
9690 8693
5414 8601
7668 3606
8731 7075
5470 9176
5767 7184
6127 5275
7369 2263
1990 5756
6385 9448
3977 2339
5024 9476
53 5624
937 5607
2826 4163
8225 6277
8696 907
3162 7266
5552 1903
9564 3871
5988 4685
1597 6067
9408 2577
2267 6801
1694 4953
6928 813
7580 2725
1642 4268
7261 4894
5122 225
681 66
5049 5052
3035 3532
6420 7553
7778 5426
5042 8166
5874 8733
7809 3729
318 7840
7321 3911
2214 5611
7941 586
3300 3254
1555 2942
206 3842
8103 6246
8311 6949
8042 8222
4654 6606
182 4653
2212 704
532 8149
363 6162
2381 890
4165 1904
832 2439
5692 4245
8787 4821
9332 8556
9723 4011
8995 4706
142 4594
9550 6685
3658 4409
4721 3640
8819 7109
1166 3079
9053 4832
5648 6016
9978 4358
6375 5298
8984 8344
7260 4937
5937 642
7345 5920
6551 6584
2380 4034
7689 6632
2233 6495
8821 3519
7551 511
6420 4788
578 8520
7266 3533
9120 9679
6415 7339
5477 4804
7996 6267
6177 4249
1 8364
3372 5842
8077 7774
9237 4494
7220 8382
4727 4464
7089 988
8310 3286
8286 6864
2787 5862
1458 3708
1993 8216
966 765
9870 879
5069 4349
8935 4277
683 1645
7164 3498
1646 7327
3801 6261
8320 5522
9695 1413
8324 7398
2340 689
4349 8695
6382 1782
6995 6183
9509 4498
360 7505
3226 4057
7051 3984
5160 400
2435 6453
7557 3792
5086 5066
7868 981
5775 8257
8967 4070
4584 9514
2567 3310
7546 4313
8486 6628
7294 830
5210 9912
8308 7524
6853 5968
2519 3683
5211 1102
7957 4971
2799 3444
5933 3194
4747 8996
5289 2634
7632 3575
7286 5153
9120 7974
8364 2972
6978 8191
5006 7880
9004 2780
7820 3518
3552 1035
4565 2172
5306 9875
9568 4141
4220 4998
1019 4935
391 3380
884 6696
8236 9071
342 4198
57 5197
5012 5348
1531 5231
4020 1796
3092 3921
3178 3732
5017 6860
9196 3609
1649 8606
5111 6495
9558 3436
2428 5863
3933 1275
8939 4855
9301 777
2898 2981
7671 1664
7689 7868
2317 3938
6650 6486
8661 538
1397 7580
4843 9137
7125 3746
2675 5982
3272 3757
6407 3466
9156 3634
5014 1556
6509 6897
2625 913
4132 4322
6866 755
3337 1644
1279 5494
9435 4631
8093 6510
4631 4420
7041 4893
3419 6786
6981 9228
8869 6327
5846 1197
6198 5520
1998 2040
1241 1832
9378 7372
6768 4101
2356 9332
9701 4615
7512 7753
6578 1725
8425 9440
6625 5220
1169 882
9190 4813
7047 7838
1058 2771
9857 7198
3284 9957
6321 2486
2175 9563
9376 1677
5115 4603
8437 5599
2566 4200
2215 1233
3593 5989
8641 181
396 6570
8701 4369
9733 5748
7558 2405
2234 5834
6062 3026
9742 4521
6511 4286
4532 3999
590 7459
3778 1847
3759 9418
6577 9191
9142 8784
2473 5153
4250 7440
9842 2779
6497 42
8985 3387
2357 7193
8359 4093
4109 3236
5845 5485
7065 270
5416 7065
9903 5354
2301 8237
9911 7164
185 2054
6988 4601
7182 9836
6396 2511
5805 8459
5448 2937
2003 3002
2240 2191
2135 1909
14 7662
6008 2752
5803 5501
9004 6244
4926 8840
6502 8922
7919 8385
9002 6255
9325 4959
7945 5526
9771 5948
7371 6459
6710 9157
9429 3740
7140 2739
5939 1322
3234 150
5701 9788
1876 5431
9754 5607
3481 2996
9503 9408
6447 8302
4342 3446
3749 6086
8337 7167
8333 5247
2564 7508
8240 8173
360 5763
998 3347
5844 4723
7173 6554
8004 4496
6627 904
7717 4439
9878 9604
8653 1909
9907 9073
3992 1252
84 3771
9297 7343
8533 2746
9582 4294
1302 5801
6366 4367
497 6047
6540 7149
6849 9597
4572 6620
5262 3391
2275 4977
8932 4841
9387 7636
4335 7323
3485 2457
2261 6735
8295 204
8294 7415
7477 9142
8191 3530
6218 7232
8077 3401
6943 5421
7719 5642
7058 1961
8130 2244
8455 4515
2887 7318
6863 5428
4783 3783
1214 2092
4939 2081
9147 5681
7431 8743
8389 6497
7282 6176
8861 8707
1010 6648
2546 3884
2563 5514
6890 175
313 3983
9234 2243
8946 7209
5092 165
7608 6992
6359 2875
6656 8989
8428 6465
2447 5460
3178 2232
7723 233
4507 7769
6208 7028
6025 5860
8975 6755
5692 732
8476 1675
4157 6609
3848 7022
7681 6773
9943 4150
2626 3947
9912 6907
9745 1546
209 2424
7256 1948
609 3297
8506 7687
3869 9602
704 7735
8032 9753
2266 5374
6626 3070
7815 720
8190 3522
1130 6917
514 6685
9596 7034
7772 6658
3046 3620
7815 5042
9558 6284
8293 5606
7320 2067
5399 5959
289 6193
7021 4888
6849 5572
9099 5827
7213 5997
7681 8088
7173 219
6376 1861
9807 400
4292 97
577 4731
8269 1290
2081 8845
9260 123
7580 9066
2647 2288
8909 3986
3749 4665
2515 7730
6749 5647
6780 4960
8751 6783
967 1516
9944 6309
4777 1845
4527 9547
9212 6131
9081 1181
3918 2986
7594 6991
8015 2325
2121 3423
8924 3570
3562 4263
3450 3793
7186 7812
4735 6291
5586 5114
1439 9862
6067 5158
4157 7711
3114 5685
691 6670
1215 5135
1803 9735
6859 6491
9675 6605
4129 2293
8867 7105
7776 1625
1160 8703
1487 6883
1554 9273
4966 9519
8118 1510
1535 6550
4540 2214
1185 5619
550 2664
6718 1546
8352 4013
9319 2782
9659 5856
9836 9424
6121 9140
398 8393
4427 3626
6536 6386
1982 4623
7343 5691
5081 9519
5924 116
7979 8992
4875 8367
8488 4668
3070 4069
6540 3768
1991 2349
8406 7524
6145 6356
8743 6126
1889 7145
0 6411
6342 750
9434 9134
6579 5537
3156 6822
7576 6400
5272 6848
437 117
2952 4548
158 5657
6861 3651
7580 369
6671 6937
3858 3832
2373 4871
714 102
4987 8032
3116 8298
6899 4064
7752 5929
4361 7691
1885 973
3082 6886
6153 4853
229 4382
8829 3001
1190 4245
7059 6537
2743 5326
392 9634
4870 6642
5078 3410
3827 6602
7579 3018
6665 5307
4558 3788
2514 1194
63 2871
952 4430
9715 9523
4892 6293
5187 3474
3614 9059
1186 7751
7657 6176
6537 3930
6663 9933
4177 4742
9518 3357
9657 2469
6945 5603
7811 9918
7625 2329
439 9291
2423 7175
2313 1153
6614 6671
219 4592
9149 6092
6883 6795
3861 9178
6652 9528
6707 8003
6775 5397
2558 6703
3040 2956
8478 43
6697 6682
8412 4378
3126 6342
6245 9490
7568 7140
1076 964
8233 5544
2414 4601
9003 9663
8773 341
290 3667
1398 4398
1325 2836
1377 2474
6537 2320
9730 5683
8400 5842
2460 7578
5282 1872
4015 4531
7316 2997
5896 6875
9874 5812
5533 2622
4091 4526
7818 6133
2757 7949
9683 3248
2084 6365
73 1467
7367 5564
8864 5316
5474 1116
492 8217
789 1270
1144 7325
3586 3320
4251 5696
71 9742
2031 4529
5885 7897
5549 5733
5987 9342
3692 2965
9534 2091
5196 3070
8257 1847
750 2567
1021 7231
8393 7077
465 5737
3019 3222
9605 1863
7220 925
7032 1628
206 4695
1047 5311
9541 9691
5945 7143
2130 5460
9310 5328
9552 5090
9373 4859
8528 7773
8046 5289
670 4277
4262 704
2067 2078
2148 7170
14 8029
5835 2373
8264 385
9482 7138
5877 2784
1112 5682
7204 6528
6966 9100
3851 3068
9642 6201
9719 3415
727 7426
7277 6144
8698 5349
7278 5551
2924 7229
6439 9182
6580 6152
9959 4272
516 5112
1957 9399
314 9852
5455 300
8861 6925
3236 4993
3081 8088
8974 157
1843 6789
8002 5851
5019 5489
1621 2660
8102 2793
1251 848
5277 536
897 8200
4149 92
2423 22
5163 2356
7418 2955
9745 919
4726 4984
9011 6293
3882 2084
8410 2922
6226 4189
9009 4678
141 4672
5357 3632
5515 4218
8424 6095
8410 10
3086 7411
5245 5791
3574 8626
9243 5380
8157 2718
2933 9532
8339 4681
6193 2039
3815 57
874 1116
5985 2009
5288 4821
2549 911
4100 5945
7634 970
1488 7997
2929 8837
1005 4322
3023 5503
6424 3116
2157 8213
423 2132
8008 6930
4311 5202
8681 4929
2397 8316
7333 4253
1805 3974
6144 6337
1534 9109
7413 7925
2232 6936
8956 5807
9538 12
2314 4238
7902 8466
7789 712
9689 5550
365 6045
8550 810
9723 6100
6044 1797
5558 5287
4447 5261
7783 4960
6742 5222
5505 2162
6104 6399
9595 9190
2655 8974
6337 6341
7345 3687
7097 1141
5200 5619
456 1221
8707 218
4706 2051
8916 5990
2321 5543
6777 8720
6273 6743
4470 791
6718 6864
2459 6187
7903 3577
1311 2122
3964 6517
5505 9988
8451 413
6508 5004
7454 5148
6891 3759
4456 3458
8616 8293
8788 4613
7926 5143
9972 9540
6944 4295
1550 44
1794 1838
6916 1429
7908 4163
7072 1447
8530 7364
8044 6158
3321 4852
3300 5961
2612 4163
2806 5197
906 7684
1560 6747
7571 9129
3295 9037
5890 659
6163 0
4401 2488
8645 4025
2406 8875
1267 6350
8346 6617
5462 4275
8847 1126
908 5370
6400 3740
1517 4431
7556 7400
1596 5249
3795 3967
7528 2319
7663 1726
3688 2794
1861 4887
4066 1693
7212 4944
8232 7511
654 6779
4503 7063
2991 5461
6373 7528
7063 7480
46 5095
9072 9070
3172 4755
9531 9355
1976 3911
1297 2283
2976 5459
6624 320
7749 2681
5694 6048
7005 6613
6846 3816
6503 5399
6508 5514
6830 4747
1012 6621
338 8599
5403 4421
4968 9633
1305 6092
2395 5197
4707 4839
4953 6063
9278 6276
4656 3332
7200 6020
5022 420
5393 5022
5343 7416
9985 3401
1864 9065
8259 9158
4866 6444
9000 6160
7483 7890
4795 2713
2139 6910
7353 6733
1868 7615
6549 9153
3376 8923
7875 9060
3508 8850
2539 5016
9492 1495
7752 1490
1318 917
5340 2112
9572 3366
2092 1479
2515 8486
4562 3952
2338 1885
5990 5496
8629 5977
4924 4691
4763 9432
6304 7241
9153 5839
5827 9531
5338 6630
8132 5292
9396 4779
8105 8838
8235 5915
8491 9776
9927 8737
7838 4414
4981 6864
3077 5741
4446 8691
107 1898
9377 6728
7086 995
6997 2872
8633 3722
3724 1243
4391 474
5600 3472
9934 7706
7936 7931
9119 3063
9113 6695
4479 9110
119 7627
1184 3521
3286 3353
8826 8853
7713 2796
663 2479
5184 123
4541 6847
4281 3510
1518 6147
5765 2505
6045 4774
8598 9497
9501 374
399 5937
7570 6022
3497 7979
678 6520
2948 2260
255 6804
1019 555
9184 9863
3561 4594
4411 8965
4590 831
9985 5913
1002 2308
8736 6182
9017 4559
5119 8476
8608 8188
2164 3480
4350 4474
4132 6237
7948 8788
9277 3745
8299 2077
9491 5660
7342 9365
6182 7720
2727 4394
5408 9531
6480 4152
6856 6883
8640 6140
1565 8274
7776 3591
1923 1566
1372 1692
454 9231
9984 6064
3969 3977
5426 9026
6040 29
3883 3156
1359 8290
2632 8792
6591 5272
7716 5647
2002 4195
5486 1614
1948 8281
8610 2073
7526 5671
7696 1918
4575 646
6875 9353
3609 264
1277 7066
8436 5865
1617 5902
122 1564
4719 287
5411 5698
3488 913
7217 6205
8626 6110
4370 9114
2486 4257
321 7264
7709 3900
5415 6527
5446 1676
1394 5493
2906 6277
9890 6270
9902 3392
7816 9395
8095 2394
6954 5458
8218 4716
8246 9393
5357 7461
7488 3564
3890 2367
288 6915
7815 660
9509 3932
8164 9152
6106 6394
6788 3947
1146 6801
8852 1043
9791 4705
6568 5112
9092 6882
2943 1863
9770 3599
6597 5813
9837 2606
3157 4946
5636 4499
6940 4876
9323 8922
4746 6852
4929 8959
1164 4882
7537 3001
2103 4343
7804 8485
4209 2604
7268 5701
7457 3422
3735 6885
924 591
1942 6209
8151 4634
609 3855
469 9702
9507 4612
8583 3998
7888 6102
1594 4600
7765 2733
2295 2661
6572 6361
5925 4564
4417 5885
3629 2163
9594 5146
5688 3345
5120 9011
8487 4825
8387 5641
9734 467
9276 2770
6328 7842
3384 7435
7969 8282
3115 77
5367 3374
445 4339
6940 7588
3996 4966
2659 7152
6513 1593
7423 6244
5969 2661
214 4591
8399 1571
5058 9570
6946 3582
5177 6525
5963 9420
1376 539
5911 2319
7562 0
7809 6293
7265 7361
773 5615
3877 5745
8959 5183
9100 2944
5362 5645
2974 3204
5408 7976
4093 9692
5002 643
8455 5128
6141 6285
8331 8216
7209 8075
8671 6823
8925 7642
4224 8310
4831 3097
2947 1687
3395 5984
4162 4170
9519 8502
3905 1777
5381 652
2558 6133
8411 7929
7688 5090
5943 7222
8214 4382
3681 2153
4164 3290
5518 9409
6877 6982
1817 8242
5709 989
9554 4537
67 9212
9910 2600
6995 5109
9781 2449
5649 7246
450 5193
5609 9281
7285 9264
265 717
6754 6595
3520 6355
782 7773
6680 644
4266 1220
7536 4537
1401 6475
2438 4522
9938 5829
8494 719
9975 8340
3437 2048
8254 7153
6464 3392
9867 2098
675 8936
4794 4880
5173 6862
7960 7322
8290 4753
4832 5522
7559 5177
54 2294
5496 6734
5281 918
8211 7577
3927 8304
3579 5083
2944 8773
3469 1010
4356 3728
6592 6263
8479 8681
6452 7717
5454 3182
6880 6666
8141 7868
194 5872
7759 7574
9510 4173
7913 5008
2130 1507
4435 1927
6515 2525
8199 4547
1837 4079
9127 7037
3406 967
4628 6378
3293 5641
1173 8650
4599 8831
7709 1808
7657 6492
424 4482
3352 8328
6929 3952
5122 9407
4705 1656
1869 782
5972 8796
4306 7774
6689 5404
89 2627
5956 6536
6340 3035
2262 4914
5420 820
6078 6418
7735 6388
4065 3137
3531 2156
6577 6223
8905 8347
5817 3731
4888 2773
3852 5365
6384 2566
6958 5541
4394 4601
7919 6222
8696 9297
83 1290
2226 7835
3800 9497
8476 6786
4045 7049
8812 7644
442 2512
3733 4195
2977 9810
9367 7344
4224 2217
7920 1441
1791 8149
1420 9145
9846 818
6571 2755
6947 3042
499 3517
4196 6413
3664 8538
9249 949
7758 8330
8811 5153
7586 5594
5965 851
3363 2130
8434 1904
710 5844
8061 6008
3911 134
2728 3726
954 956
74 8491
6266 5515
7582 4963
6388 553
2903 5686
9094 8901
6228 4886
5290 6818
183 153
2283 8277
7882 8759
7087 4095
4926 2865
7286 9408
5278 4485
4866 3228
4707 7113
626 5045
2365 6774
4576 8121
975 1257
7726 8633
6640 5446
7647 3873
6678 1308
4791 6962
7751 4610
8744 5354
8955 5537
3758 4577
5039 15
6386 7407
2179 770
8488 7764
7655 593
5407 4090
5369 1583
298 5192
7722 2983
9222 9156
6560 9896
9910 8776
8619 6648
1919 1718
5404 7175
1961 7313
7526 5178
6059 875
6155 7753
9534 3133
6800 55
3126 8699
4550 5169
233 2336
7848 3364
9866 6760
8008 4521
5057 1186
7747 3928
5500 480
9201 829
2119 6451
8501 4804
2317 5389
8051 3292
6686 4369
6406 7469
1881 1681
447 8401
295 4102
3005 141
7726 2835
8782 3110
6399 1013
9487 2108
256 6739
6806 1522
6524 2361
7716 4483
1241 6316
8535 3997
9497 3176
706 5376
5873 8379
2490 7521
9219 5689
6571 6098
5303 1739
1041 791
9101 8851
386 6983
494 6745
8157 2108
9870 7083
3664 3479
3276 7275
3596 3695
7782 5550
1078 952
8178 8933
7820 2809
5991 1335
4306 4501
9822 5443
8292 9449
8743 2969
5978 5008
3622 2556
9291 4760
151 9802
4581 1178
4099 3649
8942 5020
3155 2797
347 4880
2797 8687
9483 392
8932 518
8047 5494
7281 6449
8568 2456
3242 5546
7629 2702
8120 9355
8127 7301
1955 4971
8103 6678
7468 6167
4398 7607
8042 4224
4728 9202
8663 1353
8015 1317
2214 5575
4696 7385
3285 4438
7368 688
1597 688
273 9229
863 3618
9300 3263
8849 7299
7847 5274
9934 1859
7837 7969
5612 79
7088 3909
9384 2331
113 9105
786 3226
2124 2662
6487 7597
7925 5988
7711 1040
2921 3356
2224 6168
7487 2729
9636 192
4266 6888
658 5269
3137 4822
8321 1090
9258 1939
235 5809
9581 377
347 9699
7479 4423
885 4615
5458 8377
219 3771
4408 9573
7720 5717
8999 3526
6352 7772
714 4100
6361 6279
1199 5606
8214 5178
7518 4391
8070 2918
444 977
4723 3326
5025 5842
3452 6280
41 7390
3341 5217
4327 64
7172 8076
7535 1712
6450 3890
2224 3390
8477 6288
5038 1472
6487 6108
9257 6399
7331 4928
7326 4584
8236 4926
9220 4130
6004 5479
70 2563
1525 6519
6863 2436
5282 8877
982 8199
5140 836
7633 3293
348 3860
5363 4520
2896 7421
3280 7532
2074 1607
8297 6612
7846 6676
7280 5999
5790 2759
6669 3896
9635 3796
8148 2059
6753 1271
8545 382
8921 6560
8701 2881
800 5431
2870 615
8413 8076
1169 575
8043 4049
9667 644
8732 8997
2905 434
2805 3236
4350 4722
7110 7937
6144 3125
9027 5508
1382 5769
4402 344
7912 8975
2100 5527
6227 7711
3414 5801
6915 2864
9241 7130
941 6965
5000 4844
7410 7007
2763 2838
1210 7355
3820 3981
6673 5438
9203 7962
3556 6271
112 9190
1917 2908
9381 6507
979 2130
3812 9351
5625 9834
4187 6784
8455 4248
1056 7948
7501 2708
6079 9896
693 3816
3925 1428
7541 5611
5009 947
8658 123
6457 6176
1368 6735
9403 2199
9224 3954
7468 1726
9023 6115
342 2323
6249 4318
6613 7749
8696 7302
4738 7556
5949 7934
1689 1434
42 2677
8795 6005
7593 3131
5494 601
9824 3373
3463 5493
1919 3185
1928 8374
395 6484
2184 5856
6747 9913
6578 3688
5867 6831
7897 5097
8119 3483
880 6418
2046 9305
6039 7059
1374 2725
5453 5915
945 6254
2660 1247
3680 6258
185 8192
3858 6530
9181 4862
8416 6227
4996 9503
170 1131
3048 7600
4506 2442
3687 124
7164 5195
9989 7408
1675 8328
3259 8722
4650 8987
964 7943
7648 7644
8902 1259
2074 2038
6698 5028
7293 6140
2329 5940
9331 6741
8209 3897
7673 9515
3847 4933
6675 9595
90 9378
4820 3224
1537 3388
8495 2389
5387 8970
6784 907
8681 8443
5116 3259
2282 6659
9188 5241
7534 5542
9974 1720
2836 5232
4290 6563
4570 4631
5287 3491
4086 4289
8310 9560
7309 7265
5765 7172
6700 7157
9394 6635
578 6176
555 2257
9617 5926
7258 251
2738 5949
6753 3004
3544 5295
2630 1168
2334 2109
5184 2817
1324 5858
6526 8559
5690 3857
4341 8729
7210 4761
9035 2100
5485 8299
1222 7917
688 1042
987 6293
4376 4872
1487 4401
4739 494
5168 6269
735 7920
9807 8335
9377 5489
9671 7693
9387 1747
8542 5856
1856 1615
8466 9015
1267 7636
7454 6568
1327 7687
312 3508
6460 3909
5474 4861
6222 7235
1538 6823
270 2464
6089 5430
1467 5896
7432 4715
1962 1903
7987 4937
967 3974
8652 6266
8419 4752
6203 1600
3885 6314
6794 3273
8416 6403
2698 6495
551 5200
5276 8501
5861 4236
9518 1546
8466 6116
8056 6218
9001 5228
6263 9356
1812 1275
1094 5196
1198 7239
5288 1
5556 1213
4396 8465
1132 9810
7147 3000
9987 1071
9732 6443
1278 6831
3786 9071
5661 3787
1312 6334
1116 272
5610 294
9014 1854
7991 4910
5074 6592
7131 3005
6174 6873
5312 987
2975 9623
7500 2054
9384 9422
3265 8150
9216 389
9864 9995
6884 2724
8214 350
5199 5661
8466 6721
8598 8863
6083 5829
7260 3132
7984 5149
8265 8286
7309 5239
853 3150
4782 5615
6167 467
3282 7285
6406 6347
9272 4619
6035 7343
5685 8950
8283 4519
9514 3334
5248 8131
8789 2112
2304 3523
516 589
377 7075
3364 3688
827 5591
3638 1941
9437 4669
6803 812
5677 7382
9774 763
6719 9156
2091 274
5129 5941
7854 3308
2157 2025
5777 6687
2301 2713
2048 6993
8159 911
9136 8770
5357 9713
2666 9257
9414 5452
8861 9181
7179 4953
9293 3361
2481 213
2589 6162
5615 451
8933 7192
628 4468
8100 1741
6373 2237
249 7037
3540 843
8405 6699
819 1942
9539 1673
8802 7796
1304 7841
5101 1519
6061 3547
1704 3796
53 1096
4829 8415
1809 2765
3174 4290
1302 7135
1767 4202
6712 4123
1403 1710
5151 5554
3115 2784
8316 8818
2937 3680
6951 2311
8420 2230
5759 5824
9372 8046
7259 2548
2422 4375
5581 5673
871 7046
6354 5596
1876 7733
5014 4744
9724 6525
8504 3109
7643 2780
1158 1976
249 6366
924 9393
640 7419
9984 1618
6480 6472
5809 117
182 9695
6121 6310
7776 7668
9584 7282
9231 3222
7646 6511
2407 4120
2603 5981
865 7106
4005 4715
4607 5012
5663 3338
8499 9544
8807 5267
7510 5539
7933 5642
9562 5779
6050 1653
4969 1321
292 4332
9939 6705
438 185
9484 7293
7543 5837
166 9296
3155 320
9450 5430
8529 4067
3537 1819
8511 6679
9266 8009
2251 4007
4208 7881
4504 2281
4691 6537
9954 4855
9463 5032
6641 4285
1811 7054
1735 3043
2734 4999
8842 3601
841 4523
4238 7356
282 4007
7353 6598
7226 3110
5393 699
4655 6368
5369 5711
231 3143
7218 4868
7286 5497
2573 5818
8204 2805
7276 7145
6488 1208
7654 4324
7998 3868
5021 4452
5647 7358
8632 9789
7776 3388
5458 5658
8790 3666
4610 5268
8293 9397
7584 4507
6032 4324
4189 1949
6613 7982
7277 2778
9975 3718
7110 8788
8488 2927
4989 9357
749 6478
2428 8193
6726 5765
7364 5298
330 3498
5827 6376
8769 7942
7027 3663
2109 7780
192 6947
7317 5344
9005 4627
8301 81
5948 5740
6538 4559
2095 8905
6635 4842
3865 2107
1812 1908
1735 9501
1155 5021
7304 5647
4102 2693
9380 4258
686 5445
8275 5289
4751 6522
7912 8095
777 1813
1244 8109
4761 3719
929 2355
5046 6066
3418 5336
4481 4833
1535 5548
8855 2952
5912 9600
7204 4490
3678 4859
6 2730
4895 1295
7522 3981
1095 6565
4917 8638
5669 4486
9139 1970
971 4930
6700 7148
7973 7421
9647 427
9457 6682
7656 4223
6429 3837
7086 2875
8729 6128
9731 3134
6097 4532
658 5988
2049 4038
158 4655
9834 7729
3447 5474
6722 275
7442 7246
9257 7573
622 9606
4151 2301
2034 4561
7832 8599
4157 8616
793 9609
8057 7899
933 9094
7802 3364
9632 8631
3701 5195
8245 2069
6380 1692
9650 2498
5520 6661
5119 9535
7433 3359
9749 4197
8983 2974
7161 456
6127 2414
5359 9187
1657 9367
6399 69
7030 7291
5712 7541
27 2589
5438 8433
7581 8562
6191 6492
3052 6075
8136 6340
8354 1315
8942 7901
42 6253
5859 6369
3094 1009
106 9126
7191 6993
8901 8250
1602 6704
2053 5179
5486 9426
8208 2550
7124 4953
2660 9240
6222 1883
4057 3163
6128 3416
3741 2109
7911 987
7552 5026
9246 8527
841 2647
515 9307
1351 948
4630 4085
8406 3073
8311 6182
1215 7705
7643 5494
6569 368
6859 7785
1773 6427
3381 9134
7648 3744
475 1371
1082 8236
2488 9267
3737 9708
6275 6458
6054 4998
9008 3649
8131 4773
6331 324
5138 2932
3212 559
192 5755
1275 1208
7680 5961
4550 4051
8294 872
9289 9273
3564 5942
7073 6801
2653 5267
1293 9950
4774 7852
7833 4045
3406 522
5589 1999
5876 7462
8472 2167
3862 8093
7335 7043
6949 3072
7933 5457
7727 104
1371 4140
4776 2138
6571 6953
8387 6687
4231 4674
2713 5802
3461 3975
5162 7435
7908 1441
9629 3796
4872 3431
4362 8513
8835 8890
3570 2871
6031 9954
743 9630
5996 8950
2608 1147
80 6805
4368 9388
2312 1270
723 5901
6580 4921
1993 2456
8424 2502
9893 6888
1488 5209
7026 8125
3435 5921
9493 7146
6912 4842
7547 7073
4582 5789
3933 950
8748 798
9081 2893
9543 4644
7082 9346
4790 8865
3460 1376
6281 666
7320 2987
4858 2583
1813 9449
9793 5731
8754 2390
677 2994
4845 7424
6946 4173
6300 5230
8820 5346
7404 4270
7190 5967
7795 5552
661 4073
1357 4042
9660 6639
8604 473
3161 6920
9830 7087
2326 9273
4752 9754
8305 9222
5977 7061
2240 9987
7522 2131
6885 3008
6639 1555
3237 6686
7258 1304
4892 5038
7730 6483
739 2838
3949 3364
6796 5824
3871 1495
4831 305
1476 98
9139 349
952 7497
6088 6003
8078 5624
5614 1882
754 5711
9799 5764
3320 6697
4529 798
518 452
8921 4448
3821 3192
2561 4578
8204 7547
7770 6272
7708 5394
6717 3558
950 8861
9966 5998
3187 4976
8735 8351
1006 7975
4006 60
5303 1710
6480 7644
9394 9340
79 8645
7427 5882
6795 9089
8122 1196
6260 4500
2517 6857
1588 5374
3030 2423
6161 2656
2024 9553
7487 5007
7616 2677
1287 8765
5139 7105
7731 8750
9584 2401
7275 4491
2407 8688
1332 5138
9408 5329
3324 2883
557 6273
571 5161
4972 6187
2850 8561
7914 9150
8859 3959
8007 5894
5755 7966
5340 9673
8239 3204
3296 5766
8332 9518
655 1610
414 3470
7697 6240
7957 4622
3681 2086
6799 8244
2018 2301
8129 6836
5455 2052
8827 9618
3092 5074
6856 9946
543 9663
8637 826
423 2916
7296 6202
5150 7724
8806 2446
8584 7766
8687 7184
1804 4277
9837 9494
4226 5282
5859 2680
9934 6394
2021 6611
928 9157
8070 5801
4129 3484
8224 7207
3485 938
6845 1031
3067 8763
2102 5408
6624 2230
7781 4772
8650 5221
3849 6705
8111 8619
5569 1776
8213 8832
5460 9188
1324 5235
7513 3947
4044 9051
4978 8663
9924 5022
1964 8160
5931 2249
6507 7549
8193 4056
8208 6808
4875 7343
4729 1398
5537 9421
4439 4719
8169 5769
9178 5969
680 6314
1287 4511
9375 2053
135 3481
5293 6701
7786 1988
6092 5334
8439 5522
1147 5147
1799 6995
1742 1277
3091 3080
6986 3746
8646 7168
8207 4088
731 1943
2867 4540
7286 5556
2622 400
9949 8609
4584 3864
9357 5287
4692 7598
7564 4224
26 4611
6347 8956
4888 9230
3050 3671
4309 4046
8279 1587
4823 7421
599 9734
243 236
8467 5021
5160 361
6228 9799
990 207
2290 7487
3840 4362
9363 96
3919 4362
7209 8560
5053 2756
6154 6709
3492 9398
3158 4570
6487 3327
8757 2514
3096 9290
5188 1789
2999 2978
7254 2718
5494 9416
6582 3493
8259 4344
5123 5164
787 8468
3719 944
6187 7249
1691 4939
5799 6615
2127 5469
6432 6787
5131 7913
759 3158
7870 5178
8763 2012
7935 5573
9977 9555
966 4390
9215 2294
233 5973
8364 4114
1445 2789
6735 4098
7573 4379
5935 8330
5568 6587
150 969
6899 7417
5847 5571
8541 6769
413 3944
2011 4731
509 4406
9126 4655
1517 1900
6655 3650
9473 6870
484 6160
9214 9090
6944 9122
6340 9681
9244 4768
7005 5116
1942 7354
1357 6435
7259 6689
7639 9539
2439 4669
3827 7861
9470 3431
5925 4312
7091 6674
6626 5820
3307 6290
7120 4931
8181 3335
4283 8262
5033 2832
8073 4933
5951 9330
5168 1192
5783 1761
6982 99
827 1385
8306 1586
6970 4182
5753 8419
6396 8525
9137 6065
126 6562
4644 8375
3672 6027
8004 5462
6490 1865
5545 4575
5316 2537
2931 4043
9352 4862
1889 2390
4743 4072
8468 4815
7196 943
4535 2847
7948 8391
7839 3008
5917 2474
9445 8530
9492 11
7944 6592
7364 3802
5809 1601
4745 6080
7721 9445
5119 5998
3354 604
1146 7893
7813 4015
6715 7944
524 2662
962 6271
8875 6993
4468 9865
6521 1433
4186 5685
5127 4024
4481 880
7550 8866
6280 7090
7173 3695
6124 6284
7614 5094
7760 2179
4569 5315
6196 6574
9000 4234
8854 3914
3394 4530
1410 4165
7029 4296
9286 3773
6756 7850
3179 9745
646 2722
8412 8120
2317 9686
7882 4922
6782 4991
8210 5138
7730 6487
7477 8256
9603 8445
6208 5658
2321 4853
1289 1673
9615 9852
2253 144
7988 4099
8657 1225
4548 5511
5909 6651
3888 6633
6593 5068
8919 8580
5827 1068
867 7928
965 6285
4919 435
6957 4941
4827 8430
3053 7646
535 5361
1968 7801
8050 7205
5966 7656
4183 2622
3897 4214
9507 7006
9324 1408
8286 921
6196 4038
6409 2870
7436 3905
1923 982
9323 2351
1260 7993
3147 4224
5416 7202
1109 6777
1519 5894
8688 7330
5087 4704
7573 5428
5427 5001
9935 2972
370 4115
5397 6815
6341 8081
8373 4996
6550 1021
918 5088
6797 3638
9747 7243
8518 5993
8404 2444
6652 7835
5162 6810
7702 7127
637 1547
5437 104
4632 3871
4960 5134
9738 4161
9051 5409
7372 1250
1155 4627
8827 39
4903 7983
6056 9911
2806 1850
4646 4156
8453 4672
5066 3961
329 4706
9310 5232
9018 8278
2753 5491
546 4825
3094 5003
8378 6605
9632 3189
1612 6542
7959 8873
9702 5648
3411 6107
9501 7321
7773 4926
6704 5126
8770 4069
4183 3361
8435 6479
5823 6774
2251 2634
5260 8354
4384 89
8480 4680
2281 32
7428 4231
5671 4848
6359 2970
7455 5007
7458 5049
4144 5826
7013 8045
464 3321
1783 2249
69 5909
8654 8192
4047 4065
2777 6490
2525 9652
2220 4586
8185 3405
4189 3367
6542 4501
6206 4552
8601 5454
2341 7212
1400 7183
4416 2511
2067 4465
9291 7594
6450 8066
4862 6240
1318 5020
5807 6913
8790 4050
8538 796
7491 3724
9559 2511
1672 4730
6279 1660
133 3705
9362 9931
7628 1635
9971 6777
8043 7741
2565 409
1490 3504
9709 9931
9476 9171
7516 4733
3381 3597
4147 2578
1475 6794
5725 2669
4642 5674
4672 7014
670 4007
6550 3425
3843 6866
9039 1976
6520 3024
9231 6347
2401 6528
9541 2079
6701 7916
4387 3475
6509 4942
6059 5645
9543 7228
3911 8326
955 6633
7130 41
5254 3676
8616 8531
8490 7409
1602 5168
6575 8800
9688 799
2506 2807
8164 6542
5752 6962
9180 5203
2834 7187
5112 9756
1208 4840
1051 7337
6495 6188
8026 5561
7578 8552
1390 3770
774 5487
8456 5559
7611 1037
67 6305
1596 4548
723 4660
8264 3753
4188 4015
432 3693
9336 589
222 4866
4358 6641
1436 8208
2392 2654
6829 5552
3816 9741
5063 9547
2219 1679
859 4376
9183 8116
4647 6636
5774 6562
3531 4216
6853 7464
3950 9798
3879 469
1040 1576
374 5916
828 8301
3637 6305
3069 4572
5192 5015
5797 6815
4699 9283
12 5685
7556 8230
6560 4330
5298 7104
4561 8760
6621 1721
8683 7109
7231 2175
5264 7641
1354 3176
7678 2571
7015 8643
6733 7267
893 3461
5595 7862
3267 7687
6675 8494
8498 5235
3778 7610
620 6685
5565 6643
7016 9403
3222 8560
75 3889
9746 4633
4159 9409
2411 9809
7800 1527
2376 9973
3090 914
6261 1512
9309 3999
7795 4566
8378 6607
7780 7412
862 5063
8367 4499
9533 4875
7527 6737
340 4429
9345 2609
4935 6718
9150 6342
8248 7702
113 8853
4028 4472
8059 3979
7847 4096
1797 5398
7590 4174
2450 5963
6173 5842
2553 951
7167 1038
9770 7339
8190 9538
8974 7634
7004 4723
7505 6439
9788 4360
7403 2190
264 4043
7323 3658
5674 8467
6421 7004
8604 6495
7805 4341
6960 6235
9126 3867
6772 2737
9917 7106
3464 8469
5198 8659
4736 8076
9132 4557
3586 9105
7447 8689
8371 4873
396 4441
8789 6554
9695 9743
7025 1991
2319 6287
7244 6236
2921 7789
8363 4352
8908 2166
9106 2410
9747 3904
3785 7076
6494 6125
7415 8161
3719 3460
3034 1371
9397 5632
1312 4160
6148 5114
9990 484
9917 3389
553 6508
5900 8661
4233 1816
4135 3230
8481 2371
4798 3022
7943 3190
4443 8981
7483 8867
9769 6793
4721 3741
7566 7818
6372 1193
6702 8238
8063 8395
97 4134
951 9119
7589 6260
9055 4713
166 5402
6830 3993
1585 7715
3970 2008
808 8023
8043 5649
365 3252
9065 5522
9081 2204
1128 8765
884 447
6962 7020
1539 4579
9859 670
1342 7677
9250 8964
871 3073
7867 7247
4708 7669
6931 5347
69 4556
7500 1074
6402 3542
3121 295
1111 7148
6859 9608
1141 7929
1241 697
6829 5191
260 7362
5871 2980
8926 4386
1964 5872
2860 6424
5299 7598
7484 5509
7174 2314
2648 1293
6603 6662
6057 4917
1500 8747
9683 7115
3857 7408
2248 4705
2624 791
877 6526
8242 2949
7367 2197
1951 5128
7874 7626
9517 5483
8906 9759
5718 4296
1839 3086
347 1234
7212 6231
1506 7343
1891 6925
1908 4879
7580 5351
4665 4413
133 5856
2553 8966
6673 7535
83 9647
9202 5448
1552 1874
6796 4572
5977 1500
9026 1960
6540 5262
6179 1607
6546 4518
47 1564
5884 9014
5583 1209
6682 6779
5794 5593
3565 4350
2234 9734
8919 800
4089 563
5321 3804
2972 5004
9981 8703
7889 5129
6051 6804
4984 8060
6962 5678
2922 2150
2899 8811
9191 3070
7233 6895
9347 9733
632 5879
8018 7350
4952 6014
6442 2609
5363 4565
5927 2163
6732 1136
318 4413
8651 3506
679 6341
8486 5361
1526 5459
1827 6619
6895 4927
355 4187
7015 5517
1325 6758
3037 8650
2782 6145
1371 7399
1448 9080
5701 3526
1081 8734
9319 4786
3147 4967
726 1861
4425 7570
9583 9033
832 4731
7759 6442
6102 6435
4712 4365
606 7165
6676 816
6027 2585
2919 3689
1566 2898
6717 7125
7455 8286
7771 9017
8172 2945
9245 4850
9399 6485
7530 6861
548 5214
8865 6780
4390 6542
9341 2050
6997 9744
1386 3317
8025 5756
8993 8133
7548 4141
5541 3011
2700 4008
9936 4451
3185 4696
6684 3110
2164 6593
2828 9791
412 5568
2988 2317
6169 8558
1879 7814
6128 569
8042 7520
809 2881
6853 3225
5534 5428
2791 3735
2061 183
6978 8710
160 112
6568 4345
6559 6511
6736 5915
8109 6126
6802 9881
9200 8314
9911 970
2252 8008
7348 5395
3380 5648
4444 8672
6648 4876
6574 6876
6110 5466
8651 8112
9074 6525
7861 8252
7251 6751
9191 6521
7271 2007
7455 1562
5034 1196
5246 4987
1266 5186
4584 9483
6171 7179
4636 2705
7618 2320
8351 1942
530 6178
4298 3319
9284 5264
1529 3704
9719 237
9598 8578
6976 4021
852 9612
2340 7558
1261 9551
1390 5760
5588 11
4662 2734
532 3864
1428 6402
8845 7186
9535 3920
8334 2769
3374 3627
5118 4010
7320 3026
9409 2690
4080 6758
2363 4293
6373 3448
566 1768
7608 9845
1079 5322
9481 3697
9363 4910
8623 5100
2515 4246
8064 3187
7917 6106
2991 5932
790 614
2959 4179
6745 6558
7696 401
9656 2129
6526 3932
5368 3380
5243 4139
3599 2122
3007 786
8168 9902
4388 7008
7640 7302
7657 8932
9307 7206
4334 6893
5230 6950
7833 4849
2759 6992
1616 9687
9391 87
7178 4854
8165 4504
8027 9266
8066 5959
4628 550
3349 8376
689 3527
8613 3095
8329 3336
9 3660
3731 7515
6227 5059
6194 7060
1848 3526
1473 1141
9832 7282
2265 552
9111 8690
7387 1082
6872 9267
9188 5904
336 7414
7177 4884
2332 8836
7445 5867
2512 3519
6412 4263
9521 2559
3775 8968
5324 2760
8926 8765
4614 6276
4411 1221
5235 6623
7791 4410
3264 4736
9487 5311
8085 9997
7032 7512
4033 5183
2952 6312
2398 2491
7724 5524
456 9707
1885 401
8288 4061
8948 2350
5475 2353
3564 4452
7576 8406
4123 1706
1371 3684
607 4520
3081 2763
1336 6881
4746 8515
2924 1796
9338 5551
2388 8848
5253 5700
222 6227
5576 4367
8401 5348
3302 6680
8331 1088
5290 7164
