7919 6247
7387 5191
8990 1663
9647 5905
9696 8241
4706 2161
4926 8580
3945 6614
4361 7724
338 8078
7623 8477
684 6271
7327 3231
5473 9328
8979 6506
6036 6701
9865 7272
2798 7510
9696 8254
90 3438
4389 8883
4234 1132
7172 9601
5537 3728
4704 9123
8541 7303
4487 908
2699 6376
4749 2076
6085 685
5056 6959
9866 3952
4277 8389
6289 9496
909 7920
9023 6417
4637 3713
7689 913
6822 4253
3444 7755
8742 661
9906 6626
7335 5003
399 3509
3267 9290
1598 4587
8461 1816
2515 3764
3915 1634
8159 3171
2973 4090
4489 2135
7887 268
8115 6282
5105 5521
5779 3516
5844 3874
4800 2377
7419 5653
7011 4138
9328 3629
8323 8540
3562 8928
4663 6694
8604 9950
8526 8081
9135 5156
9138 8837
3601 8775
9473 4626
596 9112
250 2059
8164 3649
4165 7770
5324 5514
7295 8569
112 5922
1406 1639
4416 828
7107 1580
833 9819
8947 7562
5795 6159
2286 7700
603 4819
76 9732
4794 9913
8084 2326
6578 4474
7311 1881
9634 6785
8406 8914
1242 6738
2429 7762
2279 584
8437 2750
7638 5780
6459 6337
9353 4937
5612 7633
4903 6944
9170 5755
819 6793
6039 6919
9845 4581
353 3085
8879 8171
5991 8568
5053 5841
3287 5635
6465 1550
8961 4948
9553 6580
6418 5639
3825 4937
9575 6046
4484 2772
8701 6421
9738 3714
7503 7904
602 4189
6682 9374
562 5019
3907 4309
3332 3849
6986 7570
7488 8720
3854 3894
9333 7169
1434 1686
1606 2961
7820 6685
6789 1219
3523 6948
4684 9720
9445 6070
6719 5068
8964 7423
9425 3617
2006 1969
6904 6016
7682 7515
2535 1946
6238 715
642 7886
5528 4460
8585 4515
3982 9690
369 7727
6988 2115
2079 2605
7832 5180
7097 4502
6288 7073
5804 1776
9812 2807
8294 1720
5227 4360
5000 8518
9440 5042
6822 7249
8161 6415
1057 126
6557 2521
4100 4676
5559 3907
5164 4546
2936 2131
1757 4903
6130 8082
5812 1091
3037 5300
9833 3522
807 6222
4597 5374
7042 3882
3074 4172
3642 1246
2828 2453
3151 5587
1542 5099
456 3898
8222 5361
5990 9849
7430 6852
492 5285
2173 2643
531 4459
2174 6480
487 6338
4926 7885
1490 371
7429 6600
6124 4308
1776 2125
4353 9420
7190 5042
911 6558
486 2851
7607 3344
3514 4191
9745 6805
3864 7162
758 6693
3683 213
3113 8462
7786 5975
7897 5025
9571 4410
4717 8017
1262 9609
467 4716
2080 7245
7976 1009
5856 8182
7771 4512
751 2381
5348 5497
9123 7818
9126 653
3587 4423
2355 5908
747 4073
4448 4459
6736 5464
1975 3408
1587 2774
5723 6498
7078 1148
7981 7597
4519 3292
6396 8927
9751 1213
5468 1899
8576 8830
7889 8129
296 6365
7619 5824
7279 4184
9918 3955
9698 1471
6915 8337
2603 4121
9521 4026
9440 7070
9383 1581
8181 7146
7279 4305
9653 129
1837 1033
9135 6326
9355 4343
1690 525
5543 8327
8774 5566
8238 8969
5113 6235
1689 6423
629 7197
6262 4752
4677 4887
2556 9657
7463 4893
7805 5825
4871 6594
8026 7450
6164 8014
2904 3429
1861 3618
1919 7235
9727 4228
2184 9906
6023 8913
6979 7789
6582 3400
6343 2889
9039 5180
5519 5071
5491 9210
1845 2869
7886 5093
8486 9555
4874 2273
788 4062
1784 5747
9058 2547
9992 3879
811 4194
8071 3799
5228 5659
5615 6593
162 5182
7356 555
599 1278
7751 3979
9898 3318
280 5066
144 4202
5612 7648
7045 6153
8105 3689
593 6694
2115 5163
7613 6502
7442 4634
5561 3458
1976 6172
814 4949
7706 2384
579 4557
1152 1975
6402 6181
7970 5813
6776 5604
5631 7206
6968 5774
9229 940
3467 5449
9756 9990
3285 4920
4790 2547
4690 7564
6918 8289
772 2750
5727 7560
873 5771
1921 1496
7039 9747
9157 1710
3599 7187
3623 6083
1573 3149
5979 4519
55 4011
803 4399
3931 5152
7040 708
3862 6715
4478 2517
670 2944
6855 7428
6719 6372
8845 4346
2148 5837
4924 1449
8988 3957
552 5180
1033 3009
3085 9665
6566 5581
1858 7064
7529 9866
260 2793
3 3137
989 4925
4664 1121
181 9330
2724 2977
989 1892
1026 4174
8116 3102
350 7274
7476 2890
92 7918
6952 1200
7788 3687
8977 5538
8901 6711
5822 2144
6539 9140
4560 2703
594 8923
8027 1875
8555 2223
5981 1534
6111 9457
3484 4556
2128 498
8879 4161
582 4496
4248 3087
5966 4501
6045 2579
4690 5162
2205 9699
7050 5252
9581 1814
5102 7321
5030 1554
2708 4577
1087 2803
7740 3191
6489 2448
9030 4865
5432 8135
9489 7365
3501 7367
8370 6512
8170 3189
8014 8311
9445 8463
9803 1755
3946 291
8610 2414
1255 7877
5924 5685
5679 7840
9440 8240
4624 7938
6670 550
6058 7607
1302 6124
58 3583
8016 7165
6068 5033
4019 2058
1780 4850
8472 4937
8592 1326
3011 7314
4486 7307
9833 6491
8856 618
6952 8584
2077 993
3988 6370
6180 4698
6725 2017
248 5763
2174 7584
9509 2179
6554 5289
6220 8153
5533 5008
6097 7036
6834 95
7143 4987
2711 1938
8020 2816
7688 128
380 9608
9399 6225
5319 3335
6860 9021
8033 8878
8434 4792
6371 3087
2143 3938
9695 4129
7343 3368
8075 7195
1413 3540
4138 4475
7209 4657
6918 3727
7564 8268
6032 7246
9275 7986
6837 5953
7304 5870
8904 4286
9721 344
8621 8135
9667 5248
203 5965
8730 4106
3250 606
5473 3239
8523 6028
1298 5185
6025 9350
7083 1333
7742 2955
9268 9006
4455 6989
970 6901
4383 3622
9942 6183
4541 2747
9654 6948
3374 2641
7116 5014
7520 6531
7635 2280
7098 3095
1428 6826
9345 9882
4759 4380
7966 1225
4122 3042
8182 1523
243 4306
8795 5924
4843 6710
5748 400
6781 9817
3818 500
6725 9656
2416 4957
9643 7832
7680 4143
1989 6317
8387 9862
4 102
6747 1201
6106 9247
166 9963
8122 933
7404 7069
4966 4807
1888 7295
3607 5699
4054 2712
3417 9968
2940 1449
619 6417
8519 6877
866 9263
3722 4602
4293 7609
6003 6651
1679 4569
9379 5641
4525 7033
7345 3469
9906 5572
212 4844
1318 9141
8431 7824
4428 8268
6627 4128
6386 9169
8400 4458
8293 2117
1008 5653
5259 9364
6876 7986
2681 2635
118 9238
8604 1191
7551 167
7760 3724
5555 3885
3381 7826
7526 6940
3261 6714
8381 5855
52 3757
7849 6748
7031 4315
6544 8923
7449 4828
9768 5183
9342 8229
8067 6863
6590 7763
8300 9020
9284 7958
3183 5868
4004 2045
6908 8008
217 8533
9281 3644
1263 9581
7796 6117
8563 2317
1126 3052
2252 6998
7767 3322
988 3697
582 794
3839 1432
8995 1839
6078 7685
9950 719
8730 1504
426 9070
7738 6125
5444 350
15 6466
7286 5735
4224 6504
6770 6084
7577 5618
8708 5020
7331 7548
9196 6272
5789 8053
3586 9078
9395 7155
7998 6321
7091 3402
4501 3227
6097 5173
9600 7035
8349 6255
3748 5878
9559 2015
1429 8677
7600 9816
4081 2496
1585 1956
4233 3304
6010 1353
597 6053
4505 6328
1824 4345
1390 6039
8519 6127
1117 8095
9145 6818
2096 1771
6385 6757
6008 125
8927 8581
5624 6026
8483 1895
6278 2056
3688 1918
5792 2348
5826 6362
7588 5631
1630 2735
3247 3343
6617 8059
8604 7904
8519 6261
2063 8373
3298 5910
1949 4824
4905 2087
9227 605
3015 5558
5800 9355
7627 4781
6144 2483
6436 3823
9457 4450
8837 541
6118 9112
7770 3783
9036 8069
500 3692
9937 6255
6222 4510
9083 7134
2705 4470
8171 6049
9281 5806
7313 4742
4060 6209
9450 4568
4835 2270
7444 8056
1348 4324
5212 5411
4524 5791
5695 3020
3159 6050
8820 9073
8599 6630
5222 6829
8871 3790
4881 2106
6930 8198
866 4943
4523 8935
1152 5980
9813 7090
5393 3570
4808 4637
7441 6845
4063 962
4908 4989
4470 9193
8969 5358
9762 9195
8007 4223
4658 3996
8408 5735
9219 3439
8360 8404
7501 685
7683 4634
5134 4756
8982 7296
69 5147
6709 6764
3145 4663
9774 4199
145 3866
3224 5895
2407 1435
5084 3484
792 2630
7714 3960
945 7827
9990 3679
8689 6791
1555 9971
7033 6228
4160 4038
6783 5787
7373 6821
8781 2300
7016 9149
7534 6631
7393 239
8562 4592
3632 9638
1669 4488
7299 5946
7261 1224
6141 3179
363 2237
741 9996
9534 7475
3801 6269
5084 4786
2726 8906
4061 4624
9656 7845
6151 2941
6911 4386
872 1188
5068 3731
2459 3314
8056 6581
2774 1339
7868 3083
1092 5742
9235 6926
3610 9424
9317 1303
1320 8760
5406 8691
8018 4195
519 6230
4970 698
178 5937
4775 2408
5974 2503
9718 2936
9255 2680
2385 7929
3947 1660
4000 5687
1119 5979
5056 2929
1597 4291
2065 7779
4176 4987
9042 6601
3436 9149
4031 6289
9561 750
7296 4573
457 5486
7604 2474
2463 1180
6329 5309
6248 3371
5109 3061
8080 3342
2288 5205
7944 3417
7369 7158
2510 8408
2228 7261
7379 2369
4984 3187
9671 635
7350 7037
5172 6392
8842 258
1441 7561
2771 6907
6292 7066
2852 9461
8324 1500
266 2117
7254 9894
5635 5749
368 5777
1992 9771
9358 3679
5812 2938
4304 8918
7478 5357
4307 1524
6486 6006
734 8988
1087 4151
3824 2050
6869 9450
2938 3354
72 3540
7759 6925
3289 5799
7021 4744
430 7422
3958 8523
4512 9863
8430 1616
4755 172
4144 18
3166 7018
9153 6562
5626 6063
5181 8278
6653 4038
6682 4739
7967 9267
9339 7038
9559 891
7889 8566
8866 1607
5358 1158
7562 2694
571 5694
541 2782
7798 8303
8185 3316
8868 6527
551 2948
5223 4208
2170 2811
5595 3033
9857 1729
5801 5124
5701 5903
7853 5852
7538 4794
1018 9365
3573 6698
3131 6353
8961 8165
272 5761
1151 216
7255 3543
6661 7271
8531 3858
9385 8348
9766 9208
6982 4589
6249 6953
9852 4781
6861 8500
5832 7833
5610 5734
3259 3626
4480 7910
5172 7494
5662 2174
9070 1224
9577 1994
5340 4045
9045 6536
9699 7060
6815 2732
9938 3141
7221 6160
8346 4283
9579 7638
5212 9414
3151 5153
2462 7560
8237 8433
3032 6895
8618 7078
504 9520
7972 2658
8482 1188
9127 6322
5467 4513
8773 3057
2624 3370
3816 4967
1460 2515
2800 4764
5833 6677
8666 6987
4527 1982
9821 2057
7890 7705
8583 6171
6971 3234
854 3351
449 5517
1321 5446
9950 5032
7860 6900
7132 6198
8935 7683
3689 8322
9422 5815
8322 5470
2391 6420
5008 6432
9731 1322
6727 901
9991 495
1952 1354
8132 1293
5011 5656
1315 7371
2958 3205
6485 3704
3773 4586
5034 7774
27 4494
6045 4371
1437 3806
2464 7056
7980 7998
313 8500
5316 9042
4000 1488
8735 6066
2821 4260
7539 3007
4612 8431
9973 8304
6681 4410
8773 3554
4493 5972
7370 727
3144 1688
7108 7143
8328 4106
8479 74
5781 2288
922 1387
2038 8358
8815 410
6931 9028
3841 4073
7373 2664
4796 509
9637 6237
8551 7251
8721 7662
4645 5709
252 6493
4629 746
6967 7530
3302 5377
6244 4920
5153 2180
6176 9108
8353 2957
3077 7595
8146 8262
8877 5034
1820 7451
7021 7069
9328 1708
4555 810
4572 2440
881 3267
5521 4804
6770 4720
2233 6573
8170 338
8892 9893
8158 2206
9059 3361
5376 8213
5635 4946
9931 8925
8608 3839
5225 6997
8322 4007
7136 8052
9318 5692
798 9927
8921 3252
979 4983
4112 1650
1033 1018
8419 6690
2115 2743
8389 4303
1877 8240
5357 4951
746 1900
4568 6188
1292 6503
7592 5312
7884 6359
1287 4065
216 6636
7540 9178
8469 4016
6683 6110
6419 5283
7270 6321
7497 621
9833 2606
5283 5658
993 3187
5705 8801
6319 4005
5616 8463
1089 6803
616 5536
7842 3342
1250 8333
7624 3119
6404 7876
992 9206
7437 4461
8379 4341
8960 5555
6788 3907
7056 9091
225 1463
4164 4121
1696 5629
5705 3916
8212 7503
8566 4059
8939 4570
85 3819
2397 1246
8517 3120
6393 2223
6544 9037
6028 3522
666 8416
3962 6767
2239 2013
8931 6264
6558 196
4760 6868
8922 5397
3569 6139
8963 7384
7802 1165
5091 7153
5476 7223
6608 6554
4138 7235
5631 5296
7019 123
7031 3395
9840 5334
4215 4156
1983 7927
3478 2880
6219 5173
5363 2448
6708 9013
935 2753
7213 4984
728 4409
9441 7372
9876 2870
8520 8224
7934 5885
7044 8302
6 6531
9007 4528
2802 5993
8146 5660
6399 3252
7665 6784
6660 3293
1952 2524
7473 5796
9217 3476
1801 5509
6713 860
835 963
4024 7324
5400 2851
3645 4295
6608 514
124 4779
9547 6212
5146 3873
5462 5836
7955 8293
4431 5096
6908 2095
5412 996
7125 5476
7873 5635
3177 2217
5303 2931
1467 6292
472 9676
8576 7714
2132 8897
8721 9758
271 4667
1532 4408
7375 7731
4826 1666
7076 3611
6802 864
9199 4027
338 6535
374 3748
4131 8873
6402 6299
1474 3541
443 7002
8617 7728
8454 5226
2719 1244
1418 6241
3936 3507
6145 7666
878 3752
9982 5617
8918 7144
599 3290
7904 7805
7787 2790
7207 0
517 8361
8311 5419
6186 5869
7046 4512
9201 5927
474 4463
8792 4187
8683 5412
2637 1043
5088 7933
1185 9520
4027 7206
6327 1132
19 6111
1068 3229
9588 8830
753 1905
7375 994
69 9086
6263 6974
7675 1929
6310 8483
6489 4284
9280 1214
7662 7359
3777 7152
4382 4751
6600 4236
9234 9850
777 8018
5932 579
8454 5723
4190 272
8145 8122
4637 1486
6424 4424
5728 3674
8474 2110
2656 6236
7666 2876
3691 3190
7349 2940
8062 3226
1477 5453
1739 3652
6822 7866
8928 2744
9996 6520
1751 7045
8497 3460
4481 2770
3259 6663
4179 4539
8580 5794
1061 6985
1594 3247
2666 2069
430 9333
6706 9209
502 6203
9542 5360
9609 6353
6429 6312
2363 8016
9574 8466
9037 6312
8233 4531
5381 5110
3397 8946
9243 9763
4462 6826
3227 3287
3137 8726
7798 294
1178 3961
1011 5770
280 6783
5109 342
4514 6585
8191 5594
7326 1588
5408 3011
5322 3725
9382 5626
3812 9817
1398 8178
8697 8677
9992 3047
5822 3122
6249 4421
7823 4851
3404 3993
9185 2200
9164 5524
3126 3719
7421 5487
4217 5678
8413 6006
9596 5339
4503 787
3269 5875
3272 7341
7743 9860
5959 2201
5331 2632
1397 7902
8793 9795
488 6105
4758 4167
6139 8669
5905 4072
6477 6449
6499 3498
8541 5265
5645 8053
455 5820
171 4075
6899 8020
3234 5076
5 9640
2412 7893
8456 7005
3246 3100
5341 8931
6265 7064
2099 4400
5189 4632
3912 4883
5307 4853
377 2988
2668 5725
9339 1057
815 6597
6036 2932
292 5775
8394 5201
5591 7951
4834 2310
3841 2091
9947 6282
4756 441
1366 4872
2644 7475
5870 2347
6567 2046
1649 6163
6204 4623
3573 6891
7118 3731
7079 8206
5038 7041
8057 6575
8705 4581
928 5440
6725 7304
390 3815
7946 5697
5589 391
3528 9871
4531 2901
9179 6019
2583 274
6631 4151
4311 1356
6592 3634
5767 4985
2363 7037
8383 4772
9179 5093
251 4393
4473 9618
1732 1168
8927 6040
577 5051
6739 3172
5474 279
8620 5516
1240 7243
2331 6428
8645 9602
9015 4180
2965 9720
207 3545
5427 5657
9016 9774
174 5354
5301 7238
3890 4291
5886 3727
8087 7473
7060 8195
9437 6690
5107 7530
8657 8915
8011 5276
7909 3279
5278 5318
898 6566
7329 8073
6394 7795
5176 22
3641 5936
6231 7508
9054 3195
767 3494
9221 6755
3261 8805
9223 937
8654 8593
3014 940
9915 3379
183 4611
6229 2106
3805 7104
6188 5717
9141 6358
71 6248
5415 3700
9173 419
5909 6423
4823 9423
4269 5602
5628 3700
2380 4050
9731 4214
5411 3823
7914 8200
355 1819
251 715
4497 3079
1803 4954
4982 8153
5693 1563
878 5098
1568 3101
3215 5278
3657 8363
8840 2191
5842 6917
302 6520
1548 4677
9579 9296
3846 8356
8198 6228
6830 2419
5026 4910
815 7391
373 3259
6690 7899
6979 8032
5936 8635
4182 9486
2829 8170
7669 6614
9370 3658
6939 4819
1202 8079
7928 7777
7357 6914
557 5015
7927 3768
2434 1763
171 4198
1198 5987
2927 5308
2144 3650
3291 5999
4750 9660
7236 2544
3924 3956
6508 6006
9185 3625
7792 3701
7969 2314
7291 1204
4206 1575
3818 9572
5963 8579
6068 5892
2675 7608
6841 7276
3828 9213
5551 8490
6650 9630
5814 4928
2080 2416
5053 3524
477 9061
8782 481
2233 4580
5077 4820
6221 5208
7656 2096
5246 1330
7255 4906
4657 2921
8502 6964
4825 4949
7674 6058
6034 8472
5000 3260
5330 3135
3492 609
6986 2917
5287 3704
6672 9402
9115 3111
6606 2632
7769 3262
8292 5289
791 6726
6080 2293
8993 5107
5417 5884
6564 5789
5488 5535
6858 493
8247 7330
8224 7346
9426 5460
2387 4255
9219 4120
9167 5916
6261 7979
7995 4382
7140 1653
8497 5303
5496 6577
7511 8241
9856 1415
9470 3594
9636 2314
1988 9632
4854 3932
533 8793
8408 7008
5880 6516
4663 6323
4716 7381
5313 5385
2912 5671
67 5472
1372 6451
1274 1715
8803 1279
4295 1093
7447 2432
9345 1976
1953 3171
285 4503
8447 6195
6900 6356
330 7171
6684 6997
6730 7342
206 7364
1522 2611
4605 3362
4713 3124
3498 6010
3776 5200
6002 7313
8084 1834
5778 5619
2383 9706
3823 6709
3203 5015
4387 4307
4767 8729
5075 2429
9390 3681
9930 8506
9268 3691
1297 4721
7259 6652
9554 4435
7258 2492
439 4552
3631 594
6461 8069
9977 7921
8601 1548
7305 5721
9505 6650
7153 1688
8085 8313
5108 8217
1944 5592
5747 6632
2538 3298
5521 4865
6421 4627
3119 6727
3574 3106
235 5287
2039 5721
7343 2054
9884 5491
4842 5600
105 8597
9430 73
3607 2586
8517 3489
8291 931
9808 6785
5348 8333
9510 9077
6456 4863
9669 9070
9065 7909
2284 6289
8116 5252
2090 6423
5870 7102
6 9089
6040 9499
6484 616
4573 5196
2998 7968
2055 7341
4185 8992
8684 6123
4184 2351
121 5292
6474 4893
3659 3139
1406 142
9652 8850
118 6125
9464 7338
7415 199
218 6248
6922 9311
4820 5049
5634 5010
2807 5380
6883 4889
4792 8599
4539 8190
7674 5684
3453 9729
7699 5448
8535 4966
8591 6258
5733 6305
9700 2609
6761 4532
9741 7336
4935 8247
8441 5388
6293 4134
2618 2754
480 4891
5011 9181
6367 5022
9049 1228
3174 9738
3377 3910
8914 2760
9036 6658
5264 7789
7793 1309
6771 4553
1795 8665
5813 1588
8483 9828
8054 4238
7161 1217
8817 8132
8699 5144
2611 4942
4221 9038
7438 6342
8289 8134
8744 312
4714 5120
9872 8569
8160 8663
389 3860
705 6540
7353 3615
6756 4564
3442 1140
8181 2427
7172 3395
5639 7921
4935 5590
4802 3260
3783 8236
6333 381
369 9600
8361 7619
7590 3046
8562 5128
9 2541
8932 4294
8808 6702
7953 5959
7261 9115
977 5332
5883 3541
308 9374
9420 6219
1749 5030
1105 8900
9548 217
6719 5920
8326 3329
6851 2841
5284 3518
7541 5210
4213 8075
7224 6442
2996 4849
320 7640
9308 2958
5760 9755
6012 3560
2616 4978
8972 4850
8622 8938
6301 3555
17 4727
421 7520
1670 1020
8677 5841
5797 4695
2934 7596
4007 870
2730 5093
8259 1773
3790 9917
3398 6949
7532 3659
4784 4884
7927 6403
7128 6464
3971 5535
6267 1934
7043 1926
9329 4319
3711 7530
8312 2723
8852 193
8070 4358
2966 7790
9851 9504
432 4514
2306 577
4918 9556
6062 2481
2190 2738
9335 7493
8628 1252
4560 3553
5600 5281
3654 1761
3982 6959
3111 7898
4596 8350
9174 4808
7443 6609
3931 9882
9154 5095
5456 6175
8282 8283
1443 77
9037 2709
8817 7395
3219 5108
4685 1346
519 7276
8707 4002
7310 953
658 8374
5691 43
7517 2451
5085 5602
5921 1673
7004 4000
7923 1826
5629 9903
7270 6142
8777 920
6106 8256
9279 1841
6221 3776
9703 7730
3946 3464
9483 3297
4627 6077
4872 3629
6322 9722
5358 7989
6347 3070
3478 5466
1174 23
5447 6196
4265 3072
868 9779
2745 5322
1160 3242
9083 451
8673 6703
7677 8199
9492 3359
4854 2834
3422 6180
1632 6620
3156 2274
9772 5520
7284 3370
7844 9601
5495 8586
5731 4921
5926 407
8013 4576
2853 9419
7202 8040
9390 7121
6188 6944
8944 7071
6919 4719
9701 4246
7891 7969
8278 2901
8740 2932
4227 3156
8112 3134
1678 3019
8023 810
8604 9194
4612 1691
6478 9648
8450 4297
5837 6619
9407 6256
8400 918
7577 1110
7483 4895
9227 6675
7214 6777
6751 2586
9856 7822
5861 5003
2422 9020
1653 9512
2009 4192
629 5513
7623 3454
98 2319
7823 3744
7296 6479
4841 5031
7272 5856
720 6045
6320 1208
573 6520
3107 4814
1672 5445
7179 417
7518 6033
5090 2739
4866 4980
2374 3916
5939 4670
2179 6831
769 9707
6895 8363
8554 1761
2143 6090
6432 9090
7989 878
4637 9307
5130 6207
8890 8863
1140 7381
9748 9503
954 4602
4474 3893
3128 2095
5874 5964
4158 9026
4203 6059
1439 7505
4709 7853
6665 6170
608 6301
5778 8067
8612 6387
1215 4535
3861 7463
9637 5363
1602 514
7001 871
7770 9195
2208 7090
9059 3521
406 8193
4203 4086
1362 5349
9347 5385
7293 117
1685 8217
1919 6169
6554 5147
8591 6570
7834 966
8930 1835
6990 3728
7470 4890
5914 7675
9197 3118
5098 6335
1265 7523
8322 4288
8346 8846
2113 6277
7916 1799
7940 6357
9549 4566
8370 9324
22 2029
1372 2751
8617 7215
2761 2943
6768 6028
5369 3135
6698 8938
5561 3076
9831 5605
2900 6404
5689 3261
1247 7078
7415 4499
1116 6329
9024 557
7549 2284
5929 7565
8759 222
4677 7351
1139 6205
9447 1498
9147 5178
593 7843
463 9719
9762 9359
7794 3111
9916 4578
1129 7035
8918 5247
7016 3231
9539 2790
3823 3251
3150 4434
4239 5152
8179 3043
7556 1603
9151 4896
8540 807
4612 3182
9975 2310
7403 2300
5730 5769
3280 2450
2075 9636
1294 6856
3600 6454
3134 2517
986 5693
37 7466
8931 6303
2551 3980
7409 4427
5357 5621
391 6772
5805 7474
7517 964
8702 9755
6947 5012
6634 4552
3457 7586
2617 7609
2744 8882
1500 7058
5422 3656
1218 2915
6603 7309
5069 9661
9513 5136
4898 3363
7093 8341
9820 7996
7463 2956
1759 6881
747 3680
5341 4872
1582 6696
6661 6883
1336 5243
6274 1778
9534 6363
7948 3378
174 4986
4508 5019
4368 4487
7726 1730
7306 5079
9382 9877
7501 6715
9381 8191
8357 7639
9184 6105
9163 5753
8792 5702
4469 7750
7516 2162
8094 8289
974 4759
8322 8907
6677 8008
2064 6079
4445 6080
3498 3762
6805 730
5970 1851
6453 5940
8350 9275
7419 3518
8515 8561
816 9259
8567 7933
3629 6739
2164 7198
7525 2345
8475 5082
8506 2217
6249 8338
2668 2163
63 6756
6290 6770
5928 9572
7408 1544
2743 3855
7361 3418
7942 2646
8852 3096
3261 4720
7256 6519
7111 7858
8313 8416
747 2325
6294 6781
8029 9825
3891 5008
458 9806
7863 5628
2188 6319
8062 6969
335 8652
8645 6832
6277 3552
9911 6126
7252 4656
8804 2358
2740 6014
1561 1912
5414 5284
2779 5632
7436 8799
8952 953
9047 1190
514 4961
8291 4065
3974 9570
6706 7354
8836 1128
6557 2572
1203 8044
5250 6586
6979 5907
1474 1633
267 7312
4424 1296
6667 5268
8584 1442
9973 3849
7386 7355
5965 5935
818 2352
8619 4819
9780 6837
6012 5229
2600 3485
4157 5503
3780 1086
8259 9616
4448 3208
2123 2513
9929 7310
4510 5254
6411 5584
2871 8041
7828 3098
2060 2874
4358 8768
7255 4404
5642 8907
6320 1386
5045 2272
3248 3948
7084 5690
9630 3055
3577 3894
8946 3325
892 6572
2325 7063
6099 9388
6398 1319
7445 3760
1354 3075
6250 6295
9334 4238
7666 9707
9706 6180
4322 7380
6015 4792
5898 7425
8385 9808
5290 601
6453 5432
7382 6686
8875 4976
8720 1921
855 5885
4982 1653
3150 7014
5987 2865
231 1187
1286 4472
7739 9444
6300 5203
6876 4087
318 6417
442 8698
7059 6652
8124 8733
4746 7805
1239 2037
7469 1339
2212 8959
8662 1848
1846 5869
3604 8631
4884 5645
8642 9948
918 3271
6492 3400
2973 2762
294 5807
9591 8067
6036 1319
6865 649
101 7334
3602 6612
7640 5600
294 5928
192 8132
6796 1717
5469 6577
7738 2910
5506 9613
9630 1700
8339 8203
4578 3336
1983 5069
7676 3429
9749 6266
874 6853
748 6485
3897 2894
7224 5254
1244 4622
9037 8137
4390 3177
2407 2219
1304 6329
9356 5638
6898 7605
4220 1655
1278 5495
394 6643
7390 5973
3579 4934
5867 8154
5285 4271
4605 6498
7965 2353
2810 2622
8806 4955
5589 4389
7266 7721
6106 4127
1044 3355
1437 5501
1257 3355
8254 3516
6745 4198
5751 6235
5689 7077
112 6125
9931 9773
6419 7862
3103 7812
1246 6993
9721 4944
9731 7123
7684 8890
9732 114
5986 8882
7490 9024
17 4144
7028 8441
8222 6206
7580 552
4672 8204
9572 8914
3351 306
1463 8805
8154 5513
8288 5513
1354 3385
7893 1951
6229 5728
7681 1802
7645 5528
2052 9964
4777 5116
8458 5227
1667 7120
5484 8095
9103 7365
1185 6070
4910 626
6512 1892
773 2864
7750 1915
2440 3256
5208 1488
9435 2361
5221 5133
6192 9471
8324 1103
5803 3768
8941 7195
2902 3997
5653 4763
8992 9604
3557 1713
6769 1117
2297 3365
9063 2610
4231 8716
3380 8846
8619 849
3290 8135
5926 963
7601 7403
4619 6475
6116 2026
4586 8247
1048 9582
6960 9706
8486 6749
5895 5706
8780 6701
5367 2517
6192 6572
3936 4058
2393 8805
4349 9071
6782 2129
8186 1653
399 4719
9113 2686
9245 7043
2128 2993
3070 2200
2965 6873
7468 5695
8826 6012
6200 8920
6048 4096
5531 5792
7179 6208
5106 7077
3581 9441
559 2735
1 7251
3103 175
5920 6368
8445 8777
9823 6070
5991 9173
9377 8464
8047 6674
8864 4681
1011 8736
2700 4457
447 7876
7276 4023
8733 7086
7674 8499
6165 9181
2785 9641
9650 7468
8151 6852
2653 2022
1799 9546
1038 7647
9942 8515
9112 4796
628 5039
4879 7518
1340 9153
1560 4955
696 8822
32 440
773 1872
8620 8885
9294 2184
3297 7025
7060 3859
5599 7736
9511 6319
5654 6625
7464 4851
4025 1469
1227 9518
5031 8568
3799 8067
9558 1597
3924 8183
7814 4304
1834 5621
5853 8797
238 9539
195 8674
642 7902
8094 5260
6843 6503
327 8564
9112 7495
5931 988
8289 7458
55 2857
4943 4267
7402 8537
5492 6926
6479 8791
6125 7512
5048 7299
3449 6223
2942 299
4404 3706
3411 3487
553 6530
5408 5777
5105 1538
4452 6379
4859 5683
7656 4350
6302 2728
1656 9482
7893 6020
6632 6804
4216 4301
9871 8785
6399 1577
8559 3336
1173 4531
4222 2776
6491 4963
8369 8056
4233 6052
112 879
1861 8022
8222 3872
6465 3486
7144 5235
5457 2878
5975 5958
5684 9458
7699 4935
913 4203
5414 7382
8666 9073
8679 9012
492 9515
4681 1731
5748 438
7551 3909
4791 1862
6620 2353
4871 7978
3297 2529
643 2635
8122 7266
5815 1552
9113 4177
4453 7586
1535 1984
4771 3731
7723 4487
467 5792
9211 2470
5484 7050
8739 1428
4664 2329
1608 1681
8660 3764
415 4289
5265 5407
8812 9002
8332 5655
5428 1614
9093 2720
7750 2159
8611 6625
9001 1037
1975 5773
6632 6725
9020 2484
4252 617
5984 3656
6939 8309
753 7572
6627 7670
8697 2854
9968 4515
114 8753
4799 3122
9969 1441
658 6638
596 3545
5031 8060
9811 1269
2646 9337
5862 3558
5776 5706
552 3623
9227 4897
8650 9989
6680 5358
337 7347
8131 4442
3217 5783
2029 5325
6669 9077
6919 392
9737 6810
6543 5474
5087 1818
4789 8540
4670 6862
9166 4779
7966 8660
7840 8026
2104 3819
6833 6825
6654 4150
6893 231
2304 4109
9497 8117
3123 7824
4986 1254
8831 8707
7225 9722
1373 7104
1166 4559
1155 6881
8360 5796
1932 5526
6739 3268
543 352
1236 575
6594 9976
5388 6229
7344 6761
7884 5988
6880 9286
3690 3454
166 3640
516 4692
4516 7589
7788 2843
8846 5931
7304 8917
8054 2733
6848 1238
1386 2976
9230 3827
8338 3431
5977 5065
5819 7862
214 2381
7600 8807
2254 8276
8026 284
570 3184
893 1888
8635 9144
8485 3198
6468 5625
878 38
4388 6491
8035 2854
8552 5066
8125 2747
9868 9587
7518 7438
8056 8282
7343 3650
2690 7220
8290 8570
9825 212
9444 2735
3719 1390
7693 9253
3287 9317
9784 4762
71 4250
5790 3336
1046 924
8160 4151
2050 6671
8181 2224
4578 6870
7124 6450
9253 4429
4127 932
2509 2876
4812 2957
4313 1324
801 9212
6618 6884
2485 425
8653 5494
7920 2425
270 6543
7833 9367
7205 3382
1520 3422
1967 3882
717 2280
916 7593
8042 9891
4956 5873
2461 5292
9221 3857
5304 4341
2940 2294
3279 5924
3951 7751
7800 6049
2108 6867
270 4570
7887 4247
304 5386
1342 6775
6485 9872
8792 7857
4050 4323
7343 4618
2773 144
2107 8685
2482 5593
9827 5040
214 3483
1560 2810
4605 3269
1427 6896
6311 9022
9499 5625
9704 4044
4721 3336
1204 7497
6942 7320
2821 4362
2446 809
2196 6525
7714 8065
6244 1505
8775 4254
9781 4937
8366 6944
1002 3054
385 9730
328 1797
6437 8208
6471 9024
2221 5952
8251 9330
1601 6207
1671 6717
1299 2873
9294 8323
8031 6294
8461 5124
8091 1878
9783 7733
793 1725
189 4728
8189 3618
2220 8063
9298 7920
263 6111
9239 6293
1950 7421
7929 3923
566 3789
3768 2505
2436 2066
4608 9541
964 6279
564 6574
7655 8127
6053 4380
6143 6525
9171 3139
9422 2226
2011 8841
9695 5539
85 5384
2856 5082
9920 6007
4223 294
8240 4821
9298 6189
7320 6578
3390 4908
1044 1683
4519 5927
6888 3622
4592 4190
5048 2255
7823 7808
5436 2071
7638 3827
5718 2723
8190 6289
9327 9936
3200 4639
7024 9791
8750 6397
9326 9711
3107 7831
1820 6640
7896 8673
7579 8737
3847 8772
6547 9758
5779 3470
7064 7015
6149 3188
2998 1485
8161 6998
3603 841
3496 9080
3969 7314
2277 6303
9123 441
671 5332
187 6976
5689 5768
5198 6470
3928 4694
1175 5804
9287 8133
3095 492
8906 6226
7918 2271
440 5412
3635 742
8146 9224
5708 5242
6187 8623
3957 3129
9271 4351
5699 6590
7491 7953
4824 8312
8306 7348
4772 7893
185 5428
7684 6547
1786 5274
8591 4218
7044 2659
8790 5367
4836 3340
2535 9455
6496 4776
8839 9918
5045 7126
544 6421
6817 8803
4785 5509
8284 8124
4117 620
5799 6016
8483 7775
749 6301
9541 3959
8898 7236
6722 5654
9559 1734
5818 8365
9505 6638
6939 9789
1241 8052
8158 4470
6896 5029
4482 8988
4764 1504
4920 4232
2060 7165
2560 5273
5645 435
9672 1745
8080 8320
1335 9097
3737 7006
3816 5084
9629 9925
6071 5683
211 3884
9314 9769
2419 2385
3258 4123
6427 484
5090 6871
7980 4009
6633 8136
1562 3380
6844 4680
3298 6568
8372 2964
4610 8984
9994 1139
1800 700
4385 7819
9462 2419
9678 6918
4583 6908
1766 126
5979 3316
2326 234
7077 6971
7297 2773
7183 7892
7732 1947
4875 1953
9453 7042
6896 4829
9925 4822
6869 3945
1385 3938
9711 9673
4723 3868
180 7633
6515 1030
3218 5194
5 5794
7063 3787
7730 3284
8939 1586
9668 3947
1278 8026
8575 1538
2056 9488
9155 837
9016 4142
9152 2754
8204 3998
132 4451
1238 6762
7771 4116
8702 1242
9540 5724
4235 7446
9163 7723
542 9395
7591 5582
4236 2571
4812 4195
4018 2385
2433 6684
2373 4189
8640 7022
1924 5531
9582 1762
2971 5168
4910 3841
6424 3237
6323 189
2848 2775
9050 5442
7291 994
360 8963
1651 1184
3460 6621
6801 5452
9320 4929
1634 7367
4660 7355
1174 6601
8975 3847
2654 3380
5221 8001
1262 5401
7047 1778
7650 7706
231 3089
9534 1488
7896 2514
3897 2205
8368 4724
4723 3452
5426 6312
6754 9261
8825 1112
8491 1532
8688 8462
9679 5639
6498 4996
741 1218
3450 6454
8558 2875
276 4013
7949 4982
678 5484
4635 548
1825 141
1069 2723
8638 7836
7569 4589
6068 9562
5409 8199
8776 2293
5832 4101
622 169
1929 3473
2894 6599
8808 6153
8277 3750
1974 8090
4764 6044
2021 6566
4839 8325
2726 5860
8365 2937
6701 3974
7033 5881
9768 1455
1220 4194
8348 5858
2575 6980
388 2351
7668 1817
498 3125
7791 4368
9663 2048
6466 7611
7240 2804
4432 5439
6572 4331
8050 4070
6881 5086
9240 2359
8734 3719
7459 404
5907 679
8742 4068
3129 5408
1482 6651
3698 7551
8673 7617
9502 2251
7372 5215
9640 909
7640 2751
6502 4285
7763 4026
6906 433
2079 467
4682 6731
6395 7047
5793 8110
1307 4044
8918 3381
4434 4572
4893 7072
7249 4047
9685 2964
2303 3864
6262 6760
9529 3656
525 8330
7637 2062
6979 4307
9751 9074
4585 2768
8638 8938
8949 2155
8178 8953
6975 6938
6947 689
4940 3346
3498 3035
168 7251
9306 1116
6767 6127
7789 5586
6828 7800
219 2234
9796 1101
2473 5577
8376 4750
4664 2485
6849 6812
8346 2363
5390 670
9160 7720
2596 4637
1108 9
1023 1628
4532 2450
4788 6348
4418 4536
6008 9471
2990 6375
7310 4258
8941 3983
4611 6809
4311 8237
8638 7328
6910 8875
2855 794
776 4329
6264 3223
9343 327
7787 1163
175 3587
9507 9066
9557 4457
5648 3664
8640 5051
857 9771
5229 3946
9620 2298
4535 6238
7559 7577
716 383
7412 5608
196 384
8020 9628
6009 8379
1698 5031
4302 3303
6908 7623
7336 6084
122 8517
1729 2516
1564 5566
225 4710
8564 7755
7932 6495
2035 6090
9825 3709
8727 8392
423 7061
5059 6907
2426 6133
1120 987
6465 2313
6884 4889
8883 5828
1834 2959
456 189
741 9972
9732 6527
1315 3010
9285 65
8476 8823
6719 3253
2851 8877
7610 9840
3401 4325
7258 2484
5961 1359
9379 7284
9074 4204
8422 4278
8341 3121
2033 3182
7080 347
9934 6230
7692 8081
6201 7060
9170 8988
7688 5343
8316 2660
5036 8720
4369 3561
8771 1025
9870 179
8951 4339
426 8230
6364 5
8721 4816
7882 6461
5959 2063
3643 5389
6762 6322
9279 7187
7706 5602
8095 3199
9237 5204
4713 351
9216 5037
6404 8950
382 966
8267 8271
631 1936
9253 6087
8043 3130
3094 7439
921 4923
5881 5876
5552 8855
6650 725
6394 6663
9329 9236
2283 6823
4950 2226
2973 854
6772 3761
2829 2795
4659 478
6422 9246
8659 5361
5838 9720
5766 6582
6015 3610
1543 7319
3679 319
6590 4521
1959 4201
391 7686
4185 4099
5570 9797
6900 216
8319 9211
8168 936
258 6110
8504 5958
6900 7571
9547 7728
5972 6929
9356 4898
3673 3550
4374 3597
8370 2588
9697 1377
8078 4402
5401 2538
6436 6137
8278 7321
5905 1519
6367 1055
9766 4486
7615 8145
3873 7758
573 2054
7830 7841
6908 6068
5748 4689
7793 3987
2148 4880
2989 5496
7171 7875
2091 7729
7473 5473
1805 4891
6715 6060
4423 5579
6305 8111
7335 8922
1882 6279
8011 2789
8922 4632
1976 2679
9915 421
833 5899
2956 192
6086 8373
5616 2008
7119 5483
5171 4775
8877 3290
3677 6260
4726 3378
2760 4050
3381 4397
492 4680
4067 5893
279 9002
6873 5548
5646 9363
5190 6343
398 7152
7519 5430
4275 8932
2279 3080
8853 3175
2048 9334
6320 5520
2417 3953
8408 8157
7847 6585
4856 1636
1282 3277
3493 386
7395 8
1803 6655
6849 5204
8253 8175
101 9093
3115 5580
8700 1926
9274 212
406 4895
6211 1281
9206 4888
9281 7920
4710 363
1789 6733
6565 5687
8672 5597
431 4551
5243 2933
7801 1584
9748 2030
6279 7171
7156 5458
4188 2479
8221 7539
9888 1552
466 5713
6720 1629
1644 4931
7147 4591
5952 4911
7992 5851
3966 5705
165 6889
5917 9276
8864 6719
5483 6311
4809 9484
8369 9342
7635 2207
3190 3326
9574 6707
8017 2474
7566 5985
96 2342
8207 6920
4445 6820
293 6498
7222 3852
5243 4585
5086 3884
1285 2099
8972 3232
7837 3832
1995 5349
9891 4441
7551 5195
7363 4178
7887 6807
6235 4737
4705 8743
5315 3010
6608 9119
5462 6857
9782 4511
9182 8424
279 4748
2293 2023
8096 6176
6609 2416
8441 5127
8289 7739
1523 6656
834 2418
3835 4756
5477 8804
9202 3131
7887 9277
196 2777
4111 9242
4484 1122
6800 3946
7302 7082
4840 7587
7897 5656
3973 8675
9244 5356
273 1051
5441 4959
4217 1838
3523 8560
453 5304
8562 5901
270 8337
153 1336
8007 431
6322 9030
6140 2866
329 6702
9424 6347
896 8210
7720 4050
354 3726
7510 3008
4082 1734
8428 9240
7552 9835
303 8864
8035 4327
6225 3849
5161 9577
5283 4090
4340 7627
7210 1440
4472 9769
1229 8800
7696 5800
9769 9095
7883 9827
6057 6601
8890 2747
6132 5728
8404 5742
766 6945
5751 9685
6786 6868
3313 2175
7268 3609
464 4486
9498 5841
2146 5223
6330 6709
9654 6125
8538 322
9938 7052
3389 6721
8726 7432
8578 7305
7078 1805
7979 9605
3218 7778
6592 5029
8986 8941
8441 2725
3174 2524
8811 5153
6526 5614
8535 4989
3196 5400
7210 6246
983 5737
5945 3124
1328 524
7537 5594
6700 1421
6478 4526
5801 8485
2291 3200
8584 7217
4092 5780
8636 210
4585 9096
8365 5574
7781 5028
1167 6554
1650 3032
7159 2995
4545 4449
7729 5777
6584 3474
2069 360
9118 3717
5888 9369
6172 6913
4833 7252
9139 807
9286 6455
6554 9314
8906 5645
5069 6418
1807 3221
2974 3327
7782 6663
8625 7123
8064 5366
3045 992
8101 5662
6523 323
1357 662
5094 2691
629 6110
7511 5796
8526 8514
5892 4657
1346 4179
3419 1095
903 1623
4115 7214
7324 722
9146 4472
8577 7698
6781 739
381 4143
8240 5568
552 2978
5975 7930
5807 9514
1943 1028
7001 863
6975 3843
4290 4599
4708 4294
384 2505
6015 6137
8815 8522
35 5734
9004 56
8004 2830
2312 3877
8709 367
691 1874
7299 9659
981 2845
5203 193
6612 4033
9774 1630
5169 8193
3245 8633
5900 4736
371 7238
1439 4598
8262 6858
2068 8741
6993 8461
2175 4114
8295 8203
4145 6530
989 4254
4718 2901
9996 4200
8473 7199
3000 7381
5966 3346
8397 1727
7187 5186
7508 7981
3695 4910
6650 4917
2438 1612
2176 2366
4800 3320
9340 9120
6076 7311
7754 1863
2499 3140
8223 7037
3641 4687
6450 2654
6486 2348
7859 2559
1229 9702
6994 6955
8223 5172
9405 6081
9651 3104
4568 4380
7644 5909
8858 5575
3030 4775
8494 3312
7765 8764
1480 2881
6703 4281
4060 6983
7770 5846
6543 1259
5927 2976
156 9099
115 2682
4001 5972
1559 6220
9413 1609
9246 3418
7245 7021
194 1110
101 2868
3194 6293
6365 9631
6826 4593
6798 6746
5767 6235
6928 8024
6534 3145
7054 2097
7330 5415
6006 5325
5016 5791
7335 7866
9416 8578
9911 6305
7595 2020
6684 5546
5137 3987
1444 1735
2431 1422
6242 3629
423 3403
8979 296
9352 6957
1100 2339
447 7180
1207 8854
4521 7811
6759 7238
7612 280
9800 4316
9858 5489
1808 7687
1135 4669
6338 9352
8941 1064
7785 5311
4342 3500
186 7903
6814 2636
57 7789
2433 6692
7579 6640
7118 5262
227 3999
5162 4178
1469 4141
191 4692
9902 405
6698 4797
7282 7706
1496 1241
5331 3842
5972 5565
9485 6388
5171 591
7067 3058
3792 5261
1028 3243
6401 5045
667 6620
5088 4097
616 2373
4643 7130
8310 7114
581 6738
7912 6021
3414 9263
3852 2026
5209 7891
8137 9522
7440 6147
266 3549
9798 3720
1657 4339
7171 2202
2593 3206
1241 3606
7250 6144
5412 3618
7141 9126
5288 1596
3856 697
8203 7085
6771 5772
1528 8372
3303 7580
6863 8744
209 6182
8630 9525
7996 7667
8939 1878
2080 4805
354 763
8585 9230
371 703
5226 1374
9728 7178
8722 7663
9300 1224
5566 1186
1994 7626
6118 1699
9757 416
9545 2748
7540 3721
128 837
9427 4153
9594 883
992 6540
6365 4922
2832 2696
2407 5176
907 1477
1183 6485
5171 9035
8134 8903
1773 4193
8326 4414
494 1136
9478 5380
7238 2874
2637 4712
7253 9275
390 3415
5782 6048
7559 4363
5429 4469
1903 6824
6472 9649
1818 6716
5662 7794
7143 5323
5899 9723
355 4747
6630 7727
7 5232
518 3987
5098 2504
650 3123
8432 3362
1093 9062
7963 1571
5936 2556
8858 6853
8409 6761
7354 5664
2046 5654
984 4581
9963 79
7850 4030
8022 5305
3533 4166
9625 8422
6380 6626
3706 3828
7214 4048
7874 7770
9286 7680
8312 2519
562 9668
431 4718
3455 2381
8396 5078
2835 4659
1639 3815
8858 4880
8622 8050
5276 5613
1999 6723
8416 5851
6052 1818
8236 1719
2456 2919
1774 6497
2242 4387
9059 3449
9488 5289
5281 2587
9183 5592
5026 6912
3694 9442
8015 5749
212 4441
7256 4714
8907 5135
1839 1270
3175 6029
5821 3332
9040 3449
4931 7964
5944 5617
5730 6597
8622 6319
2591 7900
6620 9054
6532 539
4410 6104
2144 6807
2901 141
8069 1797
7041 9434
5358 3584
7219 5010
7063 3221
1794 8801
6149 5510
1808 9904
7152 8110
6034 3695
7868 100
2319 930
7349 5133
5100 3036
4623 7514
1096 4571
6840 5377
5124 5995
5198 4483
9951 5143
7977 1524
3217 6752
8468 6228
9004 3993
6874 2113
1958 1166
4411 3699
7516 304
7810 4686
9723 6568
710 1071
7954 9282
9769 3422
6056 8691
9722 1886
2582 6254
8151 6534
859 4698
9188 8745
7381 9999
6987 4218
2589 8859
8957 6634
5747 8700
7987 6547
5643 9811
3387 5577
8093 1052
4903 2575
8773 2918
479 9149
9795 7221
7849 8131
7734 6609
7252 4650
6966 2307
9094 879
1091 3906
4732 720
3698 3910
9969 6182
9974 6526
3353 6881
7491 1081
3506 936
8081 4101
4911 9767
171 6831
2729 7431
9569 1000
2464 7133
3199 1166
3866 3844
9193 8068
4879 9899
9122 1183
1408 3330
1585 748
8608 6102
10 1076
4821 4602
8453 7332
5836 7320
156 5223
2289 6620
9154 9631
773 6360
5482 3301
2978 7367
1013 3568
9517 2220
5836 9656
424 4341
7218 3685
3830 2335
5745 7030
6039 3047
4909 7697
727 6715
5233 7269
6325 6972
623 5345
4110 258
8433 8275
374 3823
8306 4006
6673 8594
3872 6509
7837 7584
7241 3803
1100 4987
8396 3791
6341 9144
6814 7607
7772 6822
3123 5465
1984 5946
3600 960
8921 4844
2267 7466
624 2964
5353 6236
136 3375
4970 8871
3017 4372
3863 3117
5486 2456
7951 2865
7140 7790
344 937
8212 8009
9810 6389
1271 4710
9300 4301
2973 4608
6601 3432
8220 2127
9938 7971
8776 3513
9696 7391
108 9799
5394 2880
3225 3223
2220 3179
5444 1425
8121 4457
3737 1799
3238 6316
7179 9838
1884 5566
7532 9323
5537 663
7532 8505
2227 9961
4565 4179
8214 6095
2032 5063
6053 6033
5686 4290
6929 3637
621 8882
8148 8077
3536 3340
2526 2952
7412 1283
7673 8228
5868 924
4708 2514
4995 3776
7419 4790
9091 7549
1070 1366
6042 1427
9246 8591
7937 6823
8651 982
5958 3540
8719 4765
7232 9407
1033 2544
1786 3276
6827 2942
7274 1941
7173 4747
8391 3623
8303 3510
5071 6083
6046 7682
1952 6318
5049 3557
806 5103
6484 6632
6212 6173
6999 6674
2931 344
4634 8832
3813 3472
7737 3341
6570 6941
699 9972
422 4187
8070 1191
9188 4559
7660 9429
4181 1508
8033 6264
5801 4077
1595 4229
6545 8695
4821 3302
9683 7921
8687 3755
7114 9377
7360 5646
2320 4633
147 8304
7837 8954
9871 2495
1422 8852
5775 6949
6289 7170
6803 7391
3806 1230
7895 5108
5938 3156
179 8579
7240 6052
9385 4039
8345 5465
803 2929
1853 2672
10 4461
137 6259
9318 5153
9189 3053
2776 8016
9889 1744
8290 5916
8663 2714
3158 5048
725 5611
6499 9063
461 5272
9153 5207
9994 3342
3330 9477
1069 6360
7591 8214
6483 7254
1157 9627
6293 4915
6308 9882
592 6142
4181 5267
6749 6363
4554 4088
9070 2068
6685 5560
8462 8564
7555 5416
9719 3645
8358 4198
2435 5992
7564 1829
9189 6691
4235 2749
998 4978
9921 3873
7376 3175
597 2190
5708 3312
9207 6866
2717 5718
4084 3640
9151 3258
5346 8184
9325 3825
8991 4474
7888 3629
2144 3991
924 4776
2852 3031
1520 3575
9379 3014
9944 6583
2278 4048
9855 2606
7055 4772
424 1699
9878 8336
5466 4973
5946 1409
815 9168
7118 1041
2045 5809
9474 4432
8966 7409
8505 6785
3513 6257
8685 3225
6952 8858
5861 7313
480 8747
5365 3470
9346 4139
3186 7067
7224 4069
5728 6676
4778 906
6868 6127
3585 4268
358 4741
8422 3646
4253 5895
167 8822
6712 5964
7534 6338
5277 2431
8804 4879
2214 2561
5235 4649
9987 7410
2079 6803
5995 4108
6504 3756
6266 6557
561 3235
6774 5014
8265 2248
2418 6390
6850 8715
7817 1334
6244 3657
8013 7746
8884 4592
3598 2126
4814 4080
5029 3739
9948 4691
8022 5472
889 9062
7124 3275
7886 2578
6103 3896
1734 9009
3862 6615
6174 5762
6679 6163
7833 9225
690 7926
4169 3244
8943 1334
2170 3510
390 9327
4392 2885
7959 73
9037 4537
9088 3270
8045 9646
9473 2852
5788 9388
9494 2911
1132 4874
8116 895
7659 7072
1897 4411
998 5288
2330 3512
4379 4006
8952 4321
796 3841
5948 3230
3441 9442
9647 8387
1550 408
8072 6729
3903 2562
5549 6315
225 884
4372 4474
8746 3411
962 7943
2311 7797
5708 5971
5663 8709
123 8541
8652 3116
3631 6317
2058 3308
4685 1793
8998 7136
6466 8888
8002 7585
6797 5726
1015 2864
6583 9823
4549 8405
9571 5843
5397 5533
22 2729
5178 3136
7333 350
9962 5620
5779 3770
8020 4434
8777 2427
5076 1812
4950 3393
1049 4639
6673 4626
7105 7023
4341 7715
6471 2950
8844 9957
6970 3802
4184 1537
209 619
5006 413
2017 2973
2878 8634
7248 8132
4392 1422
9474 1843
8462 7761
5537 5418
4625 4104
1486 7134
4094 2896
4520 7205
9757 4531
3477 3193
9670 8026
5249 8519
8783 9923
5526 7070
147 6133
4935 2172
2119 8595
6807 6682
1028 405
2004 657
841 1976
9218 1341
2170 3349
1779 7894
5998 770
1424 9652
5109 6795
5702 7309
4886 6494
8509 6664
9673 2042
2098 3301
600 7525
5574 3983
7851 2651
4826 5517
9251 9344
2577 5901
2575 2822
1 7610
8492 8309
7769 1269
8421 1195
1503 9894
427 2470
2937 4113
2279 8314
3131 2932
8573 3925
4536 3324
1408 356
9943 7514
4411 5315
49 6203
431 6268
8708 6449
8663 6972
2324 7683
4311 5084
3790 3103
104 4045
7865 697
3637 3800
1401 1413
9413 6773
6629 6089
6947 4678
7222 6603
8378 3847
9709 4327
6534 8188
8811 6560
638 6436
6985 890
7164 3107
6625 6734
9067 9145
4349 3982
1444 7704
9433 2823
8926 6927
7437 8985
4815 227
9032 2893
33 5925
4045 1248
1864 5967
8533 2916
420 5058
4824 8304
3267 1102
6685 9013
8679 3384
3372 8968
9745 2132
3191 8139
622 6562
3032 8496
3948 389
8001 4381
3827 2085
1734 2945
5579 1804
7612 8706
2608 4677
8027 3737
9615 7283
7222 2549
8149 6615
7275 1887
5929 4253
5127 7537
7152 3473
1200 2903
6776 6111
9855 3939
9547 5809
1450 6461
5426 9001
8938 2281
3650 5296
3932 8392
2693 2748
1713 1973
5449 2582
4722 267
8531 8063
1397 4598
9449 3678
7910 6669
81 6089
1748 4303
3125 432
6340 5799
8462 621
6665 4549
897 353
1605 3557
5715 8312
6465 7349
6871 5556
5099 5047
2451 6624
9372 3299
3628 6371
123 3187
7701 7043
5892 9944
7912 6997
9818 5722
199 4350
1788 9289
7245 8870
8022 1099
1115 3275
8040 5317
6630 3763
7456 1361
296 5343
322 1545
8925 3616
7297 8484
9200 4760
8663 5309
7920 4218
7689 1545
9184 2685
8207 2181
1790 4221
6931 7272
6831 8088
979 4716
8399 5734
61 8283
2162 2817
5116 3683
9815 2380
1197 3074
2436 2302
9027 9396
7999 3706
8968 6951
5027 6620
7957 7092
4285 3768
3839 5896
1010 5705
4239 7264
6916 5112
6372 8166
6093 6765
9034 5211
7398 9730
9272 4036
688 2163
7358 4935
1074 5316
7946 7091
53 6203
4848 7385
1644 5590
7012 1450
6273 64
1219 6057
8588 5632
64 6742
9439 254
8286 4018
8520 1970
8098 4987
6601 9399
3417 4809
2056 5655
4481 7160
3004 5579
5507 6509
8234 6164
536 2657
9538 2111
6869 2811
67 6501
9640 2472
204 319
7504 2504
8367 5353
60 2031
9870 3873
7098 4970
9849 9183
9600 9876
1601 5209
6802 6261
768 5393
7290 5032
4396 2002
5490 3027
9829 1189
1981 8998
7707 7306
7070 1996
9034 8044
1406 4044
5442 6635
3090 3888
8098 5592
9218 9787
7017 7209
2508 5374
7174 3931
8691 4793
7565 2769
9671 9661
295 3846
2760 3501
5315 2635
7080 1384
7540 4523
291 1108
7016 7263
9597 1202
5182 1998
9720 3487
5948 6604
8083 4923
2530 6543
5090 8007
7468 9494
5998 8532
1493 6402
6308 2049
7300 7035
1083 7177
981 750
5339 5341
69 9006
9513 403
356 8016
9884 8977
2687 3241
8927 1999
4570 6412
5958 3225
5201 5757
5533 80
9469 5207
1946 7151
5810 6215
8050 4062
5438 2142
7714 3847
7669 6585
5979 8424
4480 7579
7410 1635
9048 5564
119 6625
8697 3765
5169 5293
7483 5304
9592 6832
1274 8276
6284 6377
258 8073
9351 4639
1647 5259
6247 3233
933 3408
7531 3860
7229 6942
6318 8253
9896 7714
319 6339
1950 2156
7198 3283
5408 3952
5838 5522
2999 442
9265 6800
7690 6899
124 5238
5530 4322
6656 5336
2920 8635
706 7027
6661 4404
7197 4872
1379 2545
8046 7069
658 4771
4950 606
8573 9969
3674 5697
8608 7186
5418 5326
7792 4385
9874 855
9559 1783
3392 3503
2720 7540
9022 6947
8638 8233
5727 3573
6642 166
8825 5615
8179 9116
9134 4384
9786 2849
8833 6378
6868 4831
6914 746
4131 3145
8820 7055
2404 6085
7141 2896
5515 3407
5994 3112
2354 2184
5786 3348
7831 6581
2779 7207
234 884
226 6133
947 6418
680 8289
7103 3785
9357 3745
7020 8217
5007 2950
6555 6131
4607 5194
8399 2958
7939 3239
5800 8184
1068 6829
6708 896
9786 4272
1189 8287
9616 3043
5500 6387
7621 3724
7839 914
621 4689
2771 5989
9345 3115
103 3945
5791 8377
3163 9667
1199 9217
716 5865
8356 2493
5195 3778
9673 2772
8422 5183
6842 9826
7520 6543
7211 2001
468 3642
9566 6739
8563 4260
7308 4041
8097 9385
3766 8374
216 3956
8829 6301
7602 3700
4265 6974
1260 1898
9783 4764
1648 1485
6548 4410
708 4768
4831 2174
8496 5495
1467 5988
4944 4680
6155 9030
7863 9460
8850 8881
4201 6329
6274 9624
2146 7481
2734 5436
3416 3255
8220 5452
7980 7951
9398 5424
8155 8706
9232 5886
7662 6329
8812 7929
1090 8266
8457 8226
1005 7633
7983 5337
177 5266
7683 9771
6774 7974
4269 3965
6953 7976
8785 5961
5502 8074
7183 4237
3432 6245
7472 1859
5255 7150
3818 7183
3539 5553
4578 2212
1914 2088
814 3729
9162 2807
5984 2233
261 8131
453 3871
6392 3455
9583 3739
8160 5922
8795 9816
9037 9578
4528 4848
1353 2034
8999 4627
2741 9198
8264 731
7240 5134
8346 800
2608 8561
9412 4917
216 6802
415 3713
757 7614
3204 570
6914 5620
375 9131
8223 3079
997 4455
5726 2314
8143 8159
3620 6389
743 9944
5775 3603
9450 6740
9381 4883
3259 6117
6645 224
4618 14
6863 4584
7879 2986
5031 3041
29 2320
41 5592
4470 4465
6064 3598
9047 7868
9766 6572
3659 4896
4043 5273
2749 7829
9227 1046
3082 7221
9150 2260
9681 3845
5145 6832
8108 7023
4295 3952
2279 7018
6200 5421
8700 4804
7655 4395
5969 1472
7285 920
8551 2466
679 6471
6807 5991
2373 4293
7226 7106
7100 6472
1257 971
9347 4507
909 1685
9307 7589
5830 3915
1997 3898
9113 5508
5482 8601
8533 9070
4625 4715
8527 7720
5357 3294
9551 3209
883 5617
8398 1311
2532 8621
5252 918
5654 2884
9342 1530
8581 2829
6731 7419
9408 3281
9912 2814
7649 3034
3873 2999
7379 406
6776 4802
4305 9045
9366 5391
8650 5938
513 4047
1516 295
53 5523
3174 3348
8110 1271
5368 5428
9657 2012
1640 2172
6662 6743
7659 5657
4295 3644
1650 4553
1042 8080
7455 5517
9526 4575
3783 7791
3165 4709
3177 3780
8285 7637
6499 9731
7614 4988
6765 5686
4686 8467
6684 99
3044 5587
6148 3502
4661 4209
7025 5761
8118 8584
5662 2747
4617 2072
7436 9129
6729 2851
8568 6016
4343 6909
6103 3328
6193 7688
5761 8997
8292 3573
7808 3231
947 7280
8603 6360
6287 7471
4484 3771
7008 3592
7971 670
2730 2636
3800 4307
8614 5731
253 4095
1536 7271
8057 3827
8890 5491
5700 4385
7258 7271
7184 640
5358 6082
4627 2894
1163 8867
6981 5421
7106 4140
8077 6034
9352 2933
4751 3310
150 2933
5530 9427
8378 512
1447 4546
4133 6415
7937 8619
9652 4743
2107 512
8282 4308
7170 8339
3447 1778
4888 9034
4397 580
267 8944
8837 7721
7013 5093
830 8532
6050 8429
3373 3936
3002 2946
8850 4132
1366 1574
8773 2838
8148 5001
273 4305
9741 3000
8562 9973
931 3982
2033 8574
8291 3737
5591 8386
7979 2684
8056 8566
8836 3244
4409 5383
8197 7579
7095 9588
9566 8085
6231 5807
2080 3680
5397 7301
6262 1629
2311 7713
7399 8888
802 3184
9508 6400
1499 1311
8049 2244
31 6195
9196 917
8833 2060
7407 8375
6352 5292
15 2400
7014 1210
2241 4513
5038 9596
3697 7647
791 1345
1494 4700
1211 7566
5005 3942
3613 5438
2874 1837
2337 8250
9288 3148
697 5480
1633 735
3918 4209
5959 2341
6848 5886
3166 8519
6850 6484
6443 1636
319 4975
2060 7568
9441 4494
7247 5073
6697 8053
405 5200
1145 772
5470 3466
7504 8792
1516 6579
2555 5453
7575 2027
9388 6711
8680 8839
8794 7140
3765 6316
6994 4906
8353 7168
8039 2548
5683 4526
6586 7003
8762 1859
1187 5562
7219 3159
6577 5907
2492 4363
3949 781
1032 1231
1439 9691
7870 4782
7455 5506
5615 5122
7105 8133
4954 9577
7914 809
8373 5524
6546 7617
388 3236
2223 7413
7242 904
7000 9140
282 5590
9368 3200
684 5341
7328 5680
299 6173
2529 1346
189 4086
7033 1302
9414 1976
8521 2927
9399 4068
8812 6752
4492 6388
1417 802
632 1744
5695 9571
700 7577
7162 786
9287 107
3414 6704
535 3016
1957 9010
992 222
9042 5379
6762 6184
6877 6171
5433 8231
975 6176
9796 8736
6919 3364
1015 3774
7228 2658
403 6364
5184 9597
7993 3400
1093 5764
5155 7324
5878 6258
5234 6156
3534 5321
3448 1871
8449 2367
6685 4486
4986 7259
631 8335
6691 7943
2778 9889
327 4396
9009 2411
6771 6367
6495 6203
6873 7812
1036 7229
0 8589
8247 31
5800 4860
8817 3530
1278 2497
6001 3574
4645 6713
8877 319
3011 3694
2684 5285
2563 5224
4813 7465
3877 3579
4408 3444
8211 1397
3551 6038
9934 6831
8789 6743
7400 8924
8704 9493
8888 7624
8554 5533
7354 1574
8335 1675
4683 5611
5509 994
8354 7057
4868 180
3018 2784
7656 9873
2186 7357
9033 6564
3145 1778
6890 5617
5515 4313
8073 8885
7301 9537
6049 1510
4176 4625
7920 5381
8335 7286
7674 7311
9436 4594
4726 7428
293 7352
7864 3621
6326 1387
9166 3134
389 1849
4866 5866
9671 5521
7288 3424
2468 4437
6542 7283
265 7640
3529 5056
8592 7184
7895 3055
8030 247
7761 5980
720 5187
536 4612
9374 5126
1470 5392
1267 8739
1172 7684
6199 7415
8957 9389
9316 8689
8637 2244
9897 8442
6475 8
8145 8548
4154 8625
5510 4466
7466 4769
4864 6277
7497 9680
603 306
6716 2470
4639 4883
2894 828
5194 675
2153 6980
2203 2142
7929 679
8249 4067
8734 2833
1586 224
3674 4093
2645 2194
9097 4807
2824 1442
5955 1712
2830 1193
3052 4046
1994 8276
6298 9635
1687 6584
1408 2702
758 4808
8877 5864
5950 2657
461 6736
915 8175
679 3697
3388 5698
2728 9560
6647 6382
6490 8650
7591 4201
6603 4060
878 4701
101 2794
9744 1490
5543 6416
7379 5082
8179 7646
9426 9438
9775 5162
6207 6059
1335 6845
9858 7496
6646 1676
1243 2826
1289 4928
1832 1420
4190 1208
5398 9165
2339 7236
6554 7577
3222 4321
3387 453
1477 3006
1743 7326
6171 2978
8655 9816
6368 8447
1397 9025
5349 8010
3792 1562
7165 7973
9897 6511
5150 8029
6319 6232
4328 6645
6519 3782
5235 9012
722 3086
7172 2620
7951 4573
1040 4600
6249 4042
8089 8600
7024 7044
1869 5061
1934 5456
9378 186
9913 7700
8812 9345
8341 6047
2300 6452
9057 4453
8130 7446
7051 9927
6618 5615
1907 5595
5501 7050
88 1362
6812 4397
7355 9520
7506 5488
5837 2017
3724 5968
6286 6044
1282 4496
722 1126
5013 3970
6757 4619
4477 3438
552 8262
4703 4683
5735 4076
8012 9389
8371 3320
8928 6392
4252 731
1211 886
6468 6034
9682 8022
7143 430
7645 5552
6485 4402
8069 7011
9171 7668
295 4943
5955 4587
9606 5115
8341 4437
8668 4603
8279 4791
7121 6454
7009 1783
9860 1770
7057 2534
1499 4564
4042 2183
9153 6981
6421 337
59 8500
6217 4708
3659 7225
6663 1267
8158 192
8455 644
9953 5465
3781 7107
8019 5217
6157 1809
4254 4523
4517 5162
5300 5544
6941 6213
2084 4678
9558 1795
9579 6055
4579 3946
1273 8785
9226 8411
6550 4786
2659 9460
7340 8554
6992 6824
5771 8818
9462 4315
5827 5451
753 5379
8020 5401
2617 6322
4679 4311
1377 4425
7707 1679
7534 7386
3049 4151
3904 4665
2796 3705
8295 3017
3895 2630
3824 8348
3384 5797
6541 9466
5948 1553
9070 3400
5682 6214
8452 6505
7256 3446
8052 9769
4964 5705
172 6514
6402 5264
9900 7361
