9122 5000
5710 9443
4806 5775
7953 6770
7294 3687
8288 2330
8828 5987
1025 5396
3194 8436
6680 6682
7979 6944
1652 6955
9833 6674
6791 5695
1503 9343
5439 3328
6146 5930
7400 8405
7413 6654
7186 7429
8640 4596
4168 9288
8181 5479
8223 6873
6290 6998
1353 485
5327 1932
1321 5636
3483 7505
7201 7269
1031 1373
2234 6542
5316 7822
1622 4931
5550 3559
8337 1767
7047 2264
831 2079
1980 4797
5636 714
856 5061
7585 4239
7802 561
384 8449
7060 4125
6915 4939
7021 3150
4211 3726
884 7230
5400 5025
6699 332
4187 6752
2993 6543
8710 4506
3913 5237
4056 4202
6034 5018
8281 4221
9382 5959
8864 1832
7759 5573
217 7238
8173 194
571 825
2911 71
9856 1799
5828 5973
5737 2593
8038 8492
6030 5555
8988 3416
7487 8389
9121 10
9733 7182
792 9172
9669 781
7774 8567
102 6510
300 604
8921 8206
7555 3312
5237 1610
5856 5294
4302 4742
4023 7313
4842 3969
8012 3901
8667 7508
7091 5019
1122 7478
7320 3041
4863 995
5821 7380
1511 5718
6633 2074
7409 9879
3152 1435
9617 3987
3631 9017
6449 4589
5296 8582
5394 6939
3382 850
5725 5992
7855 3442
8478 3835
8096 3504
6196 100
4416 5392
4904 8364
8142 3327
8524 3392
9520 7329
9926 369
969 7784
9369 6867
554 7276
6187 9032
4173 2079
645 5822
2878 6662
7401 5399
4407 5400
5563 2910
1867 4854
7101 9079
7218 1262
6958 628
9594 690
1854 3050
780 2906
7803 87
774 5306
8485 8523
790 8697
9506 7528
9858 5701
6883 1514
5872 6122
9988 334
8022 5207
6298 7398
4459 9373
766 6367
5561 3348
6648 5417
595 7424
3669 9338
2219 5002
5864 6624
6127 5048
7619 1918
7069 7638
5928 2071
9850 3328
8953 4803
6850 545
2501 5344
9722 9451
9499 5915
9144 6212
6888 7603
8987 7955
9384 946
4571 2864
467 1078
3844 3703
518 3231
4151 8815
5883 5172
5709 5285
330 2362
6961 5206
6579 6861
1615 6661
1420 7883
5386 5305
7640 1064
5355 1525
2882 3184
7510 5384
3172 3431
7623 4278
9917 4576
9120 1263
8889 5531
8913 8103
9892 9363
780 3887
7482 6611
4711 3917
511 8802
560 4234
4545 1898
6529 48
3314 4022
7968 1293
9162 4885
7244 5813
6215 5900
8306 8054
3329 3633
546 3265
346 2682
4425 1442
9948 8695
7749 3009
2933 2478
8875 3757
7613 4582
8886 7595
5278 3236
216 2464
393 4083
8853 5432
8700 1955
9144 3918
2920 6272
6192 7713
708 7477
8433 3947
2063 6099
7467 4356
9196 3448
3961 5377
9143 2767
8761 2473
4743 3319
7148 9864
7749 8741
7364 5961
8179 5356
5444 8735
4322 6645
7300 5653
5638 1138
5803 7621
6928 5781
5676 5715
6957 2402
7122 6670
1652 8059
2132 7235
8516 6186
5406 6241
7142 6504
9957 6797
9522 1887
1818 9411
8683 1051
8896 6528
3931 1030
9314 8502
6686 4167
6959 5228
305 3649
4880 3808
8925 5953
6175 6580
6063 6110
8979 6455
1513 2480
4742 3056
8309 8057
9045 7159
9364 8107
8114 4556
3599 5643
1073 7964
1592 3833
2011 5214
6813 6584
9228 5415
9863 3711
6745 5891
2574 1126
7262 1428
3986 4712
2499 4924
6489 8567
7251 3669
6800 9102
6911 8152
607 3451
4617 9022
7767 903
8314 8656
6057 548
8314 254
9925 4723
1005 5833
1440 9962
9926 1915
9845 7174
8737 8200
6008 5732
3492 7721
4285 7394
9457 6311
248 3346
9098 6607
6531 5140
297 8119
5583 9767
2779 4415
6980 2872
6923 2109
5952 6981
8847 6220
335 2200
6415 5207
8056 4415
8381 3946
2078 7054
2424 5247
6742 8719
8949 6618
9763 4916
8078 3615
9612 3929
8961 4413
4650 5495
6467 6686
9801 7773
909 6501
7123 3284
700 3129
7021 4993
8387 6477
687 2601
7252 7077
874 7567
8805 8572
5629 5415
8474 9226
5568 2924
6162 4831
6497 4821
1287 7103
8905 4201
2972 4368
7787 6202
7314 9136
2150 3923
6215 9164
6201 5065
4917 6094
9560 237
9925 8966
1215 9428
2461 3411
4719 5742
4373 9269
6613 7345
7019 5818
5806 9760
3003 4899
1929 4984
4111 1392
6786 7044
3793 3446
7891 7669
8514 249
6022 646
4673 5747
6643 6177
9555 7046
5202 6505
9956 2960
5957 7835
3656 6073
9263 4659
9196 5423
9384 5888
7726 6676
7637 3894
7969 4367
2938 2945
2943 6029
6654 8298
6279 4974
8004 2604
6301 1471
7777 8748
8052 29
8573 7608
5426 2146
7683 3838
1936 2209
7175 2385
5667 6675
9601 8989
7959 5584
5449 4237
4661 515
6859 2758
1262 4631
9390 2888
8452 2605
9971 7071
1227 1762
297 9476
7606 7014
142 6155
4796 9576
9264 9838
5086 6117
5542 6922
1146 7960
8754 8275
736 9782
1259 5622
7304 3158
5094 9620
9273 3363
661 6575
2089 6722
8856 6229
6483 9021
8891 8667
4672 6369
2170 2631
7400 5202
6008 1036
476 7734
980 3295
519 1917
9510 6056
9312 4351
2038 8231
2855 6009
685 5225
4919 6074
6461 6242
6848 6688
3802 8448
9653 5179
8350 3751
8682 7230
5239 7368
213 4075
8311 5974
3218 5889
5671 1814
1715 7554
4521 6041
2148 2188
5681 7605
6992 9153
3733 5702
4160 814
7775 1951
8308 4629
9161 115
544 9399
8802 4383
5555 6153
5438 909
5768 555
4286 108
7952 4886
6680 5481
413 5839
9046 4864
6658 2460
9089 3285
9737 2274
8293 7781
9060 7953
464 2744
3120 8117
522 6132
7547 8341
2626 7316
5413 6985
1407 5707
7694 3786
402 6151
1066 4919
7514 7009
98 4878
717 5381
2503 806
9137 5382
5472 6639
539 8529
4291 2693
6081 9083
2836 5338
9419 786
7015 64
9914 5195
6958 3465
4914 871
2071 4946
7074 644
8961 8953
7781 4212
4563 4734
9688 5791
4965 2270
7509 5187
2003 7407
7660 660
2284 5885
713 5918
9002 7156
7663 7990
6861 9288
233 9896
5264 4902
4259 5383
470 5113
9300 3063
8193 5940
9351 3782
1551 2937
8015 6836
8125 2049
8706 8447
361 7048
989 7142
7974 6017
2930 6238
5464 1004
5343 4915
4236 6809
9590 3259
3275 7296
9561 3955
1274 6964
7727 7735
6165 943
8972 8929
2886 3670
7244 8261
5005 732
3184 4266
7666 6385
3628 4953
8302 5320
5172 4228
9987 6291
9457 7294
54 3332
7273 2145
8709 1887
9060 5793
6446 3275
7866 4995
941 1704
1980 2830
6134 9806
7708 6809
3795 4554
1031 2802
6771 1237
8023 9035
8461 8480
7130 2752
2385 9766
1795 4073
8775 7034
975 5731
6684 1884
8700 5584
7556 766
8803 2824
4347 6706
9216 5851
6563 5916
8085 7159
4287 7594
4014 3234
7804 8802
9127 4237
5729 5811
8322 3022
2400 6236
8258 6649
5064 3327
4596 2993
4037 6678
2746 2564
5334 1646
7161 2707
3940 5698
6212 4480
5804 2440
3978 9602
2482 6776
8552 7109
9605 3178
4808 5858
86 761
5053 2693
5156 4326
15 2278
8963 6828
7183 2294
5244 1177
9333 9027
4779 7264
7409 9430
8085 7764
8704 9987
7230 7923
8978 6062
8875 1359
8126 6196
4325 4411
9513 8971
3202 1867
6740 8382
9188 8356
3809 5699
2644 1761
2001 6987
2453 8545
3419 939
3229 2764
5582 9119
3734 9618
2020 9602
346 2754
7156 874
841 9112
8118 9364
7234 7883
9293 7079
6120 5159
1384 4557
3130 7494
4928 3010
8236 5828
9865 5965
7576 9919
9361 2123
7194 361
239 1557
5127 6579
9394 6622
7985 8151
4649 538
6823 6433
5891 4881
3909 3165
7699 4791
9056 5930
4260 3853
6963 2656
8889 6692
7898 5085
6533 39
6607 7838
3737 2657
5668 6542
8918 4023
828 4422
3599 5581
768 9252
4501 7604
5 7243
7559 6312
9278 3669
3713 6743
6978 9191
8148 4613
5787 8462
9021 7655
6600 5303
2350 7893
9686 5534
8191 6151
5961 5087
9154 4249
9391 8097
7311 5809
6608 6066
5165 2120
1104 3148
7791 8782
348 8763
6268 3150
1518 5353
6365 1770
2657 3182
5461 1071
327 2180
2446 4396
6652 4429
781 7985
1739 2733
6970 4711
970 4622
4359 5416
5023 7382
384 6484
9327 2059
7644 868
1400 3388
7174 690
8669 6031
4097 7109
5489 6808
9764 5480
7508 5181
8530 3886
6226 2873
352 4172
8075 2259
9774 5609
6176 5910
9099 5965
9935 4251
4802 8214
9654 5958
8061 1048
7279 7694
5765 6046
4746 2391
126 8151
6387 5800
3291 3050
5407 1090
9180 4762
7755 4132
1118 8118
8947 3248
8772 4644
7216 7237
1130 8128
8029 7983
495 3416
3868 5168
9354 7665
7709 7749
8769 330
312 1201
2541 9210
163 7265
9029 900
9468 3485
9337 4988
9125 3119
6033 4009
3171 6115
321 2603
7836 4447
7216 7479
3833 7897
5333 5705
3881 4935
9058 1493
8994 5938
5052 3211
5712 3257
6744 435
8170 6134
7762 4390
6362 5473
5484 5204
7041 1826
8402 3380
2809 1925
771 6464
9989 8660
3852 689
5552 3281
9507 4715
4154 7443
9016 7632
8035 5959
4065 7105
4882 5149
7203 4116
2129 2058
7390 1727
9843 5280
8096 4104
8154 6260
368 2381
9941 6525
1387 3528
475 2214
4041 7808
7941 8488
9718 2144
7818 8310
5304 9177
8590 2639
1427 6350
9238 6243
8316 4470
9668 3841
9630 5306
7832 1913
9690 7306
7687 512
9318 3462
8332 8386
2956 5209
196 947
9056 4401
5406 3014
6777 8814
9661 4740
9000 5260
5622 1851
7417 4192
428 6558
6056 1554
4225 2451
375 8129
286 2947
769 3855
2803 577
9818 3798
7701 4072
6006 6284
6706 2989
6169 5753
8182 8051
3540 254
5632 5585
9299 5569
2076 4247
7581 9231
3130 4597
9248 8088
4620 8362
6623 7434
9336 9894
881 4688
8761 9663
4917 7013
9569 3420
7712 423
4998 707
8290 7984
7103 6731
8143 6473
8713 2159
4688 7311
3800 7788
314 3385
7426 7505
5968 7452
758 5762
2234 4674
8008 8355
7973 3823
1906 5747
4695 4065
5200 36
5173 8241
4879 5808
2382 2185
8610 2057
8522 1944
366 7651
3684 9925
6253 6779
8107 389
3175 9001
5512 136
5333 659
9202 67
8173 2406
6509 3443
9360 5608
1649 6225
8504 1378
9808 5367
6792 1408
4587 9971
2073 6637
5232 6740
3300 4579
3174 8412
8487 2084
3903 4091
3312 3098
8543 1198
1675 4534
467 189
3586 3337
6406 2927
7209 9172
5008 6069
9292 4561
3807 717
4278 4503
7454 6236
9229 1243
9120 8655
8425 3663
7852 4030
4360 4020
8283 4482
2980 2372
4479 4385
8775 8327
1753 3154
9389 5288
5693 1799
2454 986
8425 6938
872 3526
8764 7572
8598 6048
3409 7221
1828 416
1777 5029
3075 6823
797 5688
477 6235
4758 780
4656 2984
3128 9251
475 7330
7980 6012
1641 5262
9700 7499
3137 9219
1502 2888
275 6932
6868 5283
3967 9713
8912 9900
6448 3943
1510 2483
4419 8790
2073 9241
6298 8321
6386 3738
9559 5402
3377 4370
6711 6918
2005 5027
8975 655
857 3207
1298 8319
6072 6409
2367 6318
7030 3143
328 1816
8010 2871
8568 6316
9153 819
3676 1754
6998 3541
4985 2246
1827 5936
3585 6483
6619 4834
8907 3624
8707 4502
8669 5967
8739 7423
2237 34
5489 328
4698 4939
1817 7032
9398 5029
9365 6838
6144 3413
9322 9585
5351 5174
6380 3626
5769 7902
1121 7184
5086 4876
5504 7604
7607 4951
6581 3801
3743 4278
418 8875
7746 6692
4803 1262
37 5507
3361 951
1246 8239
7027 4497
3687 1875
2904 217
1004 7659
7551 2925
1413 4151
9750 3629
7880 922
6131 9994
5162 8146
6848 6373
7863 7105
6609 3058
1874 4667
5202 7400
7992 6882
6612 2016
7509 5193
7030 9359
8764 4594
8710 1096
6774 4680
4614 8290
6075 1151
8562 5025
6133 3492
5802 4146
6670 6585
892 6397
2046 3272
1259 9308
4903 8406
2457 9178
7889 5669
5589 1126
7049 5921
8981 124
7583 4286
8032 7559
2830 6484
9309 8971
2389 4792
2265 6217
317 4085
2523 2311
7753 7097
8489 8414
142 8928
8929 55
587 2633
1538 5070
3499 3731
6885 4779
9761 3739
411 5265
7818 6152
7162 8965
4253 5132
2053 7623
6259 8639
4056 8644
3156 6667
9381 8823
1277 4369
2889 5091
193 3766
561 2472
1608 1207
1377 520
2471 1087
5485 506
1274 5239
1673 4719
7116 4136
5791 5393
9982 2637
6654 3287
8124 6814
7391 3028
298 6276
7532 8107
3865 7076
1186 6186
8550 7861
8399 3262
6243 6025
6009 1428
7731 5957
4477 406
4817 5429
6591 3998
7745 7289
7231 4624
8839 7856
5656 4952
6245 9898
1186 8643
8806 3370
851 5805
5045 5535
4250 7021
2885 4944
9242 6502
5777 6652
4063 6148
2229 5313
593 5631
3795 1903
7255 1143
8586 3609
4377 309
3468 9092
1081 7556
7571 73
50 4830
4219 4301
6765 5867
7573 6040
5403 3270
9713 6918
6024 5603
2187 189
4088 4986
6990 966
6135 2559
8130 8186
1040 563
7470 4814
2136 7555
8178 7789
370 4151
9630 1096
7221 2016
786 9169
7977 5934
2003 7268
5057 5103
8579 3006
3314 5618
3995 5952
1227 4724
4814 3251
9838 8457
8708 9135
8671 4823
5603 2889
9959 6882
2921 7097
7616 8570
9219 5042
5208 6682
9503 3754
1185 7184
9459 3684
3865 9467
6944 7066
9666 8363
5406 4078
7976 6230
4007 1185
9870 9819
6628 1124
9993 7940
2147 4949
5058 4913
888 7728
8301 3145
6996 5283
6858 4824
1668 2820
7887 4444
4609 9116
7668 7029
2895 1930
9627 7566
9797 3288
6399 7400
4585 9927
1737 9228
7938 8058
8331 3788
8830 5192
5269 3096
9285 7169
6919 4524
6253 3387
6587 1691
1482 2306
3167 4967
3017 8177
5948 4858
8625 2706
5826 2919
6545 1815
9562 4952
6279 9280
6891 7858
2693 1004
4060 5076
663 6121
1173 6637
951 5770
2702 9347
7092 1058
3547 4154
8414 1718
5721 893
6349 9352
1235 7407
5335 9488
3192 4865
5342 5411
1409 2046
4447 3549
7422 6009
170 2589
684 5025
6963 8878
3494 7832
7836 7460
1103 7345
5137 4642
6892 5147
7960 2544
6525 1189
1399 5128
9313 6947
2400 741
1937 5706
5732 6922
1566 4716
9934 8233
9414 3996
585 6722
9408 5679
1237 6382
5506 1856
5577 7105
7981 5060
219 9903
4401 4038
550 446
2605 6878
9121 8429
8939 4251
1520 425
9023 5413
4751 5211
1669 7314
237 5476
724 5823
2551 3501
7165 1602
6294 6476
6632 92
6876 7097
7629 9586
7430 1792
9428 9151
6859 4420
1098 3647
7951 6604
775 8511
4796 6098
7232 2837
1218 4772
3094 6772
1210 4359
8266 3474
693 3840
6827 4895
4498 7501
7017 2740
8052 8591
3127 9285
4550 6873
3882 4199
1305 6474
3688 2155
8591 8724
7474 4305
5740 7498
1430 4375
466 9058
7324 3957
6427 5432
6306 3156
6237 5042
8418 7907
9665 5498
9909 1694
488 8709
1649 2096
8612 1212
7018 7943
3879 9283
1372 8877
9431 9882
4130 234
7507 7582
7684 5939
8343 6807
718 2058
6252 5794
6640 4627
9109 2260
9520 1077
8205 7223
7615 3974
5056 3903
1043 8126
7184 4690
7289 2003
5212 6816
5066 1100
9193 803
9079 5922
4922 9457
7949 6371
1834 4575
8657 7626
641 3773
4732 1870
3085 6523
8033 8930
7006 2711
8406 7226
1281 9997
510 7905
6037 7050
6341 5475
24 4484
9594 5176
6758 3548
9878 9550
3749 6395
9468 5185
4704 3878
1781 5745
5184 6437
749 9210
5892 1276
5490 4679
6778 4523
145 5016
7650 8653
6900 5415
5392 8951
2078 7550
8181 1644
6102 6603
9343 7233
5144 6607
4906 2534
3997 9893
1435 5579
7192 4661
7021 4779
6233 3797
5197 4403
2087 9598
2629 7666
9236 5198
1464 7340
3929 9735
7585 7867
9864 3427
6956 9093
1603 975
6852 7989
8634 8368
4479 4136
7329 8557
7859 9311
116 369
1852 2618
1503 6113
2704 5049
8851 6797
9300 5317
9091 3638
1515 8688
8280 2901
6879 7021
4185 6533
4429 4907
9790 5975
9420 4981
8057 7932
99 3532
1188 5152
7297 4393
998 2059
2037 5363
8103 3739
30 7754
3720 1306
7851 6938
9437 5456
3530 4592
1350 1134
194 399
6919 8769
7768 7519
6734 6279
3952 2487
6958 2725
7794 1011
7945 6842
8877 1160
7973 8072
2536 1761
5448 415
9140 5411
7934 654
6259 8214
7160 4643
4471 3065
9278 9209
4952 3338
6746 4774
7226 8151
5593 2122
7184 8154
5661 6952
9594 225
1488 7510
7699 5338
7892 6376
6187 3211
6223 9055
9244 9682
3531 2978
5648 8531
7153 5929
7871 7377
9397 7830
9598 7820
6475 3735
9952 4413
9699 6182
6715 6871
1980 1017
2301 5044
1651 4898
805 5601
3216 2283
8265 3759
4576 5413
9856 4543
7215 3908
8796 7266
9646 4440
9957 5793
9277 4048
1396 5264
8730 6804
2768 8256
4236 366
9079 2528
6842 2471
2284 2730
6606 4860
8510 506
200 9718
8925 4131
3321 7277
5241 3951
8765 4704
9763 2234
6015 8448
8936 6922
3278 383
6027 6472
1995 8696
46 4942
8850 8050
8664 9617
4371 954
5662 4250
5787 9614
2482 5781
7490 7485
1408 9838
7459 7943
2408 1173
6905 2136
3648 3484
7936 4798
6343 1322
6604 9499
9697 5276
4611 1703
5720 3265
450 3547
8869 7524
3203 3605
9836 631
5097 4979
7686 2943
2022 8024
9389 2800
8995 3435
2047 9020
4987 3535
6876 7046
5697 958
911 6214
9352 8516
9408 7630
8992 3285
9536 7815
7707 7324
5791 9345
4751 9014
2201 3808
5380 325
8152 5617
794 4659
251 2919
6322 5840
9374 7995
3214 6722
9327 3453
697 2861
8109 8256
645 8592
4951 4362
2802 4455
158 5737
9524 3630
7580 6047
5996 8541
4000 3443
5860 803
6979 3578
3864 4750
8740 5103
249 6390
5648 6518
7963 3196
9676 1526
9516 4277
7902 6892
218 3778
3498 3582
499 5454
6610 5559
4012 1588
3320 6959
7265 2521
6370 5052
2915 6910
1639 5319
2403 2039
4070 3929
8921 9850
2880 8794
7281 9820
6026 7615
7247 8186
9126 6054
8571 5014
2614 6810
7949 4213
772 4579
789 2947
5830 4828
210 5714
877 8658
1038 2604
1501 2365
9580 6503
5881 299
9230 8339
8306 5776
6041 9333
8293 8695
8926 8867
7463 9931
9482 7513
418 3017
7758 6321
322 6692
432 1639
451 5530
8586 7119
4642 5514
1653 8074
6500 6706
1868 7504
2180 1589
9878 4372
8105 7425
5120 2816
9887 5360
3759 5059
9103 8927
1118 5592
8480 4454
1350 6881
6503 1355
35 4396
7254 3246
6489 2625
8739 3109
4030 4596
9388 4952
9964 6051
5018 6164
9346 5894
5627 6622
8051 4290
1122 6707
8159 1608
8563 9834
9643 6531
5338 3257
7536 1336
593 7302
4182 2751
5486 4589
2244 6703
3570 9054
4466 3678
42 9121
5145 5693
4107 1301
3387 2638
8702 3590
1131 3800
4247 1052
7029 3117
6762 4988
4838 4610
3298 5225
8232 3267
30 4428
4546 5670
7448 6605
4680 9807
4740 1456
6319 8188
891 4878
7656 3750
2998 8962
646 2014
7922 5828
7073 783
9903 3828
651 4465
6165 2099
5283 4606
6363 7453
7217 683
6493 4301
5424 7699
5942 9382
7380 9951
4486 7150
9422 9274
7527 8429
7663 891
8967 1231
36 1694
5742 1750
4267 1491
7543 7097
2350 4859
9622 2781
9269 3151
8083 3291
7186 3009
7556 3774
6556 4828
7480 9148
532 935
2899 9359
9868 3308
8832 2224
4372 3772
9795 5718
7882 8202
6460 407
7056 7342
1290 8211
9080 3349
6564 5604
7197 6005
7542 4239
9034 7259
9058 5438
4 8534
7397 6480
8300 7974
7364 6303
6623 6305
7616 108
4817 55
1384 2867
3048 8367
8586 9068
9154 1712
1101 6837
5445 7100
7512 2215
3318 3653
4257 374
5901 7730
5723 6411
7698 4741
834 5567
6020 6634
8475 5830
1367 5801
7497 6148
8016 6713
3441 8311
7591 7998
9585 4126
1678 6602
5618 5018
8442 5774
7702 5506
2603 7067
8210 3438
7371 653
1588 7732
8702 2853
6485 6158
626 8260
8639 3736
6632 4636
1988 3623
1329 2260
301 9897
8030 8058
5160 6139
4375 3883
4748 718
9443 8341
8732 7283
4252 1682
3423 3557
861 1229
6636 6569
9814 1959
7085 5412
8122 3459
854 2209
4243 34
8453 4461
9266 7230
1100 8277
5955 5309
4012 1040
7488 8138
4647 7149
9455 4779
4840 2481
5382 4750
4157 2976
7702 4017
9171 1987
527 7610
3783 9043
8852 6556
8796 733
7039 5780
7224 2793
4686 3074
1275 5904
6798 5839
4549 8697
7365 4903
8582 787
7978 5776
9504 1062
4127 1366
7234 9644
630 7428
7098 3340
6561 2583
5762 9548
5891 802
5608 9081
5427 3327
9572 1889
273 1919
328 1626
2518 2096
5454 2090
1861 5438
7078 2068
2916 5259
8155 3449
9488 4756
575 9023
8746 6068
8061 9412
6729 3082
5134 4744
228 5946
4147 5508
4836 4269
5790 4267
7433 552
3975 1092
1077 3541
6596 6178
9144 6356
142 4724
1220 6973
8596 2242
8262 5106
1410 6989
4244 1337
5780 6716
6757 2726
5776 3793
8682 1464
7671 3591
8391 3880
1737 7734
8320 9598
4779 2785
5513 9462
4615 913
5984 1877
2307 4588
1580 8689
1169 1507
7564 7750
6036 3235
7763 4469
7028 9618
2999 2987
9000 9636
1018 4613
5202 7331
3565 6781
7125 7191
6514 658
9318 2482
192 4921
4010 7841
7478 526
3415 5682
367 4629
6540 7598
4090 2293
397 6494
7462 6301
695 4350
5512 9721
8083 7173
6562 3829
763 6965
6921 9360
7427 3570
9631 4352
7664 6142
3400 8797
2255 344
2334 637
7167 4289
7246 1586
6213 6398
5436 6477
2996 3846
7350 4797
9370 2604
1385 316
8869 107
1169 7602
9046 3675
2889 8860
7376 9364
4663 1013
8011 5445
3156 5417
9276 4258
8204 3517
7911 7550
7011 5573
6689 2031
4925 6099
713 3548
7101 6405
6044 6430
6474 3274
6470 6538
7619 854
7496 6153
7456 4768
3390 9919
660 167
9873 5429
8215 8203
3037 9242
712 7123
7439 1044
5547 1665
9559 5885
7902 1448
80 2830
8240 5873
7576 4432
5799 5040
5886 7668
874 6259
5763 6551
8484 6391
7209 824
271 1886
6695 7140
3090 837
433 8071
5641 8897
9471 6953
8923 8545
3550 1761
843 1001
1766 1915
6150 5512
5305 3434
7617 9263
7825 5536
9830 7650
9969 6267
7658 7759
2111 1051
6767 5336
3328 4398
1412 3
4753 3981
4145 1129
5614 3263
6658 4238
7855 1749
4310 2630
9325 1075
5168 3334
7784 9803
79 7569
3602 6865
4426 5851
6635 2776
7020 7313
6218 5871
9219 396
9416 7097
8429 536
3278 1907
8732 8387
7299 5681
9509 9247
4669 8588
3387 8495
1641 1128
9731 692
7234 3714
7815 2713
7143 3074
8355 5323
989 7739
299 4552
6639 4709
3277 4543
3110 5598
8658 4277
5514 7717
6895 3359
9620 9320
4752 2183
8216 6268
9186 2568
7154 5461
650 6593
7981 2695
8165 4236
6433 2631
7430 7695
6270 5269
6631 1047
7814 2595
8999 4970
8355 9069
5747 209
767 3973
6659 6892
3359 5389
8010 4577
6458 4623
8409 3828
1109 9456
8762 8790
9604 4383
5896 2826
8167 8617
9118 1083
9794 5567
6944 7239
6065 8088
2009 3081
7765 4907
8257 3383
6976 8130
1245 2806
4711 9445
6399 4298
1694 1060
9257 8085
6035 5455
422 6795
7199 8710
7111 4396
544 4950
513 9020
8193 4256
4827 6371
7056 5749
1371 7738
9105 4028
3071 1928
7364 4818
2027 9476
6 9229
1558 1306
1678 3586
7328 1081
5591 4794
1035 218
337 9450
5270 1935
583 8688
6144 4677
9903 4250
7978 8666
6679 9158
9835 6223
8632 8638
2880 2989
6467 3273
6455 1169
2826 7075
4782 7607
8829 4163
8022 4400
9286 7822
9680 5009
6244 3874
8494 8825
7502 4778
5389 4528
4381 5169
502 7665
9129 826
1682 5761
3327 8646
3659 4689
4202 7826
3314 2934
3399 2520
6311 3352
9286 1648
2178 3834
9342 4438
1260 8633
797 6657
7072 6190
7266 9439
7512 6462
8685 9537
220 3643
3984 1574
8701 5051
5353 1262
7154 8107
1934 3780
9470 6730
7864 7974
9024 722
7964 4943
4500 4729
1489 3100
2256 2976
7019 6606
6198 1209
5050 5546
112 2137
261 3657
7236 6311
88 9593
3234 5933
8089 9381
3527 8666
8193 9438
3309 2027
1339 1597
3372 8499
7111 21
9275 3700
3187 6238
7304 3570
8532 4824
9802 7566
1939 6143
8681 867
687 2960
956 9766
1314 2011
1713 5692
6993 7855
8684 6655
8582 2214
1254 4360
6030 7515
9495 7099
9512 4299
4485 7951
442 3142
3377 1514
2855 8757
7036 1903
9064 1520
3014 4091
7202 623
188 6120
319 7357
6870 9195
53 5437
3651 1120
4337 7046
2277 5639
7418 5243
4556 5400
7114 6000
310 6611
265 9349
6640 6760
5900 2291
1603 3308
8120 6050
2589 3753
6443 4381
7261 1337
3227 4454
4467 9734
7996 6630
2583 4877
6113 4856
9642 4906
531 4499
5247 6583
8820 7952
6237 4518
5229 9131
6268 9237
19 3011
8814 4350
37 3819
4937 7710
3383 2994
7704 8686
400 380
7552 3862
8314 1970
6194 9143
7185 6320
5246 3971
4017 7417
7959 5943
113 8954
9734 8120
6355 1369
8590 1087
5472 7172
7280 9526
1105 2532
2302 2746
1202 8063
8157 3154
8330 9498
7755 7052
2744 4067
9715 5747
9693 6668
5536 6002
6768 5227
9311 6458
584 5519
8931 6173
7405 2485
7499 4335
4615 1764
5792 3726
2228 4099
5485 6723
8191 5272
6709 4825
819 9600
2668 355
1784 4243
610 5935
670 3963
6098 4792
8722 4211
4961 7719
5027 6501
4036 4894
1022 8629
6466 3804
7627 8037
6237 1995
9946 6406
9388 3900
9506 7302
2832 2398
1782 5055
6074 9292
429 4035
890 5184
4456 8792
7282 1744
9849 5318
6058 2760
6465 9042
9335 4050
3328 4268
9692 6539
6349 9998
4646 1281
4778 7099
8668 3937
4404 4148
8344 615
6573 1526
1653 3089
2076 3192
5758 7500
3428 311
3146 8734
7898 7294
3106 4353
693 135
4943 6361
6355 2484
2626 6991
9009 3317
6387 4358
4589 7832
9634 6156
7590 7726
1563 381
3452 2091
9683 800
2528 1598
9924 2030
7795 5448
7692 2354
9691 3485
5850 4782
6791 8517
2147 1354
875 7870
7468 5992
437 3443
239 9874
1065 1322
9399 5713
4938 5575
9533 5649
5288 2426
6498 8507
4435 5634
4595 3371
8848 4499
584 2796
69 8766
5871 3686
9067 8478
8194 4160
2342 3757
9687 5190
8210 1889
1073 7575
6584 9341
5345 1482
9011 8704
8763 6912
4254 3091
166 6847
4526 3900
8432 6152
4877 3605
4018 5601
5594 4414
3771 6892
1195 199
4156 6962
7015 4787
4370 9816
4187 8648
4249 8708
7144 5732
9866 5043
8252 2262
1419 8817
8663 1796
5980 7846
9858 5569
5515 1515
3984 3872
7194 8828
1342 3995
6449 1800
6999 3112
829 5581
9830 7025
6452 3653
1801 5633
837 6115
272 9312
7132 4809
9155 8283
6762 1334
6560 6569
370 4141
5851 4308
4823 7249
8851 3563
84 751
7863 4627
8618 3742
2408 662
5955 6472
4722 8486
534 5538
2134 4974
2898 3909
9851 6050
3679 3491
7118 8041
4807 6500
6823 7571
1965 3596
6521 3742
113 7817
5696 7537
2260 6402
9295 705
6287 542
5416 6436
6309 7471
7333 3778
789 6006
6357 7138
9194 9405
2153 8612
8244 5621
7256 2511
7223 3088
1197 8460
3174 1238
123 6855
9637 7881
3002 7547
7023 933
1020 4333
6482 6207
1136 3727
5281 855
8307 9208
8953 9585
9187 7537
175 3231
3148 4339
8490 7380
9729 5376
5214 4248
9815 195
8901 498
9422 5862
6251 2295
5003 3247
6149 4462
5808 8370
7406 68
9057 6380
1716 7052
3855 4847
6566 3474
4628 5965
1964 8056
6962 9338
4777 9737
6802 5673
6844 2637
4195 835
9999 4166
4549 9176
977 310
3967 7774
9588 1599
9782 2367
8162 7648
9958 1775
7719 7307
6942 9601
7800 1001
7494 7310
8924 3891
7797 703
9729 4813
6991 4740
488 4296
8629 6831
6022 3077
3721 5516
7535 4988
9971 4696
9186 4426
15 3968
8247 242
638 4361
1051 6516
2360 4497
6123 3509
6747 2141
5687 2161
9060 1698
4544 9996
531 4127
51 4456
1291 3586
8602 1759
7965 4814
9639 1984
7161 6517
5545 5087
1794 4880
5993 2739
2618 9693
8924 174
4352 8900
5331 7723
33 1527
1328 6743
6835 7636
5104 5465
9482 4787
5006 6098
6435 9099
3147 6896
9127 5498
2814 9352
459 709
4463 3496
7828 5882
6534 8704
7031 4784
362 8589
7704 6341
5919 7088
9164 2239
7608 5061
8181 264
105 7657
8074 3026
503 5451
6648 9341
8955 8373
1815 2390
5552 6634
127 5810
5870 793
5124 2666
5805 3818
5923 4712
3399 727
3464 3071
272 7783
9960 7942
2592 8740
9543 8556
2398 6659
9872 5964
4841 6491
6463 2195
2657 4267
8396 8930
5547 8760
7309 6043
4215 6860
6056 6422
7422 3705
6298 8665
90 6412
5876 5000
2521 7008
7992 4501
4799 909
9203 1681
8986 8099
2765 6587
2314 235
607 9038
4642 144
58 5598
3176 3906
4881 655
8303 3575
4627 6437
6426 6985
2172 8638
7994 6388
1313 5120
5783 4785
9857 5416
8907 3847
2623 4494
7893 6198
6684 2971
4263 2605
9338 7746
1850 4278
7509 8423
1424 679
7008 6451
9096 8334
7062 271
1340 4593
8067 7374
8810 2759
2605 8654
5493 6685
2186 2254
9758 6884
9522 6119
9124 5026
3735 3859
3984 6815
5309 9493
9766 7876
5277 8723
3519 70
8947 4575
6832 7928
7010 8688
5876 6544
5104 5654
2127 2855
8912 7829
1612 6812
1512 6874
4881 8736
5416 3418
5044 3775
6661 6073
7327 7883
6864 6432
6560 5203
4497 4545
8957 2768
5154 119
5991 7675
5057 452
4721 2223
9252 2541
1210 3920
3173 7380
7949 8926
7493 2001
8493 166
5521 6342
8372 4306
648 3779
4870 2817
5279 7977
4772 67
8842 7638
3491 4814
6507 2091
8871 3909
9552 5290
2561 8290
2092 4550
3618 7218
6767 446
93 3153
9211 8380
8905 2675
6243 3186
8317 7120
7593 5628
6156 3941
8351 6475
765 3667
109 4531
496 2496
6000 166
7328 1129
259 8676
9015 4654
326 8437
498 290
6736 8838
7151 2664
7875 4681
6813 3837
5830 4077
848 3005
7425 2351
3175 6661
2882 6116
7614 1728
947 4825
2933 8417
5636 3285
5503 8354
8597 5847
6421 4494
1030 4715
5688 6077
6554 6420
9451 6523
9637 7696
5442 8761
1706 7105
1231 4597
9978 2741
6151 3973
1777 6985
9831 5697
8884 669
793 9740
4963 1677
6680 5899
3370 7357
5412 6909
9332 7073
8809 2831
9526 6121
1665 1159
6898 9626
1153 984
8061 2564
480 2059
3482 8069
5636 8091
7064 8238
3265 3116
6104 3995
5522 4542
8496 2613
9308 2528
118 3777
9847 6189
8837 6326
5846 7793
7298 8526
3673 5277
1430 7132
938 2240
1325 4635
5566 2491
2949 2213
9194 3301
4376 5370
7155 3229
6892 7959
6768 1019
7383 6247
936 1763
313 94
5227 4085
5666 3903
8723 1972
7897 4145
9053 6048
4335 7072
9528 2894
4247 4744
8159 1112
383 4596
8519 637
750 7507
8047 6425
6745 984
1176 8029
4650 4989
7099 8837
3854 5055
8222 3918
7333 5971
8562 2525
2579 4857
6913 4890
6424 1693
6427 7626
4281 9185
5881 6140
7170 6394
9957 4602
8663 7424
9191 7055
7112 6389
4532 1977
2163 7665
134 4605
7493 7922
8262 2017
6889 345
8500 5043
9320 2338
5412 6843
7114 5243
784 4498
708 5900
1608 3713
7623 7520
6248 5021
434 2170
9401 6962
2821 4874
7813 4355
3227 4515
959 7589
7511 2741
7318 5544
6762 7312
7426 4215
6565 8582
182 3359
3541 3227
8807 3469
1868 997
8284 4596
9650 3636
6955 3933
8178 4321
9052 913
1063 9766
5617 4884
6130 3419
5197 999
5839 3620
9154 4465
5832 6061
2064 4453
3664 8090
735 6271
9371 2369
5438 1182
9200 272
4789 6371
9195 3311
9381 2269
278 3443
7261 4460
2519 4107
4760 7777
3022 4435
1683 8009
7960 2404
3826 6300
7638 3521
4539 3240
7234 6060
6129 9801
7430 7692
4078 4952
9143 7190
7706 9438
5779 4211
1721 7725
1881 4708
7254 7853
8882 5550
4940 6795
5604 5792
4530 6402
4927 1083
9854 7817
5673 4579
9585 7363
8879 6154
923 403
4320 9157
1248 9504
8075 9025
9715 949
8795 5150
4430 8921
3804 1814
3740 4273
7284 5907
618 2813
8300 7278
4134 6829
6974 4375
2191 4775
2275 5412
9480 126
8504 5472
7242 2355
1135 2635
6 8971
5677 5586
548 5053
2343 3718
1926 6547
6638 5745
824 5109
1629 8283
4576 3740
2665 6068
7139 7838
4658 7421
7357 9229
9112 7556
8014 7284
8405 3493
285 6642
4889 4092
926 4460
9761 8904
8402 7810
8445 6194
1153 4624
3739 8211
6493 1553
3227 7511
39 4263
3861 9490
9155 9336
1173 4579
266 1165
5849 3329
5130 4396
6769 4992
5914 8413
14 8528
8520 3577
6656 6283
7207 5110
3196 8174
1537 8131
6772 6350
70 7992
4607 7859
6477 6927
3273 6071
8494 9051
9600 4717
8835 4096
5366 8005
9975 6994
4677 1781
9279 5012
6464 6476
5486 4808
5766 432
9945 9976
7818 7842
2179 5517
3977 2457
8147 5802
6602 3040
4922 6284
9543 5098
2263 6046
7355 2459
7947 9955
6142 5620
495 3929
3012 6743
3283 2813
7130 2462
9029 6432
9354 5963
5073 9728
2652 5161
6184 7724
1084 2230
2061 1687
5113 3613
5408 8900
7418 3804
4415 1770
1424 7704
5677 6580
3373 2827
1113 9468
2114 6838
7726 8508
7366 5721
482 4646
9103 2422
5378 4419
386 8321
2771 2614
1945 2572
8938 8212
7162 8816
8655 7106
7288 1721
450 5754
355 2713
3657 384
124 3783
260 5364
2484 4893
8690 1852
8251 7403
1249 9756
2472 4546
6663 6220
7128 9474
1875 3738
757 2090
5775 2038
1840 2239
2084 5080
9570 7684
4405 4047
5812 3088
132 7636
2816 8641
6878 6266
6351 6520
890 4053
6292 7108
1486 6033
3189 8105
6403 1691
8051 6308
4299 2200
8626 1291
6036 7303
6279 5425
7874 3534
6277 2383
3866 4425
1365 5756
3569 4138
7104 2017
818 8741
4004 4480
392 7586
5886 4568
2226 2530
5154 6339
4724 4311
1636 2435
9216 4674
3750 6707
3251 3576
6425 8646
1234 5020
5029 6465
3356 6487
9521 3445
9343 9000
5274 4054
9264 1537
637 3983
7786 1569
781 5425
4143 1161
102 3824
1719 6876
9575 5078
7748 1
908 9815
6331 8351
4695 8403
2536 1621
9850 2923
5133 385
610 5785
6527 7071
790 7850
7113 4162
9590 5628
2622 3364
8140 2918
9299 6324
3466 5446
4840 8511
8578 7732
5701 6066
4273 7905
5528 3142
7754 7470
4679 9990
9704 3003
9705 3642
2678 3272
7259 9598
2009 9041
7971 5374
2743 2849
6731 8661
8052 6238
6090 3151
8475 9458
5047 1246
8336 4546
9859 5519
4348 5409
2211 3001
5562 2456
7806 1728
2499 6558
1783 3170
6478 4148
2073 1431
7477 6104
7728 9887
8271 1949
3191 8219
7900 7375
7298 625
99 1232
6157 7890
8908 291
263 1111
1708 673
6325 6656
393 9973
7917 9651
7024 8616
8562 677
6994 4428
1703 5819
7669 7455
7805 1903
136 3756
8219 7370
3546 3441
8136 5120
9185 6668
5692 5036
6949 5301
6620 1598
895 6898
1332 4721
9427 7369
5607 1141
4900 8863
6787 4111
5258 9776
5707 7801
2933 7805
950 431
437 5050
9718 886
7328 2048
6497 3877
578 8143
6870 4388
9745 4924
1925 4955
9428 2773
4696 8817
2404 6121
2481 5816
5261 9498
9740 1318
5519 1162
9316 3471
9988 3985
3551 1680
4493 7303
3144 3248
7574 7944
9174 1967
9609 7493
6962 4569
5771 3840
6740 965
7471 1184
6634 3427
7396 1764
1293 3240
515 3912
1497 8668
3995 2838
3518 698
737 8391
3026 6359
3346 5317
9190 3092
8410 8579
463 5829
111 5606
14 5673
2105 3397
989 3781
9020 4199
8904 5973
6958 8869
8200 7843
163 2921
9619 5955
364 4860
5732 2935
4424 5822
1667 7227
15 7601
7489 5243
7989 3580
11 4220
9560 5496
5595 2822
4358 3145
2308 6627
7475 1265
8832 4915
938 1991
6464 5607
2985 3873
7481 5365
5442 6084
400 1534
7514 4266
8895 4567
1904 3891
6885 3277
9789 350
1462 8390
197 7217
353 7959
1943 5724
6956 4325
9115 4691
8624 3407
1979 6815
5833 5982
7458 4428
2888 7565
3767 8702
8874 5275
5101 1108
8075 7285
8503 6042
3739 5866
7954 1747
3530 4709
7540 8065
6306 2536
8432 5694
8680 6469
920 1788
5549 5418
1063 3530
8817 5885
4080 4681
6975 7855
1120 5232
8289 6705
9070 6516
3808 7376
7428 7837
8448 2268
2247 5424
4731 5321
7504 3631
2304 5140
6159 6407
235 1927
9476 1663
9437 7333
8095 7189
6541 1978
422 5173
6664 6515
123 5550
6266 7822
4989 3872
1727 675
1842 3631
9462 9204
9692 5465
2985 3794
5930 7809
7556 7446
3904 5003
139 7830
5665 2815
9263 750
6293 7524
9827 4727
2821 545
3412 7631
3340 5311
3859 7862
3685 4262
7910 1127
6239 6362
6418 6593
5912 3981
9487 7409
8678 3335
9227 4331
6799 7224
4466 4719
1529 1319
176 6190
1234 7292
1802 165
9355 544
3831 4622
5713 5205
6379 599
4930 1332
5222 1440
6878 7638
9242 3269
8923 4455
2232 6929
6954 6549
589 4386
3627 3408
7042 5615
7864 5989
1415 9043
6212 435
8087 7458
7571 5363
1050 2879
6041 5168
8224 6645
1326 4211
4762 6312
6675 6208
6526 3641
641 7262
8301 1388
4983 4675
8635 8323
9763 3748
7210 1011
6676 9708
4821 4798
1223 1652
5863 3189
8425 3265
85 2735
7352 8944
6263 4062
8289 5592
3665 3245
9633 5745
3060 2842
6835 7378
4867 6728
9896 5337
7887 714
9363 1841
7408 716
255 7855
614 8202
9145 3604
1509 1204
7530 827
6289 4707
5594 1930
9857 5466
4769 4742
1296 6923
2734 5314
5595 7938
9389 2099
7838 9466
5906 3104
1410 3009
6519 5290
8074 4983
503 9394
2726 3625
5623 1476
4308 3421
7669 1901
475 9389
976 4487
6423 5824
6113 4844
494 4972
4131 7292
9934 5295
9913 5128
6172 2162
7154 1734
9048 5323
7557 7042
7834 7616
827 3438
9884 4777
9911 6371
6992 7943
8485 4055
9300 9866
7726 4003
5415 9659
8734 8960
1697 1227
9081 6789
8725 3478
9328 4451
8509 1379
6052 3305
8412 4415
3795 5262
6035 3338
3294 1304
6535 6778
7865 1694
9261 6733
6026 7840
9985 4549
6794 4679
4186 2006
3471 7393
9577 9598
2191 3145
374 1496
5592 2781
8016 2627
1342 6088
9000 1602
9483 3412
5236 4250
6905 4523
7612 2924
1471 1893
2682 5489
5899 1332
8229 9164
8599 3779
1895 4328
9113 3734
3910 5174
2672 4370
8354 3803
311 7172
9256 8041
5599 5254
8326 708
5600 8108
7239 6223
3455 9037
9200 6870
9472 5077
5960 5381
8456 5369
334 6230
697 4067
9752 6528
6042 2912
7325 4398
8699 1047
4604 5460
8802 5898
1284 5705
6258 4149
1859 5118
4931 5747
8112 9773
9399 3794
2962 2472
8696 6266
1066 5603
7165 7805
9 2632
5345 3872
6106 8171
8976 6148
7327 1343
724 8885
338 7129
676 6599
7820 6581
7276 9864
9877 7838
6905 7598
8918 6449
2996 389
2326 5519
7912 9149
9835 7060
5751 6909
6396 1426
9383 3637
584 8716
684 7082
6428 977
3043 3308
99 686
434 6274
6652 6734
2655 6057
8951 4895
7784 7004
5423 5191
7299 4747
3443 3255
5796 8856
8786 7164
739 3769
8706 2970
671 2322
3116 6014
9435 6526
7985 7825
4666 6272
9269 7698
6765 3362
7164 7797
9881 8198
8561 3797
5379 71
6103 4037
8247 9464
1618 3017
8503 9161
8085 4218
5593 7089
132 4622
7891 7321
7578 3892
85 6496
988 1574
6317 3858
7170 3774
9852 4440
2735 2871
6133 4680
134 2574
8558 5461
2050 9369
5704 7428
9116 3510
2817 8723
6306 6715
2010 1275
3317 8780
4683 6063
7475 451
6068 4564
4332 6250
3017 1550
5757 6099
4630 7112
507 7262
4879 5601
709 9877
969 648
129 5101
1479 3342
8803 4689
8455 9375
4084 7703
1205 7132
6878 5025
209 7847
1244 5030
9026 2788
1109 9006
8931 3948
1098 6898
7149 6198
1958 5541
5565 7460
9431 2958
4112 6731
6299 8916
5797 4733
6077 7756
9167 1084
8786 5822
9656 1211
6550 6404
6438 3719
7021 5989
8258 5144
9128 8676
3875 4172
2414 8049
1629 6776
4666 2944
3831 3082
255 6865
6759 5467
444 6764
315 6879
3797 3434
8206 2860
8318 8928
9471 2720
2437 7070
6296 5827
8097 5963
6350 9446
7489 7275
8110 1472
7698 2430
447 4833
9975 7218
6355 7467
2029 5568
7977 4181
3862 9147
6233 9692
9951 2552
2970 8714
3369 3801
4937 1218
5557 4575
6348 3613
8032 9607
8228 7038
2404 3765
9424 9050
9592 6419
8754 7269
8368 5742
6023 8138
5947 7362
7795 3894
9164 6615
6340 2597
7313 3332
1775 3311
9624 2291
6179 2356
2665 1567
6735 5203
566 6850
234 9760
8746 2668
2391 2388
5844 4887
797 4918
9154 6556
2065 2339
3240 91
6706 5912
6888 2950
9033 6387
9940 2890
1502 3515
1394 7890
8223 4074
2592 9975
8192 3677
2044 8120
6038 6055
2082 5379
312 3024
3954 7674
7012 4396
3846 8077
9157 2908
6364 4885
9188 7819
678 8864
7643 4643
9649 4538
6894 620
6157 5723
5976 7634
2197 6362
7472 4882
4405 9774
8579 9818
9136 8460
5029 5171
7202 6226
2255 3455
1361 4935
9480 7452
3265 6243
3618 1406
6365 6897
7857 4356
5934 7650
5273 1488
4274 9560
8655 1074
8119 4477
7834 1312
7457 4772
3210 9811
533 1117
5195 1955
9220 6831
3461 8117
8057 3720
999 3512
8777 4275
6818 1230
7272 9048
9125 4500
6809 7826
9990 7651
5552 6743
8384 4236
8241 3662
7537 5532
9601 5368
1222 4092
1812 3140
9379 1239
3535 4107
5153 6108
4790 6699
8534 1268
7238 2997
339 4768
3761 5739
2021 7986
4793 1456
228 4937
8246 757
8798 2482
5281 2442
4023 8368
750 7493
7770 4440
8774 8955
2926 9260
5455 6944
7570 5025
7599 5726
7640 4037
2416 234
7815 3809
2412 4959
8177 2441
6317 4586
3953 2539
8562 6941
9843 3399
2887 4959
9762 6214
5195 4667
4376 363
7636 4682
8728 2436
4460 1939
6454 6927
7046 6573
1190 6206
1513 968
8618 699
7372 3710
8670 8214
5890 5020
5817 5710
7210 2601
6370 4839
9559 2606
4281 6151
9193 8110
4002 5238
6054 7464
6842 8742
1356 7154
8426 246
3909 9662
7296 5162
3103 638
7213 7342
8629 6203
3142 8702
7661 3718
4734 7910
2055 9235
4811 5390
4723 847
8723 7945
1076 4898
6659 2861
3653 1576
475 6186
6861 4015
9696 5189
6767 7763
8465 3341
5061 2949
9508 6306
9754 3558
5597 9079
4325 814
761 4863
7032 2971
2990 4278
7038 5903
7275 5358
8322 9011
9533 8177
9112 9581
9802 9762
2665 4831
6078 3996
7206 5608
9687 363
8644 6214
634 8299
9024 5159
7849 991
8001 8444
4303 3633
297 4863
8786 4469
3565 9531
1244 1933
7562 116
9181 3012
2788 9610
7743 1625
7022 1828
6378 3483
1302 7014
4817 8176
6936 9638
9610 3539
3075 1157
4040 2068
6665 3927
6297 6914
2004 4438
9949 9771
6733 5229
8746 6295
7362 9638
5430 3801
4269 211
5962 5244
7768 8986
8804 3388
4628 2251
7423 4521
303 3206
1094 4459
46 5765
9377 1745
6319 4471
9373 4484
8994 3670
6221 8743
8728 6934
1013 2026
3441 9198
5616 1695
8568 5898
9934 2952
8480 3570
9693 7212
1949 1832
3082 6003
7197 9375
9253 8044
1957 1319
3008 1479
1670 5692
9651 627
8582 9458
8164 5269
7988 9244
7098 9904
5298 7899
8851 2937
4907 5799
6610 5656
7226 5659
4535 2665
8414 6733
9331 2463
8768 3289
5134 6865
2245 4179
9237 8234
1271 1758
4567 1799
1084 5315
4425 4375
6823 9160
1622 2860
6713 2118
5816 8023
7172 2403
9018 2309
9592 5779
8855 790
5663 4519
7810 5548
6495 5278
9594 3115
1046 6083
8953 5684
131 9086
5745 7153
9643 7299
3532 3932
6799 7998
7243 6726
5113 645
8487 4083
9686 4407
1692 6729
1872 1183
2257 4902
8470 588
6045 4947
4099 1656
13 6569
6845 4744
1876 3934
442 4467
8993 5180
9058 3360
7843 59
7225 5379
8176 3093
6665 2948
8501 180
6262 7927
1279 5233
3529 3768
8599 6350
2152 2354
1133 6576
5007 6890
4658 8722
3912 8380
458 7053
1719 6794
7560 4823
3976 4995
5660 372
9515 3854
5915 6489
68 1771
2025 9358
325 6537
225 3152
5892 8464
3577 5784
8212 4991
6349 4623
5363 2606
9645 5
1272 3499
3601 4276
8434 5979
8790 659
3182 4329
162 3109
6583 6143
4198 3219
2855 5102
8012 8851
8313 9193
7482 6821
2258 7448
8989 2831
4603 4328
8539 2487
5163 171
2284 9958
7657 4435
8235 2197
9052 4405
9270 7782
7143 7368
1587 5307
8368 511
4302 4578
6263 9655
6440 4858
8802 3597
8389 3953
9216 8835
1799 3621
1332 8585
6315 4597
9109 8214
4498 2396
1817 7058
6621 7040
359 4524
2775 1513
6787 4942
5799 2852
9014 8448
9604 3066
6714 7325
9916 8027
4191 5928
6682 5801
5550 54
5185 9755
2831 2209
4923 1353
9820 4532
5876 978
3577 7920
5014 5443
5296 4338
5663 5300
5404 2861
9621 3541
1249 3702
6992 3374
3248 7758
8852 5780
8877 9516
1463 1567
2143 9139
3509 3453
7123 8795
7360 8213
4062 1158
9551 4074
210 5679
1574 6107
1577 1157
4758 982
9548 3281
3686 5085
6399 5559
5960 5926
4893 7744
5294 3069
6121 7951
2814 9707
3824 9341
6485 4737
5714 6809
5316 3767
6388 3986
7912 3612
8443 8203
4656 4367
8947 4996
9592 8935
1469 6188
5330 5772
911 6126
6470 5223
3856 6906
7450 8398
615 8198
5723 4656
2577 9484
3265 6623
7057 186
601 3052
6751 1836
6088 9894
8407 6048
294 8678
5084 4790
9712 4812
6214 1604
1525 5507
1347 8655
6082 4831
5323 4025
6875 4467
9419 9370
4648 9750
7171 4236
3700 4578
2454 6128
2146 1811
5253 1458
179 9199
6206 1726
9771 6681
609 3599
696 2255
7772 8933
3878 9135
6187 6587
4682 6156
4525 3240
4733 6158
9416 4130
8996 5722
9791 7390
6119 3046
229 2388
67 1572
2524 4335
5743 4681
5345 7826
8409 4097
5630 8187
9439 6305
9514 7647
3747 4090
1446 7990
5342 5811
5631 7671
6458 9106
8400 1028
2909 2065
6527 6883
7479 2082
7798 7460
5193 8734
7294 2036
4102 7943
5286 8898
2079 3422
5406 2547
7682 2037
6467 3166
7773 2155
5649 5688
6132 4344
6887 3459
6147 2703
3234 1838
2234 4878
5102 5182
6673 948
5367 4662
2846 5112
8267 6460
1138 7311
7528 9046
9238 1709
2720 9322
7460 6367
2341 9447
6538 3998
2484 4773
8103 8580
9037 7438
2528 4025
3340 3940
9817 6088
6241 6865
6158 9082
2237 62
5523 8571
6574 4301
9550 7141
2952 1212
8113 3912
3316 4643
8369 1623
2550 3383
6724 6847
3926 8709
9563 327
9605 5922
1789 8250
2577 5593
820 8388
7987 366
7849 6848
885 3013
6547 7456
6161 5434
6456 5059
8072 5671
6304 6129
1068 7456
9585 937
6288 7582
8227 3515
4318 2951
1594 8963
4171 1440
7956 4449
5380 4172
9812 5531
5581 3933
423 3224
4466 4771
8815 5607
9153 7063
9454 6008
9347 3401
7192 5369
9194 7710
3151 4807
8360 9241
7338 5544
1431 4717
5371 1184
5111 1782
3626 606
7779 4011
1466 8912
4026 6175
6755 12
7171 8292
3255 1831
4662 5073
2817 5806
4249 999
3567 2591
275 5150
4098 8414
1610 639
7814 5402
3963 6240
5178 681
7853 5064
3949 3861
9843 6183
1878 6991
8475 1620
8316 7454
9085 4518
925 6319
7796 1453
7171 4104
1838 5993
5577 6405
7538 5066
8548 2485
743 5497
755 4568
4858 5900
8464 6692
2390 9394
1584 7015
2368 7097
6107 6984
8772 6515
6400 7502
4646 1937
1182 1006
6834 2775
6415 9473
5063 8641
9944 4117
4082 6739
5986 4600
7620 6838
7033 3106
4290 4638
5962 5411
7846 2162
6818 7318
1556 2765
7350 7593
177 7169
7434 8755
2733 8928
5678 5773
7426 5107
1283 3774
3151 5425
8352 3323
6048 5720
5552 6078
9347 3322
7284 4650
3266 1147
6277 4533
8514 5078
6225 6292
373 705
8915 6819
9412 3424
4692 7785
6385 6402
3620 5472
664 3779
6149 7357
4549 3427
7508 436
1894 908
767 1921
9748 2218
6614 7807
8191 5044
211 656
210 7830
4544 4931
8024 7792
3962 1802
1477 5292
7777 3081
6088 6542
5866 6200
6456 9449
6743 6473
6958 6132
3988 340
7086 6583
5678 9303
2161 7277
7660 4374
3969 5430
9638 2450
4703 9626
3825 2978
8694 6553
1209 7998
1662 2318
6522 8059
2031 7288
9183 4916
7481 3217
4411 6835
9703 192
7766 9967
3450 6312
6386 3071
4155 9632
594 1672
7483 122
7063 3700
768 8655
9612 316
6819 6723
6814 6379
6106 8773
5845 101
5199 5588
2606 3947
7927 8356
6665 4980
8922 4420
8273 5997
2020 295
411 7455
7362 5551
9805 8416
9348 2084
6700 8320
6794 4986
9124 2726
5676 2520
9576 2069
2616 4382
8129 7012
5839 2928
1285 2074
8343 9866
7641 3932
5018 4334
9766 4650
4513 9716
6588 3029
5316 1180
6983 1572
8190 8432
3598 4842
4702 8541
1506 6866
3027 7241
7307 8206
7319 7277
6024 9874
3622 7535
6297 7525
7806 6577
6037 3922
4645 3432
4675 7512
8742 785
3944 3506
9202 1938
4491 3904
4838 1733
6847 7295
1864 400
2039 2912
999 4567
4727 2841
8555 6449
6629 4039
7399 3957
4635 6635
3744 6198
7955 9544
6181 4559
169 9829
2533 3016
6982 3561
9528 9291
7473 3798
8455 6568
4813 935
1766 7691
9138 6746
5364 6757
8529 9792
7777 3512
9348 3415
7743 5069
7963 7287
8339 9789
8170 5550
2677 1559
7742 4322
2370 2341
7527 7780
4371 4979
5700 2905
7556 1018
1388 5519
4644 9167
6158 8334
6402 2544
8754 5025
5337 5603
7124 9066
3919 2202
1542 5289
8782 7460
6478 5427
6388 6702
7324 5340
6312 9043
4994 2352
202 5147
1306 8846
9355 6948
9453 3090
5648 6784
496 8748
5192 3535
5508 5727
8352 4735
57 5668
1805 5002
3270 4021
9815 2395
8228 1437
6936 5766
535 6353
4360 2079
4303 9910
3697 1469
8528 4560
1702 5641
6409 8171
5118 3828
6410 179
250 4090
7996 3652
7442 5466
3166 1173
7312 3370
144 9477
7059 1648
4159 3728
457 5857
8380 9253
5933 9652
235 3714
255 9816
5174 5813
76 7104
5757 2192
3308 8180
6536 947
2349 4539
8772 4236
8088 571
7728 3971
2743 7095
5411 9031
1391 1695
8067 5773
9399 2654
5896 2549
8139 1862
7017 5922
9923 853
8300 4668
4595 3345
7803 7245
1463 5627
9578 4992
3629 4168
6525 1151
6857 7259
859 615
3631 2672
2677 1627
8628 4712
6855 8502
6313 4018
4714 6204
6190 9280
2862 3743
9929 4939
6431 5178
2825 185
2190 3875
9679 8211
8935 6710
2870 9461
9706 2386
9996 5114
6853 6978
4265 3954
9076 6312
1966 9886
6498 3259
6129 8051
7991 88
9069 8524
5063 1611
6498 9796
9650 4719
1348 2495
8242 5978
7634 6738
6041 6029
7954 3481
3000 6672
718 2449
4357 3152
9916 3269
3983 7637
7869 6231
6212 2585
8521 2252
3021 2715
2229 6687
8100 2609
7485 2979
9570 4564
6552 1764
9549 1768
6438 4631
5696 6209
3325 739
2843 736
7166 6767
8709 2959
8364 7391
5237 6045
8205 6809
2568 7563
4994 1628
1449 4724
9873 5396
3279 3373
5816 5348
446 4231
8907 9188
6242 3241
3048 7089
3001 6748
7586 3919
622 7318
4785 4500
6641 3596
5137 2673
7267 8259
8839 7862
6542 4822
2918 8857
8279 7939
8704 7408
7477 4807
8578 2610
5823 8518
9945 4467
2004 3683
3329 2160
2743 4022
6104 8918
4928 7531
8996 7822
3325 3330
4071 7321
8570 4452
550 1389
3459 297
4251 4929
5875 1753
7102 5522
8783 8064
2047 5463
9908 4009
5983 6655
9486 4545
1501 2257
5924 9458
4996 7382
9018 3393
5892 3211
8097 2003
252 5091
9720 7987
6025 9109
6006 4629
6260 7700
8887 7124
9116 4732
9823 8758
7135 6062
1892 9187
8395 5349
7405 6596
8950 6096
7921 3480
9460 6841
8670 2292
179 2118
8703 3637
4900 5943
9872 6004
2219 4189
5269 5288
7663 44
6642 6142
5532 5109
2973 2069
7655 2785
7191 3324
8722 6107
3775 5847
7445 3914
4003 7660
6403 2719
7273 2575
4063 4449
4608 6198
4515 3755
1337 9597
6655 6848
9740 3996
7577 8355
4994 5187
9471 1364
3208 2851
4641 5328
806 1946
2898 3830
591 745
6758 8558
8804 5371
6441 4192
7033 1300
3053 4010
1038 2080
2204 6657
9957 8144
7754 9169
1675 9053
7876 7883
7968 6654
7204 4043
5769 702
7543 3243
7590 3998
2476 9223
9408 9026
8938 2395
8585 8400
9595 1389
782 410
5872 4893
9159 5144
7587 3003
1563 5297
18 2350
6542 4314
7971 9530
7517 3698
9058 4725
8108 5105
9313 4951
8594 2231
8986 5724
4930 7096
6081 2010
6219 5852
8810 1418
1184 5893
4668 3541
5184 6575
6443 4964
7795 6055
53 6383
3063 4111
6547 5960
2760 6325
463 5729
6411 6853
3876 6880
5667 7604
5956 9427
7728 4954
8810 4693
5798 7269
7498 3674
4906 4887
9776 4671
5473 2261
4215 2525
7671 6756
5952 5642
8352 738
7242 8299
846 6261
7561 5083
9438 1121
4058 6375
274 6974
8962 3757
2128 4260
2790 7614
4683 3165
5637 7859
3696 1943
8330 3665
6604 8025
8444 8382
3602 2954
8599 6226
388 6335
6802 8656
5677 6066
1277 7894
6187 6811
628 2789
7005 5228
4417 8886
7833 9288
9373 7690
1976 5572
3583 6337
489 6629
8388 5201
7166 2944
7343 6512
748 6102
3652 7339
746 5238
5349 2692
5303 7945
4902 9587
3276 6944
5604 4904
9592 6515
5789 5852
5820 5202
7688 7836
1788 5699
7397 2439
3288 538
9260 2514
9123 7878
6175 1350
3082 7465
5578 1481
2231 8268
4617 7630
363 9512
5843 8545
3998 1586
7119 1397
687 9464
3686 5377
9323 5562
6580 4916
468 7821
921 1939
8302 5281
6440 2398
8831 6039
5377 2083
9653 5329
5852 6513
2660 4055
2751 5405
9241 5092
4432 7947
7093 1586
3883 1474
5757 5579
4471 9982
3843 5458
5515 6231
3872 6684
7307 9809
2243 3780
9051 1036
6062 9783
3988 5031
2579 4079
7035 7256
3880 3633
7987 6656
871 4817
5103 8515
8847 5299
1430 85
9272 4539
9365 566
8303 2691
1348 3170
6912 891
5124 6359
8529 5663
1348 6324
3774 2604
8343 1457
5511 6475
8979 5576
6157 3617
6998 4987
3713 8717
7208 7197
4586 2603
7934 7826
305 218
947 9484
9734 4583
8937 9672
214 5203
6989 7503
9633 7389
1582 6733
8053 9359
4200 739
4146 8087
6775 2740
2166 4165
2790 2568
178 4849
7746 5802
1365 625
981 3897
2321 6146
2004 6210
8430 9588
5391 8126
8342 1073
2849 5218
4282 5480
9106 3391
9326 2640
7567 7614
7949 7679
8372 2120
7912 5811
232 7542
7663 4060
67 2227
5642 3520
8708 5573
6540 6885
7625 8090
7749 1969
8695 2113
7711 3663
2925 9656
8135 4112
366 3583
4020 3628
6320 8134
7199 6827
1877 6882
6464 2931
5416 9192
4860 4773
6156 1768
7173 129
4370 6077
3449 9410
1419 2513
6198 4882
2321 8737
6595 5750
9053 4988
1205 7135
2011 6710
1131 9815
7927 8525
275 5400
3148 5109
7251 6441
5876 4171
9275 5158
1502 7893
8451 7340
5526 6946
9271 4635
1863 6825
8881 3662
7804 2052
7489 6326
663 9430
5689 2106
1770 7950
2763 292
6050 8915
8118 7473
7507 3347
1728 76
9088 60
2115 5854
4756 2059
6887 7281
7787 893
7867 8241
8576 3039
5814 6544
1067 5295
6877 4240
8796 5378
7631 1669
1254 8046
7246 6968
5850 5312
3656 3676
6980 5536
9600 3079
5576 1545
4746 9426
804 1515
7409 694
4568 6158
9014 4446
8337 6153
286 7712
4047 6163
7844 8206
7389 8565
4985 1198
4890 2358
9014 4567
2909 5445
7258 8496
5407 3816
3473 3043
6955 6014
4076 2784
5181 8613
9024 9577
5051 7271
940 2328
6629 9348
4307 3740
6437 6145
9580 5486
1198 7174
2070 7103
1397 6071
7730 7272
5255 5357
6794 4968
226 4395
8437 344
718 656
3553 6031
3034 2662
7963 1858
8255 5413
5098 2912
2522 5641
5769 5591
4791 6138
5591 9382
7180 7905
3736 6623
5909 3477
6941 4627
9923 1088
6051 6041
7101 149
5106 8522
563 5871
7916 2698
3520 3184
7610 147
7626 2572
8376 5019
8188 7708
8857 2619
9340 3490
8287 3220
1813 7944
5710 9696
995 5770
8969 3964
206 4792
1751 7739
7914 9926
8203 7319
2739 3800
1883 5801
6391 4967
9412 5823
4647 8721
9305 5202
8278 9011
2103 4757
7395 4234
3009 5731
9086 4791
6200 6540
5036 5685
5647 3358
1039 2793
7779 7499
7500 8084
6468 4490
1215 9785
1005 5545
8307 6342
33 3399
4757 5344
349 2881
8739 5154
5626 4709
9681 897
4623 3250
5739 3310
8309 1261
2472 5862
6668 5207
674 7838
1056 5725
1116 1538
3213 4998
7613 4833
3148 1836
7846 2267
9105 6806
6672 5154
6274 6168
8598 2437
7211 4277
7794 9287
9031 3716
9757 3362
7661 2756
1052 6612
2482 5371
3825 492
3673 9483
2342 1577
8279 1758
9710 7279
7051 9485
2204 7655
9458 3308
4051 552
9063 3681
9047 7874
3999 4068
289 186
483 1220
5627 6720
7118 6169
502 9046
8392 8064
1391 4226
8267 8298
18 5671
1767 7896
8224 2185
9117 7192
5379 1528
8336 3860
9296 226
8807 5431
6613 6010
5656 3233
7279 7268
9473 4208
5861 7543
1317 6239
3629 3666
6160 2214
8971 9181
9035 3689
1244 5882
6922 2685
3051 1595
8465 8942
2966 4934
8590 3689
1353 7222
6905 9807
1208 6309
2328 6340
1173 5305
1870 5876
9959 8746
950 8121
7505 8203
1364 6943
8371 5119
2068 8227
1457 6124
6420 4867
8315 4931
5507 1379
2198 8687
4278 8531
5417 2159
6058 6622
2861 6035
7972 4713
9966 9701
