3802 5690
5087 1853
407 5347
9971 8180
5811 2850
2419 8174
1461 8178
8945 6508
7059 9832
6634 8902
5748 2622
5815 1629
1021 8256
5469 992
9288 7261
1640 5790
1463 6911
9231 45
7168 3588
7806 8305
2933 5254
7964 3909
4681 6022
3812 7559
8025 5316
229 1503
4250 322
9327 9030
1522 9827
2837 1466
2815 9032
1430 1378
7849 1599
123 703
448 234
251 5584
2168 7356
3152 6294
6432 5
60 7184
1471 3486
64 1183
1163 2323
7852 2139
6232 9864
6363 3968
905 7397
2538 8996
1343 8791
3261 6587
986 3306
305 464
1618 1038
8271 5627
9406 6424
1660 4418
4999 9821
3576 7537
8295 2951
1014 8629
5661 9122
8699 6949
9057 241
5772 9892
2029 3884
3296 6557
5579 314
7728 746
4928 3996
3818 8588
487 8940
5401 8794
3845 5200
1591 3779
5097 5121
8779 7857
278 2306
3108 3594
68 1493
1036 9569
90 1023
291 5214
4134 3209
1561 5081
1085 7717
3015 9014
8678 6219
896 1550
9304 2709
7707 1063
8234 3209
2557 5776
9032 8558
6342 9724
6667 5054
8252 8568
7973 4686
2412 2052
8857 1737
3623 215
6401 6517
6325 3489
2015 2352
8365 9384
1710 5917
3559 1627
3794 6634
7248 9772
783 1972
3358 8440
1429 9960
6699 4467
5677 5496
1463 9436
8684 1943
2049 2592
7157 4234
9070 3147
6257 6192
25 3848
9452 5952
1525 7281
7632 3480
462 7003
3708 2793
1688 1273
4635 5398
5884 7300
6417 3562
1533 9249
4959 3243
6017 3628
6646 8754
2620 206
4662 6174
6386 7366
6518 7522
6572 3328
787 1178
5737 5681
157 1011
8689 9884
673 3816
9454 5486
1078 9500
7014 6827
2995 5637
6362 4686
3736 2868
2338 7030
9117 9772
9922 6530
8447 6271
7382 6701
9854 882
6756 8639
18 3713
7022 881
2528 630
9241 8239
8355 8789
1540 2862
5306 3606
9755 4380
5290 4830
5362 9136
451 5564
6640 4505
9884 6372
783 4926
8628 8668
1965 7003
1034 7433
5736 9848
7582 1352
7874 4907
561 6166
9324 908
5022 827
1836 8471
5967 5701
5105 1993
8468 5767
9294 3365
7259 1493
4792 5855
4090 6337
4115 5347
6010 7360
3236 9845
268 2399
6677 212
7384 6978
3546 9778
9351 6356
3484 4433
4512 9305
6313 1332
914 1729
800 6582
2400 1063
8011 5046
2989 7056
1155 8207
4288 6335
9895 7395
7653 319
5541 7124
6056 888
9302 1108
7278 4350
1775 9763
400 9213
3753 928
1172 1327
3823 4370
3397 1000
7581 6458
2104 6676
5101 35
6442 5138
5361 4281
4136 6708
3405 73
2311 4875
6062 1884
8007 6687
7293 7115
7492 6507
4550 282
5602 9712
750 1876
734 1343
6455 768
4279 4370
1453 5645
2265 5294
7533 6400
3753 3506
8583 7678
6520 9235
2397 3235
8783 9429
5392 1392
653 78
2475 3010
6059 1828
3862 941
8036 7401
9992 7933
8822 1665
9665 893
3676 9301
9532 4161
786 9359
9862 360
2401 967
3584 4235
1403 818
8065 7176
484 4978
8042 9673
6190 2782
601 9471
3135 7499
374 7442
5995 3482
182 8440
1458 8984
2743 8328
7182 4856
6431 8600
5008 6087
6401 1029
637 2954
757 3544
252 7987
4322 7947
237 8618
20 9852
9930 4691
4357 4935
8558 5607
6679 7510
4782 5838
1802 3522
8211 9700
5038 5269
3276 9972
3343 348
7589 4698
4937 3416
2523 2006
9620 4357
9383 3367
2695 4449
83 4781
6707 4468
4067 2715
4277 4245
9760 3061
2831 8925
5359 3755
3466 5006
7767 4862
1225 9674
9681 9332
1722 1849
1567 743
8245 8772
4916 2367
5151 9589
3217 2171
3610 2102
1216 5774
989 1153
3382 5887
4715 4979
8044 272
3882 9098
3581 5723
1251 4950
4429 865
4435 8493
9971 8855
2149 623
2864 5035
503 8884
4544 7618
6626 3041
936 2737
7967 6454
8574 4099
6272 2930
1351 5315
8400 5932
2185 4723
3360 9645
9838 2862
3318 7433
6128 8025
5026 8802
5089 6872
3137 2029
4152 546
1064 2346
5225 5605
2910 1959
2946 3602
6392 2944
2338 5180
8119 9803
7331 8067
9674 4807
3072 9605
2771 2029
2466 3379
3639 6454
8262 9744
9492 5971
2164 7888
4013 5325
7401 4985
2259 3961
1540 2059
1650 4671
2389 809
8992 814
3049 330
3588 867
3554 2946
335 8750
7858 4793
7716 7598
3714 1622
8008 2751
8520 6080
5112 6707
7872 7064
9298 6347
6428 3674
8439 6128
6107 61
5463 8361
5662 9510
2909 8405
1020 7634
1881 1897
7566 5277
7303 2194
4450 1905
2937 896
8357 4988
7976 7777
4896 8492
8623 3683
5563 1115
5084 4527
4466 6171
60 9416
8117 5164
5370 1070
437 4155
1677 5005
4032 5017
8982 1118
981 2040
9553 597
4571 7927
877 118
4246 9793
2070 627
5464 5700
7711 4718
9534 4906
6937 6758
3124 3687
3131 5568
5222 7456
9631 8077
3669 9529
961 1522
4049 6781
3709 7615
5486 7916
2426 7334
7858 7639
1796 522
8838 4132
4408 7774
3403 3236
2298 1527
7900 1755
6766 4529
152 1100
4714 9628
6249 3256
8431 5299
1321 2420
4385 943
9305 7223
2246 411
703 48
5317 364
380 6454
6531 3706
6827 5690
3048 1974
9864 8018
2288 1468
8369 9507
4566 7383
8057 1772
9142 9430
7079 141
9696 153
4847 5861
9145 50
640 1402
2324 3232
5558 7350
3232 1623
5026 3059
8692 6605
8215 6680
7866 5745
9630 3074
6340 8180
9361 5838
7408 5806
9885 4532
5274 6436
666 5080
2665 7968
6714 4836
1277 6173
6210 2859
1132 5526
9380 6467
6748 9974
4115 9163
7886 5592
1655 174
9626 4550
2508 2076
8409 4815
1941 5412
4964 8852
2646 4935
44 6443
7135 5256
3568 7610
4750 117
6567 4277
136 9600
5093 456
2560 1606
9117 3710
4677 6930
2593 965
8701 5754
4124 3748
4604 5139
7346 5597
3757 958
4129 8414
760 3105
6522 1070
8005 5125
2022 5434
4169 4285
9838 4274
3353 1484
3239 5583
3340 4174
1402 4450
6426 2715
9657 6333
887 6219
1182 5736
7092 1613
4050 4283
8673 8391
6824 3232
4147 2940
2893 3323
6799 4343
2420 7011
5696 5713
1276 4179
5420 7764
4966 6096
1091 6348
9375 9198
4416 6632
6439 9140
4397 2189
8323 9567
7194 9487
933 6176
5542 6414
2294 146
6920 324
3356 4373
5593 1949
8679 4920
4493 2772
98 8879
8133 7083
6276 4544
6245 7180
5770 5904
8645 290
3688 803
3187 3224
2650 5271
9633 1333
5495 2932
4798 3758
4233 458
7035 1455
9915 8522
2967 4281
3290 999
5277 615
7197 7640
679 4673
3075 2242
841 1473
3786 2519
7812 4651
47 2366
6550 9640
2390 863
3630 895
5794 3591
1796 6927
1207 9501
536 3065
7276 1880
6373 6021
1860 3276
6171 1376
5816 7564
9924 7779
7537 6243
8225 6351
4265 1540
4480 6080
8907 5109
2967 3839
8603 7327
566 9723
547 3065
5485 4259
1 7470
1055 8315
399 4483
2357 1183
4948 4212
8308 2053
732 8335
1607 3580
5284 1357
3455 5067
9166 5467
9336 5649
1103 1310
5886 7999
5557 8992
7334 4826
4978 3394
5302 6672
7950 1833
234 8566
5635 8538
5452 1183
1171 1979
4424 6110
1068 8913
4754 9139
3868 9046
5250 9198
5855 7063
263 7294
9575 7462
5657 2123
9139 3108
6979 3271
2190 5812
8508 3241
4062 4724
6378 1361
9194 536
4269 9632
2543 6610
2445 5055
9239 2938
1713 410
6773 8922
3722 9355
5830 6494
3030 9478
9446 4032
7875 6051
6951 5437
3569 9234
3035 8775
6029 7727
8047 4478
961 9163
3168 8028
2708 6286
494 3769
2021 9557
1276 7188
9825 2873
3130 8904
4429 6951
1198 3104
4356 4379
4977 4726
7360 4571
2280 7394
8021 9915
8517 1222
5348 4080
3071 7105
9740 5286
1142 9601
488 9077
466 2902
598 2267
5794 3793
2061 8824
3267 8104
2575 9274
9662 5982
9354 7852
3960 6341
9274 5348
2608 8404
4068 8769
2162 3335
546 3137
8694 1218
1500 9551
7150 896
5653 878
947 7389
6644 270
3632 2617
5304 1175
4104 8025
3091 1704
1590 2018
8109 4621
2852 4842
571 6176
1663 8094
5028 1886
506 8935
2930 2173
5266 6373
255 6357
8251 7198
723 6058
7858 8664
2086 1380
9036 1466
3420 5312
5130 6569
1155 7408
1753 8266
407 2001
1329 3508
1382 6000
6820 7288
208 5211
7910 9362
4548 4241
8989 4400
5890 9074
8764 791
6710 5551
4185 5478
6363 1427
4501 9161
6754 3234
1717 8154
5948 2087
1825 4718
2649 1452
3065 9769
7033 8698
2553 2683
3811 3587
4559 8176
8893 6223
7952 5440
9960 5610
874 1089
7787 6248
1142 1025
9630 1426
4848 2923
4928 4609
5103 409
5183 6067
5789 1410
2788 6885
3587 7504
947 1846
2684 4963
6742 5061
3702 6932
8287 2346
3115 985
793 2547
4917 2999
2304 8061
9574 9320
8132 378
9185 3388
8478 6421
8199 7494
4295 104
6896 9971
2426 2695
6010 9878
1308 8860
5602 7545
8631 9753
4404 6813
9089 5612
3894 9451
3623 3969
5598 5975
5313 4301
7577 6935
2804 8252
5439 8318
7994 3022
3773 2866
4428 4258
8619 4508
6189 8523
5412 4401
6011 788
9663 6651
7244 5540
3321 4812
4390 5026
3559 7609
3612 302
7400 6992
56 2485
5622 7220
3834 2337
2139 8225
670 1661
9771 8934
8871 8677
7659 3432
6638 5329
514 8180
3247 9306
5723 7164
843 8355
3883 6026
5304 801
6909 8717
2888 513
9068 4882
263 7672
3210 1853
6231 494
7614 1127
1290 3166
7795 4622
2582 2634
4876 7362
1838 2338
2849 9515
4838 9995
5338 1421
9148 3669
8064 7240
2375 7538
9255 8117
9040 2796
8360 3037
3792 8206
5579 4499
6576 3147
6813 9210
774 2336
5315 7543
2204 1775
6405 8863
1838 5855
9648 8290
7365 1213
4706 4173
2243 3810
6152 8538
1288 1631
3636 7117
1573 4015
5206 7613
4292 5243
2266 3649
2894 2989
4578 6997
9032 716
6965 9738
1521 8110
4963 3317
2137 916
8848 9647
5675 786
7871 6403
1849 3374
2566 1214
5745 3181
9079 5500
1298 8869
7358 4542
7335 4558
8708 8970
7279 8864
4292 5835
8817 7156
3082 4864
2569 5770
2723 9886
3357 7957
9252 1082
3294 5393
2609 4536
6117 851
5981 2387
4895 6141
366 9316
6353 7628
6642 7502
2687 1049
8141 5314
9813 1657
5950 1209
1428 1879
2556 7921
4392 3167
7958 5085
3138 3846
5278 1984
2303 4213
7444 7200
7061 494
4421 5682
4674 5108
6017 8860
1166 808
1418 3769
553 7411
4116 8321
6197 173
9149 2915
8729 2706
6162 3040
5456 5507
4646 2780
2154 1191
7442 7904
2471 6496
657 8528
199 3220
243 5212
7046 4376
8057 7389
6842 8289
1818 3608
6172 2573
8706 7017
4703 1341
7818 9480
261 7373
1362 5176
352 5276
5939 5344
6171 8885
6837 832
4653 7761
3053 714
3804 353
4757 1439
6451 4445
6810 2806
5967 3349
9349 7365
7910 3124
8011 9097
6772 3224
2447 8609
1432 6416
9415 9826
7818 273
4072 2625
9010 5805
409 5271
1018 4561
4720 3334
3486 8422
182 5457
1804 8624
2019 8697
3010 2427
5004 7415
6411 2255
1951 3803
9926 1239
4569 290
9806 3803
3295 6208
986 7251
1445 7536
3952 6858
6209 7796
9086 8967
1827 2353
8621 8867
6406 8835
6045 8627
5565 7990
4762 6094
1573 3870
9651 4925
5702 4437
7341 2818
9528 9958
3893 7338
447 9659
436 2101
1559 3827
4072 3001
6395 580
2129 5148
2205 7358
7855 6085
7502 6455
5457 4619
9540 3084
9457 7287
9837 2553
6862 6997
8959 4270
2775 5380
6307 7943
1167 7517
3722 1696
3202 6127
6557 921
8862 8511
893 5413
9454 7524
894 5005
5347 2249
9304 6533
6608 3976
5226 1959
8431 2932
8289 9938
8108 4642
2979 8835
8115 336
8278 4006
769 8100
6980 5137
113 67
6193 5023
5513 9465
9403 9521
5723 9194
9571 4086
2878 4299
3162 1614
8310 1083
1002 242
5618 1156
1381 6654
1935 1578
7232 9572
7640 3210
2395 4717
4373 2298
2548 731
5247 8689
231 1388
1053 4960
348 1909
5354 2786
5894 6406
1751 5446
8060 2089
366 7332
6627 780
6224 5759
9464 2552
983 4527
8735 4069
1191 2197
8291 7475
7976 7585
729 7212
8615 6525
6046 8210
8207 543
3679 3125
8773 9033
3826 5538
1742 2054
4085 7684
5948 360
9194 9965
8445 7137
5294 775
9650 2553
528 4202
5607 188
567 1161
884 6466
996 520
3506 2392
3683 8212
3948 3262
5176 4287
5480 204
2408 551
6881 5358
8711 5256
9948 5835
4385 4818
1894 3713
1637 3828
7032 4480
3888 2965
8778 1001
4082 3504
4938 1210
9338 6478
6456 3502
2642 6622
2924 9718
3908 6707
7112 1857
1530 6711
735 2047
569 28
8583 5986
9753 5609
6864 2923
969 1167
3816 8057
9615 8304
5064 9670
4764 6934
1619 5076
3941 7126
7081 4735
7214 9694
65 737
6603 7554
2874 9092
5069 5476
8906 2488
8200 1508
3100 4416
49 1668
1834 7485
6548 5790
1586 6188
5150 72
7546 5306
1268 3812
6238 5749
9297 3662
1050 3589
4742 4155
6336 9438
2014 6261
9596 7378
1330 381
6660 7320
4178 5631
4811 1114
6055 686
3183 4319
5356 1816
3964 1622
7069 5101
6821 9200
2936 8212
4867 2069
7745 7491
1689 6046
1717 1126
753 3557
7745 3411
1200 4542
5998 8880
5516 5201
868 2497
9398 643
5731 2995
4936 5686
4678 2910
6901 1342
6785 1396
7284 9859
837 5146
6518 4435
975 4558
9231 9524
9939 8564
8492 3708
8829 2835
8157 2671
6059 7425
2276 2247
8088 6220
669 1603
5187 33
9544 8829
6299 7262
1516 3727
8646 5235
4301 3323
4064 2821
7415 5080
8269 9836
5339 4079
934 9764
5504 2197
2362 5710
1660 944
1592 3698
3787 311
1894 6251
3326 101
1260 7776
286 1154
8522 5010
5567 1970
6997 2715
2785 2379
7026 3416
1900 939
7092 7153
8067 8752
7837 2813
2642 8342
4815 9397
4705 2584
650 1737
6864 7905
6895 5040
7278 6727
1299 1594
2934 3791
2386 7598
3917 7200
7465 4109
5670 2448
5961 934
1790 8772
2700 7007
9730 1195
3622 1280
6321 8043
3435 7052
1730 3887
2805 8871
8641 369
5021 9478
7619 4818
8578 9856
7589 1906
3088 3453
9834 7452
2251 6605
7177 8270
3519 7288
8176 3810
8728 6767
8826 7073
5016 6259
3015 4264
7948 684
6791 5201
1498 4008
2353 2307
8918 6783
9399 6598
2183 1603
7274 5062
5142 8734
9452 8410
9701 9380
4601 1442
6230 825
5421 1181
7019 6125
460 5372
1943 2974
1483 5699
1251 2158
2613 5923
6823 4200
7993 1608
5301 1385
5923 7555
6346 7429
7319 3734
1004 9757
2812 2955
9257 8598
6089 9466
308 605
7821 8038
3466 4684
8486 6213
4594 863
3424 8595
4951 7930
9598 8194
1239 1006
7190 3862
6743 6260
3672 5812
5967 3595
110 4309
4796 6716
3101 6225
9511 7380
3378 3766
5177 4314
2637 7932
2336 4557
5949 9031
5329 9552
4661 233
869 3758
8738 7820
3905 4693
2320 1593
4420 5287
5910 2111
9564 4371
7984 4850
8925 4384
6586 4582
5655 9442
5679 9799
5624 707
5714 2586
1605 7855
4418 2595
557 6946
4822 7374
4120 2901
4840 7428
1115 3009
1459 4768
881 627
8179 6378
9410 9394
5747 9300
6689 4077
8838 1769
2882 757
8670 3390
1951 9552
3021 3050
4743 3415
8530 9237
6480 641
6876 6239
9376 7423
2658 6273
698 2855
541 6547
1922 6353
3446 8948
1888 2312
2171 385
4189 1795
6878 3144
3632 7768
2453 6635
5658 667
7724 9207
2404 9897
7763 4705
3300 1552
4946 7520
7861 581
7948 9854
9379 9289
3852 1247
2033 7631
7807 4896
513 6434
2455 9202
5416 5577
6335 6786
4528 9989
3186 4698
8057 469
7637 3330
1725 4374
9672 4909
6064 2536
4437 193
8170 9162
473 2847
8101 6295
596 1197
6031 228
834 1025
6433 918
4781 9630
3529 2246
4179 9481
5994 6590
9770 7793
9658 2893
3269 6227
3583 7851
1125 5351
5105 9996
8369 7412
7517 4917
1092 6342
2212 6373
4478 4357
3043 1053
3752 1513
1570 1429
2110 619
6052 4743
4835 9246
7853 8141
2909 2406
8099 5807
7007 9029
4947 1960
2826 8127
7724 7973
7848 1098
1632 2670
3278 8409
3438 1191
8828 7363
1182 340
8121 9487
7020 3319
454 8003
5291 9825
698 937
8384 4060
2133 7624
3946 9568
2767 7910
45 8370
9369 3637
2522 1434
7516 2974
5058 9105
9762 306
1248 8520
4939 8861
8454 9794
7356 3631
7230 4458
8231 3077
3654 6255
1109 6496
870 5985
7585 606
7524 5551
5640 169
3752 3420
1267 5513
671 3947
3704 5860
3268 6461
2314 7402
2039 2996
6870 1132
343 5515
2235 8011
201 6105
2591 6892
8506 3379
1704 4625
9632 2666
5832 1520
4697 2120
6526 396
3405 1339
3759 1608
7852 2481
8619 3148
4187 328
8082 728
9613 6746
7816 3992
6670 2740
47 16
7746 3933
1221 1744
5609 8924
3281 6534
9684 6747
4128 2205
5667 7818
6971 759
9604 4953
6058 7595
2690 7355
5221 9084
3911 4728
5544 2126
8601 3871
5849 9821
5935 5394
9338 1168
9379 6124
6036 3231
6450 8240
9297 6728
9818 3727
6078 5564
8442 966
4347 8799
5305 8502
6136 28
2873 9704
9165 7898
714 74
72 2785
8831 9836
6906 1006
3920 9233
2545 1742
3076 6333
7698 3571
1560 7241
123 7274
1417 22
8680 3079
653 794
5984 2141
1973 7716
2322 1454
4722 1468
3297 6988
2980 5066
9184 932
6688 3132
5973 8519
4161 9658
7042 2317
7458 4218
8181 1809
1321 3831
2449 1242
1845 2296
8839 2977
513 625
9940 514
9710 5421
1686 6854
5997 7398
2506 8579
4587 9779
6156 4947
3900 447
1468 3598
9448 3327
9834 4531
5081 8486
79 7765
8764 6199
2496 1946
9629 4957
9216 3327
3949 1103
2046 3588
6318 1989
8307 446
2121 6391
9800 5714
9011 1767
4907 5394
7355 7354
3943 9811
4929 228
642 6134
5036 6218
8511 1831
3898 2871
6411 3994
1020 4215
61 5041
9011 9701
9049 6960
6173 4472
78 2362
6394 4148
3892 8287
2500 9783
9213 6546
9773 8603
6366 8371
4420 8298
5313 7118
9199 2302
8049 5546
5097 8927
8029 3618
6580 4580
1236 1880
7244 544
8806 5875
3871 3932
1368 4924
4728 6441
3791 7551
3350 9269
1079 4003
8377 9791
3901 4161
1385 6675
8886 6635
7041 7368
3407 5760
1559 9191
7947 3912
9194 1274
1993 263
1074 4194
8195 7131
7057 7497
6065 8634
4250 908
4418 9123
4849 9575
4191 2664
6154 3909
8074 2532
9811 7635
7988 8881
9882 5071
620 7235
5514 7605
1129 6294
8274 8605
2238 1477
298 2875
2405 836
1660 2668
2085 3369
9700 4663
7606 2440
4433 2964
1182 4477
3973 5608
7128 6464
5947 4733
8908 354
9577 7831
4511 3678
6044 1138
219 2070
7650 1557
2167 8376
880 769
8693 2536
5733 4521
1391 4075
8944 24
1753 6413
3262 1301
2384 3247
1627 3793
8190 9391
2899 6810
9194 3060
1460 1586
7398 945
4717 9808
3542 1439
5427 7689
4164 9861
511 8728
363 3646
8792 1215
9046 6464
2778 1982
3930 8876
8894 4875
2287 9329
8243 7803
8575 8276
7155 6263
3492 1968
6919 3054
5845 3893
8761 6453
7242 6676
6247 7091
3327 3594
1322 6553
4764 1989
6612 1261
861 8558
5142 5089
8901 690
2581 6635
4064 6452
8448 3899
3591 3007
8017 7998
1599 6201
510 1319
2306 8766
4406 7542
3931 9198
6854 8499
393 8318
4364 3344
8946 1227
3481 5471
5456 3276
7400 6494
5547 950
1570 8065
9879 385
2332 1477
4043 5625
2121 6138
3678 9139
9409 5051
5778 186
3456 1748
121 7872
2318 882
4310 5043
8687 5675
7371 5217
6409 1867
8936 3154
4347 2077
9273 1756
1721 7200
4283 2321
3355 6661
8902 6953
4920 4864
7835 5472
5377 9654
4343 3247
2884 3521
8016 9196
6352 4608
6524 891
1561 2084
6079 6893
3489 6489
5629 5152
8636 889
4969 8260
2104 1959
7391 5064
4502 3132
3301 3930
9598 2697
2962 2249
5470 2769
4721 4896
8255 2136
6355 5377
3900 3966
8903 3340
3179 1200
2607 3189
3135 3345
3749 2750
8000 3014
8128 7629
8017 7569
7784 8270
6471 196
2293 7092
7355 5612
8992 685
4891 5549
2890 1605
2786 7375
1112 9939
3746 1526
9719 9766
2243 7621
3637 2522
566 2074
6637 7439
3875 8995
7064 6200
1087 4405
1994 8987
8133 8925
372 2824
6564 1605
2138 7167
9898 8842
7736 9639
1320 4505
7405 3123
1021 9541
9867 9879
8477 1393
9207 2141
4053 3766
9610 4480
7547 5808
7335 6154
2909 6532
495 2907
2344 9463
8022 2102
5971 515
5890 5545
173 8225
4863 2938
3702 691
1939 1951
6264 6631
8864 2044
4417 8486
3689 2563
4027 343
8003 8252
8286 5571
47 1417
53 8587
7491 614
4649 9788
7763 4227
9667 3549
154 1701
2268 7774
5462 5094
2709 2003
7362 9895
823 7579
1614 8337
1516 6984
5790 4751
3567 4104
122 9602
3986 3270
7391 7226
5808 7959
9155 6504
7131 7760
6797 1993
4350 4607
7815 993
171 7077
751 7423
9712 5496
4559 930
2717 9545
3956 4572
5738 5742
7472 482
6088 8255
7003 7588
513 2239
3505 3360
4719 2501
1108 3351
3563 332
5191 7680
5609 1023
7489 4448
8539 8621
1588 7492
9664 5963
4449 1714
3306 2719
3223 8319
2640 6012
5537 8330
7157 2002
3368 3718
3609 8799
8763 2155
4120 8197
5187 2740
8252 2619
8321 9808
3507 2493
2963 3790
8705 1059
3567 1460
7237 9592
8588 3857
3746 5340
9069 8102
3135 756
5163 144
5168 488
7327 9256
1872 7506
6393 986
9968 2428
8770 7927
8221 20
1352 6918
1600 789
1527 6397
7533 6449
4837 5878
4278 9792
2992 9994
8037 734
6439 6299
7733 1262
5695 8245
2637 6504
5151 5637
9386 7125
3648 886
4372 917
1932 2258
1968 6116
1321 2104
7943 9595
1968 5069
1701 2739
8062 5759
6525 192
5115 7498
730 7648
5962 6616
2592 853
9723 8184
204 8248
8395 1744
5469 6575
8146 4423
9989 4031
4135 9180
3135 3589
117 264
5631 8744
639 9465
7724 5309
6922 3638
3097 4236
8416 7522
909 3583
5547 6471
6397 6678
4561 778
782 4939
5964 5749
1953 2922
4162 436
992 2426
1697 7840
2714 4188
8103 888
2545 8580
1132 5560
162 5244
635 1492
7928 4455
9280 6004
5918 1674
14 771
6885 6980
2611 8947
1815 611
9311 8629
9858 625
1683 2643
7137 906
5970 9690
9872 8265
376 1631
9539 5086
8637 2770
8418 1420
5995 8592
6779 8637
161 6257
47 9124
2715 9404
5337 1129
3613 1886
6304 1820
6019 4051
7035 9623
8441 9782
9705 4314
4247 9500
200 8477
2347 8311
3386 2984
2761 7133
8196 3949
8328 6054
7043 4266
1440 6294
6461 2598
9623 195
3474 9634
4775 9740
845 8070
1256 8873
368 1766
958 4978
6015 3945
7823 7760
4054 6947
9706 8716
9000 7773
985 6545
815 1667
9151 1260
7908 8743
7921 8453
3903 2469
1406 1061
8026 1272
6764 8476
912 9305
2822 336
5567 9659
9 5044
1406 1182
6240 7917
395 1552
8056 4948
389 5221
832 4478
5507 4023
4963 3105
8419 7107
687 798
9763 4752
6055 980
8739 753
177 5772
8513 8812
9528 2670
4245 5871
7264 7620
6267 3724
8073 4460
5256 8066
6641 9563
3449 7105
5817 5366
7981 9045
9067 5025
1099 6353
614 8267
5868 6499
5906 604
250 8515
9486 5130
9491 1044
1763 3256
6687 6538
201 6529
2314 4564
8053 2545
1822 6990
8531 6492
2571 1601
7827 4124
2663 6788
1898 6167
6935 7111
9117 4751
8050 6798
3841 5484
2906 8882
2553 5051
1887 4998
9099 2869
9940 5434
4824 3379
6330 8586
7601 6046
4862 7054
7429 1095
2260 5593
9966 2575
3850 9222
8177 8084
9378 604
6831 8464
7555 3836
8971 6861
5211 2899
9294 3350
2819 1019
5863 3993
9490 4164
2348 5719
656 5728
2177 1636
6929 3643
1380 7250
1164 9581
269 8207
4339 5198
6328 7856
6864 1191
9023 6512
5020 4778
1141 1841
9335 9901
9385 5063
9161 6338
7202 7952
4521 8184
8533 7937
4996 1243
6261 5075
5710 7941
2861 5822
2393 1287
806 2773
5603 6768
5140 591
7554 3169
1210 6276
3474 8092
9085 9860
4994 8242
2319 2361
6323 6168
7498 5869
7782 1198
8924 6357
230 4841
2465 6737
8917 9350
3571 4884
389 9035
3352 3160
3021 5504
3885 3394
6257 3575
9947 9959
3734 2444
3486 9512
7595 2782
6483 4561
8059 8026
7457 5477
8847 902
1437 279
8873 5506
6134 364
2756 1651
9197 7552
7981 7032
3100 148
484 9406
2826 4231
8689 5402
7536 9920
9184 5115
4521 4614
750 9124
6183 9543
8163 6002
5802 2203
4469 8746
8421 1278
6731 8301
473 8671
9129 4748
6011 2727
4498 4199
2017 9969
4582 8771
4506 5780
1557 5029
5834 4528
5034 7885
8899 8608
4336 609
5852 640
4409 2585
5379 1854
4448 2284
5872 2955
4982 2339
5207 4901
3206 7861
8538 4027
334 8791
5756 4850
248 4257
8803 1679
6077 4383
6694 7735
6563 8972
284 2086
72 7828
5788 1513
7071 8624
1675 2122
2850 1823
2703 8943
4145 394
3845 8504
2888 7942
8592 4505
6510 5820
796 9966
2620 5683
372 3259
1469 9951
5016 9870
6982 8380
8059 4577
2811 3386
1997 6808
4758 8033
3449 4087
8965 3043
9944 3098
3564 6777
2101 5855
1382 1738
3794 5253
7627 5004
7658 6340
7090 5065
2521 9595
9616 8638
7429 2023
4156 8759
2934 2301
5253 4871
6521 7015
5255 2665
5647 7390
1097 1811
9034 5105
5468 9081
6980 7650
3864 5968
8939 9419
9229 7946
3398 8649
9977 6011
7250 4141
2816 2672
1290 5602
9127 2313
2638 7217
7462 1930
2276 3603
7666 3911
2824 2159
9002 4240
9747 8006
4506 2573
5436 2443
4567 3980
3488 45
9979 8248
1577 6840
429 331
6082 7923
915 6906
4668 1295
8537 9105
2350 1579
8352 9325
2374 1118
8579 2807
9807 4357
8452 1985
3837 4642
1380 2367
9138 3444
4601 8946
9166 281
8273 7059
5603 1522
8042 4157
3843 7695
1581 9308
1718 7098
1109 6990
694 3220
387 3743
3985 3856
406 7139
5010 2832
9590 1874
1839 4597
8590 6311
9485 1528
5436 3879
524 1065
1591 7393
8292 4294
6165 8310
826 6772
2935 3345
8971 2367
1259 7822
6844 2448
6 5690
6537 9121
917 7304
8876 3941
2556 5685
5809 7601
2959 3594
525 2471
4681 926
5966 5454
2185 3274
197 8388
3796 4562
8565 1554
6707 7946
1048 3168
9776 5500
93 5190
363 2836
4823 8872
7355 8251
4265 4343
3714 6455
4224 2770
6717 9428
9298 1381
9831 1652
6487 1503
1337 1850
6963 9605
8039 6826
1069 2301
2313 641
5667 6581
600 510
8714 9624
378 168
1960 9827
5528 6651
2894 808
1999 5325
3261 3719
7163 3075
7595 3523
2372 4789
2200 4039
8282 9822
3914 9387
4383 7916
2223 1892
5182 7074
2085 1204
2303 4810
5259 2073
4677 7841
7545 8667
4665 2354
193 3811
2608 4628
6159 9685
1793 6630
3058 663
736 6426
3483 3027
3638 4621
6237 3044
8516 6215
7067 9917
8717 5976
1375 8224
7121 9628
8666 4698
4921 8443
4236 1170
3274 9282
5268 9840
4335 9672
4834 7104
8659 615
5324 8954
2395 7098
960 5780
650 9001
1362 9961
3377 1008
3683 297
4457 5841
5537 4753
2173 754
4387 6011
9113 6568
2948 3756
7550 6987
7490 1752
941 3636
2135 5831
1417 9523
4021 184
6323 6722
2520 8274
1180 1595
4264 706
4193 4438
7674 125
9800 5498
994 7713
3365 2071
6059 3535
8048 1763
7507 4563
4513 6779
201 7259
7492 9624
3958 1538
4699 2704
1903 246
3561 5285
9944 3597
6871 6917
7129 7478
2289 4604
2377 1004
3025 1225
6299 3493
1542 2539
9668 2359
5473 5602
1369 4984
2892 5368
6368 159
8661 7695
3485 6821
8836 8221
2755 5255
929 3786
1291 203
7723 5052
5166 1119
8645 409
5394 6086
3252 5135
9156 7879
5935 4454
1631 6515
7169 2786
1783 3122
7142 3326
7221 209
2140 2376
2882 5430
9482 5955
3780 8300
805 2393
9293 3989
4059 518
5238 8740
4629 4431
787 2874
4205 2154
454 7131
2102 4312
5180 1272
2435 4229
2032 9437
2339 7150
5069 2609
4260 8334
3993 9939
6132 564
9144 3586
4250 8060
4227 8830
7381 3045
4897 9978
5470 3195
6753 9111
537 2833
9697 2873
3672 5171
7589 5855
7802 715
9944 4820
8164 6702
3324 3828
5843 3039
3384 166
9402 4244
2515 7301
3277 1208
3571 2594
2397 7696
860 6101
4889 7484
8716 7686
8344 1169
7882 9180
3949 5061
9101 5955
6778 2485
2008 9698
1960 7964
4190 3137
3777 1278
3057 2386
2243 1644
5467 8521
9322 8290
7606 2492
6616 1524
8706 595
3320 7576
4465 6351
4986 7780
7372 460
9918 6227
240 2060
2500 1017
4766 6464
509 2450
282 6608
9741 1053
7898 398
5824 3523
4118 9784
4155 7865
7420 8852
6440 8572
4501 3025
528 2705
5720 554
1203 3783
7719 3671
1048 9278
2103 283
2724 859
9544 5854
9032 5450
2120 9497
415 2131
9309 1005
4261 131
2591 1390
9082 7378
3414 6567
9489 9193
3403 2473
545 3301
8681 8202
644 1028
1349 7004
7511 9518
7375 2275
1486 1236
7166 2057
592 8314
3804 1073
9731 2781
7592 1347
4676 2170
6257 9729
2458 4378
4642 4508
473 8743
2998 2787
2880 6178
456 6709
731 5224
277 2802
8470 8237
5464 4737
7965 7957
674 7699
2305 5731
3101 9048
6444 9726
6695 6827
7961 6158
4094 4019
2147 6956
1672 8383
5780 7063
4725 1270
8154 9010
7381 5825
9936 8931
8434 433
9149 6831
7247 119
2298 8269
5066 8716
21 9345
7409 2746
7113 5902
4779 1748
7223 5252
1305 3741
8476 8256
1363 713
8489 1550
2290 8916
6171 3002
7874 5074
1797 123
5407 4713
8643 4474
7855 752
5324 743
6043 8078
3565 4926
5901 6682
159 4875
6735 842
2972 4533
4489 7647
546 9606
2283 4846
2649 4149
1195 6982
5195 3500
8581 2791
4840 5258
1056 9011
2360 232
8585 2388
8634 5956
5285 5729
7890 4226
3088 412
5632 9745
1470 4571
8696 1586
5805 7458
4788 1661
836 232
5198 3747
657 3384
1959 5149
3891 7273
680 3260
7569 8843
4303 1740
2781 7822
5751 819
1279 9446
5630 492
4046 1037
5314 1720
5532 5326
6839 8859
4533 6753
6530 2627
6449 1470
8525 8254
4220 5246
7078 5061
261 3518
2135 1042
1801 3906
6740 4544
4586 1287
7171 8931
4850 3548
3945 4610
6539 4675
8784 5044
9219 6433
7452 175
5679 7429
4273 4560
9493 4457
527 3650
5342 5713
2172 7969
9147 6156
228 5690
7338 9700
841 7610
5784 2769
5667 6156
6570 7613
6262 1081
8163 2091
6292 5575
4007 9005
5882 9612
1651 8997
2709 8150
3490 5746
7399 9050
5316 8154
6562 2137
9262 9768
8199 8581
2133 7172
5378 2094
3010 5230
579 3422
3159 6521
2128 826
1187 797
8628 2958
8595 6945
2901 9151
6889 8547
419 8509
1358 5230
8109 6944
3546 672
898 3296
4831 999
7651 2868
3838 26
9689 7899
6150 1913
220 7747
9002 8100
929 2730
5230 9002
9672 8605
8217 7012
5879 4200
1207 8309
4525 9600
3199 9208
3256 1340
7870 5857
1438 8326
2358 3344
427 8467
8553 1871
369 1817
6850 2916
1813 9822
6111 6670
5548 3295
3265 1816
5097 8957
7721 7733
2537 848
6273 932
3337 2860
6023 2477
1960 9323
2901 3461
9960 107
7741 104
9475 5138
5857 2831
8602 9939
3910 5502
5206 511
5959 7659
7960 794
8966 2938
7137 232
8379 1680
4230 875
3072 323
9592 7766
1414 7298
4182 9694
3475 713
6352 3281
658 9651
4565 9388
1631 3741
825 4580
4326 6073
9668 3452
6478 3541
5779 3540
1921 7637
9462 6501
4231 5920
1380 8710
4935 411
4415 4051
9572 7312
3944 5634
6698 8361
6356 1198
3936 6389
3382 2605
5943 2722
9595 9487
5309 1766
8686 9905
9412 4118
6314 7445
6727 4645
3815 7388
7702 3763
8252 3907
7860 148
8660 992
9836 8502
3382 861
4074 5289
7854 1767
9941 8969
1947 7090
9200 569
9352 7527
3896 5404
5956 2115
8903 9623
4794 5736
4357 6701
9290 3387
2295 9880
9056 8818
6502 9091
4933 1091
3103 9272
8999 9452
1430 6584
7044 6112
6390 9523
459 1694
8934 3580
7824 7391
3505 6663
7083 7393
1475 5135
174 8247
6252 2513
9156 3521
5041 7962
2856 8361
4105 4076
8759 5282
2855 5921
413 4678
50 4626
1025 7945
2924 2493
5670 966
8149 2734
8592 5226
2352 7636
5154 6647
1262 839
7892 691
4361 487
7670 7179
3420 6322
4142 5260
9815 3705
2687 1223
4150 5794
3480 8443
7530 4782
2700 640
2340 6484
9421 8073
7225 5085
2377 3104
5000 8529
8328 3220
6461 222
5184 244
1147 6325
3031 7506
4113 6262
4557 7959
3208 1460
2765 3371
2770 7650
1164 2249
4652 2756
3198 3374
7385 3882
6096 2847
5662 9974
1880 9185
2551 2974
5462 9391
484 4826
795 9148
8904 2575
6987 2008
7246 5157
7800 2525
3756 3493
6527 5406
4822 2241
8261 2590
2419 1663
1961 9187
4943 9068
7782 5746
2453 4630
4318 4815
9564 5896
1785 8143
4657 7398
1093 7512
9569 992
8313 2120
1675 320
4855 2660
888 1337
3322 4153
2485 1707
4123 7585
4816 5297
832 6545
1131 4892
8476 6850
2587 1610
9178 1120
9075 884
3256 4859
9632 8645
2261 1561
9889 7224
4984 3726
622 413
5460 5641
9542 4901
3749 712
2337 6925
239 9427
2592 4411
9906 115
4307 3339
4552 3372
5856 7159
8723 5104
9924 4040
3306 5861
4243 1984
6540 2580
6220 3127
5322 1748
2481 2257
178 8491
4058 8125
2652 8491
1785 8640
9450 7311
7011 7305
1279 4981
1311 4970
2004 7637
244 2550
6493 4346
4715 2625
9823 9892
2438 4896
2253 1817
484 5578
2494 711
5828 8214
594 5938
7101 6272
248 3086
1790 5964
981 6734
8342 2513
3805 7261
7874 5562
5021 9703
5342 7314
4113 8545
1997 2133
4466 2018
1378 3818
1034 4008
3434 1282
1246 5059
1259 7509
1436 1958
995 8631
6514 7104
9644 53
6530 7048
9099 1687
266 9101
3066 603
521 6883
5115 1888
7042 8512
1235 224
6496 647
4971 9198
1841 3417
6156 993
1702 2965
8570 272
7291 8327
6360 8986
7769 8854
7149 9146
2196 4116
2714 5799
508 2352
7614 56
5529 6735
1763 7122
5106 5585
2327 519
7803 4543
4761 3601
9968 1
7333 1103
8957 896
6956 1116
9925 304
9325 8418
120 2714
4854 5081
3909 7828
4492 5897
6517 8020
7167 7836
9453 1369
7591 7117
1329 9768
451 9765
7189 6319
3056 6276
3059 7742
7261 1994
7049 9988
4100 3050
8338 406
9655 6320
6119 7987
618 6387
7925 3327
5215 7288
5270 808
8307 5378
7272 961
8897 7580
4285 7539
6983 6456
5126 5903
2410 3145
1405 1374
1812 1240
316 7459
25 5297
5672 6722
5561 7120
7054 4952
419 7816
5756 8527
3957 7915
8420 9819
7344 9831
1805 2260
5648 5439
7454 4226
8660 7478
7842 3813
784 7577
7802 6629
5640 3225
6810 6002
896 8168
4939 7729
8507 6539
9092 9407
974 2345
2470 5336
2535 5502
7295 1213
3284 6263
4949 1664
4733 4483
9278 535
9608 3564
2822 5801
7372 1702
7912 1158
4199 4441
4078 4151
5970 497
2370 7333
4358 7588
3855 2803
2765 2126
1520 7284
2107 170
6988 2062
2611 1164
7998 8637
6836 8875
8087 3202
3259 6569
7066 2921
34 901
9584 5556
1312 1777
9288 4511
4047 8463
2210 1880
2035 307
6100 5814
7070 7069
2454 3674
9080 8389
4258 8767
5769 4253
643 1022
8022 53
1500 9947
573 1451
323 2737
3165 4301
9199 2725
8879 5487
1246 8202
1408 801
6833 3318
6294 4730
101 4034
7759 3749
3521 4178
8181 6367
966 3960
7483 552
3831 6474
4405 5514
9040 8922
5167 2602
5932 4620
9358 637
4257 9965
4637 9957
8455 2526
3782 6181
1992 2649
1694 2955
2557 1374
8573 7069
314 5444
312 2402
2178 8144
8172 2480
4651 8148
8044 5412
9823 4096
265 7430
1548 2500
6998 5303
7712 3892
3882 1406
6555 6948
1760 1107
8698 8309
5398 2605
7117 4621
5904 198
6613 6027
4811 3195
4731 9322
8909 6398
1686 2447
8663 1498
1935 9567
5366 3124
2140 2802
3190 3528
1459 5558
5509 3846
5173 5883
7421 7755
7280 2117
5170 7800
9383 2359
8571 5184
6220 6688
2319 9920
6796 3357
1005 5859
6678 1537
7866 8118
1833 6657
1633 1119
8477 2795
6527 2014
2537 3740
5453 2099
7918 2508
3298 8268
1457 2061
5968 7914
58 2386
9183 6569
8923 751
6097 8967
8986 5008
9379 9369
2236 1654
8153 2940
5289 2004
736 4492
1983 9997
6353 5257
6972 3545
7995 7090
4662 5639
204 3850
4402 4288
2617 8004
6000 416
6697 7403
9278 5543
2289 2991
9352 7707
9171 1216
6621 8576
9430 8795
1495 1669
4148 1109
4340 9910
3325 7946
2590 5282
1647 4655
7101 4719
7431 8566
3771 4771
1240 1564
483 124
2925 2764
7964 4047
9497 8411
1938 7729
9646 7753
7552 4776
6693 5311
8953 67
9381 2988
4017 7284
1323 1161
1807 9316
1897 5597
2698 893
6140 6680
2631 839
8806 4635
8543 5164
9577 954
7975 5646
5586 7447
1420 2797
4957 6687
6284 1598
3231 8832
530 3982
1877 8634
4769 4421
2644 7086
6075 1195
1811 8805
9381 8599
1123 6832
4920 7865
6197 4810
748 5615
7754 5367
1548 1763
1162 2185
3728 6618
6213 7679
8219 1387
7962 4
3553 8199
1860 1890
2104 4731
1988 4785
7488 3689
6705 799
2101 8755
9360 8916
2548 291
2683 8292
4302 2786
8671 9229
9397 6889
4840 8999
3620 924
1059 6405
4770 7213
3510 2449
9170 4604
3873 3440
8978 1401
2272 7014
8029 4635
9627 9623
1628 6683
1554 2304
7981 7304
7095 4242
6324 9054
5584 5080
7363 1778
9188 8943
5156 5276
8179 1317
2750 1017
3066 2714
6990 7050
4813 9259
5564 8898
2701 7433
8950 7960
8655 9769
6263 1702
6079 1652
3508 3971
3454 7118
6512 7546
1646 8672
42 6084
1880 3096
3295 9582
3252 315
9156 9475
3597 3467
2798 9944
5661 8965
2255 1559
6274 8899
7755 8155
550 3992
9769 963
6393 899
3364 6275
843 8940
6287 5347
7838 6059
3962 1242
5071 6776
3565 2774
7367 997
3076 2317
3956 3827
757 7560
1357 6838
562 2137
234 93
7976 6824
5034 828
717 735
3054 7523
5168 535
8069 5446
8917 5018
8978 8906
5849 1283
2641 4967
2930 6827
6145 9683
9970 5409
9949 4303
6984 3773
6773 8959
5013 9655
8144 7444
3097 6243
4511 8212
410 1476
846 2272
3055 2755
1101 2269
88 4027
4741 164
9900 4481
8993 5497
6026 1171
728 1354
4707 7612
3572 133
5400 8064
9611 6714
4920 9827
988 9279
5025 3198
6019 8486
687 3689
69 2593
4931 9198
2195 5522
6216 3523
9985 4309
9054 2982
3506 4451
1436 636
7298 3972
1556 7642
244 2422
3634 3589
2365 7636
8492 8503
1992 746
7934 5997
6041 9426
3356 2305
9687 2642
2421 8857
6285 2296
3475 9473
7740 7649
7575 5138
2158 8339
4900 425
6262 2433
8311 2927
4486 785
6684 9481
3786 9190
8571 3497
8811 217
1084 4640
209 8089
9715 5053
191 2787
5181 421
5552 9453
6691 3081
5405 7484
3347 2969
4842 4109
2022 6212
1301 3712
108 5125
9588 6567
1012 9436
1296 4765
2784 9164
2936 4310
6690 1028
4875 2192
7526 3020
6319 4764
7288 2145
7255 6169
4626 670
3282 9269
2979 5030
6163 6358
4035 3090
1448 446
3113 6198
1249 502
3114 9806
1506 3541
4482 5886
1684 5533
4809 7449
4631 6625
6327 7755
8332 1497
6783 9462
2285 4073
3766 1343
5834 4331
1540 4599
6707 1223
55 7853
6120 1655
2145 508
5235 2201
356 7966
7016 3146
5173 8907
1503 6639
7721 9085
6986 6650
9624 1123
317 6025
8205 8609
7527 2803
7 2012
3429 768
6481 1940
1625 7918
8770 8768
8390 2131
6795 1578
256 5870
8804 4888
2294 7932
8747 3536
1254 3171
9490 5566
5830 3003
7198 7071
3978 8944
8770 6445
2476 4418
2825 630
3802 87
3793 4697
2093 2401
5859 3182
2921 1506
8683 3901
8041 4434
3407 1665
6793 5157
884 3237
4891 9291
9 9655
7099 3399
880 9359
9800 2358
9569 6101
6024 4013
9460 9083
2523 305
2968 9323
5650 5529
2261 1059
5125 9579
6603 687
1556 489
215 5414
9487 7910
2119 3046
5783 8919
4289 4217
6830 7388
8022 354
8464 6886
9983 2950
1621 4122
6867 1039
6047 5178
3843 2329
4125 6216
8284 1707
8673 1519
9307 6235
5996 2099
860 5350
2723 7640
4750 5635
5451 3467
304 1870
4885 6210
2316 7666
134 5825
946 519
9892 4013
7154 5926
373 6026
6133 3393
7098 2089
7247 5824
9222 4154
9438 6933
6678 4132
4489 9485
3314 5088
1895 1728
1740 2608
9721 9621
6152 8896
3813 692
9408 8114
2488 3181
7866 4647
6077 3999
2589 4926
2533 9195
4255 5359
1211 9969
2173 4193
3041 3077
9341 8531
4761 629
2249 2094
1019 3746
705 8245
9476 8998
2877 6860
7061 7134
6512 3657
5121 6546
5692 1380
8820 2133
6251 849
6249 4186
5128 8922
6002 9678
620 1088
7206 8131
7084 2772
6997 9943
43 3736
2366 7179
9929 5802
2279 7705
880 8259
8370 2691
3747 2555
6080 859
4851 6025
8390 1623
1468 4982
1652 8775
8182 2411
1256 144
4069 5989
4239 250
123 7987
8029 1122
183 1393
592 2086
8985 1459
5156 4796
4827 1359
6005 5007
7550 2292
6631 36
7933 5211
374 5246
9126 1290
4856 4396
2655 2047
8049 7493
2763 7767
2449 9526
4221 7039
356 7713
8628 3386
2587 1539
6946 1107
5241 6021
6951 6820
4631 4520
7169 8211
4677 9362
5261 7841
6895 8093
7924 1324
2983 2010
329 7300
9692 7928
7257 7627
9363 6706
1369 2612
4017 1974
8994 6314
4202 4908
4725 748
8039 5569
5639 6043
7029 3454
3945 4730
3172 6204
49 4105
8932 8711
48 9249
8157 5416
2795 8324
1612 3780
4173 1416
9664 8229
371 8599
9856 8399
2904 4187
1420 8575
1597 3512
3942 658
4597 3033
1634 8534
9503 8661
3235 6515
5265 6996
1278 6778
4216 4401
7017 4988
4551 6606
5347 9694
5273 7530
9872 664
9047 2207
3717 9534
2986 7100
3006 5766
2389 6063
716 7280
3625 38
5999 7462
7203 3700
2880 5482
2338 9400
5614 3864
2148 4809
5501 3169
9381 1571
1640 3356
7563 6608
8084 9986
1012 9385
4613 8601
1853 5800
8570 1248
5772 5325
6945 7619
8445 8837
5296 9947
7412 3298
6297 6351
7732 3653
5949 3574
8684 9469
7182 6929
8667 1423
1449 2017
2701 7600
1369 9901
4234 1384
448 4337
9448 712
7969 9379
5832 7725
9228 5260
9827 1647
8733 4005
5699 672
1109 4325
9290 2058
7751 8496
5568 7507
1017 2521
2653 1385
3611 3340
8879 8381
2264 9948
2988 7498
6778 8865
4097 6882
5456 8619
4061 4973
1774 9037
6815 6717
1442 1882
7432 6356
2148 4488
2122 4243
4703 2346
4767 9686
62 6219
3218 5987
1096 8132
7398 2584
5225 68
118 2034
5675 7215
871 6967
7915 2810
8779 2511
2214 1943
1907 480
5093 8822
2186 1063
5251 9115
2615 2408
5830 7745
598 3852
5035 3569
8440 2156
1754 130
1086 5104
8491 7305
6806 5287
8798 1571
4293 5332
7646 6432
5524 6133
6501 8559
7200 1363
2217 9057
4982 2817
4753 5697
6586 7098
3404 9263
4443 6151
747 7866
9428 7871
5187 6605
3199 3317
8122 6374
7833 6271
8900 777
9046 7661
6238 6886
6040 8362
2966 1658
9354 2566
8223 427
1781 222
8516 154
1996 9946
5657 5978
2247 789
4512 4025
295 5331
3321 9712
7121 4627
6802 7062
8416 1212
8789 4463
2999 249
5208 5162
9768 8167
9105 7328
9175 2176
9392 1356
2446 4358
8860 2249
3121 4941
2037 2389
1807 9740
7722 1568
4406 7934
7121 3822
636 2200
6892 5921
5202 3788
9075 265
8760 3371
8149 1002
3107 8547
8809 5478
3556 3189
1534 842
169 4656
1399 2869
4210 7362
309 8608
1277 4569
3708 964
7851 2449
3873 5461
4160 41
1723 5329
3046 3962
9610 400
1807 75
6858 8794
984 5929
8805 2861
203 7286
5624 4433
5582 760
5716 760
1393 4528
2139 8253
1215 1489
7782 6792
2179 2404
9495 5122
9839 4932
7820 6495
4730 8020
1338 9143
7771 3112
601 219
1170 2096
758 3320
8225 4450
6403 3918
5604 2518
276 55
6917 3092
9819 6242
4133 1856
9148 4502
6911 6697
6589 2445
8498 8823
5136 3702
382 5032
2952 6955
1080 5828
5515 5684
2444 5990
8405 3118
6660 1049
2020 4881
9215 1351
8967 5450
4156 8232
5054 7396
4505 3956
4286 6248
6909 9229
7759 3249
2767 7151
6250 7543
5498 8847
3383 9985
2203 7459
9158 9875
22 1332
3072 2660
8483 6289
2310 1556
2134 7746
871 7666
1855 8065
1147 8244
5460 9386
6558 5457
4802 9157
2068 8294
9934 6955
9463 5505
5172 6596
3103 7850
1060 5858
4282 6209
3759 3990
8502 4945
7091 4213
591 3838
463 6807
7605 6420
6264 6686
2881 9090
2530 4137
3729 8662
2714 6698
156 9215
385 4837
5832 7406
2900 4084
6378 5889
6849 7726
3248 108
1761 9180
873 4813
3252 2967
8498 113
717 5468
7243 3829
2802 1455
9875 4644
3685 9386
2360 1524
8739 3329
129 464
8704 8704
6789 1794
8903 5652
3597 4025
2483 4977
1219 7907
4801 5632
5205 6210
8851 1705
8843 9923
6897 1219
5527 6675
8758 8832
2575 1425
5343 3821
6378 7420
7369 2611
5970 8120
5107 6439
9157 8928
1702 1207
581 7404
4540 1898
221 2631
2468 1420
5511 1540
4241 2504
1756 4072
2291 969
3915 6949
2548 6489
6209 6951
1152 6065
3655 313
8773 6844
3719 9639
9199 2522
8901 5043
3542 9188
4200 6421
5578 4761
5044 9486
2341 9434
5985 8791
5667 9650
4929 5483
9640 5503
2213 510
7916 7694
2938 9545
868 9931
7143 9464
1800 6464
1142 5969
1283 1249
2645 5472
1982 7114
1952 6188
2492 5415
6145 3249
8872 2611
4171 7251
6581 9185
2749 6589
4370 1718
5808 4539
4846 1647
6622 6449
1486 4745
5013 7193
6678 9239
26 1347
2563 1107
6393 1378
1189 8780
803 8744
9307 9611
3084 2162
9545 7978
3936 392
9434 8376
6220 6122
8149 1367
8812 9790
1933 5154
876 7394
7641 8252
2978 5011
5753 6134
4440 8677
5696 3385
3396 4440
4961 6844
8123 11
8728 6012
2480 4855
5121 3009
7948 2373
5222 5801
5608 6776
2797 9113
8986 4671
1334 3266
2937 6154
110 145
5521 1825
3986 9917
9605 7345
7516 5466
4125 2384
8638 1894
5535 9536
6368 1926
4616 9266
4967 5817
9394 1648
8991 6075
2014 113
2815 6026
4622 342
1523 5245
375 7367
9676 5131
3952 7946
2842 1958
8330 9483
6859 2055
7647 1576
675 425
5377 854
6455 7304
8022 6334
1947 1227
5665 1028
6509 1124
2548 4342
9616 2986
6400 2120
2087 4132
2286 7459
7112 6005
3624 4451
5480 7748
3826 2828
1487 5012
8538 3194
5332 9203
3166 3465
6349 1902
803 4235
3178 5919
5633 2900
6185 3413
140 629
8608 9975
3095 7318
7942 5950
2398 9110
6718 2829
7918 2331
2245 5835
8747 3839
1739 7195
7651 1987
5150 5267
8940 218
9074 7388
8098 4598
5373 2572
4793 4966
1533 3047
3260 5705
6025 219
1343 4872
1107 3060
6525 1444
8968 3555
8775 5900
9600 9955
9201 3793
4020 3070
1323 3294
6456 1731
3298 52
7251 164
1234 1680
2956 59
4948 19
2288 1357
6226 5591
9469 6294
1105 8854
1218 8731
8214 5846
2257 3175
9800 2903
4689 1192
2275 1014
1666 7322
4364 4061
995 4902
1949 5395
3704 3722
176 7236
3784 3193
2898 3100
3785 7996
2823 5141
5982 4978
345 3975
8571 4928
2258 673
623 7366
9198 2286
6342 531
5889 6332
8667 4757
3856 1123
6685 2223
4218 923
4571 2273
3884 1572
4704 7232
9344 2353
1558 9845
4669 6228
8889 497
7271 455
8055 8902
4829 2918
2953 8768
2055 9604
2689 9890
3634 2484
662 6674
173 5988
2667 7098
403 2249
6461 5460
3651 2020
2076 628
1787 525
9393 2487
5418 5016
1959 7398
6548 73
4464 2510
8753 7267
7514 2589
1886 1177
5153 3257
1839 7481
5540 1451
6123 7693
5609 275
3076 1388
9323 563
7678 8820
1355 5274
5737 6287
9712 6158
1036 5679
4117 1890
903 3837
1698 136
5725 2678
5108 2938
5971 9500
1525 2315
6006 7471
1329 1851
9136 871
38 7573
6099 3619
5335 2469
6606 9314
9074 1161
9655 389
3887 9025
105 5304
4967 9657
7179 1484
8041 9127
8304 1364
5758 9634
6520 9920
7468 4246
5417 673
2755 1413
4035 7812
2835 9515
4970 664
3624 5245
6756 3902
5617 1414
568 7751
3703 2276
8178 6449
7550 6917
6201 2862
2331 7622
111 4802
133 360
6416 8119
5316 9006
5397 6450
9454 2977
1821 2834
2929 5743
3500 4549
4954 3665
8203 1150
3399 710
453 5855
8545 621
4179 7695
6680 5088
2089 8102
5533 2416
7921 8792
7550 4126
8233 921
2171 1203
1563 2286
9079 9694
8623 4984
6054 1485
8396 2726
7031 8526
6517 1660
1557 8520
3687 2523
464 486
9586 2183
8419 4063
1146 6670
6445 4874
829 2533
8722 7218
2264 9257
9853 4634
3009 1911
7310 5968
3201 6053
8946 2617
5834 4060
6238 6624
8982 5694
1609 5919
1080 6558
7410 3058
5574 5597
6429 3078
3180 4775
2660 2265
1296 1379
2486 651
945 8211
4410 7832
871 1617
7177 9774
1950 2290
3560 1919
3897 2736
3838 3590
1303 3876
7332 199
9367 3010
253 642
5299 881
1077 1843
5230 5211
9742 7502
7958 4044
6000 4900
47 658
8470 6555
3008 7017
2951 6483
7468 6408
4990 3293
4286 925
4853 255
8326 5621
8488 4222
45 4274
6972 1747
9982 9338
628 9698
2302 4882
5381 6682
8730 6091
4160 7013
2472 2068
2392 3994
3457 4089
4651 6055
2226 4227
3947 8568
4699 1750
8064 8374
3692 3619
1964 9330
7948 3961
2965 3519
9850 2981
2471 5347
5728 5985
3176 2655
6060 15
7174 3907
49 2248
9360 8607
9929 6549
4113 9516
5581 8567
4397 2859
3344 3528
5215 5184
6345 9838
4741 3049
3264 4178
5811 8103
4562 1771
6337 7624
5494 6935
8863 9211
2445 5428
1027 8480
2983 3791
8235 9090
441 3135
1784 8836
5898 4436
5474 4603
7160 2830
5205 6135
4435 8883
4177 8847
7176 2774
221 5239
5958 2622
2157 5792
773 5163
8565 9796
9143 5306
6560 9079
4848 4972
6095 6010
9849 9669
2337 3629
9140 6994
1036 2540
1244 1257
1011 6913
8507 6529
7702 5341
8982 7990
5009 9885
7657 2831
86 2812
1833 7371
7223 7679
9953 4370
1381 2551
4729 1321
8911 5198
4674 6000
2876 658
1226 2384
7484 9827
2599 9654
6909 4900
5398 7199
314 2238
8102 3460
2183 7726
9974 8751
3584 3983
2264 9822
5449 2936
9277 6315
8413 8196
1114 6650
7571 7621
949 655
1210 2911
5031 7563
6733 365
6590 7641
620 601
4735 7686
772 8054
5087 7845
9385 1014
3818 5210
7723 2622
1250 1118
8599 492
2916 7509
9918 5836
8656 3177
1291 9908
3184 3473
3633 3336
9560 5044
7936 1575
4369 2172
2999 1478
8543 9837
8729 9438
4598 1628
3982 9761
1719 4319
8804 4364
5175 6069
1438 5797
2652 7678
3500 5035
3240 5862
5995 102
832 6337
4281 2752
5783 3831
7739 899
3796 5154
1012 683
3852 8617
9356 8273
8964 6702
2634 2803
2826 7403
672 736
984 9373
7916 545
6951 7972
3124 2788
8886 7169
4510 5153
6147 6871
694 3504
387 6471
6516 1520
4413 6159
8406 5899
6016 645
3662 7688
3002 6595
8014 1359
7572 977
636 1698
5895 5724
136 8996
1810 5348
6466 3217
7479 7323
8612 2826
6098 8648
4597 9191
6241 5435
2096 8078
3040 713
6976 3854
2036 2550
5852 6269
9246 762
5688 1364
9038 732
4479 3735
4258 8691
4078 6774
4411 1470
2257 9032
2768 3586
3198 6617
5734 3294
447 1357
4732 4652
7839 2084
1452 4030
4533 4442
2702 5339
2623 91
6435 5448
8183 4782
5844 8390
4255 418
8553 794
1030 8888
5347 4322
8197 9497
9475 3698
6515 5269
7993 6994
6534 3296
4283 9003
6033 6986
7965 9110
353 9548
5567 2497
3256 6692
9916 8251
4283 3526
1548 1243
8620 8674
1198 3116
1920 8699
8952 9672
2231 7837
2895 4848
2528 5320
8343 2394
5330 6546
1985 9767
6930 3538
2021 5260
586 6120
486 2735
7137 4511
704 3897
7027 6625
1365 610
1172 5399
5501 8535
9472 6301
3971 4930
4712 7557
5551 3633
2842 6018
5407 7826
66 1223
4608 1205
9657 7636
5761 6782
7175 2830
4446 2082
8702 475
5735 2528
7027 3834
1670 9072
7182 5061
4912 397
1388 1630
6940 2266
6670 190
5154 2145
5031 7673
1089 287
5202 4522
3978 3387
7419 2385
7112 1447
1250 2046
390 370
4605 2438
7465 5362
8888 5165
1470 4422
3594 1303
7873 7816
1238 8465
9073 9762
4746 4255
4250 9686
4890 220
1329 7721
336 4469
7574 1346
8797 2256
7174 8057
8321 3724
5408 2667
5564 5129
1061 6078
410 8740
4155 4443
7575 4550
7200 997
1015 1357
6863 7498
52 7167
4331 885
9487 6099
3205 7869
6100 2907
9367 786
1218 7435
6135 9775
1543 321
741 3834
8153 6489
3872 3838
6060 7911
8542 2285
7404 7835
8684 9279
7018 6042
8138 6073
100 9328
6538 1160
7960 8174
3884 34
7844 5747
6952 7795
5209 6324
8801 9921
7810 7331
4905 436
3630 5486
4048 3259
7048 9196
779 2274
8828 5486
8573 4967
6797 1333
8004 7668
913 6825
3810 3215
880 5601
1948 7162
7118 1280
4679 5475
9598 4212
1383 2401
5453 3822
5696 6963
8101 2366
632 7313
8875 8139
148 30
9922 2215
6522 7944
4364 9907
4685 4071
213 2347
3422 2005
3513 7556
2759 5633
3333 5905
5266 4467
1049 5736
4098 7428
6577 1585
5143 7514
3307 8067
3298 8018
2668 9837
7083 6826
8253 8398
1047 5848
9118 8139
2292 7042
4945 6748
2320 5303
5207 2961
5564 7170
9220 4107
3034 5814
2528 2973
5970 7565
6782 2525
8157 6946
2589 3599
9746 5735
6073 752
4894 3561
1700 7638
928 211
4279 4685
8265 6930
2985 7921
6794 670
5844 1050
284 6683
2576 2734
4882 7994
5118 6544
3991 2309
8467 7121
5204 8395
3699 4123
8036 7837
4933 6619
9215 6233
3227 1280
2511 4042
2667 2111
1986 6328
4169 5819
5201 1307
9785 7150
3460 2097
1302 8786
3163 2813
4081 1397
8628 4958
3229 8765
5835 6669
8968 2811
8426 4743
9248 9281
7341 7150
6823 1562
3742 8734
7605 4752
9387 9561
9074 6886
7976 198
4590 9245
9041 7877
6248 4606
1000 6367
5444 8258
2591 9366
7460 1866
1130 7766
1135 3909
1735 5136
6202 1763
2742 1025
8566 6284
9199 1767
269 6619
362 431
3184 6739
1761 4721
4165 3228
2900 4765
7819 1516
4599 8115
2357 810
7267 1942
4646 5194
1374 4433
1622 2054
2994 320
6984 2529
4415 6614
6513 3294
3644 7905
6474 4534
6404 3014
1735 1419
8899 562
2904 7987
3428 2022
6891 7195
4095 3239
9144 1039
355 2898
3987 4056
4932 299
3375 8403
7142 7800
4714 4277
4694 8765
8474 7192
1687 5040
3040 9214
6889 6280
6247 1858
1078 2717
4882 5968
3770 8501
5104 2368
834 1044
2197 6431
3051 2519
8486 4556
3419 4672
6343 9796
885 2379
2344 6040
7999 9541
8556 3982
1591 326
2716 4636
1454 9854
8177 4107
2378 1729
6946 1700
3377 7886
827 2680
5077 1322
9832 9750
6809 2634
9000 1757
601 5198
2053 5473
2512 5758
1739 7232
7138 9346
5923 3830
9224 8187
2216 8325
7550 3140
4320 6540
1179 6787
9958 9579
1700 982
895 3995
4995 1912
6655 1362
5636 7570
4569 2972
434 1018
4376 298
7323 4386
4136 3992
4830 7298
1462 9044
598 8444
8053 5844
5934 9721
1315 4042
2576 1568
91 7337
3067 8450
6244 8570
3127 7454
790 9445
3500 9887
2915 5706
3620 8905
3577 3839
4459 9182
5474 8931
9144 5537
8281 6071
7128 3648
55 422
7477 6276
4340 5703
554 5475
5151 5918
8050 2876
3951 6803
255 9501
269 5198
4730 8490
2703 5274
8611 5545
2886 5661
8048 3890
2153 148
3185 66
2106 4008
4861 9360
6912 4531
4081 5721
5908 5614
7243 7519
5245 7256
9977 5349
2076 3698
6439 7172
3971 8680
9405 464
5002 560
9191 1407
5090 6271
2559 7494
3011 9052
7658 685
3948 3219
9474 6835
4995 1954
3522 4279
2505 670
2568 2187
3629 9222
7535 8054
4157 2925
8698 9889
269 6621
960 1291
8892 2026
9638 8232
3685 5037
4827 9028
670 5918
7483 7985
6184 6262
9732 7372
7080 4104
7747 7802
9208 1710
193 1684
8215 9223
242 4057
9985 4906
7764 656
3163 4480
8492 9208
4254 4978
4674 6732
711 2899
5000 7656
8441 2453
8101 7229
3605 8854
6249 4539
1264 8188
9063 2392
3199 969
5537 9968
5013 7716
7267 1260
9875 3704
1707 8650
3020 3626
3562 7558
6963 4942
7346 3926
4070 794
668 9897
1055 1675
8530 4615
1926 8549
4201 1021
5716 7472
477 5081
5557 8876
3083 7186
3697 4605
6708 6005
7595 7491
7104 7439
5717 8047
8845 1630
4356 262
5218 3933
9192 7861
1910 5693
776 4303
8026 6896
3058 8940
2955 1645
5339 6559
8788 9353
3824 522
2271 1363
7107 6747
4101 8909
9512 3907
7951 6614
9405 5767
7268 4894
8324 443
2981 183
7698 9551
5523 5979
3444 358
3676 3633
1714 7982
7224 6635
8005 555
527 9358
966 2346
355 1411
7402 9566
4802 6983
760 6829
3879 7991
6174 9709
7217 71
3488 6793
1208 5383
1082 9216
5678 2079
6615 7358
238 7898
248 8845
898 1528
