5245 7916
6081 3721
9110 8144
8857 5520
7483 5838
9790 9071
7469 3459
7351 959
3889 855
4260 1293
6371 4880
7455 4463
6766 3423
216 9549
2671 2854
4632 1020
5614 821
8428 3104
2042 4494
2228 5438
756 4696
3134 4197
2657 596
6113 9028
4196 4223
4019 160
7129 1539
9897 1949
6542 3957
6431 4355
4869 1764
2848 8162
4098 7219
7649 8075
3671 7677
3932 9667
517 8857
8445 1485
2408 5503
3992 1208
8233 8368
2426 309
5877 1944
2434 7074
3161 8342
716 2398
5378 2233
1993 9731
1678 9841
4281 5754
3997 8964
5110 4818
4174 932
2407 3305
5196 4592
2594 7561
7057 5301
1112 3687
1691 9487
1290 9143
1295 7043
1866 7798
6501 8991
2314 3235
8981 7951
7570 6990
6426 5555
2224 9842
9956 9735
6004 8306
9076 8898
7159 1878
6841 4198
8696 1443
8224 401
5732 3538
3748 1187
4058 5550
4537 6716
9826 2808
6716 2072
7502 9168
6960 4684
8365 7035
7437 2515
5454 5758
1391 5959
9253 9833
7546 6070
7821 3794
1076 4985
8226 6179
2553 9225
8260 350
6260 4407
8075 6949
4317 2124
5899 8336
4421 2181
2189 3700
3645 913
2709 1228
2757 4157
4379 7553
7066 6089
8384 4149
3946 9657
1190 9715
1190 7500
2019 148
6671 5186
2187 5330
5929 7703
3839 4138
1695 6561
3358 3084
536 9985
765 359
4092 2490
6129 3913
2895 1192
6316 6664
3111 6078
4971 220
3159 7546
9172 4339
1648 1214
8881 6607
304 5905
5419 4288
651 5720
8760 1133
1375 2287
5318 4650
5295 9887
5642 4747
9790 7542
8473 8660
6157 5570
7855 7564
5232 7966
2147 5634
5845 2073
1723 9507
6722 1299
1307 9565
9053 954
4638 3965
2945 2086
9056 1373
2644 7729
5215 980
6447 663
8191 8923
2488 7337
4240 9301
3909 9467
1625 704
5067 8706
5508 1215
6738 5578
6404 2026
3705 7277
1821 6887
2368 7285
1016 1498
6120 7865
9299 447
4059 9239
1485 1195
6722 2722
1739 28
1905 9594
2975 5603
7969 4928
589 1259
6645 9268
597 7270
9159 3971
9389 8863
86 1870
8926 7412
7191 3816
4149 2837
7225 4632
98 8754
7252 4994
4910 720
462 7755
8416 2062
5852 8292
4288 148
1688 8670
1378 5741
2596 1648
2009 1299
56 5202
8602 1407
2221 9291
4869 22
1233 2505
2105 485
4849 5971
1812 9537
3071 6199
9616 6236
4028 9326
5628 3578
3047 7424
9175 3497
7676 437
8956 8068
3935 4853
9340 5964
5587 3698
6908 7883
9578 8990
3353 1172
1074 4336
9113 9075
197 9661
7342 4361
1548 6299
3036 310
8173 9069
7548 4321
7441 8396
5163 5598
479 7896
3274 5736
1980 2142
966 4981
300 7143
4931 2444
7947 4188
859 9995
4572 4497
9067 9551
1099 6449
8467 403
4533 9874
7136 9988
9402 2832
5154 9403
8781 2670
4727 2627
9769 2666
3819 3418
6094 54
2936 5811
2351 4663
6846 2318
7374 2703
1734 3940
5473 8459
3190 1382
1699 2118
402 3208
465 9155
5883 1160
4060 3372
4656 1942
9642 6102
9697 3823
2665 6785
5046 8018
2803 9873
3854 5640
7679 9179
8980 7070
9428 521
9623 6883
8339 5963
3726 2277
8300 9647
7455 2910
1202 5876
9428 2628
9512 6005
900 7231
9549 4840
7202 451
12 5493
1292 6708
4406 9778
9344 2341
3082 7473
4345 7287
7629 6338
5569 9590
4496 1040
3987 4546
5081 9543
7500 4881
4596 6990
7009 2284
1 7855
8646 1787
7804 8382
1837 7275
1019 5071
7461 6996
1969 2210
7194 8867
8097 9129
158 2298
7953 8626
5086 1269
951 2577
6792 5561
5287 6857
4800 9213
9887 364
8136 466
4271 7822
8921 5122
4640 4952
8491 1862
1025 6555
9655 7598
9644 9654
1109 8131
5777 3085
7062 5664
2165 8635
3450 8999
2599 8109
2282 1757
2777 6166
7511 9058
9224 3187
1130 1895
8115 6957
1311 7834
4703 6381
6286 9620
5689 3214
6671 3015
9462 8549
9396 7966
225 5064
8285 4722
2237 8120
9220 8908
1990 9411
4926 2531
994 2249
1046 8037
2972 998
9998 8542
2519 7846
5456 5096
2719 1986
55 6026
967 924
9069 121
1985 8033
7905 7079
7740 5285
1233 2507
6734 3555
9454 6469
32 6429
4681 1141
919 6639
9812 4608
1505 5716
3108 8833
5450 312
6399 6840
3472 6787
8076 2480
6943 7354
9666 3857
2415 3779
4517 7812
84 6201
1427 5257
9078 6962
9599 8125
3264 6097
5120 7445
3253 1478
3140 7724
3683 8646
7289 4742
7045 9751
4791 3863
9780 7769
1298 4446
5559 7347
9478 9124
6422 7493
8867 339
8861 36
9585 6217
2541 7930
9640 1723
8862 7845
9423 971
8311 1289
7845 7417
9299 2369
5095 8044
6518 3646
9909 7253
2113 929
843 4108
230 7557
3960 1962
3739 8675
7821 536
4851 3109
2230 6065
8815 162
2550 2515
5367 8479
1752 3932
5413 6609
6540 6801
7386 9481
8673 6242
3896 5868
8689 9633
4198 9616
8903 7872
5950 9042
3336 1865
1093 3720
5468 8480
8879 2122
5707 545
247 2918
7895 2137
7370 8439
7151 407
751 8049
1229 2160
6705 6184
3169 5902
2262 4932
852 1392
8591 9545
4339 7861
6323 3796
7408 800
345 4220
766 5674
2957 8998
5397 3715
1238 7
1275 8934
6319 7595
216 2655
7399 4255
343 2467
8940 1310
4328 8358
2934 9781
8204 2854
546 8020
7819 5901
3577 6854
9722 8758
7710 3864
4169 3238
1121 8372
7024 8528
1451 6786
723 5330
5640 988
7430 440
4489 1765
7099 835
5103 1399
1128 2467
6100 6463
9069 8620
2285 5268
4248 1787
4017 1891
5564 2403
6345 6122
295 9676
6184 283
238 2911
1688 7506
912 2855
5146 1718
9622 1612
487 9738
2981 4432
570 6245
9109 3686
6079 2044
373 8818
4396 2839
6866 9779
2246 2936
5303 4977
5786 1418
2728 8308
1950 5045
5028 3173
5795 5789
8969 6658
2300 5279
7124 9377
9230 4218
1327 3955
465 18
2054 793
1894 3544
9729 640
6645 9756
4140 8753
1368 7635
9107 4269
2383 5169
5765 9185
5331 33
4506 5060
596 2581
659 6542
2734 9654
8543 1315
5184 9031
4983 8223
6194 5403
9160 1139
8208 9323
9572 5550
5000 8577
5684 4227
506 2785
471 8426
6510 2993
4598 8166
4478 1419
849 4585
9229 3467
5757 1443
8785 7627
908 8319
6773 3753
8682 3944
7937 7008
5978 4192
2729 5135
461 9377
3460 7276
5172 9168
5798 9859
8064 1922
6973 148
8194 6647
5890 938
3699 9894
9712 8673
9172 815
414 4764
5006 1120
4868 2876
2998 169
6631 7968
842 3898
2070 7892
9033 7045
6576 4245
4478 7272
2592 1063
9909 3417
6186 1057
5029 7560
5712 3389
8431 7061
5971 351
1553 7494
8748 9397
2043 9078
4262 9495
1839 1849
198 6778
7039 47
9227 1639
8861 6951
6799 7686
1305 6466
6006 3583
2986 4615
7889 9006
3051 5912
4658 2089
5609 133
4724 5072
2217 5457
4466 3087
1010 6181
1309 5016
4030 5536
102 6450
8797 4404
2790 6379
376 9170
7187 5714
8351 7737
8607 7663
8749 3811
8282 4833
1286 3325
3753 8008
532 1136
3943 7839
8442 806
8712 401
6621 6326
2548 7088
7875 5125
2861 5333
251 2062
4814 9566
3921 7713
4520 4100
5175 4031
13 6741
5469 8800
5249 166
9140 6045
9620 5221
4275 9759
9601 6376
5413 5377
1196 4468
8768 8509
2417 9920
7441 7892
4029 5394
3351 8448
441 6871
7753 7898
2808 6479
65 7294
5183 9395
1979 7829
4799 3999
3396 7588
7256 3012
9033 8268
2701 7706
8284 1239
7661 6215
5993 6581
9011 3675
9 5012
4117 8903
814 1504
3890 5477
9159 9925
3393 1409
4626 5518
7344 8322
1499 1728
3660 706
6125 4269
7336 3664
7759 6736
6627 1218
5272 1549
7591 1904
3809 3552
9639 8296
9324 9224
9021 7200
588 7940
7687 3719
7616 5236
7845 2615
9835 3963
4509 7282
416 9526
1367 9519
6463 7660
6382 5749
2543 2477
8104 3899
5774 8081
8713 1728
2391 3840
2208 686
9616 8820
1305 8762
5971 7319
647 6547
7653 8514
5423 5235
5564 4191
1158 3760
1125 1597
4368 4552
9165 5807
1687 7228
3198 1667
6702 7366
7714 1182
3348 6041
1042 1720
2189 1359
6877 3876
3278 9890
7944 6195
8710 4193
3549 2661
8500 8520
5372 1351
5725 6350
7745 6143
8761 5299
7706 5626
4777 4561
1604 130
8369 988
2104 187
7286 3993
2904 2751
5350 5362
2817 5721
3858 3244
9976 90
6068 4595
326 8265
3779 7795
2141 6606
3973 6348
4885 6615
2435 3333
8191 9589
2742 8408
6720 4376
5972 9852
188 1282
8814 1351
2384 483
7265 5115
6800 585
5474 8299
3585 7528
7667 1604
1765 3070
7296 385
1911 6278
8943 835
3541 4839
1715 7800
4285 9723
4605 279
9981 9320
8575 6680
9942 2912
1640 6350
9938 9852
3894 5492
8512 9256
3876 5889
3670 536
953 9705
487 601
6758 8535
3001 4578
8610 3762
3364 8602
8858 7018
4546 4492
7603 8748
1217 5671
2176 1849
5443 9325
296 1312
7959 5535
5398 399
8824 5461
7293 5566
3404 4163
365 8851
7770 1704
3114 3542
2725 1286
9269 4885
1289 726
8102 5533
2226 1804
7152 7899
9029 968
2922 1507
4314 6841
4829 605
6067 4075
1949 1122
6466 9907
4133 3238
6344 7214
9457 748
6724 7435
1248 3182
2715 4718
5314 17
3781 9616
2315 8948
9914 5804
1466 1540
4070 2027
5792 177
2171 2002
9397 8816
7081 6517
3920 9788
1237 6941
1875 4690
4941 5760
7514 9149
2636 2307
6149 7072
1723 5235
2057 2142
4854 809
213 5436
2701 2594
5118 8439
3096 9768
2832 3279
7388 1210
7231 9857
371 5729
7792 2956
8010 6333
5847 6491
1702 466
292 7018
9044 1076
7903 7109
3080 3650
6058 7842
6770 6772
1911 8574
3846 5785
377 2258
445 2887
2315 5365
3075 6810
8818 332
8399 8979
7751 6994
6720 8203
856 8012
7241 1001
5756 6470
3004 6233
8870 4292
5317 357
9432 3012
9937 1198
7242 2249
825 7736
2456 4307
2236 5435
852 6270
5367 6378
9881 5561
4060 7689
3695 4824
4831 7014
7931 8900
42 5125
3593 1743
2180 2399
4151 6208
2673 4254
6902 2019
4386 4533
6268 2147
148 6194
1999 782
4344 2321
1226 2781
2251 774
673 6015
9592 9901
4735 1425
3210 9976
9211 1807
3066 9702
2935 6775
7278 212
7174 7968
5072 2363
2691 901
1051 3315
4876 3242
8463 8185
4636 7431
7635 9494
6116 9983
8084 2941
319 4857
5311 8014
6868 8571
8371 9535
5953 8420
2885 8472
4058 3145
8290 5382
1012 4905
9360 9985
5931 3642
5456 6567
9497 1359
7285 6765
4093 3260
2824 7041
392 4042
1247 355
7099 465
5598 2957
6908 2590
7464 3451
3914 3234
156 9255
4665 7865
6640 7656
8044 7409
5566 4065
2245 638
9833 5626
2756 1729
6649 7452
4205 9583
9267 2707
4931 6011
8305 3262
3577 3598
4544 647
3769 7969
6909 3821
1543 4809
8122 9449
8205 4199
5421 1566
3557 6450
6766 6108
401 1205
5851 5994
3596 6563
4019 9140
4012 4936
7236 967
781 4472
8897 5378
5812 1814
161 7063
9869 3030
9495 345
5107 1244
7407 7736
4155 7213
8761 4672
3942 1857
6826 5596
5745 5264
2706 9464
7715 2496
2983 7786
4075 3783
7289 3556
6196 8583
3029 25
9506 8064
2224 271
5470 9122
8734 6501
8526 8309
8426 6385
3746 2039
5712 9409
5277 850
4213 6349
5579 9065
3187 7902
9902 9434
1592 4380
8081 6094
2439 2532
9351 2420
5560 3538
9940 8642
7316 9674
8412 2666
1266 8007
1268 240
1068 8288
6295 7141
1279 2055
6991 9096
4066 2515
3868 4220
6022 2293
2529 9780
6935 2748
5393 5468
4918 4192
6535 5029
3487 3747
8637 2905
2074 690
4200 7066
6442 5740
3777 547
1421 6726
5719 686
972 8297
6779 5510
8114 5466
3482 9940
757 266
1505 2115
3854 6550
4573 8223
1720 5194
9936 440
1701 5854
9266 7556
4216 8070
3185 7559
6331 4165
7288 6447
2434 4658
8122 4135
8755 1567
9699 5573
1884 993
3701 5116
4564 5491
6852 8482
4171 83
8105 9271
1589 8888
4852 8523
5195 4432
5360 4499
7512 6663
8197 121
4330 8828
8461 8273
3360 1911
8270 5968
1596 273
5789 1764
3483 6983
3960 6642
7587 1895
924 6646
1293 1790
8729 4802
251 9034
6970 2542
8035 6084
9251 6311
870 3040
9455 5589
5310 3994
6391 9924
7947 1891
4115 6943
6768 4434
1093 9326
333 3976
2507 2664
4839 5927
9292 2390
3647 9699
7106 6765
9506 8240
2156 2033
5452 4814
214 847
7218 8403
6548 5427
4354 3266
8275 7856
4491 1285
921 9757
4603 2694
282 5569
6710 5610
2658 4243
7175 6878
3760 4634
7290 937
1371 3927
9299 1251
4804 8174
8968 3366
7591 3
4735 877
897 6609
8990 8430
7297 2121
8334 2383
5383 9436
9813 6962
2209 9964
7252 8242
5124 3439
8422 2617
1080 6851
278 5180
3201 6467
6568 7731
3418 8387
634 8198
9371 2951
7339 8776
6760 4639
3740 9835
8715 6932
6408 7634
7144 4750
4632 324
8186 431
3882 4707
3152 1155
705 9956
6725 7920
2179 5789
7944 5449
2758 8354
9939 496
3465 9909
5140 1302
2411 7199
5049 9522
2409 9755
2591 5036
2370 3347
9684 3252
9657 1806
1565 3364
3268 9866
4512 3251
7524 9427
4687 744
2056 2783
2997 2583
1118 285
9278 884
5568 6801
6985 6530
3941 8925
7504 2436
4406 5992
175 947
2807 1496
3570 243
2878 9549
3344 2640
6690 8231
4145 1871
1452 5018
9200 7070
6445 671
2159 7216
6188 7138
3772 9065
3343 7905
3924 7887
2131 6595
5689 6407
1246 2940
9100 2530
4715 7635
1372 2756
8115 7009
540 8268
3243 3365
4304 8185
4691 9348
2143 2754
6298 607
126 8399
8191 709
2478 2636
1058 9483
3126 8041
165 8219
6834 213
4951 7070
2112 4501
2386 4215
2838 9974
7986 6319
2370 1992
3495 8554
2959 7002
4624 8782
7310 4235
1318 9191
2399 7015
5237 5720
7594 4115
6066 4784
390 6593
1141 2031
4327 22
5875 5
8676 2578
7820 7023
8813 4798
3388 8818
774 8811
8692 1475
7146 4719
1630 3548
7049 7038
6426 9799
5746 7825
9578 7876
7160 4775
8739 3105
8907 6890
8507 540
2583 2247
7692 6743
8848 4445
8225 3005
2077 9434
2478 1147
222 5278
9994 3630
2924 4122
6050 2291
7406 2858
2237 2374
2908 3067
9583 9401
4923 1210
952 1754
1094 4318
4170 2629
6386 5515
5888 3289
2016 9208
8604 9201
2826 6273
3097 9247
8060 3072
9987 4852
5765 859
4302 6087
6841 6711
9178 2010
2259 7101
864 1883
3904 3984
5319 7804
5477 3960
7013 7841
4050 5206
1746 9037
7247 4746
6499 5526
5564 8924
1428 770
2181 3222
9641 4642
1697 140
4790 9688
9214 8217
5001 3455
9600 790
6523 5223
664 9540
1776 3294
8997 3200
7058 2120
4687 4463
1223 499
7756 6972
5667 7345
2621 4904
4668 4571
9415 1804
3828 2379
1121 8035
6030 1920
9638 1324
8915 7345
21 7461
2349 3169
7250 317
3652 9737
3986 4658
4534 3938
9795 4775
3416 7107
1336 618
7714 5002
4143 8146
4022 5870
3867 6750
2002 3596
6491 534
2208 1486
7001 6005
7587 1376
4581 4292
3691 9153
5916 1996
7207 5292
9172 2180
1895 329
2480 6617
8318 1194
2867 4582
1827 8452
3644 1470
6517 5151
9388 5016
9301 7491
9921 8633
9087 365
2751 8958
8976 2712
8312 2732
9584 8230
3648 6436
9212 4157
4120 15
7875 3081
9895 888
9936 7076
5207 7453
2530 4357
97 8855
4098 1774
9839 5315
3774 2882
2665 6652
9542 6785
4534 9925
362 1030
5100 5088
4085 8493
3419 5700
8308 64
3264 7748
7584 3682
9139 4836
264 9624
7828 1827
9397 8514
952 8722
7476 8434
8556 4902
4168 4340
8156 5197
4537 7324
2080 885
5187 761
3852 576
3148 2446
6516 8513
3839 6235
7173 8783
2949 6895
146 987
6789 162
9378 8514
8553 8108
4901 5628
5102 959
1550 6294
961 8905
1155 9673
3920 7634
4715 1718
1760 8211
6956 7751
1507 3601
9354 8399
4664 854
6436 4975
9151 8299
2351 6437
2261 9890
9718 3428
7677 2263
2570 8430
6806 4959
7131 3258
7681 4893
2156 4131
9783 4496
268 8429
4075 2795
5985 2945
6821 5432
9360 8005
518 8577
8751 4285
5829 3637
6214 8403
901 5080
154 2113
8887 4560
4503 8870
9503 5731
4312 2105
2992 5921
8016 6172
3353 5900
7402 2337
6244 1785
5295 8254
8289 3823
5415 7272
8443 5579
4440 8534
1536 5954
5774 2078
9124 729
4313 1525
5661 1154
2558 4366
2057 8056
5928 4881
3966 8247
1232 5435
1001 5273
6422 4406
7857 1294
3132 1376
9209 2614
3782 9594
1602 9583
2581 41
4365 3233
4758 9580
3500 1250
5201 6659
638 387
402 2325
2407 5378
5235 7825
610 5630
1044 7319
346 3719
1735 9307
9362 6454
6671 7688
176 46
7484 2580
5051 2877
2995 2407
3958 505
472 1212
754 6294
5500 8523
5223 3519
7240 9659
6045 7010
9176 2813
7995 6973
1489 1387
8119 6221
2088 1652
4567 976
9472 6194
7885 7488
8862 1283
2401 5266
1300 5248
6991 2552
6803 515
8991 8752
4089 6949
4216 345
346 7357
7417 3074
8194 8364
4333 6528
252 2245
7705 9893
8852 5560
5699 4750
2628 3070
3255 6386
9796 4318
3364 8773
4503 4616
9583 4210
4364 8335
5128 7270
5794 4650
3051 6448
6518 2466
6213 3816
7405 717
4352 1572
6929 2185
1865 586
6605 6262
5880 9241
2387 9558
6380 9527
6436 7392
1098 5490
322 3054
2831 8902
9435 272
6691 4585
796 9245
5058 2757
3860 3826
7719 2933
6934 1431
7109 7619
7779 8353
1137 9780
5760 3271
8906 1863
9384 2656
8398 3379
4063 3121
1487 3864
458 982
3452 752
43 2689
6782 6564
6167 5473
3228 5181
6744 3010
8246 891
6386 2807
3430 3329
3023 696
3119 9560
4008 44
9365 2390
9242 5703
3698 2447
5219 607
6984 6755
8629 6671
7433 3649
9095 8164
3976 4643
5748 8764
7183 5689
2557 1835
1892 5094
866 8862
6215 8415
7279 8551
68 1419
682 2810
4489 1377
7792 9301
872 2153
4187 517
6697 1635
6113 2338
5863 5610
1795 6450
8619 304
8909 7196
5480 5808
9573 8933
9835 7627
2083 7267
1508 9547
6298 5659
1917 1084
6309 7245
7420 7685
5882 2711
5359 2148
3340 9410
4669 2610
8172 2486
6988 9115
3636 1006
4154 2689
3735 9121
5416 7499
3421 2020
2100 6402
2513 5817
5553 3946
6014 7081
7201 3867
3453 6146
3592 3043
1628 3559
6604 8428
678 9308
8224 8516
4753 4916
7707 7768
4591 1885
8792 8973
6773 1713
2862 2914
1398 895
9584 5388
5754 4888
7156 5800
5215 7993
8172 3909
8699 6809
4817 3638
6733 4771
3684 110
8559 4964
6179 8800
9561 8386
6109 6526
3378 7395
6960 8732
2751 1231
8570 6146
421 5184
6534 1915
3244 3086
5678 7592
6241 4322
3376 7
2247 1176
1085 3134
3645 2612
7222 6638
51 9936
3855 5347
733 881
5980 3850
6097 234
3383 6934
8856 595
5509 9597
1132 334
940 7977
3290 7645
477 5735
664 5827
4690 9945
1703 6687
720 6661
1422 5361
1156 6181
7902 8975
4526 6925
2114 1158
4454 2390
9144 4273
9987 3501
4035 4099
7833 860
5274 6976
7151 6195
4654 2801
361 554
9006 2888
4846 1924
9222 5337
9256 6153
6977 1935
6889 6023
9755 8991
8133 8978
9050 7603
2548 7384
2152 6889
2582 5948
2675 1746
6420 6339
1729 3265
2417 404
6368 7088
8872 1975
9253 2835
9552 7332
1883 7007
1695 9925
6234 2025
5970 1915
8519 4947
6002 3035
3531 7278
1770 6433
8294 8922
6747 5111
1721 8234
938 6576
7260 9308
674 4251
3218 7168
8684 1119
8621 7186
3924 685
4544 5274
1560 4236
2236 4519
7725 8482
446 6356
2634 7948
3973 2159
8205 6611
1837 9590
9741 6291
9452 4202
7100 7871
2117 5214
7215 1442
6402 6523
6077 6726
6027 7134
6178 4563
9120 6129
763 4198
4393 8316
6193 5891
3023 2926
3674 3381
1291 1321
9923 7355
3714 6836
6888 3275
8892 6736
6398 9275
7281 5192
8858 5139
7097 8000
2888 9251
3848 3631
3944 9526
675 5387
8740 7375
7350 3319
5192 5541
3755 1373
9183 6669
2562 9202
6934 3111
8991 3466
2988 679
8459 1619
1652 4965
878 1895
4347 5836
6787 4000
9269 8254
7976 3084
8229 7465
3453 6269
9112 2830
5786 6522
6682 9289
6925 2594
6701 2886
2017 1279
7254 5021
626 7844
4616 1651
1341 8055
9509 9003
1716 8117
9765 4004
3651 7048
7157 1008
1663 3531
166 6933
2220 5785
5822 9841
2052 7140
5024 9043
586 3439
6456 9834
5694 880
3934 5629
1904 718
853 3904
8162 1479
9973 7901
1551 6578
1760 1733
6087 3039
3332 9738
396 2510
1973 1962
8755 2235
2313 7022
3378 4377
6557 1389
1980 6553
4034 7391
9322 1824
1618 6874
7199 5996
9416 8289
7231 4487
4641 4312
988 3445
7498 1569
9534 9678
1306 9618
735 6419
2163 150
2149 8617
46 9055
499 894
4666 1982
2904 6685
4908 3730
4487 2919
2780 3064
1625 8445
5388 1041
6754 310
7750 6233
122 9844
6020 7670
2658 2320
2315 9794
4859 8281
2137 6526
8060 1147
8120 9563
1955 1796
8271 1330
476 4572
5152 3551
3261 1953
5267 6241
6053 505
4191 1069
5545 3253
2676 8847
4312 6728
2830 4066
5500 972
4262 4103
8417 8860
3835 2309
2820 345
7590 2177
9747 484
9189 8558
9824 209
438 9891
8041 3217
9177 7164
5283 6649
3105 1803
8017 8229
7160 4636
6045 2505
1411 9350
4200 5453
1027 2715
7833 7775
3545 8612
8626 2981
6038 1684
9339 8744
6165 1230
7161 966
3920 4473
5009 5154
7139 389
6181 4594
1428 8778
3286 7984
2582 7373
2432 8597
682 5955
17 5013
1598 1726
1159 4308
7417 5335
7300 8722
1362 8545
2932 2625
4661 5918
838 2388
8260 9932
829 8984
5506 496
4890 1661
3856 2865
1268 3554
267 2922
5210 6217
2042 4345
8022 3701
9054 9806
900 3508
6703 7927
4204 7870
5833 3577
3042 5627
7032 3672
425 1185
5545 8314
4315 4210
9529 8463
7566 4774
1963 3126
6466 1948
8422 265
1486 986
9980 1690
3672 5915
5161 9721
5046 349
6723 9868
9113 4239
6110 9870
6831 9401
3617 768
3524 540
6657 3623
6738 8126
105 8656
1921 6175
7903 6358
4558 2867
2185 3215
8871 7163
8212 1865
4192 7886
3933 2707
3036 964
9445 9128
2046 8398
2640 469
2946 3959
810 4220
6523 1017
4360 3390
2079 1112
506 6468
1922 374
4661 5718
2517 5889
5966 8912
8236 1188
2986 338
7616 2648
5446 6065
4713 7197
4374 1086
2888 4610
1784 2079
2144 8020
57 2804
7296 8951
6282 9804
2030 8120
4876 7726
7075 580
9239 4259
6274 4961
4175 4646
8313 603
7583 7668
245 7
2683 2528
3664 9274
7878 1843
8965 8113
9206 7007
5071 5871
3289 2459
5158 3746
391 9752
8746 3171
8209 3232
1447 1625
6908 9047
3215 8522
8265 5793
2324 6099
7105 5131
5821 6426
2497 1597
1854 9304
4367 3782
2591 8550
3592 2739
2714 2470
7936 5180
9547 5714
5491 2885
7566 6815
7989 5686
5319 149
1275 7008
609 7184
8947 6621
6309 8472
7559 9256
2765 4808
4443 7052
7147 9167
4478 7238
8799 7783
4274 1766
6601 6671
99 2251
9904 5439
4363 4669
435 8966
6835 6959
8688 1391
1496 954
1738 4917
4777 9799
503 7565
7137 5725
710 4862
2055 5011
6647 2828
9209 689
1717 6184
5595 7398
1413 2474
5843 6187
1837 3741
4249 2301
3350 9328
6396 8736
8310 9271
7918 6303
2097 6711
4749 264
1676 4173
9666 1557
6583 9622
2224 1359
964 9427
4390 452
2393 5783
2658 5034
8406 3330
5420 7127
6490 3365
292 7987
2785 6014
3062 8766
8583 3636
845 9856
3895 1799
8247 4626
8164 6843
1162 1282
2053 1490
6927 7395
6218 8167
7899 4293
7493 3376
6689 1107
7342 2426
1084 4782
3854 8685
821 881
9153 4674
1839 4311
3757 8523
7972 9359
9224 2110
3272 1769
4068 9324
7800 6808
1940 9439
3046 3119
1327 2042
4633 9446
4561 1464
3232 7712
4387 2745
6797 9634
1370 9444
3425 1058
7418 4504
828 2415
8290 498
3745 7829
3224 4222
3502 8367
2831 1258
4601 9507
6865 2985
674 9303
9502 2188
417 9418
9421 1068
9259 3369
9704 8186
8467 2911
1004 668
8922 2902
1069 6432
13 7096
87 5813
5440 2856
8318 7110
4082 3182
472 5166
2209 9037
7943 7169
259 1086
9084 4024
6102 63
580 4002
5834 2500
4232 8552
4880 8773
6168 8388
9664 3121
601 8383
9782 2847
332 9161
171 3322
451 7577
826 5239
1378 3995
8494 3390
3124 2502
2587 6498
8915 939
8639 9406
9662 5532
4206 5129
9402 6884
1684 7340
7375 2658
8012 7379
8617 8950
4190 58
191 2755
5695 9241
167 1765
447 5017
7872 1491
6251 1178
9114 4629
3126 6846
2207 4361
1393 7002
1377 7408
9266 1357
7504 6060
8032 1749
5734 8364
5801 7371
4856 1450
4231 3347
430 2353
4547 6064
6694 714
747 9348
3323 4929
4739 9388
7086 1174
9248 9422
9525 8010
5283 2318
1446 7255
3608 3462
2044 2222
6054 9779
1066 8956
539 8015
3499 5626
7885 5886
8782 7565
505 2365
7919 5618
9348 2957
2915 4006
8678 4596
8874 6457
6642 8205
9476 2361
798 7434
6292 1447
1832 1009
4105 4402
5575 5714
3831 8448
2767 5316
4145 3656
7279 9593
9474 3954
5362 1526
9290 2332
3006 9920
7519 5754
9788 1562
3773 1690
8166 8719
4409 4008
5721 8
870 9807
4231 6301
6087 3219
7274 2257
9870 9565
9013 3757
320 8293
2077 7218
3068 194
2176 781
6878 1920
6557 8924
3852 6776
8098 317
5885 9248
5785 2665
5535 4705
7403 9325
3351 3757
6577 881
7786 8043
2264 5337
4756 9784
2628 6516
3777 9463
4536 2870
7297 123
3934 4199
1386 3792
2473 9796
1797 3097
7063 7540
8357 288
7641 3087
2368 3300
1255 6197
6710 9344
1853 410
7255 2233
6285 951
6223 9670
8394 3711
8887 7027
186 6518
3336 9245
5148 1690
2243 9842
1978 3680
5109 6128
8759 2267
6011 7922
7371 2687
2436 9338
7180 5105
144 2966
3313 5706
4333 1598
1784 4164
3194 6923
5596 7801
2982 853
4107 7378
6969 8426
1482 8939
606 2889
697 267
5910 9802
3232 1674
4246 8597
7607 4862
458 106
6681 1435
1414 1197
7878 2881
8112 833
5842 111
1439 5162
5761 5141
7 3324
5640 2865
1035 1551
7191 1133
4349 1676
6065 240
3339 5425
954 4716
6040 3859
2622 5784
6314 4364
1472 2612
8347 1881
1664 1321
6693 9500
5450 4151
5698 1772
1460 3433
8853 4614
8474 1548
7350 4293
6094 7370
9709 3552
5206 4464
4903 4692
5306 1433
395 1059
5523 7783
8707 4681
3846 8100
8039 8194
5422 8145
6807 3492
7958 7037
6012 4978
910 9503
2587 3709
8630 5336
7203 8043
5605 803
6876 7648
7246 4478
4388 4074
195 782
8243 5570
2264 9593
1476 5834
5834 6490
4060 9870
5916 4344
9264 145
1375 1766
605 9698
9507 9931
7253 7756
269 8022
8667 5524
8100 9843
3045 5812
7769 1112
8995 8709
91 5397
6801 8534
3129 972
8725 7801
5192 6770
2743 6800
4807 1452
9533 9408
4796 3508
4074 5738
4860 4432
4226 359
1875 9851
1610 3689
2702 3887
7929 8927
6163 3766
1930 8474
5039 6245
8761 6690
6136 401
2401 4834
4080 133
6291 689
6917 5581
5733 4074
8134 6713
2129 7529
5152 8000
8276 9277
1113 4064
6398 6571
7310 1432
2446 941
3753 4474
3643 4602
349 6297
3273 2790
6259 4362
6529 3957
6412 2389
2514 7353
8369 3560
4035 6001
3582 283
6479 349
22 6962
3443 8691
3831 5309
5789 2238
2499 7610
8463 6204
2167 6319
9381 7003
4627 7616
4787 3138
6421 1404
7900 6212
7741 5172
4399 8102
5393 3069
1876 3258
7276 6240
7644 4192
7672 7903
8183 8607
2935 2003
4617 7399
4831 4591
3043 8073
1320 7749
8145 2730
8810 905
1640 9043
3245 4393
2135 8985
5799 5288
9338 7073
8493 3305
4777 5536
5643 7111
9054 6203
9833 2706
7393 6262
733 8315
2018 6198
4371 3168
1866 3562
7400 6773
2607 2513
4336 1605
5729 9379
6758 2610
399 3837
3453 2426
237 5761
5811 1689
6370 5359
1741 5903
75 222
5833 926
9802 3490
3351 55
2387 4738
6688 393
5583 1165
2179 4974
3566 8732
1637 8303
4812 4701
7148 8901
1601 8609
1924 2883
5788 4953
5185 8595
5455 6204
5305 2998
1540 7323
957 7002
8252 9109
9460 585
8124 9826
6942 4716
3917 3189
293 2757
2496 3166
3129 7014
3433 5476
5751 8346
2622 8122
7358 5691
3006 8004
4709 8090
1505 7463
7919 5125
4799 9151
5200 864
1535 697
3816 7176
1810 636
3357 3629
8868 26
1552 6649
3802 2932
781 2278
6244 3128
7338 8354
4268 7808
6838 7250
645 8015
3145 5035
5589 4301
319 2368
9458 5732
4521 1693
1880 829
7868 8906
5530 3842
5255 7286
515 1381
1636 3034
5820 5523
8368 6869
544 7158
3694 9885
1313 8019
3706 446
6460 2190
493 3298
9297 8392
6268 5403
2951 4485
3412 7849
6209 5991
8353 4093
2447 5073
1074 8797
8717 1522
1380 2424
2226 122
5887 2799
4037 7389
6256 9728
9291 3837
7162 381
6402 6520
2706 6249
4576 7495
849 5659
2333 4920
3203 6237
3703 4079
1633 9834
9671 9733
2061 2138
1772 3432
318 2101
2231 7918
1633 7969
7378 8734
5989 4085
9591 476
3073 3925
3266 9689
9357 6661
6110 4496
1662 5115
9225 5724
4242 815
8281 9073
3632 3515
7965 8278
948 1463
4757 628
557 5513
6819 6016
3302 2943
3173 8656
5184 8629
2431 9022
294 8149
4187 6719
6152 3836
5925 1430
2841 3901
6621 4580
4499 309
7141 122
2289 163
7218 9939
3350 9376
3298 2541
6343 3296
6385 4690
3748 6160
6013 7972
2881 1327
6991 4392
211 5589
2995 1348
3114 9378
6834 9023
4468 191
7813 649
7222 3591
5954 5419
5212 8458
1731 6614
91 3844
9845 2896
9731 9210
3294 3724
812 1096
9024 165
2152 901
7271 6085
2047 8203
2895 5789
3109 3799
3775 7272
2765 2683
6320 534
8422 1120
1285 3837
7191 1258
1731 5580
3672 9924
2022 3248
8551 3112
8982 5779
8462 7958
8749 7005
3927 9103
998 7513
2366 7380
7562 6920
529 9923
1996 7554
1192 2804
8705 4050
6707 9910
3180 780
3811 7184
4091 9453
2087 1562
521 1710
903 1775
8079 2433
2929 9950
7418 8874
6103 8604
2181 4314
1325 9991
6607 6831
1782 1047
2566 2849
4723 5357
6917 3236
4725 6076
4587 4156
7458 5482
3631 6448
7127 9583
2336 414
279 3479
4492 9113
5257 2271
3533 6034
4317 5850
67 38
591 6868
8948 3137
5455 7884
2394 1644
448 7169
174 1453
2372 4672
6083 3494
7688 9461
191 3729
3957 4244
6393 3427
7144 5052
2233 2234
7210 6803
8363 595
4834 3470
2810 3972
5449 2282
5182 3924
2007 615
8975 8477
6326 7695
1172 9320
2137 5276
6765 5527
2807 9945
6148 7773
6946 3094
8205 7899
9636 1110
9057 8344
2338 7373
8437 8141
1724 4706
549 538
1536 2669
8043 7958
6677 58
5332 848
1302 9793
7703 1743
7348 1515
92 1359
3037 4354
1476 416
1840 8277
4398 9143
9698 4108
828 1363
4073 2701
671 662
5837 5921
3064 5103
3917 4790
831 9403
7584 4774
7307 3971
8838 4768
7912 7757
6306 4571
8209 5765
4391 364
6778 7535
9617 5445
9061 6210
5141 6985
1524 9222
6746 5745
5729 2954
6482 7621
9269 5112
7328 4151
271 6568
1954 9156
8707 2083
2795 5076
351 5221
8469 3194
9097 4483
7882 3626
457 5876
6 9158
6983 1793
8298 7927
496 5989
2526 6470
444 3089
2758 3329
836 4596
882 8913
5840 9564
3543 6753
5275 2881
948 1023
6130 9030
1412 1652
4171 8429
6389 2730
1308 7866
9597 3183
8740 1576
7105 6054
8698 3565
6683 4604
1254 1335
470 4902
8249 5395
1877 1499
452 3572
4535 7901
5626 2010
244 4037
7487 9889
7031 8855
5190 9064
7337 2482
5436 1657
8656 5611
2276 7718
3014 2463
4760 8140
178 1589
8378 3307
4886 5512
7386 5942
9987 7932
914 1630
4935 3418
6292 4328
1029 3337
8447 9944
1933 8439
8338 4295
4453 4088
9506 3054
7980 5755
5803 8193
6813 1182
2578 9493
9102 5566
418 2752
2630 9131
4268 8859
8155 2430
7976 4185
6842 6959
9912 8939
233 612
357 5108
2266 1098
6768 8592
8086 236
7203 1875
630 1187
1560 5258
5966 212
6776 202
2675 6527
987 5746
4483 2465
4059 8819
8493 3606
404 9074
3872 1264
2619 8325
7605 3854
1226 1719
7917 3567
922 7091
8415 811
7463 7009
7883 5380
1803 9994
9305 1282
5677 5841
4020 5871
8519 4251
6381 9606
1165 6152
1659 8673
9002 1631
6808 5886
7797 5205
6066 5249
8418 3566
9789 7380
811 1638
977 7269
562 6761
1484 6807
8374 8074
2206 6977
6250 5716
1236 5924
7965 443
5659 293
7677 9839
9575 4768
2739 6659
6874 4762
3640 4781
1771 7143
6208 5840
8745 7586
7931 8793
796 4726
7432 1498
5806 2827
8536 538
4386 5015
204 8234
7187 6282
513 5542
6566 3454
9189 8128
1508 4531
8199 9604
1889 4371
2307 454
171 715
4806 4123
334 4385
8018 3298
7557 6875
5629 7839
9950 6361
9891 6949
6787 4338
9739 7346
6315 7497
3 6392
6873 5317
5916 6741
6855 7892
4035 5794
1427 6016
6745 557
3909 5611
1851 5031
9606 6564
1999 701
387 1147
1123 2464
99 9311
8552 5059
8354 8750
9871 2001
4021 7077
2751 7516
4384 4914
4179 3462
6975 1490
3764 2954
462 9255
417 3591
7688 7061
1086 4918
1960 9646
7875 471
2216 1695
9597 7023
784 6273
2102 3808
9851 3870
8235 4426
6757 4808
2717 5895
9749 452
1366 3753
5208 1109
5012 5398
7085 2314
1099 3143
3700 4645
8002 7089
7279 2301
6530 8858
2399 3226
6853 7562
851 9844
9429 4769
3135 5253
5815 7011
1448 6572
878 4958
5272 7028
1278 3882
5810 7606
7986 9309
1157 1791
8953 1699
2944 2810
3907 9502
5987 9346
7543 3491
4635 563
866 3914
9913 9446
5833 4570
4896 9090
7416 9206
893 3680
1821 737
565 1599
6072 4973
9427 6146
6808 1069
6818 8698
2779 9485
383 6439
8366 3662
5556 2023
6782 6
8487 690
1224 8223
2024 8047
810 3106
7310 246
3965 3696
9180 5464
3760 5169
3180 3362
8763 867
7821 5538
6795 4913
9146 3234
1816 7293
5185 5139
3782 6971
7129 5553
8428 594
3925 1543
6091 3376
4359 1246
7239 6098
174 8920
2636 5382
1128 4983
1140 82
8304 5375
1344 5510
3037 2922
2753 5149
9450 1379
1229 46
7894 3935
2307 80
5226 6321
6399 1748
6251 867
7388 2528
5218 3693
7346 2302
2613 1705
4594 8417
8061 9831
2846 6602
2151 8706
6437 7759
1712 1425
7123 6286
1860 1323
7514 7339
5394 1946
7359 4018
9597 1267
3654 517
6177 6529
2098 6456
4398 4583
5910 7087
3011 9577
1877 751
3365 1932
6922 9921
984 5314
46 2816
3029 6857
6461 6264
7488 1149
9983 2339
8133 4714
6245 9241
7035 12
7925 4950
6494 2519
8725 2495
885 8933
6292 5687
7211 9111
1786 6301
1896 5944
1416 5078
6833 7438
7416 5315
3909 1533
2070 7938
2952 8555
4876 9
4521 8183
8106 1682
5663 9141
6248 7845
2327 2989
6286 1684
3321 8802
2070 1872
1039 9763
5757 2094
3243 2961
2852 5062
337 8215
6493 5811
707 1975
2442 9220
8459 7475
1750 8175
6714 1730
9626 384
7905 5088
2573 291
5771 5947
5566 819
1892 9463
7093 9081
1451 3304
2281 3236
9767 444
3493 8225
7519 6156
347 1682
5393 4395
173 2054
1420 3358
7410 5122
3274 580
9986 4315
8241 2017
6982 9492
9196 3903
1184 8800
2779 2708
8014 9824
6839 5656
9427 6953
1501 5474
746 9513
4793 7503
5598 6624
7292 1036
9138 5106
2804 270
3032 4335
1149 8977
344 5574
5975 9472
710 1467
2215 3258
7670 1746
6063 5505
1567 7130
5580 9737
1619 6768
1090 4209
8448 8321
8723 4059
9117 9611
677 7948
4018 592
540 214
7940 1583
4577 5659
4224 5800
7215 5501
7569 6258
8958 1724
4885 1466
4871 4271
9462 9070
3077 805
4397 9232
1302 550
5162 6820
3653 9717
7665 7255
3114 3023
897 3884
9346 4815
332 3846
9067 9335
2964 2446
3074 7044
9039 5072
2101 7935
8407 8279
45 4018
8885 4376
3233 2341
3665 7862
7003 3995
6142 7342
1696 423
5722 2060
7028 6159
6091 2573
7517 2122
4869 545
4343 6622
4418 3238
7734 2241
701 1568
4866 1563
537 413
7359 1805
1345 3067
461 3572
1754 3760
9228 7293
6439 6531
5441 1242
8319 9697
3257 8925
425 357
8810 4043
6593 1871
8791 1936
5096 2792
3413 1601
4691 7173
8409 33
2321 9253
8336 2709
3499 6485
3774 8410
9927 2096
6091 6440
9186 6262
8549 723
1706 4375
6728 8983
104 665
4851 2328
3727 5561
5671 1838
2104 4421
6772 1590
1 4364
4754 8114
2061 2630
3105 3834
118 805
5176 1872
7548 6254
4370 7895
6605 3641
8473 9493
6711 8009
8161 1987
5208 6227
6882 5383
8473 4245
6081 4543
3 7806
1234 8836
9577 215
9986 2894
2034 8862
164 5135
239 8692
4080 6843
2494 2875
5385 1177
5183 5658
7512 9404
2959 7526
7623 3004
3447 6297
8385 8925
9932 6054
6596 2908
3483 2958
6897 2082
7712 7664
642 1969
8376 245
8238 2755
3989 8916
6200 8277
28 1517
6824 5926
4607 8965
9053 1103
6105 8161
2409 3918
3307 7283
7431 3305
5767 2918
77 1823
1995 8250
654 8745
7077 8442
8629 3929
6956 3951
5679 8174
9674 3786
9854 6871
2872 8001
8617 8012
3957 8977
4531 7263
96 5606
6689 5943
2470 8371
1341 155
5461 3871
3014 7717
5839 6446
1025 3561
6381 3504
1449 8440
4060 9869
7329 7629
5949 2534
9572 2970
4778 9597
5275 9908
5193 8792
6315 9421
7406 349
3388 27
8948 783
651 3333
4013 1284
5490 7968
4639 8098
3216 6080
2023 2043
9445 8126
3385 6037
1783 341
3696 1469
925 9355
818 2813
6444 8353
5849 1791
7466 2857
5572 8801
1844 7531
5810 2967
9902 2686
1254 7436
2628 7054
5675 3947
9135 5173
9310 7914
8346 8396
3980 6839
9969 9950
3346 5240
2050 8696
7167 1261
4071 7896
1016 9836
4544 8759
7977 1709
1434 4118
167 4828
1139 8896
7095 5155
4635 3400
1384 7909
7479 1361
8587 3516
5620 6589
5140 4969
6308 5943
3412 3069
1387 488
1070 515
2668 356
9632 865
6039 2493
3656 8798
7899 2068
8177 5954
7857 6501
2115 7956
2419 4166
3690 8567
6997 395
3535 62
9675 3837
1067 9154
7261 8964
5676 6093
1899 9886
8587 6094
9428 6710
950 8690
2075 205
2646 3175
9165 4795
9739 6050
148 1771
4298 3969
5851 2576
7816 4648
7528 3427
4848 5052
450 7478
8475 268
5400 3579
4746 4775
9785 4072
8173 1889
683 5205
2483 1962
3204 2247
6872 3917
8374 1798
7274 3668
4583 3441
6772 3686
314 7674
2150 6340
7279 3904
9204 5086
6608 7900
9818 2047
8713 7737
7759 6463
8022 9317
4092 7876
5159 8983
988 2003
6600 5393
3601 95
5436 108
5158 6516
7670 2045
4991 1155
540 4472
4514 1755
7048 6199
4449 8419
502 9320
805 727
6155 6561
5646 39
2048 5258
7839 6405
6478 4999
3104 2564
3795 6848
8622 1566
4047 949
6467 7735
8160 7170
9376 7626
6653 3697
6966 3928
3635 1089
658 6692
7102 8138
9720 5113
4921 9410
3944 797
5958 4488
2603 6661
5734 515
4006 5997
7973 8488
1666 5970
2765 6881
3171 6071
3301 704
2225 6378
4417 3474
1799 6206
1121 4076
3146 4213
7998 3125
5492 4149
452 7071
4700 914
9492 630
7333 2893
3711 5540
1518 2786
3658 1863
258 9578
5122 3653
5454 4917
2482 2425
3762 5892
5271 743
2996 6618
3815 1288
6825 9108
9644 246
4209 6059
1117 9918
3113 2184
6619 4546
6696 5732
1207 5647
3049 8292
7445 2558
2409 792
8906 8480
4238 6881
3830 5595
4883 1923
8506 4116
6078 4986
6950 4686
8887 2990
1955 972
4329 3966
727 1115
4709 4372
9216 8534
2031 3855
2139 1402
7686 5895
4057 5614
8105 9262
7408 7873
6044 800
6261 6167
1582 2918
5928 8438
5158 9725
4991 163
5471 1554
8146 7169
9898 731
598 8036
2105 5066
4992 4673
2789 2729
588 380
5233 6462
8603 332
6956 9940
5077 9103
4929 2294
5059 8002
2692 8101
126 1638
5764 4263
48 4199
2238 8870
8841 7680
3411 1557
3978 9252
7555 1466
1218 6976
5261 6537
7728 9530
6907 1659
8775 6013
9922 7904
5622 4974
424 2621
3821 3010
8420 4509
7563 953
8505 4095
621 4074
4394 5760
797 9669
2831 995
3029 8823
3032 2153
650 4896
4617 7387
708 4608
5016 7887
2023 6275
4689 6216
3393 5434
920 9981
7310 3085
729 2573
5498 2009
2018 5005
1305 7055
135 9418
3856 6484
6 7961
6656 8869
7008 4598
5540 851
4281 3371
3245 8932
3542 1490
4997 2494
2329 2665
5786 5808
4002 135
4879 408
4448 3605
98 8731
8357 1688
84 2417
5690 3252
1815 471
2879 8972
3180 6685
4464 4609
3436 7550
1662 6766
9809 2471
3682 2129
7175 8642
3606 5931
5355 4672
4135 1027
2591 7121
1364 6964
1433 8232
9637 5225
4875 7603
114 9977
841 9259
6421 3312
3671 9537
5108 2593
4314 7428
3238 9160
3857 2493
5263 8250
5136 9872
8438 4096
9535 4143
4421 5396
9968 6920
9200 4833
8207 2362
5216 1880
1728 5510
3259 8522
585 3546
9411 4198
8609 7482
6298 343
9641 230
8063 3522
279 5196
2156 6630
5930 5774
9336 7703
3473 3684
7459 6912
783 7294
910 1922
4999 6554
52 1073
4026 4772
2262 6625
161 9876
6453 3640
4123 5836
3658 9449
2032 7331
6130 6599
3668 6195
2412 4354
9661 1878
592 6837
6677 7936
5927 268
3185 3459
7718 8576
1171 8355
5711 91
9657 3691
7516 9795
4852 1040
1579 6810
3712 9927
2523 8978
2734 7212
4866 9461
1128 8227
5752 4306
7426 7892
9931 1055
7715 3336
5864 9852
4002 9184
3059 3373
6164 4408
583 4468
1964 4274
2278 1468
3545 2421
6819 4689
4081 6107
6799 4976
7191 7715
1874 5441
1679 9632
7245 7951
4549 7380
6104 8800
4027 4006
3434 2445
5430 9465
4169 5294
4341 5751
3790 3433
9485 405
7399 8660
2521 3050
227 4674
7317 2885
3665 2620
1417 1916
6463 4895
1902 9020
918 2205
2647 1297
9665 2564
9761 2272
4262 2731
4473 9596
8169 9372
471 4374
7978 1668
5501 3127
2861 179
8115 7271
7788 4927
9446 1106
6170 189
2696 8369
3181 3688
8368 5394
7041 3838
845 9287
7703 3957
538 7824
4994 3538
6897 8933
6981 9570
1241 5436
2988 7551
2392 5985
8648 2536
4518 6174
2379 6689
7871 4830
4779 6474
7631 5077
8145 7284
4032 5907
4331 9209
3202 9358
3619 1015
2359 7097
1584 9989
6695 6681
7252 5552
1266 5398
4602 933
1868 2285
2260 594
8256 978
1354 9648
2785 5111
7914 689
4650 7245
3032 9189
5140 2679
6260 4925
2299 1690
7403 5842
8712 9744
7822 1810
3198 9077
9278 7617
2795 3210
5193 6073
2215 420
2647 6466
6571 9782
5547 9984
1455 7498
621 9258
5618 3219
5562 7754
3655 2913
2524 3218
1486 7198
2814 1516
8008 192
3410 6236
8919 4021
657 5774
6393 6756
8263 8002
8187 9175
8199 8246
2225 3457
3577 4777
2861 7347
4005 7735
9127 6535
4443 7143
8925 658
5337 4387
3709 9807
7284 2618
455 1452
4908 4883
4216 8268
6654 2343
4985 1841
4332 3905
849 9340
3067 3227
5411 3117
171 767
2668 7544
166 3806
8320 7623
8928 538
7317 5410
6062 7140
8673 7603
2239 2829
8390 81
4490 1057
5937 9296
8275 5234
5231 7858
4828 6162
6688 4505
6781 532
5194 8205
1493 7590
8501 4005
9024 2999
7893 8966
1088 4508
4948 2672
5039 6237
4925 6889
6310 2236
1394 1289
2028 3790
1403 3738
2430 5527
7222 22
1888 8627
3244 1021
6461 2489
220 8498
3690 8197
1859 9057
7866 474
71 3945
565 1033
4174 7721
9384 2995
3698 8960
7232 6200
4466 4338
9622 6435
2068 4104
9665 6512
2194 7892
9691 4700
4591 4868
1490 6729
279 689
8716 105
3922 6466
8508 8706
6030 5820
808 7045
1996 7476
6092 8805
8273 7469
2614 6478
6941 385
2784 1934
9661 6002
2762 1128
8028 1141
3981 7288
1438 5239
4815 1485
7210 2616
2063 5449
2149 8081
1187 2745
8864 6903
7246 2660
6107 5504
1228 5119
4446 2153
9855 7399
5132 3878
4504 8510
3492 7487
2599 4237
3070 8060
7867 913
9348 2643
2887 210
2766 4121
9388 7411
6911 9099
579 2121
565 7141
7741 9031
7708 8854
5864 3130
7648 172
8367 6046
9113 4816
3617 9976
9163 7148
3526 5916
1946 1965
9321 2752
2458 1093
2196 7509
8094 8516
9751 2107
7933 7107
2305 3480
5322 6351
9453 7782
1901 8759
4082 2468
1981 7705
1329 3578
5150 6015
6029 8320
2542 6173
5898 2323
3905 9345
3703 7144
7184 5046
6079 8787
1732 9229
5266 282
2487 2157
4572 8761
4589 6190
9324 9307
9463 1249
6464 3121
1115 895
6439 9709
2745 7821
3870 3995
3720 5219
5070 1511
4646 3169
6251 1966
9115 4070
2709 6528
2585 3789
7983 5907
1047 966
7423 6967
9615 9496
707 7462
2782 1300
286 5190
5570 413
6497 2264
1156 4292
7217 4539
7645 1539
5792 3091
230 5187
3704 161
4717 5462
7814 715
4206 3260
133 1053
4885 3060
7634 7429
7844 6744
6078 5784
4973 2880
905 2966
7529 438
9247 5262
7385 2150
5497 1200
7630 382
9742 9563
7966 7915
3804 755
8537 4469
2289 9765
1709 6645
6447 8525
6498 8985
1385 3323
8353 2554
2373 8796
6872 1992
7911 866
4183 8227
9905 7059
8696 4475
2313 8085
3058 7973
7986 114
1310 8
2751 8725
9403 4044
3991 2930
1691 6237
2322 8440
502 5059
9195 6387
8573 8555
2982 5224
4907 8392
1680 6613
487 5811
633 5111
8486 3015
3701 565
3578 5864
3550 8017
351 4351
1818 8361
2088 3792
8483 7820
9539 9556
2132 600
6935 1606
346 6343
3706 6170
2145 4447
9321 8323
4228 1556
1201 5810
6564 1326
9134 9628
6051 8096
6639 9434
3776 1516
7963 8706
4663 9418
8137 3409
2490 1718
27 9986
3255 4446
8396 2064
3607 2390
3168 771
3300 5091
8759 5270
1092 3786
4275 4475
8843 5614
8001 3992
7096 5835
3199 2164
8591 2774
6096 244
2964 3987
847 2800
509 3973
8037 1326
3035 7021
5076 1504
5763 8298
2797 3931
1921 4297
8319 3641
1079 6196
3406 1945
2960 2124
1762 8855
5014 2962
5523 853
4798 1617
4307 1299
6021 7667
8140 7173
1648 3212
6283 4405
2958 334
1228 5255
216 8958
4651 7353
581 9056
1173 8702
9722 7127
7874 7589
9693 6840
6732 602
8421 4954
5812 3076
3895 3933
5714 7348
7820 765
9744 7909
2629 4494
4712 6262
1572 6963
7635 7549
7425 128
5449 2098
9041 5170
1214 8423
8815 9553
5417 6724
1476 8837
4726 8533
4236 4239
1432 8767
6536 3534
2981 8157
9359 7852
7148 7030
1680 6802
5308 1691
4219 2959
9354 4475
7391 786
3292 2276
91 6414
3718 4370
1593 2834
6293 8852
5978 883
6478 9800
7563 8827
1983 5914
8899 754
5929 3098
9717 2140
8762 5623
3658 7106
5974 7944
1156 7798
4580 5166
8193 2699
2061 8843
1141 2686
9540 7997
2999 9742
7958 2953
2015 2432
2408 8779
6591 12
469 1475
5862 7716
7898 9439
699 3105
3192 9763
1920 5928
3136 5667
9445 1815
1404 4735
5012 6125
3769 5206
900 6141
2039 4199
7256 9689
2113 3596
1060 357
9095 4977
7966 9327
7367 2323
127 2663
3277 5390
6617 2764
5209 3498
5954 3359
4003 956
9671 7365
2641 4546
8944 5050
7897 7749
672 9121
4572 5435
7604 9338
1472 1482
6169 6522
8259 9040
327 1623
2691 1226
6739 902
2038 5542
5765 4079
7928 3692
8054 7709
8901 5595
1682 9936
352 4433
650 8971
6303 1516
795 9325
3943 8744
6981 8261
8201 5261
6955 2381
4590 5559
9514 6360
5300 3211
5788 5365
2403 785
187 9159
9887 6174
6286 3511
7924 4471
8713 5385
2049 6565
6407 4969
9937 6934
5503 7488
2718 7828
557 5844
9566 4025
2843 3807
3894 7121
1798 8272
2412 7906
1087 9163
3845 8168
5946 1884
3683 4844
9243 4809
1856 8334
7141 224
9736 248
6136 6855
3713 1461
1318 2693
7481 4614
763 5036
568 4797
4563 4381
7603 3035
6114 9294
7499 4375
3552 1075
4666 6953
844 1066
8068 8625
2216 4021
7147 3290
3268 4820
8918 1561
8252 3723
1930 4337
7745 1640
8477 1037
747 6852
6016 3258
2502 2964
6588 4881
2165 9694
384 7968
6912 4978
3802 566
5904 7339
2488 5136
8384 9224
1043 7681
7111 5164
9320 1446
1534 6686
8934 3625
2228 9992
9520 982
120 7871
5392 5218
156 2869
7580 2646
7276 9782
8517 9056
1098 5230
3145 7341
9568 4786
9951 5756
5949 2520
8106 2059
1029 7988
5795 9637
9208 6587
2327 4763
1601 4659
4817 4707
3542 601
5429 3514
3478 882
4007 6824
3188 1537
9245 6775
9887 1812
1740 2845
74 5270
4436 706
9871 757
5203 1373
1589 3844
7263 7358
6246 6782
4825 1161
8431 2707
2397 5222
1803 8684
6495 2009
2850 2952
7371 2848
7040 9164
5739 4591
8713 9078
3009 3884
5282 7506
3576 6856
1867 6696
2197 4881
2795 3258
5096 4498
2161 4554
2183 408
6425 852
7417 9514
6728 6259
8342 6825
7529 9920
8704 7177
5085 5369
6974 3696
7146 4705
3080 1454
3298 7275
8300 2748
3016 880
5220 1285
9177 3546
4793 7304
3239 7984
519 2626
4080 2938
4671 8775
9867 1899
1260 1025
6516 6995
2295 8825
6116 874
295 2036
5255 9176
4418 2071
5221 4115
3474 8389
1374 5863
4237 5113
723 160
1111 4177
6845 6281
6456 7223
9823 1051
1872 4009
4289 9073
2538 1362
6775 5138
9801 3665
6531 7932
9349 7934
5006 8606
585 7113
1490 7219
3133 9240
6806 9039
8597 5333
6727 3269
72 5171
7040 6883
7068 1697
9390 5733
8349 2319
8655 1608
4479 2915
5962 1722
974 3114
2768 1140
393 3105
4465 5087
2606 1492
1879 9794
6225 496
9303 5858
4604 708
8578 435
4851 9216
5063 993
4648 3380
6377 6673
873 1355
5651 6532
7903 3679
8398 1672
7329 8288
1104 5573
5140 1748
9104 3002
403 2493
425 2252
4599 4807
2184 5653
9694 1905
2400 703
6302 1079
3707 9191
9901 6850
9271 2482
9384 4345
6309 9605
7973 7548
1094 5393
8181 2101
7325 130
6239 7331
1475 1786
3364 342
8752 991
6128 1986
9942 3417
603 2917
1812 8130
7072 9375
331 243
8964 3735
7605 2412
8432 2046
9702 2802
2471 3871
1257 1963
8449 4349
1576 3140
552 1127
6576 1
107 5328
8315 4628
5837 722
866 8470
4407 2451
5229 610
4284 3549
6235 2754
3024 4972
4722 6929
7836 9208
3158 4935
1825 3076
6638 5029
9125 9169
6552 4208
5217 8978
5359 3140
5908 4816
9283 7661
9831 9452
6397 4162
3634 3830
9137 4281
6644 9408
3514 6101
3644 6625
3837 375
3327 3242
7002 7840
4367 4970
7359 1661
4946 9521
7656 5560
3675 4864
753 8151
7265 4399
5126 9344
3646 4577
7696 2636
9979 5512
3558 9833
1851 5804
4490 1899
1490 1597
3402 9441
1216 7629
9435 7869
9368 4432
3441 8093
6892 5298
8220 1077
73 942
8825 1645
1938 2295
1226 103
663 5359
696 288
7344 8963
4178 3259
4342 5582
8053 4175
962 1575
7866 3531
2228 1431
1675 2945
6733 9159
3925 3200
4134 9201
9017 8015
1945 7909
7328 9490
7385 1393
8011 8500
1231 4072
2993 1355
1363 7409
1317 4260
5274 6558
448 1367
4342 4777
4531 7803
8189 154
7667 1735
5203 6920
4012 943
7616 9502
4641 5315
9494 7670
2295 2090
3046 8145
2766 6815
1109 4630
9242 6789
212 1086
2637 4311
4087 7896
4522 7299
5707 9674
2347 3727
4194 3003
8889 2032
1083 2375
5601 768
9900 6442
7741 892
3487 4989
6150 5642
8490 1919
4371 9358
7826 8291
7931 2305
3717 3357
5819 5663
1452 1023
5870 7880
5133 7587
1391 784
9133 1853
7966 9883
6047 2265
388 3489
5112 7420
8737 6956
8119 7846
8612 4746
4349 4593
5897 7582
9308 7869
6904 465
4298 2039
9819 3325
9977 1962
5219 1601
9792 8332
5969 6788
9875 7283
3652 8465
653 4150
5705 5668
8193 2826
2200 2713
1827 9032
1488 7351
5337 1485
8526 3645
5683 7720
723 351
3008 4054
6132 7546
3509 4750
9400 5606
3336 4270
4895 5654
1543 7408
981 3211
9274 7601
2386 7804
8585 4575
8497 5923
2973 8540
6216 9243
4948 6870
9738 4968
6651 8124
2059 4534
8249 990
9408 4396
8805 8038
3468 911
9381 3475
5119 578
1844 8931
2501 7740
7396 8106
1787 5953
3659 1381
9899 3815
5549 3545
1844 9870
6037 6746
7867 3675
8292 5130
8837 500
9812 3819
8651 8860
2192 7291
6199 9144
1343 6262
331 9736
3525 906
5700 5124
2900 938
1566 4627
4284 9417
2622 701
5169 2869
8137 3404
4186 2843
4453 8556
5631 9989
4418 5337
1403 4232
5453 2520
5624 1584
221 2276
5885 6314
6632 4299
3566 7164
2165 1377
1175 638
7228 3542
2804 2761
586 14
8166 7437
3816 4427
9653 765
7022 9974
8888 9529
293 9941
9921 1455
1853 859
4290 3155
859 7356
1533 1564
6486 7762
3726 9879
8953 2582
8655 6860
3042 1784
7211 2918
2488 8967
8863 3483
6015 7968
248 6397
655 3752
9732 6497
1265 6192
8579 6060
3928 9474
712 7147
6839 8657
7164 6727
7336 7248
350 6916
8466 3500
8741 3476
5168 8459
3991 3235
9257 5463
2365 3746
3294 7215
1360 1194
2540 5440
363 5929
2016 8409
4552 9287
6665 7322
4655 5736
5637 3847
3092 3149
5177 4091
5956 5549
9272 2795
7589 5576
4211 8849
7805 1939
5043 5444
6151 4189
5172 5854
8759 2166
8649 8158
2374 1714
3925 2197
6975 7460
7973 3593
3972 3706
8695 4783
5063 2770
2198 4871
7548 9429
9309 2323
1034 2676
1243 6462
3679 9617
658 1113
4886 1659
6500 4211
8370 7443
5830 4911
6716 8939
1649 3659
5059 1321
5366 8419
834 9862
2114 7105
7293 3029
4786 1199
6643 9565
7192 3391
2349 7618
4732 7500
240 1660
7710 8686
4138 6761
3842 5716
6968 3619
1687 1268
3223 5149
2025 5464
4176 7403
7077 4730
7748 6884
5984 9003
946 4158
6595 5629
4724 7127
1690 4023
7221 2092
390 9016
7609 8095
665 4754
1774 8339
4608 3919
9745 8477
6069 9841
3156 8784
3582 6906
3181 4118
9031 2196
9029 3584
3602 6326
1280 2704
2718 6279
8015 3161
3350 5472
6541 6510
3853 1370
8190 8467
6736 4921
3066 5834
2639 4306
2818 4308
7184 7676
7863 8230
8155 7584
9173 9324
1833 3805
6566 1332
3482 9024
7022 9950
9200 6165
7388 5089
2092 1935
7807 1774
7609 2055
4848 6199
2554 9055
9951 327
2157 7140
7860 4939
3969 7169
5943 7755
7753 3766
7447 47
6772 403
7511 3186
2399 378
4441 6346
69 9175
772 5656
9877 3737
7569 5005
1720 5809
3353 992
90 6201
4280 8212
501 3742
9458 6126
3641 1580
504 1761
3170 7822
3608 7001
9995 588
3379 5717
4542 6118
829 245
4017 1049
5947 4561
9745 9458
3575 7763
8128 744
2087 920
1421 1059
7196 7594
7691 7573
3140 5327
1661 5363
9875 3273
6870 412
2835 3644
7380 8061
150 4400
2123 6067
2432 7576
8196 1450
5730 6266
4656 9091
8610 4702
2361 2448
8018 397
3926 5310
1667 6955
4186 3692
194 7560
8374 1227
9968 7005
8798 5921
347 7021
4016 544
2510 5173
7115 7884
9084 9846
5486 4714
2984 9607
5196 2925
9874 4754
1741 996
5277 6418
8241 9692
5378 6995
7536 77
8433 9633
5260 8171
4326 1362
7774 5503
2132 6142
2655 1982
1631 2184
1033 4184
2571 1759
409 7740
2687 5317
6923 7030
273 3678
9259 4319
8376 5958
4811 2989
8493 9512
2703 7018
5846 6588
5717 6703
4427 3228
7712 9297
4871 3649
182 3388
6690 6805
1323 9894
2123 5517
594 2514
1670 1492
3053 6592
1702 212
7118 5417
5547 3235
8818 5205
5463 3012
4012 8331
4157 347
5016 5972
373 9762
2755 5972
5606 6043
2376 3293
6057 7147
3780 5742
9603 9056
4895 9041
2487 6399
1902 9681
8106 1612
9408 3340
4643 4252
1816 9614
4242 3679
9831 7580
4497 6120
5168 8045
8428 1518
8105 47
5804 8377
9020 2827
7733 2390
5872 2132
5027 4255
8342 633
7877 2519
4948 700
696 7610
5613 9950
9173 8145
2043 4385
8061 9924
1370 1818
2576 8039
9309 4929
1026 2947
4363 5500
4572 655
7564 8946
8254 6949
5377 5549
2804 1113
7236 1718
9122 4140
4164 7663
7337 1477
4728 7439
6743 738
2820 4211
6109 7282
8537 2174
852 6271
3911 1969
5552 9808
2102 8775
6567 8096
2279 1763
3079 4556
1470 4105
3175 2049
9368 6882
503 9685
7208 6328
4418 7785
4012 2667
691 2273
5508 4675
2734 6894
6350 6418
8674 7117
759 5302
556 1038
7827 8672
1138 5069
6379 1642
4591 3138
2989 3629
3067 8881
4711 9592
8642 1772
7555 7553
1337 1872
2987 900
4640 3646
8157 7621
5922 1524
8341 3766
6210 6357
8156 7433
6477 56
9161 7477
6738 8462
5440 2948
1341 8151
1377 1163
8947 728
3297 725
4501 5594
3470 7298
2047 9215
147 8026
9977 4370
1140 5249
6410 6953
3177 256
3400 1496
6457 8196
9260 9418
27 912
2385 9597
7138 717
3157 3926
9707 6845
1252 6594
7862 3148
5343 224
9627 4866
6189 955
4049 9876
8821 6873
