1802 1934
9656 9889
2720 8395
719 2953
4855 4728
5921 5691
4558 7888
5809 3006
3782 3991
4921 4035
3623 7610
3665 1605
3866 7782
6075 8494
5997 8840
9741 9825
8569 2959
1621 8544
5933 453
8515 5877
5886 8743
3886 8370
496 9603
5222 4498
7889 1924
4766 3464
135 9331
9064 9209
9332 8206
2961 2320
8795 6052
5464 7414
1598 8654
760 910
5990 7874
7127 9306
4067 6738
3361 3543
4216 1613
7239 98
487 8335
7904 9119
8716 2847
8669 6707
3309 6012
6218 3429
3131 7403
221 3611
1546 2613
9220 6931
7776 4746
3015 5134
8901 7070
1498 6864
1720 8899
725 3386
2077 9136
2132 6628
6092 1990
641 8347
8604 8661
1921 3412
3394 1760
2141 8784
7999 41
8271 8084
363 5491
2357 8264
5055 573
5169 7505
7139 1519
3119 9755
8506 5628
5196 1451
5411 1376
2255 7206
2070 744
6199 9942
760 7005
6023 9716
1926 8872
8677 3416
3441 5726
6010 3775
459 7013
8792 6106
5975 7726
3993 5973
8781 5459
9164 4931
1271 3400
9680 5198
5284 1806
7716 8454
3055 5811
5044 104
3249 2415
8482 8667
9848 9885
5964 6382
169 7974
6160 5799
4756 6009
5664 7581
7128 1006
7341 67
8163 6820
7072 8244
4365 2825
9388 8301
6530 4699
1408 4290
2999 3943
4268 5265
4857 2627
2978 3776
6327 9601
9174 8089
9142 3828
3421 939
6676 3948
1636 4921
4391 7792
3068 3911
7679 546
1111 4174
6654 9154
3035 7117
1924 261
7927 3536
3193 4027
5040 9527
133 1230
1999 3000
6446 4142
3910 3789
391 7352
3803 3434
7970 321
9109 2580
3100 5906
8309 4109
4033 8447
9091 9514
1501 1568
3462 0
9985 2264
6331 9803
6231 6189
1483 8731
9174 4385
4782 4118
9534 7293
6640 2048
604 7715
6323 880
7250 9147
7732 8396
1588 1469
4775 3031
6619 7294
3277 7780
3149 1364
712 4925
3023 6099
9041 1775
7485 130
951 602
484 6091
4973 7984
2659 1557
838 6848
6189 1078
2799 7229
8204 5307
4245 4168
4401 7125
812 3533
5447 8927
4424 7782
7049 5440
5622 1990
6064 5755
6102 1580
3484 2326
2393 8631
7061 5571
9514 2442
2947 6709
8215 3348
7951 9691
9988 4469
1457 4866
6660 9549
574 2038
8320 4569
3348 2973
473 3154
5708 8284
4777 6728
1384 4243
7165 4473
3868 235
4881 140
7459 6088
4119 9387
6443 1455
9512 9441
6637 6653
6264 9791
7146 1282
7353 4012
7127 6638
2081 4184
5617 5146
9216 7470
1255 5539
4043 4652
6808 6548
9768 9380
8753 7187
9303 9051
4521 2856
6382 1313
3436 1062
626 2870
6957 9623
6179 4633
4174 1176
5266 7790
9053 2995
3906 9992
761 7380
5156 9086
2539 4873
6393 3286
8186 4083
6909 8535
4782 4186
5856 6464
4409 1874
1329 374
1991 1513
7476 365
2360 8964
1546 8939
4780 3443
2672 9724
8308 9270
8806 6514
7498 2985
3902 3884
1720 2043
3418 3771
6045 6457
4911 112
8222 5187
9049 7854
4904 4273
5332 3030
9382 3304
7941 414
5824 6875
777 9121
5894 7348
689 4578
3168 3902
802 2011
9180 4193
1327 3293
1676 1720
4518 3577
2299 8529
4477 4973
848 33
5370 7176
4207 8495
9791 9608
2889 3497
6464 8911
2289 4441
8806 5951
8565 6828
7961 9831
5502 9173
2807 7255
3897 8575
9862 9380
4211 3783
5351 6910
3510 7119
3933 5007
6980 6818
686 5545
7802 9141
6139 9851
2407 1255
1409 2907
4881 3470
6807 9492
893 9443
7519 5756
4666 283
265 8827
4265 7523
9249 2454
1028 5551
6620 5091
6501 3679
6101 6189
246 5552
5368 6338
3215 7184
6061 374
7404 4355
3959 1222
1022 3972
5478 3702
3745 2919
1967 9075
2393 6968
1782 2613
8455 8837
9312 5785
2198 986
7781 3150
9706 6089
2527 3642
1725 3957
2294 4077
477 4643
7404 2153
6347 4622
7842 1561
8482 201
8905 6979
9646 6196
4928 1033
5452 5877
8692 4885
9440 7488
2143 4554
3719 2650
9303 2006
2684 219
2434 6689
3241 5506
8616 5011
983 6558
5150 7646
3947 3453
3609 5114
3450 6784
8284 4134
7744 1002
2095 4146
403 5875
746 6214
3512 7783
874 2198
9186 451
3023 7511
2643 3843
3441 1837
9077 4830
4245 4520
3410 9842
7725 2463
8912 4470
9712 93
4192 4630
8125 5551
2141 5029
1936 1362
7720 1072
3777 9262
6423 3596
6618 9662
6777 6164
6338 5299
4205 8783
7555 2001
1366 2242
4805 5745
479 877
1274 8961
3144 3037
8566 6037
9713 5942
8677 132
9389 7013
6930 8570
3714 5489
1606 9555
3206 2575
4602 5399
5612 2589
6191 5908
3850 8689
6995 226
9574 9287
7234 3625
0 9644
4234 815
321 4222
7036 8457
9725 3161
2929 6336
3421 8259
1141 3173
5697 6931
7285 4852
9733 2877
2530 1793
6440 6194
227 4536
2885 2371
3008 7810
4295 6032
1698 7884
5306 9274
9771 1425
8040 1240
6579 3885
4633 3812
3417 9671
5957 8682
7647 8600
724 7799
6618 9367
5405 4678
2201 3149
7275 5207
7211 7666
3663 8313
2923 4302
4459 5968
7538 7997
6222 8091
6323 6682
1096 1147
3343 1397
4392 9361
2470 8642
3392 8163
6739 8960
2047 2308
5314 6374
2216 3285
1355 2431
1076 5231
1503 4517
5080 4342
2686 8014
4 9041
7220 3648
9491 7224
4513 8846
6889 6288
3682 8625
3859 5060
6536 922
7609 1366
5525 1817
6965 5236
4976 4527
3528 4142
8328 7617
7110 635
8568 136
391 9463
8438 9182
3832 4260
9115 5903
1245 8557
3506 8705
142 3511
3242 8595
1771 1433
745 6662
5741 7605
1382 2789
3548 2636
6853 2039
862 4739
4141 9337
6481 4382
8194 2941
1384 125
9575 9917
9221 3683
2747 6909
1068 2750
1966 6115
7635 9514
8249 7458
6627 9926
4880 2334
8709 3134
5529 1962
6919 6018
2962 4245
9867 7069
5131 6467
71 143
6643 9991
9351 9138
1039 76
4011 9590
1900 3788
8355 1451
5404 3071
7274 5549
5670 9606
4519 3846
8380 7631
4801 8928
331 1157
3792 7718
6161 3198
2164 4736
2151 3262
7032 1707
6715 8187
4565 3854
518 5800
4515 6211
2225 2393
1772 3350
7253 5732
7962 6717
3459 459
4078 3177
3448 566
3093 4539
9868 8071
3591 7152
1268 9307
5271 7254
6496 9553
1106 6212
5182 5721
8491 4334
5719 3216
9731 6645
4070 626
3457 7044
9605 5459
5763 3902
5124 7887
2888 8698
6478 8987
9909 1147
2613 1296
7193 6754
3423 4548
7391 7907
9523 4723
3285 3796
5270 599
9385 7418
1788 8100
3941 4487
5355 6685
7858 5400
2857 9748
5003 1315
9736 6012
9211 943
1205 3965
8367 29
982 1449
6813 709
3007 3801
7332 6000
2536 9548
7376 3037
8109 2659
4621 9736
3306 5265
785 4732
5843 4530
4230 9033
9510 6729
1015 8806
5246 7923
9840 2174
3552 2180
2846 5401
476 9696
9172 4411
7341 4261
4003 4681
4209 7001
2496 3194
9641 1304
9207 9185
4978 2789
2125 4190
5881 4246
2309 335
3929 9054
8058 5191
6980 5507
7814 2966
5658 3837
7571 4965
1306 4393
6860 7842
1705 197
121 9602
7568 4630
3091 6534
1025 5578
9572 7081
9446 6447
1998 6084
774 977
1869 197
4021 4576
3573 7338
1331 787
2120 2933
1433 4447
3905 5569
5306 4270
8668 2975
3630 345
5089 9641
5854 584
8866 7053
7073 3775
6119 8880
2079 3403
8643 70
131 4681
8842 5383
4088 563
9076 1349
7429 2592
426 8507
837 5072
7798 917
8754 6438
7215 4474
1115 1791
5217 5867
4901 4355
3777 5373
5739 206
6239 9160
231 3060
6237 6081
5132 9593
1746 1900
6856 4369
2518 2645
8601 1604
222 6101
7302 4082
3420 1177
6321 719
6059 948
496 3866
4616 9797
3381 431
1375 3690
9554 9981
4814 4076
4063 1404
162 9066
8372 1609
287 3584
1219 6304
3939 3933
5067 5545
7085 4740
887 7376
8177 2723
2953 8305
8854 6119
2690 8605
6865 7073
3862 7779
1876 4335
8825 5768
2474 1931
1335 2412
2085 9060
7382 4976
6886 5038
7904 2577
3985 6398
9112 1903
1106 4925
7529 2636
8497 2044
4455 4105
1115 3698
3203 5581
1671 2115
4451 7783
672 2081
7609 4214
1752 5157
8237 5732
2984 3443
2412 8879
1065 26
5714 363
416 7753
483 8157
5110 2356
6107 7649
8281 941
3350 4853
1877 1028
2134 2347
5702 4567
1793 1788
955 2675
8971 829
6201 4143
8988 6781
731 6057
7052 5181
1974 3418
1426 7750
251 3619
2415 6803
8905 1535
38 5955
29 6135
1319 4362
6651 4729
4928 7374
9712 9104
3425 2394
8810 9232
9496 1114
7603 3311
4076 2849
7914 4930
9863 6240
1047 3795
8940 8709
4730 2555
3804 1114
8024 2028
9440 2875
8148 7204
3417 3822
2380 9424
2062 218
7910 3885
7765 2447
199 3526
879 8883
8527 3709
5588 1431
7234 717
233 8893
4248 7897
8305 748
4604 3102
8609 8558
8771 2204
7766 699
9020 959
4524 2584
4886 5417
1498 832
8619 1554
9006 6164
2335 9142
3691 2768
2289 9669
2716 1105
62 7856
9314 3139
7784 5196
43 1282
9857 9016
3645 5338
9641 6917
6869 7785
1611 5152
4978 0
5977 9567
9986 9840
5860 3505
4027 7510
2304 9926
9654 9717
6963 5289
7038 3662
8617 4207
9083 5700
5864 887
4652 1304
5436 7536
6771 810
432 1750
934 9316
8453 4220
9906 7615
9111 7869
3865 5475
9534 280
7868 1244
9414 9977
5209 1198
797 3726
1723 508
6507 9866
3510 6186
5320 3402
9936 6302
6694 6467
2385 8413
1747 1740
1753 2952
7666 9717
782 11
1232 9144
7797 1017
5771 9057
5198 9949
9456 9583
8549 2234
5064 7330
5411 4930
4967 752
3073 6962
3517 8659
6022 5269
8576 7147
7431 4090
1923 5712
9781 2297
8984 5171
7155 2465
8328 8923
7677 7879
8067 6115
9271 6783
8099 8282
1156 5553
5500 3830
9885 6309
4767 8116
1066 9716
443 140
4375 7777
2585 9614
92 1495
1015 8071
3606 217
8128 9871
4251 5324
330 1444
5443 5379
5572 7250
422 8846
5862 6531
2639 8924
4590 9112
3304 646
8077 9165
5182 9108
4434 3472
1798 966
5478 4676
8667 3867
9128 5016
4451 1611
9912 4832
7549 1667
401 6935
1159 6469
9209 9411
2558 4868
9862 4314
5109 96
9706 2754
4418 6106
726 3096
2871 1837
7862 2140
5260 3419
3568 3347
7784 9023
4847 1156
6113 5442
8535 4232
8958 888
4296 9620
984 6077
929 8356
3112 9604
7840 637
4002 6140
9898 8535
4198 602
6808 1658
4856 4251
9517 4679
9649 4569
7171 9819
4153 2522
4108 3045
7523 9224
4979 1288
3814 5981
2759 9314
820 5982
3514 6214
7120 590
850 8076
1980 4365
9492 771
16 3649
1626 8711
6823 1242
458 6919
2983 5127
9177 3540
636 280
4884 6891
9142 3933
5637 7165
292 8670
4893 4617
6099 3668
743 3883
5299 2043
3774 4178
3404 969
2896 4434
3198 6233
1460 7321
1830 8840
7189 7095
353 1338
2707 3865
1812 8419
7686 667
4879 6910
5771 9743
6581 8794
4893 8013
5782 7357
6408 5833
3944 3784
6794 1560
8051 3811
5014 9363
6190 1301
3421 8065
7292 2712
6645 8526
2165 562
5076 4993
332 595
8219 3516
3848 8519
4163 3198
7306 9147
73 3754
4287 4136
9829 6299
5630 9837
8099 4767
2052 3371
6655 9752
9433 6420
434 2053
6196 2233
4384 5358
5922 2933
765 7256
5176 8741
6669 7822
4336 3331
3790 7773
8322 3886
7193 1820
8322 853
2685 4051
7707 9625
6124 8372
398 3419
160 8731
8059 628
8236 1981
6023 2547
8359 2088
5460 6527
8668 9195
9143 9488
8690 8725
3119 5632
6377 9353
1148 5960
7999 8053
7825 2275
7522 4452
4873 2916
3744 3819
9346 1832
6310 8252
5236 4661
9764 6960
9131 2846
1087 3590
6006 112
3463 49
9378 8321
5035 7007
3420 4001
7686 4802
8912 5754
5011 8986
3423 8621
9954 1664
7230 2721
4886 4561
7136 9475
1472 6339
2521 5672
8183 252
8379 2113
9901 5342
7380 5526
9678 2560
4834 9595
4240 4655
2618 4908
9063 6313
6100 5893
1476 2085
4315 520
1568 2842
9239 4970
2547 8532
9582 3323
9422 1119
9872 3836
6721 8054
7187 4592
6515 9383
1398 5706
481 1833
3333 2917
905 1343
9775 8225
9011 7075
2779 264
5344 6273
1484 3386
2046 2601
3158 9830
7328 7698
5963 3635
1651 880
4416 827
1911 5651
1537 2966
6325 6387
2557 1332
7598 998
1708 6002
3146 6571
328 153
3184 447
8308 636
8548 1786
2439 7914
6859 551
1437 7875
2004 4953
5234 9100
7163 4345
5242 8466
2929 7633
4066 7079
6185 1896
238 6100
4077 1724
4073 7203
6058 1791
516 3600
8919 214
514 4170
285 6296
2220 7708
62 3780
1241 742
8651 2799
6075 5528
526 4409
557 7923
8158 651
7755 5896
2999 8385
8965 3376
8679 7183
7802 5863
384 9321
3414 346
3818 7340
7937 7485
974 3902
574 8398
1654 9525
7298 3068
5307 4501
7354 4397
4244 8387
1590 4521
936 7969
6382 1002
590 7295
8682 2098
3234 765
6880 1215
2366 1480
7876 8535
1414 1033
4862 1202
3533 7221
5375 3221
2687 6675
1224 4292
4427 8077
4532 9325
7563 3995
6627 2324
4621 214
1627 6402
6197 1464
1231 7570
986 8971
4298 7818
9178 6075
2684 3465
328 9644
3819 4033
6275 2407
6900 7599
1779 3251
3895 4967
3623 7248
2451 2597
7886 3843
5004 2853
8346 9951
2226 5633
1717 4709
8305 1962
6648 2746
7587 5883
6778 4024
3375 5052
9551 1580
8867 9020
2986 1012
4731 7696
3960 6092
9932 5099
9137 1189
219 2372
9243 9721
365 2197
1880 9402
3668 1490
4299 6726
937 4574
1193 8472
1931 7647
2030 5182
9282 4172
7578 1646
9847 2409
8749 2891
9854 8949
1719 7885
229 6860
9344 3185
1931 6721
5198 4142
9320 3767
6483 3486
6271 5229
4129 3295
8103 541
8071 6187
498 7290
7912 192
1822 4576
9222 4484
8807 1273
5816 9156
5300 6647
5706 882
8167 8002
7792 6664
1508 8065
2881 3321
4935 9114
79 9679
7785 2194
7986 2184
1377 3300
9873 6063
9755 6044
1345 5684
2119 611
4030 5342
2854 9876
3215 4900
9479 1800
7779 965
5683 359
2319 9946
201 3202
8138 6496
1851 1210
3451 417
744 5844
1210 9552
3872 9980
270 9344
1476 8624
3523 6076
1270 7509
3 3752
1693 7053
8602 6320
8483 4642
7853 8447
3778 1175
2983 4647
5950 3991
3362 479
3119 3461
1951 235
1846 7803
2723 2414
6181 2813
4909 7343
8433 6524
8778 7727
6221 5514
7893 9670
1547 7712
205 5390
8914 4474
6223 2032
4760 1635
5656 4136
3641 2243
284 206
8503 6044
6064 6038
2550 8218
7443 6737
8380 5829
1226 5684
8135 5769
2663 8280
6259 4937
7427 5682
6742 2610
4672 8823
8220 7947
4834 7195
4949 766
3875 1605
411 7053
3097 5246
7063 157
1491 1306
7558 7720
8602 293
6487 7810
9827 1801
2336 7898
6121 4720
2504 7711
7086 1430
6972 2082
2553 5617
619 2400
657 8519
6211 1351
2089 2894
8912 3959
7630 7313
5213 1956
414 2089
8187 27
5824 7479
9399 8921
7159 4136
7613 1374
2303 8902
8251 1890
764 5706
5383 8123
9807 5834
5464 3766
5548 4174
5041 142
6111 8946
8919 8297
2625 1840
6226 827
2904 208
7518 6940
5355 6869
8567 1843
7579 8384
2660 1016
2206 580
9299 3455
8932 3927
9278 2120
2189 347
461 8835
848 879
9242 1874
8939 8252
5723 741
5578 6510
1779 1388
3702 7664
6553 5628
3099 7371
5967 6736
4155 3445
9038 6689
1269 1932
6002 7861
5751 5512
6069 3835
2917 1035
2309 7043
5418 8749
1057 8061
8887 9014
7357 188
3139 3484
7880 5598
1285 196
2297 401
1256 663
3133 6823
7379 6255
8960 7627
6354 1617
5302 1461
4263 2294
2308 9046
751 154
9720 3824
1476 9418
2412 4673
1894 4454
4822 8300
8280 8928
7272 1904
3749 2086
2004 2232
2539 3330
3113 5780
6091 1112
3549 2146
985 1731
1707 4870
4797 7731
6688 3438
4464 3357
2067 3348
2809 952
6101 6243
3209 1825
2489 5148
5226 5225
4331 8547
7953 3419
8094 9959
1343 405
1162 2279
6378 485
2565 5816
2938 4341
8662 3771
9496 3445
2669 9522
5977 1494
7633 9843
9185 5330
6336 3763
9150 6312
8825 328
3532 5322
1252 6881
3087 3888
9843 1516
4979 234
9789 8864
2716 7624
7582 119
7691 6936
604 3583
3343 4524
1216 3292
3368 7671
937 6617
4528 190
8364 8089
5425 1381
6197 1897
6487 7328
4400 3280
8004 7409
4720 252
8194 107
1583 5314
7655 58
944 1651
2271 8576
8265 7342
2708 9745
9693 26
54 8619
5785 8695
2739 8277
8809 8573
6041 1747
3167 352
9163 699
8228 1882
1679 5789
690 7638
1519 4753
1701 8665
6560 7388
1967 6606
3249 1037
6646 7576
8936 8398
5296 3003
5494 6667
9529 6818
632 1001
6693 8159
7401 517
539 4193
550 7469
2857 6309
4779 1558
4331 7326
7301 3733
7483 3481
7586 9086
9859 9968
6715 347
1388 2273
1356 520
4728 8049
1218 2801
5842 5791
8702 1131
7043 3037
7734 8553
7187 3954
7414 9100
3931 13
7532 461
5549 5690
4437 9684
9607 7774
5715 4410
4410 8800
1497 9921
4022 8395
9901 7174
3332 5733
5001 1805
6523 1816
8866 8944
1407 1518
4452 516
708 1251
4701 5421
6831 2871
1250 7132
8767 6871
9598 2598
8417 9727
6732 5494
5813 9654
9250 9176
871 9472
9964 6075
7306 1824
7451 6083
5061 5067
6003 7684
7913 3670
251 4287
7360 4918
2150 8220
9591 2945
2653 7528
3445 789
5146 4737
9246 668
7866 1235
7779 6191
3505 281
9095 7036
8142 1520
9041 7739
5378 8399
570 8446
2875 4436
6468 8672
1497 3063
8345 1475
3140 2906
1526 1320
8588 2630
1812 78
2674 1534
7598 615
8191 3115
7895 3467
7141 9946
334 8862
5852 14
1731 5229
2455 4506
7277 5525
6936 5003
4687 8090
1712 8370
3699 6000
6577 5824
9514 593
8532 8117
3730 6252
6659 6536
7452 1742
1913 4051
7637 970
8677 2698
1428 9900
5251 561
9724 2924
3906 5552
1958 5635
7047 2043
6791 9930
7370 225
2957 6958
8369 9011
2614 2125
4081 5381
3704 5431
8026 6393
2754 1610
9827 2584
7655 5174
7183 8333
9960 5365
2405 2136
7687 925
5266 559
6127 100
3284 4175
1763 7772
157 9016
6458 5569
3823 6146
4585 4254
3972 5488
6045 5521
187 4586
2585 7449
6110 9824
3325 1331
5367 1112
3812 9003
9712 8659
7150 2921
519 4012
825 3301
568 4399
3235 1788
4200 8361
3561 1958
1484 8306
539 436
1609 2299
6318 5693
3435 6693
4329 7135
3634 1160
729 681
7722 5604
7170 2647
9504 4522
2974 1989
2896 4550
4122 9178
9946 558
8354 1242
2747 8749
9179 8909
6977 3477
2610 5253
1127 969
2169 5510
7435 8906
7296 6798
7552 2257
2783 606
632 2050
9659 7159
8282 9717
9380 8683
4115 7057
9422 951
3077 8529
6053 6609
2887 7321
1596 7408
7012 6463
7814 1489
42 477
7048 8631
785 1753
5458 3467
8716 5498
7035 704
9832 3801
7452 9623
9108 1003
520 5326
6426 3750
353 9535
9004 3282
375 663
6402 9930
8181 6628
1460 9223
7754 9035
5096 2798
622 6663
8468 7974
4008 5092
4167 655
9428 6969
4597 4440
6462 2373
3960 1079
1086 7598
7321 8227
4618 527
3016 227
1350 6560
2348 2464
5629 278
7817 9747
9684 896
1219 371
5098 8869
3209 7051
4871 5150
744 1165
346 3721
8206 8983
5699 1932
3302 2152
533 2500
7091 3819
1696 8536
7752 6682
3333 5006
3180 6484
9205 133
925 4084
2117 6435
6019 5791
9735 4765
78 9517
3163 6665
8185 4857
9917 5415
6744 7400
4421 8094
2022 5006
1787 6277
7021 8058
7824 6167
5453 3178
9336 9691
8322 8366
9105 144
278 3697
2060 2615
34 304
8093 5510
9540 9871
6154 4164
489 5314
9578 4915
7303 4078
9673 5152
9356 786
7431 7646
2321 7917
4900 9623
4266 5550
5716 9657
8488 8267
147 1914
7674 3324
6096 4401
303 2427
6778 6421
2190 2041
8919 1256
833 5746
9047 3656
5504 446
9906 6541
9145 7611
5346 6424
7628 3450
6891 6604
9158 8489
7899 3684
9440 1493
868 906
1308 6510
2864 2678
461 7513
3063 757
8031 4082
3530 4838
3535 7168
8798 4254
2481 2509
6506 4941
4874 9165
7854 369
966 343
4885 3581
3806 6291
9618 6100
9265 2269
292 1338
9992 5523
8016 9183
7823 9542
6510 3720
8197 2815
4052 991
5563 4785
8847 9232
9508 347
8089 9819
9784 3894
5100 3482
5055 8435
7016 7096
201 6417
4967 4121
8895 763
3590 9389
7859 6095
5348 322
3270 4725
4545 5825
3153 1171
9674 3389
6754 4322
8811 8878
7163 60
4133 6820
333 4213
5842 1473
4572 6638
6908 6896
8170 4765
2796 1957
7085 6943
5359 9842
3901 9035
471 3221
4710 4185
3099 4331
9395 8124
4511 942
5169 8267
3601 906
11 2310
8166 9210
4451 295
5836 5993
9383 5387
1441 1520
2401 6517
9992 2987
6019 8329
3718 380
9526 2928
8000 1980
2351 3892
7552 9172
1570 294
7110 1364
7524 6831
1200 8604
5522 6597
7207 8063
8716 2722
3944 6856
1369 3808
3506 6401
3807 1374
5106 1407
9135 7220
7640 3636
5814 4611
6711 8017
4941 27
7695 8941
9346 4407
8497 6596
6440 1259
9542 9193
6077 3156
9068 2332
3472 8042
2324 7720
1627 8546
8722 4849
114 5551
4786 5616
9965 520
5806 3457
3204 535
4926 3115
4967 5102
2283 1882
9760 3242
5645 5202
2875 2696
4175 1382
9737 2440
9394 5484
9949 1047
6028 1183
4344 8923
332 8123
5820 2587
2096 9882
8872 541
8794 7303
483 9689
2949 2887
684 3034
3826 716
93 3761
1190 4074
6546 9753
4204 9680
5225 1451
7872 8024
477 3764
4770 1810
3978 5028
4619 2028
7161 2805
5719 3248
6117 5509
6461 2838
3407 6851
482 4242
7725 1463
7255 1248
9125 2531
9962 5391
1550 2770
3666 3291
7104 7653
4346 8419
3544 8963
1753 362
7730 2682
8929 7207
5383 4480
8725 9097
5772 6655
5426 6018
7559 2985
4467 2643
8742 5250
4985 3508
4905 546
4600 1896
3733 7909
5768 6253
1604 6668
9505 4118
8354 2522
6094 7177
1355 9310
5271 4171
2412 1593
4831 1886
3592 443
1406 4818
3581 1516
1326 2085
8390 7935
9973 9942
9334 1324
6635 8332
1899 8255
9781 5426
2005 9590
3548 5782
8453 4584
3800 8218
2413 8597
1995 5869
7848 7628
7915 7389
4852 4816
8379 5574
6372 5720
2054 9832
2426 844
7551 6065
3803 3914
5953 2245
9251 1423
2642 324
2760 3699
1372 1638
3965 3050
4056 4629
9599 6428
5614 6054
8801 7616
951 3981
6615 2808
2300 4774
9197 7966
7714 9869
9510 3996
7753 4613
7973 2630
8255 7749
1550 5858
6997 550
5568 8516
8763 6061
5993 2249
3894 8084
1246 8722
2266 5368
9439 278
6925 1670
3731 4535
9391 9134
3260 2146
7814 4434
3043 1919
4450 5390
8887 8325
3708 5985
8230 1639
7169 8833
9277 2323
1517 3829
4867 5449
4424 907
3633 4242
9289 468
2826 1409
6409 7401
8597 8993
584 8858
7516 7907
5170 481
7761 5459
3946 5991
9835 9659
1905 7041
3476 3332
1840 5636
5164 1080
3771 7572
8745 2044
8124 5403
4944 2245
2525 491
9011 1934
7028 5177
9067 7198
2924 7555
6899 2030
8105 1081
3342 2820
6041 8829
3124 2863
8927 7016
7988 1435
6740 8803
9478 2460
4548 43
986 2970
4520 6360
4423 6693
2651 8722
521 655
1142 5203
3987 649
9207 2761
8412 5001
9989 1979
9321 7478
5591 3358
2862 2610
7948 2278
4661 5181
3186 721
9121 5030
7760 3395
7581 9516
2773 7614
4918 8984
2298 3039
4880 6248
9793 8819
8768 983
1653 6428
499 6749
3780 1328
7711 4620
1306 318
6563 5695
578 8331
5634 3138
873 7727
3659 4313
3705 8859
1859 93
2882 4887
2674 1703
1770 6437
5732 2397
3543 7750
9076 3448
3187 9808
5213 6383
2881 6769
1907 7960
3922 5423
847 4304
2643 4847
5600 9165
3743 8346
5324 1124
9054 225
5907 3165
9360 7650
4659 1902
3328 9272
2807 1427
1941 2481
3486 6182
9426 4153
1406 9263
3096 9824
931 5183
3236 7589
3210 8125
4036 3737
1842 4582
9684 6821
4497 8498
2904 1373
5439 4470
2538 7668
8149 4481
5 1611
6946 1005
9992 642
5644 6043
2216 7509
6261 498
2071 3893
1553 520
8006 4001
4202 4685
9772 6129
3196 740
9199 3463
4426 2336
8531 9312
6404 4697
6987 8990
3265 5283
2014 6718
2468 6925
5868 930
8180 5298
1160 9583
3623 9128
9509 6671
2558 173
935 6203
7141 9578
2611 1231
2227 8704
5107 1219
1733 3968
9314 4365
8116 5663
2436 597
9026 5066
1201 3999
6794 4636
9265 918
9299 4178
7800 3333
2979 9857
3177 982
9333 793
360 6766
7333 8593
7429 2639
5715 6299
8471 8641
6724 6270
5794 5545
5191 9978
296 981
459 9081
4131 7746
9573 4538
5834 3668
8445 7312
475 3319
3441 5471
9917 5408
120 4030
7358 5566
6173 4157
9851 2839
2263 5620
2875 2700
7838 7142
3734 5585
17 9163
6585 8918
2148 5754
3578 349
9129 2975
6346 9804
9623 9862
772 8399
4177 7703
7334 6417
539 7868
6346 6542
4043 1967
4670 5771
2894 188
7083 806
8249 1212
9605 5132
9830 3264
3338 3238
2887 8671
7802 3502
585 2749
9332 2879
7539 4031
3502 4221
2369 4665
749 5516
8147 9027
1794 7588
8369 6336
1285 6664
581 8534
4432 3229
4367 6483
4198 4459
6650 4700
8751 4832
9049 9370
2149 8287
4129 6961
1615 6138
5123 8344
2103 2923
6655 6333
1825 3918
2733 6244
66 2439
3696 5803
3613 7983
2656 7458
2578 5552
651 96
7836 6909
950 5990
8901 3032
6185 274
9667 7675
1597 6511
1192 275
5416 702
803 7404
7663 952
7217 5295
4491 2078
5220 2224
411 878
7566 6617
8595 2588
994 4878
1293 9604
5708 6593
837 2154
732 5780
6910 5121
6096 9334
7288 8450
6995 4936
839 924
4003 1334
7166 7972
6180 2508
5653 8885
6807 7746
4013 3900
1547 9618
160 9997
576 298
15 1951
7838 8378
4735 973
5182 2187
6771 7126
9307 1063
5637 8365
7172 4437
6916 3730
2632 3023
7886 4194
3472 8598
277 8609
1211 5252
6395 7670
7740 8048
6977 8520
3997 6241
3145 5207
7265 5954
4333 9048
9142 3978
7005 4566
1585 8287
916 4516
7395 9447
363 8016
6044 5992
4638 3389
4370 5560
2002 6252
9184 9613
2794 38
7483 9573
664 1955
1109 6735
6004 5115
1092 2890
6720 101
3817 8888
3799 2832
2133 7997
7656 2940
2876 3086
9235 5242
1101 9247
435 526
3356 1444
8155 8932
6222 7566
2941 4090
4104 556
5874 8051
400 4073
5496 5890
5742 5128
6797 4764
5586 185
7283 9353
9157 690
5438 7605
7356 3415
2316 8589
7011 9833
581 2549
5854 8688
8810 5722
1356 330
173 8352
1651 3890
7598 7270
8470 7199
3969 1512
2727 9634
2648 5140
3706 7181
9830 5239
7372 9155
2348 8675
514 5073
2890 1761
2335 9352
304 6431
612 4332
8124 6696
8361 4394
9720 8871
3495 9455
1399 7573
7994 5539
8941 889
5861 2836
747 3860
8462 7041
5832 1317
82 2948
1833 6229
7516 932
906 6778
2516 4421
4541 4329
1180 7017
4136 6495
2675 6171
1744 414
9929 777
902 5962
5011 3433
6091 2079
793 542
3117 7162
1845 7757
2698 9430
1240 8586
7789 4975
3628 2884
1993 2178
2751 9441
9690 5985
8742 7229
2420 8109
6941 9695
7855 7177
5288 3044
5110 7882
4372 1473
7020 8419
7330 731
492 6979
9841 9658
13 9610
713 6574
1771 1526
9578 8911
9170 7625
5801 5763
2982 6290
8135 9395
8912 1853
4254 9307
5291 9569
775 3264
6820 1029
1291 5746
8000 4982
6580 4201
4116 3199
6469 4599
5490 8479
1998 8203
4390 8282
1477 3778
1752 3717
6686 7458
860 5536
3974 4139
1541 272
6747 6650
3553 5314
3204 5160
3602 3220
933 537
7116 6638
8176 6389
2925 2483
4449 352
399 9648
5380 7277
1373 1977
6483 5678
9191 5320
8551 3418
4206 9871
9101 9483
837 5565
7307 2570
1595 9795
6306 3399
2412 9788
5770 6802
8610 8320
3916 9930
7574 7465
2228 289
9705 3568
5252 3843
329 1954
373 7393
1682 6128
3724 7895
8231 3426
4976 1171
3497 7852
8490 388
2836 8143
195 1321
329 4290
871 2129
3078 3475
2146 8864
709 266
5800 2493
2099 2107
4726 8994
2285 8878
8578 9899
1057 9701
539 6099
8540 4130
9449 8556
4769 1470
3709 4193
6031 5785
5535 8816
2140 5504
2958 9105
669 9861
7286 8606
5808 2451
3993 1629
248 5374
6054 7058
6020 5195
1858 2650
6376 814
4975 4705
5822 7058
2615 1316
5799 9289
4170 3490
159 4376
7952 2027
881 7515
1393 9087
1006 2262
1659 8977
1698 6690
8746 2009
639 3673
9097 6373
2841 4638
6510 1810
3302 3922
8185 1016
1183 9290
8875 7734
7216 3261
4982 8612
9619 8417
5992 140
3550 3098
7741 8744
7749 2448
2974 7102
7380 6257
9337 7428
5655 1659
6692 7317
2991 3484
5864 5179
8209 6755
156 5464
7052 426
9297 795
3532 2532
1415 6778
1852 7533
2999 3237
1817 4314
4839 9973
6556 1363
9766 3875
7111 7543
9953 3701
1054 7674
1882 3332
7744 2696
5426 765
9799 4173
7412 6838
8807 9023
6123 7523
6885 5860
5808 3432
8874 5293
6483 2029
2738 7760
5137 9801
2816 4381
1472 8843
2301 1757
3304 3152
6934 2611
2116 3926
1986 1601
8658 4217
4970 8991
8019 4984
8520 82
4439 3878
1265 2191
2251 1239
9546 1094
9819 1862
9416 4138
5387 3923
2267 9706
8943 7597
4005 4417
1138 1453
809 2971
409 7696
624 4386
2910 7533
7060 9206
2256 9961
5607 6033
9332 2575
7981 9064
7441 3192
4249 9328
4131 1644
2874 4991
222 6678
526 7355
4447 6990
4101 8568
3346 1539
6848 7872
4455 923
2140 4659
1942 2954
9937 7879
7360 355
7836 6471
8068 5811
7724 1800
1366 7453
6711 9745
7901 4587
5948 5521
4430 4663
7536 1456
9075 8530
4789 7750
9563 6254
4151 8109
6601 4975
3738 3510
8449 5479
6251 2647
1142 3520
3127 1262
9947 2810
8558 5772
6217 2662
1206 2350
5301 4087
733 1672
9993 3865
1728 705
8691 3039
4659 3573
8962 2307
1268 9765
5217 3571
1610 7021
6959 387
4923 2047
2377 1006
5668 474
2245 4499
1833 3508
7609 1637
5759 7688
6189 5286
2932 6634
1423 5330
8345 1705
2500 3742
8054 1004
2214 6088
7489 8136
6416 9385
4987 7027
1403 3816
2895 1238
9276 7583
9154 7859
4340 4183
6884 9086
3760 1164
3348 8804
843 1385
910 392
8356 6832
8250 2878
8057 3237
3715 2037
8682 8924
8733 4688
4338 2430
6349 9573
8026 8475
9159 8179
8494 4564
6725 8288
7967 3815
1014 2906
1468 7048
4861 2484
1257 1738
7227 2096
5975 8298
5155 4772
6089 2169
5698 2018
6016 2593
7101 9985
7835 6008
4531 7281
6619 1287
4666 4436
4951 9035
5112 9892
2124 1565
1044 6302
6861 3974
6163 9005
8713 7795
1337 5800
4655 5896
142 9998
8380 2559
6253 2145
7557 536
356 5941
3506 37
7296 3390
4497 7996
3232 9304
3349 9889
5231 3561
3486 1492
493 6562
6563 6858
9013 9911
7060 7664
5154 2294
9734 5214
8560 8101
5570 6531
9154 1148
1998 368
388 8323
4176 6382
9677 1273
1240 2537
5551 3111
69 999
3655 6242
6948 4359
1256 9836
3947 1432
7837 4457
9026 2107
6890 6569
1040 4061
359 1219
780 9089
9154 572
2337 7660
4167 6575
2645 8715
2796 4158
5790 4682
6415 5414
2365 4645
1095 5838
861 9283
8514 1006
415 3046
5153 9881
3510 1407
8926 721
4775 3253
3147 6724
9965 6425
8498 136
2928 9925
3061 2641
9896 2740
7843 4527
1783 3421
4786 8609
5997 5789
3464 1947
9385 9475
7536 8224
964 1530
7296 62
8789 3307
8582 5458
2233 2034
1173 1825
5678 922
4647 4383
9125 1428
6977 6553
2059 6240
6161 2732
2862 4083
9016 5807
7846 1983
4895 368
5580 242
7050 9431
2769 859
8249 1878
412 1151
7086 4631
9542 9650
9710 337
1005 9020
6399 2388
5131 9518
609 3543
7565 8133
6448 9834
9968 9125
1534 7499
6630 7101
5534 7198
1999 8767
5294 7711
8587 9992
7789 149
5820 8989
2878 1007
3156 2449
8909 9225
2350 6257
9739 7962
5591 1932
7652 4237
3983 8206
7839 3282
7970 9363
1531 44
1522 5408
5571 7709
3477 7701
4158 5884
7055 8690
7165 2146
8467 3874
1321 7754
7506 5822
9223 5843
7024 6344
7122 6650
8691 1552
5532 5623
6987 9845
4441 1863
8864 7078
9180 3113
1081 989
6269 3822
2145 9197
9954 9044
1239 235
9050 3161
8716 8011
2300 2840
73 1027
5138 1279
9167 5143
6500 7488
9347 7962
1059 3458
7058 7523
5010 3201
2412 1216
217 375
9824 9994
5855 9830
1666 5196
2488 5762
4066 1009
1066 7086
7072 5448
9551 7253
3440 1671
4716 4393
4322 827
927 1945
6805 9655
5963 7390
5013 600
1464 8192
4646 9410
6556 4642
8770 5698
1812 2459
4238 2940
4646 2994
5394 413
9529 2717
3815 6220
3206 3897
9849 2843
3902 9262
6686 4055
9369 9790
8875 6249
9964 6967
9651 4292
4186 1329
3581 926
1863 7887
1038 4246
3145 2732
8625 3226
9812 7219
8844 3795
4458 9493
6868 1335
999 2978
6587 1056
2154 2478
7670 1434
5607 547
7551 8158
6078 6548
9261 3036
4722 6277
2467 9061
6635 9741
7389 1801
7672 4755
3208 8547
7547 293
3515 7014
1651 1052
6382 3939
2296 3190
9068 7205
1872 7063
7035 6426
3172 3763
9500 6835
845 9411
5382 913
1531 7938
4012 7123
8157 4022
9523 3291
6059 6790
7115 7294
6007 6334
8908 3927
7614 8698
7566 1753
5675 384
7736 8580
9773 5802
6813 432
9320 609
8516 6705
6449 7325
887 4466
7987 1638
6603 1497
1996 6001
9955 8825
9005 9205
8454 2915
4529 1360
6755 9889
7641 5552
8224 3392
8322 2503
2244 1003
1055 3124
9083 2601
8460 6759
7124 7369
9834 1193
5969 8283
6215 7521
1987 1764
9504 500
7239 4057
8612 4268
2873 6408
8824 8510
7365 6798
5192 2067
7154 7783
6531 6343
1286 6389
6196 9736
1273 2892
2582 5562
6742 7694
1281 5227
8781 1579
4512 4415
1796 8302
905 3664
5638 3443
9755 7679
5307 6312
8853 4838
5412 3746
4167 8150
9532 4493
9750 5884
407 8648
2375 6265
8010 254
4904 3195
9348 5840
5203 6497
8941 9165
5813 6197
2144 4302
5061 6269
3588 4164
4030 5714
4009 7806
3925 4200
5487 3115
788 4381
5922 2289
6624 80
1435 701
1104 9461
2983 3128
4994 1152
1389 999
5763 5800
1606 7120
2621 7852
1352 9684
7912 6875
9358 9816
8504 3259
6664 660
8107 5774
9287 3870
1577 9923
4641 1764
3085 9016
2396 5761
386 6161
1525 6205
2495 2505
6249 6164
9427 4294
4700 9928
423 566
9244 5341
2252 3043
1623 9931
2694 4822
1660 6551
3893 7849
5266 3142
3485 1379
9512 9478
1527 2989
9912 6150
9970 5337
422 4700
6091 8853
3177 3370
7034 4003
4420 3471
2386 7715
4665 9920
2733 7759
8884 352
564 9600
8321 4790
66 463
9284 9038
6304 6759
4051 7667
1358 6576
7994 5334
2804 9517
6008 2681
5066 7123
6972 5582
9248 8748
2712 1297
4394 8679
9270 4831
3807 4947
9600 4477
6286 5254
9766 8566
3231 8170
7197 1620
9471 9143
5736 3282
2710 3745
2368 6196
8376 7075
3944 8456
8761 2981
3626 9049
1286 1209
2361 3941
3859 6813
19 5854
254 2459
4013 6462
9447 5500
3313 8831
7220 8568
4527 9958
701 5901
4507 3563
4535 9031
6216 4403
4494 5472
5050 5424
8897 909
2386 3085
5698 4413
5075 2973
3763 4435
3207 6203
8981 9884
511 5632
2659 6334
6439 7013
9291 3401
4267 7536
1263 4863
8443 567
951 5500
1975 5823
7854 2158
9340 7908
8519 4992
603 2309
9152 2195
7451 8534
1300 2880
5799 5646
1410 4859
675 9365
6764 9711
57 3839
1853 2167
9974 1606
4078 2594
2400 1518
54 508
3325 7231
2388 5601
1973 892
6231 4350
2440 4973
7 5307
6127 994
6930 7505
1000 6923
2832 9900
4867 3585
9597 9711
7675 8009
3427 7750
6112 763
9711 6699
1604 8363
4665 3693
5181 1543
5719 9291
3360 5602
6250 4726
9221 7222
8395 9358
7332 35
1473 1908
9105 4566
8244 6718
6621 9513
157 8997
9130 9699
2441 6850
9760 454
6847 1575
1485 2497
9525 62
4349 6587
3172 545
8486 4507
4198 4324
4574 8812
499 2294
3437 8814
2052 7051
5441 7845
3309 5101
1475 2051
1450 5670
8261 9384
4045 9572
5885 7448
7719 2806
879 3760
5323 5651
2699 459
921 5154
2765 8663
5741 7561
5156 6642
9014 7914
4310 8055
9246 5160
6854 7444
6666 7393
5980 1440
2662 297
2532 4617
7459 3215
3608 6039
3485 6871
6148 5309
9871 5454
1488 5749
9246 7617
8710 3850
7431 9424
8152 1344
3436 980
6883 9555
2984 2805
4628 5694
8239 2400
2179 5495
7652 5572
5673 3336
6189 6407
5361 3515
4293 5108
8093 5436
8788 9933
7327 9609
8178 6971
1311 1147
8267 5737
9871 4420
1605 8269
4872 5394
5011 8707
2604 840
1746 8888
7925 3529
6305 4609
6136 3339
5270 2178
9658 4662
2185 977
1163 2043
261 5618
3216 8106
4104 2381
189 7664
9377 5322
2985 2760
5459 7153
9936 2805
8400 92
7042 7359
911 3606
8296 5340
1087 4505
5346 6579
8028 6757
9175 9631
3270 7416
4475 644
1263 9282
5802 4351
2957 5384
2950 8377
7926 1498
5410 1797
3875 6893
664 8357
1591 345
8896 9024
6508 6620
9418 4410
9165 6216
1416 6127
7434 8219
5509 8168
6350 6569
6778 5784
9947 6080
595 8728
896 9888
493 6731
4201 3858
1414 3169
8827 9432
1315 423
3958 9240
5558 4246
9275 1607
5681 6945
7125 6807
4989 4853
9304 6859
8640 7633
3867 319
1917 7186
9649 3366
6261 5426
8611 1684
9426 3028
4713 2181
2999 3663
1063 6981
3759 907
4851 3054
6409 8680
5100 3529
5320 1583
9658 8676
4527 82
1702 6042
2952 9041
8182 7145
7141 3997
1939 6628
3508 3782
5067 4412
3057 5832
3017 8877
7413 3409
768 2616
5655 6770
2632 849
6296 8227
5057 2354
5679 1879
5988 9279
9717 867
1026 3261
9624 1871
3947 3950
4953 6619
462 186
1060 815
9611 4497
2119 3310
4678 4549
2906 8012
9246 8169
1020 4506
789 9454
7814 5284
3986 3396
365 4696
8216 339
6088 6611
382 7265
9592 3450
8945 4807
6035 7660
8672 8553
6817 6383
2073 1985
3215 7962
2406 6103
9415 3120
3262 840
1283 1307
6143 7314
7055 9530
6167 8839
2608 8802
2696 55
2896 9205
2908 3846
8493 8042
1003 6928
7647 6264
7929 4967
3427 4532
7479 1469
9891 2015
610 5923
4007 6275
8003 9467
5826 7512
2362 128
6573 7675
7829 2117
8599 8451
7868 2984
5127 5380
1501 8551
1508 3114
4856 3345
6918 102
7115 6803
3887 6866
544 8699
6664 2437
9899 6174
4369 8037
5451 2363
5780 9220
2709 1124
1514 919
2393 1827
6195 538
5411 6320
7217 9042
5545 7717
7811 6519
9751 6060
7774 2665
2292 4461
8336 2819
5738 5789
9270 6366
2392 383
4850 1570
7784 2198
3613 9999
239 8318
7775 5118
8558 3541
3673 6374
5462 9947
1622 586
9851 5486
9768 3731
7824 284
6798 4089
5263 3550
7728 8160
5254 1552
7075 8009
9974 4738
1480 9928
898 4325
8770 6672
1985 880
6379 8548
9935 1871
714 3053
3362 4401
5380 5545
9020 3477
4606 8110
6820 7365
2669 4006
6682 8828
2780 575
885 5917
4305 8239
9362 36
886 8505
5203 1926
7859 654
6425 7337
1997 7790
761 9799
2420 9815
935 6919
3004 6079
294 5610
4209 5925
7490 9135
3608 4015
8840 997
7770 3941
9164 828
8207 6682
7071 8104
8509 79
9350 5650
1270 3768
9339 4966
6460 7169
6668 1456
4290 3904
8863 8420
6633 6831
9935 1092
1256 8973
5122 4700
6273 8282
1533 8958
957 948
3224 3099
1952 5414
1651 53
6735 8168
5231 1317
4407 2102
812 7067
4351 2207
4980 688
7307 5068
4636 7974
252 3882
6223 5633
266 784
2250 6747
5579 6507
4028 3745
7840 175
2528 9091
3710 1369
774 9942
6796 8541
2078 934
6293 5971
780 4509
4899 3607
5360 4719
570 2191
6292 269
6221 9370
834 6852
4857 6700
380 1663
9962 7842
5136 8515
1817 354
9387 2363
425 9663
5618 7471
8112 8581
7811 2991
6226 5112
8058 4854
2367 2568
6727 5808
5292 4682
8368 7231
3685 628
8657 4890
5998 414
3793 6991
6704 2791
1382 2883
2739 2332
8692 1814
2911 9205
3916 6280
4924 1640
1677 9826
4832 6252
8486 2096
4508 2893
43 6312
7235 3302
6652 8091
8643 7183
2455 1647
9950 8208
683 4844
6531 109
9024 2566
1023 3946
2676 10
9897 1902
8758 3578
1996 2237
1771 3058
2911 3970
8618 4214
9356 3160
4710 6504
6802 3433
5441 78
2134 1834
3572 188
3230 9055
8049 9022
4620 3433
3004 5221
1255 8402
3352 5675
8801 3409
519 8482
1363 4148
1444 1629
360 3241
2080 7209
6402 3741
1693 118
3709 9066
9254 4559
6819 8459
386 3644
625 6141
9983 8640
4702 6518
5939 7097
7596 688
5738 9295
6197 8826
3295 9813
8495 6348
3022 5224
5132 7391
3272 6567
8418 8730
7611 4729
3528 6264
6195 6393
2409 3196
1385 3627
9494 5456
9459 9407
6843 5796
8114 3781
4669 3092
5780 9948
1260 4800
933 6620
2894 3066
6729 9602
362 6804
8017 2801
8275 1339
6896 9190
5626 8168
4360 8056
9726 837
9489 6522
8037 1588
8599 803
144 4487
8522 2505
2755 7579
4453 5106
17 9263
9186 4656
1887 1878
7537 605
4469 657
9021 7184
7878 5449
9383 861
6291 4491
7497 3542
361 1465
8341 4163
9958 45
6043 1393
482 7124
8255 9987
6322 8392
4097 7672
8689 9461
1241 696
5840 246
351 3608
3862 8034
9070 3905
9025 8629
2445 8719
4612 5004
5800 1234
8883 3971
1734 6119
6238 6829
1985 1271
8796 5214
4423 6916
1367 5773
2034 7027
7166 8501
7011 5180
9821 174
1039 1514
2990 948
8456 2298
4851 4589
7447 7467
9193 1773
8143 3006
5335 1440
684 4440
6215 3933
1328 3845
8296 3076
5465 8437
5420 6974
5581 7336
9307 4746
3180 4175
9889 9568
9474 6845
3089 5225
8670 4576
6732 9282
6437 2948
4272 6709
8790 1904
1174 1405
6736 2234
3 5758
5674 6345
4584 7883
1182 8584
2358 9678
8000 2623
7702 9345
2938 3083
6284 5456
7975 6242
3369 1320
4399 8776
1586 1470
1443 896
6520 744
7854 475
7058 6957
6086 637
2715 9319
6794 8308
3494 4590
7224 9878
6164 3711
9649 4472
2548 3665
15 8225
3513 1570
1386 5623
6618 619
1669 8126
571 9840
6280 1563
9578 4942
8411 406
7948 5563
9394 7750
2250 1648
3115 635
4942 4692
2003 2939
4249 8148
4608 2079
1762 2998
8726 6954
1508 3347
6541 1166
2140 8956
817 460
3518 5081
8437 6033
1083 6995
5178 2582
3235 4729
3166 923
9838 3310
9948 7117
6311 1010
257 7303
5465 7900
5752 7139
3895 4371
5481 5858
5882 1772
2430 3110
4413 7222
3842 7635
1801 4255
5987 6376
3233 5046
2360 9359
472 7470
5885 5052
2294 7692
8720 3688
3763 4201
6541 9234
276 1529
6590 4437
217 2642
972 5204
2945 8268
8807 1482
7119 4673
9066 6553
6514 2469
5363 873
5313 3267
1298 7417
2364 4179
5100 9575
7111 7828
7282 6892
7358 2982
4966 5495
3587 4981
3193 5350
3100 7108
3196 9031
7818 9733
6810 9943
7595 1353
1156 7310
1565 4741
2495 3628
4829 9704
1648 430
3226 9152
8018 1698
2635 1514
3229 3155
6372 6926
3015 9090
9564 753
2442 7242
3689 6065
1763 3655
2067 9287
9940 8624
1091 8217
9150 8505
2902 5133
8100 3056
720 353
3463 8583
6082 1996
4059 858
7269 7571
2786 9630
4531 5054
9648 7711
5339 9657
7733 7153
2614 4571
642 3506
8978 5085
5552 6624
507 837
2072 3204
8297 442
9876 7403
6421 6255
1319 8336
1387 8736
4770 7527
9926 2915
3674 4039
5506 2549
437 2067
7030 4390
3113 8846
1971 8504
8249 5302
3822 9013
6386 3951
8842 4769
1435 14
210 455
7919 7009
900 4285
659 2129
344 7221
5218 6710
1028 7853
2108 6536
4674 8946
6582 6320
2165 6252
478 8096
8929 9891
8592 6593
5591 697
8732 6573
7380 6155
2442 2746
446 3310
1160 2653
2266 6950
490 7517
3768 630
4768 9641
9121 5752
6034 9726
5170 9392
453 2158
8553 3201
6385 5230
5877 1296
6987 2302
3724 7511
6621 8516
7598 4297
9103 4139
7742 7954
4698 7609
3478 1749
9747 5638
1123 7335
3877 5366
1633 1664
5874 3455
4638 1263
8097 7256
6474 8065
9919 7936
994 4538
4321 5649
644 6145
8993 5448
5565 498
325 4564
7559 6166
49 2939
1561 3723
7087 2909
8439 7383
680 1880
3782 1183
2645 9550
3374 8942
5407 3012
839 4798
3915 5095
8662 571
6999 7468
7544 6773
7737 523
3748 902
932 9540
4402 874
6023 6519
6282 1037
6586 8884
3329 1039
4894 3672
5202 3559
1714 544
3558 4053
2210 7770
1556 9232
908 9196
2786 8088
5848 8221
3527 394
4743 2348
4168 2871
4834 6667
3182 2840
4507 4057
1992 1289
3101 4837
4529 4984
4983 9355
5886 6648
6258 1043
3632 7627
3265 3898
4335 8538
1880 2889
6077 1641
713 8152
1776 9598
1828 3409
8135 7819
5105 9358
4953 9755
1566 2362
5791 3391
373 2755
7945 1198
9334 9203
7029 115
6915 4480
2923 4147
3644 3678
8952 4442
6018 293
4321 9784
2851 5964
7657 8207
9441 5249
8004 7497
4680 3422
8394 7948
3791 9676
3380 3460
3333 7815
6215 7078
8837 5256
4909 4184
5375 2937
2907 4445
7912 4417
9104 2338
8986 1299
5833 8302
3049 2929
5936 8952
6631 8053
7720 9966
9444 4742
6572 4440
5171 8102
2693 9417
6485 4966
8188 2837
4977 6516
4552 5586
4464 7459
7785 1171
2739 6271
3197 5688
6180 3054
5817 3002
9337 2522
3571 1405
1520 4019
2287 6635
4126 7814
3127 9012
3650 4852
5425 6275
9508 310
3658 17
6909 1069
2812 6870
9468 6280
4962 1296
4206 2710
1179 9179
950 9356
2016 7875
8969 6569
8772 9667
8870 8024
8732 4118
4316 2703
9885 9170
8082 7648
2099 5550
232 4767
1824 2807
9224 4176
859 2421
1087 4234
1198 9700
8868 8449
1486 4919
2986 2727
8895 7276
1118 8135
4993 3224
6560 4698
5608 8452
9297 2560
675 7336
1872 4581
1892 1005
9720 5295
8625 4274
7420 8831
8363 9229
1207 8486
524 4255
846 9675
1861 8192
4808 7850
584 8214
7851 8007
2763 8000
8663 1240
6111 1586
5178 3633
7012 267
7232 8672
3567 4267
7921 4171
5274 8417
9386 7354
7354 4060
6630 9856
6554 8814
7414 7457
9560 8823
8395 5114
3871 7401
9929 6411
8806 3867
643 8403
4715 4760
2027 2966
3081 6844
7133 1566
1837 3781
2553 1332
8120 6935
1250 2119
170 8842
7871 7170
5048 8221
1385 6895
7954 1691
428 1903
7709 4075
6952 3867
419 2083
105 8309
4847 5198
2634 5993
2957 4468
4911 8337
9202 7505
2424 7351
9607 3474
9854 3122
5934 2140
4599 4924
9787 5283
8916 1792
2871 9854
6989 6098
2277 5853
7812 2873
5205 6023
9736 6341
7488 9579
6981 3655
2075 1410
9112 2727
4948 9521
8673 8278
5204 9218
8530 3274
7838 8416
7265 6797
6520 6643
5410 6842
3553 8504
6433 2739
9588 5810
4669 2643
2948 1456
3666 3133
5754 7002
6410 5357
2238 9294
3778 3495
7171 5714
6286 6718
9051 249
2148 7270
6287 8525
4575 5172
6096 1346
8933 3613
5580 2018
2064 860
5946 769
9055 5444
1407 2024
5087 3290
1523 5353
8921 7844
6259 8291
2078 2084
3733 5428
4829 635
8263 906
595 5384
8330 9483
7092 6198
6271 7483
1236 6356
7398 6884
2012 7220
1651 3565
2612 2785
5719 8848
8804 2024
5711 9896
3266 4972
3646 6425
8471 1097
4088 9510
3884 5021
1561 9391
2806 6155
6357 2544
8101 8855
9438 5208
604 7553
1380 3573
6918 8246
8369 8791
8311 2922
2349 2159
5622 6942
7865 8470
2787 6936
2162 4669
3531 5404
6815 3930
7663 3502
4035 6105
2174 1875
3264 9611
5104 9702
888 1030
5712 3142
4634 1307
1487 8650
5399 6250
6007 1639
5664 6669
7584 1128
5309 2240
9433 8852
9151 3504
7444 8143
7144 9608
2283 7779
3324 347
4702 3117
6615 2784
278 4093
4654 9721
9970 9326
5880 8229
9374 2098
7722 2243
1211 6634
5628 20
8542 669
6972 8282
8863 3235
5342 1504
8368 4690
2335 1014
5419 2892
8314 4346
5576 3778
785 9922
3271 9185
2644 6091
135 9776
8891 3576
5487 7843
4296 2684
27 4995
9282 428
531 2579
7126 1528
2781 1077
439 2990
9876 8751
2009 7916
9567 4209
6468 6668
5482 8852
5260 4309
8258 7396
4870 2811
4527 1920
5635 2614
7106 3397
2717 1213
6234 9066
2015 3092
8938 9262
3163 5585
9405 1006
2100 1860
1902 1121
8467 5597
9091 7905
1324 7008
9077 1096
1038 6156
7445 7306
6153 338
1660 8125
1699 5084
6463 6916
1055 8954
8851 460
1122 2299
6173 8574
2172 6472
3810 8149
9847 5565
6783 4827
2970 8172
5351 5204
5990 8574
4933 6613
7705 2749
2282 1769
4088 9712
7211 965
1864 5393
9464 1454
5981 8875
7592 6376
767 8621
613 2677
1206 3191
1717 1717
1100 9854
3046 9698
1451 6930
287 4089
2358 9297
8449 5515
2495 5515
9112 4260
377 6907
9432 1232
1166 5081
2138 9186
1761 4244
1627 1800
9701 4776
2507 6922
2346 3069
9923 3805
6242 5091
3262 826
9404 6660
2257 1270
6227 5493
5984 7950
8078 8446
9287 9229
4865 2667
3208 2660
1883 1968
7672 6223
3267 9656
29 4867
5647 3605
1420 5361
2812 3599
3860 78
5781 5756
1615 877
3741 3052
4135 956
4131 1251
6887 4576
37 5337
5694 5235
7455 8709
4605 3507
484 2535
7352 6783
3274 4461
5211 4714
9400 3871
7282 2523
643 3467
7275 4964
7088 1196
6862 853
2459 6355
5270 5186
8619 7978
1809 5391
3999 4878
7513 419
7752 4865
4527 4445
4023 8618
4854 4574
4477 2409
8608 1817
320 1743
9439 5946
5690 416
881 5459
8241 3228
6305 2611
9195 1506
8506 1698
2558 833
1031 4585
1652 502
6697 3256
3358 8443
7789 7914
6750 3792
851 574
2111 8492
889 8679
7412 3359
9567 4774
9516 7697
7611 3424
166 2578
4073 7233
6669 1975
3990 819
3929 5239
8409 8544
3870 3383
2979 8773
769 8627
8691 9546
9131 5617
3615 2231
1087 7889
1203 5297
8076 9889
2477 9178
318 3628
3069 8824
5629 3643
5198 8789
9257 1713
4102 2699
4849 5114
7669 9915
441 665
860 4032
4848 9844
5510 5762
2764 1664
7010 3570
1434 5206
5532 9429
4764 2158
1586 4553
3941 8766
310 7392
2737 9266
5551 5362
6848 2996
9890 2248
5913 4179
5324 108
8592 346
2584 110
9496 3647
66 7395
5659 9789
4415 7965
3518 7454
2387 9516
5833 8858
167 6171
9644 6635
2156 2413
5129 5507
3301 4194
9447 3088
5305 3225
5618 9872
2529 6603
4170 3596
7913 9052
4491 3651
4728 854
1189 503
1199 2948
9394 6766
5977 1709
5232 4975
6126 233
9950 9320
4229 2496
605 2559
9340 3618
9560 5607
1337 3676
9333 8045
1991 8603
3393 6546
8090 7156
2370 1954
8003 1495
7414 3086
3398 2396
1269 9786
9716 3208
2608 5394
6171 7307
1640 3956
4121 697
106 380
6227 5374
9070 4157
9865 6606
9193 2241
104 6319
8366 7158
1836 9092
14 912
9556 1771
4553 2811
6541 3820
7160 8938
1808 6118
3749 1417
7012 7239
4438 8580
4658 8583
2082 8572
6729 4635
1787 6180
4550 8232
4039 2832
5828 743
194 977
3707 1312
9914 8524
1946 1221
4948 9217
2565 2919
1784 9938
2506 8913
3428 8663
9207 3599
2868 863
4103 2830
8369 1453
294 2389
8569 8159
6623 6100
5706 2456
6518 2371
6446 3663
6731 7030
6555 8790
5963 4714
5457 2102
1904 8003
1727 6155
2641 7478
3374 4131
1693 4292
870 8160
9440 3490
2750 7650
4466 387
9573 8220
9511 2912
9266 4542
1366 8485
9622 2605
2538 3687
8942 4337
9096 8682
5154 7675
2413 7893
558 8167
4224 4543
7190 2201
9504 226
9514 419
4863 4651
6930 8397
6050 9287
4292 8447
5321 217
1645 9495
4724 2856
401 474
6165 9654
7833 8736
9416 1587
9487 7883
7063 5556
517 6957
8337 3250
5214 4827
5482 8025
9873 1947
2828 4418
233 6151
5457 1323
4896 2976
3695 7423
2888 1207
978 3760
580 7134
179 4575
5273 1098
9784 6951
8281 214
825 670
2060 7821
4771 4499
6262 6917
9710 9072
5049 50
5996 2782
91 7333
9979 8600
3766 6269
9120 6395
8867 8689
1470 4851
9664 2065
1532 3635
5934 7744
681 8609
4641 9892
5038 5098
8802 9445
7076 4945
6341 9680
407 348
3304 185
7083 1134
5051 4744
9973 9185
2803 7487
5697 3872
7944 7091
6794 8615
2412 3172
4471 678
8052 3857
7826 5271
3756 9448
9280 1125
9035 5495
3907 9738
2138 667
7383 6219
7519 5585
6154 2754
6836 6760
3104 9010
852 9850
4765 5460
164 616
8427 7544
8720 2464
9483 1174
7533 6055
2547 7264
391 8593
6650 9350
1208 894
385 9717
318 9404
169 3188
1562 4546
425 4282
5086 4710
1970 5768
5120 6280
4939 755
7743 4831
4773 3203
5928 9836
2588 2784
4485 5661
2525 1681
4176 7535
9674 4636
2147 9090
8088 641
2518 631
2999 7091
9465 7387
7753 1065
3606 7274
198 576
2021 993
4264 5904
2467 5661
472 9308
8214 7933
7424 5562
2001 3350
5211 5899
1060 8431
8403 9525
4942 1658
9658 2547
2969 5360
7121 3201
5852 1586
5843 3752
4534 8895
3927 9385
9990 6295
1125 696
2657 2886
2153 4521
9102 5725
3438 7248
6944 6348
1739 6759
954 5257
4496 6293
1830 3844
8521 8954
5419 3006
2477 9061
9927 6989
7912 9260
5118 4182
273 7380
8480 2133
6707 4957
3219 7604
1034 1816
7686 582
8891 7073
6254 9711
7521 8449
1469 8695
4898 3145
8460 5816
4086 6384
4510 8109
9791 1600
9998 2344
3104 8394
2949 5073
7345 1820
2853 935
4707 702
1095 1556
2170 124
578 7453
6682 6845
596 4060
8027 578
1442 553
4752 300
8365 5003
9642 5920
5385 1640
1248 4107
8734 4496
946 8909
2652 5065
9182 2673
1413 6281
9680 8669
3785 2446
3617 4296
2719 8515
5744 7598
8999 7638
3049 5946
4140 5239
6125 8229
5138 2540
9885 2025
9809 3198
3150 1009
3411 7466
2773 1059
4457 3081
567 9626
696 8050
133 474
272 1572
7068 7930
9464 9407
2568 2882
8801 4633
8315 5679
3043 7312
9975 7758
462 5910
4925 1627
2075 9486
968 5718
6828 6241
6667 7949
1722 5547
8972 5925
4916 3621
6459 1769
7794 7875
6173 5347
5619 3778
113 2063
6524 1669
2222 9024
9560 5048
7427 9515
4667 2513
8075 3320
8252 4939
6533 1839
1770 9802
8155 9207
7441 8403
4428 7371
7692 2737
4471 3513
5017 1700
7264 2704
2093 2928
64 7516
6057 166
6376 6335
7495 1711
8148 9675
1649 8936
7486 6028
3129 6011
8882 8623
9843 1656
6383 6351
4743 3581
8989 3501
1630 1904
4234 1425
7378 7784
3438 6887
1768 3945
9320 7105
2978 6121
4500 7852
5424 4036
1551 9666
4954 1727
9960 3772
3862 4131
6985 3786
3785 1467
2559 6379
7070 8031
8553 6838
3792 3025
1328 4009
2956 1706
5695 6848
4387 3090
5412 6496
7139 6710
3988 2563
7219 4195
4096 3557
3124 1411
9610 2588
6707 7174
2018 4432
414 6311
2291 1329
8087 4540
3199 1477
9196 2692
309 1010
3905 1868
7675 2502
9414 6971
1630 3690
430 6376
5559 5889
7098 885
4618 7523
1440 9164
280 3584
4809 9225
3916 3989
5238 8813
9295 8080
7385 6432
7197 9121
1114 5099
7373 8300
201 2365
8169 2986
5126 4034
2650 1517
1603 8875
8303 7123
1701 2765
137 1562
8466 8763
8915 453
1153 8302
6263 3601
4155 1480
5053 4616
669 6940
3520 2955
2716 7590
185 6827
8169 7429
8754 1703
5032 477
2246 5840
9435 1283
7740 7962
2660 5601
953 3558
6599 3792
2027 669
6871 9620
410 9402
6313 4603
5154 8552
6525 8165
2034 8414
5933 8290
5355 4112
856 3194
6047 175
4505 5110
4161 1099
595 8522
7615 8209
9122 247
3900 277
7080 1863
4521 5993
2538 5035
9823 7649
1908 8840
1366 2370
8265 9644
6871 6600
7048 2032
5623 3122
1949 7794
1097 8746
2931 7366
3220 7240
9208 4730
2441 2779
1671 5756
4220 9276
9855 3265
6854 8703
8648 5975
4296 7056
1502 1224
3895 5958
3728 3337
1517 5962
9717 2513
3264 8306
1015 5428
578 9591
7078 8754
7682 237
1675 4656
3697 5047
4715 7511
991 2711
9584 7070
7917 2736
6461 8906
4587 9167
979 6794
8601 399
9056 9839
5568 6824
7113 3584
447 490
4361 5333
9765 8020
9044 1090
5718 3735
8665 9028
351 3532
366 5237
4547 9000
7524 6551
2922 8689
4668 5210
5093 3925
5915 2047
3602 1214
7468 3128
6907 617
3331 3609
9889 9358
1735 9247
5689 8766
950 6469
2011 7088
8084 6901
7851 8356
304 6708
1926 5408
2512 7720
5768 1717
138 3679
609 5250
7835 7220
8517 609
5916 6957
4574 8045
4453 7984
2660 6958
7149 3896
1535 7751
8193 7436
9897 6700
2092 8958
4328 9278
2900 500
391 2236
6279 6204
5854 3059
1080 4151
8091 8448
997 1938
551 6547
6127 9718
8770 4572
1232 9160
1153 4666
9470 1011
5306 3604
2556 7614
1890 9739
1374 2275
1842 2380
5653 4587
2874 7923
7829 8569
5833 3242
3587 2877
