5335 4197
5399 9322
6037 9838
2289 7162
2990 9195
3558 82
2028 6074
4001 1820
7535 9411
2435 4183
7575 3333
5305 1113
0 2606
1275 4645
8040 3517
507 9203
2708 2921
92 330
8996 2393
1234 1840
3348 4944
9645 4236
8084 4728
4722 2347
5431 592
5367 1065
879 8967
8928 165
1460 3994
6490 8197
145 1280
3839 6874
8627 4374
2226 9391
5210 4272
6593 7386
4015 1852
9658 7036
6087 5484
3105 6771
4601 7547
6665 2199
3170 4133
9724 2327
2671 7418
2211 6908
1070 8511
1354 8041
9723 641
3958 4593
5730 349
9921 8964
5996 8870
6285 9498
5731 3462
7542 4579
3400 6665
457 3450
5830 1869
7081 5352
5904 4558
752 6522
1824 3358
5473 3059
6722 4372
5822 8582
6565 8855
8229 4583
4792 8444
8231 199
5266 3116
8538 2830
3147 7252
1077 5652
4514 744
650 8473
8678 5735
85 9189
3297 3116
8527 3701
8300 4476
6533 6849
4719 2960
6622 4154
5161 8031
9681 6497
5232 7682
5347 5417
6140 7268
1336 2856
7896 6988
7577 6188
7477 8990
1728 2040
5414 2037
9567 3227
8328 3733
8036 1117
9828 4170
6075 1904
1465 3922
9984 5851
6634 2541
1472 3817
8283 3330
8688 6533
649 5177
7629 1759
9886 970
9126 2679
3466 8145
8084 7708
7981 1810
9742 3298
5751 1160
9231 5482
2837 7011
3924 9080
6125 2798
6850 9847
1606 4934
4769 3170
4576 7730
2000 3518
25 3498
4799 7213
1755 9837
5333 9106
4793 3234
9831 1434
1098 8786
945 3323
2743 2286
1351 3782
6431 7806
9110 6481
4917 9312
7102 2497
2831 6950
1628 2841
5936 3410
604 2225
4537 7347
3288 5216
1662 1149
125 6428
3248 7251
3834 3147
6898 3619
7636 5534
483 1827
5959 3865
6819 293
7620 3496
2547 8493
279 9352
4634 877
5884 4630
1854 9963
648 6445
9372 4871
3814 1717
2231 6651
4522 6944
2524 2968
9096 3697
7430 6610
6096 3883
3401 8610
5221 7295
1986 8402
8545 3264
8782 5163
230 6211
8134 926
7824 6362
2421 638
693 1892
7069 3692
3110 2553
3080 3842
1861 8235
8654 2510
7518 3932
1277 3754
6272 3304
4427 3219
4919 1466
5561 6302
2045 4915
1292 7566
5860 7766
2233 3690
6522 6690
2706 6768
5672 7422
7422 5405
1856 8254
3501 9567
1218 4476
6605 1103
8203 3122
4684 3009
3691 50
2725 8299
7224 4235
1014 5356
5451 8254
3476 2047
9430 9035
2028 6802
7226 9155
5335 6214
9877 9165
3299 5955
6452 8162
3699 7057
3801 6021
3028 3102
220 2061
1004 8293
5011 1781
4961 6390
9756 4566
967 9
4229 991
5801 4566
4223 7592
8937 9344
5671 8886
2904 7617
2102 8161
189 617
7530 5055
5245 7731
5875 1253
4295 5896
8182 285
7557 9618
9979 6
6875 135
5677 2665
8218 6102
1881 3210
2228 8623
4329 7358
1896 2966
6072 2413
2181 8282
2659 4645
2661 2274
91 8201
2606 1786
9586 8948
3598 6735
8517 7458
780 5915
2515 8693
8797 2264
6565 5032
353 9490
9263 724
3473 2660
5985 3144
9788 8422
9538 4046
1707 9809
3649 1546
3926 4335
2589 3552
1919 4215
6413 2022
294 2736
89 8225
1150 8090
7287 6198
6337 1394
600 5179
443 3475
7783 4564
5873 701
1778 2936
5823 2341
1299 198
244 5251
4086 2607
4445 5923
7067 3835
9130 2278
7541 7138
3685 9847
8339 9104
2587 7360
864 5346
7255 2435
2762 9993
2311 5627
8706 5491
8777 9572
6669 9666
3634 244
5574 14
1953 8255
895 471
9599 231
9242 7578
3991 3901
633 5840
8068 9647
7447 4604
6001 8052
5614 207
1188 5540
2208 5633
6366 5440
5961 9821
7286 4134
3539 2814
862 8120
6294 5456
712 9344
3590 2752
8151 7443
2805 6912
9296 9224
4030 9854
2308 7274
3115 2644
5292 1337
9683 9754
700 1948
1839 1174
2310 5226
3540 5388
2048 7700
3513 7914
333 5510
9297 5638
1976 361
931 8354
3009 918
490 8382
8745 4115
4058 4681
7693 8648
4180 7532
4627 7992
6473 4222
873 1596
4243 1586
6958 9074
1201 6794
6519 5277
9218 7802
9718 3695
3184 3901
2165 6662
6563 2021
698 6789
9349 4242
1990 659
3484 6758
7108 6143
5854 3668
3570 4997
5746 9733
5268 6725
5263 2180
6181 9661
7817 7771
4650 1199
8240 8362
5561 3271
6087 4549
5890 5432
6883 1221
7162 8486
6112 4727
5338 1428
8266 7489
8484 6894
1755 7450
8821 3281
4242 3188
238 3030
8219 6367
852 6572
7497 4130
8355 6147
8835 5552
4733 4593
7554 4112
4063 5293
7034 4076
8480 1833
7213 3445
7729 329
6674 1181
2936 8349
1112 7182
7812 1266
4727 3071
1330 1110
6321 3924
1748 9207
2194 2383
6700 5906
2622 7785
8457 8709
1756 7526
9845 8410
6815 3799
6727 3915
8899 2530
7658 8625
8747 4647
3829 9747
8325 3197
4138 1871
6405 3756
3967 3975
4827 6819
7170 7760
3512 8535
5150 6654
6304 1839
9805 7304
8630 5122
3949 8657
6325 9546
5035 409
8396 9735
5322 8989
2392 115
929 6282
4069 1905
3346 5711
3251 2441
5638 6872
1206 8253
8842 4200
2874 653
5515 241
9135 5886
7770 7485
4809 7434
2759 3268
1176 1032
2220 8652
7044 4348
4236 4768
4165 8500
9585 3089
5403 8294
5322 721
652 739
6125 5017
9750 3836
8939 9515
2008 6904
1686 208
1265 3827
8376 5093
1915 4875
9000 8155
842 8568
7480 5938
1623 2488
9403 816
4156 1984
7724 4241
1404 3733
4165 6648
8742 6439
5084 7857
5513 9175
4978 1432
2987 4289
2301 6213
8000 2432
8886 310
5804 8075
1654 2201
3525 8287
5198 388
5077 7975
8647 3411
2774 9779
2823 4460
7749 6354
6460 4565
8817 7915
6480 6200
4140 6954
5594 1906
7810 591
9574 6322
9453 3817
9390 728
6781 5266
3340 1838
4189 817
3152 3938
877 7073
8596 3728
8334 8683
8776 397
1651 953
1723 304
7454 3157
2882 34
9179 4988
6528 1679
7555 1519
4893 7
5276 1465
9045 5927
7047 5627
760 1132
674 8033
7544 6204
4285 6954
7597 9477
4853 2042
8292 2391
2366 7472
3281 8266
6318 6686
4425 8425
8397 5073
9104 9661
4394 3827
5543 8760
195 7631
6093 4474
5894 6250
1274 198
7970 1185
2080 8175
8023 2243
1772 1377
5992 9912
4646 9245
2084 8940
754 697
6029 8114
6998 2085
8405 3341
4992 9774
8143 6495
3497 6833
1675 6503
2152 1732
7667 7145
978 418
5597 849
3062 5565
1857 4938
2522 9758
9239 5206
8127 9008
394 6904
9217 3912
6429 8182
8660 3994
6148 6213
9838 1751
7226 6247
2444 1328
5018 2727
363 7712
3675 4610
1039 1286
3840 2876
1020 2993
5498 3714
6712 5329
2479 5873
5653 8957
4149 9754
3435 1780
1492 6371
9897 1405
735 9812
138 9593
7974 232
4513 9398
3916 7193
7371 5308
4153 5564
5087 5176
1996 3258
4222 7586
2364 1210
7359 2938
4977 8162
7095 8527
6103 9435
2627 802
5445 6991
2984 1039
7281 7835
3688 7019
9545 1838
6959 92
4613 3283
7272 3706
9106 9496
6231 2544
7884 7468
2230 6067
6421 8266
6479 5238
2112 9983
8354 6370
2163 1812
4283 789
692 2786
8577 3904
7023 908
1921 7419
2771 3388
9452 1394
8304 3745
3775 9889
9301 9038
4872 7950
2823 2797
1190 1198
8490 1168
3189 2100
3670 6345
5874 8928
8855 5955
8937 5765
2581 5600
1547 4589
8584 3920
1970 1245
4636 7077
3156 6474
1740 3937
5759 2158
255 3027
1182 5107
3102 3501
5414 7078
4294 4832
2256 2955
9079 987
680 5246
2418 7541
7888 6795
2646 494
7831 9967
1229 6592
5330 4882
1837 6219
603 9055
6451 6535
1141 3217
7613 561
1443 3030
2022 6120
8267 8669
7252 2504
6198 3995
5630 8907
7459 3019
9436 2405
2245 392
3993 7081
8340 2889
3847 5162
7582 177
2962 6691
7327 9521
5174 6166
5065 9148
2207 8515
4500 5434
6265 1968
6638 1018
2625 5241
1064 7719
2017 7573
5102 2506
6994 7712
3313 6517
5071 2109
3269 5693
6003 2089
1190 8474
6701 9072
352 3662
6157 7925
4459 5904
3287 3239
6361 2443
9182 3948
4529 3115
3671 6504
5974 1630
3752 8792
9542 4641
6842 393
761 3614
5012 1892
3389 9908
2515 2470
6781 7967
2594 1716
5558 6010
9500 5933
4873 4335
5588 8747
1269 1374
3349 7634
2927 8399
1215 6278
1978 5217
3603 5420
392 7113
2756 9456
8859 6960
5863 4377
8022 3053
5778 3286
6051 5367
5922 2513
2109 1657
2567 6901
4884 8149
1186 6048
2115 2081
9216 2336
7967 4406
5598 672
2272 4401
7967 5574
965 3726
6075 5966
3638 8773
2805 1602
2383 152
3320 5431
2955 9884
472 1470
8600 4066
6273 5025
8816 6845
7744 6067
9455 8000
9929 4621
4956 400
6119 1030
7846 8680
8073 6885
9134 5289
734 6960
9803 5155
2608 1680
5884 3765
9242 5209
9056 3770
1604 6183
5470 8097
4334 1413
9775 6611
7580 5016
8480 8979
3540 1488
6201 2546
2068 4452
3000 3200
2749 5604
2378 7768
7015 3409
6509 2783
9664 7840
7429 16
4879 4343
5732 3212
5144 8411
693 3363
5708 3794
2753 9119
7080 3780
4576 1430
7624 8310
2856 5541
3727 2387
7840 4407
7833 3236
8705 3394
7174 2368
295 2162
1373 8841
7617 4106
4728 7799
5442 4146
3991 1800
3383 7808
6308 9922
7017 8921
9804 4426
4771 8556
6786 1855
2659 9699
9 7524
3441 2272
7276 2621
9237 9684
6813 4846
4862 5412
2470 1546
733 9460
2531 2990
8816 4443
9673 1354
483 2869
3593 6197
1626 9677
8011 2437
9063 7666
19 4576
1340 8798
6536 5369
4619 2779
8636 9292
6267 7130
1417 2750
4772 4714
2664 6794
3149 7775
2968 5448
7720 2796
4380 403
2284 5755
8967 2602
1583 9320
5688 2885
2952 5625
7993 568
395 2072
5568 8044
7338 9123
2604 7399
1857 8633
8123 4182
953 269
7031 6613
3989 3419
7044 661
6331 5155
3332 4812
1778 8232
957 4296
9940 3471
9215 4235
9171 7612
7595 3100
2626 2556
6487 6341
9926 4741
9239 3545
3598 622
604 623
9645 7616
1315 7545
8349 2929
6019 6357
129 4945
4161 1903
8278 7600
6121 6755
4516 7729
2449 5380
2945 7947
5341 6536
6532 2569
6430 572
2788 2752
5711 67
4814 5972
5264 6208
4574 7976
65 6599
3315 404
2298 3009
4259 1670
8665 1054
4208 9962
3747 6598
6584 8865
4191 8975
894 9204
2362 8255
929 530
6021 1181
6789 4665
249 3925
7014 8984
6016 2234
6944 3492
3144 8762
1427 4311
6002 7439
7543 9678
1810 1339
4119 417
550 4159
6527 8465
1360 5425
5126 8155
1005 9398
4446 8396
9926 1050
3164 3873
8201 8493
8967 3596
4323 597
3849 4915
6481 1529
9486 9530
9066 313
3107 1245
4404 6305
8259 4125
5695 7157
6551 9293
5670 2899
9724 8661
6892 9478
7556 4274
1532 4848
9477 3536
3962 6202
2614 9956
926 6206
7722 1984
2003 942
7434 3732
8704 58
5990 6758
2196 1751
505 6334
8542 410
9295 913
5031 4322
1679 6830
1698 4628
3098 2727
6707 5510
783 1030
3738 4750
3098 8096
9721 3128
8072 1521
1799 3111
1112 3605
2772 877
3524 2727
6825 4832
9830 6683
3268 1983
8335 2281
5934 9212
8391 9760
2551 1295
6723 6928
6575 7932
1915 3942
7217 8567
842 5191
9980 39
821 7054
657 7360
3294 9273
6045 9285
2470 5628
5850 2401
991 3449
6703 6289
8212 8724
2375 4694
1913 6326
6666 6491
112 8297
6774 8276
3591 5372
1218 3734
8525 6861
6646 2577
4499 6126
2159 501
7635 6474
601 3213
4157 8348
227 33
391 4571
7994 112
1914 9156
1027 3213
3648 5330
3598 7724
3601 7204
4002 6087
9934 6190
7759 9263
9262 8012
8810 2778
1700 4366
9480 4973
651 1771
9326 39
5229 444
1731 9048
217 5451
7105 6379
704 1782
3006 736
3637 8712
5420 1099
2635 9316
1551 607
1358 2427
4742 7307
5090 1345
2994 6926
6201 9369
5338 3517
260 6413
8099 16
9939 4574
866 5176
8655 1402
6533 9963
1281 9067
4674 6102
2206 5624
8534 8696
8556 1810
4742 3469
6732 6803
7214 4591
2866 4623
231 5200
2161 8483
6615 741
2007 1371
1375 2326
2395 5388
7969 9718
2568 3101
9502 1516
715 1758
7975 7025
8324 2483
6076 6475
6470 1935
7860 1036
8367 840
1945 3997
2143 7395
687 7415
4801 5230
6304 6719
2665 4996
4674 8801
8977 7306
292 362
4717 3960
5279 8359
8636 1536
8480 2420
9233 9339
3753 7825
5260 6804
9637 5258
3115 9231
1275 3397
1400 8761
7888 2666
7182 9859
3400 1900
870 8946
120 83
3664 8133
4878 9489
237 8481
5493 7806
4016 9460
3703 1830
1688 7070
7689 8993
6027 3017
466 612
3201 3245
6371 7378
8702 9019
6863 1424
5866 1729
5169 1572
4412 132
6828 5789
964 1360
2244 4561
5971 5579
6891 8703
1065 9521
722 3934
9901 1772
4254 81
9739 1710
8603 9319
5671 6226
406 170
4423 533
7894 7775
7343 7672
695 983
6767 7741
4274 8667
8018 7474
7788 8409
9727 7045
426 4299
311 1343
4607 7271
5627 7071
2464 7529
9537 7042
5934 2798
6806 6928
586 5604
1258 4721
884 2265
2706 3800
6844 740
3532 2795
3377 5661
8512 7140
5864 5563
1110 743
4192 8439
4440 8275
5279 3863
764 9676
2048 5348
1403 9259
9502 4738
2253 3013
2741 8429
8560 7194
1702 3664
3527 4908
4466 4369
3638 7664
7851 5687
3140 3452
9328 7187
9410 9471
681 7409
9926 4369
4168 9263
8361 726
8070 7572
9761 6372
5609 6087
3009 7439
7197 5957
9786 1706
9358 8355
765 9365
5087 1962
6045 7556
4726 9796
6486 6252
60 393
4377 8861
8861 8609
2224 3735
1796 8627
4797 937
9570 1606
6825 325
3440 8843
6891 4328
4812 7368
7045 5734
7848 1591
5447 416
5185 6832
3927 7325
1045 7796
408 3425
7758 9403
5632 583
5100 5152
7886 7373
9178 6693
1762 4562
1897 5689
4 7923
3502 7455
2093 5335
3090 4478
3876 4404
5397 5496
7718 8664
6565 91
6006 2342
7963 9929
9109 6943
3894 4946
2065 6441
2324 5618
1923 7260
3759 8141
3403 629
2388 7710
9526 7618
9115 3617
2203 5220
2906 8346
9081 1525
925 3031
3998 1862
6050 4088
9228 3
9757 990
4464 8953
2188 7019
559 8279
8020 1027
6286 544
1504 6508
2691 1079
9000 3909
9648 8294
9083 4846
6691 7130
4991 7729
5980 9226
9244 4619
2236 1559
7788 2195
2158 4120
2880 7488
3388 1542
187 8649
1653 686
3062 6970
8851 6795
6368 3565
6552 1171
3234 2243
5827 1669
444 9887
6416 3232
5894 6045
890 3036
5810 160
6685 6022
2189 9862
5416 4178
2395 9149
9656 1543
5963 3758
7893 6287
271 6037
6912 3153
8187 577
349 6859
9420 5918
9409 5500
7489 5150
7506 2579
2860 739
4293 1230
5083 7536
6913 7663
7276 5271
4510 7122
2765 3067
8887 3590
4504 7307
6675 2543
5660 2565
9740 8609
4620 2005
2322 9852
7855 8223
3204 4312
4604 6841
3255 6758
8136 2988
2841 6889
9508 1025
4014 4531
8615 5588
8185 113
820 8564
4445 1721
8030 5837
6454 5297
422 4475
3242 874
2634 6653
4765 9926
2448 6907
8177 6422
5684 4719
3162 477
2986 8919
3220 1916
9824 4657
7862 1836
9621 9667
8789 5838
1354 2970
1856 2134
7371 5103
5445 8880
7012 7385
3244 4087
572 8983
2989 8412
4539 7502
5250 912
3389 9285
9280 719
7533 38
69 7315
3892 457
9420 8872
8575 2135
8215 7979
8970 7360
9001 4458
5393 853
6354 6718
4296 3960
6541 1885
7122 5543
494 4919
7151 6015
4633 5945
2725 4178
6252 1230
1693 6182
2691 329
5909 9643
2903 6372
3240 6960
9633 3974
9681 4688
4923 3546
5977 4943
8007 3963
7229 700
1766 1799
9116 9763
4470 3456
7479 6998
6045 8726
1620 698
749 9773
8044 2983
9618 5436
2873 5688
5997 4750
987 6154
5239 641
4893 2219
9628 8194
7319 6083
8795 4995
8322 5300
9669 7737
1490 8293
2830 8098
562 5988
8180 5072
9577 7101
2517 2390
1018 5975
6264 5107
3791 2070
9539 7748
657 748
9516 4583
1144 85
418 5054
3064 6292
7477 8604
5586 3448
4581 4158
334 108
4268 4637
4111 9083
1811 5974
8358 5212
6902 1031
3619 1158
1816 841
1645 8836
6482 5548
4393 7907
6999 9716
4485 4692
9528 7171
8916 9273
3670 7926
7958 5628
4738 856
9409 1972
5761 3169
3594 9220
1328 6284
8161 3304
1882 2605
4755 2314
6869 7404
7139 6999
2716 4120
6296 3462
4718 6754
3385 4629
735 10
2135 2273
6188 5033
7767 394
240 6568
974 6792
8567 8448
9379 1947
2293 8322
5769 1679
8971 2381
4662 9989
3683 1303
1253 9748
4169 7841
9413 1945
3931 6737
9992 7479
6936 8063
2785 4475
6058 627
801 848
3470 4699
7047 4524
9356 3373
8621 5893
1692 9771
8435 1458
1857 426
4726 4860
6159 7337
6859 8502
7168 3070
7364 6917
1347 4232
23 8343
623 9799
2146 2407
3770 6630
1894 7784
1792 8002
2983 8095
9822 8491
7127 4358
8066 3294
9531 2047
2947 2927
2922 3099
9737 7750
2994 2221
3897 7879
2830 7482
6462 7243
307 9054
6628 4014
7507 684
4387 8682
6326 1168
512 2518
3728 4781
4929 1502
6872 8925
6700 8175
888 9571
7240 168
4835 5408
6159 2465
8868 790
1521 708
4260 225
1025 3510
2026 8730
4811 6111
6877 6249
2343 5633
6921 3811
8648 8492
1268 8004
1857 1165
7283 1167
8697 5351
4577 9448
3701 4115
3150 6227
3620 1194
6532 8967
9473 4121
4846 1062
4393 8701
3484 6867
2424 6658
4566 6148
9884 2416
196 5869
9549 1608
1124 9113
5601 8929
5138 8939
9761 6631
2949 5432
4755 4973
967 7328
6942 4125
8010 3966
1371 1382
5627 3976
3326 5890
6726 2672
5972 2210
6507 1056
703 6063
5352 1004
4948 3809
7461 9133
4130 6331
2129 135
5835 9001
3238 5669
3167 2985
421 873
8824 705
2459 3164
4549 4184
8513 2469
5770 4038
8634 5913
7468 9149
8867 4394
2688 9524
1428 2545
7689 7805
7804 4116
1982 9254
769 630
2861 8176
8010 7604
1372 7753
4951 4241
16 9697
7287 2550
7710 4602
5975 5961
4951 9610
6160 6946
2051 5045
3042 6386
1111 8099
4590 7389
6825 4330
4657 8345
5055 4419
8479 4002
6717 6719
7467 5756
3484 8424
1708 9257
6577 6187
7522 6365
4390 1706
2925 2660
3472 7259
8026 3360
3179 7909
6560 2463
9075 6140
8536 1661
4217 2165
6504 7900
1643 4674
6123 1792
3776 5576
5293 3028
1013 7661
8910 3420
1417 3055
9522 2227
8292 6525
5700 6277
4423 1344
4994 6529
3476 3944
3520 3233
4882 6998
1081 7428
7433 240
5924 5123
1333 8137
1634 9297
2731 7395
8035 5943
4537 5916
376 2364
3522 7335
6638 386
7515 4860
610 1484
1054 212
9925 2364
9603 98
4759 4918
8602 5882
9794 2554
9158 8500
5925 4772
6028 5193
735 6215
9822 5218
7493 95
7744 3649
1940 3701
4768 8363
8882 5949
9735 3650
3369 57
4900 1608
815 6709
6100 585
78 5958
7072 8854
1640 8549
3644 7580
891 6475
2609 7135
4551 1087
7691 911
1288 7050
6170 8120
5971 6190
2118 5935
8358 4464
842 2395
7466 5236
8894 5383
3691 6887
8061 4362
1906 8388
9936 7709
7748 869
2806 9584
671 4620
9294 7424
6730 6484
1805 3502
6120 1307
6110 6483
4119 6896
9209 2253
4920 3131
899 6261
6972 368
5262 9368
1367 3518
3755 9894
4429 2870
5671 6045
2775 5120
5342 6772
1586 9456
2455 8562
3391 8772
9437 7728
2310 5700
5683 7452
4346 778
7388 9341
6942 852
8948 2962
6981 6442
1976 6204
1432 8063
4603 30
6261 9270
7561 1540
422 2427
4229 9359
1742 4209
4806 7421
3264 3725
5568 3277
8537 8063
2258 5149
295 228
8491 9115
9827 7458
1064 8323
7156 8149
621 1566
2106 2247
6441 5134
1430 7333
9439 9978
3724 4891
9291 2617
8795 2450
8148 4854
9268 4848
5451 4287
5826 1986
7747 7893
7004 5368
684 5126
9010 7478
2669 8116
2261 8779
3918 1579
9838 9552
8267 8831
4280 8613
3513 5731
3784 6985
7755 2011
2548 4793
3404 1516
6107 2763
7839 8771
9372 7951
6627 6936
2889 9408
7291 4886
3841 2392
1184 9626
3496 142
6290 3759
8688 4407
4851 2965
4284 9499
7336 54
915 2160
5134 4192
3918 7082
8747 4879
9207 1602
6464 3400
9098 2598
1370 875
3799 1590
4168 2921
7979 2913
517 9711
2204 2619
5335 9039
9342 2527
2654 7285
5020 1336
5133 1213
8111 184
4774 8184
8932 5517
8109 7695
8977 5933
8755 2851
797 8839
4613 3513
277 2387
7482 1302
4993 8349
7169 2239
2491 2167
4278 4876
9178 7801
3818 919
3587 4470
8750 3796
1854 11
1040 437
5056 1881
8879 6542
8336 8515
9666 7861
8898 3788
4263 151
5594 2809
3283 6287
2891 3282
5986 3333
676 2496
48 5142
15 5904
1763 3023
9278 3147
5179 4408
7517 9243
378 5663
9139 3217
6126 5191
5603 3689
9997 3773
9081 2983
4550 3833
7898 8790
9988 5121
5024 2706
9410 6312
5845 3343
7864 9593
3468 4215
9904 6066
809 759
6976 9804
5327 5982
9241 7644
7703 2441
3835 3864
3237 6884
6256 1463
3050 7960
2165 8506
3659 376
5764 4414
8267 2604
7075 1007
1782 1800
1061 54
8490 4110
7154 2505
5373 4943
8246 8853
7307 2683
5622 5354
3376 4760
271 729
467 2590
1049 7375
7761 530
6641 9251
9981 4676
3708 493
6113 7038
8403 8641
1192 3007
4851 9812
6943 2769
346 5696
6725 331
9001 2036
6881 5045
3385 1681
3771 7315
6028 4082
6690 2481
3164 9791
2746 2862
3943 7277
1250 2022
8514 349
1033 1270
7588 1352
5988 7514
1778 3575
6249 9275
2102 437
9360 9566
8230 4094
4668 7021
5204 8987
4513 3885
2247 5379
7283 729
1510 4066
4118 3063
4173 289
3522 5661
4150 1968
9934 3893
3170 5889
3179 7429
6981 5652
3804 4485
2358 9882
112 9288
4174 8633
4517 6757
5370 257
7402 2504
46 2639
4 7597
9382 4561
2673 4803
4870 3209
5332 5226
6075 7485
4264 7048
5215 3365
3771 8872
268 6515
8719 4109
1837 222
9684 7006
325 6497
7033 8807
7828 8223
5490 1210
7602 4204
463 2122
8544 6858
2413 6811
2521 3604
7896 5361
7474 3682
7895 935
2566 6235
4737 8412
2842 922
6840 2992
7036 423
6163 2484
3680 7390
78 8969
262 9315
468 5448
7051 8544
6144 9789
318 3703
8678 7854
6476 1668
5472 765
9642 8311
225 2199
3773 1323
2463 1397
9867 9826
4084 6554
7367 9581
2474 4565
3587 5640
1188 7736
8841 5121
5246 5390
667 5297
2525 73
246 8916
8251 1993
9355 9627
3885 8572
2780 8112
705 3724
744 6833
151 7716
3628 6408
3509 8406
4878 9178
8820 2042
7201 5710
1325 6411
8383 203
974 3215
2706 4268
3852 1053
4452 7730
1039 1102
8523 5323
6469 9854
7427 7342
1305 2389
2912 1784
8756 6958
8539 8421
3851 7072
532 1126
8690 9758
3238 1661
267 599
672 6246
2846 7903
1378 8394
22 9547
1591 5240
4304 530
55 4476
1887 1037
964 9922
4810 109
5393 2379
603 4052
300 2065
5042 4781
1236 2918
5286 977
5784 2651
1820 8981
1301 7598
2228 9974
9507 207
6166 1790
9039 7686
8538 9326
9396 4927
1228 3871
7404 5088
8280 2278
9118 3377
8128 4624
270 3609
1737 7360
1085 5219
8007 2119
923 2942
5319 591
7562 8764
9300 4707
773 150
6497 8440
2030 2630
6553 9503
8488 8700
4193 5626
9215 7982
5988 8455
988 2145
4316 2434
6714 1621
3314 2395
1379 2151
3144 3152
3009 2927
1813 4106
271 9041
3669 5188
217 1867
8991 6301
5404 2984
909 5248
5281 3587
5179 9955
4754 8271
9766 3035
6825 8524
7654 6622
2506 7833
164 7723
2046 614
3360 7829
2054 1377
3745 2163
1026 8519
2507 9495
458 370
2969 895
4032 4327
9407 9696
3757 3341
701 478
3823 9293
4402 9909
3530 1312
1057 3910
6725 25
220 1723
7730 4657
8256 8150
9031 8146
7295 3682
9833 432
2749 3729
3684 7390
7686 8936
3192 5467
387 4357
8050 7119
7828 1004
7435 26
1664 2995
1503 8002
2525 4492
4286 6505
1892 1583
7827 5626
2923 1276
6283 5533
2921 2398
1888 5490
158 2268
1763 7444
7430 6569
8428 487
4434 9126
7383 5447
5101 8128
116 2392
732 2395
9735 4703
7181 9140
1164 9902
1129 9615
8117 9993
4399 1561
7995 2833
1605 1623
6069 194
8066 4699
188 3971
5731 9705
5817 131
9913 4951
9692 1047
946 5491
8619 4511
1243 1513
4902 6103
2605 7493
3725 3323
5762 2531
2082 218
6824 4957
9835 1338
270 1249
8592 7094
9149 3750
8218 6395
2755 3478
8889 3301
4735 4488
5411 9726
9135 6043
8519 3596
2810 4474
7321 8341
6987 7004
1507 1060
2713 4541
6836 9989
7378 7828
8926 6579
2074 60
4866 6260
244 3316
7038 674
4283 7373
3964 9542
8062 4151
7103 6963
6631 1720
9029 8784
3406 805
4904 7841
7385 6797
3560 4655
480 1435
7230 507
7667 4911
4291 6796
3912 5982
5406 4682
4900 9011
7964 7534
1990 5448
3185 3788
7283 9472
5707 8178
2758 1240
4499 1618
3022 5487
3480 3332
4928 2936
2389 8176
8569 8115
1122 4419
4874 5036
6457 1822
8203 6745
2874 3643
1831 8033
3575 3727
8731 4097
5379 4390
3424 9681
3851 4793
8656 8878
8217 614
2157 3709
4261 4139
8627 2175
5416 2178
6618 1753
315 9062
561 8300
9199 9692
8089 7905
8213 6214
3355 1714
9352 8887
5787 5918
7325 8677
3546 235
736 4517
6646 4861
8170 515
8881 5976
7727 3099
9650 5669
9213 5668
9436 9352
2281 8982
1035 1938
5441 1322
59 3349
9234 2428
9008 8538
7767 8217
4493 1519
9822 1817
9649 6211
6709 8663
4247 1355
1337 8143
2353 5084
2611 1178
3108 1984
7037 8879
3791 9827
2790 6226
6328 1629
1086 6854
693 6859
8272 1289
9810 1833
5689 7011
161 1750
8445 8535
7388 2181
4793 2416
3787 7331
7684 6609
442 4365
4265 1213
1835 3242
4761 8476
2528 4926
9417 158
8283 4164
8171 5680
7097 9148
5512 7068
5387 657
8305 2768
9750 8746
9459 4598
8255 8774
4030 2268
1928 8034
9274 8349
6724 8098
4113 8803
131 8663
1328 4484
3447 7666
1194 697
9079 5787
398 2712
846 8766
3823 3873
1620 8510
9397 9371
703 6623
4231 9939
1724 8109
4898 9207
7539 7132
2180 9786
3355 856
2580 4014
3736 3702
3989 8083
2152 4735
6568 2363
3603 3294
583 8261
1691 5020
6063 5345
9342 7957
8738 8974
6021 9778
6006 344
5704 5412
2149 4851
2016 3275
2625 4551
8719 1040
484 38
7837 8465
1256 2998
17 9139
7880 7236
9975 5631
7483 2352
4498 1126
5211 4445
6712 2855
5716 8229
6843 6987
879 9790
6452 6055
5325 881
3269 4319
144 3571
7592 7088
6540 7457
5052 2829
1399 4177
274 3802
2223 7327
3408 9968
7229 1788
9376 9758
7896 9421
6089 8460
414 4721
8356 6144
1508 1087
8266 5167
7949 7217
5351 1031
1734 1807
8287 796
3361 888
6905 9167
1869 5415
9436 3514
3355 4749
4733 9505
1200 7242
7610 1456
1269 8510
6379 1594
9770 2986
6422 5613
7043 2284
6244 4294
3255 6854
2138 4879
3951 407
1311 6827
6657 1696
9563 2814
8699 5449
9535 1254
8182 4139
1033 8539
947 888
7226 540
1575 8041
4947 4724
2317 5416
6011 393
7276 8884
3339 4057
3710 7676
8006 3024
8932 5633
602 9763
2681 8150
7242 4698
7253 8240
1269 1302
85 1515
1146 8779
7430 2948
1127 9705
6872 9487
2930 2330
5896 52
1046 5286
5736 3971
1430 9369
5783 5480
5497 2871
6926 3657
8382 1422
3063 2980
5800 1862
8709 3214
1338 2317
1921 1591
6306 8271
9291 9204
2097 6139
1772 8557
5400 9633
8835 8291
6908 4784
5813 1814
9849 6354
2455 6907
7159 4258
3172 5730
546 7884
1038 4374
7825 9946
1254 2457
5405 5523
3923 6308
6723 8693
4541 4142
5682 2246
9620 6480
7578 2912
2335 4051
8612 1442
7612 281
7063 5206
9714 4314
9647 877
9707 3106
3595 8936
7136 702
4513 6537
7990 7407
3232 7837
3669 3637
7257 3099
2807 9270
1481 1937
7882 7473
5129 5843
7465 8582
6655 2886
6594 9292
121 7788
8035 7163
7830 8451
5256 4608
9555 7838
1301 2356
7930 8803
2538 5941
5886 8158
7988 2099
4486 2596
4343 2813
7847 7987
2932 1034
1007 5679
1773 1011
2431 6350
8011 8768
3497 9033
8174 1592
1582 7078
1405 3244
4495 1490
8763 1169
3826 577
3717 3825
7088 2084
1996 9283
9924 4126
7609 6896
2941 9690
4436 4414
6784 7456
8438 5142
5435 3108
3781 4604
4538 2597
5414 3988
8459 4218
3968 9799
5286 1709
9675 1678
8679 1188
817 1451
7137 5342
4218 1437
7311 7336
3180 7891
3704 8800
2920 4288
5571 4335
2992 3760
1345 2788
7702 6524
929 69
9457 3804
7985 9478
6964 4501
7005 2058
7901 5579
2996 324
1313 1119
4821 5540
5464 8615
4426 4489
2695 6519
8240 1746
1903 1106
1684 2459
6808 1894
4491 6015
6028 6334
5047 9616
1198 2687
5027 2733
1030 8243
7976 6409
8998 3653
4533 7072
8115 8638
8434 1746
333 6157
4559 6428
4762 9645
1310 137
680 6157
1048 8539
7925 6191
7808 3391
6751 9307
1054 8024
6630 8788
1371 6684
1136 5326
6432 3784
1932 8414
9083 5817
3869 8852
4655 5331
8584 3100
8711 3141
8904 301
2737 3041
8000 3574
4825 6681
6449 8689
3321 1291
1966 8533
1189 8612
5762 2511
6319 1382
4598 1656
3046 1702
8401 9637
5440 1413
572 692
6824 7152
8472 9288
1022 5358
178 6659
5200 3831
6158 8001
4430 5347
8340 9519
9193 9169
5583 8938
8825 4343
6337 15
257 7073
1075 4258
7601 6857
8017 2305
3437 8632
1533 5523
8353 389
4093 3725
1434 3679
5413 3255
1114 9632
4254 1054
7385 1058
7525 7225
5280 524
3249 7254
843 7425
1137 961
1408 1195
5178 2849
3056 9424
2142 2853
4076 593
1248 3515
988 1898
1996 3674
4136 7962
4169 3709
8502 6752
5038 7770
5798 5014
4147 6552
2094 8531
3506 5701
3552 8557
7485 5048
981 30
2919 5123
3477 2906
6099 6416
7589 3011
305 9667
8972 3681
9423 5014
8170 9823
9842 3951
6139 7922
8658 2178
510 8500
8770 2621
7944 6972
7937 3586
1135 7276
531 8330
2585 6953
4817 4121
6261 1243
2277 9136
2363 9176
6845 7158
2406 3396
3930 5466
8975 6557
6395 7595
9153 6600
8861 8643
9915 5839
7642 1436
5859 8231
5376 4879
7953 3543
1703 7975
2262 3243
8497 7319
9844 8524
7265 4603
7246 2375
3440 4447
9792 3675
2770 7325
5893 3570
6447 2924
5650 1597
724 6607
8117 618
2690 5383
2740 2760
8716 2640
6087 3291
5066 9655
3187 2890
5685 6923
9568 604
798 2513
4051 5890
8841 4742
2481 8548
3701 2064
779 3402
2902 1896
7774 9152
282 3764
4786 4474
3484 2251
3774 7194
6660 9582
2422 7796
4652 229
8372 8441
1813 6934
9048 4294
8528 8954
319 9136
7614 6776
3692 537
6761 9755
5724 1616
3781 9654
7695 8872
4522 2226
717 6149
7738 2274
6882 8705
5194 7170
3900 3576
3364 1795
8806 2788
1790 5960
248 6465
2063 2857
1937 6424
2255 6999
2618 2621
4408 1134
9440 3949
3209 4193
2777 3553
2291 8763
1792 3683
2738 5776
1640 3060
3178 3604
1416 134
2956 522
8408 1937
3776 6411
684 1905
9441 6695
2615 9762
1781 3120
8300 8941
2273 7783
3656 8682
4390 7923
937 1977
431 5552
2473 5333
8803 4839
5437 8873
7719 264
7614 6923
996 1803
8766 756
925 5535
6892 7167
9856 6506
7681 4883
6044 4333
221 4143
6698 8735
1462 5632
3654 4714
7193 4247
2034 7780
6761 5004
2960 5959
7748 5179
455 6538
6922 9917
1638 4373
3148 8760
4001 4017
8118 9714
6623 2158
2728 1263
4862 3787
8363 7266
1229 6016
5164 1385
7459 1383
2956 2295
5650 3988
1037 4799
6162 8071
8127 1024
1696 7330
4846 931
4429 6012
1435 4027
1414 9337
9252 5455
7419 7474
1854 4132
6931 7885
608 7897
2741 2612
3207 4105
5829 4232
1999 3961
5430 8687
4200 7478
5024 48
717 9237
9652 6449
8356 8673
1052 7012
9853 2009
7202 134
1804 1628
59 3760
7165 2467
5829 3306
3972 4739
4133 3344
1152 1069
9963 5156
7421 4500
9911 270
1010 3874
4969 6770
3325 7227
5976 4120
960 9651
5897 6163
9875 4117
5175 8127
6823 3884
4410 1127
1447 6857
3560 9093
6125 4485
8492 5783
8282 6727
3646 9776
7915 4984
4526 7839
498 9044
2638 9922
7753 6504
5580 3759
6619 684
9733 6346
9048 3799
6283 5020
1721 8543
4188 394
2668 5088
817 4609
4452 9071
2286 4528
1384 6117
5944 2063
7154 7915
5228 7491
9719 5027
675 2395
8085 6438
3597 1767
8137 5581
5619 5511
9557 9516
7020 8975
1182 3781
1957 1562
3970 2628
6150 8826
1221 5614
8404 9429
7167 8584
9775 8813
318 3568
827 1230
9672 2915
8533 6577
8537 4481
8883 8538
7018 6138
2914 4581
1327 7824
6019 6518
6816 382
761 852
5840 8209
4993 645
1878 356
4764 4205
8172 7227
4003 3060
4994 5835
1811 7886
1355 665
8774 98
7079 4791
9440 447
5814 7819
4289 9173
1648 2351
4287 1893
7062 8651
9367 4641
1898 4633
2030 2803
1106 203
3940 1970
5369 5954
7836 3992
2013 6542
6980 4007
7288 4123
9097 700
3338 4201
6393 7859
2085 2365
2232 7488
6327 2846
8665 2396
9747 1906
683 1574
3182 7229
8065 8258
6353 1936
6144 1762
1632 9307
5433 246
1881 5581
329 3678
8386 6071
2438 251
4800 6160
1892 3232
9543 5903
6459 2978
5256 7379
5481 9941
1752 1616
4097 977
3983 6059
4048 1987
6883 9806
7048 9910
8020 4822
9324 3213
4567 9907
725 4149
1907 5058
4390 1872
950 2052
1880 3908
1858 5058
6811 7580
5218 2670
9097 3062
3383 5259
1282 6295
5494 3184
8479 1148
6641 7024
5278 856
9256 3994
6465 2863
3866 9284
7204 7632
9504 3278
6018 4803
9803 5789
8421 7744
7189 7243
8744 786
9571 9869
4532 6785
7758 3909
5323 5823
6130 1193
4629 7886
7405 5676
515 6809
4356 9161
6477 3115
2380 2729
6709 4404
7070 5844
6072 5281
239 6581
2291 6592
7499 7418
3342 4537
1474 3337
622 5043
9233 1377
1273 4744
2073 9523
1319 7600
5091 4668
8078 8414
4416 9188
9133 2543
9825 4527
4632 5221
1571 7447
9151 6239
8987 9026
2361 5967
8013 5558
1481 441
6785 3715
5384 3405
4646 7384
7818 3454
3742 1501
1069 7973
8376 9114
3751 8868
9823 4844
4704 3538
8842 1710
4600 2434
7098 1034
1440 9313
8970 9974
5794 9998
7533 9778
8025 3824
9146 522
4803 9825
708 3621
85 2181
5802 7314
9448 2809
7560 691
7645 506
1439 3318
858 303
5558 659
7901 7787
4422 6053
1280 935
8842 5106
9093 258
3588 7547
2172 321
687 1589
4584 867
4073 2866
995 1705
5000 2502
9817 9041
6423 9108
5483 5746
1334 4446
4707 2263
9147 736
1204 9934
6027 2547
4185 4783
7101 7306
3095 8014
4948 460
1259 1885
756 5206
3237 6377
6730 610
967 9361
7576 1829
213 7438
4482 4107
9953 5801
8041 1111
585 4048
3621 2997
9424 963
9849 3650
802 5739
1003 508
6782 4570
2859 6057
8515 6521
1939 1886
1961 5846
1152 9649
2298 5616
8923 8157
3501 2154
3447 7287
7266 4632
7966 5501
5930 5471
1773 4576
6926 4712
6880 3778
4048 9439
9996 5874
3664 1865
9051 2168
8657 2803
1852 560
4322 7729
1392 804
7565 6217
5744 3106
8287 2940
3853 3723
3567 885
564 1332
6859 3732
9226 7245
4019 7812
324 4733
7526 3377
9417 2504
7613 7439
6679 1936
465 6025
8932 6138
4942 1448
3718 3282
28 6963
4632 2390
9599 4322
4583 3437
2530 7439
2800 5048
7729 8445
1516 1913
2912 2485
1314 237
936 8922
1988 5520
9654 6486
5528 969
8623 9947
4951 6061
2995 1328
3877 8657
2975 1386
5552 2265
7445 8110
1515 5838
8627 5986
3185 3303
4693 6826
4159 6892
7496 2571
5125 1760
3464 5468
7922 1632
6144 3321
1985 8244
8585 3373
4753 23
4484 5268
4474 7963
1893 3407
3436 4066
4569 4036
9113 4845
2880 5245
8279 8820
8390 3669
8956 6295
978 519
5074 1404
198 5777
2761 8973
1329 6869
8820 4421
7435 6859
1017 2847
3313 6416
701 4533
4538 3531
1380 9022
9507 9444
3459 6655
3433 5471
5355 2706
456 2406
3888 6280
2305 7013
7986 3821
6424 1644
4530 8608
4161 1571
5838 6889
6963 5012
2032 2545
3413 6781
8499 7910
4937 8851
2112 30
1413 8623
7028 8561
1961 9431
4895 6346
5540 9302
1068 115
9866 7121
7166 924
3317 2360
3600 7115
6513 7714
5259 8097
2807 5937
8367 9366
7013 6953
4064 4216
5856 9255
173 1491
2461 281
1318 6948
5001 3264
9169 1544
1897 2575
822 1011
4543 2278
9193 6223
7558 2336
9707 28
8210 2262
2927 8432
4191 8885
3501 8438
2255 6053
9549 2825
1888 8511
6611 1186
6325 9194
8116 1516
687 2075
6514 8837
903 4359
2503 7996
6912 4911
9686 2197
7796 3682
4869 5659
2221 8283
1147 6382
4757 1173
6640 2129
8104 9288
618 268
5828 3089
8087 8826
2323 9704
6497 5584
265 9390
2777 755
1155 99
6522 9320
3119 5595
4392 3882
4196 6976
7864 244
7227 3070
9863 7454
9006 1646
4921 856
656 6292
6225 6306
1419 3016
401 3154
3133 5627
2012 1207
963 3796
9471 5078
9591 5143
5766 5216
5520 2302
2183 9777
2184 6215
4834 1974
1058 1939
4640 159
8958 5617
1518 5078
2732 8154
4179 2164
524 204
2447 8961
632 3938
6315 3071
3304 624
4346 3216
8453 6239
9303 2474
1240 8409
6930 836
1220 8696
7228 5899
8084 9267
6372 7375
8280 4712
7994 1874
5924 2260
6237 4706
8129 9912
816 8202
155 8722
7643 6491
1156 4860
4601 2516
3181 6165
2649 4318
3189 5760
2917 6055
5644 1280
7010 549
4360 2575
8336 4132
1763 7608
3235 5583
4611 5311
7823 8650
5314 5956
2639 5185
8005 706
6478 3963
1338 1322
3206 7110
2708 1649
2112 9697
6577 5231
159 5649
6430 3262
5105 3765
2491 8188
9192 1154
8839 9926
2519 8664
8329 5394
6085 231
2360 3810
7866 92
4098 470
1023 1795
9887 4954
4498 8025
2474 1845
2012 3477
1623 4190
4290 1579
888 4495
3888 9678
5987 2116
4600 3956
2516 4178
224 250
5419 8196
7845 4247
8407 5677
1026 4321
4801 2670
4523 6863
3587 2223
7565 9562
2637 4589
159 7890
8879 4174
4913 6294
8439 5336
870 8359
7246 5995
1721 3772
6461 4227
3102 3578
826 9457
160 7152
6032 4989
3196 9777
6181 8761
3423 4343
9714 3561
5691 7850
9338 4213
6205 1426
6156 2702
4444 6960
1171 3345
4763 4498
7633 526
3670 8771
9799 7432
2975 6933
3840 1719
3192 451
2893 6756
5351 5957
2768 4711
64 2973
6932 1071
7572 1431
3370 3769
28 8685
5332 9219
8560 754
7942 3859
8298 754
2680 8166
2589 171
1844 1249
5515 938
6442 1328
9883 2312
8078 192
352 5483
2311 7481
2086 3872
8512 5264
1483 1364
6483 1221
7855 9875
971 5124
9706 8627
1374 3528
2451 2923
4118 3123
7574 5102
3611 3026
7067 7930
8966 6945
6958 6711
7876 4807
5971 7704
5918 2216
1855 6581
1249 4822
5834 8638
4821 4303
8485 835
3185 9576
7433 3190
3202 4561
4626 7218
3547 8881
4801 510
152 3354
5344 7848
8964 8245
2477 3352
419 2893
1794 4611
1570 3671
9440 1542
9996 2174
2689 6631
5230 7587
7367 997
9426 7097
5840 5237
3588 3660
3272 6578
5945 7919
1277 6320
9210 3722
7966 7533
5752 4262
4075 4808
2334 1986
5917 5992
8846 937
8864 9851
856 9831
3449 5056
1050 4183
3085 5008
4792 2355
355 9256
711 3670
9623 6348
144 3559
1090 1488
5720 2566
1429 5118
5398 300
8872 4844
2576 9160
2679 5609
9436 227
7129 9008
7870 8188
8190 5160
4929 616
5409 3993
4858 6334
735 2320
9043 8230
7257 6160
4360 9477
2355 9992
5675 8700
9656 4673
3252 825
3855 2781
2824 5451
6748 5128
6129 6776
2141 735
5324 1424
1815 9839
5860 6507
5415 3124
8627 8715
9563 1984
3695 2805
7766 1970
840 8334
2777 6557
8959 6276
7350 8040
5640 4760
4787 1811
1375 1070
3181 5041
3391 421
1175 487
6294 7620
96 8078
9729 7069
8781 9545
3805 1643
7951 6809
5017 2394
8073 827
7279 4201
7914 2497
3844 8889
2776 1851
5026 8522
9306 5286
9885 3458
1721 5076
6581 5862
5652 5133
7035 6032
9132 1615
3340 7154
4307 4876
9166 4996
3054 6652
2264 9273
1901 2889
8312 1714
9437 2089
3083 2522
7657 1719
710 6748
7383 6970
3713 43
4843 8898
233 4500
9442 6876
309 2509
3258 6966
3003 2512
3863 5585
4525 7690
8945 3562
8146 1371
439 2740
5861 9416
7766 857
4330 5357
3072 1191
7643 5072
6375 713
7319 6180
4483 3320
4211 8230
2395 7220
5461 908
8260 8316
8162 3543
1911 4892
2914 5570
9237 4097
1864 350
6955 5206
8180 9491
2645 1854
3165 7488
5945 95
3124 4454
1038 3812
8870 3643
8015 2863
75 7902
8256 1205
2493 7970
1022 1774
1275 4290
1216 9308
1811 7239
9305 7977
2637 7237
9342 5048
285 1228
2991 760
3906 5526
7851 2337
9351 9971
3328 7212
2882 7391
8824 3257
5290 3802
1210 9772
1339 5456
6838 2782
246 8268
5634 7749
4851 8535
7704 6087
5295 820
3822 7346
5676 431
9388 5113
4629 1144
3280 1815
272 2147
7588 664
9270 6060
7433 4402
8913 2524
5647 6496
6646 4022
4615 1138
5654 241
8097 9293
1619 5459
4458 5584
4473 4172
6104 2692
2674 5280
8424 4403
7484 1078
677 223
215 3575
7668 6002
4698 2425
2308 7788
221 6544
613 8051
41 426
6976 3681
6100 2061
6352 7466
1039 2682
946 1700
9037 7124
9353 9575
4088 7986
9628 9285
3816 3097
2666 7095
3421 1255
6261 7203
1464 3733
3941 5428
1006 8224
9105 4935
7633 746
7547 2692
8436 7257
7206 4385
9213 8117
4576 6060
7291 4429
4661 3660
6858 8253
7370 6415
2433 1622
3035 1956
1508 8219
7026 7019
9328 3758
9935 9162
2029 2966
2111 6711
2315 7938
1028 5515
3751 6219
8914 5057
378 3420
4465 6205
1346 613
6624 2666
9353 6568
1018 6382
3597 3658
5916 6228
546 6572
9060 1970
428 6287
4141 789
9885 5796
6392 680
612 9491
1298 8772
1455 2074
1116 4594
941 9437
4246 5622
6360 8726
7327 7495
9861 9724
4721 9298
3110 5768
6212 7515
5044 2111
6208 9796
5838 4601
7585 3710
8906 5717
5375 9162
8522 2694
8427 1410
4504 911
4891 7507
9356 1873
6171 4787
7339 6286
5716 945
8869 5138
6711 3196
8242 4747
126 2942
2993 9518
1830 8622
1106 1623
1722 3841
8102 4565
2087 5925
4371 9440
8122 5217
941 4565
4645 230
4315 1523
8177 4227
6445 2127
8602 6850
6790 1344
2867 6278
9087 1940
9599 7713
124 1431
373 149
6293 3692
9130 5922
8414 3537
4131 6438
63 9530
3803 2637
4457 3161
8622 3422
9661 4511
6460 18
1778 5654
6093 8892
7380 3401
6734 4458
4554 5201
3314 7734
5755 1370
4378 3403
1298 6370
4208 7129
8085 1510
3104 7227
7321 2282
1457 2054
2628 7005
1282 4682
8438 1978
8081 9325
9041 9138
6351 5349
7096 4005
765 2850
333 978
4037 4291
1914 2535
5313 9938
5803 5601
2919 3259
4464 544
9161 400
587 9731
5069 7713
9243 7528
6858 6819
9533 4594
9512 9904
3079 7304
4505 437
8278 1894
2305 7129
2704 7363
6651 4018
2220 5220
5587 6484
2161 6037
6054 8350
7753 2315
6774 45
8929 8105
7821 4930
1850 4576
2638 5854
1613 8275
4980 2894
1875 7265
1038 8754
1609 5308
9139 7955
1911 3660
1226 1571
6181 2217
9205 1075
9031 8129
2430 7379
9605 1985
8123 5739
5018 3657
2866 8848
2969 3348
2267 8031
8409 9664
4811 5471
4331 4834
5022 7869
846 4975
5504 2661
2219 8340
5082 3426
6264 7489
1336 2745
369 3481
2749 9444
9120 3996
9098 9835
6235 6384
8165 9401
8984 6057
5990 7455
8503 2199
3773 8087
5162 7983
4857 9858
7486 6955
6693 4875
4858 3815
5532 6240
3826 635
138 979
8918 3730
6280 2841
4341 6679
6912 9241
6944 1545
7683 8300
5271 5916
6298 3541
672 6339
3635 8745
7 4673
5449 1236
3730 2337
6353 3332
6649 4148
7626 6611
3336 5830
8052 6948
6741 9335
8676 6546
2559 3923
34 6883
2596 8945
5302 9938
7047 7577
1011 4650
7079 8549
1050 1572
5559 1902
8297 8068
5465 3701
1280 3202
512 9517
381 6553
2559 2997
1511 4828
397 6763
6202 9040
1882 1028
814 2621
2255 6908
6043 537
5587 257
7161 3905
8547 7963
124 494
7124 2912
4446 4610
1078 8342
987 6726
9233 2639
3904 7710
5728 3656
1185 3449
3682 952
9251 7382
4091 3335
7638 9441
6880 3575
795 7845
229 8373
4446 4852
5957 338
2729 401
2606 3714
9363 547
6114 3934
706 8712
546 92
6530 8723
1609 4921
8398 9142
7484 7230
1875 1630
9336 4177
14 1106
108 7157
6127 7407
9190 43
4035 3015
8680 466
9562 9485
8472 2917
5872 334
8390 5773
3503 5756
7189 155
1120 3430
9841 4820
209 3021
3331 7635
468 737
729 6928
6424 7118
6008 760
9559 1616
386 8925
4011 9730
8896 2174
107 6019
7447 5122
5137 8236
1294 6454
9970 8101
4621 3889
939 2735
6257 3921
8629 9535
6409 9159
7283 1321
457 6374
9736 2164
6774 6813
1074 6198
7663 4881
8100 3650
1833 4237
2409 5336
1492 5893
4972 1850
3998 3859
3461 7303
4345 4088
6729 9527
7290 5659
6857 3791
7867 3196
8512 5822
5516 5225
2496 5991
6699 2572
5719 6981
4846 4612
4870 9170
3998 610
6991 3619
3345 7141
8044 7824
39 7513
9442 895
2742 7336
9896 1065
4118 877
4395 9816
665 2313
3572 2838
4939 9391
4359 185
1685 1588
7859 6179
6288 3997
378 1438
4094 8252
8153 8117
4165 3473
207 8386
8533 5076
2682 1525
3776 4307
23 55
5370 9856
8861 6231
9688 4697
1565 6905
2117 5432
7764 4871
9771 3648
1159 8846
9967 850
7981 4842
8246 4736
7410 2020
6938 978
7594 5749
5247 5332
9405 9835
1884 5207
3226 6068
8181 8700
5103 5324
986 4996
3300 769
2135 5462
6023 3688
2222 8356
7988 9180
604 9216
649 62
6836 980
7036 3714
8421 6443
7449 5115
8144 1439
410 2705
1637 6740
3685 2165
4149 9210
7853 2431
9616 2797
1250 9448
4448 4524
5557 1427
378 1827
2113 8547
12 952
366 9586
3058 4753
8762 562
5401 3250
3580 6555
8397 1080
434 2752
8369 4172
5480 6404
4820 9512
6888 1883
4536 6720
6491 382
3493 8077
1351 2171
2634 5643
8043 2258
849 8605
3717 1820
4300 1646
7125 2361
1131 2060
113 4228
9641 8599
6618 7899
6386 3311
8469 9842
301 9015
9740 8204
1617 4225
3173 622
53 1450
1103 1947
277 4083
3028 2146
897 9655
7924 3114
8842 8114
6488 6984
4797 2707
9400 5345
8273 8344
3266 9494
776 7042
8496 7827
2654 7129
8123 8750
8233 1711
6892 2206
195 9396
5887 1115
7716 145
4250 9196
2023 738
9323 937
9646 395
1284 5768
5495 4913
2723 9982
7091 1382
2575 4984
7043 9972
8870 5664
9856 2726
8311 3714
7142 6716
2627 9991
4752 2896
6167 4272
8806 6029
1843 4432
5058 7288
16 6202
9517 4320
5088 5181
7557 5066
7256 4320
1351 2105
8725 563
3165 783
6581 8998
1311 5079
4993 8569
6086 1327
5371 9949
5958 95
8287 5827
1857 529
6047 4984
844 2287
9921 2817
9383 4868
8939 3659
9720 3995
5288 1175
2583 1279
2779 6587
4964 2512
3665 2479
8656 5293
5336 1337
28 280
2382 1410
9611 911
8912 910
7967 8050
1238 2190
5442 2379
6127 9800
8374 1648
1386 260
6485 6512
5255 6609
6589 6340
5040 1702
3219 9208
6075 9502
2233 7945
8329 2292
4972 255
9240 8565
820 3905
8177 474
3895 8673
1153 7434
8441 7838
5157 9992
8947 6663
9028 2158
1801 1912
2504 7253
6329 764
3692 7684
8823 3860
9715 1223
2459 313
2708 2185
464 3438
3236 3509
4872 6803
2498 2082
3290 6189
984 1114
1789 2036
6936 4838
6867 6953
2376 2772
3736 8117
1750 1263
8957 7421
8244 3055
1293 758
9767 4028
7385 2570
6911 5131
3277 76
424 9650
6818 244
1839 8286
1859 9921
9034 326
7378 5950
7063 6841
2290 7929
3394 4983
8238 7976
3517 6221
6288 8134
5945 8963
7204 5891
1877 9049
1558 7054
2508 8394
2090 5666
1133 674
916 2891
8882 2951
2495 9098
4262 309
3436 3236
473 2321
4996 2519
7515 1996
5629 2957
6678 3751
9140 4643
8412 3675
6266 6924
1577 9403
83 6458
4863 1882
112 1911
5363 9523
9640 7036
7551 9358
1310 4750
7120 7896
3166 5869
8478 1568
635 2073
1593 5977
9710 5940
6385 6336
9219 9500
7788 8826
1654 601
5115 5435
3824 2553
8898 7351
9835 9890
685 6108
929 8683
588 8161
7632 2247
7406 214
4778 8186
4656 2827
5051 7786
3084 4850
2534 8355
1107 6861
7389 920
8281 6197
7278 1089
2656 1821
7937 5111
6378 2229
9240 9922
2199 2255
896 9687
5356 3709
5796 8182
9913 9907
6338 2049
8269 3756
4455 9845
3664 2176
5745 8072
7978 3957
438 70
118 617
3242 1894
2443 5338
2410 5161
1575 1852
6633 667
9109 1494
3594 7836
5923 507
5700 4636
9499 6789
5519 7742
6300 8307
2871 3950
4019 9641
8260 2313
2718 2661
1926 5842
9046 512
4840 3145
7868 2728
5134 4080
5960 2910
6254 6511
9984 1182
5089 3556
6804 2484
2934 1094
9365 9017
7477 2698
4998 7989
1340 2577
6322 5046
3902 5053
5885 7933
464 3064
4870 2182
5886 8922
2417 5432
6260 8611
7534 1646
3845 2546
3339 6875
5524 5429
9352 2392
767 6461
5392 4226
8136 4050
6472 7110
5537 9047
2690 9970
4968 673
7488 5448
9844 989
8396 1129
9052 1699
650 8168
6674 6133
1761 8379
1852 8497
6460 1865
2022 3660
1062 6247
1179 3385
3085 6725
2663 7261
5509 6867
4777 4703
5136 9251
7947 8082
5809 9990
4290 828
6959 9109
9251 9361
2487 2955
9179 2288
557 5041
3339 5157
9407 2411
621 1535
434 5092
4121 5314
6662 6499
7064 8650
6145 4179
6351 2298
5063 4376
252 8619
9001 7856
6787 2599
1479 8776
9116 6153
4212 1766
3317 6054
3917 6544
8590 3828
8036 2222
1898 9110
1808 1754
5591 6114
5615 9440
6949 4741
2630 5245
9735 775
4306 6891
4103 8252
9448 4653
8721 8754
8638 9214
513 8609
248 6877
619 8281
4982 5080
5838 8973
345 2501
1409 156
7504 8359
6923 271
3261 2028
6414 2730
4879 2191
1377 7155
6084 8453
1501 8847
3168 4092
2455 9525
6779 6884
6466 2223
1796 3409
4279 5178
791 8054
3910 356
5570 2058
2593 1474
2916 6328
8222 5511
8330 9474
9786 7239
5565 2882
8970 7067
6380 8585
9201 1193
7707 2678
7448 4898
7716 8096
1472 5661
1327 4785
8166 6575
1949 8740
4192 1637
217 5149
432 6269
2930 8841
5253 1438
9135 7497
1782 4668
9605 9109
5001 7000
2503 752
622 6258
4803 7281
4068 2631
8865 439
7012 3977
4542 9805
1203 3392
6681 8014
8021 7523
724 7558
3417 8154
3422 4297
5918 6271
8370 1520
2047 778
1112 1961
3878 7731
7840 8121
1019 7139
3164 8324
9175 5044
4607 148
9557 3833
8113 9340
9244 4770
3117 1459
7512 9581
9489 7984
7410 6564
2849 3859
8253 3348
2065 7197
1210 267
9358 2024
5908 5192
5083 4520
4742 3998
8337 9061
408 7348
2851 7998
3927 752
5814 3170
5166 5615
6403 7
641 352
9627 7409
490 5552
2991 5389
8690 531
9645 229
6093 9802
1745 1957
4189 9891
6064 6068
881 6992
2070 441
3379 8746
4621 5239
6702 8691
5367 3487
3947 5416
8744 9411
1709 7874
2264 1488
4119 8532
9819 3633
6368 7596
4027 7896
8170 4426
9961 2935
3142 5224
2631 4291
6777 6488
991 9068
8001 1099
3398 7028
1638 6142
1088 4692
8210 6053
2888 5879
6988 9946
3703 7260
1750 6999
6426 5978
3016 4078
6513 4405
1812 6830
8188 8401
6663 8550
7788 2280
4070 8077
4027 796
3383 9133
6482 6933
2137 8697
585 6794
3813 2301
2173 5910
270 5241
9508 4117
7434 9982
6899 24
9521 2366
1763 269
1294 959
4673 3280
8817 9568
3790 8036
9067 2280
4503 4939
296 2503
5949 8109
4817 7731
3296 3155
2680 3108
5753 1939
7628 9945
1974 8315
1864 5639
8500 6612
559 3384
5920 4681
1590 5521
8014 8072
1046 4899
2324 1315
7167 5426
6742 1756
393 584
5879 7245
7788 9422
3316 7469
4583 1511
200 4740
5718 2079
2419 3659
4015 7591
9088 1547
8117 3302
8779 9837
8536 8655
5257 6457
8495 5584
8250 4770
1630 3741
2871 3015
8523 2835
9617 8061
196 2998
8212 4370
6601 9700
6218 7195
3942 831
6961 594
2791 403
1657 5429
6745 151
4172 3629
2269 4909
5803 2149
4060 907
1043 1190
9394 7736
2450 2217
9115 4120
8383 7877
1841 2109
9817 7546
2813 7345
2079 6303
7559 6834
6437 4478
7741 2115
8596 4615
7759 2923
4188 1600
5839 5202
8370 3750
7 8161
4281 781
3916 4295
3621 4872
8939 9505
798 1493
2639 3270
5441 4496
5223 6488
8595 7601
2826 6250
9190 6764
1069 680
2068 8786
1532 8254
4665 720
1870 5280
2624 2709
1228 794
868 4423
2964 828
599 6894
2051 1248
7054 4786
2078 1085
9106 9752
5687 8298
8939 2176
9150 9041
5473 9537
4177 649
9438 813
4794 9599
2492 8430
3937 7992
8907 1298
2291 3192
1771 5637
6346 3810
6050 8363
3082 1183
4953 7269
5318 3718
8439 9716
9317 4966
9881 8162
5745 6158
3446 8670
1134 4504
2909 3483
8635 2020
1649 5135
2189 8755
7930 8095
4217 4208
7061 772
1998 529
2074 6940
3108 8917
6162 3305
246 672
65 3778
1638 896
7026 6268
1348 834
9874 8135
1130 7027
9098 1269
7387 770
5891 3606
4029 7139
9204 7788
4354 25
6654 4302
1447 9299
3821 7375
3282 7097
3302 5763
2116 9579
5694 6825
6436 817
8934 1403
8777 8101
8004 7131
7718 3061
7523 8255
3295 2956
2245 8124
6947 8553
9120 2438
7154 7082
437 522
5837 9920
6262 7174
1339 330
5086 5262
7392 6846
3841 5761
6860 2784
6832 7152
3964 5831
5185 3699
7392 5799
7417 7024
9673 1166
8738 6550
1880 3020
2411 9301
6188 2219
3094 8698
5141 9348
1781 6811
2092 28
6457 1360
8311 1615
9723 9631
2139 1271
5087 4803
1222 9678
2853 3997
2930 5678
3746 639
6978 5125
4394 823
3770 2164
8429 1728
6259 2930
4211 5024
375 20
4485 3314
5167 8744
8706 6853
1968 8047
3277 6553
598 9073
5321 516
2246 2844
5886 9599
1723 8401
5391 4409
1179 1363
4659 6180
9024 7549
2530 9369
6982 9394
9074 6094
5139 6295
3671 599
4135 962
485 2056
5397 3786
7895 1403
6418 1071
3842 3046
3243 8379
6543 5452
2468 7336
6587 7444
7690 5845
7719 8761
9 2369
9415 7797
7310 726
1022 207
5027 1233
8131 3615
6178 2792
9015 2844
4681 3750
8956 4600
1890 7722
8925 3974
7385 1142
9162 1564
4519 8360
6845 5456
2291 2939
8524 9120
1495 9650
6221 7992
2972 7703
1444 680
3558 1798
7059 581
6673 1040
852 8618
9072 2586
8275 8429
135 9879
2520 4172
2414 8886
7853 5932
1813 9420
4979 5998
5741 4335
9223 3105
5594 380
9373 8418
8728 1069
5986 9656
6683 3168
8210 6741
1355 705
4990 508
5678 9661
8966 5448
8195 4073
5287 1374
8854 4941
3081 667
9693 1468
5719 6107
2035 2921
5134 758
5787 1552
1639 2463
7020 5661
6550 2248
8637 4017
782 6683
4271 2231
9529 434
2177 1994
2317 6175
504 5399
1648 9988
2663 3550
2357 9630
2828 8986
7549 834
4768 6541
5283 2971
6912 2879
5523 6824
700 7566
1390 136
7054 5406
3153 4474
8817 8283
5195 1811
5243 5494
2592 879
5443 5030
5059 6087
4572 1539
8902 6526
3357 453
1531 5629
7317 2231
9789 1367
5967 9093
6516 3902
406 4207
5404 8458
9053 6816
2950 1876
1181 8606
996 7577
1603 4579
2755 6777
5124 6724
2092 6204
3623 9970
6415 8034
1735 682
6204 2337
2071 2065
2155 9643
9781 2687
4283 4243
4267 3252
7971 2889
8586 8117
6842 9390
9590 473
2389 6669
5221 5815
1603 9372
2558 2654
3896 4076
6599 5094
3799 6129
2021 8084
8525 270
9050 8988
5500 8771
2484 9013
601 9454
3384 8896
9175 7828
4321 2804
7099 9860
1161 3267
7639 9050
8577 6566
6576 4571
4900 7291
739 6957
1792 3780
1389 8005
4770 4737
447 2584
8343 4305
2030 9206
5016 161
2752 7097
2806 9777
1108 3124
6194 3435
4762 8013
9849 6334
7529 8989
12 8038
2498 5086
7781 6500
3269 1442
9533 6744
5078 8636
5811 1051
4553 1315
4487 5162
6013 6635
6245 7924
2769 9908
3552 6870
2134 2981
1223 320
1089 2077
9222 3031
3385 462
2696 883
1099 1452
6759 8266
9017 7887
7700 7019
1476 1789
5754 3913
6488 8338
4616 2781
412 4026
1718 2261
7137 3536
63 5306
2563 3750
6085 1919
3942 2729
2059 955
4130 8378
8108 2131
1608 8374
3352 8003
5832 2533
8170 915
8357 512
2668 3520
877 5307
3456 4798
3134 317
7555 3244
3673 4503
6136 4048
8544 7141
2033 915
5101 6757
3891 6015
176 5731
7750 2786
4307 4910
3735 8656
8236 2679
3848 4332
3117 6513
7641 1688
9838 5315
7794 4670
2835 4814
3089 7848
8308 2676
221 4053
4241 2169
