6090 9728
2234 8273
9847 4273
5856 4542
8376 9088
9714 6080
3236 31
6390 3954
143 5651
6286 8677
9952 8059
2710 7047
9771 6735
6467 7971
5347 9926
3475 4635
8566 8811
1071 7848
4228 2886
3242 7810
9563 5924
5563 9379
132 2509
6236 5836
2694 5480
8434 3686
4235 3289
5870 5900
524 3383
6871 8683
9073 7406
1689 9199
9192 5822
3595 3723
9422 9401
7937 8720
2915 473
322 6645
2475 1369
4648 3067
947 9622
9025 3736
9726 7984
5700 2405
5218 8552
2150 4403
6446 9577
1260 7049
6738 9456
6034 9340
2610 7542
2863 7722
3706 8936
1338 7642
2432 6452
9603 5783
5210 6863
6376 594
6126 6081
7368 3328
327 7904
5654 1777
9955 8049
4228 7826
2457 8737
8945 5382
9528 1007
2275 5764
2650 7856
8278 2852
2237 6411
9516 6258
8860 6627
6119 4068
1259 4450
9276 2260
4391 3107
186 744
2073 9807
8370 9099
7488 760
9822 2406
9237 5688
758 2195
1151 6098
3733 5106
5128 3090
1606 4921
6153 1800
4823 1178
1239 6332
3615 1034
4282 8667
1847 6151
164 9161
7249 3581
8176 7647
7436 4868
1889 2132
8986 282
1412 2998
5692 3963
7221 2701
6913 4305
825 397
4904 5344
4320 3832
9603 5246
9160 4905
1114 392
3263 824
1597 7450
4303 6753
2326 3166
2386 5395
7773 8438
7262 6916
7195 1264
2670 1663
1348 2666
9013 7487
1874 4173
8455 2995
870 9457
366 1064
1764 9899
8435 5911
6763 2105
7148 3380
598 4810
5634 3166
5434 7979
9107 4331
3761 5786
1677 8452
1219 3144
4918 8099
1027 8343
2529 6224
2552 8837
3801 610
9166 9233
3590 1595
7951 3717
5609 5859
7870 2331
557 9481
8999 9241
1162 5619
7645 6764
2330 1153
1760 7187
168 6114
579 2716
488 8950
8016 705
5033 4507
7665 3336
8250 2040
3647 7740
2370 7991
5052 8398
8429 9855
869 2118
3224 4116
5563 8321
3681 6691
8660 9909
9450 1663
4163 2530
1412 3161
882 8328
7641 1006
755 8260
2167 3444
4550 9476
3670 6165
6569 3123
4974 2341
5967 1513
7792 9927
9604 8788
1622 5980
1491 2528
9523 2383
9557 5414
2143 3881
7104 9940
9523 9738
4588 6038
7974 9301
634 1796
277 8877
5598 2410
4576 5691
6857 9955
980 7573
4837 5466
2560 8757
956 6169
2167 5793
5260 9477
8310 8065
6225 1232
4059 3307
7995 3479
7009 6417
1606 7338
1852 2375
7867 4233
8580 9996
375 3275
6832 2031
2059 5334
6925 6948
1309 2621
1947 2383
2863 8771
2677 3397
5764 6098
4196 5648
4213 9264
3284 7781
5761 7261
2248 3664
1282 5534
3507 592
4534 1627
2736 449
5702 2601
8956 6324
7936 1801
7053 1454
9515 7779
4057 4792
3535 3175
8918 6971
1006 5198
4444 1710
693 1705
1049 549
5369 4885
6446 1311
6358 7614
5599 3132
2467 1213
1226 1121
7435 8177
7579 4960
3210 6101
2509 2792
9257 2249
8568 6871
7712 9101
3749 9240
7131 8597
3378 8021
1537 6015
5384 5435
8624 1905
3935 7565
1254 1381
6979 9078
3477 5640
5402 8579
5584 4126
8994 5006
1846 8059
4620 2127
5345 9213
8858 7333
5988 688
2911 7336
7473 4523
3839 8099
8020 4921
1243 6160
2466 6841
5232 1994
2235 263
805 1504
9736 8854
2475 7829
955 5878
2675 949
125 2913
7350 494
3914 7761
4879 4700
6207 9635
2372 3513
1376 1562
1465 99
8959 9468
6449 1934
8587 9596
8129 2302
8939 5325
2259 8712
7379 4470
6187 1826
2566 7556
8298 6847
6968 9975
844 8625
1907 9842
5064 9310
3218 9175
3462 7815
2373 4882
3590 8000
2984 5975
5828 4983
7662 7804
4742 7983
2825 963
5899 9064
3000 5919
1479 131
2587 6689
3566 5549
682 5156
9586 5270
8522 6797
552 9247
2565 3668
3777 6900
4806 6584
3384 8137
8299 2968
5031 8099
1051 9052
7713 8277
5044 8792
5166 7506
2978 2652
1505 7192
2751 4824
2708 6174
6256 3349
5585 3144
6517 7554
4530 8463
5903 1733
9522 5204
6502 7956
8272 2848
4235 5024
9054 376
2913 3317
4557 6206
8510 168
2705 2735
4842 3342
6008 4243
9554 1722
6486 5221
1324 9466
6066 168
222 3561
9635 5996
490 8745
6749 7257
5836 6243
8152 702
5113 7834
6052 8756
9118 6416
478 9795
5968 3137
8666 8241
8992 4210
1330 5056
4239 9185
9605 6396
4194 3255
350 7287
9340 2449
8758 7951
8395 958
5652 2527
2372 2171
3585 932
1320 6970
2349 9357
4558 684
8848 2862
2265 4933
322 7575
1501 4537
4866 4183
6588 3272
2439 3221
3752 412
6066 4853
7108 3244
5661 603
5505 3244
7174 336
7474 8670
999 3858
8686 2288
2291 7793
255 1347
2168 4461
3555 140
6232 203
8891 8062
2816 2137
6807 3265
4830 8043
1545 9787
8105 7503
3845 1003
5868 8907
7568 3097
386 3119
9717 4963
9553 9470
2438 6513
2426 797
2011 8920
8158 4481
3755 147
7333 5832
982 3796
8086 4083
2523 585
1435 9928
282 1318
6275 6800
1205 1185
6757 1592
5685 289
5485 3907
7588 2917
5087 47
1878 6310
9477 8791
7990 5031
473 7049
73 5358
6017 2088
4929 9408
757 9144
2270 1936
3954 8196
9033 6922
2462 6307
9132 2434
1687 5035
3182 2203
478 9621
5232 1875
49 9444
846 2554
1281 6683
6859 4302
2832 521
8317 1359
8284 7598
7498 5457
2016 3116
8597 4382
4617 6796
8761 8691
7603 3938
5385 6375
4208 9782
99 8110
8458 22
1688 8619
7680 5740
2310 2408
3442 5674
8946 3344
8382 6914
3157 5663
3334 5030
6059 1872
4271 5125
6604 5378
2625 9185
3630 5028
9423 3804
3260 2233
6888 7473
8336 6552
1784 2274
192 9640
7079 3779
1325 7358
3852 14
4051 9794
4996 8804
7037 6936
8240 6470
4411 9282
8935 6214
5025 1749
7173 8113
9100 5500
9681 8892
3711 4104
963 1357
242 843
5941 1906
4342 1877
1513 4389
4985 9153
7947 9843
5518 985
747 9996
3875 6548
5600 8379
5831 398
5158 1618
5194 1275
168 4132
6693 5274
6591 4997
8426 8915
2218 4484
2380 3085
2070 4320
9454 9128
7381 1366
3587 2186
6291 4597
8311 4390
8625 7704
6361 3609
3757 7966
9460 2089
2013 4846
4540 8348
2169 5322
7494 317
9921 2191
6571 2557
5046 9122
5664 5788
1018 6917
6496 7567
6518 2896
7181 8838
490 7700
2750 8872
1534 502
3294 1159
9923 6586
790 2448
6985 3715
8437 2233
2186 1596
537 6176
8457 1690
7913 772
1526 3657
7056 104
4065 753
8602 1640
4729 275
2994 3095
7628 6803
4383 4482
2546 3578
7967 5451
3992 517
4614 8902
1035 3554
1766 97
5977 8839
1863 7614
4862 3261
4037 4316
9564 428
5508 6038
8840 4046
3306 4218
314 7032
658 2641
4941 2628
8722 6390
4867 5833
4787 5544
1466 5187
2606 8314
8881 5861
5253 742
7223 9345
9067 1971
3153 202
6554 2016
6443 4400
453 5524
4593 8172
6780 1726
5309 6541
5412 7982
7072 9418
8380 7699
5098 2049
4826 129
7288 267
5284 8820
9644 9027
5764 4734
347 1031
6913 1265
7136 9187
1656 1486
6048 9337
4289 7895
6591 6354
331 8112
2010 5626
9928 2491
4008 4125
2531 7994
3330 6361
3500 7038
1336 3359
9002 1400
9494 3094
8945 2623
6962 3126
2615 4056
6333 1871
1119 9373
7686 1615
185 5267
2661 6508
4963 9434
6322 9976
4478 51
3397 5610
9543 74
6700 2688
3618 6252
827 4892
3425 2447
495 1938
3862 7403
7210 1218
3231 8997
9440 6190
4741 7456
6274 4916
8440 2060
5806 152
9278 2112
2540 5063
232 6789
4669 3308
2463 5045
9584 8985
3223 6261
2313 1610
7138 8525
4994 3778
1996 5057
3159 7902
1096 2814
4200 1638
5414 5468
1038 3223
6160 2814
3130 8554
4257 5326
5867 1020
8062 7984
1539 8874
2836 9770
6124 8489
8507 6156
7848 2282
7612 56
6856 7886
4330 822
8124 3385
8746 924
6319 8886
5529 2314
2419 8519
4922 9220
3207 7030
149 2845
2165 3391
382 7217
6039 5691
4733 6436
1851 491
4741 4570
5714 8752
9255 2733
1570 2171
4333 5684
1590 7482
4813 659
4270 905
5161 3328
8569 4364
4386 4234
6199 6178
2770 1821
9535 3662
8120 7655
6740 9013
4503 8202
787 4246
2313 5490
4905 2705
7605 1705
5327 1122
9064 7352
5731 5901
4072 7319
963 688
1169 2190
7206 1326
951 9844
8207 8310
5397 8886
7236 1205
5904 1291
9384 3893
2099 6446
3372 9688
5751 3907
1069 6345
5076 5983
7423 1970
3269 3036
1412 8899
9110 1294
9451 3021
4452 6506
2320 9424
4722 6222
5662 9998
8114 8253
8671 7087
1269 6877
4546 1980
1319 3436
7757 6114
8626 8549
5487 3702
9582 3224
8254 5873
9130 848
7765 8863
9647 4787
2001 6129
4371 6944
3338 7555
2913 2195
8312 3784
4659 3146
3523 6554
1912 9440
850 2705
7319 6948
681 2933
8120 8394
5773 9963
7643 4793
2193 1209
1138 9938
3273 4285
7225 5485
4104 12
8359 1334
1417 6441
973 1068
6749 3812
3633 7085
5668 1228
1313 2304
6800 330
8687 7178
4234 1303
5434 4444
96 5760
5471 9732
3379 2186
5304 8572
9906 3401
8493 4545
7435 3177
7727 6732
1440 8424
5443 4385
5055 3751
7742 7013
2866 6660
8189 5487
5768 7070
5941 353
8253 3930
7488 9991
9719 3322
9930 1785
6661 1847
6778 3186
5771 4493
5402 4626
2819 1458
5886 5907
125 7349
6716 8054
3731 3445
9813 1092
1296 5359
4785 1136
5020 8358
426 5247
7862 8488
7151 9150
3266 2793
7658 6214
1469 6226
4859 7622
6186 1301
1799 3593
923 4188
4128 6356
4346 284
3081 6022
9977 5414
1935 6756
8752 5855
4794 6567
2321 5516
1180 178
5440 6449
9442 3040
6232 8075
8327 7490
8743 5338
7488 4890
2433 3074
9322 6442
9223 7897
1917 5409
6573 5493
3541 7188
8974 8132
2496 2083
3292 5400
9788 9517
4190 2120
4031 9940
3300 2551
9166 7255
7999 2453
1989 710
9511 1776
1811 4087
274 2950
9836 2475
3160 6570
8973 9196
8566 406
2540 9979
9474 29
4928 113
1992 5946
6374 4478
3562 8657
1343 8425
9228 2898
6867 6976
5002 2627
5903 3028
104 1734
2376 3963
796 8148
7306 6501
8787 7743
6022 2612
688 1381
5579 56
823 788
9636 5473
9819 8792
6137 6470
1202 8957
495 464
2352 4400
6413 8741
4637 9308
1103 1488
409 8210
2208 7775
2659 4264
331 6075
7521 1484
4866 914
7235 8031
1445 8018
8824 4080
787 9738
2507 7024
5597 7256
8181 5142
5266 1006
8948 1113
8483 9415
7454 383
549 3157
5029 6920
8454 2712
277 3866
724 5080
5391 6491
3159 6549
9192 5014
7130 4958
642 473
5672 2424
2566 5402
4723 1494
52 5976
4100 3208
821 8409
8274 6406
5873 9890
7501 3975
7758 8741
6856 8869
9927 6119
2529 1147
4771 235
1075 7134
1238 2402
7714 7587
6886 8933
3537 2290
1314 6598
5176 6821
6537 3760
1270 1573
7072 4858
5516 3479
3216 2356
3625 2295
1414 1702
2362 4430
3227 9833
510 4450
7294 2813
3359 6461
9510 7914
3584 2378
6873 4217
8965 3361
8740 6397
4855 3975
1633 7007
2414 5357
7698 543
222 4548
1384 7205
195 6522
7505 9920
2792 8807
7806 197
7974 6197
625 9260
766 2029
950 4590
2963 1226
700 7862
2290 194
4361 4648
5673 4849
948 7146
9826 6793
511 2678
5764 537
7998 4460
680 5116
4007 336
3210 5425
3263 7237
532 8106
6092 6122
7100 1216
2318 2750
4637 2839
5723 3636
6156 9382
6459 6939
9590 4957
4543 2544
8896 7020
5199 7800
9676 7626
2512 6793
6046 2047
7659 9595
4684 7852
2973 6599
3547 2929
961 7865
6291 9583
2466 9656
150 187
9769 246
9225 6306
7148 1283
587 8297
4383 5951
4712 8341
6680 5729
904 6139
4207 4907
7655 683
9934 6069
7497 6890
6537 8834
6733 6494
8106 1787
6752 2343
561 1720
6335 1237
6754 6553
9764 7994
3701 7142
7687 5186
3977 7720
1107 1112
6597 9235
8844 1837
9821 7481
7062 9042
2617 9141
7175 1520
8988 8153
2220 8458
5618 9035
1795 3327
342 4584
9629 198
9648 2426
7323 6723
9167 1601
4805 8
9397 2026
2315 3218
7705 3792
7903 4036
6834 35
1593 3987
4839 1992
3541 8721
8252 6526
9649 4879
5779 3489
7305 6157
9697 840
2532 8413
1429 7797
9731 5591
4381 8819
9034 1987
9479 4818
2643 9678
8264 7933
1213 6223
1061 2419
5200 7609
5874 1403
4590 4913
7539 9599
8547 2515
6000 5420
3605 4023
2143 6214
9013 2170
158 6415
2052 9250
385 3159
7722 7892
817 8451
9506 2453
7962 5100
7951 2467
6590 3313
4624 7920
6721 5947
4095 6115
8224 8668
4275 4770
2297 4156
886 5144
7702 6987
5532 6203
8510 7426
7444 9846
5409 619
6625 2344
1205 1864
533 5901
3465 6190
7714 9562
1433 8265
7940 1917
3210 1655
4041 1812
5063 1042
1495 8096
578 8653
1008 8237
8351 9072
9545 4622
983 7655
2101 2658
6034 2118
7975 4247
456 2661
1121 836
976 8820
7488 5068
3894 3347
4802 5185
4205 765
879 256
9168 3709
9849 8537
4205 8349
6295 7383
9764 478
967 7027
4666 8535
7018 9067
1667 1776
340 2435
982 9752
1006 1478
2165 4618
5185 590
1741 9696
4015 4121
6644 6853
3461 8150
1515 8831
9357 7098
8510 3735
5927 8932
2336 6728
8955 9454
6258 8924
3520 8851
2893 7935
5479 3
2788 1991
98 188
7264 9957
1621 2558
8162 4691
1967 2414
6763 1983
5931 4570
9912 809
759 2391
3429 4252
1543 4422
127 4100
4416 8103
7334 644
2815 9462
909 2860
8314 372
4144 9566
2732 6165
4834 6751
2645 7674
14 1311
4294 4262
6299 6147
7192 2752
721 1883
2136 7918
2301 1081
809 1932
7660 6240
7715 3961
6768 3629
9188 6739
5589 510
5285 4943
3153 6437
6475 5972
1814 3329
3042 8555
5932 9894
2708 802
3239 438
5510 8215
247 8887
6289 7135
6960 7074
2640 5478
6330 4399
9800 4098
3081 912
7619 4616
2918 9256
828 4294
7504 3094
3341 3589
2181 6374
4803 2566
4646 2582
8135 8976
8482 5822
1903 8995
5964 1322
8582 1973
2945 4905
8459 7235
9813 788
8742 649
415 6474
9021 7877
2321 7185
1509 854
4431 7366
2555 4090
258 1279
5428 6014
5655 3024
4151 4050
290 3446
9746 9486
3228 4304
5597 3985
3246 8522
1443 7037
1820 608
3999 9025
3595 2785
440 7298
3688 8382
5558 997
8056 5030
8877 2513
3505 532
1064 1914
6303 4268
1123 6924
7279 90
7785 450
6196 2048
5172 264
5407 841
6633 2988
8849 478
7157 4422
6415 1984
9363 5250
7552 4547
5755 7014
9021 2776
3764 9642
5593 5932
7812 4888
2522 7901
1182 1222
8800 8146
9880 4843
4333 8523
7724 5943
6344 2346
790 2832
4358 6072
1603 2154
7823 1226
5124 1266
617 4688
7508 4490
3208 9437
7869 3449
4009 9688
4611 7807
9525 1245
9191 8310
146 380
5115 2092
2331 2869
9194 1081
9710 4115
1415 130
5871 2075
2086 823
7800 703
4134 9171
2225 1288
6739 4406
7195 3225
7054 4646
2357 360
1015 9298
5758 3379
1274 4570
416 5707
7346 6373
2785 4836
5685 6139
3742 8552
3654 8668
1939 6212
1574 9534
990 5282
9487 4483
4489 2420
1292 9969
3706 5717
4765 7953
4643 4055
9627 7876
4142 7452
5834 4676
206 1012
7281 4018
2298 5525
501 9682
1899 797
6518 3443
8443 2181
9401 3345
3045 3180
3896 4255
7078 4719
1257 8096
2955 7838
4412 6242
9849 1936
7943 7614
197 4588
5773 5581
8140 9848
9856 1050
1218 7242
4616 9805
1378 815
4010 8009
247 8768
9037 1132
9191 9412
7753 175
4415 2581
666 5453
7174 9395
7725 1281
5760 6113
6484 3929
865 9167
5371 1844
3627 6564
7961 6597
2074 7405
3431 6625
1679 3385
409 377
951 7261
5003 4198
2932 9543
896 4292
4972 1586
6761 4341
3160 7865
5248 3857
9888 3408
2498 6433
1087 3486
3634 7869
654 1389
4833 1777
7548 2886
9067 3565
7389 7673
5696 5831
3736 3837
2610 4028
4299 6165
4834 3291
9858 1556
1023 5285
7488 3407
5497 2588
5464 8827
4595 6163
639 3309
1482 322
409 6001
9450 4363
6482 7763
337 7293
2390 5048
3909 2839
5614 3523
6405 6762
8272 1129
9791 1394
1117 3728
592 5075
5641 889
2265 7618
5541 2119
1539 7514
7090 5939
6393 6765
8678 6075
5970 17
6896 1643
9583 933
6195 5733
8543 2588
557 2061
9599 8232
1937 6863
3516 8640
7731 8981
2166 2670
1824 9322
1977 6117
3455 3641
5395 3182
6496 2934
7673 3499
7710 5781
530 8064
8247 4939
6531 1356
8463 5466
3098 6679
441 7497
3854 8877
9986 9822
9597 2170
7253 7649
1181 827
3314 9542
6019 3022
6239 5277
7993 6348
210 6638
1524 9164
7085 2938
6759 1721
5375 5293
7343 200
135 9618
8767 7058
4608 9995
6153 9495
7398 5276
6861 4105
2696 6244
8303 3103
6205 8086
2070 6721
3238 9681
5595 1108
411 2625
4411 1092
933 5410
5869 7763
8465 8921
6135 3718
3714 7287
4813 8427
4388 1081
8708 3394
1921 7887
7821 7543
3244 6291
7060 4183
267 1277
2080 9637
308 5250
1670 842
3373 5129
3500 9142
3312 6876
8854 6787
3501 3099
9601 7741
9919 1863
7300 8608
1509 9797
3938 6577
9660 4389
9456 8531
5413 568
5061 2597
7183 8036
5468 2197
9489 6614
5058 461
9208 2925
4077 3514
9605 9162
7996 2029
3667 1522
9246 6950
3248 7725
870 3757
293 7159
2815 1198
4387 6951
3564 498
6141 3592
3142 3478
6146 3936
8012 7463
1878 3439
1257 877
1183 1894
422 3230
2203 526
8485 7279
1047 5389
3084 4826
5632 6990
6017 4586
3902 5458
8353 4844
6901 5279
3143 8560
6932 1596
8317 124
474 2615
6008 6580
5229 8276
4825 1016
4492 8949
144 3090
7852 145
960 3124
3616 4821
6955 2788
9255 9280
4445 852
8436 1980
5643 9353
6076 9851
8192 7891
7490 5404
1826 1265
6915 6112
9086 6303
1202 6053
1876 4011
3940 9509
7808 438
8981 5728
9368 6137
6083 3451
5492 9399
6975 8987
5884 3507
6931 6177
5979 1529
3399 8754
5563 8003
8901 9532
5171 2029
7144 9331
6500 2813
8822 9360
50 4218
3004 7033
9845 7472
9251 6733
3072 5218
4594 9430
2483 4823
3915 3399
2792 8439
7943 4530
6809 2120
3651 441
9492 5906
1298 4905
519 737
3063 9841
3171 1911
9923 5688
1439 2292
7126 6499
2237 2686
8064 8216
4280 3631
9039 164
6198 7806
893 9299
5241 2851
1280 3292
1421 787
6459 2370
5920 7983
1345 3394
2281 6785
8165 8123
2415 3338
4251 4219
2224 5204
6625 43
1700 5958
8672 3911
9706 2441
8432 223
407 9153
5799 7585
4286 3129
2616 5849
2206 7671
2321 4211
6538 2676
7726 7537
5002 2932
3564 1050
2929 539
6653 9954
3721 216
745 6421
1604 8074
9665 5247
6110 4952
9783 8915
3503 5362
6543 1047
6876 9329
5952 4514
1162 4201
9140 2514
3713 863
2155 9237
1472 576
2678 381
2185 3666
338 6770
6058 8939
8097 380
6324 9058
2270 448
2695 856
3248 2237
9555 2
8267 7971
2673 1713
2158 1038
2593 966
433 2590
3511 2997
5909 8829
5727 6866
6690 6425
3311 2414
7860 3567
3768 8480
191 3996
5190 5880
872 1590
1567 4855
6520 8838
9462 6203
1607 4668
8345 1222
475 1890
8305 2089
5947 8424
9756 9309
2128 6999
9450 5038
4181 1721
2340 3916
9086 4761
7833 1168
6625 7440
8962 8603
7728 593
3065 5754
8792 4664
187 682
5616 1921
4714 1066
7611 7777
6971 6922
5004 4511
2888 9625
5703 3731
5454 2209
7657 2123
1846 3219
3148 8919
5013 6852
5056 2055
6193 5702
8548 1284
3028 2852
3783 4182
6795 559
4251 9885
2362 4159
9599 2383
8375 8122
8676 9053
2246 1998
1434 6055
1370 8780
6520 1751
3106 7057
5747 9412
5924 6830
3004 6780
9263 3602
101 4684
8475 9413
4192 1963
7578 271
1437 31
380 1746
6368 54
7871 9420
885 4887
8404 5453
6167 3676
4142 5525
7438 7552
9054 3320
6349 7359
2328 3356
1444 5524
2813 6259
4383 6001
3136 5902
712 5201
4344 4962
3751 1415
6919 8397
919 4898
6848 7470
7863 1786
4095 178
5247 9731
9832 2701
8068 4591
415 4173
5076 171
1237 8482
1357 5366
6823 6716
304 4113
7110 9927
5774 6336
5882 7101
7112 5543
3900 3335
1062 614
6923 544
6754 3704
7355 8014
9067 7691
1140 9057
338 6154
93 9504
3136 1030
4074 7850
6167 4186
6908 5352
7970 6839
7567 5668
1123 9066
9565 8331
5444 3158
8038 3977
8165 9414
1797 9949
5014 5267
5064 2644
3837 6688
6804 3551
3984 2133
5063 2126
9574 3024
5234 5162
3219 1283
1319 2309
5118 7202
1174 3648
3092 4854
6091 5722
3749 7864
4265 281
5245 5442
6779 6244
6094 1711
9658 7461
1700 9477
3438 8766
2256 7628
3220 6594
7451 5711
4515 2684
8472 7197
9628 4670
7463 1786
1852 8154
6771 6891
3514 4038
5797 1730
3534 4919
2544 8381
4691 3785
5293 6105
2200 5346
6304 6085
6360 8875
6715 472
5196 8508
8695 4744
6687 5971
835 7066
5804 3180
6075 7322
3886 6259
9488 4272
8768 5114
8047 2614
795 1897
296 2479
5508 9840
7801 9499
9588 5792
109 5218
9156 5869
8480 1799
3139 5584
5694 4718
7591 8053
895 1552
2528 182
5542 1853
9112 736
4245 7787
5588 7338
90 9153
3471 3145
7462 8474
2328 4150
1423 1829
9463 1838
8145 4037
3146 6997
718 5460
9331 5590
6743 6279
1197 4640
6272 3661
9359 855
6802 3826
9878 1154
4403 2953
2381 2067
9001 2278
4926 6148
4280 7205
1787 2533
909 5354
5446 7473
7897 3288
595 4440
9816 5887
1208 2159
774 3853
3418 1295
114 2531
488 4435
5207 6036
9481 2985
4199 934
3245 2104
6435 1520
4881 9370
5712 896
1437 7859
8545 1206
1564 6651
6171 8011
7805 3833
8331 7555
3198 8300
7622 4614
8334 3359
4512 6655
2045 4601
887 4049
9870 3224
8992 740
9709 3801
7838 5528
3047 6976
3410 9768
3706 6612
7152 7940
142 81
4233 6543
7514 3108
9659 4330
2322 4478
9980 7125
4623 5129
4146 4975
2124 6829
5083 3572
4817 2635
6190 4078
3806 6977
7782 886
8127 3550
2387 7818
5788 7912
1306 4517
1082 3577
8315 4540
9523 4418
2955 8275
2416 9458
4202 2897
4837 9006
4987 8721
5995 1866
4635 2348
3778 2956
8475 7242
8618 5601
2823 5244
1880 2365
2229 2290
6432 6004
7159 7043
2116 2763
9688 3421
6255 4543
6308 9802
8520 7779
5686 3568
3805 8320
7021 2504
9455 5815
8728 7930
1579 8129
8709 1006
8300 7668
4654 5757
9868 5580
3896 9727
104 1117
8653 1232
986 5935
5117 5114
2945 7667
8244 246
7673 1211
6011 897
3004 8247
5523 5509
6912 2732
6674 8007
6885 1811
2819 4976
8679 9892
8235 6734
1156 3205
7678 2615
861 547
7636 6819
5514 333
4163 4836
2680 1784
616 5856
5657 3765
9024 3753
2284 3891
3636 2996
7426 4097
9663 4090
8457 609
1865 7290
3543 5922
4625 7647
4912 8872
9081 207
5992 1489
1503 2336
2018 7131
9290 9254
1028 1962
5818 2275
5091 2441
6514 29
6299 104
9660 9201
4968 1058
5984 8845
864 2241
9019 7155
5072 7302
452 5414
4628 6093
2843 9092
2132 9754
6275 7452
4609 8416
3103 6629
5572 3279
3405 6701
1610 2825
3108 1230
4014 6930
1512 4919
2224 7599
1782 84
5021 8481
67 2324
1277 4234
8176 3631
1386 7560
257 5494
9738 8329
1771 2648
7659 4630
7182 46
6917 529
965 454
693 749
5471 1762
3888 1741
888 4142
4569 6505
962 5259
5614 3881
894 1863
4493 2201
260 4923
3777 533
8503 5557
6416 2290
627 1455
5508 4286
8806 9880
3460 2933
5440 5808
1150 7013
9700 6077
3807 947
7410 7
546 7020
7167 4975
1702 5247
1593 6243
8654 1501
5689 6633
9367 885
5791 1433
2737 7570
4548 2271
7867 7399
221 2362
5257 3899
9788 2231
8685 2369
7905 4658
8972 3365
1821 751
3514 149
3121 7802
8988 5295
4905 6830
450 91
6437 9249
3426 6866
7953 2864
1882 882
3315 5574
3495 4458
9770 1022
2654 2041
161 2324
3569 9776
1683 8522
5875 6634
9958 7085
9208 2423
9863 8016
6107 7694
1628 5028
8116 7823
4503 5106
5423 4554
4340 9020
8101 5485
629 8148
8036 4043
7500 6958
7433 1535
8216 2698
8462 1936
7961 5855
7646 596
1637 3922
4421 4636
7418 1900
3180 2329
9494 6469
2127 8660
1406 4699
6390 7995
2010 2827
1679 2764
1667 1212
7666 1076
5353 8120
150 7409
9343 4142
7930 6784
1390 2072
5318 4864
948 6342
1693 7213
3857 7694
6281 3901
4333 7394
8338 8420
8560 4857
4334 6572
8859 952
1591 6155
9263 9151
8647 4452
7807 6690
766 5897
6327 1923
3001 7601
9422 8878
993 4664
8192 2596
7434 9828
9406 7887
6023 8830
1433 4118
3171 2764
6844 5303
2615 4532
4643 6401
6534 2108
823 2388
6094 5448
2073 5646
9017 6735
8874 3690
4765 8205
9670 5960
5041 9951
1793 236
8661 549
4660 4072
8753 1535
214 3074
5539 1267
4880 7000
7411 3562
3933 2696
9121 8010
9430 8994
683 6154
8307 2801
5853 43
1904 2561
8301 5467
3137 1449
8411 4292
5992 7907
1164 9702
4489 6539
6864 9943
6971 3653
8911 7624
6688 3301
1926 2188
4353 2305
8165 2707
5341 1170
1670 9294
9722 4927
4465 7097
148 9862
39 8643
1498 5925
8359 7245
2640 3988
1545 5448
3923 4949
382 6538
1392 4711
9454 4479
634 9728
7067 7632
2254 5386
8661 8751
9604 4948
252 3395
9424 5246
7817 667
7333 2540
2854 3809
9221 8041
152 5150
2188 952
1206 7981
9232 8809
4300 1916
4515 3790
7467 2368
7840 627
3767 1803
3593 2175
1478 1327
4038 576
6653 6177
6565 6064
5242 5179
9891 8522
262 4971
6122 9924
7755 2138
5336 384
4317 8743
991 5036
5134 4306
255 3921
3701 4983
667 3865
5848 9432
2235 5483
2890 2711
3544 8833
8763 9259
3739 4578
4704 6950
4102 429
6922 9882
7285 2057
4285 1984
2519 529
3592 9870
5521 914
4614 4145
3198 3069
6064 6037
4665 9560
7401 4339
159 7205
3223 3772
6381 9477
2790 9488
5189 1464
2784 8919
8181 4958
4629 3877
7844 5272
6361 7175
9943 4577
1782 9940
4540 3512
27 7183
7572 1551
1451 916
9068 9867
967 988
3991 5296
1878 5046
2217 4512
3701 3736
802 4011
7800 381
6487 5139
847 4427
9866 6706
1353 6635
3357 1465
8846 7673
421 4561
8504 7155
3401 195
7537 6171
7148 697
9102 8767
1679 1264
2553 8207
7833 1739
4739 570
425 5848
2629 3772
2216 156
7159 5666
2288 1493
6357 2009
3888 5544
8764 7617
4137 6773
3107 8887
516 3643
304 1249
4304 4146
8049 9971
710 8060
8680 914
6278 2776
4177 1826
6634 3872
1752 3970
7942 3321
9862 1715
9051 9084
4149 1885
3126 2955
87 5694
1577 8705
8910 2665
4111 1485
9004 4700
678 6283
5664 8228
6320 9027
1845 7594
2517 7169
4844 7119
2848 5239
2306 1243
926 7674
876 3881
8261 2232
2536 7303
9117 5371
9501 5748
3695 3246
1470 6727
1638 8260
2278 8886
7512 3699
5 7600
586 2627
1539 6682
5196 8193
1619 3938
7852 4935
7904 6559
9879 4889
2294 4935
6265 7131
9391 5071
4272 7966
5012 3538
2317 8302
8272 5679
445 530
5894 3697
2567 3983
9461 8927
7394 7332
9672 1499
6098 2645
2734 3113
442 5601
719 8353
3849 1982
3192 2880
97 7673
319 8540
9181 4685
1541 1385
2537 5285
257 8076
7922 3529
5183 1955
9680 3443
2935 9882
9210 30
8555 4236
7309 3571
3735 4983
6250 7199
9586 3929
2807 2907
9620 7714
6158 965
4550 3331
4883 7183
4910 7286
5837 9137
885 2117
1830 6725
2011 8463
7273 5324
6435 6211
5884 6337
4743 7415
2537 6708
7088 1077
9049 970
7077 2416
2450 5019
6390 9851
970 4416
1785 4565
1095 3364
6718 5866
166 2793
371 7628
746 335
5175 376
2430 7763
9238 4009
6530 4367
9482 8799
1505 6106
2317 8007
7234 8095
8643 6014
2466 9527
4757 1418
7531 7271
8587 9007
2851 5783
4473 5981
4215 5945
4774 5643
3430 3918
2953 2798
320 3973
4035 4028
4389 6512
9312 524
1217 9853
5647 5164
8395 1495
382 8944
4377 3361
9831 9841
6805 3622
9404 6246
6515 2099
7607 6461
9428 9986
4299 3562
1459 5427
8422 8781
3696 6423
2520 6985
558 2703
5902 2141
1961 53
2676 4236
5086 3955
5628 9607
313 4454
1696 2909
6797 7544
8904 7454
996 8833
2866 1219
5993 8429
489 371
869 4564
3735 9481
9003 1956
5006 1050
5920 1619
8346 2854
4156 2950
1955 2099
5532 9094
8644 8331
2770 999
75 6746
9822 6317
4627 1000
7385 6909
2101 1106
7171 1961
9569 6810
9575 6332
8857 3312
8645 3658
9232 7161
1383 1499
2475 3912
167 6870
6302 6100
5246 5330
8086 7077
4466 2186
736 870
4476 4860
8686 2383
7204 5908
3226 2275
9389 813
7195 1658
6195 4661
8151 8411
6000 9855
6665 4058
7197 1438
8563 2168
4325 6798
3881 2327
1095 6936
1112 6351
7112 1781
7213 3782
7972 3807
9816 9265
9998 6798
7531 8265
3513 5957
7572 5822
7053 6920
8516 672
1208 6705
8998 6539
2370 5915
524 2811
6768 291
7910 3050
2749 5682
7766 9192
1267 2037
9715 6072
7944 6983
6922 1108
3109 9408
2345 4057
2216 1957
9495 7466
3073 6193
3372 2813
7503 8445
9017 3640
4956 4705
117 5668
6728 8570
5129 3549
5969 8895
1688 2043
5564 215
2806 6616
9507 7718
2664 7435
5471 145
1190 4553
9958 5789
6611 9809
3294 4461
9180 1967
504 7904
8210 1328
9409 5853
8194 337
6224 2839
1750 6475
106 2502
4123 9244
3849 3528
6302 9067
8518 5537
8633 8456
7905 2570
3489 6110
1302 5911
6617 4877
3769 6393
3520 6628
9072 3026
5564 591
6809 8201
6378 8917
8148 3846
968 4695
2821 7758
2787 3680
5125 8249
5889 243
9778 9725
8989 116
1227 5750
3902 519
3945 1091
2647 6423
5112 8293
1571 4368
7012 7617
1517 1099
8910 8467
1854 6908
2888 2469
2108 493
8271 3003
121 1816
305 176
8000 9306
5039 328
6264 1809
6729 1414
6109 4150
2050 8028
7008 8679
951 8056
7422 9450
3079 7611
5312 4516
7533 9961
9871 4667
5858 6904
6909 2634
3335 8476
1740 5708
7194 2803
6657 3618
9353 8124
8580 5168
9502 9644
3749 8466
2923 6438
4725 1807
9384 4791
6535 3224
6415 5788
9171 6669
4886 341
4405 9278
5735 5655
2092 7462
812 3766
8402 2492
5711 7634
2768 2204
9507 1841
4068 4566
8746 696
9907 2714
3522 3080
1030 6446
8117 3154
1952 3752
1788 9013
2956 3608
6856 905
3373 4125
8667 8401
3399 6514
7184 7271
5007 5545
6130 4827
5769 1172
108 1798
5477 4447
4224 9485
7641 5911
1782 1368
930 3074
4317 7205
4372 496
8230 9810
7378 4117
4318 5979
257 6778
429 6067
3097 7064
2517 6489
7015 7569
5843 4867
6034 2220
7603 5524
9354 6590
9400 7460
7506 5591
589 929
213 6011
4146 4717
3698 6018
1738 4549
4079 4663
9373 4738
5522 917
530 8054
7584 4585
2368 5332
7352 6413
3653 8059
6141 5971
7820 5471
2746 444
3652 6144
4507 2457
1058 9462
1492 1352
3912 6714
8353 2443
3695 3747
3347 8662
6469 2925
52 4470
2125 5587
9035 3416
657 1840
3121 5582
8015 3737
4150 247
1541 9215
8938 4651
7612 8164
1060 9585
8961 2834
4250 599
2580 4302
1704 467
1364 5731
2281 7123
8742 925
8058 3676
9625 9122
4943 9803
6631 721
1121 8898
2423 6425
9759 3874
7226 3001
7838 7995
6811 544
1943 6202
4594 7821
5459 4327
9581 1737
7271 4622
8721 4262
3712 5753
6972 2195
206 9514
2122 8698
4909 4691
2281 2009
3823 2672
8396 9403
2341 7658
5524 8347
3535 7638
523 940
3710 6178
9352 1109
7340 1436
4096 8321
5745 7420
6254 2571
9172 7715
5676 2365
1128 8496
3717 6460
5472 8951
4116 6465
2760 5669
5351 6217
970 6072
7496 3238
2416 2597
3742 9378
1963 6264
3243 6432
2214 6519
2403 5223
706 6120
585 1400
6379 3518
445 6200
6336 6036
4832 8725
2834 5981
938 8469
5817 8073
8432 9473
6673 7240
8603 4107
9283 9464
2747 2952
8272 6343
6321 2708
4983 8641
2701 2203
4441 1124
8546 3549
9188 801
8761 1259
1775 6589
8 8962
6284 2947
7395 943
4151 769
6153 3137
3729 1948
9958 1779
9159 9912
2601 7583
983 859
7036 2945
6781 8317
281 4495
8094 1307
5874 702
2959 7412
3960 9966
4969 6194
1940 4925
2202 6093
5760 1475
1420 5569
8101 5790
1671 2707
7201 1561
8221 1361
6478 2105
8473 9984
7243 8095
9490 7113
226 7696
735 3372
2991 9528
8349 6915
4933 3251
5764 3408
1959 4399
1286 5582
5188 6924
4629 8623
7791 3776
3138 3926
3229 9706
416 6601
3993 4211
364 7084
7963 9602
867 4672
743 4902
3507 1177
3935 5559
8695 5966
8029 1675
2260 7871
7358 4890
3297 8133
5210 3370
299 27
7191 9328
6842 543
6348 9053
2496 2607
6763 4865
4798 1332
5711 7449
2751 4065
6016 9482
4443 6473
10 3428
9764 5146
994 1356
6745 852
9071 200
816 4063
206 3087
6436 4833
1794 254
8932 6807
8987 6514
7276 1548
7114 9888
6781 9419
9564 109
2287 5721
7391 4918
868 1607
4715 8463
2762 6135
391 5361
4996 3642
2108 2349
8400 6959
838 3542
9400 1906
9506 8223
7823 5571
6914 1559
4022 9192
9927 9542
9101 9463
8141 790
5183 8298
1255 7226
47 4867
5320 9242
7629 736
2436 8849
2789 1245
3350 3527
846 5378
486 9236
3372 2764
106 2306
1377 6182
2621 2307
5883 1074
719 9824
2851 1722
7883 4012
2665 283
9915 7077
3626 6148
8337 5121
1809 3681
4594 3314
8260 6106
5114 2037
9882 1544
2577 5108
4124 4452
3939 4406
5597 9445
5621 1437
1304 7723
2085 3104
3015 9656
6881 7369
4161 25
2842 6466
6173 7053
1073 1825
9242 4459
5380 183
1102 3465
2688 2737
1309 4697
7779 3392
7507 9120
465 3258
9947 1888
3273 394
2192 1752
8862 6281
3435 3839
1792 357
9639 9319
1048 3471
9594 6809
6347 4415
3967 6036
3833 2838
6134 6522
40 7000
6869 2955
2827 3030
8242 6549
3233 9050
5271 6911
2504 3693
778 1637
2071 5797
9371 7982
3071 4679
8103 324
1902 1265
3942 1387
1764 513
2434 5677
1929 5690
1478 5525
6825 4443
1384 7058
4427 7444
9282 2224
8387 96
1048 8277
6702 818
9011 1357
1775 4297
2742 1605
1099 3519
295 4219
9424 479
4948 9896
8190 7516
6696 9001
3887 1814
79 3288
9950 710
8905 8666
8481 2188
8620 4518
1266 784
5133 8787
1274 5600
9909 9690
7133 4666
8559 3949
1835 2863
3314 1026
2234 9964
3674 5210
5721 676
9219 2194
2647 1852
1590 9983
3641 495
5639 6356
2926 634
8170 9519
3416 4699
3506 6807
8518 5772
4399 9010
7386 9824
2726 8803
8531 7633
1891 4740
6134 1208
487 3489
1342 3185
7945 9643
1 711
1047 2779
3597 6938
7423 5747
5752 7828
714 1034
4842 6331
9432 9215
6002 7831
5750 8815
8004 2773
1452 8560
6340 7718
2623 6836
4557 9558
7618 4134
6325 9810
8818 3636
4341 5769
9208 8517
2894 6777
485 9683
8812 8931
5448 9887
2733 4873
2916 3008
3185 5384
6202 9982
2775 5220
9809 7471
6900 2820
2741 1327
6674 3231
6600 4221
9041 6673
882 8662
3628 9350
205 8945
8550 922
5119 5766
9964 6540
2825 4946
397 5853
2329 2564
2582 2744
8593 5880
1979 5834
1483 6421
2278 4669
8267 7292
7713 3737
2946 8740
2970 8868
8537 6069
4712 7899
8163 3155
9140 7567
740 8447
6916 9930
5342 3047
2416 3448
132 9732
4652 1819
7956 8167
3033 4026
3227 4077
7860 205
431 1518
1697 620
1771 542
4919 6606
1187 6641
729 9735
8080 8179
3836 2966
7488 8304
804 7519
8018 1824
5529 6427
6883 6359
3039 3975
371 7115
8248 4622
2293 2815
4991 1540
2628 9709
349 6952
3132 1291
4842 6749
6235 3677
2042 3354
8592 611
8507 6431
58 6372
1229 477
3066 7208
9391 183
3744 2693
6529 4504
5122 5877
6942 9517
7714 3617
5021 6993
7484 2374
4786 9607
8657 3234
8298 7731
1445 6760
9660 2828
6468 7540
4744 6348
8553 3527
879 4807
3111 8132
2300 750
6563 6730
3404 19
4374 1237
5069 1570
4547 936
5505 6301
4988 6011
3102 327
5431 3319
3717 600
7278 9048
6664 783
5870 6520
4094 4643
3438 7456
5864 4490
4700 3635
2675 3269
5634 5233
4340 7264
6179 8968
2791 9042
689 8429
7451 7555
5893 3363
244 2794
6653 6794
7279 9700
4787 8370
7135 7211
4265 3535
1293 5281
3123 2210
4711 2346
8911 1396
1015 4290
9547 7959
340 7349
6286 705
6032 9685
2252 4576
3124 5939
9664 34
5499 9572
8665 1461
4979 8782
8474 2418
404 1749
923 4529
2774 6728
7916 555
7129 4871
2234 6262
57 8700
9864 445
469 8644
4594 1895
1912 4346
8075 9071
7332 5351
6621 5488
4286 695
8957 3568
5678 2767
7128 6874
8625 2425
675 2575
4324 290
6297 9578
6051 1709
7384 9395
3860 7137
2245 8561
8635 8081
3544 3639
6109 3232
4853 159
979 3228
3202 1660
1803 2214
4700 4266
8283 9211
2808 6809
9595 7197
6787 7617
5127 6117
1684 3811
5714 8048
7937 4494
4703 6728
7541 1232
8568 4482
3843 6513
2465 9866
6907 2299
8035 6355
627 6559
1217 1140
2695 650
6494 4991
9854 92
4150 6040
17 7165
7658 1012
6004 5477
8342 3859
423 5308
3550 1672
922 8331
8848 9975
7807 5807
8884 4155
5186 8241
4116 339
9561 6770
34 298
673 5617
5100 5878
9468 9171
8183 5168
3032 8525
9166 4147
1540 8851
1110 1161
9380 8048
8430 2012
7646 1378
9920 6191
7367 9547
979 3980
5927 1432
1620 2027
857 6205
5687 8024
8077 8259
1437 4134
2806 7084
464 4796
9392 7482
6935 7651
3523 2709
8481 7561
4300 1583
250 5217
412 970
4886 2969
6624 3830
5779 3775
5457 5939
551 7666
4665 7467
6208 1148
4468 7825
5533 7920
8284 5717
3992 6849
8627 8271
728 5003
2498 4850
6055 8904
4194 3536
7643 143
1921 8932
7969 313
424 4713
7761 7719
5139 3162
6396 9089
2843 5191
7292 3979
8456 7463
8771 5259
9628 7805
8439 7940
7850 3344
6131 4482
3978 9263
1824 610
6106 6640
2544 2885
8286 2598
4144 6643
8499 2598
2227 7500
5995 6664
9869 6941
785 2207
6573 5594
6664 5941
6196 9808
6781 6526
8192 5043
7206 7227
7388 6975
4305 7621
7778 8557
9308 121
2298 5057
6678 7458
6492 6544
1189 6878
1655 8105
7909 1843
4173 7586
5330 3483
9271 5019
4142 8165
2681 5855
7602 989
9568 8130
5554 3120
7613 4302
9098 782
7712 8216
8403 7804
1866 6581
3285 6908
9100 1996
4411 9871
429 5567
8873 8369
6320 7618
6939 8121
4038 6364
4079 4150
2188 6982
4619 9793
4977 3085
1315 8814
3441 3341
3960 1196
3249 6325
1595 8050
3331 5051
7898 5551
7268 954
1274 4854
4965 7410
9507 6160
7901 9390
2712 4376
2316 2161
7980 6421
7278 2702
6411 4837
2651 3090
5333 2036
7769 2939
3738 8313
5355 9113
2409 5893
7538 6426
6170 3849
8315 5071
2007 665
7634 5087
3401 7580
6025 2155
7156 7677
4820 1262
4726 5276
3704 155
445 9041
8946 1760
4615 3230
7767 6555
843 4886
4475 4647
6157 3627
184 9616
9096 9325
2931 7708
5498 5913
642 9676
8574 9859
3067 4041
310 3460
9302 9514
4710 9482
6688 7292
7885 9004
5351 2308
9912 1337
1799 6219
1527 6699
4648 1555
4166 8456
6946 5722
2197 1246
8959 8020
3083 9475
395 6779
1797 9677
3063 4578
863 5083
9736 2400
601 1407
6587 5910
4081 9112
271 9759
2544 5531
8955 3942
7322 2343
6608 7955
9585 5277
4490 2342
5133 270
9585 6445
8733 7626
9566 2002
363 6436
3295 3113
3322 5690
5966 2314
6320 2546
3849 373
1541 2099
7196 7549
5694 3023
8565 1905
4998 4488
5214 7001
4663 5437
4387 7717
9179 263
3112 6351
5364 7699
8388 9038
7768 1453
2337 4261
1282 195
8171 1577
3166 5927
4177 4473
530 159
9306 3434
6535 7156
7251 156
4339 4922
5303 1178
2281 9711
9968 8141
8629 7248
3849 3193
2441 8882
8828 5135
4996 8201
5262 9111
4212 9553
6273 9384
3909 5351
8446 3757
7293 3549
5104 2486
6470 3741
2609 6557
7707 5525
5106 1256
7141 2081
8199 9599
3465 5431
2954 2475
9542 519
5813 8702
2048 454
3092 5334
8893 5213
5464 4468
3153 5960
5676 2846
7697 2312
9378 9698
7828 6407
8779 4414
5763 492
8249 8157
5453 3713
9546 651
8485 7508
6678 8762
3063 8150
7824 1346
9618 7185
2424 7116
7232 6022
3247 8846
263 2890
7961 1701
2544 9103
3213 8444
763 961
4269 2303
4725 1122
9970 8660
2408 7229
6329 448
7405 1604
5700 1445
7396 8991
544 6407
65 5884
1034 4056
5863 3314
6848 5335
6929 8212
7966 2287
854 3307
4288 4810
402 702
899 1508
7170 3292
6408 754
1819 2417
6651 1909
6630 803
1592 4589
147 8410
9018 8576
56 2630
4206 1859
68 2640
3297 6828
2018 5986
3141 9735
849 7002
1807 8957
8370 1952
4003 9326
9175 8280
2478 9017
5227 9185
41 5903
1424 9956
6093 7764
591 6491
448 8657
6841 5937
3118 5563
6619 7581
2654 4116
7590 8684
6695 894
8904 852
3036 3925
7415 8804
5185 2785
6920 8044
480 6488
2796 156
4793 1214
1763 2982
890 8049
2916 8559
9192 7011
9080 4060
8964 4114
2923 89
5083 7998
3093 8313
57 8088
2253 7289
8464 2148
9033 7489
9910 3332
4071 4854
8761 3768
3662 670
3969 3530
3416 9245
779 852
3984 1071
1499 1178
330 8381
9385 2440
4010 5409
6838 3655
7631 5506
7949 8296
8740 6058
3743 2971
8061 4457
9627 4834
5292 4576
8042 953
4779 9360
665 7115
5076 8829
2237 9936
9823 3847
4606 1188
9403 2443
3427 5717
1264 3889
3043 2573
374 8521
7135 9903
2920 3405
2012 6677
1647 9962
4675 9545
3887 3608
2640 89
2405 6379
5716 9697
6948 1567
1251 8686
6794 5301
2688 1190
893 2683
7757 5469
7270 921
9383 8755
9037 1702
260 5106
953 603
7298 9506
4192 6822
8649 2761
412 3110
6509 7481
3497 7842
868 2343
3798 371
4903 1033
8476 6337
6075 6852
366 5515
7759 8682
35 7566
6444 3164
4902 3669
9292 4277
7248 1417
6839 1892
3650 8070
159 3064
7146 8953
8085 1510
2630 4190
4725 5325
7152 3227
9422 2148
9980 197
3305 9324
5177 7004
2126 4256
7479 4911
1477 6964
1520 1184
6608 107
3916 6337
9217 5176
6717 2265
2732 4335
424 6061
9443 6879
7559 3520
82 3853
1381 1146
4445 6573
1728 5391
5074 6781
1777 9188
8904 2814
1016 5828
2955 4501
8878 9214
1022 4596
1056 6395
1328 2653
5963 8047
271 6125
2607 2182
4374 1795
8295 3645
8116 6154
7061 331
8303 8195
6030 1577
5546 710
6482 9285
3775 8562
1067 3965
6313 3097
3434 1587
9148 70
3673 1869
5268 2422
5589 7203
1867 5977
3340 1171
9173 5432
3915 4785
5370 9236
4944 8081
8336 5911
5191 81
5472 508
5960 5924
3276 4690
340 2646
9187 240
1362 1388
58 8595
4272 4133
6954 2288
8435 7731
7244 5016
9457 1942
8662 6811
8483 9320
6772 8067
7812 1164
1050 1772
9102 3821
4173 1363
8098 2137
8557 207
6091 2313
232 6630
5663 4761
9580 7889
8021 6239
8245 3503
5096 4613
9976 6024
5824 3258
4296 8128
3260 8734
3413 7515
6165 6934
1539 7668
2000 1876
5890 9331
1566 5556
3538 8570
7705 6662
1859 9191
389 9313
8402 817
4575 4752
3059 5953
8778 7520
5648 6657
6405 1681
9388 5988
395 7522
2181 9363
878 1748
8806 3502
4140 2730
8516 5160
8336 5724
5011 192
6498 165
1075 5308
7451 2907
9975 3960
6620 1703
2621 4629
8660 1596
8381 6382
1894 1038
4120 411
1346 6831
2843 433
6571 7072
5153 8138
1727 9906
3668 9406
1456 6410
3966 3098
9297 6209
6506 2634
3159 3005
3749 5436
7079 2617
6812 8423
5996 9069
8150 3200
9441 4510
4895 6772
5272 2329
9965 2709
840 9803
6017 1665
6956 9986
9752 7260
7371 1634
8797 7562
1168 6370
8296 7805
3732 4048
8618 9024
691 7909
4254 3864
5129 5259
4909 1580
3652 4469
9730 9056
5480 3503
779 1956
1888 9971
5267 5610
4021 9412
9613 779
4561 200
3752 3774
4402 5088
888 1081
2551 1805
6824 8244
4769 4966
4437 3180
6570 7051
6746 1800
2741 8587
2203 1485
709 4367
960 1734
9902 908
2806 8581
5627 3633
2891 8359
7679 6798
365 4449
7042 7409
2615 503
7889 7776
2930 3224
7549 9842
3864 4970
4041 2159
9235 6204
1253 3662
2255 4640
1897 4666
5551 9370
3557 2167
647 590
918 3793
2912 5812
6504 7194
8904 8669
1273 8865
5190 7563
1077 6711
3135 4810
1146 6316
7950 8563
7865 4254
4678 6075
9158 9646
2688 3946
690 7618
7567 3550
1863 7512
5369 4653
9756 5744
9575 5440
7078 5493
7802 5258
9524 9824
2812 5823
8727 2606
7266 296
3219 5689
397 4979
739 8126
6379 2193
6640 8421
3684 275
6329 9956
515 5119
6062 3196
2598 3248
3069 4819
7738 9043
4419 9476
4883 7661
8990 333
4442 1243
8815 9606
1712 9921
5590 6476
7281 1075
4999 8223
8531 4599
9264 5416
191 1854
6682 9828
7544 4868
370 6700
5093 3576
6094 1929
6193 4123
6143 4531
4543 894
2590 6029
7982 7430
8188 9750
6633 3146
2171 9280
4611 3280
7878 139
2260 9766
3911 9433
4437 8725
9606 3961
5180 8769
2933 1120
8777 8280
9055 9456
5060 487
920 7638
7465 7032
2570 6437
2547 6719
4863 3356
5311 5438
5751 7467
7179 5628
7788 8890
4408 2668
9303 5249
5333 6890
257 5200
8678 6594
3107 3501
7131 8970
8643 9754
9592 9903
3190 9807
5566 6495
4919 6913
5347 9309
4841 1974
5286 6562
3123 3980
7736 3199
9550 4550
9908 4029
5371 9760
2305 9656
4600 9617
1861 8447
5474 3765
5847 3044
7337 1625
488 9404
6702 6712
9513 6775
3866 5084
1048 6479
9582 8302
8575 9609
4239 1101
8841 6318
5658 5400
6731 1118
7466 6182
9465 9070
7069 6253
8063 3139
9449 7490
3288 1148
7301 3755
7027 1008
4771 184
1546 2238
8612 8686
2775 2441
1100 9247
447 5686
5425 8450
5690 9916
7161 2297
8139 3147
5331 4321
6113 7740
5560 8759
8698 7985
7177 965
1486 9296
275 1270
1264 6968
5011 9456
2650 7118
3959 4870
2639 8457
4585 8301
514 505
7635 2422
2234 4207
6587 4482
3667 2483
6017 8567
1963 1879
2681 9972
4377 256
8802 6069
8664 8350
5534 8948
5415 7307
7004 1629
2029 6905
8347 133
6091 4035
8465 9924
8166 731
3093 1527
1804 8894
9765 8344
9812 9624
1783 8956
7043 7757
1982 7624
2481 138
7419 1103
2165 3544
9467 5775
3169 6783
9251 4164
4889 6284
6181 1174
4919 6163
5674 3063
9963 3094
4178 5899
1447 6539
3463 2655
5248 9492
5802 8846
478 5859
1878 5944
1518 3157
7543 8177
4805 5889
7877 4495
8823 209
2523 7937
1131 5269
1986 3797
9151 1852
6469 8770
7310 9120
4741 4160
4276 1357
2349 294
6020 4184
689 8657
4891 1889
5129 8591
362 6986
3913 5856
200 9553
1829 5260
3744 5754
5320 1635
3090 800
6124 2857
205 2959
3745 7561
9934 7091
2420 8818
8408 4157
302 3269
9457 5934
2690 6235
3836 3249
2430 7062
3825 2831
8780 9398
1682 5627
6229 2735
4011 4418
122 8936
8190 901
3771 8903
5445 4087
3220 2613
7623 6452
6374 120
2544 1835
9185 5367
7662 6380
3268 3852
6124 2160
1898 2892
2046 7193
8892 8942
6613 7168
6962 7093
8890 2867
3279 9235
7556 4304
5016 540
425 2571
4199 7865
7983 2018
1240 8503
4848 4231
9073 7246
4668 4529
4556 1615
120 5964
288 3333
9521 3851
3204 2365
5588 3115
6092 891
7113 4097
9086 1829
9361 3754
3602 5794
4624 298
4746 1981
8601 5692
8659 3189
3809 9921
1526 8994
4246 4031
9197 7150
1309 8178
3583 6841
1180 2062
6357 7739
1719 2047
8260 9842
232 8904
3988 595
3143 503
5643 8517
5106 7117
2124 4432
7090 312
6573 2237
9880 252
8482 5582
6100 8325
2550 2446
5973 1575
4434 6027
873 8132
9230 7811
2879 7236
5265 707
3955 781
2140 3406
5631 4211
7334 2082
881 35
4799 3765
265 9565
6430 7920
1713 9317
6415 105
3904 9608
1036 5813
2748 9102
9684 1736
3254 3046
5344 8947
432 306
6694 7225
4119 8341
3773 5718
7221 3709
2252 913
5954 8354
9701 4655
1860 4775
6234 9576
3922 3747
1827 5766
3599 5723
8798 1067
7316 8268
2939 7370
1876 1457
8336 3931
1863 966
9765 3219
5697 3305
3560 6670
277 610
1667 7
9873 9353
776 7649
6878 1747
2267 682
6305 4100
7074 2332
4913 4549
5082 9956
8073 8637
3241 6378
3408 3108
534 1188
5379 6163
759 7722
243 746
9222 2431
1138 5274
614 1827
6054 1498
4321 2930
6317 151
286 5933
2347 5764
4711 3381
8305 4836
1385 657
8045 6417
2026 6352
947 431
8242 8688
7916 4731
4091 6790
7302 6494
9065 2201
1413 5980
201 4640
8889 9559
8366 7303
9519 8679
7456 6035
564 6799
554 1910
7331 6269
2885 1336
1933 9520
1546 6859
2405 5314
1641 2932
8771 4440
9941 6049
1049 576
7361 4872
2545 369
6696 1449
950 7629
7920 7724
7116 9656
4783 9137
4016 859
6700 7462
9403 4545
554 5306
9454 5944
5395 4618
6177 7808
895 4552
3023 3390
7816 5923
7477 8443
660 5180
3789 8750
2163 3929
1579 8604
3133 488
1432 7093
5799 2119
8226 4222
3534 6430
3658 9391
7146 2048
5280 8091
9113 7842
4223 1929
4780 5001
9168 9471
3638 8594
819 7172
5633 5856
1229 1822
7603 5239
3179 2014
4161 8756
5934 9352
991 7777
6240 4699
474 3057
3784 7759
774 6732
6336 9776
6170 3822
5822 8774
1243 13
1855 9400
6388 6152
3861 8477
1098 4735
7818 8331
2563 9608
4117 1529
6442 1140
6095 9138
7062 6483
7324 9341
3508 2360
1988 9269
7972 6115
9183 5510
5045 7109
3295 6911
2839 215
1730 7432
1950 1056
9496 4694
8532 7391
4886 821
7038 4409
1918 2006
1332 7773
797 30
1555 9013
4461 6913
7276 5220
2389 5011
2411 8705
8579 7358
3714 9086
4476 778
6788 6341
3011 7165
6658 6231
6031 7530
420 7519
2598 4717
9471 7094
5226 7776
823 3708
7879 2823
4797 7370
8401 7594
2205 477
5850 931
2343 3565
6039 3607
5373 777
8096 1710
8408 6671
4025 7914
7719 7092
9426 6425
4620 7565
9728 6467
371 9562
5453 6785
8782 5542
5936 7656
6963 3029
6032 7889
1942 6496
6787 4264
7284 5070
3444 1344
176 8690
4198 8636
8 7830
2631 2934
7839 5975
2600 8953
6803 1333
8284 8954
6352 1168
6909 6189
7110 8165
3488 8597
6516 3225
6392 5670
7297 1575
7684 5175
3255 8251
9144 4042
140 7962
8681 4052
3810 4568
6008 8834
6033 7026
8001 8615
1229 8535
689 8527
3055 2312
4701 4079
5702 8094
2885 3298
5051 3145
3953 4630
757 9829
9511 9181
3890 5742
4955 5019
4075 1708
8378 4148
419 6693
5665 5825
6344 9826
7867 4612
7480 4166
7232 6316
1910 2880
3428 9602
5508 9675
9605 1659
3552 1495
3777 6043
4750 7781
120 3256
4328 9714
6200 8333
4863 1134
9532 9788
2495 6256
3474 2901
2195 8704
3676 3264
6888 8855
8648 1110
3426 120
65 7238
99 4378
3077 1629
2156 4467
2173 1788
4588 2605
4240 9735
3722 3622
5676 617
4521 336
1893 1855
5265 9650
1953 445
6913 1398
8793 4335
7088 3092
6730 5784
7065 6528
1826 6123
6420 8712
289 8369
69 3936
1324 1388
1175 541
7867 8734
1821 5348
4634 4023
8099 6761
4186 8707
2283 3837
7914 6981
1871 9491
4421 1636
2373 8160
1358 1012
2930 2372
4499 1475
6689 5328
4713 9513
4890 9146
8506 1500
684 7312
7988 4543
5157 3259
318 2007
6474 7510
5727 113
9797 3749
549 3596
7259 317
94 3955
5503 6232
9851 1770
2521 8458
2533 7529
3331 9724
7324 7249
6558 7975
5538 1917
589 3237
3328 4178
3176 6295
6337 7868
9480 793
7730 5550
9151 2274
5308 9389
8302 4958
3254 6070
7584 248
4637 5693
3506 9445
2900 3219
2768 9452
6482 9511
8216 8947
2344 493
6764 1798
6219 1180
6201 6007
8679 491
9315 2624
1240 2843
4667 4121
6643 5830
6278 7129
3667 8100
7856 9435
8657 2516
9560 5959
155 1170
4799 1917
8138 9535
7901 9070
8137 2665
1483 5287
8952 4800
3737 817
2737 3820
584 8638
6091 7774
3579 7061
8231 1253
660 2217
4689 7801
3828 6718
2021 8201
8469 1246
1418 8167
8009 2722
925 5036
5061 3364
755 4561
294 968
3354 7185
8014 743
1983 109
2472 6689
2954 7106
4824 1707
9168 6629
3325 862
3453 5972
5450 4061
8186 1055
3284 1504
3775 546
7945 9745
8506 5877
3834 3341
9338 2243
2934 3313
6977 659
3763 428
8880 3085
4885 8345
589 2942
9246 4576
4079 3522
1061 3166
9062 9599
7983 9340
5602 7878
4210 7425
5622 882
4768 7423
3059 6997
5 6947
2067 8400
7025 8031
449 1447
5968 6107
562 2556
2367 475
3946 5221
7908 9812
1600 7658
9778 1444
198 818
7952 4634
8602 2272
530 2725
2352 2008
4104 6682
2204 2524
7113 6989
2876 8286
9856 9069
4507 390
8627 5604
9694 4311
9496 3838
9710 8456
5226 8893
4684 7378
3502 5193
2834 5966
5041 5851
1309 8855
9048 7475
9354 4778
1615 5929
7421 3412
151 1779
7382 4359
2777 6492
9723 1992
896 7531
9196 7467
2601 6266
1052 5829
9935 8035
984 4611
5139 5167
8926 4573
5513 4627
6473 4669
3666 8926
3 6617
980 9043
8688 1897
334 5670
5939 9313
6277 943
2032 2150
2321 38
6158 9064
8278 5826
2662 1499
7204 2501
6679 5797
4331 8390
9324 2875
9512 5326
1781 4086
4119 8884
4487 2406
8919 1779
3972 9396
2585 9021
1818 477
4118 5020
8816 7959
7632 3971
5629 8548
770 9596
5422 3788
3140 8950
6528 5870
7221 2158
4949 8974
9854 3346
401 1778
3021 7457
4382 2181
3389 1962
1095 9248
7206 5152
5507 5710
6416 8675
55 5426
9621 2478
6806 3353
249 7399
5590 2567
1795 8706
8419 1223
926 1612
5736 7990
9867 7206
9531 2561
310 4726
5579 2041
7890 2535
6090 4731
6207 7467
787 1803
585 2608
1894 5278
2002 2071
3842 2199
6709 2093
5586 1010
6267 4377
157 1649
6459 1285
6622 6941
9301 5616
4963 6107
5244 1138
5861 4224
6750 8523
8220 9081
4847 9436
2918 9761
8276 7148
2287 95
1084 4496
4817 5063
6582 1634
4217 7175
9203 9349
5519 272
1007 5831
865 6421
9437 1824
3946 9048
1704 3958
3614 2122
4469 6874
2645 6461
3314 1372
4693 2795
6415 9347
654 6322
8364 40
1010 4156
1120 86
1992 281
8158 56
4997 4081
7846 7634
4228 6788
9835 944
6780 7085
5235 1694
2195 7177
9471 7019
1106 9879
1727 1824
5551 4495
6677 1308
9237 2543
6048 3500
2419 7191
9666 1902
3112 7872
6546 7914
6152 1342
3342 8105
7557 4511
6669 9189
2247 9043
1521 1961
4141 1261
3740 917
603 8453
7318 3303
143 5728
2538 1234
8298 2048
8562 2057
1963 1124
1524 3706
416 7701
7644 5580
364 829
9683 4016
8235 8357
6835 9211
5431 7435
3714 7535
1810 8856
549 1009
7140 4195
4056 3219
2103 743
6729 2116
1990 6464
1891 5704
7703 9677
3785 7307
1805 2
5182 1496
3774 2230
5723 3769
5067 2152
2098 5889
3028 6439
3064 2420
6886 7940
9144 8544
3954 3342
111 2314
797 9472
8598 5523
6957 9927
925 1255
3900 5149
9483 4869
5689 4255
7080 6735
1503 831
8392 3445
4673 8640
2324 7359
3434 286
2533 2514
2736 5317
5618 4617
5840 1283
2316 4502
1450 5519
3125 5543
4988 1188
8244 2621
9748 5530
6757 9478
9467 5517
4654 7435
5886 5721
8833 9580
5975 3026
6799 26
5174 8639
4904 6334
4022 5165
3354 8907
444 4849
9264 7938
2407 7491
6913 2154
3132 5717
5689 1248
7330 2671
6674 9456
4891 9081
5997 8167
9223 2810
2320 1493
3727 5718
380 3386
9822 9491
4529 1387
650 8350
4445 1689
7526 1576
2250 2309
1021 8643
5083 3787
6742 1063
8388 386
3725 2100
2104 3773
227 4288
2157 7571
2349 3311
3245 1648
8859 3125
3878 248
5805 2065
1207 1922
5741 94
5264 169
9697 8812
9031 91
8698 561
9565 2361
710 4391
5581 5595
4687 888
484 557
3280 2786
2335 7159
5377 5428
6913 9538
2790 3538
4374 8133
8104 64
3856 2020
1502 432
8108 9339
6001 8611
5401 5906
9644 159
4984 9001
1739 5448
8981 4016
8656 2270
9784 1078
3970 4643
5381 1174
8846 529
7643 2715
5349 3622
9152 9617
2824 4330
2897 7060
755 1908
1735 7032
8225 2289
2121 2530
3640 5010
5532 8001
6528 3041
1032 6215
1393 5174
7862 6973
2239 5905
5623 8304
609 110
2045 3824
9947 2667
2471 1717
638 3965
4082 6415
8275 3291
4596 4650
9212 3615
5033 975
5626 7905
9290 7
3114 9343
2025 6447
5624 8246
5605 1322
2383 907
5249 8076
9815 4968
8455 5221
8659 6448
3101 5509
6576 1122
9062 651
3893 1473
3497 6906
7399 7053
9614 80
1907 1449
5104 1807
5343 2089
2580 7850
3116 1673
9522 9280
1136 4204
2364 3014
4282 7189
8242 8738
9603 4694
865 9982
3052 6505
9158 5741
