9347 4179
5542 1494
8945 8602
9413 7953
5163 4844
7175 9923
2705 2610
2026 7691
5095 9032
6441 4185
8879 519
3703 8313
1997 7892
2685 3836
8076 582
6339 8725
4014 2139
4275 4166
2597 9506
1871 1000
6005 1911
9878 6982
7138 6799
887 9609
5961 8220
8627 5421
2426 8577
1771 8353
8293 9453
7586 9591
1653 7543
8945 1502
1006 3531
8768 3037
6653 2189
5942 9267
2137 9992
4203 1270
1513 2665
9653 1629
7923 4005
4060 7758
9383 8571
6022 7058
7311 2431
3774 4368
3727 351
8101 6384
1897 574
6090 2883
2965 186
9246 931
6747 9505
6458 2986
1196 9508
41 1828
2967 3349
6803 402
4936 7792
9475 121
7712 5353
5991 3641
2157 218
9658 2164
3117 5629
3646 6424
2579 5990
1409 6367
3489 24
5445 6743
7305 6547
1133 8418
9980 4551
3558 2231
9568 8663
4125 9633
2707 7693
5666 6459
955 23
1992 4486
3331 8496
436 5995
1285 4220
7362 5495
9235 5992
8326 4195
4463 1532
7823 9990
7675 9109
7991 7359
7444 2531
4269 8082
9922 7080
8260 2565
56 1401
9728 9429
7 2677
2555 640
3418 2964
3676 3259
9842 7730
4052 3775
2916 9398
7250 3052
7764 5222
6079 5944
3805 9947
6068 1096
5762 2975
737 8915
8702 644
9440 7928
9521 2669
5298 5850
4558 7272
2913 9342
4701 7846
6672 6700
5758 129
8577 5200
3606 1348
9942 6755
5903 3341
4669 4228
5517 9987
394 8710
1107 8094
1150 8693
8638 2069
6387 128
7245 159
4298 2221
2250 8782
1968 1219
2225 6214
8534 8778
282 8361
6978 9614
6374 6201
4788 5653
4302 4447
1225 9109
3365 5557
2784 4757
4791 7994
9812 5961
6372 5616
812 2123
8377 9194
6410 4043
3167 859
6623 9291
3956 7435
1788 7249
5123 2330
6459 5103
3110 9077
8275 9267
7373 6197
4134 9814
9602 5575
269 6812
5104 9756
2351 6702
1965 6895
4590 8983
5932 4431
6821 7683
998 5507
8124 1648
4751 5265
6352 3125
1298 8135
8104 9933
1430 3945
2434 3801
6018 2619
4364 8545
3438 5081
8094 735
1612 4632
8006 6486
6186 3334
3199 2328
8840 7880
4587 1090
8491 1310
4222 211
7037 3362
2205 7482
8624 7703
8626 4100
6969 4130
9838 4888
2706 1762
6278 1997
8824 7010
4892 6691
9176 4917
8806 3923
1154 2747
376 4668
9187 2568
9689 2671
7751 7791
3236 7188
1259 4089
8545 8554
8362 4188
4242 6824
9082 313
5639 5406
8371 7391
7249 9502
7488 9030
6732 8458
7331 9046
9289 1774
3282 7950
5300 2715
2577 5394
5837 3297
2292 3949
8787 6380
8058 757
1798 4730
2276 7509
3175 2616
6236 161
3785 8668
9707 8083
8081 2030
9368 4416
428 215
701 9944
7462 4910
1772 4569
6957 5677
773 4047
9043 7221
1678 7307
9914 1071
562 8149
2462 2693
6823 7784
2163 7995
7431 4405
4693 8533
7375 9694
5300 1334
1635 4577
4739 2758
8433 1182
6717 4769
959 1032
546 634
981 791
2555 7408
8406 8111
8838 1352
686 873
1200 5524
9587 9549
2236 7547
7332 3473
8843 2571
3220 520
7532 794
3906 4194
4768 5687
8627 4673
9941 1271
5070 4039
1732 3476
2144 1434
6194 6138
9411 9858
6961 389
9467 4771
1127 6456
5868 7321
4563 9725
3788 4481
3650 4776
9420 4551
2307 8608
5756 7201
9935 1735
2622 2240
89 4521
6761 233
7736 9968
7173 4607
3489 2175
6589 9282
1494 8333
2198 4019
6284 4216
6258 4981
8935 2829
2825 8318
7071 1297
1587 5528
3297 4112
9223 8601
9317 6250
3706 8188
2959 8668
5225 5713
1197 1707
9592 1880
8785 94
9872 6135
5517 795
3915 5450
712 5048
7626 1276
3267 9026
7037 2867
2878 9739
7298 4628
2633 1048
8448 2552
1980 1163
9808 5682
2388 8276
6299 5237
2610 8096
8914 3375
1966 3564
3591 1552
5958 635
3897 575
2499 9167
451 2896
611 4834
2317 4437
1384 1788
6172 2028
1996 3335
537 1623
4757 4035
791 2442
5544 8057
7411 438
2469 3932
5585 1413
1009 5001
5988 3789
8052 8284
8159 1994
1295 4577
7413 5853
5613 6063
5890 6600
2567 3393
4296 4700
2525 9812
4994 4513
5742 2686
6709 8625
6659 6064
9900 4479
4129 507
6121 2453
3930 2549
3013 3106
2254 7255
3179 8242
8786 4613
5704 6716
6874 6110
4064 4
8628 2980
6120 8243
5858 4042
610 6823
7337 9604
2096 6386
5734 1239
7705 93
470 252
6378 4687
2442 499
4838 3023
5559 5937
1400 4444
1074 487
5323 3896
8443 3189
9174 1193
4979 2221
9603 552
7567 6938
8845 7784
361 5812
7726 2730
5539 50
9061 2191
6600 440
9848 7903
458 8081
7103 2229
5044 8860
4966 2524
5351 8522
5141 8685
5284 66
583 6921
1723 9819
1329 1786
8432 2905
1544 9295
253 7396
5838 5994
5708 1454
9732 9138
3113 1164
5757 6005
3290 7923
2583 1874
64 4383
3173 922
6429 3550
8039 9861
5584 4249
7480 1495
6385 9896
4759 2594
8153 7667
9901 3066
6840 8261
75 8800
6875 4017
1217 1679
6891 1258
9979 9257
4780 2774
4631 8838
1909 8480
9046 8944
1043 9497
2260 564
2462 9824
2748 1587
6873 9848
4896 4238
4118 8145
4443 3246
5943 529
9995 3616
1110 9150
7144 404
5691 4859
2955 7599
4359 2205
4534 6932
2333 153
2515 6051
6701 3217
6690 5014
7722 4932
8892 88
2049 4006
7651 2019
2493 1310
9378 8878
8117 9662
1684 646
9813 2390
9644 7307
4807 1964
3897 9061
1603 4306
8127 4055
9815 5324
1050 3110
7024 9562
9080 6568
3658 4736
5449 7446
1593 3739
1123 5961
2769 7728
6644 5032
4335 3150
1506 7648
9590 7434
7790 9630
8394 211
1535 9517
7474 9101
9479 958
4547 7880
2021 7461
9182 7087
3748 9890
309 4522
4877 63
909 6503
9532 6567
4818 6249
816 4474
3174 2542
1048 9412
1774 7597
2440 5206
6333 7977
3437 4349
3855 432
9290 3893
255 5053
8701 6238
1423 1597
2852 397
2819 8622
1725 3396
6286 6589
883 5524
3843 9322
1848 8835
5278 7415
7315 4408
8639 1694
141 6240
5973 5203
7872 7416
6447 6520
4537 6104
7609 7716
1298 6045
9214 4261
1015 2724
4843 9301
1152 2958
6394 7569
6134 1980
8487 5100
4151 7209
9489 8522
9028 1519
8228 675
9318 8411
5540 9993
3202 2980
7875 264
63 8750
2078 7445
2351 5325
2616 3822
2666 9537
7134 5598
6965 8795
4577 1436
8955 1017
4080 2552
7256 3265
9408 7644
516 2171
5485 4701
9416 9454
5498 6855
8172 1022
5538 9408
232 9996
9809 525
153 3287
2601 5513
9099 9225
2821 1315
5768 5403
9295 7888
7113 1351
6311 4110
4055 1862
5631 1907
7831 9215
2349 7628
6760 9571
1493 4674
3371 5515
4902 5117
2641 5935
2228 2090
8576 8258
5672 6755
3641 6315
2307 9967
9618 1990
5120 5232
4622 8402
6349 9599
877 8175
4024 4740
3518 8315
7793 2786
6874 8932
3815 6552
3922 4463
5939 9849
4409 5490
7167 9184
2784 4011
2357 4432
9933 136
7912 6534
6842 204
3345 7727
3954 9003
4940 8805
6179 6047
8164 9266
5688 6224
865 3748
421 8955
5058 8006
2107 5196
9763 8477
9317 6670
8593 4424
3873 2598
7223 17
937 96
2965 1965
6989 3233
8365 9377
2819 7509
5544 4610
9654 9365
1414 8248
5268 245
8376 531
628 3259
9069 2151
1347 2717
3422 2446
2632 4276
7652 8249
6052 182
3326 7811
9107 1625
1588 4240
3443 519
4882 1764
1984 4442
3263 7354
3580 7475
6714 7979
5611 7134
932 7295
8907 1284
8128 2485
8389 2755
7477 1441
3628 699
8484 4978
7948 8152
1485 7107
9002 6782
3872 6549
7025 125
7750 4996
5181 7913
7149 9502
1521 8053
9687 4791
1667 7878
794 3789
6574 3114
2330 9885
9312 9280
2252 3320
7162 517
2081 5653
4689 8097
2344 105
979 3690
1612 6114
1696 8737
3857 3514
9423 6034
2346 3598
7480 6424
5725 5919
5754 8835
7184 949
4943 8098
8499 2616
8473 1432
6461 5923
9250 77
7897 9903
5125 8748
6511 4505
7662 6064
9594 5973
243 4187
6115 38
7112 5368
576 6962
8516 5306
9739 4792
2977 9601
4031 7026
854 5630
1614 7718
9035 2087
6819 8246
5941 7748
6517 8847
4586 1434
2836 7100
3928 2373
4884 7894
995 3781
8073 2884
2283 1410
6639 9604
5183 3208
6721 7687
4981 7948
4405 2419
210 9863
7938 6079
2685 8516
8212 8304
5994 2339
6914 804
4521 3883
4453 8852
9838 9082
3091 6026
9126 7533
7113 2037
7467 7490
7376 2905
1732 4703
3595 9208
9705 5705
4174 9558
8742 9529
5312 8182
2523 8844
2578 8780
7259 6413
4762 8681
6720 5610
2826 8064
8373 6141
7184 4024
5886 2940
7229 505
1540 6990
8064 1077
2253 6337
7788 913
2865 5440
464 8399
8086 3724
7998 3840
9193 4459
315 8949
9484 8580
7294 233
5371 1541
4466 6538
2106 4610
5569 9783
6059 4170
1291 2569
9505 2465
6145 157
4331 3438
850 4812
5060 349
9872 5376
592 7671
3213 5358
8794 1033
2794 8380
9492 6030
9280 7571
2917 8679
4445 6963
9142 7085
6182 5650
3996 6090
1379 6041
9355 9034
4219 3129
1989 6495
3514 5528
2354 1934
3773 6691
915 1369
4905 3807
274 5244
3862 8318
4690 9638
3371 4967
5064 201
4871 789
1381 7268
7312 2073
4015 8452
2955 5254
3731 6707
7055 5120
8907 2333
5135 1249
1852 1376
3885 1108
347 8630
9908 1100
386 8063
9423 9164
6472 7815
4725 3192
5182 2879
4601 6805
5847 8638
2588 491
5866 7833
892 2744
9294 661
1681 6058
8386 4687
7838 1849
9820 3336
8927 7899
8104 9552
5539 6283
1523 4610
853 8427
2420 3256
2432 6528
4947 2328
4559 3909
6443 135
4694 3316
7758 3559
2916 6991
9643 9809
8301 805
8938 5297
9795 2888
218 8158
2550 4776
4822 7005
1022 7845
7482 2176
7671 2866
7540 7779
3899 1782
5169 1757
9453 4413
3028 3889
5790 872
576 8145
789 9421
3605 1685
5869 2104
7346 3870
352 1691
131 9865
5580 5384
3443 2562
9161 2147
4572 5042
1542 1148
5851 5066
917 49
2155 6488
3054 2992
4488 6862
7198 686
6388 7233
7535 4886
8369 2345
9308 1806
2635 5381
8375 1372
8042 7090
2321 5450
7216 5816
9091 6423
9104 4901
3039 2468
270 830
4678 5013
6501 8170
7485 2153
3930 1858
3539 5908
495 4102
3641 937
7920 9436
9926 7345
8556 6385
3750 880
8108 5700
7311 7342
305 3160
8099 5880
9116 831
473 9123
4132 7297
23 7611
4858 756
1840 400
2208 2553
8794 4163
1768 8108
7131 6364
9464 201
3880 6709
3432 6024
7403 8220
4349 7187
2879 7272
3431 6324
4900 8458
8310 4356
8057 6879
108 6271
286 2076
627 2756
3000 3899
816 8842
1494 2341
7371 8924
5255 6942
6133 8793
8402 5355
7074 716
6693 9655
7675 5026
8958 4526
4510 9575
5663 5353
1671 8467
828 5526
3343 8974
6034 6693
8002 5505
8797 7991
165 6121
3497 3375
1377 2183
3538 8102
3376 7286
1359 9484
7406 3417
231 9225
3853 2902
8228 9123
7519 6448
6065 5080
6305 4015
341 8804
8653 641
1712 3987
6335 3894
7315 2373
3187 7592
2369 2715
9571 4594
1009 982
3202 9334
6958 5189
5146 4113
1236 5347
1618 3426
5137 7713
8742 1184
6441 654
4172 7970
2566 2303
5761 6264
9620 5775
4785 8843
4374 3381
210 1544
920 657
3662 8285
6877 6940
5383 3702
1563 1638
5267 5705
5191 2714
7183 2674
1138 9753
8291 5997
9857 1126
229 4401
6997 6725
6761 3745
9668 5253
9367 6079
6394 1938
9957 1599
9891 7661
2224 5948
8557 2719
9580 831
827 2118
5818 6356
6404 6453
5352 6822
2590 3157
4250 4630
4335 2459
5730 4415
523 2730
1378 1295
4784 1238
7712 5084
2636 8349
691 1267
1834 3645
4014 5642
7107 5391
5388 4506
329 9667
3858 6563
1310 6156
9173 5300
2371 9219
2681 3783
7787 8762
9162 4653
2607 6722
5337 8109
5372 7837
5019 4272
3861 3720
8663 5844
1183 3432
3469 6350
5329 1990
6636 8263
6782 7563
6067 4319
8345 5804
3437 2503
9560 5843
4706 2068
5573 7840
1772 9438
9720 8397
3491 2860
3162 6031
5512 7951
2668 4742
5577 8834
8650 8897
93 3414
4949 1314
8101 209
5184 6809
5411 3819
7492 330
118 4117
5692 2526
1001 3912
746 2639
4925 5013
5888 7541
4361 4382
4984 2331
8545 6578
7005 2992
5344 4300
9157 4109
8315 6274
4175 5023
5525 1086
9092 1849
5175 8520
7226 9878
2067 9439
9568 273
9474 6502
2705 8154
4897 66
3060 9550
2327 7713
4747 2229
5198 6531
7720 8935
2300 6240
6577 1309
8629 825
51 9512
8684 8345
594 2328
311 5652
6913 7566
5997 9257
1926 1195
7657 6263
6003 3329
5805 1624
1327 3761
8299 4454
513 5759
5609 1160
3200 6244
5120 703
5490 1468
5144 3046
4805 5566
4010 5066
1463 2080
1767 4972
6223 191
5892 3326
2738 1123
5258 7884
1602 330
2341 2884
7860 1091
3791 282
482 4850
4596 2665
9969 4726
7505 1546
8151 5333
5492 1877
198 3751
1636 2142
7327 2856
6467 5610
7597 3619
8072 8315
2650 6971
6518 7534
6635 1932
9827 7544
3441 532
8737 976
3680 2534
4930 9734
371 7075
1718 9512
9657 8422
911 5255
3760 1601
3248 1197
1713 5088
2137 8570
8892 4539
3655 4409
5033 2520
8186 6713
8515 9140
3336 2599
3814 2897
5849 689
4116 6847
9513 1193
6706 9651
7360 1773
9519 7094
1618 5214
4393 2402
9412 444
7607 2296
5966 6471
4240 8845
5303 8342
2602 1277
4607 910
2752 5422
2772 8518
7898 7319
7858 1999
7849 4165
485 1443
4504 152
1692 1325
9188 7128
2224 6326
9130 9338
5415 8825
7307 9601
5204 9810
1081 7745
9675 3432
3676 9166
7100 2333
5876 8109
7852 4826
5075 7565
960 1160
5066 548
9931 8848
2348 7506
9010 3284
2463 5803
3399 3273
623 2413
182 2936
7724 8855
5872 6660
1376 4084
7821 7741
7659 1492
1064 291
3583 5955
8975 149
7328 9794
6911 8688
1728 7397
2089 6356
2792 5281
5970 7612
9872 3033
3836 7424
7640 58
9587 7186
5970 1546
2866 3136
5906 5237
105 7546
1442 8063
783 9181
7329 2273
9579 8944
1013 8825
2727 9780
7061 1411
3974 5385
4373 4636
4859 7010
4382 3638
3767 8246
2278 8577
1855 5505
2694 7509
7477 952
6654 2605
4307 8604
8577 6932
4248 2776
1906 5672
9518 50
4034 80
3678 8783
7147 444
4488 7834
3447 8096
1101 6857
9060 1279
4381 6432
7037 3403
7527 786
4877 2812
1165 2533
9231 7698
6314 5933
323 5664
9775 8027
2776 2572
8276 766
4516 1493
2062 3165
8065 3700
2678 135
9694 4547
8298 4618
508 6181
5253 3570
8408 3931
7618 9962
6591 2511
6730 9271
6594 4014
7397 6287
910 4656
3099 7116
1501 4831
4410 2369
7732 3136
8636 6023
8403 7212
9389 2059
634 7474
9685 8473
27 3009
4047 7807
866 482
6337 7609
1137 9347
4036 3861
9681 8889
4632 8581
9432 5152
8100 1037
7566 6765
4429 6946
3143 9363
8566 3432
5033 4845
303 382
447 8240
9418 7095
4705 6477
5186 2845
8477 4528
2568 7038
59 8774
1811 939
9808 312
5341 7334
4150 8591
4026 419
3499 902
914 8241
8474 7118
362 8667
2396 4194
5209 883
3378 5981
5588 916
3342 3025
626 4697
5528 1804
4153 6916
6560 1722
9183 4703
4753 1663
7615 8538
110 2457
2462 2989
3253 8443
8671 6598
8122 9574
823 4056
5704 4487
4047 9472
3794 2610
7337 838
4395 3244
283 2506
3335 231
5728 4736
9284 4209
4174 3137
3277 3151
3132 6180
8949 3852
6374 767
257 4560
2278 3760
4998 8660
2021 8076
6541 9282
6739 2622
599 998
1865 2315
4743 8784
4523 5105
9416 8283
9719 1639
8703 1702
3348 9982
1122 6179
3711 4143
7064 6704
4037 112
8044 3722
7755 9712
4109 9787
9636 9575
5027 8556
1879 1674
6757 2625
2407 7980
9949 9927
3628 4387
7234 7128
5218 5764
2728 7742
6160 7186
2502 9422
7115 4669
1955 5991
2232 8743
3779 5091
7480 5440
4965 8859
9949 9940
5692 3940
5033 9222
9698 5339
3669 9770
380 3178
3386 4988
992 2244
7213 5338
3536 8315
5855 8670
4318 7533
1561 2522
909 3764
6461 8564
5801 3078
4235 3455
1616 8766
6239 271
6186 2101
3153 1851
3747 7693
6093 5707
5933 6472
895 5828
3787 1615
7107 8954
6591 1224
7719 9481
8166 4279
96 9272
1833 4512
9780 2078
2970 5907
1019 1555
1808 3701
7921 6848
4936 253
5746 1519
343 8856
917 9091
2443 9581
4291 4652
8180 3517
7168 8681
474 9689
6047 2800
7805 4579
6929 2922
4064 9978
5297 4931
9936 8983
4698 7268
8387 1901
7006 5478
4580 4768
9858 4081
6519 6299
8405 3877
614 4084
6008 3868
5345 9940
4856 6514
2378 9549
7744 7285
6833 194
3059 2484
4268 8451
1661 6646
4171 6532
9764 9155
1246 3923
4050 6013
4991 1612
9038 6570
4817 6414
9507 9758
5630 515
3563 6797
9098 5803
4745 2458
4881 814
3122 3011
8996 5647
2640 5482
7811 8641
2812 7400
5784 2429
1206 952
5815 5125
3182 6337
8867 2621
1190 7545
3061 9430
2527 5295
2912 9041
252 3963
783 4124
177 6529
8881 6289
9216 8494
391 1799
9661 8615
4915 7591
3402 8797
7291 1017
7704 1186
141 7636
1275 7565
9181 929
5173 1591
8131 9746
524 8047
4330 1545
3571 5694
4446 9075
3861 6170
6049 9748
5304 475
9543 7818
5506 9994
4207 3316
8282 5569
9345 6298
7074 1261
4237 4592
8698 9870
9992 3601
4054 7625
9252 593
9605 8036
2356 8785
4572 5521
7185 8043
862 8055
8637 5100
6765 3027
8797 2120
9216 5716
3668 3280
1661 3426
4419 7349
1364 9326
8996 5568
6384 7886
8312 8090
3138 2418
8919 891
9792 1230
6784 3511
3840 7305
7021 5144
4049 474
9384 9743
9819 7190
168 7327
6489 3041
6869 4265
7536 5711
4540 9086
4602 1562
1490 2510
237 5104
3554 3807
2022 5488
7152 2459
4165 2648
3087 5997
1722 3920
7221 465
3877 6503
5158 7391
2687 8628
1217 378
1972 5909
270 6691
4580 6367
6551 8604
6640 7141
3038 9208
152 7988
4380 6319
1069 4398
4718 6314
3369 8446
6989 9890
3256 4075
3260 8395
7002 2366
343 2429
866 8620
8034 4270
8051 7886
979 5299
1471 3775
4940 1825
6612 2332
623 4553
5075 6564
1328 7496
2592 9935
8674 9568
2838 6958
7664 7682
4181 2042
2749 9589
925 57
3050 2118
6227 2504
6925 7235
5523 5276
2761 4846
3599 6359
7747 1314
3927 7881
2356 5699
5392 8095
2284 9243
9614 7658
1931 9613
4952 7796
8097 7964
5953 1194
2969 3869
4643 5469
2988 4865
4143 6351
3783 7994
5403 3881
296 3632
6411 9363
6486 6245
111 1371
7772 4996
1012 9585
6292 9533
6748 4151
7215 8461
8475 164
3130 272
9487 7428
788 4336
4261 7487
109 2772
8097 3079
2694 5461
3729 429
8806 2492
1137 6331
8112 6999
2689 3252
9013 6353
7010 6729
1157 5384
2498 947
3325 6058
7673 1596
4624 1136
1655 9532
6054 3544
9173 8678
8963 2452
6305 8266
9519 3838
4830 5792
8660 1862
4246 4051
7771 5672
8562 8645
5996 6878
6075 9911
9550 5524
5012 965
3733 4590
4550 6798
8694 2506
5099 2812
8194 648
7237 8488
811 6830
920 9446
8360 6309
9392 7688
4826 438
1736 3589
7205 6176
3792 6459
7280 55
77 9063
9423 4089
5744 8188
773 4831
937 997
2981 1413
7669 3664
7439 6585
8585 1421
4328 3032
3946 2738
3980 5769
6105 1643
148 433
4463 6640
4084 3611
3578 1524
3144 249
8209 7671
8431 9706
6917 5089
9936 4623
8849 3988
6872 593
275 1534
9609 3676
6957 6824
5011 3075
3274 5031
7897 508
355 4159
78 7557
9486 3232
1626 1353
2071 8385
9295 9528
8592 511
2132 3147
1240 9167
1678 4145
7064 9178
2568 2667
9956 6951
5338 3675
9197 8848
2036 3560
6922 5796
1082 2515
4861 754
6096 9662
5335 5777
2177 8235
1656 427
1683 5256
7878 5961
572 3473
7976 9687
8530 9041
1011 1830
2087 5201
5428 7001
825 5989
5228 1463
8180 4434
5339 6663
5263 1420
6515 6037
5708 8452
2105 9163
9144 7106
1941 3053
9151 5015
1379 3020
4980 6437
7491 6733
5827 7770
9607 8449
4930 3058
1162 6405
1741 7960
5280 1077
2778 7956
152 8353
4190 925
5198 486
2425 9760
1545 4234
6671 1463
6762 1352
4690 1140
977 636
3690 8465
9113 3995
3347 3107
8126 3527
3210 4041
290 3991
5733 7609
8257 7164
3778 2283
9192 1228
8106 4228
9648 4396
7134 1587
6033 5218
3760 2764
7052 3625
3327 1421
4589 7463
7274 1459
2652 9361
7481 6367
4719 1278
7494 9046
3650 8648
8368 979
4290 606
2256 2864
8310 4650
7978 8112
2682 7173
5731 3432
3400 4191
1328 6948
8424 995
9927 10
4969 5482
9190 9250
1499 535
383 9779
7024 6895
7910 4544
5776 9833
6637 3251
795 1092
1088 9716
941 5990
8344 985
4181 1965
7297 5633
4528 5981
636 1863
2994 2146
401 2491
7359 5464
7659 3218
4299 681
7643 1961
3088 9099
9542 1730
8440 8398
6747 9488
6907 4522
2024 1012
7896 1360
2623 7464
7031 7217
1772 5113
6424 1291
5161 1477
1886 5629
5817 4491
4069 6877
5283 6018
7255 2616
8633 7372
9249 4837
5061 4629
9438 5298
5754 8528
6759 4371
6437 8521
3517 8700
1936 912
306 9935
9280 7075
4587 1447
8427 191
3991 8512
9194 7008
4544 1491
943 1982
1951 5707
5151 7797
1385 2034
6600 8003
4850 9791
868 9392
4325 2507
9911 1936
8862 8992
3805 5595
7938 7624
1429 3164
6040 4000
4470 6887
3677 2821
3614 2472
6938 2117
5420 5460
2256 4784
2649 8916
5357 4882
7726 628
9492 770
4667 9279
9362 9062
5513 2133
8183 7404
4311 4921
7683 2099
7306 4327
5386 2442
7536 7943
9855 4097
366 2081
8946 8450
1890 2690
9355 4942
1208 4053
5565 9439
4107 3936
4638 5558
3376 2145
2430 9851
5458 2035
9845 8081
1032 7368
9612 6338
6107 3383
2476 8691
6089 6978
2790 6114
9139 7057
2869 4421
4395 9829
2445 8294
2729 1408
1297 8726
415 8752
6856 3070
4142 3354
3968 2972
3725 6220
3037 9229
5093 8716
5364 3288
1069 4415
9415 8631
4847 29
1178 4816
4827 2302
2400 8012
4337 6050
8254 6734
57 8239
11 5090
6254 2345
7163 7525
8097 4922
6726 3094
1412 9426
9986 7413
9564 5963
8076 4755
5084 2614
5578 9767
6893 1406
4382 4493
294 1483
901 8348
8186 7515
7917 3126
9443 8009
9497 1829
4308 8866
2147 732
1921 9316
467 5733
2010 8570
8875 8612
7450 1337
5478 1026
9617 2052
6969 475
6148 1265
3009 6510
9679 8528
7002 1820
1198 6598
6643 4627
6863 9060
5186 5176
1841 1456
3878 7080
7372 5150
271 4114
1231 9111
2416 869
8538 2560
5896 4410
2969 9605
566 5580
2534 753
3693 3893
5616 47
2405 5712
3975 6208
9756 6401
5616 7402
7966 9285
4218 9578
3840 1674
1921 6659
7568 8084
6668 1906
2086 2525
7948 1889
2433 3801
2770 6604
1682 5330
8411 4316
1790 4863
9035 9098
2070 716
9620 3601
9556 1630
7650 5736
4844 604
2934 3157
6485 4013
7581 1206
4927 3756
114 7889
2574 9940
9874 9910
4101 7326
7506 2200
3734 7569
7452 7333
7799 9363
4084 9079
1543 5413
1266 4610
7750 2718
8184 4636
3785 7362
1573 2380
1944 6753
3162 7319
8365 5852
7098 4310
8485 5099
4216 3734
4714 2964
515 6502
109 1650
2531 7839
8537 9840
3110 8189
5197 5003
4802 983
2812 5233
9990 5213
5747 2329
7622 3690
6944 594
5507 2842
6472 784
5633 8845
6408 8612
1057 2984
1791 7409
4322 3971
8360 744
3960 1030
107 9672
7495 9755
4837 3289
6158 1324
1469 9465
4905 8119
4800 4390
1004 9136
756 2884
885 3523
983 8030
1022 9419
509 8376
5168 5725
1548 605
5074 7295
9219 4423
342 6169
1070 5410
5937 3728
5804 1627
1719 9239
2495 304
8352 2973
8706 5945
7295 7199
3578 6576
1766 1299
3109 4785
3086 6235
873 385
1227 4818
3591 6407
3536 284
3170 3610
7108 7615
8180 250
8561 2342
4269 5652
7533 3068
7938 6500
1902 9952
5379 8644
3127 5081
2091 9366
8895 7412
5454 6724
3372 5787
3079 4222
3015 2517
2745 6857
8402 6203
3781 2464
2929 5338
839 9916
5228 9656
1967 7098
4128 9045
8054 393
458 9177
6743 6954
8400 1969
5583 1603
1056 6130
3139 9884
7631 4612
4936 2960
5879 8956
1523 4145
9310 8663
8129 1977
8144 6715
6891 3159
9079 4980
4412 6723
7574 8521
6712 7967
4898 8279
4587 9585
6321 4820
745 2026
2094 3866
8287 4498
3020 2045
8796 9973
6060 8320
6551 8786
9513 4817
3501 8397
7319 1195
5450 9973
2222 5835
670 9035
553 5481
8915 4080
5295 5605
6936 1844
8742 5549
2147 184
1816 7483
9988 737
9790 4428
5538 9160
7306 1498
69 5260
6810 513
8126 6606
6923 2376
37 5429
8412 8131
7865 1317
1548 9667
161 661
1793 4479
3558 3494
9810 5295
2614 9583
3710 6251
9300 2978
6644 988
7212 7861
2377 7805
6263 249
316 4453
7532 1800
5419 3536
3383 5196
88 3808
8744 4803
1965 3781
2331 5299
173 1371
5950 139
5506 7332
4536 829
4191 9462
2213 8848
8015 7932
2165 3438
5722 7980
3430 854
9406 9365
7045 648
1383 140
4350 7886
3794 7897
8940 7091
7564 7070
2626 5876
6584 2360
3550 7429
6246 7734
9961 5803
6869 1711
7223 253
1170 1321
4247 6953
9329 7145
8386 2317
9467 1602
9112 5346
2980 1920
8877 7923
7178 79
6478 405
8100 5787
5178 5368
6828 1952
2476 64
2007 4689
5573 9051
198 3618
8073 1079
7431 1612
9266 1854
5532 6017
4143 614
4963 87
4169 7396
8011 4752
4181 8453
5418 7083
1890 9594
1747 7559
1546 1153
1202 4009
191 9334
8823 2573
521 2335
2904 194
4628 3372
6177 5243
1223 3021
5576 3296
919 5993
3479 3027
1058 409
1453 450
8029 3358
4448 6043
2585 2935
5042 5698
7886 3723
5224 3231
1784 8807
1508 1032
8450 9888
7528 5533
3596 821
4389 8859
5072 5883
8273 5394
8092 6285
1268 6015
5210 1094
7649 7930
5302 7513
2370 744
7731 8228
1583 8507
7662 1978
8555 798
7720 5595
2388 569
6225 964
6369 420
654 9067
3302 1784
9223 8373
7857 473
1372 1884
7220 9752
6291 2607
8461 2839
1527 2697
8515 7276
8196 8691
1601 1828
9662 499
9921 430
7499 6255
4234 6961
1989 139
92 2897
1098 3580
3582 9664
6930 4004
1036 3116
1388 7210
6613 5465
9022 2101
4123 798
4702 7830
7376 6161
3186 3140
7253 5044
3028 982
5333 6357
190 1230
2199 4806
232 6596
3939 7928
417 5595
7031 5466
5073 9062
3698 9973
3615 1802
5831 5442
6438 5891
4132 6229
7907 3595
7956 1767
9795 4895
8874 2337
5745 2113
6647 5368
762 4788
8162 1727
1608 6916
5912 5794
3477 7708
8841 2402
5628 5217
3243 8480
5447 4647
3532 7536
7271 9611
4640 9435
3633 9281
7788 452
5064 4249
7345 4312
1782 7230
6359 2820
1645 1977
9486 1133
8711 319
9368 8725
4424 5959
2030 7453
6792 5159
3241 7198
8372 9726
1782 4439
9836 441
1506 5029
2511 4090
3788 9932
7159 5976
8034 7637
3278 5925
582 8737
1583 2401
2082 1819
1602 199
8585 3431
5794 5252
2261 7419
181 176
7383 2055
2591 7065
9956 7659
7568 2774
649 5879
3827 6224
3789 5703
8357 4920
7916 9873
5489 8938
1038 3890
6752 1141
4145 9953
3237 7563
9734 9424
2561 4045
1210 4347
5064 9176
5630 9816
9477 871
5296 6035
5975 2388
3421 5842
9074 3083
6928 4642
9999 9964
6599 1289
353 5197
14 1301
9241 3088
3833 3140
7482 9486
6277 228
8574 6422
6933 4733
6836 7281
2347 3927
2789 4272
5246 390
9055 9354
2234 4400
2370 7967
2296 2834
1052 1047
7441 9956
5595 2880
4041 2099
1845 8267
2681 4567
5160 4645
7030 3861
30 3594
2015 6813
7476 7065
3893 9411
1020 1071
9337 7481
8656 4639
3478 5382
8087 6064
4317 8813
8266 4080
5519 1972
6785 4043
2290 8980
6695 1080
1096 8771
2761 8602
9822 8290
1488 2879
9288 9817
556 6319
2266 7576
1051 2060
5641 5991
9390 8552
1733 8281
1222 2881
332 7742
4361 2709
1820 9337
6594 7198
6355 4701
6833 5228
1514 2356
8057 886
5708 8273
3888 3815
9328 7916
4598 7654
3944 2663
6640 3005
4226 5796
411 6062
1770 4389
7462 8711
9638 4816
1271 211
5863 51
8154 9692
7175 6439
8257 5912
1436 7374
8536 4546
9862 8846
9230 3156
8467 5843
3785 8281
449 934
5529 1989
527 7418
2832 8629
1954 1944
9941 400
9846 5761
3879 682
456 7888
745 7762
9315 7293
6742 6533
3409 7068
5365 9586
3809 8207
3406 2340
5498 7082
1086 7395
7161 8035
7199 6112
9108 2102
5806 3936
6459 7241
3630 8706
875 8235
1245 5819
7606 6062
1512 2376
6740 407
9414 724
4056 368
710 9043
6455 2638
884 713
2506 8310
7884 9547
7292 9672
5217 7691
1352 3972
3144 1548
7505 8854
271 5451
6312 5046
4230 4146
5508 6749
2719 2015
3324 8016
8097 7453
6274 9665
7491 4610
4160 788
6344 9357
1403 7828
9200 6618
7044 1302
5316 9265
4561 6208
6283 8559
9459 4105
2138 814
7576 4051
789 6558
708 7387
6891 2642
788 2428
7889 2683
4714 3804
3524 8669
694 928
7938 3218
8695 7398
9545 3367
5603 411
4417 6442
8199 5733
2554 5320
5916 8226
7819 2479
6131 981
1802 3995
9778 5416
5822 6992
1856 7614
8774 2564
3726 7877
9137 7342
1873 5982
5739 1480
7262 6331
1876 6401
1351 5762
3208 1656
6877 2733
7580 7845
5055 6567
4915 1605
608 8579
6664 2332
9381 481
3429 2621
743 4724
396 6077
3479 3152
9679 9341
766 776
3598 5853
3066 6221
8553 2298
6748 4150
1947 5139
3567 1255
3351 9480
7859 4482
196 5857
6127 396
8643 9667
2929 6754
8178 5366
3503 610
9391 7022
6820 6897
2761 3356
5924 5527
1868 3223
1216 328
7325 2575
7295 6079
9849 6974
2519 3863
6782 5450
6304 1210
5955 8381
5989 7736
9967 1718
6784 1029
5061 9861
5556 9803
1143 5047
5765 2514
3943 2965
3161 3195
2993 6994
5688 2910
3200 5486
9973 314
3978 569
9056 9687
4228 8853
7005 1684
6399 642
2515 3060
2537 4805
2676 1931
7884 2757
7289 396
1416 3583
2254 6668
7049 2895
4994 8248
1692 8096
5054 6801
694 5318
1836 9309
1199 8200
8775 3867
1305 4654
749 2221
4419 5243
7397 4251
3833 2150
6274 6137
3017 7485
9172 4627
7396 6214
546 3740
4569 7789
7188 9338
7081 7226
6976 6944
2348 2263
4749 930
9916 1755
8472 9477
2281 8854
2499 1614
7901 5460
401 4153
4786 5171
2215 808
3598 5908
1731 466
3026 9883
7200 1562
3456 4512
4873 4012
6039 6899
217 1420
9415 3930
6515 9982
4827 4017
7371 6934
40 969
4798 2269
5691 1089
1239 246
2438 570
8944 1433
7750 1224
1894 9976
4117 5439
4822 4962
1040 3456
544 6221
4842 1413
3403 3817
8672 5067
4740 2570
5137 4192
6628 3870
1223 6142
7127 6671
5538 456
5176 5436
9551 3292
6627 3473
9558 6341
2266 6720
2293 8809
3976 1369
2616 2817
1929 8532
4164 2063
8584 7532
9627 3667
2668 6885
7852 9303
1670 4107
1732 2770
6343 1620
8919 7229
5995 3273
7471 9769
1135 8499
9528 5364
3374 5074
3224 4083
1150 8928
2898 2866
6296 2460
1834 9560
9005 7659
3919 4315
5028 7900
7965 454
7390 5592
3669 7708
116 6025
9871 7931
3826 6608
7444 6996
5864 793
60 2602
7955 6919
461 5097
5745 2535
9222 5391
867 3341
4480 2271
1393 1815
3725 2634
2699 1218
5295 6513
7529 6006
2835 9602
4995 9375
401 5739
2984 276
5795 5523
9236 3767
2888 3197
9556 446
5619 1281
689 2880
9073 9603
5251 8927
4783 6607
4201 5959
2199 5725
8454 5020
7600 3913
6342 8149
380 2660
4258 6385
4447 2349
4696 1592
54 1214
9991 4292
3060 8097
288 8965
6337 7401
9209 4027
177 6882
7022 5225
866 5414
635 7208
1425 682
7197 9952
2482 8241
2375 5900
9174 7574
399 9331
8589 2454
3083 244
4799 2255
698 5170
8806 5313
4227 9384
1271 1504
9127 2924
2552 5839
9624 3730
1494 1024
4620 9315
1158 2795
3412 8390
9172 307
7260 2033
4941 9491
7790 4413
2520 4695
2229 9592
7270 9258
4066 7988
6425 1060
7790 4305
1776 871
1084 4027
6591 9350
1639 4020
7852 4136
4620 9678
3444 1121
4667 6003
4961 9190
2794 9643
8445 6757
3573 5328
9920 6198
474 3586
5833 9240
5360 4361
3565 2471
9506 2128
2680 9662
4566 1053
2898 3405
6348 2408
419 1785
9665 6029
8598 677
4871 1810
4404 4559
9962 6666
2023 2050
5235 1454
4147 6596
4188 8583
6943 3641
9928 6789
9479 2533
7104 8928
1198 3630
5874 2609
1113 2997
9027 8788
5772 117
647 6910
4392 2347
8199 5603
3918 8614
9460 6576
8797 4246
700 2720
7659 1165
4419 6092
16 8561
8738 2511
8058 2752
8773 6935
7633 9635
4880 7776
9959 2301
6603 637
2733 5555
2135 1139
230 6059
8493 3861
800 5357
6447 2847
9824 1042
2084 2234
1132 8203
1357 4120
1201 8976
6603 6369
864 9327
3040 2692
7274 1326
3556 9109
7121 5433
4041 4199
3817 5245
2169 628
3113 4109
2774 6629
2134 9423
3488 7369
8015 2613
7834 8725
4876 1967
7420 4655
6418 186
2904 8028
4378 6076
9469 8303
267 2116
3090 2004
7429 166
1102 4378
6098 3069
7493 2810
8061 2742
7045 5020
9392 1007
6453 9309
8225 3375
4453 4506
160 2784
5447 8104
6942 5272
5340 5763
1446 781
644 4294
7565 9866
6737 8960
4796 6013
6803 4332
7914 4772
1247 19
6448 1889
782 3891
4055 2753
8929 8429
3951 5850
8217 235
2129 5483
1547 6030
8147 5360
912 5519
1436 8185
2318 9327
3306 571
7391 4973
1073 5100
2616 2753
9738 4114
5541 6530
1090 1482
9257 5238
3488 4604
6806 1960
6231 6455
1164 384
8867 4494
9507 690
5296 7372
4329 7556
6452 6279
996 2907
5960 3107
3026 4142
1521 9144
5707 6310
3297 7759
8107 9478
6136 946
3222 8524
4861 6905
9549 5480
1969 8085
4271 2609
7870 8316
8825 1369
5535 8956
486 1478
9917 520
5295 6207
8292 5457
2870 6099
7813 3244
6811 3434
6563 7533
1751 9861
3881 1878
3667 9274
2041 9142
635 2338
7111 7523
7683 7685
1539 2973
3536 7249
2022 3615
1636 8275
2947 2424
4645 180
4115 6552
7489 6543
3044 9123
3199 366
9601 9574
1808 6702
2125 3605
5122 9271
2670 6293
8826 5646
4268 472
4407 7720
408 7677
5447 7462
2133 5832
5488 2804
854 7205
6201 4174
2823 1031
1016 4234
5890 7924
811 2553
9559 6557
999 5987
8774 2315
1043 7262
1578 2173
4261 7090
9690 2142
9251 1048
5821 6117
3961 1092
4549 4231
4044 6230
8520 6841
3891 7385
1126 6455
4841 7678
3587 1911
9411 754
7294 5983
9093 7534
9452 6420
1773 5636
5532 9639
3297 3276
4440 8623
6332 8416
4721 7101
9211 5661
8440 3569
8447 6497
18 7430
9985 5055
7468 1975
1905 6061
1132 1910
6902 7872
5095 724
2414 3171
4303 4430
7515 5820
345 9114
9292 1691
3516 3562
3526 8939
206 9184
7773 9269
870 1765
1771 5172
6206 9687
3686 2697
6187 4749
4215 8639
304 4279
6023 8024
1322 8692
5297 6577
1923 9326
2379 5176
9898 2524
560 5144
2153 5587
1838 4529
8650 1032
5472 2673
3932 2056
2447 1375
8780 6511
9957 2875
3496 4643
4048 7600
5804 9010
8213 6400
1970 9559
519 5456
1649 1516
8648 6742
9013 3191
2284 162
3858 4564
9044 8260
2024 8344
236 1734
1141 1840
7001 8190
3422 3071
7687 2516
4067 3812
285 54
893 6326
4594 6712
2886 4939
3098 6286
7544 4574
570 9958
518 5338
8117 5375
1076 6797
5693 4674
6243 4589
437 1333
2838 1986
2728 4100
9130 705
1213 8909
4604 8544
1853 1133
4944 4448
9717 3885
6759 3543
3058 9344
5065 5677
8442 947
7213 6113
6480 3081
643 2498
993 8209
7144 1031
6180 7929
4145 688
6301 7172
8326 9524
1984 3107
2578 611
6156 6296
7849 9306
330 3556
2014 5349
529 4439
5722 261
792 3092
7397 6701
1624 6628
8967 7197
1321 174
5842 5961
8406 2471
2679 6678
5736 8948
1703 5874
3936 2513
2089 167
5170 3289
9712 7701
3583 4317
2378 9840
652 3849
5984 15
7240 3842
6788 9868
9854 587
103 7956
1713 940
8782 5444
4821 7871
3124 5321
1486 7579
5290 213
740 4985
9107 3928
909 1532
7202 5549
7197 1004
6231 2874
8249 1803
9344 7668
3487 4218
5262 1965
3356 2193
4130 6017
2684 2029
4650 4740
463 3414
2025 2329
5022 9981
9096 4691
9094 8028
510 4923
1276 5624
3786 6742
9326 1625
8757 2902
8134 1691
5399 5070
7932 6431
1035 435
873 9943
9460 1453
4231 1736
9063 9859
2585 3847
6281 1674
4350 7551
6511 4351
480 2899
1775 716
8745 3026
9239 2100
3492 8873
6967 4715
6832 6513
6985 1093
8608 9292
4343 5454
4630 6679
6058 4611
9879 9492
6479 1635
7418 7741
6220 3855
5418 8600
3778 2383
3282 4956
52 3926
6447 2972
2020 2482
2338 3286
330 349
3390 1870
8679 1372
6347 9157
3180 4800
237 7476
3384 6256
8910 7657
2492 1659
9929 4078
1980 3470
8738 9765
3172 7016
314 4397
1080 9040
2797 9061
4079 6939
295 893
2683 5283
3222 8944
7814 7323
968 3093
7553 5188
8740 4226
9559 3097
9672 9390
3619 8472
455 3632
691 196
8359 333
9933 6950
2884 2132
6941 645
9468 8311
7118 12
5994 1259
4936 7512
7521 3785
3926 644
1586 3384
156 2144
5379 5988
1036 3920
2515 7001
2048 8289
4735 8811
3684 1151
5013 6136
7112 2812
5057 1749
8914 1857
4444 2717
6430 5114
5375 5478
1085 7666
6438 3662
8297 6476
6227 446
2247 3614
3976 9122
9459 9887
4901 9880
7371 8418
1215 7789
8844 2565
6567 7805
4072 320
6363 347
7181 3948
1199 2718
8647 6723
6570 8116
7731 5933
3760 1522
4438 4820
1518 4770
9548 3273
1996 2301
1053 1674
3718 4386
2771 8484
4751 742
3868 4559
9348 5844
3319 3334
480 9625
6090 551
2082 3657
4263 6522
7631 5715
2087 510
5849 5979
9113 5573
9197 6964
6869 2625
7509 1265
8679 622
4699 1575
3523 7836
8776 1723
391 8361
1600 2728
6567 9349
2360 8374
8008 9435
8895 3522
4213 2742
3585 7374
2730 8257
4586 1940
8105 4012
7588 7923
3068 2021
6039 7486
6500 9830
2507 1459
4817 533
5580 3444
6630 3645
5114 7586
2230 1043
4742 3513
5130 3329
9612 1311
9615 9193
1979 643
1517 8425
213 6395
8323 7631
4445 6380
2528 4793
9774 8664
3583 8078
9115 397
2543 7518
2102 4806
8888 8921
704 5935
4692 1130
7460 7727
4282 737
643 219
2051 7298
3667 1494
7959 3287
5472 8717
9978 3838
6805 1393
621 1978
2818 7591
9268 938
8478 6188
3843 8930
703 9631
5741 5027
7205 4602
5092 2137
8765 2690
5176 3942
3442 7660
2484 1248
3709 2527
2404 7146
6319 587
4099 6361
1546 7236
930 3742
9770 9698
8674 1659
2375 42
360 2313
8905 9893
4106 5330
2464 7331
2078 7524
653 5396
5921 2072
4422 9629
4135 6152
3586 2941
7577 6018
5682 2729
1766 6592
2196 3207
2036 1757
8065 6896
6495 3367
7082 6318
4237 7610
4049 3358
1986 6901
4928 7235
9229 5519
7939 2569
6429 3026
3513 8050
2699 892
5235 2938
8450 2118
510 6403
8158 3407
9108 8396
1694 2662
2361 6094
2756 473
729 3673
9997 9662
1170 4318
4666 7453
2730 4392
483 1173
9987 1740
2407 8317
5329 1768
9291 8345
1574 2839
9614 367
1533 9897
5189 2138
7816 2609
7750 4241
9642 5017
4857 7034
1273 3032
9223 9234
4503 2978
8159 6102
7425 7046
1974 6462
2571 36
8839 7029
2700 6862
7652 9388
5622 6692
5636 9485
5643 8212
1498 8869
9975 5432
4078 5552
1866 2556
8432 7671
8081 4704
9817 537
8948 9658
8897 9841
7280 3113
6514 3351
8515 3131
1529 7229
1203 5258
1731 6316
2612 7233
7078 4682
5914 6301
5970 9845
5576 7474
6173 3263
1887 3917
3542 4255
4583 1778
4511 3595
485 5341
2443 7703
5901 4130
1670 3286
316 3088
6446 1220
8928 9675
2005 8645
7050 3549
7666 2357
4837 4115
3789 8161
6627 4651
5924 9338
2729 2933
1507 9307
266 9215
5657 363
839 5586
6579 7993
6433 1523
3244 1514
2994 356
7960 2817
8121 1193
3661 6942
4555 6630
5047 4877
8660 424
9187 5310
1141 4732
1879 5341
1794 8680
5548 5923
2438 5978
7059 9222
6699 56
5778 908
5736 8081
3590 5439
4621 9562
6810 9578
748 9860
6421 842
3423 9998
5550 9365
7071 7488
834 2356
3506 89
1774 9330
8135 6163
4804 4556
1853 5193
3298 6970
2336 3849
5658 1206
2660 8147
6922 3874
258 3822
9814 3862
7444 6430
9705 1825
8151 9446
3598 2135
105 503
2066 7529
7831 9175
6255 2485
6216 6169
6837 625
2237 7532
1690 6087
9271 2135
6112 1803
2173 8944
6224 8625
6855 1029
2849 4733
929 1680
6901 1670
9704 5521
5874 1049
1799 9349
5099 2221
694 995
1763 7854
3437 7276
8325 6663
1940 5043
5327 2758
8594 1869
6402 4480
2662 5270
6113 8928
6937 1727
6672 1981
435 1242
2047 3196
2234 7489
7920 6627
3142 3399
3632 2509
1130 4369
9120 4557
9943 4072
6923 9268
1581 4426
1269 9789
5906 4639
6355 4502
5792 7543
1220 4420
8037 5468
9871 4842
841 9756
4144 418
3113 7555
4116 8987
5043 4651
5640 2426
5677 9892
7829 4886
2666 800
7 9422
2891 5348
3090 4511
953 7085
5954 4400
7349 6356
6118 4279
273 6279
3518 3416
7774 4024
5150 7005
9425 6845
2924 7228
5025 2516
9298 8955
4437 9176
1966 3031
6841 5145
4139 4271
4048 440
2370 8749
5398 9793
7023 1365
6429 9257
885 4806
8755 1923
5176 3220
5008 374
7556 552
6048 2331
967 1317
619 4017
9338 8781
9385 8977
6016 1453
5947 1619
3997 7025
7163 1092
7281 5285
5541 9747
5639 6835
2464 3563
918 9776
9655 8959
8454 5556
8289 1813
9068 2517
9047 1347
7274 3417
3700 5058
5497 2298
3803 5415
9846 690
7430 631
8828 4319
9026 6778
5963 9160
4376 3772
9492 7224
9044 3570
6752 6058
1874 677
4732 3003
9786 5082
7024 4423
3845 6068
275 540
8642 7848
1100 4558
9651 4076
2627 4455
5012 4898
3360 1825
2776 5746
1581 7756
4169 4852
3958 7823
3471 7439
9023 8829
1760 8926
6075 2301
813 4393
4192 2742
8683 278
4634 7288
1275 4158
6068 4742
2607 5765
7372 5496
3683 2986
9114 2837
5268 4958
2649 8512
3571 4623
9746 2232
2847 5989
1863 5361
634 2125
3289 214
6444 6439
9678 9537
1512 6191
6863 1138
7871 4146
4848 3446
2718 3781
7151 9189
9226 8918
1523 7777
4816 5857
6352 1602
7984 5191
754 3479
4680 8184
6334 5116
8010 6533
617 104
7585 5980
6405 1505
2536 5443
3364 8978
4329 5688
4257 3368
8530 7363
8192 5089
986 5986
3042 3221
9554 6868
4368 7787
2394 4168
8962 5946
2287 2995
7495 852
9755 4535
93 8418
3994 527
4444 9852
3406 8170
178 6018
8201 6383
3804 8216
4301 7036
7659 1606
5375 949
4107 6941
7671 6275
9064 9353
2498 5406
8812 3396
7872 7204
3768 9582
762 8297
7250 4417
7759 6509
3975 6125
7691 7048
691 2351
1693 7759
2293 3065
4934 7635
1437 7281
7798 9510
4011 1473
3899 1942
7844 7118
9751 8697
5859 3118
7156 8178
348 39
9571 4565
8302 2196
4718 5364
8730 5117
8912 9066
390 2601
5647 6995
174 273
9037 6213
563 5683
7206 4629
4981 1923
3502 269
707 5058
359 4348
4758 6725
1982 8117
5486 1
6756 4406
9435 866
6888 4296
5726 4305
8489 8572
9021 3966
5098 8119
7359 2605
8661 4599
1589 7610
5412 8925
4971 4981
440 1401
5264 6960
6348 7334
602 5112
4523 3286
6572 5995
699 5947
2266 9407
1449 3937
8940 2455
4380 9020
1868 5052
2597 6659
3762 7924
5090 256
3549 3615
3096 9002
7803 9546
5601 2128
7637 3363
7069 627
1690 7796
4405 6919
4147 8381
7990 6339
5359 9132
1250 5016
123 1828
8894 595
4195 1861
7548 746
557 5732
8545 3824
6688 5257
8651 1776
9160 6083
1629 8203
369 7374
4300 9912
8163 1729
7328 7280
9606 9583
1679 4762
1851 2802
357 840
8698 962
8326 5520
1533 1567
7068 2751
7093 300
5 7339
5209 58
8594 7792
682 3996
5661 4999
4262 5553
3549 7374
1800 6354
578 8261
5776 263
9170 5336
436 9080
7374 3221
99 9431
9230 6518
1998 532
1371 1602
863 6565
8792 5245
6911 6550
436 3953
3976 4916
460 7730
1580 1079
7811 6433
6679 4887
3762 9013
8420 3279
9297 1337
9524 333
205 6164
4129 7265
6191 2036
8200 9813
1720 5152
8542 6544
3536 9087
5986 7939
8694 1919
1919 5217
4797 7256
5619 5378
9517 6049
9384 2258
2538 2229
929 3202
3730 5546
8105 3402
9098 9219
8551 2176
3722 5547
8131 7188
3349 7638
8753 1465
5805 6012
8114 9880
8601 1071
8707 1992
381 7776
2289 4396
5001 215
8443 377
3742 3031
614 5661
9311 6428
7798 7405
2096 3829
5996 4802
4470 3854
7777 4084
677 4899
6072 9752
8739 4697
9699 1706
632 1076
8371 6112
7514 6720
7315 9220
176 3462
7447 8881
3720 3864
7270 6710
6759 6265
8274 8515
4927 9152
376 7135
8839 9721
7092 8774
7846 6469
8309 3261
6247 3471
6221 6451
4567 6486
5957 1682
7500 1816
8862 8779
474 8730
990 3399
6862 7386
456 6875
3876 5033
9110 398
4489 9168
9526 9883
1717 4788
6495 9965
7751 4673
4855 5734
9331 6116
6791 2500
7558 4106
2258 3691
9342 2316
6904 4255
7557 5803
404 6297
115 1993
3924 5588
1064 7804
5429 2986
1893 9083
4234 9951
6234 2861
6077 9293
5330 7558
1147 7923
5636 2646
4004 225
3850 8160
813 9740
7171 640
9820 5071
1693 9789
7579 7561
2804 8014
1766 6103
4914 1321
4903 5104
4042 9205
4039 2289
1440 9730
855 180
6268 886
9715 5556
8284 4586
6305 2875
1363 4383
1132 6702
4119 7479
65 9715
9223 785
8928 2823
5478 8960
8128 4719
5836 4238
772 424
2249 5307
5676 8800
5325 8085
4831 2854
8351 4360
8022 7568
3479 716
3019 5161
5080 6941
1095 380
9992 3689
9214 8791
5463 6598
6960 200
3285 9602
9534 9412
5199 9908
1039 3346
9484 4572
7447 2883
9536 332
2464 2441
4884 9752
4245 7321
1115 4280
583 8849
8690 6404
1586 1650
8323 6876
7213 622
7570 5326
8492 4847
3418 2789
8667 3387
1358 9784
2333 537
1942 2867
646 4825
9412 1033
7050 2442
8463 7650
8525 6313
2286 6733
5949 411
4149 2607
4529 1845
7673 8958
7783 199
129 7056
2461 5394
3699 9847
8228 3474
5604 6132
4353 9553
9073 6131
8097 7313
1564 6990
5404 4273
5619 5393
6565 6291
1192 702
2718 189
117 3797
5382 7143
745 2871
4843 9309
5268 1608
2398 5351
3590 1057
4126 7453
4988 6923
5892 9810
7771 3477
3459 7138
8719 2004
8756 9470
5647 2543
4808 3959
1927 7809
6976 2869
1693 4609
3952 9114
846 1475
9495 252
2976 9892
9740 1480
6030 8481
1357 2566
6544 8931
446 8307
4107 3107
6820 878
1771 8972
9918 2691
5793 4717
5483 5171
924 2310
3622 2432
5720 7743
8834 6346
4245 5269
6239 3878
2752 1502
4231 1843
850 3650
1202 9471
9983 5923
134 2369
483 8444
5402 5195
5204 2736
412 3545
8387 5145
8293 7173
117 5354
5244 3037
3334 9791
2815 5705
625 3774
9148 4196
1333 4534
7526 4183
1980 9751
146 8916
4803 7653
8603 811
2032 2707
6732 8725
9003 7871
9531 8219
1477 1667
1829 9703
439 5647
1504 3756
3977 5709
5508 6543
2324 2182
7592 5274
6439 1390
3557 6062
8048 1612
6487 8520
9080 7128
6368 6061
3916 7577
4721 6284
2190 4060
7646 1430
4925 2263
2343 9119
6263 1470
8578 9748
3243 4451
6095 9699
314 5564
1595 1268
2209 5628
7797 1491
1882 8616
1672 404
6334 3457
1101 7004
208 5969
8379 5229
2419 8740
6378 1019
4923 8094
6203 8077
898 5598
36 3647
9087 5437
9404 9988
3151 8487
9992 6711
6804 1477
634 3983
2413 7097
5833 3003
9026 6100
5760 5642
1918 3856
4557 1412
3397 4234
3810 431
3940 2941
414 4330
900 4223
4430 6188
464 2875
4275 652
7239 6141
4142 7478
8413 6408
7322 9064
1506 8584
4803 111
5442 9668
7367 1465
1083 9016
5035 4554
2920 7641
3849 6155
9115 8383
2000 5197
1950 1175
9776 437
2411 7656
6800 7625
5773 5607
79 8271
5332 4144
5946 9965
1020 2143
1875 479
6732 9598
5293 5091
3451 874
8562 6197
4690 8181
1156 8726
7381 5927
3983 1674
445 2743
993 8210
7023 742
6603 4320
4849 8884
6760 7687
8706 3101
4026 445
4606 8604
1342 342
9550 6580
4566 1971
8736 8992
5442 8179
2563 8130
593 5485
3466 3208
1900 9772
8760 3054
1074 5263
9140 7247
184 8700
3572 3634
1646 7677
3158 3765
1279 7883
8413 6100
5881 3651
5650 3230
8734 5108
6526 3574
2345 2551
4103 4330
7461 3559
4203 9112
5932 8204
2932 8885
786 3762
4476 5945
3526 6096
6332 6044
351 5268
165 8784
6530 9937
8567 6930
6665 2928
5268 6066
9893 6019
8601 7867
2121 7636
7030 9886
428 6511
7832 2926
9576 3050
151 3264
1658 9568
8926 5119
2409 8978
9140 6805
594 3955
9274 618
776 1717
4117 9408
5618 7589
5203 9562
3539 6169
6101 95
5039 5667
1710 5449
2685 7048
1422 6214
4278 8723
5170 6123
9220 2196
2996 5368
1387 7132
4695 3534
9437 2315
5440 591
5185 5734
2537 8358
9458 7743
9917 3827
4293 4520
3973 5067
9911 814
6328 7819
9191 5305
834 3145
6591 2981
322 9386
3801 237
8555 6491
1714 6577
320 9461
6142 3505
8378 6979
5747 2602
142 6543
4027 6484
7884 9827
6043 9282
1736 7625
1404 2456
5039 1963
4430 4659
4043 7633
2453 9602
1937 2138
1672 177
8872 7608
274 6554
2032 8562
4812 1398
7780 5582
2842 2365
643 126
2502 2482
1992 7335
6795 3911
4809 9098
5534 9502
5737 3940
9916 6839
5878 6804
1154 9474
2554 9788
4677 4835
2079 2850
9641 4052
3672 95
1440 648
1704 6356
8286 3336
2547 8738
3875 1070
4446 9409
7383 8645
8910 6290
5966 8098
5374 2036
4472 3396
267 1787
920 4301
2606 3023
755 2544
6388 3253
7568 5513
8855 59
6469 3592
1092 3482
8767 8991
8667 1176
8632 172
6307 6418
7807 1715
1498 8721
8680 2808
4619 8303
3361 2151
8870 2151
3653 2673
7176 1969
9593 4882
4142 7038
8703 7528
8453 2886
5311 2235
3886 6294
2043 1438
5902 4625
9668 5406
8918 6140
3077 2634
7901 316
6205 4784
1329 1987
2732 8197
277 370
4521 3664
4276 9495
3644 8464
174 3288
5755 3164
40 8657
3518 1306
8590 8889
1135 3797
5945 3530
2760 28
4085 5446
7747 5352
1516 5825
3556 6499
650 8599
1426 418
393 8650
5293 4893
9809 8121
8461 1029
4238 6196
2555 3544
3547 4292
4660 2627
1076 3351
5692 4531
4105 3802
3699 899
3812 4223
8079 9450
5199 4369
4032 4226
3413 47
959 5920
8892 9967
8885 6581
5988 9898
4664 9579
4853 6297
6431 3005
1594 4337
2428 4913
7645 2526
9804 7093
3381 9382
3603 1847
196 6634
1257 2823
8836 222
4603 6162
629 8623
4645 911
7234 3076
3285 3379
972 8208
9383 8618
9588 3654
5183 2923
3426 5489
4977 5154
9037 1686
811 6425
7645 1721
9229 8043
9016 287
1815 5463
1449 5342
7361 2083
4238 5646
4348 1805
7821 9652
2224 3123
6850 6482
3608 2446
1775 5633
5758 9115
7971 9488
39 8487
825 2751
9032 3691
4894 3304
2581 4686
5761 674
5442 3109
4461 7357
7958 7684
2876 8660
4655 7344
2103 2028
676 4506
9750 9461
2518 5690
100 374
4525 2925
2503 7223
5247 6293
2666 4477
9450 1184
2103 5074
1796 5826
1711 9394
5747 873
2527 7967
1684 6258
1904 8513
5151 4491
3363 5987
7711 7123
8784 2612
6361 1153
7767 2221
5652 9738
4916 9175
9170 2311
9195 5751
1305 88
9112 505
9655 1427
7425 4564
8770 7157
2099 2699
8062 9285
863 4937
5951 514
6961 2888
5671 5829
5764 4559
2696 1642
2876 4956
1259 4644
4810 1299
6254 9267
4688 784
2713 10
6522 6574
176 1913
2698 641
55 1357
3470 3601
2649 1651
3180 6013
4978 2990
6793 2499
8737 1479
7802 4877
6525 7114
4724 1272
3118 2516
4881 9594
6125 7180
8733 956
7237 8030
9694 4377
1047 6585
5338 8197
9481 6713
9397 1121
5384 3883
9981 2606
4776 5232
457 8705
2831 7949
6585 2977
3883 4547
7045 8331
9941 5543
2341 5052
2979 9769
3739 597
8134 9951
7396 2374
7638 6337
829 4389
2375 6743
4221 4434
4547 1157
9478 3166
9553 1768
4954 2972
2478 1916
5087 7968
4070 185
3452 3290
1798 7526
915 534
8989 2076
3474 9172
8283 5297
7476 3282
7489 3746
1922 7417
7632 6949
9916 372
2331 9278
5499 8154
7856 6778
8873 8788
7216 5142
9676 2467
2302 6254
8435 6347
4046 2177
9466 1196
6311 9614
8742 4777
5927 6241
6821 6683
9668 778
2359 1927
2110 4569
5298 3387
7103 3292
7267 3134
1642 3188
2292 3270
514 795
9046 3215
7164 619
3036 2906
1068 1088
1236 7317
7690 6327
7740 9073
5386 3513
5806 1066
4859 9365
9643 3713
3387 4718
4495 7627
8436 4962
5826 1691
2864 8060
2917 9872
5697 8370
6621 2339
9398 2340
8190 6626
4738 2780
5024 8772
158 1001
9138 9704
4627 7271
5533 139
97 9248
9357 7240
2688 5861
5165 3355
6993 7822
2376 5222
3932 9984
9696 2397
2682 5413
1245 6466
1039 5314
3441 3223
2536 6234
8291 288
2041 9675
656 1762
979 6845
9790 4637
7260 9468
2068 8357
3735 9015
3596 9351
4250 5674
8191 4500
8324 3043
786 8385
1202 9532
4225 6785
8209 2275
588 9080
760 4168
8972 9387
462 44
6902 1371
5637 7109
8090 3751
9034 7232
8289 699
2561 3513
7915 6379
5915 5252
8218 5370
1618 3825
7820 8707
7803 4108
7916 1770
603 814
6937 4869
3829 5522
2146 2116
6900 2735
308 8221
2744 4960
9282 7576
4404 2195
9794 2503
8173 6135
117 2624
8743 8880
8435 133
9119 4966
3179 8126
3974 224
5708 1875
4622 9076
2915 1637
7149 1732
6516 1819
2932 823
6605 5540
7275 3534
2962 4866
389 4372
4143 3830
9772 8621
6888 1812
9296 8103
499 3685
5038 5584
8005 4699
6876 4848
5020 7149
1641 5353
5825 8071
9473 2178
2304 2893
5466 2476
4366 9742
607 1309
6608 6201
734 7537
9312 9107
8672 9484
626 9401
6280 1188
2766 7798
4896 9449
1021 3514
8335 1433
5770 793
8889 3941
8183 9148
5418 1802
7045 9743
2570 6287
2625 5994
3869 3580
9607 3174
9237 2180
3629 1878
339 568
2409 8032
2877 8137
3829 3107
1754 5364
4023 3121
1693 7303
146 5744
3732 8772
991 9367
999 7272
8817 752
5361 7818
6369 9594
1381 8771
9233 852
9465 2141
5958 574
2252 2584
7462 6085
2226 8166
5889 7240
5918 8732
5364 2696
9436 9145
9832 2729
4902 6543
1443 7676
46 8276
1755 34
8754 9582
8876 8525
1531 4648
5691 9749
4938 6213
6807 4009
9603 3269
998 3488
5929 7712
5258 3343
5335 2772
1804 1602
3397 9464
8545 8024
5735 5860
8907 6656
5342 681
8657 5727
5899 2292
9815 7999
2349 6276
8226 4228
4989 8672
5117 2670
7470 9025
3528 7301
9073 7483
9861 6021
4157 3796
6013 7130
932 895
9562 4907
1613 61
234 2287
9978 9925
3080 8952
4642 3208
5001 7985
7425 4421
1504 1215
819 3327
5960 6341
2074 2499
232 8899
1486 528
3276 5228
8403 7112
1092 4509
2831 8261
6230 5047
7278 1526
4404 1592
2705 6809
5150 3331
7149 6485
4485 6886
8053 9335
7310 431
6707 5093
2874 3733
458 5697
3941 8075
7968 6645
3627 5404
3966 4870
9526 3640
6520 6519
9634 4634
2528 5432
4615 6484
1351 2652
6199 7107
6292 2905
9432 8327
98 6185
4788 898
6670 9617
9175 8378
3561 1680
1449 9468
9485 5830
8106 1115
9214 3795
6982 4348
8675 3746
5624 2459
6689 568
8400 4221
7706 4298
8215 6390
4431 2825
7364 8964
2271 6435
6273 1040
8690 469
5432 5793
4620 8618
3663 3138
1729 904
6998 5352
47 7256
3486 1455
4625 5700
2249 3010
7354 971
8529 9303
3789 2166
8611 5666
2866 3588
2465 5230
3098 713
362 7654
3548 7823
1982 9957
4614 8557
3602 3858
5692 6605
9228 6429
7168 1050
7775 8669
1119 2799
1289 3439
2377 4420
4323 6893
8464 8783
6441 2010
7136 7527
3736 1885
417 2355
8018 3714
4888 2622
4096 3854
2767 1205
108 3936
2096 6635
8734 3251
207 680
3570 6790
96 5400
5594 5241
2715 8383
2383 5658
1225 905
1200 3063
3867 3872
3958 1021
1379 2661
5346 3166
5814 5257
1411 1189
2139 4227
4973 6196
7189 7096
7633 6965
7178 7324
3482 2852
4651 7205
5346 9716
7350 382
9672 5172
7514 8855
7099 8613
879 644
6003 9878
7343 1281
6589 5774
7072 8860
8556 7138
9244 9690
7253 1738
5086 8607
2527 2120
4872 9257
8618 260
4367 8977
1786 6407
7997 1495
5447 5179
3546 6246
1631 2039
9621 241
4306 3261
211 1258
5569 8444
9121 2291
2098 643
4102 8305
5286 4830
7256 76
7701 7108
