14 3430
9647 3690
739 6086
9713 193
6726 3351
3226 6927
7166 2640
9322 6229
888 7498
2850 9915
7487 1355
4013 4166
6224 1275
3203 8498
3528 7800
7199 7489
2391 9751
9244 2845
9226 2976
3338 2391
4261 3076
8558 7657
5757 5838
3550 5172
661 4664
4644 3982
7381 3830
6885 2431
8228 1487
7145 2772
4092 7791
7401 4418
1606 6047
8756 5026
7861 9543
3113 7655
4820 5002
1313 1220
5831 3814
3919 9970
8310 1418
7957 6218
5140 7838
9169 9221
6934 1397
6654 3972
5358 5967
3133 9182
1030 989
3742 3261
3793 9871
9732 7469
7528 6872
7918 9538
6717 6135
6378 2239
4209 6524
1681 9967
6691 8297
5433 6612
4805 6814
9445 8580
9304 6426
3373 7191
4770 7988
5611 2188
3503 6483
6204 487
3325 9365
628 9064
4891 3969
2590 7869
7899 7515
7687 9093
9447 2775
7609 744
3197 4992
5341 5989
1265 4265
757 9716
3828 9181
7412 1812
886 3185
880 896
6541 3010
4116 3397
4128 6669
7171 6560
8736 2023
1800 5713
1956 1530
8645 3827
737 2954
3161 1376
863 555
5646 6867
6785 9126
3386 5106
3002 979
5264 534
4966 8010
263 7851
2479 6014
2393 3207
3924 8959
9528 3598
7019 6566
1162 8034
4545 6044
9546 2605
3193 3677
4963 6971
9039 2279
3250 9809
9674 1743
7218 8738
2220 4689
7934 3926
2629 952
2964 5372
5914 605
2537 316
6425 4729
2822 714
4061 696
8049 5754
9377 6946
7726 82
3018 7715
8591 4990
3685 6717
4755 7156
8494 75
8203 7510
5463 4358
8953 7944
2418 7548
2320 2021
5171 1971
2987 1023
9526 2100
2056 9266
8617 37
6411 1774
9151 8309
5652 4122
2711 5706
352 2017
4417 3323
5295 9190
3144 1249
3789 9123
946 8768
2185 5781
7059 9700
9680 8407
1478 1166
3966 310
4511 7014
3256 6795
2662 8042
5043 5074
9702 6853
817 8775
7155 3638
5775 270
7445 8581
9217 8538
984 3933
3963 4563
1654 466
5558 3655
6641 1552
2789 4188
3584 6637
6978 5789
7508 8758
2336 5374
5661 6412
4943 8347
9112 5869
4129 9591
5271 4685
7194 2825
7692 3038
7694 667
7898 2877
1494 3230
8069 665
8331 5546
1599 6262
4440 1323
926 5001
3763 3067
220 4021
7209 4358
5316 5609
6092 1629
8127 4440
2423 8365
675 400
9384 8906
3226 4259
857 4083
1462 1948
6410 5358
6737 1286
6504 4956
2534 6368
3807 2211
384 1806
6681 7514
8456 6951
4695 1855
2795 9297
1465 7507
553 1992
6973 2788
3800 2558
9180 6608
4716 8680
6717 8231
2337 5049
9143 7894
1911 4123
6243 9745
9720 1755
5291 4868
9334 4200
700 2927
9946 7171
8261 9842
3101 3580
9993 6465
3730 1832
51 5406
5943 5144
8435 4932
3502 4570
7400 6931
2610 2417
7537 9151
7315 1868
8450 7391
492 776
9707 6902
5330 6004
395 843
9025 4101
8424 7109
9747 824
3135 6331
1698 4149
1355 7193
6610 1126
3816 1481
4948 2798
9011 7441
7070 6251
4070 1482
6905 9301
3347 3073
7303 7132
1781 4160
7636 2582
1245 1642
4814 71
555 1609
2344 5670
1721 295
1753 6663
9759 3412
7194 4987
3754 9597
9793 4164
669 1980
7392 8062
4401 7314
895 4659
6139 978
8792 8820
6956 971
5354 708
3585 5186
4042 4873
1191 2442
3102 7698
8558 3634
1688 5234
1042 4305
2092 8707
284 462
5717 6065
9801 4940
5709 2454
3682 2207
6053 8121
3964 8228
6158 8817
7591 677
2539 6780
8944 2407
3657 6886
9906 509
7017 6942
2466 1956
4775 3838
6507 2181
1472 5713
9142 1052
965 5653
7585 9799
9114 8537
5833 5098
2159 9016
5831 9832
3633 126
5556 4416
320 3757
8494 8721
3099 9466
2885 6504
5385 1501
9024 2241
1545 9624
5060 4599
6958 9650
4776 6826
4092 6130
377 5351
4842 3329
1374 7877
9023 8489
9016 9533
9007 1082
6173 6697
1975 3034
6749 7015
1500 5922
7750 5368
2538 7806
526 7379
2395 2573
9398 8672
8246 9103
8981 921
2514 8802
4749 4053
6633 1447
5402 6540
1321 4472
6310 4177
333 4597
1197 9546
5543 4449
7920 4745
3952 2554
1092 4999
534 3725
106 8058
1904 7021
4805 147
7363 784
876 9962
9231 8814
7911 3999
6199 4093
8473 2985
1873 1376
3175 4336
8984 5796
1032 3133
5409 3765
1611 5698
2196 6388
5136 9534
583 8639
3395 8109
484 5664
7674 7977
3794 8114
3523 6079
2027 3253
1675 98
3275 9885
5467 5446
9234 2887
1381 8403
6888 1123
2813 9423
9707 7951
5297 4890
9837 4799
9539 9535
7982 3087
7257 6066
5072 3496
6630 4921
8984 1850
1192 9002
5897 5272
8762 7749
4130 8813
2377 467
8231 7103
6073 923
5837 2144
9415 7792
6572 8191
5755 1553
7004 3647
8528 2078
3387 5628
5438 1472
9513 7438
1174 8530
8550 9047
6440 2127
2706 9966
263 7855
5127 2455
7469 7143
7895 3050
453 8100
8579 7883
5659 8099
2934 8224
1881 6971
626 336
7024 6850
3373 3841
7106 8380
988 1856
995 583
3744 5181
1787 8891
3692 332
2714 5080
6649 4613
2699 6906
6622 5944
4810 7083
8669 3854
9949 7284
3973 4142
9777 3501
8696 6616
6120 9345
3144 769
5711 1189
9468 1884
4243 9722
697 2336
1278 6519
9930 868
838 7644
6264 5431
271 4564
7272 1986
5047 5467
8549 9814
1679 3012
6227 2516
8503 4221
7323 3092
2503 8269
5130 4539
6 8322
4940 8845
809 2755
4226 4025
5604 6795
5131 4131
793 7362
9143 1898
2771 9373
6917 4925
4425 8291
1120 4458
3286 1602
6087 1960
6386 41
6795 1000
8931 4351
7450 9976
7094 3632
2159 3904
9492 4805
1091 8429
2350 4374
5089 6069
5010 2807
4816 955
5158 4893
5209 886
5856 239
2376 5945
3287 9774
1562 8357
5391 2741
1431 8776
8745 2494
8117 2696
9680 264
2238 3099
6673 5170
7559 833
1986 7493
5462 527
259 4017
8860 5076
7433 7783
9766 3606
7176 8615
4827 7371
6802 5701
7643 8495
6688 6353
5777 8122
2174 4632
3273 5543
1545 7319
4821 3769
4971 6453
4736 2651
3118 8234
7127 105
4818 2195
5879 9459
7930 6616
9580 7630
2254 4224
9286 996
9979 4895
4163 8616
6691 477
993 9852
9011 5901
3818 7305
3785 9343
5620 725
2096 1958
6846 5316
8365 3632
4648 4241
7970 7977
5912 5677
5795 6849
7230 2983
5024 4757
5689 9311
3876 1631
1737 2146
752 5952
9620 7126
6226 2174
9686 6847
2743 5165
1917 3137
323 9602
7696 2503
6582 6424
4075 1817
9311 7845
930 5557
7188 720
6525 147
2416 4662
6810 4975
3959 8179
85 3371
4570 4805
8823 5933
7006 2298
9995 3121
2321 2681
3978 5051
2293 4016
2067 1983
2880 285
3279 5952
9127 5418
7910 4259
4310 4450
8511 4368
1534 3590
2518 7638
5658 3261
7349 8248
4494 4392
7790 4692
1660 7728
3470 7977
6367 5828
6186 9688
2639 6773
5793 4509
5604 7239
609 1273
4327 845
7705 5385
6060 9441
220 5140
9249 1
6380 3380
6918 8159
4621 7334
6733 6127
1565 7625
7989 8419
3381 8820
1208 4318
7794 5470
741 1176
5356 6332
3837 176
5141 4983
5500 7774
6890 984
572 2572
4328 413
4126 3662
6808 1588
6057 7318
2251 3240
5238 2031
6101 9576
7825 2137
5836 5629
7398 8220
5982 7669
4989 509
6882 2678
3472 4750
5308 5631
5891 7672
1661 7696
7199 8397
850 4973
7426 2697
9184 2719
1374 7639
425 4457
1443 6426
1191 3172
6738 1249
9831 3442
3881 1484
485 9813
1743 652
6361 4416
436 8379
3576 5988
8443 4535
3121 9730
3995 4336
3205 1736
5075 7183
7129 8058
2499 8929
5377 4781
7663 2515
7573 5968
6377 7147
4648 2807
6606 8138
8458 9515
1369 3578
3853 6215
3460 9667
1975 5724
2353 4098
8029 9230
8822 8866
1095 4133
3230 4667
4860 3228
8464 5371
7289 3189
4559 7666
6601 9204
6576 4192
737 1284
8037 3698
4208 4591
7018 5183
3597 5605
5920 602
8990 1121
3724 3966
1363 1170
3585 131
1927 7335
2588 436
1208 8816
5291 3117
5253 6797
6103 551
4776 8858
9836 1118
234 3399
3750 999
5323 9606
4866 8872
7060 416
9226 3710
1263 3167
1834 6137
8332 9849
7411 6537
1080 5382
3471 9023
4013 941
9921 946
9430 5553
1586 531
7205 6553
5460 2269
9630 7829
4690 6000
5273 8041
2019 2224
4916 4212
6787 9315
8400 8690
4613 9580
516 2549
3652 9542
2860 3900
6060 2543
7701 997
7823 2414
2192 8581
3178 4182
9059 8339
5822 8619
2987 2749
6682 9477
413 2555
4105 7322
638 6056
6643 1793
3716 2787
2633 8236
3130 8288
3735 8627
2780 8821
359 2039
7858 906
6130 4439
6701 175
5221 3544
2039 6463
8619 5555
814 4137
1505 2742
5639 6393
5437 6444
8596 4524
586 7841
8154 3361
8781 4462
2013 9951
6934 7071
3792 6420
6459 1823
7138 2111
5677 5988
3951 4198
3394 2294
3595 6256
9510 262
1435 5665
8012 9441
5028 9901
8086 759
5372 7459
2068 8695
9252 6504
3016 3960
9822 5839
8675 3490
1293 2404
3268 734
3579 367
4621 9109
123 8150
1286 5784
4448 3152
5055 1349
3438 9264
7194 5156
2313 1049
6829 4240
9448 686
6820 4686
9607 9310
7398 2182
1457 310
4645 3292
2592 1107
4634 2645
5425 1683
2226 9388
82 3143
3519 8852
9637 5927
5151 3810
3472 3492
2975 242
4693 7776
2655 2452
5435 1704
4010 5009
3044 6879
5067 5923
1604 4399
1874 2008
2085 2191
5777 9173
7771 3581
8524 8019
8102 4849
7307 2134
9891 1740
1104 4197
6319 2030
1229 5360
6069 835
9606 295
6574 1990
1675 6386
8908 5363
8264 5032
7025 7524
6004 9458
7644 8212
1319 5411
3724 585
115 5911
4318 6693
7353 2263
2110 9323
6323 9332
7773 2327
3526 950
7823 3316
8302 8720
34 6723
5554 3879
7064 1355
5107 8034
2216 5238
4829 7760
2498 7058
5017 1580
777 5612
4201 2980
5751 2070
410 5818
9551 3630
6397 4167
4925 7589
7597 7079
489 3115
2517 3257
462 2194
6969 542
4694 6646
2956 5290
8410 7569
4497 4267
5337 228
8283 9046
9083 9661
9532 6747
8720 3422
2195 5663
9207 1968
2378 3569
5317 1417
2122 7292
9047 8102
7865 4978
6968 8668
3467 759
5459 2934
3189 2212
9429 9601
3407 5818
7529 3753
9602 6819
9261 4540
7637 317
3863 8020
7648 4347
2375 4331
6870 2481
63 6581
5147 6617
6277 7336
1334 7976
4463 2952
2033 9411
6806 8094
1745 6271
3849 8916
4633 6517
7809 3231
7933 557
8249 1022
9133 4489
9639 9050
5814 4693
3826 9053
4196 450
2079 9126
3992 3838
23 4980
4017 1158
4063 5704
4036 2568
9978 9805
5375 6844
6564 6480
9729 1867
4479 9675
7820 2844
3857 8874
4605 4832
102 9945
3648 8471
5747 4127
3441 6717
1371 650
5934 1186
9614 200
3965 6313
431 6858
147 7099
9660 7900
7117 6376
7800 1451
1516 5067
1824 753
3164 558
7451 2465
959 8532
1016 435
8774 9133
818 9761
4807 1394
2792 6405
6305 6969
1962 9331
5503 5298
5339 8573
349 278
3619 2777
2993 7455
3443 5934
6404 1326
2747 8567
4089 8445
8924 395
9286 9607
9140 3137
8948 4135
2348 8188
1548 3934
1554 9118
9410 4839
9095 7164
4169 2789
6099 8287
3119 6237
9850 1849
394 7594
3904 2262
839 5995
7109 2444
4085 6824
2395 8663
6533 4849
912 2393
1039 2205
2627 3573
3669 8114
3004 4691
8257 564
1634 6700
1698 1797
4595 2092
8418 7608
7930 8019
7867 8902
8292 8371
3008 6503
248 8657
4556 5291
7311 4190
6065 9712
3046 9360
3252 9465
4941 9158
1099 5386
483 953
6735 1411
7638 6813
3598 4746
7684 9144
9756 9127
7006 7768
5774 9253
2341 9850
1763 9873
5567 558
3779 2054
1719 7588
4461 1593
6374 1260
3712 7369
9121 3755
6499 1147
5093 530
1494 2114
5708 6926
787 4881
8522 2793
2979 7346
7774 9989
638 8141
8207 2637
6154 4653
3222 9733
139 2566
2634 2329
9732 2609
6953 2764
91 7635
6237 2328
7787 4158
4983 7666
7555 8467
984 7623
5178 9339
5247 2757
9182 5296
759 4243
2285 7665
6822 5583
6765 7035
7628 3697
2693 8399
508 3614
5867 7053
664 6342
8250 8884
5623 7366
6662 8455
4890 9932
6967 1103
883 7813
2679 1940
6589 2850
3989 1987
4509 6160
4612 6581
8414 2818
310 9469
65 8884
327 253
4884 2021
1066 5022
3607 8459
4575 2205
3332 9917
3045 2010
5943 5196
6019 5743
5874 9526
1638 8338
5313 6749
6957 5245
1948 7746
1701 8808
6326 1177
6718 8117
1842 2368
4727 3363
8165 5244
6656 1991
8211 8100
1295 8507
7606 298
4457 7824
202 1668
4536 8117
8400 7218
8061 9738
9477 4398
2261 5590
6288 6146
1946 7686
4587 3854
5707 916
8924 5619
5173 9842
9746 5727
9011 5278
7941 3378
761 7674
9482 4634
4382 9757
7157 6945
1431 6
5839 6175
8097 858
7641 4025
7604 8573
959 8534
7512 1107
6422 8603
1781 7595
74 9201
6550 5755
3674 8192
8557 3071
2999 4118
3508 2009
1674 1174
8962 2073
7821 9338
5732 9674
2638 1860
7168 7201
4155 4974
7742 7998
4994 2282
2040 4570
8533 7938
3550 5281
5805 1679
1605 8779
5006 6658
937 2843
7684 8299
4186 8501
2876 1930
4985 1243
6910 1442
4766 1613
20 5019
7808 8944
1616 320
1691 8307
9228 8634
2774 7372
6898 1445
8284 1366
4001 2547
4624 1506
8486 534
8338 1602
4425 515
6685 1458
4701 1847
1277 4250
8315 773
3115 5958
8674 3106
9259 1773
3356 8235
6818 8110
7127 9094
5580 2839
70 5620
5972 6783
2973 2468
10 8198
8926 1950
7805 3946
3237 299
3108 5810
6535 7125
5655 2353
4448 9493
384 195
4655 7756
8529 5818
8818 5692
8032 4783
7291 2799
8829 9493
6679 3174
2988 1786
2680 2902
4766 8647
8140 2451
8673 7152
7335 482
6416 6628
6615 3805
5140 3088
8992 9497
1869 4501
8171 4137
5127 2331
5793 5309
4007 1253
469 6752
5488 2458
3113 8624
1249 9115
1755 8657
8669 8857
5840 523
7612 480
5975 7514
8827 1687
2204 4854
81 3916
6359 980
7009 4243
3855 845
410 6306
9758 1967
6459 3547
4873 7658
9149 4074
2787 1354
5764 891
8517 2935
1988 7952
2963 9285
5395 7073
1544 1495
8242 1131
1270 2195
6158 5783
4922 7792
5942 8639
6693 8049
4871 2084
2886 1760
9201 9996
3084 7602
4839 9083
1042 7942
1613 295
6209 1008
7001 9575
465 2538
1643 2281
8340 8603
3471 6977
8564 3652
5709 25
1973 5310
1839 3509
5629 7616
7938 2328
1723 1348
5334 2972
7648 2754
3306 6738
9040 9071
8422 8914
9045 5924
7763 8046
9606 4005
7835 4916
2062 2857
2418 3724
1541 9049
5129 9935
1487 303
5004 3460
4136 7851
163 7568
4065 9139
4666 5572
5438 1887
5035 7132
2853 7011
8859 9278
225 4366
3778 3834
9368 4725
2555 4321
3687 5638
9939 6914
8751 6190
3233 6370
5359 2883
2277 2246
8494 7702
5576 8250
1508 9356
438 4487
7225 8487
6396 297
5676 9770
4193 6920
7111 8092
6387 4614
2958 5626
7589 7343
476 3035
6095 9057
2406 131
2072 6930
3042 7431
338 2283
4109 5357
3929 9856
5834 8356
3974 6071
192 2579
1156 9681
3394 248
4405 7691
8719 4813
2805 7208
8103 2329
2335 2600
8480 9900
7704 1802
2268 6976
8802 731
8005 8560
1837 5477
7854 5129
4363 123
7651 111
3969 4922
2029 399
3212 6377
5041 452
1159 8127
5679 7384
703 7847
8605 3721
8823 7327
383 3183
5500 1676
838 8193
2197 2090
2207 8928
6379 4883
7272 670
2781 4073
8313 6945
324 7167
4300 8953
2569 3106
2338 6657
257 4373
2497 2220
732 990
3295 7569
4620 2599
2533 601
8539 5608
9946 4878
7755 9175
3871 1205
8215 3646
1463 5467
6482 3388
9959 94
8239 9638
838 6583
4859 3416
8463 8070
9590 2627
8550 8712
7917 663
883 4784
7873 1788
956 5528
6463 4435
9642 9849
2072 1387
4003 5538
4076 6282
7062 7854
6931 4136
5176 5580
9106 9172
8631 7896
3895 9280
8119 5469
6209 2875
2924 4353
9460 6142
1441 5704
5726 2354
2295 4532
192 2526
1434 7650
8444 6326
2585 2012
3233 9137
5417 407
5529 8727
9514 6620
3928 7834
6834 9706
127 158
6737 4525
9397 972
6279 9834
3233 2734
4562 4336
3769 8083
4596 6441
4162 9074
96 8038
8738 8869
4035 9198
6060 970
8135 6886
7758 1944
5163 6380
992 9199
5169 2115
4825 3473
9785 4463
7971 79
6467 3091
6618 5704
7560 6631
2102 7091
4738 7153
2732 2828
3652 8921
7853 9364
6462 882
281 9874
1054 412
5952 6903
2628 613
1086 630
2495 2484
249 9518
712 5078
7957 6573
4989 7795
6721 705
8071 5628
8576 3585
263 5373
5891 8771
7622 2274
6369 933
1718 927
2087 4473
6223 3996
8938 5334
4729 4020
8235 5857
3059 6969
8724 837
7798 4957
2452 6412
569 2423
4956 7981
8335 4115
5516 212
228 7499
1214 1114
7741 6530
4229 8820
5886 159
4838 233
6123 1792
7673 1636
3087 3782
9430 3456
4275 6428
835 1653
7696 7403
6509 3935
3143 8494
7890 1526
2934 1675
7125 5335
1323 2346
7714 6898
7745 2047
9304 8312
3791 7604
6494 8888
5883 4304
5447 9335
9371 2071
1035 1017
1145 9025
9066 4175
3195 4991
9580 4396
6662 2958
4358 1191
6978 720
4970 1984
4065 8028
9834 3000
9231 6871
9893 7781
4712 2362
6057 6941
3013 9565
5248 9283
9632 277
1101 4875
1880 6562
4348 8437
1080 7152
7683 9934
8379 5436
4059 4520
2937 3396
3341 2025
9065 5131
9459 1086
2334 3103
9984 971
2026 7188
1597 4301
7741 611
9356 7000
8060 7009
7041 9770
8915 878
4192 9371
2704 542
4677 2475
8993 7069
2894 7469
8996 1072
2017 3934
4353 7868
1851 7806
9511 9102
71 1057
1128 8616
5020 1134
1741 8321
8190 800
1340 9963
6219 7315
3294 2986
9680 815
9170 3453
5658 5972
7643 8925
3200 7902
855 6134
4356 982
2081 9264
8263 7852
5476 2962
7111 8283
5194 5464
3590 3105
1481 6946
5432 273
6230 6669
7408 1982
2637 8741
8168 6810
1614 5610
3473 5980
3836 4571
9912 7836
1825 5012
9389 3594
2092 2094
5994 5358
2491 3267
6753 2643
9160 2845
6937 4975
1833 6192
8847 3553
220 4013
3680 7454
3070 8205
4793 7711
1076 4119
2662 8760
9155 3911
2357 2647
3256 7634
7373 499
3085 4783
7932 2183
7194 1436
5735 3696
8491 2820
4564 2653
6840 4587
8756 7706
1514 2493
2257 551
1057 2254
681 2906
2446 194
2260 2956
4672 1553
8942 3816
2904 2240
5807 6258
3183 608
154 6250
5906 3002
7728 3076
2552 3636
3585 2695
4145 9219
5 9954
8119 2264
1842 2429
1797 8284
367 5324
8233 1733
7812 5123
2359 8438
6959 8590
3909 6481
9723 664
8489 1322
131 7568
6755 9470
1913 336
5433 6043
9717 8470
4715 5534
5245 1562
2579 7515
6940 7651
8332 3674
820 1081
4818 9567
3631 4113
921 1658
4570 5035
6638 6562
8895 7500
4628 8359
7791 8581
7570 6663
6253 3314
7545 1880
6942 2075
4941 80
5856 4846
4551 9465
4494 2515
1557 3050
5167 4220
5174 4610
7867 8589
5271 5216
3017 3795
2337 8466
5093 4392
3682 6400
6918 6161
8241 8012
8767 3103
7488 4742
9363 6103
3189 4666
5202 3517
7761 1080
6071 5134
6177 4069
683 9036
1918 9542
8977 6188
8996 4215
3607 870
6325 7121
894 6223
4199 1684
9152 5896
1700 8309
4356 850
3855 1322
2319 8960
1432 7447
5960 9709
2942 9353
4606 7269
6010 6039
7220 1799
2403 565
4853 9482
5242 811
8270 165
7128 5485
925 9992
7346 2675
9779 651
9741 2345
6839 2578
7561 7703
8787 8655
76 3486
4784 7409
1389 2111
6408 32
5738 3701
6001 2125
3829 2463
8330 4888
3369 8140
2799 6526
3886 8595
2871 3662
864 4333
6684 9887
2967 5063
2341 585
6824 6605
5573 7582
8566 5895
6359 7444
8576 5536
4048 2375
7050 6170
3655 1397
6889 5286
9613 4872
9751 2133
2555 8636
7914 2690
2709 1640
5296 2941
7928 9943
3287 7215
2318 7353
6258 7230
7018 8675
5204 8758
5052 9118
988 6465
7343 9145
2090 8024
4058 7627
9467 6228
1845 4931
3834 5411
2241 730
1081 5767
8651 7547
504 996
8193 3407
6378 8183
5473 3647
7212 7628
6837 4038
1807 7685
7139 6066
1313 3915
2596 5630
9042 6213
6039 2459
5440 8021
5044 3362
277 5396
3024 8938
3543 606
3971 6008
8115 4897
2160 7291
9704 7887
6137 6040
858 315
4597 175
4517 6302
2179 1275
451 9238
8651 9199
1724 6064
2080 7160
2030 1152
3897 1898
1880 8297
3631 2947
3998 3643
4944 6941
8232 9861
9756 7501
9110 6343
9875 8132
3082 7212
2409 6180
6192 4353
6581 5397
7312 4155
7254 1935
6848 2479
6426 7674
1407 6491
5390 5543
7188 2483
847 9537
5277 2633
6025 3021
8484 1464
1652 4228
9451 1896
2479 5434
5486 5372
9378 2320
3867 261
8289 3561
9168 2
2478 8363
6234 54
9783 6462
447 275
7798 210
3589 3326
4160 4310
4189 5802
6245 1051
1998 3417
5543 1947
7561 5114
119 8178
2758 7720
2016 2653
6121 2755
6494 6235
6120 7485
577 3636
4601 2955
1639 9324
5954 2470
6630 4968
8988 784
2117 4640
1203 4714
5780 9349
369 5979
7200 8854
4447 2794
4112 8173
9375 4505
1606 7174
8564 3997
8867 5755
7820 52
3045 2262
6635 6722
366 8431
7556 9697
7917 7690
7855 1857
7989 4826
3017 5933
3330 8150
4302 7263
7058 4209
1214 9817
9012 2830
4824 9001
8935 9965
6309 8901
5629 2726
3488 4363
5334 4269
1505 6623
6245 5883
1499 9289
8336 3082
277 8981
7259 6390
7023 5625
9393 8914
7072 3531
4947 3981
9681 2147
8730 7294
4141 8203
8516 1592
1767 2930
3355 2275
9461 6466
1010 8320
2780 9924
7723 9247
3196 8819
9564 7762
3070 5418
3653 7459
3601 6774
7948 1084
6489 9208
641 1111
7583 5574
1172 4948
5329 1413
1414 6696
4667 7858
3504 812
1967 3876
7187 1558
5311 7142
8745 2983
6754 8580
8644 3574
9184 9180
1009 6768
1563 9276
9443 7835
9496 4958
7889 904
1499 8968
7695 7454
5102 6981
2037 8499
2452 9909
7813 9782
7485 8115
372 8008
1799 8455
8130 5823
3087 2849
3900 4386
6844 2578
9720 9940
2019 5839
966 3354
6960 8307
7500 5548
3768 6566
3787 8831
9384 313
2833 3090
274 3248
6299 1327
4217 2642
5841 1388
7085 5161
1243 9418
7900 126
7098 7840
3925 1423
5131 6890
9549 5870
3528 9600
3100 1461
682 2790
3543 5414
4547 5499
956 7496
5029 318
1005 6863
4179 3302
5773 6599
9856 2886
5560 893
5953 7469
5259 7317
7324 8021
5218 6498
5837 8462
6807 9488
7642 3348
1048 7741
6712 9564
5155 4348
2104 8016
6882 5582
3497 8290
879 6363
2410 3225
7959 2129
4166 5123
214 4926
5902 3171
8018 2709
6601 8578
2810 5266
7979 502
4308 8626
466 2868
2506 3808
2834 4576
3645 819
4018 3316
5945 666
3197 2120
664 4731
1424 4190
1824 9493
6993 9344
8020 7161
9525 6545
2846 9073
7641 8454
7642 4892
9273 5398
6590 5261
5888 9944
7846 9088
4682 6197
6368 2704
4745 5728
3230 2660
7120 996
9067 7629
5878 3190
7408 6768
9378 2014
6408 2372
2347 219
139 634
5768 6886
804 270
1798 5265
7498 8768
7670 7074
3332 8548
1618 1133
6626 622
941 7041
1664 1774
1103 4861
4979 4982
1882 4333
6670 1567
4605 4512
704 3543
6015 5773
1950 9577
7738 8763
2089 1778
3747 6588
5147 9117
4450 1083
3207 8795
1947 1321
6445 5892
5079 2193
6863 4190
6067 3731
1224 9944
417 7929
7184 2969
7933 6211
6290 477
3624 8157
9259 8296
5568 2478
84 3969
8979 9447
1894 8318
2797 9583
8430 2937
5326 9482
8557 5903
4985 3941
9123 127
2958 6912
2299 3829
1961 801
7127 3845
3324 5663
7073 347
4535 3368
758 4155
4873 2609
4979 3264
5126 6401
8167 7680
703 6555
7403 2854
4050 5137
9973 6174
4357 7014
1843 8635
2462 8155
8362 3610
8131 3943
8559 6864
4536 1997
2524 6754
690 7151
7868 4243
9787 9057
3248 6970
6986 9638
2371 5650
1917 4662
7517 4780
9150 3410
2813 7688
3734 7250
1064 1713
2452 4676
7716 9046
4909 8644
6939 4924
5905 7333
4365 263
5692 5468
8047 3036
180 7385
9712 2601
7878 3752
336 1216
6811 4752
5252 5088
8884 1402
4996 6788
6474 2097
1262 6750
1789 8896
6956 3305
6677 1904
2695 1764
7503 670
6088 9093
2313 9283
5568 6842
9952 2303
2768 3676
5409 3816
4803 6258
510 4011
9904 1737
1531 5231
4731 5335
89 3459
613 9737
9125 4079
9676 4367
2841 3413
2538 4395
3062 2594
3271 6380
1177 6409
1471 6590
4100 1509
8399 272
184 5372
8618 5042
2912 7615
1405 4960
8610 8305
5715 7790
1567 299
9057 7425
7838 6405
7351 2345
5305 3317
1329 6146
9374 5267
6855 5561
6899 3618
8315 264
1007 9744
1257 9397
4655 5019
9439 9718
5 8392
7364 1358
6627 5266
7107 2227
8729 8804
2620 8745
5503 8684
7457 8123
2082 2690
5932 6057
188 2484
1550 6212
6154 5877
6097 2081
5438 5377
6351 3129
2089 7136
4592 1421
8024 599
6642 2554
6423 6159
5877 9746
7658 892
6121 1741
9023 8045
9541 4773
8885 7586
7276 6869
5457 6837
9022 3390
5221 1605
5101 9124
935 6689
9094 5895
8285 4036
6101 5303
2423 1373
6383 5137
8686 8931
8066 4756
3471 3635
7954 9655
9158 5893
2319 2605
2255 1129
4768 8439
2197 7311
741 4621
1339 3264
6731 4665
4515 759
7409 1345
4776 2786
4736 8608
7936 4245
7380 1812
7698 2387
9205 841
9258 9106
2045 9024
9859 9215
9558 5840
3706 5208
3991 3620
4342 6358
4565 8322
481 2307
467 2409
2392 9778
1394 3028
857 7253
7970 2967
1835 7874
635 9806
4395 936
2275 976
8795 8190
9772 1985
7480 5439
6614 2292
6637 9594
300 3521
4565 9382
7831 9574
2270 6122
1845 991
159 8133
558 6152
2088 5529
847 9180
1652 7362
884 1074
2763 864
7673 8412
1500 30
7100 8550
5966 2434
8231 7922
736 3017
8476 1044
8647 8510
532 3897
8761 395
3919 3827
5175 484
1701 3295
9615 6871
7256 7383
9007 4773
7456 9888
3392 9450
8249 9524
9398 3840
3004 6830
2454 6134
2454 8120
1363 2374
7168 975
9769 225
4980 5506
3280 470
2192 2872
4461 3369
3246 2283
758 4896
2778 488
3758 216
7541 8777
9284 4734
825 8454
9167 9030
3309 2460
3845 8627
1190 4122
7329 2074
1171 1628
7673 4358
2293 3691
511 8415
5841 9352
2821 9300
5417 1561
5219 4471
6203 9825
9299 2638
1577 5190
8521 4293
5128 1845
9155 149
4497 1978
5111 3598
6938 5440
4772 1917
5659 6850
1449 696
1226 358
2677 2889
2898 8715
1503 114
3213 2603
9221 6259
2602 3240
518 1705
7356 9457
6456 3050
1287 5333
8487 5890
2513 4070
2812 4366
3223 3708
6876 5972
8839 5231
5630 3092
3312 3642
2716 8980
6322 7786
3193 9548
8120 7651
7521 2633
5091 8863
2703 1992
6387 8561
943 554
8360 8508
9900 2709
4120 9305
2740 7630
3761 448
6953 8541
3434 992
6806 1617
5080 6731
2177 2124
8857 2386
8004 255
6457 4846
5491 6945
2963 3972
1578 260
5696 3149
7540 8607
6401 4133
5642 8282
9765 3436
6313 6006
3457 50
2727 8347
6694 8852
1386 211
7922 6430
3516 5474
560 7982
2316 9651
8718 6485
6612 7177
6049 5788
882 304
8998 244
3893 5023
2570 2189
2320 9891
9543 3979
6301 3915
4382 4433
8167 5456
9704 7761
6754 5553
9171 64
230 68
7026 4440
2401 4231
9183 303
614 6595
7402 526
3871 2803
8064 1665
2669 4396
4367 3909
9511 9638
9206 4572
3363 1020
8447 7738
3312 1240
8907 9645
7035 7535
2310 9832
149 8602
223 2135
3287 7599
5888 4634
2438 5816
1808 3434
6837 8718
417 2122
2500 3432
457 2194
38 6677
2140 3799
4494 4606
2581 1263
6138 9481
5087 5645
9399 6333
5512 5528
6104 973
6903 3578
7885 6119
5022 8818
9434 5738
4718 5145
9108 3767
615 9145
4555 2872
464 1779
944 9357
3466 3359
9199 2609
355 2546
5230 8824
4094 8031
1897 4929
9520 3832
8027 2280
6987 3935
4058 2079
8748 3208
2208 2697
6023 9749
5046 3122
6575 1631
5048 9584
1790 9475
8229 549
9602 8344
7975 8482
8908 1453
6641 4671
8486 9573
5969 6264
1960 3547
9232 8868
9459 5649
7771 6329
6107 5151
185 3292
2775 4864
6271 5784
2129 3706
6675 8991
3898 1113
7754 1787
9292 3563
3125 9713
6122 7768
391 1653
7884 5172
1056 5426
3876 3094
8738 1031
1179 9697
7897 8265
7381 6951
2019 3443
4818 3203
5274 2022
7475 7983
314 2200
5210 1219
8020 1811
7426 7717
5431 7459
6070 2198
137 4351
8554 1866
6601 3820
9811 4117
1916 2
4402 763
993 6672
9426 5703
1604 181
9349 9132
9803 9073
1157 4336
4492 3810
5772 1578
7047 500
2547 9560
2485 8682
747 2078
2935 5885
8210 3732
7637 3870
945 5705
1096 1673
9375 8380
1097 326
5503 8112
4047 4227
5000 28
4385 7080
550 2035
437 5541
863 5649
1264 5929
3936 9849
8980 6780
6802 1971
480 9267
131 1943
2139 450
2517 73
6861 8967
3049 8750
7865 6800
1584 7223
4493 6626
4353 1627
8728 5899
3909 1916
8297 4400
1419 4015
4871 4828
8415 4513
6570 7195
2706 8774
8377 959
7056 2335
9256 7428
3876 8747
4516 5431
9737 3981
7565 8749
7145 5948
3136 7432
3769 663
5721 1490
7314 3690
4934 7526
7692 1098
842 2825
236 7970
8445 2567
437 790
4719 4605
2611 2218
4169 8073
9253 9129
4259 5788
8293 5529
64 400
2355 7338
8048 5203
971 4753
2411 8172
8707 1089
9701 4916
6726 9360
1060 2472
8037 5724
7180 145
1839 1944
6665 2476
8490 7921
2685 1443
933 4353
7930 6537
7978 2232
2108 2226
6535 2487
6921 5411
7437 80
3512 2955
8713 4788
7076 5699
372 98
273 9918
7562 9995
2030 8291
4988 6152
2546 4909
4096 8200
8923 7119
6197 8103
4622 4230
603 3794
647 868
2223 1896
1092 7634
4593 496
8176 2058
889 5999
643 4546
5357 9001
7810 5118
7848 1209
8343 3403
175 4148
6434 179
3703 7235
2111 8377
6806 7635
8492 6091
9853 7231
3235 6837
8784 5741
633 7591
2904 6966
7899 6516
994 925
722 2452
1092 6829
7785 8336
7236 8508
2702 5677
5288 8325
8222 4523
6739 239
5465 3942
9398 5388
1844 9214
8012 4420
2711 922
1831 4256
8940 4924
8818 1780
5716 5631
1550 7131
8499 3905
9952 8512
845 9530
4310 4721
6662 4987
7195 4440
333 1663
5227 8449
8916 4580
9952 7357
4300 2582
7690 4503
5597 7349
2252 6369
3982 8315
7132 2640
396 6455
2635 6521
2708 8985
421 3186
3301 6991
6984 5751
8310 4904
9725 2308
5406 4798
9628 6576
7052 2135
563 9025
7268 1201
5882 7881
5656 5848
6779 5130
436 8287
632 1288
3842 7220
7403 7266
8469 9986
7775 5862
3755 4447
7206 9502
9035 8761
5097 3480
8846 6795
1464 5709
8737 5576
8951 9477
7624 1505
8127 7495
7288 8874
8083 7159
3343 7081
9752 6614
4714 1217
1749 4134
679 19
3884 2453
6158 9710
8427 6043
2212 9264
2535 5982
7170 9390
5650 7439
4988 2395
4575 765
6919 8761
8314 4301
7455 8475
1088 3233
7077 4624
4675 8701
709 433
4136 9884
5469 1513
1248 1357
6449 9606
6370 2143
2522 9439
1111 4506
870 9547
4602 5082
1797 1535
2135 2991
4607 8543
7750 8113
5534 8408
1864 1481
6753 5156
5882 1399
9875 7555
49 6644
5900 5361
9069 6115
3976 8016
9035 640
8563 5260
3554 7798
9724 7278
5039 2063
9153 9906
7106 1379
5368 252
7203 2251
7587 376
6504 9797
43 9579
1984 2700
8524 959
6479 9215
3601 531
7741 5165
5786 2054
5853 832
4166 7335
6870 7043
208 5603
277 1007
1182 2318
6297 7117
6099 4392
7599 857
9983 8282
9876 5941
317 4849
2538 6618
8713 4227
397 6306
3893 7418
9480 7294
6029 4804
4293 4312
9422 2593
6562 9239
4900 9679
1018 7003
9170 1820
2713 7679
247 8294
3685 7546
7580 6226
6627 939
9034 5342
2690 6729
439 6020
8634 9838
6144 9601
7018 8179
7744 4607
5706 9375
6697 4566
7517 6816
2238 1091
4680 3502
8979 545
5185 6118
4070 6202
8423 98
4242 1061
2266 1045
4403 5035
7881 8530
2253 7118
7234 2303
504 3883
2475 522
4741 5969
6133 9317
3411 7791
3404 5573
938 1492
542 1263
6920 1712
846 8090
6023 7580
6818 3650
6456 2480
7263 7447
91 3727
1899 3866
4524 7674
84 6168
8109 8114
7566 5391
9840 6461
1988 4968
650 6700
4029 9021
8848 2158
2230 7655
5308 8816
5959 9271
1946 7832
4362 5639
9661 8044
180 6643
1155 1331
1619 6161
9855 5816
6227 8389
5558 8001
3117 3519
3987 635
2303 1959
6910 875
261 5561
4846 7391
7582 4422
5631 9832
1075 5485
6231 1462
9030 8833
9794 7768
3084 201
9859 1747
4092 3145
2044 3024
4573 5175
951 881
2140 4718
1952 5421
7120 2913
3795 7244
7867 5291
1422 3391
849 3758
8024 4716
7191 1746
796 2821
6286 6743
2283 7978
370 3881
2271 2262
273 8149
9163 2895
8769 561
5630 8509
6520 1433
2443 8381
550 8134
3846 6485
1507 1233
6203 9431
7747 112
5109 7359
7159 3059
8459 7407
2602 4940
3280 7807
3739 6106
1785 3634
4505 132
8267 7587
4212 324
9908 6566
4212 3707
7759 7827
959 7914
5349 4321
4631 3812
5477 2520
3268 347
9656 9849
9857 979
6907 2713
7657 3470
821 8330
7529 23
3969 1333
3542 1000
8414 4092
5111 8707
2190 9186
1974 9302
6375 8867
8166 6851
5435 9706
6927 978
3516 1105
6494 1096
8729 8425
3966 4953
181 1715
1020 2221
9932 1930
3529 3905
2051 1951
7032 1566
7197 6063
2859 8769
1567 5773
9994 9345
1095 944
3459 4748
4439 8677
9298 7363
8653 428
1191 2345
6821 8004
5689 9841
7208 169
7579 341
7443 4681
9638 3509
8402 9719
1526 133
2962 5059
7688 1452
5705 8896
1097 9755
7818 515
7105 313
7008 5076
9463 1828
5480 3035
2624 4138
3014 8265
5084 5435
4419 551
1939 773
1317 201
1843 7895
4787 3872
3797 7563
306 113
4896 4273
1095 8675
2065 3514
5352 4260
7667 2924
9714 9007
1422 5219
1597 7960
1389 2598
4038 5797
3506 3721
1493 4641
7984 9397
5856 945
1862 8416
6795 5102
413 5177
9313 6569
2854 2748
8848 4254
535 5813
2271 3861
8377 6066
6861 5806
5527 6489
1904 7716
8110 6661
9323 4668
3778 8852
1316 8485
6460 2614
8575 1247
9247 7238
6869 9723
1887 1777
8581 4152
5659 7705
3326 5200
98 5034
3866 4427
8110 8179
7510 2027
8772 9052
580 55
9621 403
9237 3675
8569 7417
7223 9554
7061 336
3005 18
8334 87
1561 8679
2739 8126
8503 3922
7995 3142
271 7311
8098 2597
2721 2716
1745 5066
3293 7493
1847 4030
7466 1687
446 3757
3286 7490
3759 5724
8341 1392
2523 9682
2007 232
8634 3600
9260 7031
8764 4878
4706 8392
3749 3400
7116 7882
5728 3606
4440 8128
3926 2925
2957 4524
8687 56
940 8937
665 4531
3391 2766
1801 3523
8872 8854
5842 8444
3079 9095
5403 9794
9242 1254
8951 287
6497 4174
8403 7063
1598 1595
6488 45
6658 456
3073 7866
5258 3791
8520 6722
5928 8689
4203 856
5409 4862
8194 3970
3144 4484
1060 4935
333 3374
7948 6617
4527 1892
4008 9140
302 6195
814 2142
8013 6904
1760 5403
736 5605
8167 4338
2807 1657
4761 9764
71 4
8159 7897
6340 3398
8048 1613
4594 4110
2685 9288
5178 4575
5028 8014
4419 56
9484 345
5522 5287
8023 7568
4858 3257
2168 1949
6405 4035
3886 5312
1587 6104
7133 4710
1648 637
3468 1537
7826 4179
1738 7175
7701 8843
3770 6305
2679 4760
1634 1870
3442 7671
2019 5653
5078 2600
5355 7338
9840 599
96 8947
5199 1843
6113 9353
2112 9200
1627 5250
8566 7981
7116 6769
8537 7923
9688 888
1405 3336
3846 9575
1359 8589
8100 4889
8757 6916
6823 4911
1702 8699
4713 1697
8257 9976
5640 7978
3362 1245
2968 6044
583 5106
9543 8727
4945 8621
219 8212
9030 3897
7798 3396
6103 1444
3577 796
3020 5537
8645 4702
2802 3365
8810 6984
4727 8519
4131 6916
8028 8180
2132 8939
6368 6451
1196 5053
5413 5733
5574 6590
3521 9360
2186 5203
7967 3447
5771 6875
3319 514
5858 1101
2883 7531
5390 5722
9789 8365
8517 8465
7632 5039
2005 6252
6204 8275
7041 5739
2657 8063
3347 4080
1478 6442
8866 4310
2154 4510
8479 1649
1875 6078
9578 574
4691 8959
8458 3926
259 4604
9567 7740
5607 2929
9011 59
4212 1912
3780 5143
270 2110
1400 8979
2012 5571
4438 4820
4099 7340
3598 7058
2681 3451
5105 7269
6412 9341
7522 4483
2723 4616
2914 949
8579 7612
8577 598
7385 987
1018 7049
9652 886
3992 6581
7767 2486
1913 7901
3343 3691
1779 4703
9323 5262
5221 6289
7134 8171
7050 364
8117 505
535 9682
8462 6101
9315 1358
4899 2195
3545 2751
671 1999
3647 9299
8431 3647
6454 4224
1660 6650
5244 5468
3349 2408
9332 3001
5100 8577
7118 7543
3181 2945
8671 4423
107 2199
950 3642
4487 133
5344 9324
9664 8412
2059 3376
1842 7579
297 5046
1011 6375
4324 7258
3801 6988
559 5167
1846 1174
2221 1051
6769 7200
9467 3939
7397 8489
8668 58
9829 2305
7834 1818
1939 6441
8504 8177
7944 4807
7911 6616
5867 4022
2507 5097
1662 5796
4222 3059
479 9092
6026 2968
305 1328
9887 2552
1731 4583
6364 5178
2580 6780
4985 1890
9933 1328
5038 4116
4348 5884
9764 4939
3083 7192
7692 2771
57 9870
8070 5575
8345 9715
8940 476
5298 7611
8687 5924
1646 1196
8418 2996
9944 7879
5525 7775
561 5323
9055 843
7533 8911
292 890
8070 1387
1219 4663
2328 5996
9666 4501
2823 956
5097 8213
8388 5466
1077 9804
3821 243
9451 3916
8645 7724
3413 1845
305 8133
3732 4981
8110 8504
2110 9169
4537 8303
6826 8486
1865 7766
7777 8708
9711 3065
5369 6820
2493 4827
2469 9637
9758 5513
4147 1301
9936 3533
2552 7807
2332 8292
4285 9758
658 5874
4590 3160
9175 2546
5563 7867
2466 2226
1158 454
195 8220
6155 8910
5460 7365
3010 111
3713 7438
2938 5604
2236 6086
2905 5198
3385 173
7400 3873
9328 8278
9876 1667
6455 9966
4459 9069
7987 7726
3377 8512
9647 4998
8121 2064
6365 9928
5706 2644
5522 9653
7394 3132
902 7802
9341 8045
3159 9228
9754 1044
3649 6877
803 8991
2532 1667
8128 8725
3429 3612
3512 6764
4568 7268
9636 126
3264 1414
9609 5887
3963 634
3168 4106
2076 7786
3246 9129
7222 9454
546 9348
4801 2672
9700 5372
3266 7768
9479 1468
3925 5
1614 3446
5272 981
576 1993
7023 5430
2327 5947
6765 8060
5709 4752
253 8779
4974 627
8772 8493
1468 6603
4267 1408
6610 9290
232 2196
841 1486
6083 9544
2172 2905
1671 4609
4754 1647
4336 3874
6505 4928
8022 6352
4075 4513
1382 8118
2442 3668
6191 4997
45 5874
8364 3083
2770 6651
6319 9878
4458 1770
4948 6064
4413 3461
2766 4667
3612 7842
2203 5493
181 4607
3353 3417
5866 110
4902 2807
9432 5933
6361 4253
723 9478
197 5490
1060 3879
4892 547
466 1679
5158 1457
7377 147
808 5765
4459 2358
9151 2099
9818 613
8455 9980
9066 3489
5304 878
7002 7036
7617 5619
3367 8926
7567 3812
5448 7423
9730 2836
9078 2681
6681 2901
3871 4709
3443 1458
6985 2494
4116 9845
7407 682
901 5417
2847 8415
5944 7603
6552 4719
7906 8852
538 3500
7296 7617
2257 1904
7358 4819
7824 5521
6631 4719
843 874
7747 3059
4193 5123
6438 5492
4960 3538
7843 8136
692 9457
7497 6186
6375 6082
2340 8560
1879 1032
3415 483
2372 2133
6014 1121
7416 4248
2017 444
7157 8454
6130 249
3533 1872
639 9580
9003 1836
6941 6476
7430 1005
6698 2813
2748 7321
6385 1535
7808 3324
767 316
4607 9411
5909 9190
9393 156
7475 6009
8680 3603
4660 2454
1544 7713
2609 5068
8053 243
1413 8950
7574 6661
509 5282
1985 7540
7895 7884
5980 1728
6059 1792
4052 211
5472 3392
5178 178
2865 284
3257 1037
8196 655
1740 9937
7127 3595
1657 6677
5560 8887
5959 756
2225 8595
1065 3998
5282 6664
4019 6813
38 3148
4704 7855
9086 6653
1536 1553
4896 5810
8920 699
6925 6591
3568 1585
8048 6102
2547 3519
5133 1185
8131 8244
4014 6482
8124 7036
9635 2522
3275 9297
4434 4072
1667 5247
6023 7025
1754 1725
4529 4309
4648 2954
634 2862
3478 5317
5259 2842
1344 8391
5661 9009
6807 1630
1029 4623
1139 3034
6741 5440
9389 5741
6994 2395
7797 2719
3055 7321
482 2360
1368 5193
5506 1150
8814 8664
803 4926
89 4122
3610 8482
1483 8334
5535 9435
3850 9632
2425 7275
7213 8939
6345 9654
2730 677
6288 2475
744 1434
7365 4499
6386 1963
4740 1859
7816 1927
2390 3093
1075 9239
5303 5126
2336 9394
3267 8506
3525 2880
251 2598
8052 8677
4045 4572
1758 5
5108 3574
9441 3648
9566 381
766 3542
9331 2729
6887 4823
6871 8033
4219 4994
8813 4200
2680 7002
3401 3315
8601 4960
2582 9813
3294 6343
4378 5926
6608 7515
7472 4816
4708 7494
5913 6586
961 1781
1767 1127
9404 6344
1846 6789
8596 2643
6506 7746
7839 8824
1936 2252
4368 8082
5844 2527
2411 5864
7032 7159
5606 1194
5554 1004
2746 3639
3033 7604
6794 3086
8235 1711
2768 9521
1765 1444
4312 5827
1336 4421
4519 680
6732 5712
2124 680
4947 2783
8084 1784
6905 6542
9248 5039
7376 650
2630 8257
3533 6075
7621 4655
1096 9111
4149 12
8420 7344
3301 1379
4589 4670
612 673
8353 2860
7387 4730
3507 2881
9522 538
9101 5877
6356 4633
1741 9276
3413 9554
3278 9595
998 3755
8074 533
4225 20
1255 2593
2323 1939
366 5878
1252 2295
9762 3007
7501 8255
928 3366
6557 7898
3388 6878
9926 9531
8295 4329
8340 5240
9728 8203
3366 7735
9774 213
874 1975
1527 9710
6336 5835
7379 2650
7489 3010
9894 4600
3243 6244
4141 1207
9552 6822
7022 3251
4070 3892
9261 3088
2967 8002
3586 5536
9518 7588
2362 6616
589 5468
143 2412
6107 9408
255 2855
7796 7381
6614 56
5729 5786
8986 6424
7654 4524
2972 2990
7581 747
4179 2909
5029 3079
8771 3466
9254 2159
1463 2854
105 1231
7892 7964
8886 9576
9569 2170
6578 5852
9426 4457
955 9106
8718 4865
1975 3537
9939 4719
1869 5999
8064 3065
3084 8253
5226 4774
375 2007
4316 3506
7709 5762
6033 5513
620 3989
9350 7185
9744 4106
2806 4983
4044 9355
1838 6928
749 5981
8319 1611
552 9079
443 1710
7998 472
3238 5700
703 3771
7692 5771
4187 2587
8035 5127
454 5403
3924 5331
1510 952
9715 5983
1721 8342
676 9128
6204 6926
3585 9019
8444 572
3096 7808
1768 429
9859 5624
8374 9107
5148 3389
8575 8639
6309 1960
5557 8283
8379 4728
7608 2636
6448 3243
8504 4908
1647 8662
3223 9727
4130 4281
1933 8467
1684 5282
911 902
8747 7002
3948 4883
1587 8769
8457 7923
816 4425
1592 5585
9539 936
8463 7593
9528 9674
643 6052
7973 8668
6603 8462
842 2505
9229 4544
84 1106
6371 1925
3011 5252
9066 6179
7759 5275
8743 5674
9101 5153
8173 8527
5126 2249
6487 5375
1337 5722
8926 8764
6293 8929
2499 1899
3648 416
1547 7639
9267 813
6521 6312
5058 2909
6106 7238
4853 5631
5106 1610
3960 2344
830 4965
3213 609
5273 9371
9032 4743
4617 3553
1060 2165
3417 9945
6006 7909
4577 5359
6879 6262
1111 3271
2563 1789
5183 9720
4409 5896
6737 5805
1004 893
2456 7850
5582 7739
6272 3756
4245 540
8734 1679
225 2360
8221 6234
8577 3129
8073 1115
9141 2942
930 2822
8467 4654
5098 577
6844 8469
6362 1555
7940 8062
9731 9429
4719 6071
6851 2133
288 7088
1546 6558
4145 551
8572 8396
6010 8054
8131 4718
4889 4388
7181 2654
1678 8067
1262 2490
8856 4893
8551 8458
8871 5659
1452 1833
4264 7948
7936 9582
7972 2631
194 5480
665 635
5917 4951
5490 7587
1347 8842
5784 1160
4250 1260
2573 8222
2014 6272
6248 5172
2254 7947
1328 319
3006 6010
5609 3909
9144 6706
6946 5594
1742 9354
3969 6996
5055 4410
2512 900
3535 5842
3280 5552
9567 1453
1643 2558
2580 8251
632 6082
6504 8120
3173 3103
6878 5823
3825 8398
8369 7258
7407 8567
4540 8609
6965 9390
3261 4276
9119 4164
1942 2315
4676 2912
3456 7898
8331 6040
2600 3712
6619 2687
7229 9032
1174 3611
5374 6862
8464 8555
7929 3781
9959 4262
4674 6370
7912 2794
5283 1496
3125 8148
2960 5573
9467 5907
1060 5845
4910 9737
4201 9048
3991 5266
3234 2843
3363 7683
692 6617
7364 1770
6142 8144
283 1615
3760 270
9472 7045
8047 4429
9125 7432
8855 3141
7342 8814
7280 1254
8437 3567
2213 5248
2177 9526
2282 2638
833 4354
4165 5809
6689 5630
2011 1357
2397 8977
3662 4407
6833 5759
8253 309
2118 786
4899 9345
4467 3006
1992 9988
8405 6193
7485 3712
8059 8185
6462 8983
4091 4008
7515 5577
8621 1243
3 4152
749 7877
7591 8955
5454 9287
9444 6541
3116 2008
1119 4828
1897 1446
4921 1324
3382 5547
8645 2108
879 6014
3501 8127
1231 8159
4822 3718
5579 8541
2735 3871
8318 6035
61 5274
6653 5423
387 4397
9414 8947
6623 8819
1583 3605
2106 7581
1421 1062
6682 7413
9700 5554
313 139
2574 8854
4543 9096
1936 7291
5122 7231
7235 1819
6016 1028
3617 2407
5186 6694
4025 7076
6523 5676
3911 3756
6509 9713
4826 9276
3654 8826
6177 8193
6680 9716
9777 1670
6289 382
3716 4577
333 5291
8925 9977
3065 2257
9558 6628
3171 9328
1789 7082
1414 5744
7341 7718
517 9434
9028 5352
2863 1749
2942 2042
6682 5803
1418 7556
4998 9113
5787 2857
5080 4981
8047 1585
910 855
177 8174
749 7582
2025 3925
9714 5168
2668 6017
5271 5865
2953 4954
3490 7522
4851 31
8259 3282
9798 6535
3769 6011
5929 7770
9174 2921
2224 8433
5997 1525
7430 6180
5686 9476
5930 1700
8323 8420
5522 5581
9521 642
8502 7604
1680 5192
7332 1565
6820 636
277 4580
2661 9494
9495 4561
9145 2233
6056 7329
4591 3099
8988 1202
2518 7617
3975 8694
9046 6805
3937 8173
7342 1098
9003 7603
9745 1595
4699 9398
4799 2166
8670 260
6907 5492
918 4037
8466 9505
8717 4886
30 2851
303 8608
4066 6610
7885 2262
7794 8819
3449 8368
2981 2601
6995 2464
3125 9210
4687 8354
3066 3611
294 6465
4411 8190
7208 6894
2640 7411
3156 1326
4431 1352
486 5709
5959 3837
8194 815
6586 1720
6851 2432
1174 9237
4262 7851
8878 4830
2377 5738
984 5289
6699 7151
8559 7709
5013 27
3856 3083
2390 429
1586 7316
4235 5102
6073 2114
8927 1581
8272 9234
9216 9268
5539 9993
603 995
8004 1017
2870 7081
2232 3532
9811 1870
9448 1818
6199 5205
9967 2383
8724 5665
9636 8699
5258 4395
8026 8777
1408 7821
3131 948
856 6298
9119 2114
9619 6372
6427 6129
3836 5840
8944 4742
1543 5134
6068 6721
4761 1616
2489 7200
919 7643
8068 3014
6982 8983
1784 8579
9415 6205
2097 445
9934 6770
307 3588
720 1017
1759 9461
6096 2824
8104 4778
6037 7613
8447 2902
594 2719
9387 9876
901 9292
2073 3097
4060 2942
7301 9234
540 2604
3563 1089
985 776
4546 6255
8985 3601
4042 6429
4433 1884
9215 5985
8302 4483
6402 7495
8804 9568
1908 764
3296 8157
5460 4437
2411 6717
4496 4690
9298 7043
5696 6636
2139 9412
5009 7426
8154 3393
9526 1430
8103 3576
6546 5530
1919 8362
5780 3782
4286 5984
2116 2231
4073 1675
4652 8707
9609 1549
4753 4817
9720 5702
8126 8003
533 1809
9011 9857
2693 3797
7311 3360
6348 2266
8502 7243
1143 7861
180 2566
218 606
355 1106
6224 1412
6942 7290
629 7761
4567 5993
3104 8777
2381 6167
5187 9121
4815 3062
4107 2975
6053 7020
6842 7180
9090 421
6646 8702
2792 3644
640 433
464 2688
1990 7342
8282 6519
1637 5763
7017 3397
9500 8290
2743 4812
9515 4626
4446 2683
6602 1354
7281 2810
8254 9961
5090 2906
9353 8657
9260 9368
1816 3203
8427 9781
9604 3930
3107 4055
7734 1866
6851 3468
4024 4629
4412 8417
659 7612
5528 8743
1229 8896
3265 1729
216 5995
2258 3561
146 4475
5744 9391
1434 3299
6625 509
1182 82
892 7153
3098 1215
518 8669
6457 5247
7544 7087
1299 7662
6913 3019
8303 9061
2458 2925
1508 1356
981 3596
9282 6349
4559 3057
6259 3434
3041 3919
4337 7330
5415 7364
1812 1888
593 3083
7747 3982
2881 4088
4185 2479
8797 3688
3977 5603
7652 4768
8285 251
2211 4643
3077 7009
4016 8914
769 8735
4160 9336
9641 2858
2151 9180
7761 7276
1388 6942
4092 7862
2097 6621
7139 7643
9219 3515
32 2066
1319 3028
1552 7171
3677 2062
637 5559
2435 321
6832 9684
6505 7074
4933 1809
8714 5342
4495 1583
604 5624
5814 2618
4861 4427
5210 5069
9077 9837
4913 5785
4486 2005
5050 8234
8217 8161
2317 1631
4185 6480
7685 194
6097 7908
824 42
7188 2771
6971 2019
7891 5668
1335 194
7675 1583
5954 9027
6928 602
8820 5579
7335 8833
2067 2745
14 4724
4446 5329
5170 5131
3950 7902
5537 3612
7868 9454
1187 4537
563 8093
9768 1194
630 4885
3893 3022
7934 5728
4252 3369
284 7631
1129 2438
4444 4249
1959 421
2229 4217
4323 1973
4486 3428
2752 996
2140 7033
1812 7433
6896 5254
7381 6989
2854 1128
8829 4570
465 7130
3567 9816
5821 1411
3401 8063
5333 5794
3636 6654
4111 1514
177 4340
4146 4955
9504 2278
3736 711
4859 6409
6208 6263
7259 8638
3611 5671
6477 8639
6618 9810
1885 1400
8357 9324
1571 5145
2138 3243
1429 3749
7413 861
4211 1879
7965 9739
9799 4158
6170 3648
9752 7200
114 7801
7113 195
9186 5513
111 7503
1900 4660
3809 9052
874 5984
5345 2316
6912 7008
1817 6059
4491 2175
8563 1979
2912 3027
4791 3864
4811 9212
7526 5329
6786 5556
1047 6262
4078 6853
4239 7939
2326 3842
7539 4746
9944 2135
3570 9012
7206 1833
660 7960
9007 8614
9991 9013
3102 6170
145 2266
7587 7015
4772 7247
2422 934
4460 3225
9164 2037
4346 1891
9310 4077
2195 5321
1570 6437
4450 9303
5872 8918
6001 9557
7796 9646
8720 4369
6719 388
4029 1029
4347 3590
9011 9914
9474 9675
3451 2220
8177 5029
5193 1251
1313 5360
8751 5789
8802 6249
3621 8266
1553 3063
104 6011
5625 2867
4030 1560
2667 8941
5351 5745
931 47
2022 1326
8150 1075
5310 4697
2983 9591
7304 9133
1685 105
2168 5214
9917 9440
1942 7611
5660 730
9374 1055
2123 2667
2506 1947
3562 8867
3245 6716
7210 6357
6152 2774
8916 1530
2210 5416
5565 7380
7005 8059
6216 9067
1883 8212
3055 2246
9947 930
6593 359
2846 3011
578 7088
4755 5188
3588 2601
1195 725
1024 7030
8825 3081
2627 5983
8038 5182
1367 7369
8041 2447
5971 7034
8068 4536
1033 1602
5631 9558
5564 6350
1178 1468
2951 9197
5427 5069
8555 3836
3450 2236
927 7484
6469 3231
2317 694
4505 300
9627 3826
1012 617
5192 183
7258 4559
8273 2847
40 6873
8450 6415
4255 2525
5325 978
6422 796
7048 4456
8846 6765
3271 8397
6023 3615
9518 2095
2603 246
1971 1467
8899 8210
6171 1685
3204 6478
5714 5381
5502 6895
2500 1299
5612 3505
5438 6092
2692 1994
9672 9193
825 228
1193 7565
4106 6407
9132 59
4730 794
9441 1982
3754 1158
1866 3241
1663 401
7378 6922
5203 5794
5783 1939
9811 7298
1521 8804
7104 4589
6970 7514
7598 9032
2427 7041
4579 8451
615 5736
3588 428
1436 1684
3738 2624
2835 6499
1579 3426
334 1414
345 7430
3562 533
1234 4559
475 4507
4169 2931
9227 4752
9167 3395
6384 7780
5412 36
6759 5442
4885 8921
8579 3898
4761 749
4508 303
6842 1949
6905 3695
5196 6009
3345 2238
8205 1334
6875 2476
3260 1147
1300 6323
2623 4239
4918 6186
6933 7850
8429 8626
8228 4206
2863 3662
3389 9599
8637 7343
395 969
183 8963
5677 3730
8782 9195
4556 2279
8945 4234
2477 5289
5521 5819
3251 3370
6774 8594
5900 5586
9728 7208
3883 7259
9048 5234
4416 7493
8862 2371
334 4005
819 5740
6619 2011
8428 1998
5288 6900
5396 1744
8209 7589
4881 4038
3098 1448
1835 5798
1480 9771
2431 7815
9738 6741
6472 8269
3521 3473
3006 6181
1848 9830
8203 6323
3864 3731
7456 9543
2456 7471
5465 8236
6470 8051
207 5374
6933 8455
4514 2537
6795 4815
4147 7439
2648 178
6431 4538
8615 8640
3305 9752
5831 3755
9984 7160
5691 9868
7063 3209
8158 2887
6081 4051
4090 7699
1641 9715
4709 3018
1790 160
5473 7551
8892 1835
4067 747
4371 3373
26 9597
537 4151
5272 6514
8152 1015
3766 2741
2857 7131
8617 8662
5229 9527
2626 4983
8645 3513
9340 8239
2196 4352
914 6245
4707 4877
7381 993
7747 7732
8105 3010
9896 2980
737 5794
6307 6972
1964 7348
4071 7820
3763 3503
8269 4057
8146 4889
5387 1495
6899 9220
4531 9094
1004 4165
9789 5082
4529 6015
7383 5482
6206 6903
4076 7238
1696 8859
6130 3875
1625 5946
5930 3063
9259 800
6705 5274
8436 8842
7317 7235
8021 5136
7047 7374
6720 6979
2038 7926
6093 6329
6552 8829
7972 2736
2047 8419
4200 4806
7534 1463
9605 1716
1993 6089
6869 26
5155 5672
141 7866
824 3658
9705 2068
2172 1109
9416 3133
1957 6553
2977 7400
4477 4683
6856 8021
8337 6782
2065 7483
2238 766
7408 7487
9540 3549
1025 7862
850 8504
5492 8690
786 117
7482 3356
694 2514
2344 3528
9527 173
1286 3823
2722 9981
3875 7974
6356 6176
4873 1892
7643 7101
6249 1583
3549 6003
446 7000
8448 9457
528 3097
2006 4822
8420 7143
9712 6648
6040 3287
5587 2524
9287 7115
9284 5154
582 3225
762 123
2536 4879
4490 6533
1883 3008
1645 7566
5420 7901
6499 1478
5903 6557
4007 6830
8570 5932
6840 7406
5417 7337
6423 1870
5561 148
2542 1782
7123 9276
4623 2201
6338 9760
7194 6712
7785 9102
1610 5077
8628 1951
2816 5296
2354 2727
2927 2131
3030 2781
2254 3314
2672 3073
3605 6624
1898 2632
9986 6324
7119 1936
9173 4989
4703 5849
5618 2213
2694 738
7945 4378
1737 2162
5422 9104
4302 671
286 1967
2620 2630
1167 440
5635 702
308 8034
5895 5244
3310 7628
8812 8672
2898 2961
9778 1554
3162 4202
1821 6949
7633 2291
7336 7437
5111 530
4054 4756
2423 1769
2785 4373
7659 5848
76 305
6256 2496
2298 9358
6823 3711
7792 6727
8859 250
1701 858
9491 7108
2443 7359
2189 1615
8200 2765
6171 708
9426 3451
2595 4454
9365 997
1171 6412
1856 6222
7236 5583
968 3316
3535 4968
9075 2332
7764 7688
8331 9004
1461 216
7094 1972
7352 6468
8141 3595
1157 5359
7683 4703
5871 7599
9498 600
2016 8961
6594 5190
5842 7312
9785 9675
2034 1138
1202 9158
4239 4131
3227 5094
536 5096
1074 5445
2871 5166
8148 1662
1415 4957
2567 5694
9018 8082
5115 2839
8951 8028
4715 919
6858 4458
5622 7221
4837 6951
8777 3647
1849 8689
2527 3420
7289 1419
2978 6739
9808 6494
446 6505
2471 4427
6982 6079
9079 5567
9994 6095
7365 596
9452 6566
3242 7687
5944 7514
8623 39
2255 7404
9509 1071
3048 8208
3671 3003
4421 2003
5895 8682
2752 6116
2576 6119
9559 1723
2692 3032
5002 9754
3202 5534
9597 7613
3685 8391
3355 9159
9843 8019
8788 8117
3901 3707
5267 5154
6275 5947
9672 7090
2855 5022
6057 9925
4641 447
2125 5442
681 8734
564 5934
9744 2913
5375 4091
9499 113
6980 3376
614 5647
3866 3955
3906 644
8878 2102
4002 2274
8888 5264
9896 4071
543 5888
3229 1304
7294 3135
4720 3722
2354 8890
6824 9787
556 5534
8014 8076
8 4911
5839 4467
3693 4269
1587 4998
7206 6819
1466 9138
8272 3352
4743 40
3882 1697
5913 7247
2868 372
9682 9982
3496 9474
7516 8859
3753 1179
3661 4559
4744 4708
7045 7638
6973 6072
3605 5337
64 2725
2450 101
5879 28
2825 1964
9724 3051
5403 3482
7506 4441
6704 6971
378 9129
4636 7403
212 4407
1678 4846
8546 692
9873 9832
1885 7246
9256 1498
8751 279
3771 9934
814 2354
1653 6307
6440 2710
4309 5264
8230 5424
8789 5122
9650 8834
8752 9441
8559 3384
3341 9949
42 2898
2991 939
8228 8882
1951 7024
4595 8896
1601 2481
5202 2929
9313 446
8012 7658
9469 8277
7211 4411
5028 9286
4085 5360
1213 6290
697 8625
223 6490
2755 8121
1332 5874
9854 3900
1724 7381
771 7527
2299 3411
2601 9640
7197 3257
7418 6114
7948 4882
1067 3324
26 4111
2119 447
9651 3958
435 8187
5505 6339
8598 4102
6475 4561
991 5786
2503 7095
9586 9696
2091 5057
6597 1410
2370 5640
7875 7921
3078 3697
2825 4005
9301 4989
7069 9743
7241 1862
5454 92
2461 2910
8651 5523
7935 8322
8840 3998
7847 3779
61 7033
6848 1005
1932 6474
7250 4957
8628 5512
