667 5567
2180 2789
6223 6285
5412 3370
7795 3215
9642 9173
5539 930
4867 537
443 2008
9417 3578
1430 4627
7517 4375
4612 661
5377 2450
5545 4249
6990 9998
7292 8350
7842 7999
8454 8755
2046 3970
7475 9639
7461 9704
4853 881
4377 363
7336 9709
7950 9114
5779 1046
3562 8552
6984 9486
1559 9894
9664 2421
2162 5205
3202 9148
3284 7645
9547 3943
67 9560
4525 4704
2594 8366
7110 4885
7035 281
8955 4044
1482 5580
2678 1957
5679 4332
6391 71
5082 3295
5398 7436
7389 2327
8765 4270
3401 6085
7229 5758
7654 797
4613 9088
5657 8720
8546 4761
9234 9299
803 6436
7108 5589
4333 3971
4159 4838
8620 6144
7754 9672
5788 5914
5968 6784
5070 6573
2525 1445
8378 9620
5606 4301
7003 705
983 7319
887 6039
7643 3630
8713 4069
2746 2208
2630 47
9419 4231
506 3839
8040 1236
7939 9034
8400 7177
5245 9970
3650 7431
3893 2951
38 8551
3221 2558
6510 1953
5806 7233
8203 2812
8082 6723
6584 3070
6379 7805
2289 1982
3997 7367
3978 4119
9840 5469
7680 5144
1296 9310
6557 9245
2369 9000
4488 8772
2301 5604
8182 8364
7026 2260
8984 3390
2604 3282
6409 8155
4747 3640
3705 4202
9653 637
279 8747
6638 8917
4315 9086
7739 3714
57 1235
6358 2861
7067 6061
7823 1614
9292 1799
8944 8929
6960 1919
7137 3538
8554 7431
911 4651
3261 4319
1670 8315
4785 9772
9262 5424
7901 2823
818 7991
7222 3437
3438 9469
9334 6468
4157 525
6531 7003
1877 1330
3714 6371
4455 3602
1347 4255
8372 2300
6180 2989
6931 9273
1955 9773
8880 1723
6692 7944
8944 7077
7504 1443
269 2356
9808 766
4959 3256
8074 512
3767 6769
4692 6295
3707 7886
1023 2451
996 9178
299 1602
5977 391
6221 3232
8706 2832
4807 1973
2950 9785
6547 2880
7930 5994
6409 3175
6990 6833
7771 7169
6442 319
6905 723
4952 4663
3799 8656
5306 7110
2665 2274
6302 5385
3474 8078
3052 4413
4318 5959
3210 2784
1944 9051
3002 6403
2916 9103
9393 9494
7299 5322
531 1197
3662 9832
8990 9491
2884 5071
4114 544
6660 1844
8438 3272
728 4370
2390 483
7288 6745
2689 816
9900 4235
4514 6786
2738 9568
360 3156
2097 4553
5794 7183
9441 8501
8757 406
3946 1202
2132 9650
4568 727
4645 2142
785 9842
1454 3255
7004 6999
507 5138
784 7109
4446 6749
8326 196
1136 4006
8704 8894
3310 8063
8284 6736
218 9707
9736 3793
9182 6425
1771 9068
9470 6074
6130 7882
3143 8825
880 4844
85 1607
6543 3217
4 1884
9455 2396
1425 5024
2345 7919
3740 1473
5672 1382
5172 49
1507 525
3306 9704
994 9510
6061 1729
4400 822
7724 4668
8410 6393
1574 6823
192 6792
8172 8736
9347 8437
3239 7620
7056 7134
4549 1066
3972 6424
5051 2216
2157 1401
9324 6440
8586 95
4754 5147
3401 6571
6859 6970
6384 7909
6236 1329
2944 6103
9236 4297
6837 8608
3048 5931
5665 5943
4362 4744
4790 9392
3706 912
1415 9930
8230 6704
5183 3846
3892 3933
683 5995
6482 3024
721 5698
4931 5961
237 926
1134 2834
6230 2207
3124 1967
564 1442
9920 1091
2113 832
1024 114
2371 309
8143 1177
3069 5306
8150 4105
9082 6529
8787 2676
2210 8433
8173 8640
5737 2287
6174 3042
3632 3847
6481 984
2232 9131
4503 6291
2654 5333
9557 7589
5227 6443
70 4158
2003 2720
2873 6252
4749 173
6063 7654
1388 8230
8213 5921
7006 8402
7301 7007
2648 7194
3871 5660
9866 7768
7748 529
9128 9761
8665 9771
4474 3859
5563 2591
1662 5823
1691 8510
5112 9256
8595 3784
8659 2722
6535 1596
4678 9637
7763 1389
3191 3928
5956 2377
8769 3304
5095 9962
8954 2532
8432 8085
1018 6781
9633 2591
6310 3585
408 3065
3279 1452
3072 4128
2545 410
6508 6394
1270 4679
1631 2406
1935 7247
1830 9705
7965 4919
5814 2162
3470 7907
4722 3398
4725 4864
7326 1899
2334 8053
4579 8193
971 2373
1554 6666
7542 7832
656 2483
6153 7347
2961 2674
6240 5545
4562 2483
7545 1835
9738 5986
3060 9971
8855 7884
658 3202
4175 3013
8503 9159
3935 520
1113 8212
2854 8590
1320 554
6499 4614
8873 9106
5731 4742
2076 7663
8557 5544
6277 4134
3207 7523
3182 8927
3328 4551
2892 7367
4893 7147
7085 9676
8841 9396
2552 5498
644 4448
4825 1270
5334 5577
2000 3709
6038 4912
1578 1212
3443 1885
7123 4841
2272 4518
1534 2862
2260 2737
3638 5507
4257 7471
871 2518
8381 1315
9920 4676
3553 8294
3918 4514
530 5379
337 783
5360 4007
4852 2554
6582 9684
4062 2694
108 667
7401 8060
4059 2396
6870 473
1470 1628
7575 5594
4912 999
274 1723
708 7842
908 9593
8026 8391
8726 2615
2924 7466
7442 1924
317 494
7887 8461
1574 2745
1443 3228
9703 2947
2417 7756
3554 3001
9824 2190
6097 620
7525 767
2991 4315
5097 1408
1839 316
4230 4977
2847 9676
8807 981
5541 4724
6239 7735
1170 1096
4038 6325
1813 421
1642 8904
9897 9592
6824 2130
339 9691
1501 2256
5418 8831
2737 8060
778 1228
9815 7055
8665 8579
7715 6515
5273 3057
6725 5776
7414 6523
1925 6209
5920 6022
1426 2324
1197 2501
5588 1119
5577 7376
5895 5965
2101 3173
3677 3218
967 992
4913 4592
2930 3405
381 5971
2782 208
94 8129
695 6962
9377 776
9931 2153
4996 9033
9490 2639
6577 3797
9754 8347
4156 950
9921 7292
3844 9989
2061 9614
6000 4459
4508 9336
3926 6473
1284 7599
8011 8165
6303 6917
2438 3198
5917 8315
5194 1275
968 2761
1346 5565
8256 1445
2419 5255
8879 8217
1673 2698
6833 2544
3161 1664
5535 1689
7637 3507
4350 6898
2756 2783
9597 253
4619 8291
4099 8484
3643 805
4881 9688
3616 6795
5804 5418
3445 5930
7130 3302
7876 2863
5207 8582
8524 7773
9826 7552
2949 6372
3611 1095
5276 5090
8472 9919
6230 399
7346 9356
5856 8294
7116 7847
9549 3837
7511 8605
4985 2066
6736 9548
1777 4996
7678 6274
8147 7247
4317 8962
1727 4357
6138 4085
5014 7318
7717 4401
1189 5176
4927 1428
7 3220
2889 4735
2665 7205
2322 8300
5629 9055
3182 4728
8383 6561
9776 5475
2852 4035
5684 5958
9868 6232
1649 1791
1418 1858
8958 9165
697 6713
3220 8524
5546 1190
7223 6996
1603 9609
8189 5806
8928 8360
8664 8250
7326 183
1198 8513
7640 4251
1791 9027
1481 7818
245 3411
4672 1686
1302 9509
3379 2639
9635 1368
1818 5080
4753 7882
2874 2386
769 4966
113 7779
9721 3808
694 6512
3660 8664
5860 4079
7688 3150
6108 7564
7195 9633
8398 802
8446 3731
7172 3233
6229 2606
7393 3875
335 1223
5770 3260
1126 261
4589 5434
7950 1699
7774 5674
7160 3236
4849 6714
4436 5047
8796 8287
1846 7124
3794 1379
9578 3304
2892 295
8061 2590
139 3741
2026 5900
2661 1715
7497 683
2690 9034
8282 4107
1513 5759
6623 3310
2181 1428
9875 7216
8094 7439
1399 5859
2163 1825
4640 9936
3319 1284
7909 9645
2484 8821
5883 3621
1060 162
2510 9224
5405 8426
437 4320
3487 9849
5232 7488
1448 5118
2544 2311
6552 9270
5406 8018
476 9388
3752 5838
4173 3616
4329 6115
2677 4274
4815 2073
739 349
598 373
5441 2764
3428 1698
5618 6332
2176 8129
6249 4352
3199 8227
7786 3256
4090 1753
6629 6312
8998 4044
5639 5344
4923 8557
9627 5908
589 6016
4942 1336
8818 6449
6521 1423
9338 9868
1878 2032
7841 1219
3064 323
842 4745
6992 4512
2284 7981
4753 9815
2998 6506
2469 3681
9275 7317
6240 9495
2468 4476
3938 7774
1585 9232
2294 5262
8361 1096
6269 1686
6511 3700
2732 6777
13 2553
5125 5620
1796 8526
6016 4781
8184 8350
1411 6850
689 9080
7986 902
5259 1890
9792 857
3613 5492
5727 5149
4634 3006
8875 6783
7394 4760
4221 7684
6478 6895
7560 2204
8869 4386
6050 9572
5711 9877
6387 2283
4387 7343
2931 5377
2076 433
4355 2372
1259 4311
4292 5241
2113 6852
1787 451
4288 2503
528 9875
9427 3458
7557 2966
8592 6794
6326 1118
5049 1140
6086 9013
1635 1979
953 9758
8554 4472
8741 2349
2289 1722
5465 5404
4887 1226
2824 8381
878 2646
8470 6171
7203 6881
641 5335
5730 2009
4442 5548
2817 4298
4412 3161
9864 8814
1056 8179
2323 6651
9814 5435
8676 8504
2122 6109
1767 6820
5690 4020
6564 383
648 6640
3012 3210
3457 5812
7844 2702
4663 1830
3405 4309
6157 2974
307 5421
1038 5640
5709 6527
9646 3477
1690 8949
4760 1884
3015 4016
1678 6616
4443 1130
9852 5652
6582 7970
5165 5437
6561 1616
7481 8675
197 6434
5528 1180
9319 9107
7108 6336
4346 7626
795 4555
8081 2641
8131 18
8072 5975
2633 7431
9494 7768
7331 5711
2570 3884
2065 4651
3982 4437
6162 4219
5139 3074
9263 1577
3675 9097
2352 7983
5861 9071
14 4353
1001 593
1176 3977
8192 741
2833 9316
3546 8471
1481 2519
2243 856
2934 8846
6726 6610
5580 699
1073 4616
6317 669
7311 8468
3176 9547
6698 3286
113 5742
4048 5275
6259 6622
3432 7029
5259 6656
8983 8194
5825 8730
3506 7328
6269 7165
3631 3832
5373 7293
825 4527
7160 1896
2999 4235
8882 9845
1105 1548
3883 4174
4848 7300
6708 5118
4559 2996
8939 3145
8495 4151
9185 168
5776 4128
4666 89
2338 7764
5963 7337
6267 3547
5782 1583
7419 2483
3085 2221
1166 5183
8000 8652
5858 531
5018 5738
1005 5760
8785 1644
2907 5719
5388 8839
4137 6110
1626 1798
3771 5006
9237 4141
4027 465
7996 4049
785 401
5315 80
5449 7250
8578 4670
4416 7107
4621 2143
5880 5487
5431 3409
4420 9966
6117 5844
4659 570
6735 938
4941 4834
5856 9600
955 9685
7333 5933
1302 3084
4452 105
3669 891
1855 2923
2157 9906
7243 8002
1699 9213
8544 9771
5936 7098
7723 8575
7609 862
7408 2040
1611 2805
5884 7029
4448 4254
266 9193
603 6105
7509 6185
7354 3093
8068 5883
2149 1518
4795 8418
318 4401
2284 9556
3718 2314
2379 3148
8721 5889
5880 2722
9436 3885
3543 9143
5585 4494
6334 9951
4190 9893
4799 6968
4207 2892
5167 719
3272 8505
8719 5412
7157 835
1060 3294
8391 7532
2665 6780
8454 9988
2392 3854
7003 6676
6760 2488
927 4764
4534 9127
4488 2366
3212 7686
3632 6057
4766 7972
130 3373
7792 312
4311 4130
3984 7384
2133 2704
7766 259
6205 4723
105 8160
9607 9391
9581 5955
4858 2663
1604 4696
3594 7993
196 1754
1871 5979
8948 13
9197 5147
6258 5084
336 3225
5155 2253
3454 2213
5956 6210
2568 6321
3700 5652
6021 418
5778 202
2173 278
3977 9343
463 6834
5697 2428
6624 832
8302 9004
9930 874
7578 1510
9292 5663
1672 1810
6365 2190
7040 9684
4944 4419
7081 9163
2240 402
2828 572
3115 1834
5831 7746
5471 3010
1578 1636
4964 7114
5081 3498
6056 630
4509 1057
1122 2295
822 2003
7912 8579
8323 1734
5737 1035
8687 4899
1653 3099
3347 9781
2431 2612
8323 1855
1909 5132
9415 4941
7749 7891
5108 3055
6861 784
4617 5447
5291 5657
7532 8536
9219 7631
6666 693
8801 1227
2949 2285
863 4124
5930 5765
8815 8975
4226 7669
3712 6630
9419 2673
5704 6590
967 9321
6968 7568
5869 7825
5776 3433
9692 7154
4372 1428
432 531
4246 9425
5019 1010
1914 914
7811 7146
2613 2349
9846 3312
4025 5935
2201 7774
4780 2835
9941 5535
3494 5252
1102 3601
7656 1795
2057 1084
9928 4778
1421 3317
593 4892
9275 4893
942 7520
6552 927
4669 3354
7874 1321
4911 4873
1501 3727
6353 717
9716 8692
4983 4712
3811 6477
3258 7725
3182 2748
4495 2679
5899 254
7375 2778
5281 326
6158 370
5810 3070
4626 6932
2646 5225
7799 1914
8637 798
3366 74
6049 6038
9025 8649
4031 1366
8746 2259
6397 7431
2403 8220
46 6038
8904 9153
4448 7410
2240 8054
9425 3119
7351 2531
9226 5353
8253 3571
840 8127
7043 3354
5902 6647
4556 4849
9220 8958
7563 4787
7386 953
1379 9078
3515 4064
4658 9182
6010 5547
902 5864
6430 3891
8546 9808
9425 6744
5269 9457
281 8634
3221 9336
4954 3703
1980 5080
5647 1415
4465 5875
51 9525
5510 5732
4173 5474
3207 5129
5373 6437
9774 8446
5040 8708
4129 6047
3649 3195
2278 3353
9782 2564
7581 6631
232 5493
6928 2316
5061 3519
422 2621
9312 9970
9154 2214
3577 2982
8425 3236
7697 4749
9916 7869
9769 3160
6079 9810
1105 7350
8261 6632
3884 7168
4714 684
1064 5484
7731 3555
9938 1225
652 63
8576 9016
6897 885
1096 7129
6933 1710
6038 6264
9112 7949
492 5150
8796 509
5745 2191
9611 4105
6008 5045
7854 4951
9194 7200
1034 9755
5695 798
6419 5030
906 9755
6690 9694
9381 1778
1118 2700
6763 1312
7239 1241
9393 8204
6791 6743
7962 1572
1993 3048
5673 4543
1158 6384
2920 1223
2964 2727
7552 8009
7001 8660
4473 7643
6882 5033
3124 3884
4151 1701
6795 3573
1406 8593
6149 9733
930 4813
7028 7608
3195 5053
3212 6454
4461 8319
6605 2257
2724 8585
9613 7789
7034 3831
5332 4613
4283 32
637 4308
5941 5781
4234 2772
956 7444
4299 9317
4784 8837
9267 5179
9382 9330
9383 1567
918 8212
6860 6293
3735 9746
8690 6191
6560 8512
2446 2295
9847 6518
7395 4587
3928 1924
9752 7183
3797 946
9384 8221
6958 5259
8194 3930
7965 9025
7779 3422
8919 2873
2914 2706
2119 5175
102 6619
6255 305
4435 6464
3247 3754
7328 5593
3262 6543
4286 413
5653 6737
357 7784
2597 2891
4071 5894
137 6963
4504 4958
1217 5609
8433 2202
7328 1513
5013 3034
152 8668
1301 9400
1489 2806
6633 5566
2827 4228
9445 9991
4479 8698
7180 7132
9425 7538
4231 1951
5421 1489
626 9877
1251 1069
6138 497
9094 7559
8645 2071
720 7152
2574 7407
5317 3394
8673 8441
9872 8765
6740 4860
9273 1266
1504 6187
3486 7674
5518 2337
743 5042
8270 3971
639 8368
5172 5083
3193 9263
2340 945
446 4940
9181 3784
46 7221
7835 1949
39 3798
6062 1804
7271 1355
4547 4105
2647 5131
7404 9239
3202 9325
9509 7090
5185 9465
5318 195
9569 9090
6933 6584
9394 7288
8594 2280
2940 6063
2155 8991
1469 5051
7905 2701
1986 2537
6201 7574
6073 1646
1773 8552
8399 6097
7576 4303
2126 948
2012 9477
1384 5707
5104 4120
5716 4684
2831 656
5241 7545
9620 4840
2753 7381
9589 6722
5785 6854
2574 441
6300 6253
6563 4906
9524 2284
8266 8964
5743 2134
8666 3421
6610 8522
3747 4805
3910 2059
7583 4827
1736 6000
7097 2638
3922 6499
1175 8821
4857 8965
9771 2632
7303 8341
9153 2475
2052 7818
4530 60
971 4453
6446 1607
7880 9907
9526 2585
9245 8722
4135 2540
751 3524
2182 707
3181 8850
5471 4303
4000 1305
4032 7673
8803 4526
291 6693
7481 4280
1099 6866
4870 3524
5783 4016
647 326
5891 5010
354 9378
8891 2316
787 4012
5928 3845
205 1149
7799 3515
8511 6646
4142 8541
2762 6893
1841 8011
8482 697
6490 8550
6178 2047
4055 4758
1553 9651
7163 2792
2546 6837
3461 9617
6518 9672
3986 6994
5307 599
8335 3400
604 4375
6381 928
811 2638
3936 5537
505 4783
312 9343
2498 5870
9383 4844
1602 5998
4484 3312
5967 3395
3031 7538
400 3161
8222 9363
3110 2583
5226 4299
3290 5668
190 5916
5873 5574
9811 423
6600 8010
628 3819
8840 3117
73 793
7817 6173
9314 1724
4733 9627
3909 61
6221 5624
6818 9522
6403 3830
3538 2484
4410 2450
5564 9676
5068 3847
8729 2323
9914 3503
652 2698
6349 39
5283 4186
2090 5
720 3771
6263 4587
13 7033
658 8491
3277 736
2549 5430
6783 6279
3928 2652
1904 5894
4717 6784
5257 4254
6964 1601
8499 3860
6993 2302
537 1906
265 1218
43 122
9569 2434
3257 3544
7048 1837
4207 6510
5514 8353
1331 6503
1326 6159
9224 6987
838 4126
6128 8926
7561 4987
2678 3170
3830 9835
6053 1814
1214 9193
4383 4763
1931 4818
5298 7250
382 7764
4463 2140
9170 7639
4344 8864
3345 8571
8913 7488
4606 1896
4434 7976
5606 2010
1619 6222
1156 6232
858 4094
2210 9844
8853 9810
1659 9970
5059 4766
7703 9082
9716 9919
1356 1338
3176 8361
4210 8389
4782 149
8887 6775
534 3337
5294 1492
9380 5890
6856 6594
2735 1421
8828 1886
7484 2901
5493 9959
5805 6784
7105 9405
418 6895
7089 4213
9736 6319
7511 7060
4512 4731
9682 7251
7130 7368
8255 1327
7045 7001
3463 6566
5519 6053
94 5229
4343 9096
6951 7073
901 1242
2439 1786
255 7254
4567 7942
2457 4728
965 3105
8305 3376
5571 6751
5316 7693
1577 3339
7072 7376
291 9957
2693 3665
7710 7138
8578 8611
1214 8885
5539 9098
4771 4042
5022 9811
9523 8789
1001 146
5049 8224
1742 5025
7915 4510
8405 6589
7291 7312
1384 8434
5479 1806
7581 6327
2117 7238
5581 770
147 4556
9250 4062
8641 6721
3128 6050
8956 6998
4813 2066
2882 9966
6898 268
3986 6983
636 5134
86 8639
464 6047
6942 7629
840 7502
3579 2027
7901 774
1774 3879
2801 5897
6947 5650
2365 3300
7172 5997
8178 6680
9869 7695
4394 8511
5562 3335
6971 7175
6799 275
2814 2345
9252 822
3899 7751
261 3220
9155 660
3502 1406
2136 9721
1779 6680
9463 3378
4750 6466
9282 7009
9648 8527
7449 3780
2794 9519
3441 9101
5676 8028
3728 3681
7232 8626
921 5494
6631 5484
1013 8466
8975 6569
1767 3421
7073 4553
4500 4318
2583 8144
3539 2065
3969 8065
8666 7921
2530 3070
6508 2007
3591 7890
7944 3735
2916 3779
1405 8064
295 3059
996 8768
4993 1568
3341 252
7232 1405
3639 8725
7832 5601
256 7453
9407 6441
3627 2420
7751 2909
8154 4605
8386 5342
6250 7094
9734 4742
5277 3326
4594 9685
6164 9656
1371 9597
7778 4560
7067 7208
8728 5119
2541 1757
5362 9907
1322 7611
4622 4684
883 8732
8269 2740
3086 8094
6895 7488
9008 3308
6294 3097
5827 4385
3818 4192
3582 3427
30 656
6371 3667
7959 8418
6252 7395
2688 7243
4899 1649
6319 3140
1726 5290
4699 1968
165 1352
2586 1489
5136 9590
3024 8518
1999 4294
3616 930
1880 401
4147 2781
6946 6247
5129 1858
4815 8838
4321 9498
3593 6544
4806 387
501 3041
2492 5745
5127 8551
8497 6097
4608 1984
4332 6775
2220 9379
4475 5777
4423 7573
8695 6728
1300 7423
3051 6503
6043 1245
6554 6150
7266 2909
6761 707
4254 3041
1747 3389
6980 7655
7656 1522
49 4815
5842 1605
7258 466
9827 5685
6081 8037
345 612
2666 3780
9553 7782
5886 6751
5650 7972
5370 9086
4061 2474
9838 7887
4999 4420
2927 5928
284 494
7067 8310
1248 3166
1578 2812
9984 7079
6027 1105
2043 4797
2221 639
7177 8074
1248 1301
17 7626
6794 9770
9918 6846
9318 2909
6882 7375
9046 1403
4009 4633
5638 8217
756 3885
5737 3500
5041 9395
547 3482
939 4006
9830 8022
7829 1597
7584 5967
2443 1933
1536 3178
2076 4620
6738 6404
2751 1231
8738 3515
3282 3728
8411 1292
1249 209
8962 2563
6532 8527
1223 6114
932 1175
498 9056
3146 4217
6489 4895
9521 985
3894 7759
3297 1124
4033 6413
6620 9929
1271 1287
9280 3932
697 8111
8114 3233
2732 2025
5374 8483
9306 1073
2640 6573
4791 4900
2770 9312
1599 6054
1601 7
8746 5516
1755 1871
5215 1148
5799 4057
5380 1629
6116 7147
2224 1797
4884 2216
208 7788
8818 4880
4870 3341
786 9835
1424 7648
8882 8958
1926 2116
8746 9851
1531 9171
786 2372
3910 3649
5112 7691
3381 3076
9910 8124
959 3239
4250 7137
2247 2854
4116 8076
6124 396
2956 281
6283 4361
8529 2925
1057 7315
9832 3306
3825 1080
4207 5346
3042 1637
810 6391
1960 7496
6354 8563
2703 9755
8439 2335
5724 1751
8102 2686
3711 1853
7128 1726
4081 4833
4786 8823
5018 2649
8461 939
9357 6409
6597 3379
5817 4436
6154 7239
598 711
2194 6858
6029 9459
3957 3319
663 584
5346 9136
4109 4127
1392 693
6214 5950
221 3097
9402 6717
1407 2435
3031 4443
6141 7542
5277 5222
3923 594
4079 9738
5839 8143
3080 4749
9225 237
3036 478
6814 8924
2779 6743
347 1758
3382 6255
3079 8432
367 1178
303 1422
5283 7494
9208 3158
8328 3782
2080 7092
4749 5079
4061 5496
3806 4452
575 4217
5865 4587
4318 813
2399 9733
4566 6247
1593 2924
3979 8702
1379 8068
9205 2900
8368 5409
5209 876
7499 530
4995 4825
105 144
4038 1819
7059 1426
1288 4395
7589 194
7323 5902
4471 1822
6540 9879
310 1680
5714 9800
1676 949
9909 5325
5545 4366
4507 6848
1103 6951
2028 5494
4223 3827
1211 6898
3255 4833
9786 2077
8282 3103
7602 9760
9422 6230
5903 5363
7811 2700
666 9434
822 9947
3424 562
1703 9467
588 1149
4839 3399
6184 7978
3968 8273
3882 622
6170 5828
8427 57
8657 8921
9099 3375
2257 5680
6783 5654
7070 500
3233 3222
2330 5377
5174 3631
4564 440
30 4217
9605 4536
2007 2657
2829 7195
9671 1857
5978 4035
1264 105
5071 621
2353 9831
8946 9939
4835 5225
7006 7631
2839 4328
4903 9826
1448 4477
3005 833
7377 3373
4614 9134
927 4253
2157 6859
3504 2917
7752 1449
1466 8439
1853 6633
2937 6970
5948 8370
1319 6699
2950 4465
9947 5646
8807 9349
5753 9299
8047 9072
8720 8414
5738 5500
8027 9359
3092 9365
9926 2217
897 8753
1372 4845
5205 5121
3605 3470
6391 3934
4278 3455
1308 8243
2500 8793
7882 7291
3666 7479
4125 9750
3020 7223
5100 2866
4402 1289
1548 1758
6863 4696
5553 4016
9763 8709
7551 7662
1768 1946
6960 2010
6827 6850
9510 1739
1395 8467
8257 132
4868 5202
3772 1852
5166 8050
8370 9700
7179 9237
3896 733
3418 7524
689 8439
8972 7940
1080 1679
1418 4118
3236 8392
3076 4498
2046 9056
5508 1761
7725 6269
6319 8621
3503 6413
1746 5044
3404 8097
718 3784
969 7567
7051 9149
788 4782
6247 4436
3020 7841
3136 4791
7091 8440
1484 3438
2492 4460
4078 8162
6765 4483
6080 4380
4968 1500
9124 9340
4840 2483
1172 584
5167 397
8904 440
5954 9115
9846 3848
6767 3216
194 6500
5970 2414
3277 5790
3875 4433
6191 3056
9857 6602
3735 3864
2976 9245
9068 440
836 5859
7993 4060
5190 4824
7669 7117
2476 678
5714 1037
1543 8875
6708 2649
402 4291
2826 4174
5623 7042
121 9647
2196 2731
3192 5170
7505 8564
8511 4521
6066 1088
7748 68
1459 5326
7451 5968
8973 3010
9219 8435
1358 1487
9263 2291
8824 4873
8509 1334
6014 1019
7340 9520
81 2677
4184 74
5719 6699
5077 2277
2087 936
6629 6102
954 1905
5984 7798
459 7561
3438 4956
5301 7246
1853 2876
5676 1939
3788 87
1681 5738
982 7952
6054 6702
3910 686
3757 7274
6156 4885
8097 184
1864 1550
7636 2189
115 2745
1214 1670
2819 467
4391 4005
7864 3221
9655 9607
3566 5356
7846 8536
3766 7336
6720 1291
9765 2504
8506 365
3707 4433
2795 9535
9868 2144
9279 4489
2028 8316
8136 5871
3351 5902
1847 6699
9499 4088
3539 1937
2764 6263
5212 8718
575 4971
7141 6114
6315 5806
9264 2127
5000 7751
1189 3329
2820 6279
4418 1919
1174 8390
742 9699
9090 2176
6182 3412
6461 1780
9334 6895
6441 266
3295 9295
2028 1108
8434 9203
4433 4620
2929 5646
6031 8625
8521 985
1918 1586
5013 3623
16 8201
317 5160
2564 1209
7293 724
5999 1331
9320 9309
7130 4409
4332 8486
3138 2090
1520 4034
6090 1863
6081 2043
2066 1992
5834 1385
4235 9987
1043 9478
9470 4005
8642 7236
7240 1894
4139 5445
6545 4900
8050 3281
1658 2705
6546 6293
3472 3790
6493 1448
1555 9787
6445 1636
1202 2021
9266 2912
7151 5999
9806 7966
8872 6893
8302 6777
5750 5662
6688 3730
7188 7988
9596 2679
7569 4418
5946 3507
2925 1190
548 8707
276 6070
7496 6505
5997 5660
1678 8379
8987 5954
8376 7786
407 7657
584 2631
133 6142
2583 5977
7204 856
7149 2152
8523 7432
5871 4918
985 9741
2561 3370
4887 4896
8522 6914
4096 7292
2790 5795
4364 812
2749 4710
5047 6174
2917 8495
9761 1244
5454 1839
2281 5544
3454 2698
2115 1576
3009 9666
9316 9646
9982 7255
553 4058
480 5502
9298 4344
1825 9327
1978 5893
9636 9772
7711 3157
9633 3058
7890 1587
9080 9261
4211 1485
2097 5706
7656 5032
8876 6233
8213 4428
1843 9990
5332 5767
1467 6212
2630 692
398 2736
5863 1912
4858 4571
5519 1284
997 8370
3763 9939
862 5701
5457 5775
8944 4889
8896 7881
6824 1482
9549 4999
863 9723
6656 622
2325 7010
3777 7514
814 4879
7866 546
1596 8032
6019 6602
2488 6893
5177 2580
5875 8809
4752 8480
695 2568
832 5017
8357 5334
1684 3018
9775 5998
9738 6345
2078 3588
4473 555
9991 3492
4580 388
2134 8071
1835 6691
2945 1079
5386 5332
7752 3547
6948 7694
4634 9669
6562 9873
3599 822
5971 5204
6585 8810
9379 6240
5057 3063
8439 7079
2197 6033
3072 7657
8441 6630
4115 3977
7488 8439
1915 8683
4546 1288
2897 6097
7084 4161
1341 3671
9899 9527
6921 1659
4223 2705
141 7094
3661 7368
2907 8663
2107 4372
4180 1288
4256 7470
539 4861
6883 1259
4707 4373
2425 9498
443 3581
2549 2394
6518 3992
4570 1069
8778 9136
3441 3995
4838 2806
5116 4019
5386 1628
539 781
1719 5027
482 1213
3913 3401
4618 4910
1413 2247
2696 9624
2917 2618
9591 3129
628 1388
2310 4835
5743 3972
4931 5491
8121 7122
2331 427
4364 8827
7680 8059
9585 5650
8710 4898
4990 2809
3892 4523
4078 3481
6232 1517
9531 7750
6890 965
7485 4292
3309 3384
3047 9571
5557 2812
9254 3722
914 1206
9466 9728
9533 104
8639 7475
1345 611
6195 3678
4371 4763
288 9038
3822 1811
2955 6548
9747 7280
1433 1784
9863 3375
6162 5729
3457 3618
5511 4227
4091 3675
1975 912
4566 5890
7626 5691
5330 7454
3404 9511
2308 1206
6833 6728
7056 61
5387 791
645 1421
7891 5063
5778 1844
6065 3594
7769 8749
897 9751
2084 6803
9636 1130
7526 6776
3434 2600
199 1492
2046 3020
7006 3744
3167 9840
7079 2044
1590 7355
8825 4944
4961 5062
4677 5303
9548 4521
1612 176
5818 2387
5554 2314
607 7679
1942 5420
3681 9364
2685 3249
2917 8968
143 7989
1244 1591
8252 2207
636 917
2838 4659
4259 3864
9768 1649
3269 7326
4510 8815
7251 3938
1593 4569
8330 7351
4211 2776
5276 885
3178 1438
8272 6592
4196 1421
6733 9317
8579 2807
3555 341
2205 5254
9009 7760
3486 3661
7738 6779
8684 2227
1080 9430
406 360
7060 4585
5494 6719
8052 3155
1469 8609
5471 5954
5539 4102
5165 3632
6204 5953
5301 29
8726 6896
6919 3949
8722 7420
3090 9272
1868 4763
1281 7447
1078 2429
8700 6614
1929 9883
2445 5454
1760 5351
8305 5977
2644 4388
4842 1972
7040 2266
7179 5350
6668 2394
2210 8970
3022 2469
7687 3016
5459 4765
2489 3174
8236 7395
2930 7202
6538 4391
8663 2251
142 892
1585 1576
7739 294
3413 4811
7578 3086
9511 8360
2771 6512
1897 7705
6436 4235
8304 453
3950 707
4930 8046
5448 5528
7908 9794
5566 7735
6039 4922
3415 1716
6448 5090
4678 3516
6678 3337
931 8649
9861 5746
5931 2090
1892 5883
1135 9876
9774 9241
3971 3223
2185 6549
2168 2152
3654 4226
4364 1124
898 2298
3965 9191
1349 8586
3448 6457
6307 1801
9887 7559
4808 5157
8380 4904
288 6691
7098 9362
1394 4693
4656 1474
8166 6493
6632 3826
3389 7058
2448 5043
4628 2085
8000 1478
8727 2975
241 7760
8101 8067
1544 7912
8681 4212
8199 496
4449 3143
1470 2715
1723 2141
9992 4713
3288 4508
7804 8719
3441 1340
3852 8522
9016 2862
77 2710
8031 2238
4541 4250
5878 2589
3325 7894
134 8815
5497 6509
3566 7993
4342 3259
7261 1623
5432 4350
543 7936
3807 9516
9324 9636
1505 884
3174 8004
4160 7015
1828 5940
5300 4517
6850 7542
520 196
3924 1527
3194 5394
5126 3317
3195 7016
3200 449
1031 4505
1669 3035
8802 8261
8267 2733
4256 172
1396 8767
7005 3292
1220 4377
6870 7534
1681 7475
5671 4995
8343 513
9498 2716
8271 344
8421 288
5126 7531
6324 6398
7449 4329
1065 6317
4750 7365
3653 6271
207 2499
2528 5667
1312 909
9637 6271
5887 516
9775 6915
7712 9640
3339 5185
7636 6733
4038 5573
5791 5251
4053 1909
9500 7447
5856 1179
414 2145
9476 3828
7600 9412
1420 2074
3577 115
6042 2739
5235 7140
9698 7058
6611 6868
7839 8647
2046 4687
7825 8712
6273 5826
2630 5381
2074 5688
2651 9870
6916 5868
9246 5594
4678 3142
5080 5108
3258 6791
4529 575
707 4100
9246 2332
5378 3755
6496 2922
4380 5821
9242 6239
4100 290
1293 4547
9104 9688
128 2824
4270 8285
1497 8928
3816 2867
8513 737
5778 1901
9099 8647
5996 259
556 6482
6017 8949
6865 6306
5915 7625
2305 5408
5051 3844
4297 9569
6084 6616
3309 797
8117 8334
4827 9505
3351 3948
9729 2411
3676 5694
4079 1883
1901 3224
2157 9337
2129 5303
6278 7276
39 4138
9323 4473
2375 232
6793 5103
559 1666
5353 7053
8120 5612
1437 5318
9357 795
5595 2156
2195 7885
6016 4135
2996 5130
9033 5286
3420 8612
7293 9482
5589 7939
8951 5890
3402 8972
4807 7186
2388 3446
5531 535
3106 9324
9718 9711
7679 7424
1516 4685
3326 9098
3811 6632
1122 5283
6968 8086
6674 3438
5039 5213
6735 6343
8631 2394
6237 6066
8727 4024
3254 3452
6285 8968
6495 1342
5127 6201
3164 2512
2265 3123
7998 1784
5946 8640
7779 5803
3915 2272
3192 8064
931 2732
4745 4419
8557 1640
3713 2259
5195 8304
1595 8495
5171 1036
1457 2374
5941 6552
8424 8321
6252 6710
5052 8376
733 3632
302 2133
5683 2887
1627 9214
3984 5889
5080 7512
3648 5674
9558 1588
5844 8847
9996 1935
6549 7323
9023 5566
8470 4599
1305 3807
8777 5052
9676 7299
7882 8751
4702 9565
1094 1759
6193 3352
6745 8258
6153 4182
7863 3261
1705 4801
5987 2429
525 1723
4241 7076
9141 2831
1278 11
2430 6639
1019 1477
7139 3580
4327 885
6950 8030
1363 8605
2581 7747
432 5063
3206 4766
8108 5320
6413 5812
5744 1516
515 1570
9651 8423
8004 2459
3910 1849
8063 5025
3212 8903
3503 2141
2042 6018
7126 5051
3462 5523
8200 7595
8188 6309
361 8808
3799 1910
1056 6862
7652 8665
8775 5961
1981 9017
1255 4712
9191 3846
734 4717
4378 3778
8940 3217
2289 5090
4674 3547
9121 5709
4745 9614
3454 9967
4359 5872
1911 5403
8416 443
9434 8276
3842 6521
1960 1737
2717 5099
4379 3198
5511 4286
2450 325
5407 1425
572 6479
9447 4394
472 3804
7729 7568
4568 9378
4009 3264
3792 8928
3394 8064
4461 8003
2096 4765
8889 1255
7798 1925
378 9474
4643 6704
7081 823
1554 5650
5211 9376
2642 5877
1157 5196
9028 4689
5824 2894
375 4342
8423 8901
3227 9132
4433 2521
8075 2970
2557 3904
2837 3958
5623 8623
7619 3629
7133 4904
4213 1821
3312 6035
3075 6122
3793 5584
69 8449
1793 5211
8085 3671
1893 4166
7001 3822
6503 3545
5682 8048
5383 2733
9311 7511
7528 7136
9288 1606
8995 2781
6386 4084
96 7397
427 3969
6839 9664
7085 4472
2021 7074
218 5552
3624 3775
1628 4110
6053 8691
7264 5871
3219 3497
9793 1606
7519 8083
297 8447
8561 9921
3124 1395
6963 9033
7603 5458
3671 9606
2193 3451
849 5661
1031 7624
7757 7093
1358 7753
2239 7539
702 6173
4306 2654
8470 9594
9936 5832
6895 3543
2786 824
2299 9367
3025 3055
3541 6126
2214 4304
4906 7385
9285 6666
7834 1139
6045 195
50 9872
6070 1945
6374 4571
871 6308
1702 8451
2428 4125
2997 4282
5879 4750
6895 5892
4140 8353
8677 1841
8535 2660
3335 4169
8404 5065
9426 94
4262 4973
5529 3711
5077 9966
2741 3551
31 7512
724 5749
6818 4453
6173 514
9080 8438
5083 4792
972 8709
2696 4195
9631 9894
9261 269
7645 5255
9785 1178
8799 6102
4936 7640
1452 1361
2286 769
3261 153
7957 8644
1421 5165
6917 5640
602 7728
1405 5571
3786 6804
8448 8625
5810 9456
8998 6288
6170 9210
3639 4246
9091 5698
371 7687
8705 5662
539 7500
5704 520
4169 8383
4588 9764
9820 4531
5305 8358
4300 1898
3514 1743
884 8851
1283 6870
9868 8665
7085 6863
4807 2116
1900 8946
7764 4707
3441 8970
4524 3605
3708 6466
3215 6533
1130 1686
7124 9837
6988 5775
866 1347
7764 2963
8534 666
9843 5588
6274 3106
6057 9938
7325 6686
8125 2309
8680 5042
706 1866
152 8662
3626 3636
9770 4147
8717 6506
6917 2057
7643 2686
669 9302
1357 9676
1020 4621
5166 6855
8330 620
1749 9382
5411 1963
9385 9301
5174 9604
7430 8176
2894 9177
3882 2636
1172 2167
3183 6570
4824 9979
106 4587
5431 1797
5110 6815
3756 7371
523 2660
9534 2577
921 8304
1944 3972
4264 994
3608 3578
9007 1491
6018 1836
9370 6912
8327 685
2815 6278
8812 2605
9692 7084
660 7724
7427 6965
9507 5052
3578 36
1056 4691
5321 9054
8136 4392
744 4833
9308 6276
5452 8756
2857 8503
8070 4977
1528 5854
9444 3841
8970 5126
6079 8975
1332 4114
8880 4149
9641 4247
6497 5472
5485 4974
8277 7764
8881 2509
4743 3354
111 4381
6456 8854
5218 5798
1393 3427
1791 1487
6484 6822
1418 6574
5090 1075
9963 4769
1077 9435
696 7528
741 3972
5407 4515
6501 7526
847 6879
7313 2974
7832 1324
7570 1324
1520 448
4832 793
1103 1328
6616 1770
9960 1101
3489 195
681 6708
3475 9278
2159 2956
7043 5607
5134 6813
5161 8673
6565 4262
5040 1967
6474 2831
4497 2213
5365 4881
1308 7371
5525 2655
9179 8591
6146 1016
7799 3496
1568 1296
4983 7704
5032 7337
182 6744
1403 6827
8746 1505
7061 3688
2472 5351
7900 5426
3908 7308
6660 311
94 8967
7002 1014
3176 1387
8597 3489
2069 5496
9600 1952
7641 3566
4222 6838
158 4414
8083 6
2086 4618
5243 1871
7859 1695
3339 5178
8187 1002
7001 4818
8702 1862
7425 4328
8092 9221
3130 3203
4169 4063
7615 2129
7600 2760
6689 6515
2527 1341
7469 6626
1970 3638
4067 7327
4029 619
7366 2943
8744 3498
7959 5443
5447 3232
902 6628
2191 8831
1446 7923
8091 8487
2635 3395
4333 5352
7993 5966
7034 4540
1151 8271
5769 5848
9528 7407
8306 949
5604 2519
6164 9272
6493 1634
7126 4250
5221 3949
2081 8262
5725 715
386 1126
2547 3753
6451 526
1298 8977
869 2155
2123 8565
8 7717
6092 5733
8499 8150
6155 541
9437 6605
82 4111
331 385
6805 542
6691 7839
407 6796
5069 9031
4644 3900
9556 1658
1140 1813
3389 5630
964 1587
3928 1599
4547 4088
5937 2667
4373 673
5796 6340
7776 9215
6668 2068
3775 4861
8438 1457
4731 997
9304 7728
3299 3885
7043 669
5642 625
7703 4391
6440 3759
3806 8267
5368 6428
5732 7873
5773 3215
8103 9586
8740 8157
9639 8448
7179 7373
7874 1482
6604 4661
2887 8468
6521 2677
8 4026
1025 3141
1107 965
2771 5260
2947 2224
7835 4536
494 3976
9933 8800
6636 4599
6906 4194
9391 7470
3384 7422
1937 617
5780 827
1048 8103
9088 8829
8633 557
838 3799
6796 5086
7577 5422
1443 1169
3457 6072
3360 3695
7973 3786
3222 4404
2361 2089
8771 4705
1799 8738
6213 2240
9460 2190
2410 1614
658 7722
923 5024
5074 2906
7909 8510
660 9525
8308 6758
1083 2946
6941 5086
5564 7873
9660 8263
1263 9414
5024 5650
8601 3260
9072 9261
9956 2111
7442 1517
6754 1668
4893 6069
5304 9087
4131 5517
1720 5839
8156 7690
9558 4172
9482 3359
7877 132
2407 7708
5858 9380
3246 7460
8666 4264
6960 1369
9609 4110
4981 3041
3417 4016
3587 1724
5765 4843
1140 4109
7258 5385
557 7171
3029 8522
4040 5348
3669 8330
589 4881
103 2921
7596 8655
4332 9024
3769 7635
5144 9060
3077 4496
9788 1856
5770 8704
7193 8507
8005 8422
6606 6761
362 879
4056 1518
1759 3662
9298 1928
3196 6258
9568 9107
2498 5169
9748 9748
1193 3143
5546 6084
2151 9942
9506 9582
6411 1129
9851 6584
6541 192
7811 4597
8439 1951
6593 3213
4552 6515
2219 8211
2221 444
1061 3495
2726 9247
3407 7659
6098 1958
8180 4063
849 9358
8302 6389
2399 2557
2082 4836
8135 7151
9646 651
5481 9206
7170 2978
3026 8963
7062 5138
1021 8660
7435 6551
9451 5148
4604 8007
7319 4390
6629 1728
2238 343
8494 1095
851 8370
2683 6880
1050 8435
8068 5538
6165 173
7987 9750
819 3291
4635 3398
8318 6588
2392 7239
4586 4179
9310 462
7015 4113
6581 4824
9019 929
3122 9155
9551 7620
9491 1153
2956 8341
2180 5905
8725 3047
7973 6337
4442 2198
3368 3037
3902 6354
8458 9240
5693 433
1819 1553
7674 1961
941 7700
1536 2433
4412 53
246 6249
9776 9269
941 358
7260 9797
8027 6263
9964 8502
2332 3363
3973 8233
7508 9081
5462 3408
4919 3883
9397 8539
968 5308
4131 9465
7632 8743
8227 7906
2131 461
4690 4181
4460 9088
8951 6624
3370 8936
7074 4143
5797 3374
8523 6039
82 9658
3689 7790
9993 8290
6968 6726
9528 8190
6647 9529
3374 3699
1316 6125
5292 7645
2930 2261
8000 5597
6906 7137
480 1315
2948 7391
1046 7324
9591 1318
318 9251
3103 8847
2174 8118
3977 9374
6072 4588
935 1198
7752 5858
873 5689
7869 2013
9565 5587
9938 2422
1728 955
8094 3528
1678 3992
840 9834
2708 9233
4815 5733
9300 5181
7313 7221
2344 2476
4001 911
3084 3454
5963 4671
1455 2499
5419 9940
4021 7686
5815 4921
1035 866
4138 1037
7365 3903
9569 6486
5809 5264
7231 9272
6679 2114
259 1705
541 9002
3629 4435
5631 6803
8674 7189
8688 6858
4702 9723
979 9349
4793 7626
4583 3386
7031 5841
5613 9122
3765 8352
4641 2573
410 3944
3033 9894
6818 4501
138 9120
3058 4703
3332 5208
4557 4501
7272 4856
5838 7375
4781 5414
6315 5233
473 7504
9846 8820
8029 9386
7569 2985
6173 7220
2274 7115
2193 4009
3337 8827
8696 400
8505 7221
9207 4295
2140 6482
550 8259
51 8575
6290 6465
3122 8794
913 848
5185 8405
2426 5011
6677 2013
5840 4256
2099 6952
7992 7652
3530 6121
8172 4321
3581 8274
828 982
4661 4971
7632 4986
1449 548
3721 2777
4225 5693
43 2001
796 6934
4027 9505
2838 5439
2769 9806
3880 1386
776 1744
6391 8061
2289 3167
939 1627
1669 7101
7343 6643
7045 9201
5341 2999
2596 5919
3264 3574
6827 7702
8495 5057
5100 1974
2698 1887
8429 2488
6610 6657
6587 4687
3739 2527
2117 7210
9127 3469
9956 813
3615 5386
545 373
5206 2787
1799 9789
5544 9198
8238 6690
3568 6442
9848 8305
5719 8906
5254 3888
9452 7258
5460 3956
5200 474
5404 4707
2924 4138
8075 1986
5700 8906
2444 2225
775 8782
8382 3799
9756 6864
7395 8764
4580 6781
8069 8708
6453 8739
375 7801
8453 8819
7813 1814
8123 8392
5353 2917
1337 5408
7247 2305
7827 2651
2723 2148
3627 8445
4950 2648
7971 2521
1341 5271
5090 6371
9959 3530
6294 8988
5829 2509
8136 3527
8388 7949
6233 8456
5413 9360
5122 4229
3055 648
9825 8037
3486 5301
6354 6881
1070 2798
9769 1460
7160 8213
8849 8401
1149 4525
940 1907
2374 556
593 3031
2611 6390
7201 1919
4040 9916
5048 4522
6026 9802
4579 4717
4346 1742
1276 6528
8736 1532
752 4084
4090 4381
2015 2437
9826 3377
9884 4779
5580 2373
5923 6913
1547 4439
313 7541
3549 9288
8225 8792
6334 6669
9511 7543
268 2779
8369 4232
1454 8533
9945 5031
8250 6755
3241 9522
1667 3393
2530 5754
82 266
3562 2410
3949 833
9254 6961
7956 1676
8367 5182
7247 1889
5194 1919
6271 3300
4285 6309
9586 3125
6125 8844
9859 22
4952 4493
4358 5969
9518 1799
9767 5509
5030 6254
4754 3875
2276 989
1099 4359
2565 597
3769 8849
9877 5236
3347 9385
6223 8345
7668 3477
2575 1177
6401 7570
9678 9614
3432 2905
3948 3724
2182 6965
6688 1857
4637 2485
5194 7772
2887 8474
3878 1679
4784 963
3226 477
624 1231
1699 6215
6668 4773
3478 6296
6680 2568
1101 3492
280 6009
6159 7003
2126 4683
8425 6034
483 5779
9762 1569
6552 7873
7750 8726
4823 9949
6485 1403
1899 6747
2513 8367
5313 1855
3994 4095
3139 319
7326 9458
7331 5601
7178 929
3807 4390
7707 5888
2321 6453
4625 7991
3014 4875
8207 2683
8008 7398
4844 2558
5320 4473
1342 1594
2308 2619
9668 3623
1526 7013
3522 972
1714 6956
9676 7540
47 5709
4152 5690
3829 8420
1484 4629
3233 8803
8567 3618
6481 5457
7233 1120
6720 9903
7073 3117
90 8681
7188 8961
4259 2123
5576 6603
9900 1784
440 9854
1760 7435
1672 9308
8929 277
8325 5495
7151 4181
3882 42
5358 3155
7598 5166
5975 4780
3960 7051
463 5943
600 1747
6475 8220
5261 9988
5982 6072
4654 679
3749 573
3869 2853
9822 4587
8457 4846
3581 63
7865 504
6581 5246
6509 5077
9399 1986
4688 1737
9930 6991
5243 8082
1683 7443
4252 5492
4647 8731
2729 4290
8341 7909
5949 3814
7623 2445
4427 7452
5743 4877
581 9802
2242 2603
9955 231
4956 976
8830 9655
1369 1631
4478 9460
6882 9630
8410 330
3573 5567
1392 9054
2808 5700
2955 6393
2170 3908
7185 6783
9606 5688
5916 9369
9013 1387
2896 3719
9664 4094
5918 784
423 6051
7477 2582
5236 871
115 4888
646 6510
4047 2174
1729 2458
375 5872
170 2730
2122 9973
7645 9871
2363 465
6597 6747
4405 6204
248 8921
9761 8325
3563 2101
6028 524
7908 6430
9539 8397
5038 1771
3842 735
6335 6575
2818 119
4547 1426
255 4773
5461 6721
9824 5469
5106 2292
1468 8378
5962 3445
110 8475
6979 7929
4155 7853
480 7227
5 3928
4294 6699
9519 2510
2385 9928
4940 4861
633 8637
1373 5000
9765 9332
5577 493
8850 550
1313 8517
6675 4791
8622 3288
4711 6098
8288 6152
303 3635
8455 3821
6390 8715
8090 5120
8426 3534
4307 6543
6089 7713
9289 9766
9530 2510
961 5540
9920 9754
3509 8899
5205 8797
9954 2693
1574 3259
7243 6658
5462 4932
477 9776
73 5522
7060 5261
7685 2280
1275 6265
6968 9055
4838 530
897 9059
9625 774
2598 7500
5211 7807
7594 1236
2599 8812
2129 3
4379 2702
6500 4533
8282 1236
1444 1068
3746 2008
686 8034
6446 4418
2686 944
1720 599
5935 9571
3381 6875
8422 3323
8212 5728
4463 4399
3071 2448
1759 3415
2459 4321
2631 6993
4833 9944
6159 5650
6393 5588
7463 1826
4108 1848
8416 2875
9642 5813
717 2378
2279 539
4708 9656
9164 6417
7617 428
9980 8962
7858 490
5623 4744
4669 7900
9413 9494
1296 405
3872 6014
112 6482
2638 485
989 864
2033 3529
7177 6814
4050 9669
7085 9440
3644 1811
2073 1615
8912 3442
2692 8534
3564 6248
5238 9080
4778 5160
9737 815
7899 504
7121 1405
3361 8814
9830 6641
5592 4855
6515 3554
3466 2865
3844 8638
301 1937
5092 5592
3213 325
2368 6622
6167 9529
9764 7468
2677 2129
2393 384
3951 7996
9854 7361
1979 4716
7935 5701
1497 8355
883 1716
6325 1726
9683 955
2578 177
5311 3784
9036 2541
8782 9077
2762 3906
9446 8074
621 8024
7378 656
4248 3240
2751 3259
1001 8016
792 9074
1869 4268
3462 4748
4935 1928
9043 3604
2950 7754
4010 1089
9963 9882
6885 7260
9769 2432
7884 585
961 1541
5606 5142
7598 901
4639 7541
5705 8504
913 6573
6572 5874
7862 4515
8677 1695
7465 385
766 524
9430 5352
1360 8847
3029 7888
1196 7692
599 5487
8723 9102
4308 7683
9807 5009
3566 2616
5129 9781
1144 4240
8491 2299
8521 6379
1234 8334
1838 901
7531 3425
3899 2681
2479 3112
9216 8109
9920 1809
6525 3681
8653 2519
8212 4991
4280 2494
1382 8619
1554 9894
1144 5529
280 2980
9571 4486
3929 9326
8602 2409
2836 2753
9181 4974
3518 6493
9123 8941
9274 8585
746 2342
4997 6578
5279 1309
831 4143
3131 6205
8865 6552
6551 2111
2434 6213
7170 9444
6277 4208
1950 6285
4185 6003
7203 2158
159 1656
2093 4378
8051 1501
6304 7724
5406 1390
9915 6379
6040 8846
9353 8827
5413 8051
2488 5708
296 3179
6722 6557
1870 4612
2687 9035
5791 3015
3623 9245
9141 4110
2662 6763
2054 8341
4996 7884
1417 8952
8829 3959
3018 625
1197 1715
8177 2498
8423 7923
5926 4758
7797 1984
5699 4486
9664 4393
3977 1088
9198 8040
5727 3622
9829 2137
527 8807
7583 311
4900 8539
3164 6061
2895 6839
1980 9694
3718 167
9514 7350
6902 9079
484 637
9905 1435
9287 6755
6983 8923
975 3843
7930 6030
492 2154
83 4615
5181 5044
2970 4222
9893 8901
5459 787
1069 7275
3621 2499
8318 6785
7400 5397
9921 1271
3990 4022
8410 1126
9247 6201
9513 4371
4537 9035
7362 3829
2629 1835
7603 4709
9177 7125
981 7283
5230 1206
6701 1989
1317 5138
2330 7258
9469 4156
1582 2440
2848 1771
425 541
1581 0
8621 1551
6319 8461
2329 7972
6154 2651
9559 7819
4158 8584
8781 4290
3473 79
475 9760
8679 4013
1473 2631
7245 7700
2737 1623
250 7548
5712 4992
7938 7519
8060 9202
1952 5904
694 6168
8212 1342
4322 2225
4010 2367
240 4133
2142 9798
8387 6419
8607 4473
7469 8774
9236 2200
8813 6419
525 158
9919 6515
7544 1835
6356 7039
2511 1535
8045 9701
481 8638
9109 9800
9510 7929
4947 196
6075 8453
1784 4818
324 7873
2454 1122
7953 2420
4174 4595
5411 1993
9315 6414
1424 1021
7943 3395
8949 1338
5597 5795
9812 6402
1177 9896
4577 2891
5861 778
2647 9114
8461 2580
6284 7004
5295 7429
7468 9679
2545 9251
7964 1895
7515 342
7115 7053
6282 6261
9819 9922
4476 6693
2979 8661
1992 5224
6202 6948
1616 4829
1065 7466
9983 1291
1436 9328
2016 1272
8791 5558
7569 820
6679 1251
4274 6720
6953 6186
3775 5841
7593 4560
2674 9206
7806 8990
9810 6072
7587 995
3507 9180
2131 821
337 4000
3160 6332
2449 6994
8328 9745
1258 4050
9112 1196
2070 7119
2054 6357
384 5401
1939 5323
7064 9827
4165 4467
4741 4334
69 7460
6308 395
5234 1005
9600 3471
8144 5440
9861 9662
8865 2729
1893 7957
5031 9398
745 3434
923 1198
6774 8775
8083 599
3747 1688
2458 4854
4100 6687
543 3313
4447 1547
8454 5386
660 6049
1680 5876
7719 9074
9800 6339
5902 4392
9219 3095
7159 4657
2710 3102
3524 1629
9602 1520
8362 6039
2861 8640
8680 952
4848 6270
7845 1319
7698 8210
7790 8967
5129 3664
7604 102
7882 8677
7637 7863
4746 3081
1597 9624
6671 5266
9795 127
9234 6735
3252 3519
8933 7009
1046 597
0 2178
2739 5105
9779 11
8830 7675
1020 5913
5409 5882
9667 4385
5922 3929
3323 6445
1958 8798
8520 8802
3980 3682
5152 3903
8047 9787
3937 2817
433 3470
5192 8405
118 4132
21 8895
5967 4466
1471 4105
996 2829
7255 6030
7929 4025
8063 4254
9670 4403
8485 2442
7545 9697
2023 9169
2829 8515
9324 6102
3821 9529
3510 1036
573 7398
9625 4229
4663 2412
1765 1074
3120 2140
8066 485
6849 7728
1914 7963
8815 4252
9873 6815
9861 1099
6371 4131
7977 1840
9016 8564
2170 3580
5468 4744
5293 5157
6176 6184
7788 4691
4262 5060
3491 1278
3723 2567
9612 8221
5252 2766
2136 8025
398 4912
5647 1309
8946 5327
9334 750
2682 1903
3345 8111
9302 4100
9677 3977
4853 5743
1635 7985
5433 7257
335 8023
9077 1888
167 3457
7278 7692
4122 9092
6340 7143
1689 4959
9639 9175
9672 758
1619 1453
424 5449
6776 6663
1363 6371
9508 4447
5544 7330
5268 2965
4215 4681
6688 6671
3291 7191
8392 7396
3335 2538
366 9951
4830 7061
5002 1920
4441 7774
9119 3416
7329 6300
7642 8746
8201 8215
8277 7567
4363 9288
5856 3377
1226 7254
3526 3129
7555 1287
1880 8128
6748 669
6908 9023
251 8378
9392 1723
7461 2941
4817 4452
6374 9624
7308 2066
2537 3163
2544 1890
6481 1735
8145 4633
2119 2357
7239 4531
5354 8117
6725 7464
8930 4270
4701 89
4465 5474
5719 8474
8470 84
7599 3009
159 4722
4164 7963
4864 9128
1120 1690
462 9863
7713 6679
6720 6423
7825 9071
2907 4557
9600 8279
6843 3268
2071 9654
7544 2268
4008 7584
3880 8567
2110 5007
6117 6897
2192 2373
8009 6690
6185 2342
4920 3650
8671 3362
287 8424
5385 3191
6706 4444
1723 6180
2812 6632
1112 2764
2335 2250
4713 1751
4005 6360
7368 5438
6853 7473
3527 2534
8864 3245
3423 7846
5938 5861
7472 18
6977 1473
3756 2478
279 9421
3383 3815
2707 7467
9383 440
5790 8972
4062 4103
7487 8526
157 7630
1270 2518
5520 3900
810 8949
9005 4136
7614 9469
4581 8761
2525 643
3529 7144
2335 6935
6075 8215
639 9188
1018 1142
8832 7978
7586 3112
1392 3009
9516 6395
4617 6324
695 6235
2959 4439
2866 4211
7291 1659
8753 7806
3130 1517
8049 6670
148 4790
974 173
8007 782
511 6535
3037 1999
3370 8561
5791 6712
2802 9043
9377 1109
7090 3187
4045 513
5772 5386
8260 595
4583 1091
8965 118
799 5137
7832 9947
91 7531
2226 8294
5480 2999
5874 4387
6051 8221
6572 5183
6855 8689
8283 6850
4969 1248
6488 9161
7539 7106
2067 4221
8801 9930
3872 1056
1048 9382
5495 9063
352 7134
35 4983
1292 2279
7525 8497
1420 4945
8489 2767
546 9521
465 3934
3220 7300
7103 752
3255 9243
9024 2000
8125 2611
4723 5527
5017 5479
789 2166
290 5865
9734 4203
786 4756
2998 7200
6502 1299
9079 2178
3031 6330
9792 9927
4541 6021
6041 5290
2622 8791
4858 9340
381 2613
1022 8537
5364 2274
6172 2713
3019 8319
7568 9472
7439 5386
3166 9241
3980 4799
1466 4205
6590 9009
4342 8305
2336 1994
3404 1606
6521 3890
3806 5292
1536 4570
5882 1459
517 915
190 8104
4769 2757
3691 6106
466 8160
4292 4754
5544 3628
1774 3408
738 4539
6512 1050
1827 3419
3413 2691
722 515
9741 7749
270 4555
2577 7825
3922 5722
6663 2508
5624 9232
608 9101
3091 3700
7989 4751
6129 4910
7613 5632
6769 8919
3839 4209
8985 7604
461 837
8991 7126
8437 1090
7468 3672
6068 8993
1438 3677
9915 1997
577 1133
7694 7583
9289 259
1083 8589
418 9633
2617 9428
4322 3962
6388 6086
2867 6570
8870 7896
236 961
8911 3467
9286 3344
1629 4305
5561 1554
4739 2385
9708 2929
5069 4246
5907 915
2611 5947
3103 4460
4042 4150
1242 2179
3425 5908
9153 88
2525 5880
3784 2808
7918 9906
4317 5257
2682 8752
5560 174
9436 3301
5148 1169
3907 8247
5023 6587
3152 8085
4771 135
7552 26
1512 8469
4396 2180
2140 1356
1606 3637
8463 9453
7684 303
4963 8010
992 6339
5359 4334
424 7050
5474 6536
2571 3915
897 3069
6691 9846
7691 2413
8234 9980
2778 7362
4877 1298
8127 994
508 224
9745 4419
6959 5352
8481 9564
3873 7750
7689 2609
226 2618
2958 3105
7894 1028
3180 9341
7196 1629
6163 8922
1419 6510
6617 4433
2642 775
7115 5878
272 3380
2607 2245
6617 3386
3585 5310
1577 4359
4020 4255
9876 4299
3660 1468
3088 5443
4385 152
5934 7944
8457 4093
5333 3755
2443 5274
9840 6897
7801 5630
7711 2438
2470 3421
7603 4073
7193 7881
6907 6706
4471 5308
2618 9304
1481 5428
5897 8240
822 7714
9567 9461
6188 5679
3528 3230
4495 538
4004 7131
1179 2703
213 7727
5544 4193
6242 8786
184 6100
5628 521
4621 2582
3459 8970
4829 1070
2979 3674
2815 5414
8023 8418
8952 9672
3473 7040
783 4005
4835 2174
5857 5834
6648 7087
6653 7202
5114 7187
8264 9685
9002 9614
1333 2607
4285 431
9004 4247
9391 9611
838 3833
690 2686
7589 4527
7334 3483
4097 8718
5042 3527
1845 5155
3880 6919
6329 8515
1858 5215
7751 5097
5259 1781
207 7655
5754 1760
31 1242
8298 6663
5676 6270
9567 1569
7536 8033
9277 6425
1792 2474
4175 8506
5206 615
1138 4902
4763 2489
103 2471
3777 2165
2076 7787
423 547
8380 7203
5164 4122
7566 2031
2665 8037
5354 3236
6768 3448
8958 3689
8939 7611
2215 2324
3550 2280
250 777
4718 8623
3204 4760
5873 2195
4215 9170
4387 5490
2945 7394
6601 1887
6419 8003
3728 3575
3091 4186
3135 4000
2531 853
803 4349
9691 8885
410 5586
5497 6122
2157 7701
6023 9615
2537 2738
4670 6838
2953 6036
8215 5031
6880 1665
7855 6711
9104 3180
6179 3015
7598 7314
1844 4743
3671 9591
8542 6594
7823 1245
4421 6376
4192 6553
1994 3226
1427 4576
2026 6827
5381 6310
2994 9204
855 3074
5072 3754
8425 9055
2387 5493
655 919
7023 680
6608 4723
6630 52
6511 7042
9046 9644
3695 633
6601 3673
8823 8525
8164 1241
1113 3961
9076 4275
356 1767
7773 9492
797 9094
9983 8628
972 2157
9812 9914
6400 4972
3077 8410
2674 6744
6053 5093
2508 561
9445 7124
6172 7939
5658 3288
6042 7600
5192 7164
3316 8584
2900 5636
9171 3973
3882 6191
5504 5157
2741 4825
7907 3439
8046 2551
2581 2594
4465 769
4974 912
5693 6520
4305 9155
9115 1718
5887 5982
9063 5463
9665 4107
5227 9844
5356 7514
103 9426
17 3761
3600 5552
9564 6684
4135 6384
3446 8791
9134 3838
6452 9295
4790 2794
1313 1658
1113 1075
7088 8947
469 5174
762 5692
3118 4357
4523 7526
5099 8625
8523 3253
9915 7907
4944 6765
869 18
6411 6345
2264 6175
5008 7194
166 4476
152 6298
9403 6685
2975 4200
6143 5520
8020 4739
5631 9923
4898 4676
3638 3847
948 8955
5740 5665
9542 2427
2763 8989
3567 9686
4900 2362
1396 8677
8058 25
2309 538
8234 5849
5164 9009
7027 682
788 1102
4545 2026
7263 6062
6407 8292
1104 1752
3746 1794
3231 9979
2400 5392
6211 1183
9653 3035
3615 9861
6108 8117
8482 8179
1589 8038
3521 1568
6107 1247
8431 1424
9114 663
3234 8304
1422 9214
4281 2380
3792 1923
4103 7706
1527 5187
7349 7404
4305 5827
9289 6908
3776 9418
8301 6804
4704 4260
1031 7127
4871 4373
8842 1614
5333 4175
695 6094
3208 2787
9785 4614
9890 4401
6943 3171
340 4297
6529 1841
3934 1588
3354 2999
417 1548
3708 1016
6673 5912
8672 6814
6953 8706
8525 873
7528 7365
7251 4347
5105 6135
528 4883
5178 4664
6420 4126
3723 5582
5982 3671
1193 964
737 9729
8197 9688
217 3314
184 1151
156 6192
2714 2628
3683 5873
1453 6270
2793 6075
389 5124
9670 7110
7025 9214
9709 1854
9171 2444
8324 9890
5323 8949
4306 9541
7245 3188
2028 4757
2866 3412
4020 8689
3042 7021
8119 6869
2364 2649
8838 7199
9198 1126
4046 6059
3820 8456
1714 8919
1256 2857
1421 5139
758 9225
590 781
6304 18
6601 4146
9271 6421
2041 3248
9427 23
791 892
9638 472
1009 4269
1785 2275
3792 9683
1732 6061
634 4099
8099 3611
2307 7460
1087 6030
7231 2340
7834 6282
7882 2566
2207 3028
6412 2422
1317 7660
5429 4877
2548 6970
1560 2399
9734 9578
5751 1895
2817 3896
1323 8350
3511 5216
4442 127
360 2789
7851 2556
5082 9320
454 2424
1332 3336
6469 5679
7622 9822
6713 3824
5981 5595
7599 4856
197 9039
1043 9999
6543 1319
522 1373
117 7740
7552 3468
4639 1179
1223 3406
9932 3244
697 7268
9417 5575
2094 5621
1323 82
5175 4047
8836 3314
2012 6491
7110 1258
7741 4508
9226 4960
6888 7746
9511 5294
7333 9530
4625 5687
8953 9618
7163 3376
6097 6291
37 9157
4538 7381
6394 8729
6900 1690
3840 1337
9113 8937
8594 128
916 4901
9388 8741
9512 1866
7846 5045
2008 8024
9852 6889
5774 4567
4647 3365
9941 5426
7939 6441
9176 4805
1352 6757
8914 3758
4275 8044
1455 2977
6513 7242
8249 7505
5990 785
4104 2914
4766 9449
6836 2684
8248 4284
967 7481
9722 8226
9969 7019
6752 8705
986 647
604 87
1431 7184
4723 3844
9200 1482
6485 2066
8205 1338
2224 525
4184 7363
6778 8182
6628 6437
2280 807
8504 8171
9905 9878
3334 3372
1752 2529
203 8737
2531 281
2474 5143
2078 7129
2971 5949
9819 3129
6634 3828
1965 9174
9016 38
6252 6917
9249 8382
8497 6303
404 4418
3649 1555
3432 803
8338 6660
2039 613
6517 9965
9484 7094
4054 3940
1474 6210
9440 8973
1541 7957
5682 7824
6875 8333
58 3040
7337 9074
4773 5101
7390 7099
7662 1142
4866 6231
9796 9035
1981 8619
7251 6122
601 3790
1561 3603
4529 166
8515 9581
8764 8070
3862 5301
4399 56
5724 9123
6147 824
330 6306
1108 7125
497 2807
8213 211
5681 5868
4353 5430
1868 7523
8010 9422
9390 3634
3591 6541
5415 2487
2957 2239
2340 8915
4513 9216
9345 8708
2497 3651
186 8260
9276 7561
6282 1146
996 895
9301 9540
4168 1691
8354 9208
9580 5959
5647 6004
