1561 6423
8779 1628
6355 3179
9133 3819
929 3069
3641 4294
1318 4463
5739 2923
7385 2246
2450 532
7135 5518
1421 619
262 9264
6306 9837
6568 3421
1747 6912
9214 7059
9692 5637
7020 1488
7099 1781
7517 2523
9421 4356
3235 8049
3930 2424
7923 4113
514 746
2520 7020
6215 650
1827 1320
5744 6663
7382 4405
6563 5534
8738 17
8285 3455
721 4607
115 3565
7890 8029
6142 5662
2245 9767
4192 6049
1526 2617
6015 8711
4581 8261
3283 9621
8337 1901
9386 7650
1764 2381
8044 1504
9078 300
1189 1921
3336 2987
2307 5289
5567 1014
1243 6358
8801 4866
1757 163
2737 4055
997 6302
6268 8645
1980 2019
8671 4877
7501 7240
5450 5919
5109 7575
8415 8600
3251 7551
916 8420
6078 1960
1050 18
3615 5798
8291 8978
7356 2284
4245 5147
2338 801
3527 8250
8631 1556
594 3013
5544 1100
1997 6779
3725 8652
3828 9302
7133 3272
5096 5784
4855 474
908 8434
8850 7871
5445 2676
637 2723
319 7746
6841 8654
192 508
5758 5243
3471 5069
296 9196
7350 5498
5793 999
4311 3770
7025 6869
6175 2269
7124 4862
1334 9723
1497 561
920 9854
6271 5067
3738 7907
7097 9495
3560 9742
9253 3672
7725 554
6090 831
9587 9560
6500 6364
4462 1040
6402 5011
5443 1370
867 7173
6455 821
7088 5194
9498 9343
4858 6759
2559 1135
6359 9865
510 7996
1867 7445
3904 6653
2234 1725
8333 2722
817 3393
4439 8101
5316 6159
8894 4344
4622 759
9097 8086
7665 4033
1933 8391
8598 7621
5120 7509
7685 4621
9239 154
4291 6085
934 3294
4824 4333
2607 9624
8544 5412
6823 2239
4517 8239
176 2834
8218 2209
1061 9872
4346 8128
9019 7627
8587 9165
9513 9825
9664 5564
9851 5390
7690 8361
7738 2925
1198 199
5886 8866
7178 1770
2942 57
2878 6717
3468 3550
6582 4405
2583 5079
7502 5277
5430 9754
8026 6711
5424 5250
5806 5315
2392 6945
9267 8200
9014 9969
5621 3320
886 233
6099 3618
9282 2092
3318 4666
910 2024
2386 7315
4003 3951
5360 7601
3877 3317
5497 7835
7059 7982
593 1270
5307 9926
6091 5312
9428 7111
2816 9235
2372 7538
131 9991
9458 4775
8386 4263
6268 8513
418 3790
781 166
6085 5130
9727 1637
262 2984
2194 153
2692 4567
9364 1999
2323 8147
4210 8091
361 9756
7758 8612
783 4497
6519 9155
4537 2972
1667 1282
5084 1155
5242 509
3630 2527
7144 2683
7567 7741
5226 4069
2721 3066
5840 8429
8122 6916
5099 2015
9517 4671
7349 6471
2995 5934
2207 980
1226 8463
6568 9518
6634 3227
3201 1609
8884 1496
4437 768
2201 8032
8527 3824
9653 8773
1918 4152
3530 3073
3322 680
9770 1831
9245 3178
1252 4678
2152 4440
2617 7923
2147 575
1486 829
8916 8493
6106 4868
9024 1381
2953 1614
9034 756
5379 3492
4722 4390
4536 7152
3584 9149
3483 5576
4118 4397
6771 3837
1074 6001
1365 6150
646 3016
4536 9488
6613 2847
352 3737
7316 1543
9963 680
2323 5974
5662 1992
56 2813
9778 8218
569 7239
2212 7311
5 2996
9194 4491
7757 323
1740 1610
34 5131
5030 3822
4240 2390
7648 7627
4308 9435
366 5725
5276 9597
265 2411
2377 7620
2755 9414
5735 5048
1513 6010
8113 7969
9241 4148
8967 9012
7587 5415
145 8250
8053 455
6820 6182
4519 8850
9542 9630
743 4385
1567 3334
9734 1169
4458 3097
6724 179
2078 4718
7121 2996
3554 1415
3251 6561
3440 81
8298 2780
9282 6148
591 4112
572 1655
5176 8867
906 7772
4833 1065
1689 75
2681 9720
9949 6503
7982 6307
5280 5662
2731 4064
57 9668
7034 6504
296 7735
2195 5252
5278 3788
3585 677
5732 5944
5074 8159
3154 5823
2245 1811
4672 2931
2273 597
7152 3584
3786 9604
3382 3364
4981 360
2040 8774
9525 1327
7297 1090
4461 6107
4628 7038
9018 5660
9934 9604
5467 1808
1275 1858
1703 9246
5815 6426
2768 3154
5677 6492
8182 7387
5883 4732
3825 1974
8628 7181
2272 6262
680 7404
5105 6801
6180 7355
1042 1111
4761 6210
5747 4992
4172 1156
3332 8578
2480 5100
7208 4535
4791 1393
553 1068
9878 7591
8357 9202
4604 9380
1369 8272
402 2821
8392 7439
8158 5057
807 6024
3914 4917
7855 4238
8562 387
4123 2812
1616 3840
1146 9812
5863 4628
629 5092
6023 6337
8475 1034
5994 6804
4497 4837
2633 9721
1344 9918
3192 4989
2180 5989
2168 4703
6068 8187
3668 259
3578 7950
670 9415
4946 876
1017 4275
7391 7234
1914 7940
5448 5180
5413 1924
4801 2336
4964 8221
2870 3783
7849 8987
8349 2628
9100 4519
4325 7187
8 6569
7630 8805
170 5170
4688 594
1426 1598
6265 8677
8094 2523
8701 8156
5244 6181
755 7028
9686 9194
8152 8328
6712 6629
1700 3271
9466 2482
5582 3143
8345 2226
806 1193
5245 4726
9240 1092
6276 7388
4662 1372
9092 8283
5103 8699
6452 3305
1104 8326
9850 4821
6300 9034
7465 1897
4720 7032
5807 4671
1006 7912
226 3785
2815 8165
7070 9891
5217 4576
471 3552
6880 3314
1828 4987
8644 6076
5908 185
809 4715
3030 5730
5762 67
7654 5044
5157 7312
2970 2417
60 840
7594 7393
8889 5964
7722 5858
1161 8442
9384 3728
3561 9917
1639 4539
2471 9765
890 6932
6642 3684
5656 6622
3498 708
8324 4650
6711 7167
6771 1290
3403 9223
7291 8681
1733 4295
448 3702
8335 1254
9294 6255
4781 8731
3778 883
7816 6287
4127 7187
1548 6235
3821 9103
689 5427
815 1136
7032 8807
9737 3455
4033 5431
7885 3246
7358 4483
4980 4716
8242 5469
7872 3657
9033 5675
8935 6335
7826 8156
3327 142
1750 8274
919 3916
4107 2239
5783 8086
508 4466
1856 9050
4418 6194
9779 1600
4473 5083
822 2828
1534 5508
7184 6679
3586 7734
6695 6222
4134 8771
7582 4739
3071 1626
7345 8475
3532 9834
542 2895
805 3763
7250 7420
3950 8132
6707 9881
3307 2024
5418 7597
1717 3801
185 527
8902 4198
3356 5299
2931 582
3379 9605
2243 4382
4818 2182
8392 8125
7388 9703
523 764
4335 3647
1935 4121
1382 7850
6700 8807
1766 8715
3469 4371
8053 9948
5517 2462
2798 9047
7399 2779
1960 9668
5226 1845
575 415
5607 6677
3721 9853
6078 8248
9759 1980
7715 1335
199 4450
259 6487
7062 6405
1232 577
1899 5995
8573 6442
9027 5858
3076 6910
94 3996
6400 2125
6611 7004
5377 1209
838 6665
7374 7700
2867 2491
6494 8297
4242 533
1788 6369
1941 2447
6961 8177
1751 8473
5345 4532
172 5878
5013 6422
4186 4694
5130 9158
1992 1338
9378 4987
4075 5092
8103 5607
6437 4585
9716 2538
561 627
3439 4881
5737 4359
6889 2881
466 2955
9963 9999
211 1682
1549 3333
6486 8311
1073 2586
5527 240
5556 1695
4841 2652
8472 993
5500 2968
1004 2607
6847 1729
5816 2679
4694 8762
8706 2328
999 7861
6520 8918
7394 5510
3124 8616
5217 1074
984 4476
6090 5025
1769 5685
2753 5855
1273 7504
343 7570
9338 7277
7931 3540
1568 8031
1957 673
1301 3486
6381 636
683 6483
5548 1951
8257 9136
9146 115
8521 6738
1211 6989
8393 258
4985 4591
5671 7777
1743 8920
7268 1051
1137 9110
1216 2987
803 3343
154 7135
7072 8989
1891 6051
9176 3003
4191 3912
455 7248
4899 9139
5174 7092
3569 5851
2362 2145
1324 9094
307 4051
625 6612
9828 5036
9738 6311
6155 4685
7513 4773
987 5917
597 8886
3596 598
3090 7142
6164 3872
997 3572
6518 2535
1717 3790
5706 7989
7017 9537
1212 4291
8880 4428
6933 9543
5749 7807
9744 1729
9492 5157
7498 4104
5667 6169
1443 5513
1260 2359
179 2027
621 6344
6796 3953
3268 4249
3959 7550
6801 5465
299 1045
2363 2867
980 7566
7236 2131
2764 4608
6503 1048
4711 890
5065 2061
5046 735
6181 4538
7165 4937
8604 8656
4516 1445
3908 7224
6413 8981
3872 1114
2025 3464
7773 1036
8294 2465
917 7873
3436 934
5583 6201
230 6943
7902 2318
2812 6853
7541 9667
130 7880
4989 7798
8619 7715
2437 2482
6526 5902
1473 520
3248 2172
223 4809
2606 490
2363 7902
8075 7507
3324 8583
9458 4205
4611 7559
3510 5326
7013 7417
9714 1687
5899 9123
4679 523
4075 9161
4626 2619
4467 8224
5797 629
2105 4237
9209 6510
9708 3979
8481 5808
3966 1418
5541 2487
5348 5061
8749 7141
5783 6975
6035 9182
9269 5864
9133 7023
8208 4198
5152 9737
849 2372
8009 6469
2294 9518
5766 3894
1800 581
7291 7128
2041 7059
9124 6277
8790 9141
5395 167
4536 1897
8842 8513
6443 1261
7678 8183
7508 9169
5397 5316
2446 1752
4528 437
4122 4630
2731 9734
3129 1930
246 7626
3324 3832
7343 97
8151 7181
5215 4679
2043 3819
6358 7057
8457 5948
8369 880
6373 4184
3582 4248
896 6580
650 7342
4776 3181
8303 4397
9911 230
9966 2906
8195 5803
2095 609
433 5250
5596 2398
2807 845
3317 3805
6407 6252
5052 204
2128 9538
5053 3287
3474 9094
4377 3943
8854 1544
3661 2275
4543 4878
8829 8132
3278 8172
2460 2292
7225 7392
6189 2107
3684 313
9965 3044
7391 3668
2679 6392
6626 3047
7999 3258
953 135
4361 9573
89 4756
5110 1740
9524 9875
6468 9227
7195 6294
9327 141
777 4497
2851 2540
8860 2597
1255 1762
9532 9820
2342 1616
105 1071
528 5863
5054 8052
5157 337
4215 5038
2561 8749
8080 6993
9351 7156
9029 7142
2745 3847
148 4945
7860 7074
7042 9596
810 4808
7193 7779
8085 1981
4406 4323
1742 1755
3532 8899
5571 340
5853 4604
2341 6894
3322 4366
3898 3479
7841 4859
6843 95
2476 4086
247 8091
5078 6715
3206 5359
7108 3934
1826 2893
1480 2256
3386 1210
2324 8768
6806 334
4138 7904
7123 5868
2673 4199
9083 2614
9425 7976
1237 4834
5314 5736
3208 1473
6905 8799
2940 1695
7482 4875
5331 8305
6623 2670
1706 101
7332 1669
7650 4459
5989 9739
3238 305
9637 7229
7636 3248
3539 6834
1409 753
192 3270
536 599
3447 5030
4570 8742
347 9974
1406 1623
8338 2887
6591 9110
490 7020
3786 4617
2510 4046
4949 8896
3340 8408
4450 3550
2616 5344
7729 9316
7662 1678
8229 7158
4743 8683
6945 4023
9378 9058
6594 6654
8451 6160
729 2525
4791 6071
9503 6959
6793 6719
7097 714
9717 7184
4247 3096
6507 1787
345 2656
1169 5843
2820 5244
8169 3040
9631 6218
2230 6876
6929 3358
2852 8845
1897 2236
401 7553
3551 5584
1830 196
4381 1877
2753 2342
9588 2707
1962 9397
1839 2766
8602 3322
6843 1089
8398 3492
6847 1962
2232 8066
1549 8827
7722 1179
7042 3369
5209 7374
415 9800
8258 4801
746 2208
9801 734
2930 2338
7334 1568
937 9215
9546 5180
9004 2911
6862 3680
934 6177
8100 3932
9954 1972
2230 7373
8267 7492
5311 3813
648 831
302 1655
9071 349
9910 8732
4418 3946
8356 3521
4544 9720
3726 5789
6824 8097
789 1113
8565 9643
3284 9241
4526 8740
3595 5198
3901 57
843 4732
3057 3573
2150 4589
6150 3285
2903 7307
4188 8866
108 7373
1651 9456
6565 1699
1199 4902
8179 7634
8525 3841
4790 7227
5652 281
4683 7774
34 267
4244 4694
5765 868
4428 5683
8967 4953
6000 2842
3794 8780
8458 6244
52 930
8349 8408
5053 7290
2038 3741
9357 506
7084 6454
1015 610
3717 6853
9312 8842
6855 8028
7397 3881
9648 345
9828 5645
2987 1759
258 3492
6757 7614
3068 2098
1702 1368
2228 431
8201 2521
3259 8755
6148 595
6992 7107
5275 6857
8135 1874
4346 3361
5094 7950
189 480
9787 9498
5017 1435
1950 6327
6451 57
809 2682
8630 4044
5101 2718
4106 8051
3913 7922
6034 6306
5184 7856
2787 3646
7561 5412
4889 5464
2587 94
470 8999
5138 8154
6012 4746
8492 7907
240 7490
5983 7428
4267 1630
9521 5312
3688 2448
1076 4729
3598 5443
2851 2476
2978 3749
8134 8320
3402 9409
6718 2814
9901 3503
262 3694
127 3011
9973 2561
478 959
7036 4264
3994 2531
3273 6383
7712 1514
3627 4400
8239 3660
5266 337
2704 978
6110 9818
1532 528
4794 1510
3779 778
265 9603
2627 1963
1321 5448
9096 1776
7723 4268
3486 3350
81 7981
2154 2682
2912 1048
4362 3923
8140 5724
8055 9558
2541 2798
7585 1944
8605 2791
4324 8771
6109 6452
5345 8042
2264 8569
7857 8940
3069 860
6850 2141
8020 717
6820 4635
9346 35
3427 6058
581 2022
2955 7231
1807 4923
7236 8835
345 9558
4227 1388
4974 8233
1092 861
7088 5180
1260 4646
7928 5571
8674 9333
1559 8325
9993 6275
8577 2984
7976 7719
5753 5611
5627 7192
3120 636
8038 6089
9168 1294
9315 8403
4327 6570
5299 9884
9459 6354
942 2219
7567 559
8692 9299
3787 1866
9972 4135
9068 430
996 9514
9054 8870
9777 2812
14 4465
2335 3469
5311 8258
4383 1752
2108 1440
6062 6850
3714 5915
5546 8138
1081 7127
7347 7069
5032 9085
8485 2953
4829 354
9615 5392
2266 7223
7928 5250
7324 8290
5132 6700
742 319
7402 8065
3339 9020
409 2361
2650 5011
7048 370
6913 8547
3570 4873
6330 1258
4516 3519
6742 9079
4758 9468
5004 6491
8317 5718
192 9314
3203 4298
9637 8025
6740 4926
5539 5724
4931 9288
9029 6570
7492 1942
9097 9858
1120 9380
9932 7919
88 3204
9916 3602
6815 4709
3952 1746
1732 616
5283 1472
2593 9283
7432 9717
3408 4019
3915 817
4054 3083
1116 5608
2895 2306
7091 2900
3909 7280
4881 4932
1629 2194
7459 8436
1272 7289
9666 8055
6264 8985
2904 1429
8217 1554
885 7230
2702 19
5912 316
9530 7349
6495 4572
2694 7254
1357 809
613 7710
5511 911
4106 3865
4945 3654
6605 3104
9171 7537
8254 5879
8596 4825
3403 9757
8042 3256
6500 9359
6421 435
6627 2755
968 3979
7594 1524
6134 4808
6607 4274
7042 6380
2948 3592
9727 147
1626 5790
3248 326
3858 9640
5997 494
6822 82
3016 4369
6063 4231
144 4067
7284 6034
6221 158
2394 6308
7579 9860
6165 9382
4447 771
8418 2967
1081 5330
3168 8331
4429 6086
5406 7529
8845 5929
8023 1125
9583 5629
670 9896
9099 1086
9687 9887
7065 3344
7211 6845
7273 8248
4363 8886
6164 7329
1243 6267
7325 5900
4209 2003
2760 521
2868 283
5624 9041
5261 8989
8630 4664
3006 7343
5840 3677
3546 6799
7257 5621
8058 9992
3404 155
6843 4705
893 7443
497 9200
4873 7429
5695 3565
3668 5304
6925 3727
9590 3672
8595 4804
8314 5501
368 9971
5630 3183
5378 195
2747 7832
8359 7435
4362 2328
8011 1504
7148 6993
1710 6644
5321 8268
8712 9135
1496 8112
1623 754
904 1003
8065 6062
6316 9472
645 6441
8570 4248
9824 3276
5613 3350
7015 6477
9955 7408
3573 7025
2773 785
5256 982
2816 6753
6613 6847
8616 1038
7099 7235
8726 1620
8937 2298
4111 76
1896 1276
358 1257
8096 7051
7573 5963
3124 2947
3893 6161
1086 7715
1197 2298
5918 5746
3498 7968
6287 8272
2099 8293
7683 5434
4721 9817
4716 842
6328 3550
1303 7541
7657 9353
8455 5132
600 7798
5140 9922
2235 8948
528 7400
4763 4687
1724 7426
8417 2517
4950 6270
5887 407
7893 302
5128 4327
959 6576
506 9977
7801 9869
8103 7430
7334 7922
7284 6344
6585 8558
3464 6532
3502 1391
107 2280
2484 6777
3767 7738
7607 6741
2916 5616
8289 6775
706 9900
2518 4560
164 949
7753 3008
2492 4278
5021 6392
4400 3601
1767 5271
4449 9613
5774 6895
6794 9203
9623 992
4020 8978
8438 8187
112 4852
8823 1353
8322 1825
4077 4264
2681 9519
6972 6701
7117 703
5702 9126
103 8415
6310 8982
453 1065
404 4852
9690 1059
3607 6422
2719 1530
3952 943
4539 1154
8706 7197
1626 2046
6125 2412
4316 7232
2055 2425
4164 984
3486 4038
5700 7080
8026 9545
7097 5029
3964 256
5569 1268
4345 8993
8404 2671
2074 1741
2269 5134
2728 9849
7294 7007
8878 7142
8971 3428
2401 4243
4587 4971
3375 9781
8364 9028
7626 3437
5844 3664
542 7377
1576 7368
3234 1561
1876 2412
3846 664
6170 7742
2903 2252
8529 2800
5481 5948
7745 4152
1487 2573
2686 416
6704 1152
5086 7297
3431 3660
7247 8197
6068 160
162 2150
360 2394
5735 1411
5784 1569
496 225
9579 6397
4364 2185
6759 2084
6756 7448
4873 3230
4841 8610
7155 8621
8999 7929
5599 9457
1236 92
7655 4743
6927 8205
2249 3178
9530 6104
8811 1987
366 3390
9237 109
1287 1225
5909 3913
8737 6323
8508 4285
181 7895
4169 2861
5314 7086
2582 4118
9570 6711
148 8886
6165 5909
6819 2269
8372 5794
2037 3766
9800 7927
5585 2890
2987 6503
6926 4731
1898 2789
6698 8516
6514 1754
4044 2169
3608 7237
6597 2462
387 3812
1999 333
130 4681
5336 2657
4286 8054
8624 1827
1563 6074
3713 9626
1741 8561
1924 869
5349 5750
3145 1706
1704 6464
4624 6019
9111 7314
1900 3895
1743 3911
9392 1591
792 4103
4563 761
3774 6199
8796 1910
2356 7938
6881 369
9620 78
1834 2349
6050 5810
6365 6868
5440 9035
8625 1166
4972 528
5431 9215
8267 9271
8513 1864
4493 7885
1841 2631
3801 2373
5495 2676
8442 8750
3755 4886
5443 5
3963 1654
8141 4328
2040 252
2100 2454
2534 4143
3803 9895
2502 6820
4351 7899
1352 9771
709 280
8673 2216
4083 1668
9141 4950
8655 7945
3744 7342
9168 2050
5589 5562
9565 7348
6965 3304
9547 1265
3237 9847
4175 1270
8080 2358
3348 5662
4120 4192
9178 6242
4388 7915
5976 1110
5109 1030
6091 4739
8382 7210
2014 2790
8311 4297
3845 5313
9898 3979
3385 3571
977 9331
7954 8382
6531 4149
7575 1152
6968 9455
1770 9088
3145 1532
3406 5737
847 189
361 9304
5743 5587
6343 5323
1957 175
6240 9776
5766 9139
5394 9496
1535 2108
6869 2521
2450 3612
1266 4054
4898 405
4283 775
1413 5272
114 809
8923 2083
241 621
3845 320
6525 9019
2447 2496
8758 5887
7987 7996
4497 6598
2711 4262
8581 3487
8132 1180
688 7618
4445 9296
5902 1513
4900 9876
8418 8569
4137 5918
4537 8252
1656 1714
3930 5746
7584 8235
8503 6061
8920 4363
2575 5030
1871 4914
6048 6195
8995 6873
7512 4575
7271 3466
9116 6116
128 181
6214 4659
1572 43
2192 660
3146 4859
3213 3866
6239 9267
8565 8349
7609 9180
2789 2986
1385 5936
903 3681
3616 3963
2475 840
6832 3257
569 9699
5712 5966
6060 4434
5270 2063
3854 4370
8104 4998
9972 7632
85 5277
7149 5650
6639 8288
2064 2800
9195 5967
3548 6262
2309 4819
2187 2907
2657 1624
8071 2784
1200 8360
8483 4714
5065 8329
4050 6365
4159 4322
9157 5567
7847 5412
5854 3766
5420 8678
6294 7219
1137 7378
111 1734
6315 8446
4338 2873
831 6261
2936 8084
2059 4024
9337 6450
6680 5282
8205 8516
250 8322
2602 4424
4197 2762
7356 5043
7880 5952
9922 5504
5307 5717
2133 8002
3521 2600
3920 2080
1177 3878
8921 6777
5003 6659
8236 2473
6658 3550
3032 2557
6681 2258
8091 7195
6379 5303
1213 1212
9986 3021
2463 2521
7731 9898
8798 240
8064 7829
7281 9325
734 5657
4591 3550
7426 4953
3271 721
9416 6301
3282 5017
2777 2815
2772 5625
6727 4844
8487 5693
995 76
8477 6439
9000 2279
2718 6264
3055 9067
3614 2120
1874 395
9671 5372
4387 1518
6209 3053
605 9811
7114 3095
4094 9523
8089 5926
1750 2961
5740 2430
883 895
1824 2910
8451 2077
1116 608
6220 4989
9255 8961
9435 7616
6394 5263
3095 6614
7584 1337
4538 9513
625 7258
6595 7387
5948 9791
353 154
3329 6929
8298 5295
8224 3094
630 8541
5043 7
8845 445
7055 5803
2255 7926
3551 3487
1637 6830
756 665
2839 6930
5633 8975
6791 630
8089 3148
8395 2171
7147 7095
5414 9052
8447 3795
1217 7038
7359 8900
3384 3552
6055 868
3945 7268
3795 3308
7169 1084
8015 3993
1741 8068
3298 9039
3941 5698
8518 305
1778 5856
6494 3776
8031 8525
3272 6542
7215 2489
2805 1643
9518 8232
7988 6842
1900 6906
2533 4109
1277 1036
5318 7906
2692 2412
4542 7392
1531 1037
300 8345
8670 1584
7084 585
4430 7565
1894 4768
2441 147
6864 7119
4338 284
174 2648
6660 2859
4401 340
8659 5747
1465 1743
6618 647
3923 7360
1363 6835
1305 6830
8632 4688
4768 3143
430 2173
6462 3409
5452 3775
8320 5355
7083 7405
9256 8194
8985 4173
9393 8199
4460 3148
8261 466
3391 5499
7778 8576
9192 6839
6141 3596
874 3358
3051 6747
5897 203
3734 1593
6716 40
9780 1532
1380 9582
8496 346
3284 8446
249 2488
2501 1621
995 1554
7445 1354
8929 7152
2759 1219
2380 6821
2474 3450
1342 2658
9862 2072
8151 5020
4560 830
1123 8892
7886 8886
1072 9829
9030 414
349 8222
4029 1315
8911 6815
4389 5270
6461 6421
1330 860
1307 6326
727 9952
2783 9402
8124 8542
4536 5818
3269 7467
5850 3621
2522 6486
392 1866
2836 3155
5509 9599
8332 9487
4206 8171
6765 1274
2405 2006
2001 1916
5175 9201
333 67
8879 8838
6122 6537
3904 1804
8761 3864
3942 3264
8420 6688
9230 5510
5339 5229
3102 779
5920 27
6919 8170
3130 7900
2808 2897
3566 7945
2461 49
7242 1296
4627 8978
499 3351
5917 1018
5000 3561
3664 4171
6888 1599
2390 9042
7313 839
1335 5959
2129 4019
4104 2349
1625 7640
3524 2713
2935 6748
9841 2886
1370 3334
7533 3858
7447 8773
7860 3987
4307 89
6634 7209
1379 8257
1696 767
247 1729
4364 5440
9000 3825
4862 9588
8100 7998
8941 8614
4168 1300
966 6519
7514 9069
8875 7765
3742 2131
6312 8447
6904 3663
7428 7726
537 4019
6685 6864
5214 7838
5410 5498
801 2264
3289 176
7452 4003
2980 6480
4584 208
1983 2355
4904 563
8906 123
6710 8506
441 6014
4179 2495
8735 3395
6945 8494
643 4428
5611 1300
5098 1718
3503 1165
7800 7961
5016 1127
4111 755
1132 7975
2521 5161
4778 4867
717 8635
8225 3121
4126 8095
5537 2411
1791 4763
7023 3960
827 8399
2757 9430
2416 6922
6769 6416
7779 5821
5192 9852
6750 2875
2496 4299
1114 2282
7588 9380
3057 4043
8886 9417
3552 5971
7819 4028
2280 1907
2276 6632
8683 7745
5904 9886
4942 7997
7347 8126
4224 3287
63 3936
2861 5686
4432 3401
5793 111
5356 2739
2627 2257
8728 8319
1217 437
4198 5570
5524 3491
7929 8050
897 8834
1650 2921
8678 8848
6350 42
2798 7858
7220 5560
5881 9097
6459 4415
5881 3620
7209 382
195 9851
529 4772
8474 8644
9526 9480
8019 2587
8891 338
9997 4635
4346 5683
9958 6104
2967 5428
326 2844
3117 7587
7145 6153
9705 2662
1647 7443
2307 5503
8843 9278
7670 6388
4528 6225
3514 4900
2490 8778
1327 3947
6400 2333
8152 362
5238 7674
2112 4109
9776 8971
113 6590
4356 6276
2085 8850
7338 522
7465 6750
5751 6246
7697 9473
9220 2044
6899 862
8031 6380
2961 8642
9831 5581
8525 8312
1579 7150
1002 5826
7565 3022
5741 4632
1408 9631
7275 5175
4884 1039
2988 1541
3908 235
8930 7435
6125 3696
5691 7376
5672 452
1893 2856
7383 4600
2725 3652
1184 3335
2956 1077
4864 629
7723 8576
9887 9057
9157 7491
5024 1032
3394 7840
9463 7948
8520 5069
9178 9886
2380 6636
7101 9293
4408 1823
891 8199
1979 8921
7022 9939
3928 3815
404 5573
6757 9641
312 3769
6526 8725
4756 9043
4711 3150
8476 811
7061 374
8442 409
2720 6946
1535 7725
7601 6367
1405 7615
2521 7941
4814 9290
2371 763
325 5936
5975 9847
1703 75
4778 184
6455 7222
6020 5015
7035 4764
3243 4785
8553 5070
2696 9985
839 3016
1654 6612
723 9486
4785 4401
592 2092
9619 8692
1900 9004
6072 8746
5892 9273
661 6248
1227 509
8675 7547
7387 9366
470 3684
1831 2609
8462 3238
4014 8287
1228 6517
4977 7846
5211 1597
2246 8715
4787 1040
6703 6869
843 5888
6631 873
3506 1586
142 822
7344 8851
5713 1471
652 5768
5284 9430
5363 3307
4803 8605
8934 5798
4180 5179
5575 7364
5050 8216
6104 8122
6739 2
8510 8890
4725 1451
5032 3594
6957 6762
9617 994
3009 5452
9067 8434
7852 3147
9037 5559
5272 6400
1865 1802
3350 268
934 246
7539 3855
1248 2099
6011 94
9914 5539
2316 3431
9905 1518
8114 1319
718 6485
9137 3403
1594 7058
8761 7438
4523 9853
9910 5955
4862 651
3717 75
6203 3539
6872 665
9205 5119
2931 7208
8034 8506
1105 3753
3903 5799
4703 3115
8859 3785
2286 9513
2630 9323
8740 4359
385 1040
1821 7235
7514 4575
8969 5350
1352 1243
5994 3378
3452 1968
4174 9537
7865 833
9499 4761
3023 1562
4132 7850
644 109
7658 8124
9355 4194
1503 9117
9357 8441
9394 4307
4550 8898
662 7639
5696 9332
6756 2142
1859 8792
8560 1758
6660 9200
5356 8594
472 1220
7419 1789
6668 3318
7263 4430
4210 7500
2228 6272
1844 8790
2911 1347
4770 3895
3656 5601
6170 1765
9974 7231
9673 1641
4361 2155
746 3795
3287 3031
7802 1153
2511 6745
33 6074
8531 9930
6602 641
9327 8817
8401 7605
211 3636
7874 7859
4901 335
2671 1486
5055 2199
4063 9264
2690 5148
200 6372
1769 8444
9558 469
8730 8719
6634 7884
6555 5376
4137 60
4974 7616
3493 9528
4752 5702
5894 5226
8691 8094
5772 3021
3324 3690
189 6455
8936 4865
9452 7899
9624 18
3928 7776
4516 6714
1627 4028
4882 1624
9297 2777
7725 2622
676 9589
2840 4408
7891 5250
9596 1016
8210 6693
5650 2785
6544 5442
606 835
7494 5735
5299 8570
7292 1521
279 2547
2123 8005
6514 207
5791 4013
8730 3847
1936 9347
3999 3589
4601 8878
5821 5878
3849 383
3489 8213
7327 8308
3179 817
9900 5806
1356 8893
1161 2009
1672 4699
4863 9413
1463 6511
7352 9950
8379 1122
4137 5229
7566 201
5425 2104
9928 5881
5946 8636
1619 1897
5179 4522
1555 5588
6355 2913
4913 7032
8651 7714
7344 3134
3278 2098
1503 1843
7192 3908
8090 564
2721 315
3008 7727
2461 5114
8912 6536
9640 2579
6589 2275
1214 7230
9882 8757
9994 2811
8670 9174
1225 1875
345 3748
666 1359
2575 5751
4879 1102
8972 26
5692 3871
4892 5134
7266 1749
8169 2977
7490 4086
4668 7577
1917 7750
9916 6260
148 7044
488 8132
2881 6450
8627 9840
5285 4139
7208 2279
7464 3696
4081 9069
3733 9820
462 9018
5578 6054
2302 4679
8342 4315
9391 1662
4138 3574
1149 1704
1569 2061
599 9373
1256 9414
5549 6413
1731 5213
3704 4931
8922 8394
2824 1583
5153 5366
8630 8222
2954 2861
1454 330
2021 8291
4622 8251
4476 549
9267 4470
2463 7067
7323 8607
1996 3925
6252 2318
6811 6217
1577 5927
5897 6291
5194 2118
7348 4126
8370 1599
572 2850
6487 3797
7957 154
5122 4349
2766 665
8620 9745
7284 2276
3554 637
7730 2070
796 5604
6237 8358
5657 5568
6426 4847
7561 5415
1002 6877
2313 6210
7787 5169
5784 4562
5739 4819
8753 6719
2151 146
5241 2593
9328 3163
9319 3343
3770 7179
9727 8766
5709 2294
3207 7187
3243 6386
5307 9834
1912 8737
3880 5078
964 2289
3163 9372
2777 9602
6917 9998
7831 8877
3183 8913
9929 5328
7052 6143
5474 5005
9620 3526
882 7565
7226 2768
9681 1964
6322 7731
3793 5351
3657 323
1721 1692
3216 8430
9752 1507
1016 5178
8808 8054
5750 2149
7334 4004
5565 8519
800 6987
230 4885
4972 6204
4526 8827
5280 4105
112 8276
3992 7910
4069 3892
5758 6066
5121 2476
7585 216
3755 1931
3853 1271
3297 7469
9806 2251
8052 5546
2369 5393
3019 7232
6436 7068
8036 88
2342 3462
3079 5152
4456 7963
90 8651
9959 3489
1373 8151
8895 6248
9271 8979
7929 4405
5781 9301
8032 4008
6445 9466
6202 7530
8223 2529
8679 6744
5742 1129
7583 9258
5322 7861
3113 8546
4132 2109
8181 209
3206 79
9788 7646
5688 1135
7033 1513
7930 3192
6113 3758
7301 9814
8273 1316
1239 9867
8292 1329
8425 8274
5076 7818
9407 7782
1057 1875
93 4077
8272 3198
3796 4509
6463 7496
7340 9755
3110 3134
1154 8200
2692 2328
3502 3594
9142 2128
4320 6441
7865 7253
4765 7996
9779 5573
7241 3868
2767 9453
9964 2357
5136 769
4652 9287
7937 6725
3551 1806
1804 8295
546 3375
3812 5001
9008 340
6667 8039
7888 3692
4724 5002
7987 9821
1036 3360
2765 8868
1542 1505
1161 6509
7906 2019
5897 8508
6131 3491
3189 1696
927 9725
6194 4449
9496 1568
5139 4291
3726 7125
868 3789
1902 2319
6202 8632
228 2116
9634 1165
9274 5023
1115 7803
4325 6114
1962 2491
3667 1576
2057 7279
9053 193
9636 4220
4814 2383
3368 9766
7831 7469
3964 6084
4687 63
3308 4504
7012 3616
4598 1977
429 4226
1612 9911
5466 2137
1142 8713
8726 4241
257 1086
8446 7341
304 6567
5306 872
6465 2817
2903 3529
1899 6827
6661 5092
8937 2367
2463 4546
1181 2467
7164 7490
4827 9747
6638 1674
210 3619
245 3317
725 6694
4324 2602
7823 9418
1443 8142
2496 4965
627 9542
4476 5854
3433 9490
4980 3172
2569 9644
2116 8356
5678 3214
8607 6467
108 2911
5407 7531
1066 4075
7120 1431
8135 5317
9714 9309
7221 7377
9519 6589
1585 102
7682 4702
9196 459
5911 3923
8835 8064
444 133
8931 6540
9588 8796
6886 8151
6355 3267
3979 2149
1327 9498
7510 811
4271 4657
706 5889
4138 3081
6445 6085
1816 2428
3913 1687
8768 897
376 1934
1950 3596
898 8166
4704 1398
2447 5570
2094 7108
6855 304
7698 3733
8193 3712
995 4921
8623 3417
9846 6313
3344 7491
7765 4968
9924 6088
9483 8597
1329 2299
7858 9562
1238 491
5883 6573
3720 8946
5576 643
7461 9108
520 8024
2003 3677
8632 9141
9666 7900
4752 5077
1693 4683
3787 4691
3955 4275
7733 6305
5623 4259
946 5284
8963 1633
8842 5544
9770 6802
8283 5028
8577 5246
5655 9553
7478 5274
8644 9851
1006 2948
6014 451
7534 3341
9261 8214
9891 1965
2575 3219
9691 3597
3815 4069
8550 245
9936 4596
7520 3527
1683 7899
3552 289
3825 3602
7020 1376
2052 7621
3158 3287
69 6663
7187 6922
2168 370
7599 450
6229 8875
2593 3222
4723 4873
3236 5314
9268 2874
6121 7477
3602 6310
4137 3436
9837 8400
8995 8350
9850 2448
4428 8981
2064 6934
1928 1906
2859 6616
3922 5847
2487 1496
7741 2438
2433 213
58 3935
1635 1401
1454 7247
6822 9523
9726 4381
8406 1781
6699 6420
9930 5837
4097 7699
2449 3082
2537 8564
4476 3265
3349 2063
2387 1386
2331 5426
7157 1986
1309 2291
9689 5603
6200 3181
8811 9306
4681 6299
3382 4576
6377 3228
9250 9353
1524 3798
9082 8493
9424 6207
5979 9719
1886 4379
7149 4912
2290 4728
8398 4535
6385 1254
2430 7633
8526 4949
1010 9067
2595 3270
2675 8632
967 3183
3885 4355
970 219
3571 4690
9204 8432
3046 9972
407 1799
8478 2555
7855 5316
3730 9557
1758 8529
6901 4530
6300 3078
9538 1488
5724 9334
2647 9566
2549 4039
5744 8000
7546 3635
7695 4926
6550 8743
7990 5746
9373 6645
6231 103
9032 3908
5685 4279
2575 4563
2630 8471
8393 1413
7954 2009
7950 6734
4187 6224
4294 4135
3015 526
396 3851
203 8640
3954 3434
2160 7330
1205 9618
6738 5545
6020 3279
7587 1555
4273 117
9360 8008
9869 3684
1579 3012
5370 322
9168 1772
5341 3004
6542 1940
9823 5150
2780 6270
3432 6196
9966 7121
5036 9723
104 5799
9894 1768
3550 3155
1067 5321
253 7319
9045 7192
2008 3660
8441 5994
4296 6651
7955 7040
6430 9175
1388 4854
7907 6474
7079 2158
392 5569
7952 9105
7393 1005
2052 4790
8681 7036
3756 4283
8071 8275
2964 3071
1037 1779
6965 5146
3071 689
8985 7797
4477 4201
8477 7098
4841 9581
6226 6914
2518 1385
4493 6131
7937 179
8446 56
527 5181
1659 3357
7243 6914
1477 1367
3366 3306
8349 1533
6317 4426
6306 6223
4061 6342
8653 1981
9682 9966
6641 9855
8824 2213
5996 2920
9222 9163
7067 4715
1382 4001
7839 5497
2746 2177
7642 3411
8120 6153
3934 2608
7517 4399
6280 585
5993 2743
5661 4219
405 9216
3096 6962
3397 8122
7653 2085
1245 1730
9987 8161
4684 4065
9232 7999
2589 1654
863 6014
4036 1814
8329 274
6119 4521
948 8983
8460 7375
7715 2037
6001 6488
6099 2593
8917 4352
2960 7316
3074 5617
3018 8610
7107 8812
3074 1537
8859 6050
2950 6345
3141 3698
8925 7572
3545 1832
7739 2528
9807 2069
6847 9531
7965 2053
8670 3303
5045 5881
666 1675
5943 8199
2515 9399
7184 3006
4978 4551
4544 1061
9533 7441
6006 4727
194 6352
2007 8067
3340 9374
3740 3831
7439 9540
3358 9135
3213 5253
3259 2632
5963 5767
4934 4871
2922 997
5055 8544
9265 2391
3494 4606
4394 167
823 5526
6154 6422
2056 738
7098 4241
7737 3181
5855 6247
3828 9447
5747 9831
7065 8157
767 7408
443 8516
9821 7695
4212 6296
9513 934
4470 2390
8635 7835
3255 1304
1644 8620
4717 8683
7337 8966
8161 1270
5122 1269
1584 7293
9840 5614
4654 5301
4700 9389
6392 5381
2958 909
307 202
2376 1843
4022 9797
827 5607
3459 6156
7503 8867
3103 2064
8860 1900
5988 3059
2332 2446
5475 2016
8147 3950
1960 4035
7190 7589
7611 183
2148 1053
6197 9770
2255 627
966 3527
7609 3493
1795 7058
9567 1654
4959 823
2285 1179
1907 3219
1246 5688
445 7854
8459 8628
9811 9948
2168 8858
85 2623
4151 5093
8853 7508
9224 9141
4040 7211
1963 2683
6137 4713
4109 6264
5839 8173
4675 8072
1098 5803
5836 1459
6379 166
4366 5287
322 6979
4250 3355
7612 4275
3221 9629
4103 5816
8076 245
7084 7273
9226 6009
5986 8758
8651 1119
6567 8740
3965 9265
9851 850
801 8037
8526 831
4706 3234
4394 3605
3272 2747
9194 2687
3182 1807
4868 2249
7360 8911
1703 2368
4695 3489
1875 7255
166 2399
138 6767
6819 343
6593 7170
2878 8835
2460 3865
2639 1127
3045 8719
7743 3293
9618 6640
1923 7043
4299 5946
4 1411
2899 384
8206 5390
8463 1259
1233 301
3094 3346
1523 3150
2397 1728
4864 5179
6428 5924
669 3009
4398 6877
5657 9430
8693 1963
100 9655
8684 6344
4091 8531
5457 9786
2047 9054
6171 5342
7323 8065
1053 3214
5951 6507
6023 8332
1417 3639
6283 1089
9553 6096
9279 9765
7514 1365
1798 69
4091 3175
3674 6270
4773 7410
7072 2417
6256 5278
2464 5299
8988 5765
2040 2985
144 5473
6346 4942
9133 5402
8331 8161
7369 5040
6488 1090
2222 9270
3048 4653
7141 3577
4398 7361
6893 5461
5012 4285
2027 9704
9389 8337
7436 3121
5442 4256
4220 6392
1931 7377
6480 9321
642 1912
3121 1990
3071 183
4546 7501
5122 8600
7059 6409
5257 3806
6375 7928
3302 2452
5920 9748
627 8851
9880 3605
7963 9417
9375 6816
2233 7957
1412 4058
2231 2663
3363 3980
369 5149
2583 5976
2016 9312
6249 137
6131 6009
5498 8082
5210 970
5461 552
8820 6836
6616 6202
693 1166
3351 7137
6915 9918
1989 8741
550 9933
4469 5523
8268 6215
7939 7208
1652 3908
1502 7347
9792 1640
6996 128
6808 77
4953 4589
5502 3599
6140 5576
7438 5879
9612 6260
4777 4484
7913 631
2086 9855
1129 7078
3595 1481
2105 456
5888 7031
5869 107
1634 6203
2797 683
486 8554
7740 6193
3571 77
367 4698
8460 6519
356 4014
3693 2137
5845 2086
7587 5547
3057 2192
8150 291
1868 2061
9025 5924
1693 7133
7899 1877
4817 8181
3046 6877
5768 3973
6901 496
6592 4356
7180 8956
7713 7241
6749 9938
1440 3812
6610 6103
5803 4317
4640 1472
6821 8501
1249 5449
3515 4480
2427 5155
4410 9991
2839 3379
5418 6317
8245 1709
9794 9501
3658 220
6925 48
5572 4919
9182 5712
8273 5083
5365 6319
8315 2047
1776 8325
714 7518
9292 228
8223 9813
8846 6786
9334 1393
6445 2871
2734 5446
4952 1548
8881 7948
6055 2807
2528 2079
5552 8373
4241 3378
9091 1756
6661 3556
2442 6213
3025 1838
6687 3693
2449 4122
9534 7587
83 659
3254 3997
4919 1613
8839 8193
2174 9902
7186 8867
9947 6120
9658 1587
1648 3147
2334 5875
6535 2346
8225 2264
8258 3838
7671 106
8248 4059
9038 1734
4879 8872
2520 7169
3265 4519
4634 2810
9652 7905
7261 1002
2113 227
1806 6900
4421 7068
1408 3821
625 8781
9954 8364
5562 927
7232 2822
2734 3849
6670 7219
1947 7899
5094 8113
8100 767
4452 15
631 2193
2059 2340
7756 6326
7076 8028
7874 3578
6062 287
298 1754
7768 415
1943 5282
191 9212
9981 5218
6234 5884
9573 404
6033 7291
7846 7545
6006 4155
1398 4822
4438 5691
6331 7106
2380 4330
9632 7521
8911 7007
7402 5703
5430 5163
989 803
8136 1497
6520 6483
8984 8882
8186 4472
7530 3121
5212 7835
2289 5501
2690 2169
1389 3258
8123 9758
2065 2080
1746 3532
9168 2704
9885 5240
3223 1356
2374 2727
1252 2623
899 9409
4831 8910
5734 8418
1030 2924
2513 2778
9345 2643
3542 1607
8783 395
8611 5509
9030 1669
5915 9782
2271 2319
823 8350
1554 9323
9694 144
5793 7806
3707 1014
635 2758
5614 9911
7329 703
154 3653
565 2958
1530 8713
4985 2627
5835 2568
3314 4479
8384 5829
2677 108
1604 6016
1004 1850
8940 9615
9597 8424
2328 6720
1705 5280
6812 3435
9382 3143
2389 4084
5916 2102
631 2261
718 5118
2428 1716
5167 442
70 1635
2227 9310
7354 843
1315 7215
1953 6913
3830 6169
5573 7374
4088 2263
8920 3741
1485 5532
7558 9775
7701 5165
4949 2942
4333 8860
8063 9947
3572 7944
2557 5751
2424 1435
7233 2552
7695 6747
4326 226
3938 6991
3014 4576
459 9579
2173 927
2391 6748
6776 1121
1518 2689
1385 7758
5851 9408
6756 7299
5246 697
9287 1646
7266 1924
2388 8557
1328 5130
8530 5989
2048 7405
3803 3517
9396 6140
8324 9038
9917 2873
5195 2435
4238 6074
7385 2639
2321 5470
4632 3749
2075 755
9105 5294
3265 7675
8328 7588
7524 6073
9974 9126
8876 2209
2876 5355
8430 8804
6043 3067
6079 7450
5373 3501
9640 6513
1864 4749
871 4759
5345 6529
5166 4083
2628 4852
8306 5304
8750 7415
6117 7166
5933 9974
4671 4117
4499 627
6990 2486
995 9911
3570 1332
6348 8617
4700 3771
272 2090
1653 6326
5391 4793
2495 899
4136 2093
199 7883
3800 8331
1171 6996
3381 8347
8142 2297
8563 5737
6137 5027
4017 3835
6214 7462
1921 5215
8631 6137
8452 7892
50 2283
2663 9235
9354 3499
6761 6059
7435 8447
4334 8093
542 3913
1309 8744
9108 7644
5558 5966
5660 6916
4130 2786
8345 6574
6693 9688
8114 2477
4017 8278
9812 4
859 7124
5818 5637
5972 893
6949 3090
318 8059
7486 4197
1298 7292
4687 3619
8719 8720
3693 9591
9833 8182
8173 3070
831 3103
8821 5469
8708 2266
7770 1229
9586 2949
607 446
2518 5702
8651 5300
2987 4194
8128 1812
1971 8458
4963 9579
7272 3059
9145 7794
2963 575
20 9438
7654 882
9641 1959
3698 3653
8189 4609
7853 7363
9972 1951
7318 3003
1492 9483
7350 9637
555 3423
815 2559
756 5399
3939 1621
5281 6720
76 7360
7177 7615
5869 6072
7832 7546
8308 2816
1501 6391
7845 2826
1251 7448
5601 1827
5867 6413
4475 7909
1423 92
650 1566
4996 9072
6564 6755
8964 8984
8462 3404
1355 8673
6078 1119
4536 3839
5550 2397
7169 570
3968 2456
6014 9563
4212 8680
8758 2476
3486 66
2146 5630
3551 9994
536 8889
42 4153
9174 8295
1065 4251
8806 5684
4263 5477
6927 4554
4652 5703
5908 6561
5913 489
1423 3851
9398 1250
7209 9986
6759 8474
7347 2228
2388 8559
5512 8789
6577 6898
3822 9130
8810 1322
6194 1912
6008 3479
8492 9792
3893 8781
534 5392
9250 4223
1328 8407
9182 1315
7148 7774
1339 7253
2767 7400
1507 9052
9642 24
3780 2609
6517 4120
6031 9330
6275 7512
7020 3172
7775 301
4825 3755
6378 9266
794 498
1236 1368
2766 4909
3772 5592
1039 4587
8162 5153
5324 7653
9269 4841
3462 1737
1502 5930
5404 6306
8489 1239
1449 3825
7467 8132
4248 4780
1902 7971
588 1924
2903 9744
8937 3213
4730 740
5589 6099
1621 3383
1411 4593
4378 5132
3223 6837
5249 7842
5846 3402
4528 5830
6952 3498
7171 8002
3398 5498
5932 2772
5699 2012
4056 893
4473 7634
5290 3426
2645 6284
6385 5615
7006 3976
3131 6443
8471 4419
8158 1744
6160 6665
7882 4549
3019 496
6435 7543
9833 2936
2839 4995
9378 5281
903 2311
9894 7497
4591 7831
9782 9013
4092 536
6702 5793
4640 5774
872 4166
5467 8670
3981 2654
5394 8865
9454 9827
5218 3391
8982 8677
5701 1000
3462 4583
341 2557
1750 2691
7092 7681
6594 9656
2224 3513
8771 765
2520 5726
8907 1565
7788 6603
744 1863
7953 4455
9074 9555
2056 1835
9564 7167
6434 5587
6041 8810
7791 4807
5530 192
7615 380
2783 8472
4142 4584
5014 4513
2713 6427
4182 2899
4958 1090
6396 6126
8963 8532
2409 1707
370 5607
9129 7518
7124 9016
3075 9115
2556 5554
8708 8134
6808 6420
7849 3943
4867 800
9741 6705
8261 8317
1479 645
5778 2118
7087 4825
3286 1054
9812 4370
9533 9156
5073 8718
739 4255
3918 7417
4080 1854
5573 2359
6182 1420
8857 7072
3413 7955
9975 8225
39 2716
5389 1676
748 5364
4125 9036
2392 5809
7206 4264
3838 9393
3308 7888
6260 5904
5443 1215
5506 5701
648 3941
4769 5593
6366 3297
8870 2651
1287 7725
4953 5121
646 1249
6759 6382
264 164
1056 7950
2992 2151
4098 4462
5230 7765
1954 6885
4483 8999
9619 9720
2472 3778
2204 5195
3818 2314
6657 9996
3290 7685
6525 162
1456 2420
1328 3403
4883 3469
1667 617
2883 4557
3272 4783
6799 3821
9218 5309
3696 4064
7066 9009
6811 1845
7282 2891
7301 2904
1306 6394
3720 4128
7677 5635
6269 9338
6629 1279
2843 2283
2714 183
9129 9788
2328 2591
7042 6063
3544 5484
7386 7041
9220 2214
6427 7867
2630 1357
2929 8823
2187 5217
5215 370
9996 7279
8382 8433
8091 5517
9341 2625
2926 2523
5679 1938
3662 5826
7277 8158
3827 5893
3701 9460
4432 7464
8160 1537
918 3494
173 371
8096 5982
7964 7260
7174 1213
8029 3713
4635 2023
2055 5276
6060 4087
9293 7549
224 6846
6951 9398
1339 531
1799 223
8975 8034
4158 6312
1597 7592
3838 8522
1705 2695
7467 5127
5495 1847
3234 2894
3380 733
6811 4907
6948 8588
6277 6205
3502 3355
8975 2907
6172 2476
466 7789
4489 4668
793 2936
4738 5143
3683 8247
536 7215
3316 4518
1993 1418
4411 3701
9560 685
5671 3483
9723 2140
6042 5870
394 5711
597 4350
5584 1501
4312 9707
4845 1835
4629 8367
9479 3069
7721 9813
4756 8529
2003 779
4339 6965
9661 5826
1539 500
5391 4731
9794 8570
6712 56
5352 2295
4712 6284
5095 6022
9768 1320
2607 4168
9371 5067
8120 6273
7700 1486
4071 9607
7211 275
2660 2459
5966 9634
2246 6791
3821 9846
2830 1594
9077 4970
8349 1787
9572 2734
3025 3001
6235 7994
6247 649
7346 8205
5720 1886
3385 4970
5838 6308
7139 6414
4198 5258
6597 7528
4168 6520
5150 1625
3921 7057
3491 7998
4948 6631
8828 2293
8917 7963
2464 7377
6237 6848
6453 9361
7462 3145
8201 5699
4372 405
5303 7330
24 8021
6777 9579
1830 9282
4963 6363
9033 1893
1309 8240
6730 7144
649 9133
7849 9690
5687 6515
2962 3028
6174 4418
4937 2819
8787 790
6562 5466
3992 6963
8269 8448
9724 4231
2876 7805
1080 3061
5264 9980
9321 845
2317 2859
6115 8510
8273 9213
5458 4719
2072 7084
5512 1693
2286 2354
682 4196
7345 3057
6885 1086
319 9742
1169 7963
9761 8448
7567 7307
9232 4428
4113 2368
8887 2444
5819 4445
7867 7195
8089 3861
7979 8190
8860 1523
2419 6387
1398 6106
945 3091
3128 2619
9052 417
7733 2886
6785 6116
9384 8969
8192 3171
5781 9643
7965 1731
7985 892
5120 1303
4731 3477
6547 3440
957 2283
9169 1352
4531 5459
6864 9913
6026 6599
6967 6133
1963 5339
82 9761
7026 1236
2758 9599
475 3047
1655 7293
1293 8109
2107 3603
8652 6444
5904 7898
319 6856
9770 3396
1108 4801
1931 3791
3997 4720
6913 7014
6466 1370
6003 1380
1911 1863
8533 4887
8097 7740
6232 385
3417 2603
949 8541
4393 9271
417 315
4725 3099
8260 7394
9222 2372
6532 9429
7614 9168
8185 3544
7877 1176
1550 958
2272 6578
8941 3527
9762 781
1745 7815
1485 6198
3756 9774
9416 4988
5987 1614
5701 991
3745 4108
12 9139
3568 5643
4769 6013
1506 9532
9343 9670
6442 1497
1559 2188
5301 4561
2156 5561
2896 1924
9621 5864
7441 8593
6978 2187
7454 8303
1466 6319
3185 4952
4074 8497
1901 5981
6706 7326
7727 2130
9974 7335
4750 3532
5090 6606
5185 8829
3252 3262
6700 7403
4949 2816
7640 5517
4059 9370
1857 4352
6065 8181
9096 2097
6227 4200
8713 9879
8641 7559
8446 904
470 5266
726 2748
655 2279
4694 445
5813 6667
4872 4652
5438 7278
8726 5280
2404 6160
1303 3146
9249 1241
6483 2826
8484 391
9722 2858
9174 3992
6624 5919
8895 5745
3532 9182
4615 929
6960 24
6746 1492
5594 2906
7105 2593
1103 940
4723 3616
650 7559
7430 9708
107 1389
6855 2832
3973 3303
7706 8071
3986 3996
6372 7559
2112 4028
7036 5324
2 5244
7679 7416
7440 2704
2194 3572
1717 4438
2320 7589
3077 1152
4594 7235
929 3833
3533 3354
7966 8762
4124 560
7522 908
1929 7596
7034 1319
9945 3535
2547 7874
8113 6193
6809 2140
3620 5349
7818 6770
5681 5143
4979 3410
5533 6184
906 4357
7886 7089
6285 7216
912 3613
9335 5309
1360 1265
9352 294
6700 8397
5547 3988
1888 7019
3373 5485
368 9498
41 8874
8246 2763
3879 7279
9290 8168
4065 1282
1074 2749
548 9055
325 6539
8867 1541
3385 1644
2841 4927
6308 945
991 3101
2852 6779
3695 6007
6439 8046
1451 2793
9053 4791
663 6655
7466 3604
7748 4714
6421 7130
9354 4904
240 4980
9498 8066
2640 4765
2228 7975
5548 8144
3700 5196
4416 1579
7428 4601
5336 5228
3897 6383
5643 918
6240 7849
5290 1325
7222 6603
7657 2101
439 7310
2521 1565
7407 125
3018 7969
8384 7920
2022 770
9033 3118
378 5694
6283 1264
1898 1643
7935 4014
5865 8564
2534 3318
5849 3372
1909 6878
1393 5564
589 6264
5831 3439
1366 2694
8921 702
6348 9364
6570 7979
7151 9422
8996 2044
7947 6360
2823 4481
2291 7064
4130 2123
9133 7913
6717 7854
8440 6643
3803 910
8953 2963
3598 2383
4833 4579
4916 2887
4559 4047
4111 7563
8369 8281
3581 4136
3360 461
9510 5890
4809 1899
1034 4304
1431 9602
4968 1892
6562 4731
3400 4101
1766 8252
5991 8527
8770 2976
8863 5153
8713 2176
7456 5294
3608 9850
4265 6178
5075 9430
6225 6600
6627 6351
7415 3428
9543 8416
6497 1811
4561 7115
3279 2067
8488 6501
9892 5308
3994 2049
8080 4232
313 7765
1042 7645
8933 3626
1438 1350
4791 4436
7784 275
7336 3562
6539 2989
2234 1442
866 9647
2688 9196
2528 4777
4217 535
7248 6014
1732 4843
4776 3387
9970 4278
6857 7068
1534 1825
9235 4354
5575 559
9444 6154
9721 541
3946 6020
3049 3065
8038 9445
4144 3002
1113 1135
8002 7950
2377 8758
2726 4711
2683 3846
8827 6343
3733 1603
3498 1965
860 5277
2176 7169
2459 2273
8338 823
2940 2088
5094 5079
7064 4526
5620 2156
3866 8669
8453 2695
6018 8847
5653 5716
7180 9252
7915 5271
1004 7742
9250 1440
8619 7989
269 9215
1511 3759
5893 2557
8050 6785
3464 4959
8379 6960
9024 1743
4239 5746
5159 8833
419 9280
1023 3833
5076 7788
2001 8847
3354 6871
3032 2161
888 2561
585 2789
3974 1102
2026 4632
6647 5890
8538 5798
3073 3101
4274 2037
8811 2695
8098 7189
6018 700
952 8625
8606 6841
2966 3877
2331 7567
7261 8385
761 1594
2574 2077
1899 9078
8549 830
2509 6792
4295 2217
5414 2548
7137 3781
3553 2519
2753 1675
3871 61
790 4752
2915 663
2739 4113
9796 649
1702 9974
3130 5166
6421 4112
2811 9708
6031 399
19 2259
2018 8759
63 7900
7427 9346
5094 6878
157 99
5657 4480
4550 7128
4416 1944
8797 5472
9698 5873
890 4043
8385 51
7975 3041
953 8677
4597 4099
2876 1569
5730 9438
799 518
9315 7626
2739 288
569 7869
3117 1631
5892 3020
8636 1861
5249 7529
9349 2965
2363 418
8431 2102
7777 558
6628 9891
8258 1127
5424 592
9807 7162
1081 1907
3145 6173
8626 8060
5125 151
7127 3014
4821 5752
2509 1128
1350 9507
3791 7344
6069 720
2009 9823
6372 8342
2295 6918
1671 7734
2980 8189
9234 4630
7313 4321
4509 8095
4935 3773
7918 7555
5401 45
6631 2688
9731 4803
5648 7092
9161 7656
4915 8904
627 7297
9524 4217
4351 7815
8365 2245
3103 2351
9718 3
7608 9621
5137 9892
5249 3717
6124 2604
3144 9599
7024 3800
9615 1837
2354 1566
1739 8352
1957 5313
7130 5098
3804 1364
3630 1965
4576 8296
4233 2709
3059 1624
8928 1967
4964 9280
9632 6220
1485 4284
7749 9815
6716 3256
9693 8199
1695 5154
7200 9879
4752 254
5746 8282
2756 9156
4070 5000
2614 1344
681 9612
1230 6636
9879 6460
2666 6903
8851 7186
1984 4102
2238 9351
5409 6502
621 7696
3183 5328
2114 5757
1844 1732
7384 8215
5355 4172
3402 3157
4616 6987
9521 3611
3275 9468
7631 9031
2326 4337
3911 1987
808 9629
4282 6589
562 3746
7625 97
2400 9655
9549 7995
600 9865
1950 6157
8201 378
8796 4459
8386 6318
839 2684
8676 9009
3586 5960
3926 9263
101 4411
5083 4894
3199 303
2875 5575
9831 3786
4549 530
439 3100
4575 933
9566 1236
6064 8415
2298 7405
470 5567
129 7489
6151 1365
5135 5592
9528 607
4499 655
2741 3787
6311 4885
885 655
3748 6506
9595 6501
2876 3315
8299 1814
6070 3833
3457 8895
4229 255
4817 9581
1360 3176
5394 2917
6915 1077
2859 3203
1518 5805
4004 2136
7749 6729
3698 8445
2423 9294
3720 6514
1664 2597
3508 8092
8854 4156
3136 8449
5481 3572
6589 3256
6031 2174
1140 2489
5165 720
5800 8815
9709 9379
6929 1230
633 3560
2563 4628
5822 9742
7505 4517
2088 5274
8447 4690
8219 6489
9688 8394
3109 1475
5660 9306
2825 9300
4435 8212
923 9270
1793 8335
702 6827
6680 7534
5455 9961
4247 2620
8190 2502
2614 728
4212 6948
7687 2561
7274 6300
7410 2697
3130 7330
9235 7849
8132 5018
9687 4977
7891 233
1779 169
1866 4783
5213 9515
1090 5730
3043 6516
6315 7920
1533 5253
9620 3876
690 3544
2288 167
3855 5613
6425 854
5557 3030
8782 7328
3849 2011
4969 6243
3959 3640
1805 3352
4883 2527
6762 2610
1167 6973
2132 7130
4535 2231
2236 7187
6615 5687
4827 538
9653 279
3374 8440
1378 898
6312 4602
1561 9879
7974 4687
6891 7204
1843 8316
3905 5568
6318 108
4058 9193
4706 4691
3680 2043
5627 6727
638 3730
4285 5048
4692 2662
9957 7405
5645 486
8537 8839
4843 5985
6971 7001
4297 6226
6138 3802
1686 1498
95 5265
7303 7861
4201 2667
6694 9739
9626 4430
9029 239
8127 5800
777 1808
4586 5137
4761 1728
5377 1731
6852 1172
8055 2140
9210 3589
2936 9586
6750 2413
4017 4441
1615 2102
948 67
8883 548
508 963
1399 1925
5530 875
4987 596
6206 6793
5089 6996
2685 5816
694 2028
5944 6463
6990 5562
6257 2493
4236 8662
7644 7483
3289 2897
5209 9168
765 861
7439 140
3897 8149
3303 7447
7677 9767
6696 4418
7225 5442
3525 8664
2527 6115
4929 3758
2853 4558
2789 113
6739 9834
7114 7267
4471 8020
3325 2567
3120 3138
4596 2013
4355 5859
7464 5579
5041 8816
7511 672
8011 7145
1474 8366
364 6020
4696 3011
7523 7448
5656 2235
9579 519
8059 5213
6197 2101
238 7234
3547 2629
6301 4373
2464 5146
1875 3290
3766 2444
8434 3814
5250 3654
8331 5793
5241 6086
6960 7348
7514 286
6562 2054
7507 6928
8611 8937
122 1666
6506 6067
1926 6530
3562 3445
8891 3514
9783 2338
7789 6240
4516 4840
3535 2938
3330 6441
3883 1406
5168 7920
4544 6521
3154 967
6254 3348
5187 7381
8728 1362
5013 7228
8767 2027
2755 3887
9193 9719
4962 4903
9158 6729
8034 7747
4302 5796
7444 2283
5420 3014
2922 2135
6425 9595
2500 5300
5920 7393
5896 6807
9794 5226
6290 1678
3239 6578
4271 2295
1559 9822
9620 2831
979 6803
2035 2877
217 4467
4994 7241
371 5873
9772 606
3968 163
6963 5985
8381 1923
2104 1822
5013 959
9560 6698
8088 8467
9535 6412
1233 8618
4926 5851
3900 9656
2500 1354
2622 7238
1820 9997
3602 6471
3362 4015
4024 2902
2055 1879
6868 863
197 3050
8027 4269
9187 1218
7113 6063
8119 9190
7745 4290
6907 5177
8866 9390
7631 6928
3056 1585
6466 3448
8245 2132
9471 990
9094 249
3982 1871
3516 1583
1030 8635
4439 3894
6326 4326
4858 4780
8682 7488
2555 4406
287 9651
8540 3059
3191 1247
3258 8619
6946 2061
676 4629
3004 2552
3446 1207
3457 5274
4738 9572
1431 2926
1066 8197
737 9190
7402 8878
9894 8895
8017 3031
8718 9494
9778 4290
8632 8673
7970 1872
7212 6660
4488 4270
6479 393
1246 6155
4343 7595
9981 9695
4528 6557
3585 7916
6245 8564
1356 4980
5685 2454
6430 1147
5656 7351
3213 56
2061 1241
9824 7388
7378 4454
9761 6285
478 927
7085 8258
1533 1243
3530 3496
821 219
8274 2646
5778 8293
280 8388
4817 9009
6897 6867
1234 1970
3801 2161
3053 9852
4163 4994
3662 4712
6771 756
977 1038
6836 6520
5771 4210
476 4893
7627 7278
5599 2642
8938 7779
7630 1547
7986 916
8818 8357
5628 2296
252 9470
6102 5333
1396 1227
2465 6396
7912 563
8000 1201
6361 6203
786 3634
4915 1205
7308 5939
5116 3181
4035 2583
7644 4841
9345 6315
7361 8919
4625 9215
5516 7437
3400 2486
6584 8998
6360 7304
1427 6417
4319 8354
7419 643
5492 1603
8821 3541
5969 4120
365 5051
1543 2283
3153 6379
425 4284
2951 4703
9983 1475
6974 7998
1064 1238
1282 6830
5198 1627
1388 2008
4283 9878
6549 6923
2379 4783
2464 9028
300 1902
7218 787
4133 2821
9427 7097
4281 770
4315 8490
4805 6139
467 8845
1783 6307
8646 3270
953 8738
2095 6313
4762 1487
2027 7835
3453 7384
8350 7594
7615 7899
3858 6157
5994 5078
485 6741
1485 1257
4184 3294
9504 7330
5703 1344
6551 9318
7611 4114
1515 1136
4229 5696
4069 4246
655 7337
2855 1584
7626 423
3493 114
7811 1371
741 6064
4951 1372
4039 6474
9124 1982
4024 4890
5231 3577
4375 9254
4242 7449
9426 3451
7340 1089
4306 1957
8485 3284
1018 693
7562 8493
2660 2755
4754 6698
2044 4243
4985 8782
7471 3127
4563 8793
215 2705
4616 3960
1257 7512
5832 3699
5692 4335
2127 3315
3157 6836
7435 2507
8321 6572
9633 6544
9016 9285
3428 2761
6174 1197
3568 8891
6848 8466
3470 5323
246 4983
4682 5966
1414 6896
1915 8
4043 1815
4953 8681
2546 3783
8418 5821
7349 2574
7994 7708
2598 9837
1805 5734
9679 8191
7766 2862
2034 6991
1893 2585
8227 6640
5271 9111
8254 9217
413 1201
7899 4330
2073 193
3848 155
790 6291
8090 599
4267 3936
3895 4293
5464 6365
1916 8998
7912 6376
9990 1909
3768 8389
1280 6276
1832 7018
4796 4401
9504 2137
8981 4082
7324 2126
4705 3465
3227 3497
8958 2378
9498 1568
6755 7567
540 6358
21 811
6184 1335
7707 1490
4970 6257
1976 8207
5964 3668
6532 476
2989 1467
6892 8632
9514 357
8381 7483
4969 7725
5100 4007
1517 3613
7530 1426
8574 4845
6778 2087
3073 8641
4233 1389
7118 3323
8783 9304
8510 5210
8845 5200
367 9166
4522 4767
8873 1771
9344 3571
9593 4312
3195 8580
2333 4414
6901 8815
1278 5532
2532 1325
2776 6152
6446 6434
8487 2085
9679 5668
4303 4736
4483 3620
4081 9467
4294 4098
1181 8874
2517 9432
2743 5988
4222 7349
9409 6315
3499 3756
7559 4718
1208 4402
4373 7666
5515 9671
8767 9965
5675 9431
6468 8249
4754 9694
3382 6446
3007 3122
2988 628
7473 6492
5250 6599
4035 3069
2792 8566
5800 7682
1000 3712
3944 1904
1874 304
4480 3870
3807 852
233 6694
9823 5005
2863 3908
5549 7174
2407 8472
5367 781
673 2391
9568 8098
7759 4095
9194 983
4956 658
1911 199
4288 2185
3030 8865
6901 5232
1457 5627
1310 8317
4427 21
759 751
8300 4045
5339 22
3811 691
5067 1549
7921 1245
1022 4773
1930 5113
8525 5331
214 9932
8717 1071
5452 8422
2063 4861
8959 3987
9996 2034
3185 8873
1112 2572
7024 333
4200 2206
1237 7936
5450 3515
5965 4338
9611 4788
9663 8627
6581 9976
982 341
6633 9469
4688 2387
2203 6695
4237 2222
3168 9067
1785 2506
9098 8602
438 4684
2418 9774
8208 631
6759 6548
6661 6427
3829 1057
4197 3439
7230 8533
948 6597
709 6086
8102 8206
