7144 7419
112 2016
7734 4023
7080 1247
7346 7819
1109 2650
2722 6226
4218 8988
521 1433
7463 4031
539 4577
4126 9291
7822 9976
7176 9306
8929 7035
5051 3340
2645 5726
816 280
5100 492
3637 324
6672 95
7639 5280
4046 2478
2186 4394
5119 4154
3914 3261
8022 8172
5820 1986
1674 1186
1658 4625
5300 9800
6023 1527
8739 3504
6425 2446
2030 8819
4537 8205
666 1746
2997 5373
6109 9565
918 4707
576 1745
4946 5636
1300 7926
2908 4513
136 2641
1390 1669
3253 7406
2305 6664
7579 3414
2067 9761
8380 5799
4641 2677
6375 7297
7300 1905
6806 2565
4027 6655
6189 2862
7025 7298
971 9161
8462 2017
9509 523
5157 5280
2048 864
1376 700
89 5632
7513 3194
5943 1880
1082 9500
612 1657
1708 513
7783 9555
7980 9840
4307 656
2156 6301
2584 9717
5925 9302
8203 2678
9719 494
6344 9929
7399 2920
3080 5868
8213 5059
5250 6359
9949 7722
279 1726
4251 4790
6181 2825
5594 9444
3638 510
9150 4228
1619 4325
3497 1968
1728 4497
3464 5992
5351 2223
4291 2997
2818 5588
8274 3510
5044 3500
8889 3261
9285 8041
9576 5517
1699 2237
3571 4118
9483 7275
9529 5176
1994 3582
1164 1849
2974 1997
3020 6314
5995 1641
6839 3723
8695 4842
8320 1481
4324 1443
9587 4191
7455 2908
3601 2051
7522 4655
6589 4716
7386 2256
7591 1493
4533 1738
4110 2049
4179 9733
6025 6192
6637 6719
7792 8959
3110 2177
9875 3035
2068 4954
9003 6489
63 2288
4388 6931
5682 1665
2161 8794
2921 8024
5276 2145
2447 7323
6153 7787
3123 7377
5456 3429
972 190
179 8892
2646 7388
5824 1317
1092 2177
5274 4822
2626 1030
9029 489
6028 7913
4636 5245
1723 6366
197 3661
6284 1194
4599 8295
2732 6529
6956 4741
9327 1085
5827 9091
6587 6564
1114 4043
1747 4215
9744 3588
9709 9000
9528 8659
2470 6236
2127 9280
7440 9405
9167 1483
3021 2094
6861 4975
7867 7119
8586 4591
1456 4803
5270 4312
2395 1524
5391 7985
1845 5258
7237 3461
8668 1627
2169 7304
8245 5321
2382 8472
3731 2324
7380 4240
1710 4817
8448 7235
2434 5787
9300 8912
9167 2906
6351 9329
5983 2517
5647 6732
3373 2629
7066 1848
3936 5186
6871 5773
5783 8471
6566 2693
6039 4196
6312 9229
2075 8311
7785 9913
9521 1811
7788 1028
6165 376
840 8801
811 2879
1998 6872
720 1071
1600 5062
7514 415
5666 1897
4731 1094
9681 3116
2444 7632
8226 8959
8709 5400
3231 9301
6656 7537
3786 4864
9572 5667
2491 4014
7788 7578
752 9115
1044 363
5056 345
852 3576
7249 2052
8274 4667
2940 9660
9857 6445
2980 7746
148 3608
3814 5168
7252 485
3884 8647
1695 9570
7056 6437
9537 3178
9048 8383
3293 514
1068 3177
7890 2583
9787 5689
5694 120
413 7568
5597 7771
254 4771
7638 1702
7882 8478
9502 8795
6436 5658
3535 5887
1095 1041
9893 207
3226 3038
1946 9407
9547 8551
6035 7579
629 8983
3585 2045
7015 7041
4761 4866
8512 6793
9589 5434
3009 1589
9605 9845
9789 1560
623 9582
8906 947
2909 5559
853 1642
4865 3647
1423 9379
826 2973
4341 9733
7520 8731
360 1601
848 4839
8754 2367
9881 9204
6931 8228
7447 6832
481 9596
1009 9981
2281 984
7642 2089
3862 8580
7451 1060
6514 3631
287 5566
7793 5641
9859 5779
6369 6367
6138 9881
1047 8179
2831 9422
7768 4766
2453 1104
1174 757
7626 1155
8130 1102
8544 4354
19 395
8422 981
1486 3917
1895 4610
5297 9278
9084 4712
8882 40
2604 3326
4891 2416
111 2562
4257 6745
6973 8951
9979 8960
266 4018
9842 3478
1765 8017
4399 4182
214 1239
1972 5987
6211 6426
6974 3187
453 6890
2617 8354
3954 1738
2811 2743
3786 9738
2253 5862
6502 3084
3795 8740
3007 5772
6365 1766
9496 2265
4026 4179
3057 6303
5814 8015
3539 9164
7583 7445
3593 2755
3637 583
1193 9093
9863 5068
4840 8610
9276 4224
2113 324
464 7119
9253 3045
660 6536
5372 5172
8785 1893
2666 1146
1936 5242
241 7720
7096 7074
1293 4089
2401 2834
7041 170
4219 2641
4716 1461
3893 8069
3568 3354
8887 5445
6876 776
9912 8585
2343 1028
2964 3590
9137 1126
9290 3354
7968 8558
6503 9017
9945 8654
4612 6076
8248 4532
247 1253
9639 3070
4950 2809
1006 1241
3075 9032
984 8541
5914 1280
1705 8826
460 4865
3447 4595
6787 1969
5792 9554
386 4542
1192 6103
9936 4996
5471 2265
5053 1523
4163 7138
3723 450
7483 5092
5380 5035
9733 1146
123 1809
6361 1460
2150 8408
8318 9047
484 4188
7885 2749
8088 8706
7317 2184
7332 3704
7400 7551
891 6124
4382 2728
579 8747
6890 7974
4701 9126
3528 4021
3672 5197
2993 6831
3697 4732
1773 5172
9085 241
6318 9101
3944 9978
8577 7540
288 9981
1823 1852
4162 9504
8634 9013
9826 518
9996 2390
4262 5426
4218 8739
7967 9839
4109 5305
5501 6990
7894 1632
3998 5208
7380 9224
2349 7802
4424 9746
3082 2469
790 3937
7135 1994
9329 5323
8844 1373
14 3194
7959 2377
4935 8622
5982 4647
5822 8307
204 2658
6771 7961
809 2997
6404 2017
6734 8079
9294 3127
1835 2346
4930 4383
9689 1936
7578 1530
5539 4427
414 4804
4739 9218
4350 4683
9482 2666
5724 4486
3019 4590
3005 2211
4297 6146
7031 556
9295 3190
8612 5671
2655 3266
1940 4223
8875 9693
5160 1761
3499 6516
3115 9788
9082 6465
7543 9190
6603 3384
6257 9284
5018 7841
4953 9294
9604 2618
5142 1087
5739 8890
6004 3977
9495 2567
1845 4699
4109 9319
9274 4554
6934 5833
456 7432
4938 4182
194 8186
3723 881
5169 5512
1437 7735
5938 5730
9869 125
6277 6364
6530 4558
9960 694
5892 5964
2221 9658
4470 4319
8964 6556
8524 1854
3857 7768
8690 5041
5150 7232
886 8426
7785 3851
4288 9159
2012 809
14 3249
4646 6359
808 4692
3268 4986
5632 4589
9876 7065
6223 9608
8079 9680
1353 7767
8810 8209
934 7554
464 3175
6404 9548
4673 5428
3243 2202
7449 7419
4427 2928
3167 6758
1658 1290
293 7349
5384 8822
9102 6637
3265 6283
3065 9901
809 9602
3524 1784
3973 856
1853 1650
3532 3365
5424 1926
6740 3589
1015 8135
3827 2495
4733 9885
2508 2749
8113 6429
847 1613
6388 3780
7780 69
7459 9288
6745 8218
8224 9535
4813 6444
134 2966
6202 1681
5421 1870
1323 5985
7995 7847
4717 6103
7518 6232
7915 1438
536 8234
1991 9009
3385 941
1348 4887
6611 7635
4083 4891
8705 4344
6389 473
2461 5817
9764 7519
5017 1389
3044 9292
7354 3720
6273 2634
3388 4756
3510 6439
2405 7211
6352 8003
7770 292
8770 3870
7652 2222
9544 8660
856 2465
9495 1830
7177 4329
8395 2680
5944 6343
8111 8519
6827 5384
2147 4714
3131 8082
1648 5784
3377 675
705 8540
9466 2418
5903 5120
1163 4170
4339 3099
3082 1787
793 5512
1052 6675
8822 7577
8892 6064
7942 8467
7678 3927
8455 2801
4117 5507
5842 2908
6879 9320
1755 4179
3989 5887
7440 9774
4723 8592
9649 8271
5215 4853
6061 7762
6417 2442
5199 3862
4088 9249
5710 3748
4565 9588
6613 5013
4068 4352
6115 8937
3656 8279
9302 7530
9744 8629
4289 6916
5338 5983
1349 966
1657 3068
4703 224
5029 9964
2771 9296
9975 6589
2732 8321
9055 2418
1732 2730
909 9338
6507 7838
6276 5727
6585 8697
2801 9067
72 1378
9089 7785
6021 5851
7917 6103
5238 2207
8219 5916
3245 7014
3121 9422
1445 5009
1635 8516
5592 6613
7359 7946
3047 1256
7717 4887
5169 4480
1496 480
8548 4815
8335 9366
6946 2236
7674 8573
7727 2168
8078 3445
4528 7658
8487 5599
2608 1572
3735 559
72 465
4071 6372
816 1148
8178 4147
9978 7320
8460 6233
7090 9474
7702 6554
831 8195
6528 810
1618 846
4826 3285
7279 1883
6527 8960
4006 1974
8902 3208
8425 2051
8671 7476
9937 9022
9004 2667
695 9852
6906 7680
6047 7690
9120 1566
3327 4776
2310 6829
7659 9351
3679 5349
360 7768
2300 5094
6059 2681
2770 4454
6391 2107
2382 6560
2791 83
27 7191
9092 6664
2254 6267
1183 9804
3430 4621
4388 4590
2175 6388
4086 3205
8859 3874
4371 1159
7886 335
3754 7872
4968 2546
3654 7641
6577 2741
228 549
8493 3874
4871 2320
2484 555
4156 7707
4918 9491
7936 1970
8925 6914
9099 422
1500 6949
6080 4271
4450 4434
6772 6255
6216 1836
4954 7579
933 7777
9824 7363
6591 2881
1792 9201
8399 4252
4966 1173
1205 8586
8996 3195
8629 6111
6440 7300
3680 2772
3072 8551
6375 5858
2405 6516
6003 802
5450 7500
3887 8885
8584 8741
6796 5807
2902 8261
6649 6511
3896 3457
1103 5434
8931 9953
333 4698
1476 4861
6290 6056
7513 4788
9223 5816
2169 654
1062 4992
172 3962
8416 5198
2932 4999
2770 8347
4475 9297
4907 1343
3121 7638
9647 5447
3139 8860
1831 9761
8946 2101
3457 7974
4833 2481
3058 4441
9350 9253
1125 4243
6665 3593
1762 8772
8485 7418
7550 9355
5492 4611
6858 9276
2669 7877
174 6542
8334 1708
1341 5867
8027 245
8094 7388
6933 4552
9216 1049
5946 5316
7121 4788
3598 7414
9487 6881
9689 3834
1511 7567
475 296
2235 5117
6193 1638
2712 3241
5956 7323
3921 5421
4329 816
9677 7543
9287 8526
3964 250
4115 6081
1489 2802
348 5866
5697 5877
3439 8952
641 197
5298 7565
4266 1002
4389 9969
8892 4590
5020 2373
4956 2617
3732 8881
2789 7271
4294 5386
7002 2813
6817 9183
3460 7146
9113 9783
9359 4628
4187 6199
3767 4859
6963 3989
5755 8083
6987 2168
4862 7011
7272 6730
421 1375
6657 9288
7113 9302
8386 4179
1999 8111
3257 1202
1615 9168
7214 3463
1684 6558
40 9496
3116 8517
1175 4816
2088 878
4418 8710
4969 2168
3301 6469
4909 9701
7416 2937
7278 3232
63 7507
7529 2585
1639 9767
4588 8074
451 6340
509 6281
4800 5449
6217 9150
8789 9685
1951 2835
966 4426
1891 7665
1848 2828
3508 100
4905 7084
5872 3904
7106 2199
1772 4940
4144 9093
7334 1568
9870 460
8605 1997
1758 6210
6187 2868
187 1813
6757 6633
5971 9107
2720 4985
2235 3775
7795 4235
7917 3703
5579 3749
1060 3670
3376 307
6268 295
3924 8285
7295 1037
2036 7335
6208 4566
7804 2082
7265 9910
8654 6453
1458 390
6459 7073
8778 5213
3435 8363
2681 2239
4760 397
4417 5427
9539 2012
9943 4842
5997 4396
5627 5351
9794 3406
7721 5709
7805 8332
6306 8655
1089 6319
4017 1763
8836 9839
1771 6245
3858 7260
5609 1910
9493 4595
8631 695
4377 4563
5189 4441
3864 7159
5684 6635
698 4461
9360 8388
4255 2062
1538 6801
9934 4459
3525 5636
7632 2472
3697 458
6539 9256
4684 7544
4987 2132
3606 4662
3033 5783
5517 2684
1580 4007
703 7117
5664 8251
8938 2642
6210 7229
2227 5696
1074 1058
6063 5489
6362 5785
7446 1958
8035 7426
6331 5654
8437 4696
1054 2513
4302 3560
4563 3372
1705 7169
7530 730
16 4214
2279 8609
7017 7005
5633 8362
5891 6671
2305 4811
6968 3622
7987 4473
5693 5868
8585 3641
9593 2448
3705 1597
3980 5774
1418 4200
7531 8515
4945 3652
3365 3865
9387 2464
2269 6177
5018 4130
8454 4245
6262 3702
8946 506
4029 4030
7538 3428
5981 161
4229 5552
8898 2128
694 6626
3771 9814
3138 7915
4926 3615
6884 3991
4671 4557
6708 5980
5649 9379
7782 9049
9332 8139
5820 6228
4453 7488
972 7142
6236 9031
546 1786
7312 2051
5791 3662
4586 9185
2660 8798
9131 3022
7969 7424
2721 5775
1888 590
5693 5197
3285 6985
301 800
4678 5633
6326 1619
7473 5917
6841 4923
8932 984
7300 9409
5129 1489
9172 5251
1266 3256
1075 4479
6415 4936
7100 9728
1339 8201
9147 3208
7901 365
2517 3743
6395 6125
6390 3566
6792 3317
5701 5155
8712 2354
714 807
6860 6467
3546 2851
2209 607
2372 3523
6902 1216
3834 5469
5782 5507
620 9523
3970 4202
926 2396
9125 9339
9598 6782
8521 3711
1784 9974
7581 2564
20 5448
559 9634
6994 8402
7025 252
7386 1692
9805 1985
2396 2782
3414 4226
3018 5983
2529 5526
2276 3131
3339 2591
473 7207
8002 8232
8387 6582
1599 3791
168 9496
8800 4132
6675 2596
5290 6239
684 9884
5650 1563
3058 9909
8471 587
6922 2365
9444 7738
3229 1281
679 1030
1339 6967
2860 3141
1058 5227
6503 1041
9302 2033
9899 37
3852 9029
9879 95
3942 4987
4603 4238
2027 9182
4909 6496
9219 1217
9669 6112
1971 7072
8211 1363
26 4154
4126 2071
8594 4319
9946 7854
2207 603
4994 5678
3249 8564
4281 7728
8223 2807
6688 6469
628 2394
7823 850
3473 8457
9913 1382
5510 1249
2010 1607
6051 112
8184 1014
455 638
4216 1038
7987 6327
1411 1958
6516 5315
9488 7218
9300 7167
8610 6720
6592 880
7482 6168
9226 5797
9857 7586
7226 7639
6744 9622
6438 3688
3516 1054
1363 7821
6804 712
6853 4317
2826 4929
8036 4367
3708 1116
8773 8309
4726 5300
1979 7164
9677 313
5232 449
3440 6670
3368 903
1179 8242
3307 9295
464 9694
7037 1751
3650 5433
1852 8227
7272 5674
6705 9993
6203 2198
9714 8351
623 1500
3702 1543
3170 1719
9426 5403
4585 7525
9282 9596
5101 4143
8671 7227
4345 9004
5688 6569
3011 2076
4353 7138
3015 734
4076 5554
9960 4677
6659 7150
8297 4663
6273 7380
19 3025
2931 6109
414 1605
7964 3147
8617 3971
466 4360
4595 2712
546 7278
9880 1018
1552 8190
6022 685
2768 8683
8095 8706
9409 7031
9801 8309
894 1316
4834 6148
9753 7329
2394 3517
6036 3737
6810 3360
5621 1280
6746 7805
3399 2026
3894 8155
6324 9509
4220 2663
7437 6383
6843 3429
2754 7593
1950 3109
8202 7125
9313 5121
7348 568
596 4604
6953 4176
1146 4253
9394 5194
5075 6452
9297 7476
5758 9340
4119 2099
5939 4985
443 5944
3178 3733
8095 8022
4256 7968
816 9572
4414 677
6630 1577
8944 3803
7456 5591
9979 9388
6438 7005
8394 9523
3835 475
1099 5201
873 3434
8226 4691
2319 3598
8292 1783
979 6718
4518 4302
1650 1261
2703 9078
1653 1680
7996 7504
423 9590
9918 2975
785 823
3572 5447
5589 9372
1726 8695
4682 3972
6732 7586
5132 4703
2076 3072
39 5584
1300 7540
7605 8908
5604 9128
531 7480
9329 4623
7479 9442
5680 7847
8108 8337
2192 5246
7391 8696
7013 1425
6424 7217
5038 8464
5554 5119
1230 3293
4208 5270
5646 6105
5006 3035
6511 5092
826 7081
6099 3606
5071 2117
5684 2317
7438 7064
1177 1309
4074 7791
1620 832
5732 2213
5672 5087
1504 8470
6453 6295
3399 4067
6686 4813
5196 7723
3976 143
3840 511
5239 7541
1137 4367
5269 7420
8663 1647
1318 9488
3247 7702
8555 5497
6531 1798
6806 3723
2690 6064
2033 610
2239 2930
3761 9091
2339 7712
6854 6588
3172 2051
5855 3851
5181 2594
3853 1109
9270 3735
4369 9741
3933 3209
1252 223
899 7009
95 2296
3885 1182
6756 8695
9887 2283
3642 4551
361 4522
3273 3930
7097 3861
4421 9392
783 660
6258 4459
162 2713
3087 9028
6156 4448
5910 6930
6594 5613
5663 8487
8896 9670
2019 1172
5966 6165
4381 1870
8408 6590
2800 6059
2941 7984
5769 6230
6390 8792
4532 4631
9296 313
41 450
7241 5437
3877 8608
8997 9550
3193 7158
6057 6818
3836 1373
542 7269
4974 1458
3919 95
7029 7853
3767 9766
1584 2361
7809 3800
3731 7628
4111 9835
2457 2700
3055 6527
8963 9979
4823 4793
6080 1796
66 7932
109 4367
9545 9903
180 2032
4452 9589
3810 5884
1440 7964
2821 8938
5956 8418
3676 9223
2616 612
64 6142
2872 1063
8338 1659
2830 7711
7888 8778
2371 3935
3344 2455
4501 6983
6856 5534
4964 7912
1356 3553
4688 9963
5844 5221
6355 1761
6194 4516
2067 8196
2573 1423
5702 563
3513 1486
6945 5131
3691 1758
8992 2546
2260 7463
756 6540
8605 5749
4205 5133
8227 1144
5184 694
6682 1351
1193 9631
8915 6850
4254 1992
2237 7866
7543 9981
7937 7168
6962 9218
9866 5796
9410 1315
7087 1521
3556 3761
5990 6577
45 5229
83 502
9640 6328
199 6985
553 3016
3799 8191
9950 8597
5301 7240
7362 655
6594 7199
6682 667
37 2843
4221 9762
8890 7341
7729 8935
9470 9313
4200 9595
5311 7820
4632 1375
3883 3243
515 9153
9279 9718
9565 4891
6 8229
7242 8968
5711 8585
9690 6175
6083 3209
104 3031
1578 1079
6683 989
2250 8827
3685 1514
2664 7878
4584 3532
3949 806
3176 9221
7826 2586
8449 1545
6778 4646
9955 4766
8680 1185
3378 8574
1342 8278
5302 671
4095 8336
2562 4460
3897 8994
7414 2389
7096 7412
4367 4944
5749 959
2307 2490
8666 216
6858 7890
7252 1630
6439 6482
6838 1761
7799 9612
4658 60
5963 7950
8905 5049
8232 6232
8376 9135
341 5040
4515 7070
3967 7238
5092 5361
168 1850
5921 4691
909 9698
9934 2868
408 906
3451 3241
4397 5371
3452 6095
9656 7145
6723 5850
8007 3094
5716 1266
3052 5868
633 3360
1116 4231
503 9895
7757 7534
5310 5947
1872 8415
2613 7632
7906 423
2292 6759
3226 5351
6638 5634
7239 7729
2176 7752
439 7264
9742 1196
3964 9373
7846 5081
690 3318
9924 3832
6235 568
3407 8149
7306 7732
3739 1684
6844 7149
2848 4142
9131 7700
4710 9176
4846 5573
427 6893
3064 8577
9399 3435
6260 4775
1840 3241
606 4357
8400 7077
3739 5188
6822 5939
187 1929
3943 6186
8568 7600
3886 9035
1914 5755
3349 6881
2380 2818
552 7130
5765 8071
5412 2291
8815 4969
4193 5701
7817 9250
1690 3953
5482 2656
248 1134
6627 236
3491 7472
3590 4970
9541 7301
2290 3022
8919 7254
5593 1790
3283 9105
8858 2814
3642 1346
9054 3628
3635 5507
7708 6179
6111 2776
2086 4252
3319 7607
1077 3042
7309 5386
4548 1165
3264 2423
2892 336
1544 6305
119 9839
3554 4104
5634 9132
9476 8474
851 5974
5774 7570
8384 2210
9872 6609
6818 143
9166 3185
6814 438
3805 9176
1375 8495
4590 5955
2281 3807
4344 2250
1334 9891
2040 1422
7882 1302
8009 2575
1252 2066
5524 4668
8034 8755
8748 7115
2449 3512
8372 119
1837 1938
9515 6469
1531 9479
2137 429
777 2897
8601 3510
7824 1603
8599 3851
1845 7023
6286 537
5690 7831
4150 9200
388 9329
641 5308
9569 1578
4501 6919
1304 9035
1491 8144
6238 4374
7697 1656
3284 8123
1916 6795
3189 9283
5983 8470
2002 1385
2411 6508
5412 6668
8865 4737
9904 9273
6709 3851
8718 3226
2626 4339
7903 798
8968 3522
9434 9216
9871 1340
3328 1763
3021 6450
5930 8593
3693 3581
809 6423
2464 611
1180 5612
6467 315
3087 2724
9711 4626
3575 5962
747 482
5585 2263
5805 2532
9681 4868
4187 9
8937 5390
2750 2028
3680 1898
5641 6746
851 431
2867 748
1595 7530
8131 7333
6653 9580
2200 5883
1823 9868
5871 5343
8771 4431
6377 1953
1383 1315
639 2066
5504 7922
2942 1393
2889 7690
8584 8109
17 4419
815 8563
422 7851
2941 2861
6306 2544
7801 237
6082 3553
9449 1848
5128 4494
5637 8572
9820 1791
9644 4009
4690 2053
3667 2894
1294 5686
8764 8282
6085 2962
4944 1825
933 5414
32 997
2385 9338
365 5078
7173 2142
4642 2133
3986 745
3913 9837
8131 9695
1932 3061
7777 41
2958 424
8549 6650
7221 6212
1376 8212
3408 8739
8628 5
4990 4105
7654 7383
4163 2377
5525 6371
3664 8062
4813 1560
9362 1518
5352 9718
4882 2599
9212 9343
4130 8858
4884 7519
8225 1146
1904 9081
8494 553
894 4263
9468 264
9911 8418
4639 2440
6774 7818
8402 1903
5523 9024
7815 120
7892 4770
6325 1081
3585 6038
849 6038
9629 5564
4227 9827
2226 1682
6490 6086
3529 2063
9898 6856
8740 6341
8871 6006
4241 1481
6782 1949
3727 6629
6449 1739
5859 8555
3519 7094
8873 6991
2952 8444
8277 8623
4010 5116
5193 4678
361 6354
1479 7507
6474 2856
4615 3920
324 810
2488 5721
1375 4417
5854 1687
3578 5580
9130 8165
5084 7781
8145 7312
757 4196
6304 2502
7611 7792
6998 3593
5471 2686
4672 6682
8466 2240
3282 347
9566 8974
2800 1246
7230 3202
9087 2452
1681 4944
6161 4277
9968 9260
9194 3746
5943 829
4559 2674
9574 7535
8748 1306
2598 9877
8505 87
7486 7049
9654 2805
8733 3657
4784 6175
8834 8664
3498 8821
2911 9061
9267 6718
8556 6855
9560 8660
5403 6045
9231 3237
2588 800
9805 7417
8519 5633
737 3179
3923 9764
5141 275
1190 7591
8932 6216
6187 9136
4837 9811
6188 1898
8906 6163
6483 2489
4869 9736
9365 7616
6548 9236
8986 4587
3247 7508
1820 1584
3299 501
7444 1830
8082 1592
535 5394
6376 5867
8619 979
6943 4931
6364 5520
7991 6779
7612 3750
7148 2303
5355 1240
3336 2086
3077 6292
8785 759
5498 1181
6525 5185
8500 9931
2798 1400
3307 1277
483 3904
5109 9707
5594 2811
3178 6990
4296 3942
8509 2702
4647 3647
889 4713
3802 3326
141 1292
748 2724
9289 4964
7370 5748
3611 698
2459 5330
9599 8051
1474 4706
7771 8428
9234 719
1046 7642
3408 2
6909 3215
8398 7250
3551 7598
2163 5803
6238 7827
2826 899
4006 2930
5932 8952
1220 2853
2665 9962
2125 4127
2773 9532
8012 1040
6633 8891
6374 36
7057 4910
6941 2749
838 9180
7586 4436
2734 276
3473 844
7195 3504
9260 330
5536 6642
2325 229
5899 2200
6836 6725
8054 9277
1137 4349
2895 1927
1883 3681
150 7099
9162 2774
8238 6590
8810 8738
5168 2516
7184 5048
1088 1316
4213 1542
4790 9925
5635 5550
7455 8436
500 7683
2807 6257
6686 9130
7637 1660
9200 1214
2204 1884
5968 2555
6904 5946
5040 4680
7196 7515
6085 6523
3920 9789
8481 9047
4319 867
5415 2527
5819 7306
3217 7831
4796 6161
1646 5097
7183 2715
8107 619
8716 9745
2668 8942
3108 546
7063 3966
6077 6904
8649 7705
4391 1803
934 2043
2491 5044
4798 6328
4963 1211
120 1237
5107 8022
4385 3836
8896 7437
9574 2168
8120 5001
5312 25
6099 5508
4746 6932
9814 56
1067 828
9472 2012
6570 2999
4512 4671
2657 6931
6202 9928
4187 4093
9510 9299
7976 7450
1154 9993
6892 5386
7724 8397
1074 7260
3546 246
8371 2502
9359 4040
4488 8757
7297 6495
7219 7070
9473 4061
5199 4833
6646 3007
9268 5349
5340 2557
4961 1743
2583 6177
3400 1215
824 3944
8039 7748
756 2763
1320 7006
4183 6027
6829 4525
6780 9773
4416 9941
5907 5943
442 6215
3664 1382
5461 3089
3162 1400
562 803
6709 3305
2472 8803
8353 6194
8105 3914
4932 5899
5588 282
3114 578
6567 3077
3446 1051
2838 9045
7559 3337
4436 3187
2340 137
2326 3393
2122 7764
7696 7893
9588 8440
6971 8391
9719 4722
8275 366
5503 480
2542 8471
7172 9320
7640 7439
9900 8382
84 4022
2720 6033
9018 6193
8997 5841
3508 8974
7882 9308
4028 6236
3337 3615
9503 5605
2769 7480
7515 7686
3752 1992
2073 48
6284 7824
7650 448
4756 5231
1101 9916
7917 7329
8930 6214
7514 3152
187 8943
8067 2025
6138 5797
1501 64
6492 138
1614 1173
2976 5167
9657 3402
9799 5737
7417 4774
8155 4474
645 264
7826 9668
3685 1133
3808 1240
5115 5298
3551 1318
9256 9366
7198 4851
5057 2324
39 5005
5890 8677
8336 8319
3500 1245
5454 5114
3786 8661
5887 1209
2156 7067
3799 4924
3116 3433
5657 8102
2326 5300
4414 7708
653 2841
4937 4743
4868 708
640 9961
5752 1923
6454 1966
6564 4992
1199 2233
7623 9177
7826 9802
5548 9219
1367 9135
4921 5795
5036 1581
2647 6351
2332 9228
2617 5425
5326 3979
4653 8609
9095 6226
5283 3794
9037 7453
4469 1591
3514 8043
4171 3883
9532 9381
6934 8150
246 342
1459 7919
9258 9788
89 9928
545 3792
6596 6061
2916 9935
7104 1549
7358 9767
7583 7670
1738 9899
4262 2321
4982 9292
7625 4109
856 3546
4926 7441
9005 8645
6608 8407
8606 9579
9434 2793
143 3236
2085 7805
2174 2895
1914 5708
3242 8886
9448 3859
5421 78
1874 9958
3392 4400
6326 5782
4304 7111
7599 8041
5088 6927
4486 6364
3154 4464
6958 7715
1390 2382
3009 7493
9736 6369
7227 5136
526 9632
2441 7911
7308 1274
2647 1371
8128 5473
4821 2274
7808 1856
6768 2986
9533 7888
5259 5654
1496 7359
8318 386
9348 8071
3756 3872
2556 7790
9004 2296
7938 6931
2151 8909
3942 4907
4492 6542
7632 2394
1295 6709
1276 6430
738 4805
3530 8790
2915 8194
2932 964
3804 664
1255 7660
1329 5394
645 3944
9170 8428
1791 8350
8864 7338
7702 7835
2468 1624
9613 6904
7402 9529
8546 5487
7530 5779
5006 6712
2619 2961
1065 7549
9300 9194
1826 1194
9990 5699
2618 642
8371 5203
4262 9718
4601 260
3606 638
7773 2251
7308 1663
7959 4333
654 4958
1225 9325
2904 2180
357 7825
692 5829
5200 6981
5891 4620
6304 8990
7935 2821
9043 1529
3325 9757
6189 7697
5975 6950
2900 5040
2116 4177
3445 5779
5272 8375
1136 4422
9047 6495
7350 9607
2142 150
7823 3374
6811 5128
6897 176
8584 7902
4637 4602
6252 6827
1052 7811
5018 9663
2903 6600
6387 8183
523 1310
5245 4872
4397 3085
1365 9210
8877 5387
3822 5557
9923 6664
9982 3632
8106 4234
3933 4792
4917 1744
1460 4091
615 5692
8025 1104
560 2235
2866 2385
164 1511
4667 3982
6523 7316
9200 963
1611 4502
4916 4393
7746 2749
8725 1343
5287 1862
1506 8357
1955 3265
4862 4278
6085 1024
8674 5175
5387 5597
6780 4474
4596 7956
970 8912
7819 2301
8176 589
9370 5938
4518 7376
9229 5181
8101 6723
9400 4999
580 9265
6113 7636
5316 832
2653 4050
5266 6609
3105 9580
197 9059
4472 5516
5546 247
6291 3104
7545 1149
8129 9013
2874 8075
3595 8397
7268 6469
1387 676
5781 494
2058 1783
2488 2828
9101 8247
4428 4318
4381 4997
7555 1665
8255 6506
6204 7134
3152 1532
2045 5870
4024 5662
9968 7051
2786 657
177 1896
4311 7008
6 3475
308 6028
4709 867
3807 8643
3834 640
7927 5485
1292 7595
5199 5871
1205 2459
8333 7341
1305 5026
4709 4142
389 5212
2225 2444
4811 928
3081 2365
1336 6483
2028 4495
4253 1539
7640 5899
8935 5931
118 6001
4622 5957
2431 4067
4673 8928
7119 427
2762 6826
9681 917
1290 5791
6861 4454
4015 8783
8194 4778
4739 6370
977 3759
4119 6396
5951 6404
4435 2172
7004 2961
5293 476
8487 8413
1703 79
3260 111
4122 1604
8518 2515
7912 719
8681 6185
4668 545
8602 7289
300 9266
3392 9571
3527 576
3604 7212
257 184
5705 699
796 2384
7214 3134
5550 7
8321 4808
2608 3702
6899 8734
5970 8005
5429 5328
2111 1970
8430 5222
2005 268
9159 5102
4298 8292
1813 9897
9174 1475
3704 1403
9978 5141
802 4376
2273 5122
6946 191
1802 289
1056 4377
4963 8049
4049 8352
18 6630
4960 9966
8353 7984
5484 6179
8980 683
1624 3558
1862 3615
7726 7455
5207 7749
9818 6599
121 6391
5480 7349
879 6972
6959 7956
8315 2373
9032 442
4787 7018
3065 6101
3135 683
385 3030
2762 4787
2770 8812
8114 4840
9533 7382
4970 1110
9347 1742
9180 3551
3390 1094
8240 4161
454 5466
7370 8708
7321 9755
4520 4701
4580 1305
5765 7881
257 2333
9052 8627
5611 4381
6481 5469
2233 7425
990 8492
3328 7103
8079 3812
3473 2273
3808 5232
6256 7687
1714 4995
335 14
4476 672
3904 3664
2061 5453
8590 6071
7589 3022
3718 8577
1454 1513
5781 604
8843 9634
782 1120
2461 5050
8498 9636
8653 2340
9443 4674
6404 3212
2405 7370
8306 4447
9987 2559
9825 3729
7044 805
4065 9974
5620 7718
5929 6258
3917 8800
3614 8762
3089 8123
1540 7686
9021 2069
2126 1367
2838 5279
4471 462
1832 1563
7341 7750
178 8014
393 3509
577 1832
4101 7695
846 1239
6659 5851
4749 8404
5951 8245
4480 9448
3862 4676
58 1839
2943 1373
1227 5
861 3065
1055 3870
1759 539
3191 3286
730 9937
4354 1472
5940 2959
5539 2615
1576 6430
1393 5033
6340 5000
3328 7613
1841 6068
9702 1904
9820 1896
4092 5501
5695 5649
8246 2863
5179 4042
782 691
4857 9626
8823 6523
713 4469
1663 3823
8454 1701
8270 4095
4840 8639
7941 3102
4711 8754
9145 7742
1796 6833
6633 2791
4160 8385
9769 7569
7556 1719
3464 9850
9858 4645
2581 1626
4057 4702
9103 6927
2074 5501
5416 3968
9277 7753
1441 2296
8679 1122
8294 4960
381 1757
5715 4385
7832 3064
5593 5856
6109 6941
6446 9973
563 4780
2321 9003
619 888
920 62
3284 1880
8449 6042
4290 8979
4430 4300
9550 7228
5078 3060
4929 8040
5548 3359
9483 1697
1709 4022
4740 6569
9482 1701
4299 2396
8930 1898
4143 1331
1342 3447
4258 1806
9107 4914
8185 5164
3771 2627
516 372
3169 4279
7931 6708
1005 1997
6740 7938
3820 1701
7163 5560
5215 5872
9097 7730
9181 3708
6005 9825
2208 3315
5165 1971
4578 188
3528 5097
8115 9511
7177 7013
4548 1514
2154 9616
9448 4173
4039 4754
3009 6639
8191 8459
513 437
3376 919
6280 6394
2616 2857
5640 6936
1535 2296
5058 6436
464 1605
1890 5089
2771 4609
3791 3470
4550 6905
1391 4624
6287 3377
1748 431
4337 2596
4562 2714
6540 7206
3297 4022
3026 4956
234 9787
5394 6893
2407 5850
5373 3572
5205 2648
3681 9623
2930 4965
7302 4243
5007 5679
6189 2158
1507 3068
1842 3583
2077 4123
8076 5973
3036 530
9895 9388
3400 5156
6182 3286
3544 2168
7616 6631
813 7238
7402 8099
6833 1297
1220 2903
7906 5646
2343 8830
5757 3524
9058 9867
5173 7674
2957 6141
2231 8215
390 4223
5290 8380
3331 5564
3336 1478
7697 8555
9681 1713
6037 437
83 9297
2095 5708
4581 6994
2281 2451
1783 6641
5998 6228
8766 6675
9160 5811
1722 6136
3955 3041
6671 8657
5322 4898
2402 2862
8341 9091
2379 9560
9535 6856
1707 5720
1445 5720
596 6677
393 1659
4394 7144
3347 3427
3773 1549
7545 832
2255 8046
5515 2687
9997 9236
8632 3961
7615 5334
9824 4060
3401 6120
8074 5619
6895 26
5478 3680
1403 5039
5130 2179
9572 5458
2638 9746
2705 4552
2573 5830
6 5144
2879 6839
890 734
7065 558
530 6578
7276 2956
7348 8494
4880 5801
1429 1685
645 5252
4408 100
8955 3624
7325 8483
7105 4013
1731 3420
862 2742
223 769
7426 2792
185 7832
126 8420
1569 4940
9232 7702
192 1348
4271 4538
6535 4957
6483 8931
9955 3078
4576 8786
9201 7305
4616 3260
2895 7964
3878 4957
3718 9694
2591 4291
9846 3027
3992 3258
7608 4997
4215 822
6613 1699
897 6361
6502 4083
2521 3185
2767 2423
7302 4661
1213 3857
2338 2017
4550 8625
4677 2021
9675 5252
2263 5226
105 5499
6080 6726
3148 7605
3356 5504
9316 5211
876 3282
4228 8358
4677 48
3469 7488
7645 3966
3782 3518
9511 9708
2586 230
5872 1835
348 6630
4561 6144
3594 2191
6308 7734
9460 6629
714 4923
9721 2240
5483 4884
7207 5847
964 7020
1544 5380
4026 9405
4073 849
9999 9768
9663 9819
9575 1075
5282 2800
3036 9605
7346 6312
3953 4581
2862 9452
7022 1721
2734 6005
7512 1585
1047 3877
6291 8332
5040 3388
7964 9973
7272 4232
3670 8026
1199 8068
506 1688
6122 1033
9546 1030
9224 2965
1095 2618
9661 8042
3164 3966
9647 3714
617 2212
5760 8012
4859 1609
3334 2283
4607 8972
518 112
8996 5450
2190 8203
992 6532
5438 390
7645 2490
1687 3832
7595 8496
9166 2047
7694 5240
975 8177
3947 2910
5599 321
9274 718
3938 5830
9077 1601
2399 7801
2757 1093
9904 2053
3974 6426
2838 3418
6441 263
9725 5959
4539 6878
6242 9179
4910 9494
4397 7697
4294 365
360 5635
3092 975
7608 2971
1051 5031
8963 7972
3037 4651
513 3406
7794 5312
1949 5363
89 1092
6430 9472
7025 4168
3014 624
569 3836
3929 1943
7552 6085
7839 3900
2177 4035
8007 8816
9856 8239
3545 7322
9578 7965
7906 2762
6410 1663
2470 3735
9413 6851
2074 8875
4938 8535
9890 4416
9263 5752
1169 2245
4878 1701
7934 3103
9711 1152
5283 703
2247 3447
8128 5039
5483 764
4439 9588
8419 4
814 1909
6135 6288
9707 3783
8836 9677
4395 9023
9051 4152
7163 6235
3576 4904
946 3381
5815 6727
1265 5578
9842 7512
6036 3397
8861 2163
837 8699
1733 8019
1686 5463
4818 3891
5317 3309
7766 7386
2401 6384
4 188
1186 3083
4613 2146
343 3037
885 3091
2984 3177
9680 0
7456 2097
5338 5704
7647 7586
7212 9321
2428 9725
7203 641
9370 5557
3891 5436
4837 7529
5555 346
7337 1745
4936 4475
6682 4150
389 9703
2127 4377
592 8305
9962 5674
243 1506
280 5222
9361 502
1788 8186
8757 3892
414 1896
2669 2724
1889 2761
9874 1373
4705 3922
1830 8075
4008 8720
831 7782
4305 541
1908 4733
6159 8444
1491 2873
1511 2064
7964 1115
3803 3942
120 8336
3983 2368
3530 3029
9698 8098
5960 2168
3628 7509
9763 1784
8595 2759
1346 805
9566 6868
2257 4863
543 6345
7060 7855
7811 1078
1816 6554
8700 193
6586 9140
9583 8390
1104 6762
7148 5874
4011 5301
7100 8048
3237 5651
3617 4889
5902 7545
7101 7869
1578 508
7720 8557
9955 6289
3288 1536
896 8287
6568 9742
7743 7494
9598 538
4162 9913
2937 8368
3563 6844
6574 4568
9115 3050
1057 3896
7695 7682
9130 2355
213 4968
7711 5411
5211 7152
2044 8622
9539 4401
1199 4137
7744 5709
2491 7621
4036 4152
4201 284
7322 1061
3346 443
4495 1404
1524 7990
2013 8383
2245 7457
6008 90
7239 4796
5124 7920
130 1132
6458 6153
3435 2484
2806 5925
426 83
3676 8144
2738 9847
7008 8404
3934 7658
164 7172
6799 4739
5382 9854
6576 7848
2034 992
9342 9188
5290 1634
257 7750
5704 227
642 1441
6825 2846
3648 6109
7784 1468
5138 2704
6946 5287
2780 637
8245 7949
19 8753
7247 5171
3836 8496
2676 2916
6463 6523
2710 5947
2175 8821
4162 2250
1123 788
2156 7495
1791 6845
5743 6547
9969 402
4820 385
4460 6266
3037 9351
6063 6121
9748 5479
7733 7787
3909 4298
4571 7386
8339 6779
1828 8955
3656 3559
8415 2344
3344 1752
5214 8431
7745 563
6810 6176
1875 2772
3005 7655
5759 4969
4062 6354
7314 232
4892 8272
6406 4258
5155 6925
3749 7062
7674 1154
5354 3055
3764 365
3719 5318
3174 8938
1680 8400
6650 5907
8960 4227
6077 797
1926 7530
6203 6800
1152 2925
3548 9879
2016 6642
8907 2243
7837 9388
8821 5586
6612 5399
4335 5950
4848 5303
4586 836
9120 9302
4989 3212
7585 4333
1817 9034
7901 9265
4513 4680
8886 8842
6350 3305
6200 2314
9255 9611
5485 7701
5791 2789
5917 390
9027 1503
6057 1861
7483 1410
4974 7347
8845 3189
3198 5699
4106 3595
6771 2372
803 1040
5508 5187
2798 2732
6199 345
9564 9147
1818 9356
7319 5745
598 5896
262 6701
5796 5711
2642 9924
706 6863
6795 3237
5967 8747
5043 1717
7878 3120
3855 1488
8213 8065
8414 2871
406 7244
1386 4757
6910 864
6619 917
2351 2406
9969 7115
4927 9476
5858 2401
9970 5539
1698 7853
5880 8283
3874 5944
3223 6657
5177 6096
9508 9507
6650 9103
518 1284
2355 8015
4095 1338
3969 5134
1135 7524
5832 7609
8837 3044
881 1457
4857 1782
2152 5821
5099 7731
3313 1423
4469 1148
5725 9590
8854 99
5393 7804
4722 3435
3448 5152
67 1775
9506 8777
609 3226
77 3365
4653 5146
3654 948
80 4538
2067 2205
568 3575
644 7505
3427 6503
5131 583
8991 9364
8296 2157
2187 9975
5322 7469
7469 8535
2231 5551
7873 4683
8046 410
4491 2064
2303 1411
7254 9751
1720 4739
6678 2650
8386 8035
3317 9273
70 3432
3691 9191
8345 3981
4682 440
1799 1477
135 6715
9324 1794
1843 500
4740 3047
3967 9476
8389 7178
6359 281
3306 9501
3961 47
2886 8511
5699 9926
4906 3874
9214 2457
3031 6650
2657 1484
3933 5704
3293 2863
6619 1911
8440 9866
1377 9085
7982 6507
6210 171
4769 5158
5994 5205
11 4504
5461 9293
4415 6767
9853 8284
2026 6619
9232 1521
2808 8311
9592 1046
5142 3016
5221 1094
9290 9231
587 6663
7779 4885
6480 8760
6224 2418
1810 8512
38 2176
6689 653
954 7372
3310 1607
9785 7358
1653 5545
3633 2233
9049 1022
9781 7323
3284 2493
9034 9789
5976 6099
527 1912
6633 1902
9766 2999
9675 3406
3993 7090
3404 6732
8405 7982
9437 2945
466 3366
2842 283
3364 8501
8376 1279
1165 2815
6041 6349
7157 7658
853 2728
1976 6440
8938 1921
552 521
5881 590
5421 3315
8008 6602
929 9260
7516 7079
8665 3610
3722 3203
6007 2513
9181 6536
678 350
8599 7349
1417 6287
5718 5914
1822 5289
8362 1370
8143 2760
5737 7361
727 8213
5849 7013
9199 6647
3029 9116
7551 5184
8239 6790
7704 6217
4665 6970
2861 7704
397 6473
8389 5502
8575 3706
2947 2294
1854 2891
1900 4993
5499 1130
7950 2836
7819 8503
4762 3789
6914 8168
1955 1896
2626 374
4964 2957
9098 3868
384 653
8621 3650
3258 2950
4610 106
7834 5751
3638 8540
4689 6522
9961 422
2664 7553
4589 3551
8857 7431
6339 9347
2106 9625
3777 3114
1883 9324
1958 8451
4487 7596
1954 6989
1109 2467
7069 9344
6257 9429
3550 8706
5079 4209
9268 5810
8928 8371
5834 6973
5271 9748
4533 6372
2031 8296
4259 5086
5097 8171
7666 824
4446 9113
8498 1620
1710 5437
6961 2469
2831 8322
427 6876
4525 4158
2708 6939
6610 670
3478 441
2628 2745
7073 7490
9292 4231
8428 3631
8515 6754
4049 3532
9466 8669
7322 1899
8481 5830
860 4233
7343 1729
2003 7365
8589 1347
1653 5037
1129 7511
5112 5028
8835 2921
2135 6393
741 3844
6989 3954
5595 422
7871 141
9565 4608
7495 1961
7746 7730
7518 7048
4752 9128
979 760
4043 4238
7592 2015
8552 6783
2810 5498
2877 3044
1576 8105
804 8757
95 1881
1223 5829
7124 9093
5408 3295
9447 5625
1333 483
8402 8663
4490 4152
8739 3818
9384 4788
2873 9179
4853 9839
6302 246
9987 8464
7220 4721
8273 5516
6470 3176
9443 6270
3653 6257
3309 6218
8935 4817
4647 3439
2871 4006
4736 2730
3254 7679
4450 6308
1542 3343
3941 5384
5191 6922
4701 8226
8562 7581
1308 9713
6239 1371
6870 2635
5986 3140
5893 2949
7439 7481
5281 9969
4333 6029
4017 5500
6406 437
2526 9619
7952 2939
2573 6698
9249 4589
99 5008
9352 1038
3939 3715
4761 2103
9823 4595
9289 9320
1295 7478
3783 2421
8585 4545
7007 4868
1347 4635
7038 101
9526 7849
760 4178
4712 9542
7491 8192
9817 3073
5787 1694
1785 2888
8089 4620
2629 2755
485 977
4037 6636
1514 8437
1192 3727
4071 2958
1660 4182
1880 1970
1396 5304
7723 6461
8409 9418
3051 5615
8449 9719
8801 3233
2510 1477
5441 4574
3755 4805
6815 4606
9042 33
5695 145
2353 9262
1926 7697
9013 4176
9214 3937
4367 1104
7904 8441
4666 7816
2121 4940
1695 8969
6955 829
4769 9671
549 843
7133 8042
7099 7640
488 3987
9094 4407
5110 2622
4547 1987
6248 9059
5956 5009
7626 7399
4993 8574
4200 2293
4623 1164
8123 7158
8366 5896
7008 5256
1641 3619
5631 5074
7555 6593
4372 3689
254 1968
5878 8859
5601 8056
6468 3706
7328 4564
1557 6550
1075 4820
4657 788
4323 1437
9887 1144
6940 439
4368 9703
7477 3761
5298 7358
9408 9898
156 6068
2552 8104
136 1171
3102 2091
4832 1822
9544 229
8194 3156
5962 3443
608 873
5141 4499
3112 2176
5742 2393
2086 3995
4577 7086
2299 7257
626 4539
6274 2927
5026 3650
5082 2993
9211 7761
9908 1687
5709 7477
2622 9465
560 7460
2157 2949
8917 9879
7174 6459
3229 8830
2570 1317
6532 5908
5670 2237
730 179
1568 3264
8030 2364
158 6369
8317 8729
6032 5972
6622 590
994 1164
4598 5522
7076 1992
501 2692
492 3397
5082 5342
6422 6837
4030 9158
955 6016
2170 2672
6834 4795
1703 8390
5211 8610
4432 2227
2530 4412
611 7374
8851 6276
6950 1479
9881 1395
4991 915
8294 9068
2107 5706
4575 9567
8980 6282
755 6722
6855 8129
7011 2226
4892 5608
2526 2963
7938 9446
5149 2497
6523 9763
9804 2356
1309 720
1542 6849
9047 6285
2825 8335
760 7079
4483 6729
4525 9584
9194 3716
792 7970
6404 9374
4000 4222
8511 2905
9923 6225
649 687
5783 2732
5483 1982
7728 6552
1532 5851
5061 2747
8419 5423
5646 9035
5326 7367
4944 132
7657 377
2060 2479
8391 7017
894 7442
4151 4404
229 114
9381 1690
377 3395
5545 1116
5604 8112
1223 7738
8847 2170
2374 437
1472 750
5677 5099
9464 2519
4726 5520
3494 5019
72 6034
7971 442
5269 6967
2087 501
4047 3892
7161 3956
5 4933
5233 2476
10 8660
1438 6592
963 1869
6892 4441
1358 3859
1363 3156
8154 1788
5182 9950
6032 1718
5896 2123
7738 9723
9984 8287
6350 9648
3743 3642
7910 3535
8429 8035
4057 8649
6115 2547
6030 4166
3074 487
5670 5580
410 6513
6221 4111
7363 2211
5981 6115
2978 146
5749 4947
2428 4553
3778 9476
8084 9676
3234 8329
2901 3955
3740 8137
2406 7625
2659 5361
4357 4349
4540 5490
3991 2242
9373 6402
3576 9089
2343 8629
6903 7204
4683 2132
3876 5981
5674 5890
4535 3402
9115 8335
608 9614
2951 8111
1754 3403
5487 1755
5574 5844
5199 7889
7787 784
2781 4788
2982 8750
8680 7188
4485 6267
4219 6296
3097 8407
6546 4785
9405 166
8288 5802
9524 9162
2941 8015
8039 79
3244 3623
1970 9541
7238 3965
7253 8969
990 2845
9469 4207
5816 6787
7596 4878
4518 1502
3198 3103
2231 3021
3531 8123
6570 8538
5990 5748
6554 1360
8974 6722
4850 1803
4734 3843
2595 6573
6411 264
5712 2478
6494 7883
7066 3090
1570 5769
4488 2740
3657 2583
1648 2161
3718 1546
7957 6186
1582 1578
4448 2560
2925 7508
4297 5545
1546 3052
202 1327
1711 416
3832 5445
5767 2656
601 9411
2473 8286
9090 1554
335 6178
2024 4380
7731 4395
2774 6534
9797 3752
8123 2906
7575 2283
4692 9699
7134 325
5803 5480
9812 3767
7304 6371
9695 5582
8297 9744
730 1028
3890 5934
2393 5953
2676 2040
7463 6256
4514 1304
2893 4963
7533 8715
8975 8760
7330 6629
4299 8734
9236 9740
4814 3407
380 6176
6753 2080
8901 72
2482 5449
3258 6902
6570 1814
542 697
1397 5412
550 8923
4392 6050
9572 5057
2788 7892
7657 4822
1326 5882
3609 8758
278 2987
4500 6751
9266 62
8844 827
8843 1127
9742 1159
5122 6690
6508 9809
4397 1038
3089 1710
8444 4397
8089 8370
2939 9471
6036 1489
8355 6045
3416 5609
2583 5113
5418 5762
9929 2984
44 8138
9525 6018
8429 6869
7150 6522
6668 8239
3916 3801
5497 9145
1865 4200
122 7159
1851 2050
9299 952
1778 3494
7292 1623
7802 3859
1265 9281
845 6443
2861 610
9961 1717
4479 3806
6324 4241
1198 8180
3865 5569
2963 7158
7734 3028
1117 2593
3376 3540
9983 3812
2925 3375
3573 3825
7215 369
9333 734
5085 704
848 5155
2492 1170
2445 1058
6757 6967
8696 7064
9075 4882
4515 9195
570 2558
6199 2623
9455 8257
4366 212
5971 1978
6774 8489
3128 2377
187 7637
2941 7654
4969 3107
2074 7022
8895 4254
3974 977
7643 5760
5185 9942
677 2374
3717 6690
4924 2704
2038 3928
3661 2624
4026 9138
7795 273
9021 5618
8260 3756
4627 8200
7139 8684
2493 9584
5451 4705
4550 7458
8309 2830
5416 1422
9361 3629
3667 4078
2065 6518
1397 8045
2419 6521
8709 7086
1892 3823
2698 5384
3808 2512
1419 6528
6599 9470
8927 3000
8650 6398
3918 9702
9260 7081
2800 3301
5471 5801
4239 7286
7258 9678
2042 8210
4802 1397
378 7557
5934 6097
1777 1001
2567 2554
4870 5035
7196 1084
8431 4071
5002 9742
6219 580
955 4289
7956 1748
8033 7300
4511 2715
317 8849
4594 1932
733 1328
4351 1945
5731 3098
4947 20
7709 8758
7632 7262
801 2788
6126 4428
9474 7399
5422 4046
3422 9860
8134 1888
8378 2477
2966 7779
5797 1075
8154 490
8432 6133
708 1634
9578 4315
4449 4721
8108 909
3445 3855
7909 7381
4485 8552
7308 3485
7750 154
1308 1935
166 8009
6480 2286
9587 4377
9211 4800
8798 7371
8355 1846
4650 9154
3869 6374
4633 3323
9010 8193
8631 1192
2831 2477
1497 8344
3528 2819
1028 6324
9143 7904
9130 9133
740 6042
4838 8279
9653 7373
450 8131
5641 2897
7003 4905
3976 7883
884 4572
2242 5414
8761 4819
996 5981
3265 2543
4456 10
7046 9718
825 4005
5563 6868
1122 2242
4289 6141
240 2039
1797 839
4195 3473
9226 694
604 1269
7238 7794
4698 5262
7243 3708
7661 3467
3000 3793
9613 847
9826 4109
130 4998
3944 4012
7569 1599
9088 9512
9989 1777
4533 5804
4485 2646
9156 9094
6568 3367
6036 7707
1483 6849
4131 6174
454 6936
1529 1303
1520 3698
3674 9907
2944 8570
8763 7069
5029 4062
9839 8491
1488 7048
4996 9254
3021 2293
5199 3692
2824 9821
1161 8087
9647 8442
3238 6199
4053 9795
4549 1331
4748 2709
8189 5154
9163 1647
7828 1728
598 2231
5853 136
3764 4673
7194 7225
4587 4188
7151 1112
855 5428
1445 4476
242 8877
4929 8274
5114 8670
1115 7166
5222 1558
5793 4528
6589 8111
7031 6012
4161 5490
3037 9955
3713 641
6522 8996
4545 1171
5477 3366
4458 6127
6252 8583
6419 8760
2343 5050
5301 2911
757 789
9661 8716
122 921
3112 8385
5450 617
3696 9345
1564 8587
24 7970
5971 733
1215 3451
1249 8697
8573 7563
1081 3636
4460 1756
604 6451
2125 2625
3045 8452
5292 4501
70 2316
4384 6312
2971 8688
8102 9496
1015 3403
3312 2013
4690 8755
3169 8380
3499 8026
1166 3306
4022 1651
8060 2854
6814 8834
1605 1892
9783 8961
7246 6663
2301 6476
6695 9034
2469 1593
6817 1561
8321 6133
53 524
2095 8478
338 1447
5892 695
9615 6236
1667 9428
1125 2729
6094 5259
5379 8697
7685 2660
3119 520
3005 3158
6078 2403
293 7423
6564 9207
5354 3806
8359 9821
7886 2956
236 1412
4879 214
7522 1218
5066 4507
3552 7060
8496 2592
9824 5770
7309 6708
2436 5872
2802 8181
8336 4976
4728 3320
4014 4502
234 9687
6268 2927
1226 6005
1878 3487
6807 7113
1758 6051
6777 3972
6637 5389
8825 9425
3787 9047
531 6833
7838 7974
2457 4187
5954 6500
5947 7544
3671 9222
1944 4083
8024 9268
6359 4455
7661 7415
4896 9454
6351 7489
8237 9268
9547 8642
9762 8530
488 6439
9409 1767
4304 4560
1796 519
2670 7462
5225 8582
2620 5655
4031 2186
4635 1169
761 37
3828 4981
2685 1556
5829 5700
1417 8191
6618 7846
2423 2458
9274 387
5861 9035
3344 6746
7091 7477
7597 6854
1657 8819
488 3419
6181 5980
9870 4060
3549 3593
8967 8164
9209 5482
4711 359
2879 9167
7412 8363
1954 5376
6723 2139
1795 6551
8846 5551
2789 9624
4594 4096
9167 1442
5094 6368
1945 79
5263 6325
2200 4506
278 5019
6704 4196
3839 2621
4220 9897
3912 7566
5286 2229
5509 9885
404 112
4602 550
722 458
2977 9688
3977 232
3495 8567
721 5831
6292 4265
5793 7550
8739 1358
4236 3731
2546 4338
9970 8279
2956 7656
5041 5858
1111 6403
5476 9950
9278 5958
1722 9674
3812 3561
4376 6343
9072 8189
842 7302
1002 4258
5766 5336
7674 458
466 7661
558 6432
426 7481
4932 3834
9352 7317
7251 4152
1444 1048
4624 2634
6843 8006
5083 2919
6468 4453
387 9889
5460 1859
3877 2592
8081 2552
6651 1541
6414 1076
4841 8647
1408 7029
1005 5858
3329 6291
9896 7659
5928 7454
4137 3054
7182 3513
3130 4132
4921 2870
1202 5096
8653 9894
5500 453
5271 135
3811 7849
4636 3273
8497 2857
7433 6141
1239 6038
6905 4938
3438 7873
563 5876
9118 1046
360 6190
1041 2616
3868 1980
6020 2158
3862 2431
1071 2495
5587 8692
8751 8873
3656 5709
4693 7203
5202 5094
4390 2964
479 7989
9768 4467
1413 919
1126 2552
8748 4788
4381 5332
2830 8003
3143 8463
8000 2121
3111 3448
8451 8594
1624 442
4789 5921
3161 9392
7815 3657
236 367
6932 3606
8243 199
8319 194
9597 3551
4276 44
1190 4428
381 317
3290 8122
2219 1796
3266 6947
4910 976
7403 3433
3243 9070
4853 4764
5197 4308
3641 9345
9694 9997
7891 110
3141 8012
2754 3136
7724 4548
7251 1884
5236 5175
4773 5185
555 6495
5224 7272
3202 8372
614 9061
7078 6544
1161 1057
1363 7836
4627 5252
4535 6417
5237 1505
5673 6236
7933 7179
3819 4934
1085 2122
7329 9630
3757 3238
7313 2711
480 2658
4790 9393
1232 950
6046 4589
2398 5032
243 9740
1047 2072
9354 7565
6890 2133
1766 483
874 8452
7539 8140
1672 4231
7911 1367
4268 1188
3542 4494
9259 3211
5475 3847
2760 2509
1748 3997
617 3548
808 4836
7284 8035
3525 9896
5892 5303
386 6769
9390 5249
176 4192
4763 4405
544 7062
6845 4295
6308 2104
3850 8272
8353 9016
6991 4241
7130 2333
8716 6072
7596 1840
802 9851
870 5259
7255 6650
6835 6064
9188 782
8904 1023
1694 7628
2129 7556
5756 557
6440 1226
6359 69
2883 4231
1180 5313
3549 7475
3069 4623
9886 3685
158 7776
3411 6723
6514 6894
3998 2992
875 3522
4192 4965
7590 587
693 7948
6407 4179
9074 787
8148 3776
8917 5004
1406 1818
3155 3777
5464 1458
7110 9412
2375 2619
5580 5016
3750 4337
8539 7165
4888 2695
4268 9403
7353 364
5024 2970
4336 906
2942 6005
1852 8068
5902 2155
4208 7258
9347 7459
4752 188
4452 2636
1692 3999
5212 5542
1976 1314
827 6217
3746 6796
9 5706
3166 9375
3966 2783
5577 8006
8959 9282
554 1978
3981 1041
6745 5947
4397 7557
3223 6997
3448 5129
335 9114
2703 9590
9393 5201
3085 1290
6080 467
804 6825
1277 7045
2574 8429
6142 8929
60 7081
2405 2470
7360 7280
2278 3183
1861 1848
6028 2936
7822 5806
1005 8693
1822 4485
728 9058
8966 946
9714 5535
5023 9365
8910 7955
938 5606
8264 9012
5881 8901
1300 5958
513 3858
8660 1778
2481 2478
7151 5843
169 2018
4122 5069
9131 6503
8236 2389
5742 5157
5293 5590
9940 8069
7663 1975
1941 4311
1368 1002
5371 1201
548 6336
8354 9147
9560 8198
3584 9715
2326 1385
9008 8890
9904 4975
2748 2017
6475 1372
3075 6347
3274 5510
4181 2013
3320 8595
9715 5978
5422 5717
7373 3690
6478 5992
5954 8961
4688 245
5641 4300
1795 1052
456 5592
536 5292
1411 5263
7496 4147
1992 61
3038 106
6707 7370
5451 3506
7294 3868
5021 7601
1492 7672
5236 8694
544 2500
60 5834
6018 3482
8010 9858
452 3850
949 4656
5166 6770
8595 8646
6728 1255
8933 6692
5974 298
7708 9533
2484 6484
6620 6007
4950 3065
1009 519
2254 8358
6475 4084
2450 4806
8570 8895
5545 4335
4894 1076
8429 5859
7163 1344
3088 3457
2938 8128
463 4264
2319 3131
1116 5546
4956 6276
4379 5706
9250 2746
3338 3753
4749 55
5122 566
459 2280
1820 451
9779 4258
4271 2911
6251 1585
4734 6055
9608 7005
1707 5879
9386 4448
3037 8901
9740 6666
5077 1210
7664 3265
712 4917
9005 676
4593 5419
974 3116
1120 2941
3705 5630
3216 3224
8333 1451
9231 2601
3420 6437
7444 9920
6091 9129
9984 6716
5500 7907
394 1386
4844 7229
1363 430
5812 7620
4921 767
8757 8437
6582 7309
4547 7881
880 1895
4182 5918
5023 6534
6519 8542
3891 6385
5144 1347
8799 8905
7963 4203
9873 3370
9103 4886
453 7577
2983 6129
1460 4698
4942 3468
7 2508
1324 2824
928 3497
2653 9758
9895 8326
9568 5945
9568 3730
1927 1023
7339 9950
5808 1754
9450 4943
5883 1110
6063 8396
9794 7870
1351 1735
3692 2374
3568 1813
8499 8252
216 2106
670 6477
8292 311
2496 254
3063 5734
4026 9201
2885 8293
9243 4626
2557 2600
350 4149
5076 9136
1719 9085
4317 4654
9243 1593
3188 9004
8056 5975
9931 9551
1129 588
1192 119
4227 2630
7497 5193
292 3511
8254 153
43 7910
9306 7368
6806 1525
4020 2458
705 1586
3700 238
6469 7474
7030 7770
9567 2871
2514 3007
2693 3009
4831 5238
1453 9972
5646 2418
3275 1378
9535 9419
715 9713
2800 7686
5572 173
5539 750
3915 4340
7866 1868
156 5935
5709 3009
4747 8519
7068 1070
4151 9922
8967 6989
7768 8099
1315 5032
9797 3925
8839 280
5373 700
9339 2552
6467 1496
9419 6453
4653 1313
681 2127
2014 2939
9147 6933
4746 1477
1702 4101
3302 8970
4222 4217
116 7983
495 7979
3129 9163
3863 3237
4310 8652
8140 2470
3805 4464
9507 4593
4878 4154
2039 1548
466 7170
5287 2632
8683 8761
9746 5814
1180 6927
9553 8802
3913 3071
7901 4682
1237 5596
2291 5044
6502 6404
931 3311
6772 5999
8854 25
7148 4300
3213 6901
5463 7385
908 5663
5242 3481
3428 1578
6597 8519
9073 7360
3171 195
7597 2
1105 6069
5990 7962
8906 4335
6029 9351
6682 8455
2959 1894
4726 3722
1651 4552
3445 4268
6590 6651
1674 1503
3981 8937
7508 9436
2564 5687
2228 5997
5569 856
2893 3647
3966 1351
8141 4774
327 5751
7625 7109
586 2484
837 2066
3983 8057
5657 4244
9230 3361
4284 8170
5790 1326
2915 4173
1647 3224
6787 9019
3998 5453
8731 8386
7360 6558
9911 6216
7681 9353
1497 1307
8678 6281
6498 1840
7294 3696
7785 8363
5920 1045
1847 5742
4247 20
5136 5780
5840 234
9998 1768
3783 2774
98 8519
6182 8750
7560 7090
8323 1865
8080 8294
7560 4057
5287 7238
9244 5069
1343 7619
8056 1413
8994 3093
2418 2696
3277 1868
9836 406
5952 1067
9695 6294
9024 1696
4845 1271
2349 5161
8119 4936
2603 1779
8736 1643
71 3797
6577 6646
8753 765
6315 5333
4843 2901
5791 9470
5533 4516
1023 4257
4118 9263
2294 3666
1020 3693
7885 3183
7147 5203
5137 4408
3568 2070
885 9103
94 1663
4474 3798
5403 5695
6246 9124
2523 6764
7585 1120
4603 421
3554 307
6324 3301
6606 2233
2061 7349
5710 9494
5675 2074
4577 3788
6098 6866
1676 4505
5199 7743
3720 8533
5921 7849
468 547
2135 2171
1570 938
1280 2825
3223 2371
716 9549
931 2829
7326 441
8250 8410
378 5999
8520 1589
3459 8101
3607 2603
6141 402
2186 2351
6184 4421
3621 2659
4472 3697
7507 7440
3247 876
4919 3635
5279 9805
7430 8095
5766 2982
814 6808
4358 8671
3028 465
6761 9434
2327 5750
1203 9249
9240 5311
9640 4198
2847 5493
9824 6759
7296 9714
2027 6922
8572 1361
2587 6212
4840 8428
5406 6624
9349 4786
7728 9428
2217 4171
1158 3332
9018 7840
3233 28
4277 5662
5799 2246
9692 2802
3309 3177
1182 9445
9014 608
1999 807
9968 6763
4767 988
9016 9285
5823 9490
5162 3594
5422 4716
8646 7163
5256 9150
3299 3226
9601 4848
1256 7650
1824 523
4422 293
5504 4004
9429 2526
1583 2568
4085 378
2654 1394
881 8648
9273 6335
2241 5133
840 1413
2929 811
470 3600
3613 5119
4499 2997
2322 9673
6624 3072
694 2261
4271 7950
1878 5202
2955 8798
6050 2433
7504 1586
9250 2308
9700 9418
5383 9554
3413 456
665 1681
1334 3237
8483 1577
8321 761
5445 9385
6883 9725
8952 1274
8520 597
2571 1988
7075 6633
9599 4239
8031 6943
8441 6023
315 2749
4634 9075
2129 3871
3358 4303
3708 2615
6681 4477
765 9980
4788 3247
705 6933
1954 6849
5022 2367
715 4911
773 6350
3011 4730
830 2804
7049 9087
6375 7187
3465 5839
1956 4535
9115 8996
7209 4609
8711 541
7886 9732
8445 799
8295 4009
9058 7415
5906 5810
1494 6877
7283 6931
7582 9442
6975 362
8473 7435
26 8728
2097 7032
2725 1905
2483 5755
5556 8787
5640 9195
99 8425
9345 3055
9905 6361
5722 4245
8430 1443
1253 6239
4551 4434
7185 1646
3181 27
4794 1159
4268 5021
3903 6320
5019 9090
6327 1773
7727 8237
48 5238
3344 8019
5935 8567
8873 6685
1330 312
4034 7419
6680 3473
9444 3131
5022 7186
7081 7136
6176 6047
9956 4740
7724 7013
9062 6449
2364 2383
6216 8563
5569 6766
7939 3905
5871 2903
5843 9220
8164 6238
2254 1464
1187 2491
6355 6399
8474 3690
9805 4399
2467 1693
4139 3698
1078 6907
1334 8553
8828 9786
256 9687
9000 215
3389 2382
147 8697
3260 696
6672 3194
8947 473
3799 4653
5977 6429
5756 6726
568 5586
1858 7260
1643 8089
9653 2742
4028 9966
5998 5212
1041 1753
5849 9519
8743 5904
6377 3030
4123 1572
5274 953
3505 2691
2902 8814
9758 9561
2265 794
3705 1998
8194 9001
1797 9027
8045 4936
3082 9805
9273 7129
5478 6852
5247 8380
6372 4325
9424 6251
1038 2636
9914 5886
924 1302
2202 4888
4453 6011
7391 1685
6071 9473
2074 394
6626 9695
4097 6120
5795 7848
3833 826
503 2598
2637 5122
2764 2948
7573 1288
2751 1437
6695 2712
4520 5031
