3686 3017
1667 8772
4535 1102
1406 4167
2495 5653
3865 5728
7078 8642
5595 5679
1587 3443
1016 8191
9688 3718
2929 795
3018 8857
5841 9630
8585 3465
814 621
906 1518
9912 9060
6217 2180
6346 2065
5388 2203
1078 816
2361 2036
5875 6119
4450 9513
2548 2384
278 7147
1727 8409
5623 9281
1005 1087
1430 6752
29 7373
8285 1753
969 3016
7361 2936
6780 3866
8916 4783
2873 7140
4130 4040
6626 2999
0 9902
3762 2710
7575 3813
5596 7188
2051 5109
4299 4491
1479 2313
3789 2272
9170 3435
8078 604
3461 9655
9165 1263
1497 3377
2069 6083
3908 5801
6659 8028
2882 4075
9830 6110
3633 4123
7324 5520
6859 6503
9500 1387
5237 5417
7092 5115
3022 9329
3846 7650
2634 9342
8845 2871
5994 3171
5175 7418
3911 5802
2024 2099
6598 6678
8924 7081
6041 7309
7396 3796
9104 2429
6480 4089
2830 4679
4871 7820
1471 4649
8508 6860
5723 7282
9111 4148
7065 2667
7893 9491
4680 5732
9906 5462
1140 9510
6205 3624
4443 9050
8631 3040
1330 859
9381 2058
3342 7073
4698 9843
4810 221
902 2273
3806 7711
6916 9975
2285 6680
4247 5495
1067 1406
22 4694
3864 6489
3514 1806
1517 824
9359 9089
711 184
9789 9338
3756 274
2651 1711
5448 2346
5137 7674
331 8310
9373 6399
2268 872
9556 8159
3133 9554
4770 7718
4092 7273
9264 7233
8093 2160
7804 2057
8123 3360
8474 2098
2071 4402
1850 4254
8618 9727
8936 6995
2054 8779
6335 1338
9680 112
4124 2642
510 2261
748 8567
2435 2320
1732 6104
8179 4172
6428 9769
5522 4981
1768 1331
2574 3161
5182 5434
3428 8164
2191 0
7856 7557
683 2062
7740 4996
9895 8379
3549 7910
9011 4680
7375 9459
5106 7811
7677 784
5536 7117
7851 4073
6074 7942
4258 1670
7363 4493
4680 4288
6022 1125
862 8848
5625 7832
5967 9420
4867 8562
3145 79
6771 2411
312 9064
7077 617
4531 7072
5082 1006
3458 6582
19 6443
8900 3764
2225 1417
3294 7889
1776 4541
2524 1811
8223 7332
447 1502
2489 3040
3039 6454
4944 5781
9080 3834
2277 9029
7886 8222
9461 1752
2326 1697
3565 1855
2565 419
6351 8726
931 9994
5105 8070
9877 5705
5599 5204
3808 6137
2206 504
1765 7681
6295 3577
5130 4963
194 2390
3078 9595
6734 3386
5833 9019
9280 6919
7394 561
7794 6767
8379 8360
5199 3643
1093 6735
9618 5459
6274 4587
5937 1793
3851 4907
8346 9095
814 6533
5564 4558
8118 4816
5399 6733
2374 2518
5534 5191
4899 9403
3046 76
8772 9706
9135 8873
5345 1374
3143 8734
8060 1549
4851 2290
9869 4685
7199 1122
7441 79
7471 6932
3940 6948
388 7732
1884 3315
2558 2356
3168 4491
3486 5164
3839 6514
2820 217
1007 9570
619 1989
9942 1111
55 9742
3430 5259
9476 6565
5868 5476
1389 8570
9968 6511
5432 4784
707 7709
5288 5246
8897 5707
8457 5390
5187 5227
8370 9186
8168 7102
5394 1486
7628 8140
8070 4064
948 2578
8362 1203
6035 9103
6592 4581
5467 1839
9713 5295
9933 4413
4740 5711
7733 7551
3067 7444
8122 4632
4897 5914
1519 309
3905 2631
9728 6753
2482 347
5609 8887
6321 2024
5349 7737
5575 6777
8259 8258
5132 6198
8950 6040
5195 9921
8367 5994
5503 5180
1067 5535
4139 3751
2961 9219
4440 5646
9156 21
8415 3312
9416 1149
956 3672
2479 2668
4064 7210
4340 3758
5360 3949
9712 8219
3098 876
5087 9807
3369 1330
3922 7009
7598 5245
91 2340
2244 3071
740 125
5075 1722
6859 9637
7836 8685
6442 565
7773 4962
2650 8143
3999 2148
3815 5445
726 1175
4399 2774
9900 2105
6536 9892
7170 6008
8928 3150
4088 1695
6775 7949
370 8822
7722 7927
466 9531
1379 8091
9507 8976
5666 9379
2597 7876
852 7244
8683 2792
7616 3429
9990 4626
9755 8781
7785 8085
760 4793
1266 2184
4230 6981
90 1974
6537 4719
4083 7074
1818 3163
4216 2081
4135 2245
1940 1059
947 6838
9506 8229
3448 2910
6221 1360
7156 5290
7293 1314
3775 6023
3205 9833
4870 3400
3073 1797
7857 2466
6900 4793
228 2424
3406 8538
1400 3786
2043 1946
8863 8509
7556 8243
4343 4521
5902 3830
144 3193
7966 4700
943 4886
9861 1847
5257 7332
2330 7512
8602 7287
5508 6923
9452 8598
2430 1430
3260 4669
2599 2937
612 4889
5882 3066
1597 3145
8586 3519
3113 961
5034 1791
6186 5817
6517 4763
7118 5132
2379 1743
8194 8113
2742 7671
8500 1712
2784 2075
356 7811
9650 1286
5544 9818
7688 1681
9490 8970
5811 7876
8439 6177
4858 4575
4872 7884
7096 8468
2922 9336
6435 1687
8641 7232
7513 9934
3341 6296
105 9384
5291 490
6933 1136
1071 1116
2484 4280
5507 9666
1823 580
9544 6205
4113 6817
3378 9584
3426 2979
8782 8506
8769 6977
5025 4683
9596 101
8746 1740
1871 9656
1083 2806
5865 6233
4913 6204
4297 4651
5550 7399
6257 3072
5780 7614
2093 2376
8661 9658
9894 7634
1641 2423
3971 5002
1386 6065
6651 9411
6060 6292
6208 8832
1124 848
2036 5926
1822 2201
2012 1953
5852 5377
5767 5428
6372 4357
9025 4728
7018 8889
8372 9514
1943 5883
8810 3580
5990 2714
1407 8240
4049 1520
809 5252
3014 6170
3366 9447
7541 5533
9858 5204
5644 4004
5974 6777
161 5063
3481 1300
6433 4173
9367 4167
5499 2966
812 423
5063 8851
4815 1040
9205 8445
3556 1061
5413 8048
5774 7789
1618 2002
3474 7551
8605 2406
729 3808
3962 9858
1351 3226
9872 7987
2021 4198
6366 8432
2149 7663
4362 7433
4979 5177
2301 7788
5277 4471
7190 3244
4554 6983
2006 1054
2942 3628
1933 8398
4224 7751
666 7283
6121 6418
4592 7787
2520 646
