9524 5133
3560 806
8221 5017
1911 1185
6309 7408
7164 7495
5363 8972
8109 3482
7672 2974
3554 2327
9351 7065
5853 3341
2539 9915
5097 8947
849 3077
6564 7801
2304 8053
2273 7153
9042 1309
7352 6257
2718 3357
885 5376
1182 7716
1612 219
7433 8609
5960 5403
188 9725
2405 8891
2411 1466
5513 3259
4989 4067
3943 9178
9192 4538
4690 8951
9062 2622
9738 8103
8770 9616
1098 1799
7174 2602
1423 8658
3288 8577
7939 5532
934 384
3447 2828
3952 6378
4972 5379
1830 9179
8370 3274
471 2963
739 2149
6473 6450
3282 6916
3181 3724
5423 2398
3508 4366
9220 3822
7668 7135
3140 5547
411 4036
3603 7254
898 5143
6864 534
206 2947
8733 4633
9618 3715
6049 3210
408 2255
4515 2825
169 423
7247 6696
3809 1235
8028 8740
2392 8407
4234 9344
1054 1481
5497 7190
1960 4023
817 2566
9983 3583
734 1238
582 9335
5471 8059
8088 3641
2246 481
2705 3646
7782 8580
5235 8614
7679 4125
481 1075
2333 1379
143 7343
4171 4588
2280 3457
6770 9256
4643 7701
169 8420
6924 3334
8511 9890
9011 6164
2440 5409
617 4095
5535 8209
9016 8601
1813 6089
5828 7815
571 946
5945 9303
1259 4590
7226 373
8303 3560
3427 5944
765 2653
703 7108
4792 4094
843 852
1222 8100
5416 282
7913 6147
2574 133
8545 734
2532 1219
5654 5672
8335 4555
924 5800
3555 1793
1520 9236
8496 7141
5253 8909
7403 5096
6800 1419
4456 1175
7568 4000
9428 1217
538 7045
4000 6740
5943 5038
6859 9830
3826 7270
364 4384
2244 3776
8464 7562
724 6533
3482 8885
2883 9114
2927 8254
1270 1203
136 2329
8397 9238
5739 6793
4500 6680
2214 3231
319 818
3352 9723
5871 2137
6398 2050
4940 6152
6533 2494
6034 9828
8058 7925
2310 181
2237 5215
9804 1575
9887 8672
3722 7967
4519 8266
8921 1663
7395 1466
5301 5250
255 8413
4888 1423
4002 5769
7087 7231
8272 6726
7365 9530
5848 1986
5012 6189
1708 8594
7263 213
417 9099
6801 5808
1592 4599
9217 2169
8323 1654
8550 2361
9043 3444
5406 3735
8097 533
7856 5574
3898 8690
5042 11
6439 3325
8905 4745
3582 9469
8563 3333
8245 9421
8935 7424
3947 2437
5404 4277
7474 3662
9511 1558
7437 1794
237 5227
2920 4528
8 8531
5522 3514
3082 1176
7085 9731
9870 7530
7113 7834
4264 1685
8979 3414
2429 8124
8847 1537
3600 9378
988 9682
8844 4110
5240 8114
4646 3681
7953 6373
9118 1878
7891 9287
8045 9125
4106 9603
1483 5972
3728 9410
1063 3323
6035 4952
9668 337
5073 6270
1257 8634
4494 9443
519 37
6272 3314
8899 4441
5310 5953
2869 16
5294 3650
9663 5209
768 8380
3614 1143
9149 2364
5975 5952
4535 5422
8761 9943
4959 5313
5727 7427
8642 9595
3306 2222
7752 9626
8238 7552
9669 8262
6351 484
6051 6041
5018 1310
7279 7493
4713 3316
1693 9595
7436 368
8530 7351
8329 9387
4909 2733
9054 136
1201 5615
5858 6985
7677 5705
5409 2134
7189 1677
6165 5415
5387 3046
9753 2873
3394 3615
7869 9914
2250 3474
1549 2789
5935 9010
7715 5673
9442 2370
3813 813
2266 1868
2287 1433
3925 1966
8290 1587
2891 4827
187 6882
6445 5163
1377 2053
5588 4725
9651 1662
4211 5715
853 1211
4528 147
8239 2691
3730 4215
9264 3634
2374 1442
7108 7462
2035 1100
1788 5253
5803 2052
6645 4582
4228 1715
709 8387
2183 8272
9365 4058
2540 6187
4034 6545
7933 3779
5789 3294
1291 5490
965 6408
3914 8452
7274 3688
9713 3721
5902 7902
4875 1256
4983 4087
7503 7303
6685 2170
1516 3487
3390 3891
4589 6430
4138 7397
9791 2993
1026 7433
10 3667
5172 5298
7296 3330
5380 2843
1223 8886
1087 9352
7753 4090
9936 6223
3861 2047
9796 7924
2874 1224
8532 2534
4466 2642
972 529
4521 2596
7422 3279
9159 816
3682 8024
2871 526
8264 3878
2682 2734
2656 5333
5392 2327
4519 7623
3486 5534
3289 2863
6703 6612
6814 3154
4445 5202
2353 2006
6274 1730
2792 3643
9608 4296
8705 4132
4784 305
5390 3669
507 9693
4050 7427
914 8229
8230 5187
4209 7838
8872 4901
5957 7010
4389 989
4472 6774
271 7481
8906 6229
7143 3459
3599 7514
5293 9608
553 5491
1445 5115
8721 2238
408 6677
5791 463
9312 3353
8495 7542
8264 9107
1692 2776
8080 8788
6697 5485
8106 5628
8549 7119
5430 4886
8941 1505
2447 5540
8134 7941
8554 9430
105 6141
9912 5586
7480 2065
5155 9809
5049 3092
1642 3314
6608 5528
3416 5294
823 4556
757 8406
932 8398
5057 1393
8070 6738
8444 4859
5119 9190
8554 7601
6818 1676
3726 4552
5180 6823
766 3401
6282 416
8482 2895
1556 6104
1832 4876
8250 931
1877 3962
5379 1268
1331 8093
4036 2476
3809 2205
6680 6334
3103 8315
4064 3895
5256 1300
5513 5679
6456 2770
2917 985
8776 3480
1398 8951
3757 5806
3336 71
968 8162
4474 7289
1845 8215
5846 8853
8038 1510
9510 5290
796 4272
5555 6327
6686 6206
8757 5983
3928 1370
5773 655
465 7070
8828 1671
3260 2021
4580 1259
9266 7769
1917 9511
2888 8021
3109 5872
3325 1713
5368 6981
160 7830
4495 4054
6174 7755
9561 7011
9216 4542
1954 7829
2593 762
6481 6865
4316 7727
4187 6948
5079 1095
695 7895
7104 8426
1144 942
6580 9323
1243 6397
7445 8072
4462 1648
4365 7902
5857 5837
6594 5560
5211 6229
623 1166
6307 4981
567 1689
9198 9839
9031 1458
9115 5402
6096 6878
947 3496
8566 4247
2464 6619
5235 6689
9528 3841
2634 6365
2609 1762
6788 213
2555 8305
8399 6461
435 3967
3028 8247
1426 7807
5808 2166
2534 6134
6884 3978
