7740 2996
6012 5864
2893 6755
7590 7276
1082 1312
5582 5578
1904 6542
9786 168
2375 7021
973 2344
4618 1904
3383 5428
2546 3659
280 3972
6691 140
4449 1704
1267 8150
2955 3287
3351 5111
2432 2199
5322 1979
6214 1109
4784 1419
4578 2
9319 2018
9901 1062
7981 3858
4688 9435
9908 5122
5880 3155
31 2979
6460 2329
2432 9383
8389 363
8090 4905
2533 6564
5898 8950
1849 782
5478 5740
273 1703
6738 7642
5004 8215
2477 2346
5102 3265
348 4348
8109 3719
359 9080
5381 8458
8718 9870
8007 1227
2923 9989
316 7281
3244 2338
7139 6939
8726 8809
1629 9284
8574 6326
9795 1286
4490 1461
9956 4129
5009 4915
9401 6588
3718 801
5127 8690
377 578
4958 3121
3888 7661
662 8560
9816 9612
260 9581
4719 9395
2029 7434
738 7759
5963 2896
9786 4174
8289 3299
1522 1815
689 5032
5198 7132
2692 5895
3948 9633
5109 7877
6179 579
1340 2854
6323 8437
6369 8324
2944 9252
9370 2440
5538 4451
679 1158
3429 5254
5730 6378
3323 5910
3223 9835
9922 7877
24 9705
8361 5013
2977 2896
446 6343
2501 6570
776 318
7146 2843
5795 5131
889 4545
5951 8435
3907 1225
2756 8544
7443 549
8410 4999
726 8459
2876 5976
2760 23
4092 7790
5971 801
6435 5860
9300 3679
4583 5803
2882 5745
570 4782
1054 2918
9200 950
6533 8399
6367 3519
5321 4856
7364 9486
2519 2723
2135 3353
3317 9366
4128 2244
402 9776
6121 9506
5422 4126
625 5095
2621 330
9155 1584
3650 8474
5908 996
9805 7453
3869 3813
2783 4449
7774 313
6069 2252
3088 7138
5366 1732
7538 5186
6871 5509
3154 8413
3615 9046
2745 6017
9249 1587
8251 8343
1639 6415
824 7505
6914 9146
1449 2099
4936 8285
3822 838
5697 8764
639 7752
1861 1387
4742 6204
6034 3965
4438 7388
2459 5381
165 2328
9298 9584
596 6972
4887 9587
3223 8108
2841 2584
8179 3776
6131 2362
3807 5446
7399 5498
7324 3518
8200 3161
4893 5811
613 9959
3204 6535
4014 909
68 7108
2404 9102
1092 3671
5757 6293
495 6408
1234 6729
5248 3801
4881 6506
6927 8652
9719 1773
783 9044
6412 887
6153 883
3955 9324
197 2805
7789 8396
3362 2152
5020 4976
6387 6446
9204 6004
4676 327
2776 8434
1482 5923
9845 9316
8002 5921
8292 754
1075 5913
1495 5462
9576 8877
4725 5817
3845 1594
3254 604
2414 9295
5035 1720
2079 6690
15 5551
8128 2753
6645 3713
6420 1487
3278 7508
3995 3896
584 9445
3448 8849
5138 7824
3685 283
4504 2034
9451 8765
6451 4732
9595 5740
2517 459
807 7814
8125 4046
1786 1728
3964 5076
8123 3317
8967 8242
9048 7193
4047 7191
8001 8562
1676 9022
9672 3610
1261 6476
406 7502
3400 429
5444 9485
8415 8134
9692 2797
8075 5096
8902 9978
1936 9615
3994 8379
3214 2773
6306 4494
3671 8467
8584 381
3730 5398
5238 2685
7186 2319
9540 5017
9136 4259
5122 5655
8270 8281
9015 2931
1634 6270
8441 3836
3046 4096
8657 2832
9392 1224
3837 4473
2133 2921
7437 3882
7371 7729
2699 6370
5861 1105
1151 2887
3941 3492
6119 6086
5548 7802
7924 716
2035 4623
59 6850
8053 5830
3490 6212
5135 6455
5000 9537
6109 8247
6925 291
5425 790
3390 3748
4608 3420
1120 8133
9378 1549
1191 3556
5301 7179
505 1459
1234 3783
6657 5199
6669 1390
5144 9941
1922 4049
652 9053
5839 4059
5245 706
701 1864
3699 3810
5495 9219
5370 1649
1406 2708
5541 9097
183 6395
359 7622
3820 8822
4423 6003
1217 315
3882 6411
4626 9062
8448 698
3626 1646
6443 9844
1697 4335
4681 5745
3042 9597
2571 2751
2591 7684
1070 7992
2061 9608
4962 3390
29 7882
5077 8957
1054 9045
6523 140
1952 1155
599 7872
1578 9096
1295 6938
7972 2579
3708 3248
218 5776
9328 6224
7892 1634
6393 2784
3622 1783
7064 8056
9366 374
8579 4433
4233 6906
8631 4309
3721 4992
2753 3917
3273 3831
2821 1855
1385 6570
2481 4407
853 1843
6059 5378
1475 9334
9520 6151
6759 4795
9398 3434
7908 3977
2088 5095
767 1776
2809 8400
2470 3192
1090 1819
2777 1143
8117 9587
8419 2072
9292 923
3390 1504
5399 2438
1166 6481
6309 533
1471 8923
7397 2063
2437 8240
2562 7606
5407 9886
8334 6021
3483 1826
4039 8688
6436 9371
9938 3379
7020 3110
740 4962
6066 896
6012 4897
7945 997
8662 4924
7004 3668
3778 5269
7641 9738
3871 213
7296 3068
6554 4142
3538 8396
7736 3074
3591 3075
1422 6182
2031 3257
9345 7601
3297 7552
605 9999
8169 5283
3211 5926
1087 2521
1569 8470
6065 4727
6175 4370
9433 3741
4638 5875
3967 9063
4302 9443
6149 525
5322 2315
3798 5983
8467 2739
9407 3477
6387 8017
8563 8881
5451 7151
3587 4524
6021 8881
3730 8179
3475 5613
9179 5861
6103 1424
1850 2804
1631 6561
8900 3398
3829 5287
2458 6348
5197 6862
4303 6356
1242 7279
5010 485
7018 3696
9504 3652
6546 4393
2702 7998
2176 84
835 2152
331 9968
4881 9891
2225 9533
7533 5580
6439 1773
9280 8732
2146 5960
1381 3762
2575 8846
6550 5810
1832 6407
2457 8454
31 3781
9839 9644
7692 4148
8871 2809
6887 2304
595 8469
3558 524
8852 2167
2729 9007
862 447
1219 3592
1097 1253
6208 578
5376 9334
2791 207
1310 570
5876 8583
9680 4753
7510 4786
8740 4042
7083 2751
114 7755
1049 7960
1775 791
7968 273
7757 3845
9135 7060
3382 7850
2455 5492
8849 2529
6406 8496
2726 8331
1804 5512
9035 8500
1355 3699
6430 2949
6502 2983
6305 1395
2206 3870
9615 202
4390 3088
2158 5389
6490 4159
8455 4919
6269 636
7690 6693
