9004 835
6240 9505
5538 9099
1712 9872
8690 7329
3738 7350
4386 4923
6305 451
2462 1302
3546 7674
5357 8129
132 5255
9183 5626
6074 3565
6489 6166
5787 3252
2216 4413
4681 6045
710 7721
9637 2934
8971 7710
160 87
9414 5009
1108 9060
4772 2892
40 454
1754 2136
9357 8770
1432 4556
5433 9404
8255 6578
9251 7458
3290 5766
1984 1542
7603 9123
2576 2320
8365 2136
3201 7405
6265 8878
4621 7139
6501 4167
5490 9385
8502 6409
6090 642
6654 4418
7031 8026
6367 1072
951 7536
8143 9630
6806 5985
3948 6246
1124 2714
8503 5628
5203 5922
5525 6876
3380 5663
6666 7011
5067 4987
290 6352
4924 9405
7479 6989
5660 684
572 4866
9244 634
8672 6726
6132 7971
6224 5174
2545 3662
1762 8119
4520 7743
9945 2011
8101 2035
8564 6662
9783 8532
4972 2009
7701 551
7879 7202
3578 5229
8091 1859
7691 2801
337 3552
3266 7223
8475 4868
9478 6547
3435 6088
3617 8716
1224 208
5434 1657
5112 2119
4692 6124
3888 8712
103 6606
5113 3902
426 1634
9570 1958
287 1219
6554 9528
9477 7508
3891 9885
4026 9274
7521 170
44 5342
3678 1110
1645 6887
2819 4674
8875 7439
8500 2794
1483 171
9401 8052
6563 7236
142 7994
8404 7939
9817 1569
3619 13
1795 8277
3860 2708
5963 8543
1998 6906
1559 3301
3256 6471
7841 5759
6252 4719
6348 8628
6375 1662
3668 3544
9431 1892
3438 2346
5524 373
4412 7107
508 3024
3937 8055
8274 8889
2107 9405
5795 2929
1612 7742
9653 787
2406 707
7519 5060
7090 7018
7324 4979
1382 9527
141 6088
9124 3713
762 5212
2245 9734
7578 9828
4087 8883
8699 1938
3270 4936
1670 9045
4049 1430
5488 256
9440 2210
6564 4985
3223 7731
2785 2154
3131 7001
6087 2952
664 4044
1339 1055
7622 4384
3217 117
7922 1473
4593 7164
1246 5967
1162 8021
1540 2222
7423 9791
2805 5798
123 2093
1132 3596
4470 3148
1614 4422
1454 8732
1328 5057
169 924
6796 2733
7463 271
9409 4227
7794 2100
8021 3698
756 1251
5699 2560
503 7468
9992 9493
8493 664
5494 4333
6819 8872
3060 6257
4707 3977
2394 4190
3647 1614
7541 8313
820 1365
1796 1653
8426 4016
3381 9084
7257 4883
1543 4096
7127 4526
5336 3900
4175 3450
3289 5154
2429 9567
161 1557
1759 6972
7822 1655
393 8234
6563 6393
30 2623
9259 7363
4599 4545
4872 4313
7182 1065
9525 4886
5526 6405
2019 5494
9684 947
4441 3470
4782 987
8514 8917
5985 5234
9394 4438
9876 2977
335 923
5824 9832
4658 2613
2365 5852
4006 1295
5121 9204
4050 6451
4035 2777
825 5756
7578 1819
2515 8639
3002 2765
6630 5781
4603 6110
5964 2659
2545 9341
4282 5228
2151 9140
3148 6211
4601 7196
3910 270
9877 6728
5303 1637
3108 9939
2245 9421
8026 9880
3062 7864
9187 6147
3762 3248
7945 8890
7061 3483
9829 5879
5754 4547
3926 7008
9561 8468
1132 2506
2591 9294
2219 2332
5214 1173
2261 9248
9528 3699
6780 2184
8832 3596
4230 6372
6983 8541
566 3680
6004 767
3375 8328
1428 2625
6828 9799
4065 9714
1731 4639
3723 1719
3762 2214
1355 5947
4828 1618
7919 5741
6108 3825
3123 1827
6210 831
1514 3990
1876 797
5265 2256
9887 4562
8808 8184
5116 1486
4891 1785
5869 1732
8719 3691
5134 2693
9188 7031
3280 7151
9119 4811
4939 4189
6752 7790
2624 4478
2975 1038
1750 433
1880 6531
9153 6386
3022 7660
4034 9964
1416 5359
607 256
7987 4298
5287 7635
3737 2129
9192 2814
9512 2895
2157 783
4022 7860
3793 2020
7906 1429
5827 2651
8226 1129
1931 5562
1748 4812
6274 4103
1347 694
3422 8398
4065 8495
1313 3410
9526 736
6855 6238
25 3948
6952 5771
3814 7448
7980 7763
6366 6037
9482 4997
7531 1371
1636 2760
2181 4109
9295 9322
4561 8922
3213 8633
7138 6521
9653 6433
2980 5658
3844 1571
5574 8603
1351 6442
6717 7278
6769 7316
4165 9610
4307 7061
1331 8953
6736 759
5201 638
42 5056
4253 1464
8578 6809
1161 1317
8530 6216
3340 9078
1962 9435
5346 7386
3852 5353
7446 5613
9680 2208
3437 9568
2837 3654
6197 9220
7046 3427
4151 8493
8612 8877
5051 1192
9685 5678
5124 1173
2207 1537
4306 141
8293 6146
5081 6553
3874 9770
3688 6153
1746 2496
4577 6391
5969 8174
3742 858
6271 6517
6547 5945
7355 8751
8324 9754
4304 4682
7803 1555
6699 7009
9726 2575
994 5066
3264 2419
1591 7298
2274 9417
6331 8019
7197 4997
1217 7218
8566 7282
9678 2116
5388 3837
1117 5410
4147 246
297 5915
5194 2678
9912 2557
434 3031
8701 291
1223 8466
5169 4994
1720 1400
3211 2250
6649 4769
3682 6292
4572 4460
1932 2320
7393 7020
492 6238
6070 1642
7127 4515
895 9224
3551 9493
1313 2329
3676 8621
6589 3964
6787 1050
8075 9952
9055 298
1886 1562
7825 8227
6414 3294
3764 6604
21 3885
5056 9231
4203 3704
9707 6469
8514 6314
624 7225
1640 4148
2600 4715
8520 3019
6195 3344
2611 5111
829 1434
4531 6224
710 8006
5621 234
7883 8200
4026 9480
929 1822
9937 7735
8122 1666
8157 2023
8998 6669
1834 3334
7842 9443
3711 7127
3713 5596
3296 7284
4953 1500
576 9242
5597 909
2887 8653
971 457
6835 703
7596 1439
1196 2799
342 2915
1631 9390
8451 3768
3859 1899
1145 4559
2399 2037
769 3113
7649 9016
3229 3708
5882 1864
1157 5720
1950 5118
5548 4301
3328 8135
659 8094
2896 5997
4569 1896
4414 4106
7251 4279
6646 4047
4702 219
297 2597
8295 6148
3521 9999
8014 9262
4750 2101
5638 2411
3104 5258
6995 4084
1216 7579
5721 2256
1142 6080
3832 8575
