5866 7467
6894 1237
1717 5786
9688 5924
1946 1417
5058 6795
2728 9418
8747 1038
4129 6170
2750 5003
3966 1197
9762 5162
7597 9889
8573 1532
5877 6196
205 504
8810 6948
3276 6128
2231 8980
9667 2724
7458 3669
9119 4832
6272 9062
2630 4143
1471 2305
2353 231
3122 440
4285 1592
1429 4806
2962 8551
4107 1176
2732 8094
4824 1585
3675 3361
837 6611
642 3910
9746 3393
9523 3046
4125 7847
6840 6881
5386 8402
4393 5312
2596 7644
2350 440
4628 5196
8649 9712
2806 3042
1365 8038
4666 3758
7778 1525
245 5145
2829 6063
840 7515
9903 1605
1264 2765
6810 3708
9512 1064
1341 2707
9523 188
7724 7691
1240 4628
5712 4473
8132 175
6199 2763
8195 8197
7418 2925
7462 5988
536 2561
2688 4060
2172 8116
7746 8007
2584 4933
5194 2035
1874 5798
4932 1132
924 1519
8901 6018
8788 1293
1689 5761
3385 5332
490 4790
8613 7457
8825 3902
4466 1597
1101 2576
554 5067
520 4925
3971 837
1671 6908
6146 4854
9802 8081
4304 628
9234 6028
6064 789
7537 4054
4352 4335
2230 4930
8066 9925
3179 3672
4584 5889
2833 7712
920 7627
2519 1020
4374 9066
7445 2115
8834 9324
5330 107
1710 8542
6905 9587
6037 9219
2876 5189
5135 4837
9123 3330
9509 7832
5107 2798
1103 1606
5839 1682
2656 7266
1667 8719
887 7463
3524 8909
9413 9041
225 2514
851 6085
4623 3642
1995 6482
6530 2960
5574 3873
1027 6930
4288 7858
4476 5038
7839 9706
9613 3180
9897 742
7983 5936
5667 2316
1240 4617
7482 5105
4057 4245
1296 1479
1423 6148
6772 5265
5027 3434
4836 2024
7010 4755
5894 9453
7435 9230
3446 5686
2780 9645
2396 8478
8526 6601
5593 5013
7496 8697
6291 4924
5316 4076
8752 7169
5874 1603
3281 5722
7724 6754
47 9021
5990 902
1883 8087
872 1556
9049 5326
2623 1728
7978 3619
1547 5239
3781 5132
3046 6767
9988 8588
9387 6004
4927 1127
4972 613
9425 3654
715 7606
7809 2215
8071 3127
5106 2926
7439 6724
9077 2162
8022 2862
3048 262
4084 2694
1943 1442
6866 6831
5020 2873
7180 354
9678 6035
2296 6926
4302 7867
4404 6841
586 546
3742 6084
3460 5413
5582 6395
9451 1410
839 3481
6306 1013
418 3982
3928 5038
5889 6731
6850 9478
1459 7475
3229 8545
4352 8749
8979 7476
6270 9397
395 3925
5769 4545
3265 8751
6850 9581
5708 6377
9094 5341
7895 2155
5362 8202
5343 7694
4837 4188
9046 4864
6191 7275
2195 5669
6432 1312
3233 8928
4086 1534
4792 9662
5486 2522
8799 2283
1402 8369
2547 9378
4325 7670
221 124
5641 5806
8701 3544
9616 4338
3716 8654
4935 1955
790 8911
962 5320
7838 4078
747 8321
5762 4631
3706 5162
5730 654
7189 8516
8053 9771
928 6782
9513 8815
2972 7445
7892 2364
3387 4655
4303 4761
9531 5565
8879 2759
8400 1998
1662 5969
7879 8837
3140 5317
6066 3851
7149 437
5758 3982
2874 1127
309 1153
5889 9807
1686 4205
2727 547
621 8320
7282 3190
4014 8562
8540 8137
5861 696
6698 9424
8455 9908
1399 4148
1229 5695
2259 7239
1224 351
6508 2627
9770 8713
3497 2935
8791 4228
2957 4001
2186 7025
3676 3193
4207 8351
4840 3834
22 9411
52 8805
6298 8299
7149 6219
4209 13
9151 8676
1199 8310
3048 8441
1460 8076
5848 3650
6683 3768
6676 1941
6608 2691
2685 6668
2235 213
1297 824
484 2927
1435 9187
5919 1818
5786 3540
1 7806
9918 9613
3230 8044
6745 6326
1418 314
8299 6487
7302 3665
6948 6700
8803 7845
908 2463
5060 2129
5131 9090
5952 6582
7324 5922
4309 3258
8623 2895
4463 1833
4551 6821
7756 8175
5371 2875
1862 4398
3564 7161
7473 7725
8934 6310
167 5237
6218 6841
6617 3957
5127 2505
1488 4745
4315 6135
9954 8487
7078 7708
2091 8031
3438 8482
2631 406
3428 4533
5035 3352
8847 1103
3425 8665
570 5706
4223 6164
2442 664
9520 7998
7404 4305
5814 9581
114 5193
618 2112
3067 5694
1671 1582
5288 2853
602 7860
3765 101
1870 3359
3310 4383
6439 8070
2626 9200
3632 242
6221 5943
7470 9731
5055 6708
1607 9001
212 7063
7389 6139
8375 3448
115 3683
643 5309
4334 388
9646 121
396 4376
1852 1979
8384 6260
1485 6225
9556 2289
7006 1284
5666 3312
145 9354
1252 3506
4561 9011
3022 7483
9585 3102
882 863
4618 9438
7750 5853
4227 7719
4781 4468
3591 9455
8987 53
495 9170
2237 5074
1401 1940
7762 2974
4284 2853
6963 7953
3719 3480
2025 8583
1170 1616
8289 4153
1657 3806
6806 7099
4595 5621
8133 2584
1544 8651
4460 4795
8676 2868
6793 2177
9422 8341
3358 9108
7172 3009
1593 3277
5859 6083
969 5832
1043 1153
8695 9010
2807 7027
4146 4640
6674 3747
6440 2305
1423 8338
4458 8109
6832 3723
2879 1148
4348 109
6113 7764
1030 2768
4847 4390
1203 243
2084 8214
7569 8674
5103 2784
2969 8500
5571 8002
6709 5668
3712 1472
411 3033
9478 7144
4852 5700
6680 5808
2609 3772
8723 7409
6402 9830
8193 931
9056 6126
7528 9922
8364 2875
430 7561
778 8060
5525 2768
3151 4194
2069 2069
2002 5524
4924 2017
1983 9321
6311 8300
1951 2040
5436 8949
8770 3809
6832 8655
4203 4040
4750 7080
440 5116
2240 2700
7784 1922
6828 282
5767 3464
6288 8630
9752 7266
6532 8096
1613 728
2797 6778
7616 473
608 3262
652 9623
9705 5479
3011 7134
8598 143
423 7170
5124 2554
8221 8823
2367 8398
2624 982
9825 5260
8373 4118
5368 2523
8028 7610
1562 9547
6346 9789
6622 7756
1353 1816
7667 7595
135 6973
3476 4572
4088 9566
5662 8357
2223 94
209 6568
2305 8971
