2599 6281
6407 4816
6649 1060
3109 8463
2092 2038
2869 9552
1243 8090
2227 9154
5669 4343
3019 4481
9881 4625
8024 1164
2296 488
691 8372
2488 1332
5678 9626
2306 2585
8218 7585
7675 9274
5960 1220
8078 5457
2834 8668
6112 1354
1800 5141
5121 8625
1636 9081
6064 8880
8777 6663
1959 7358
5120 7879
3597 678
4596 6975
2051 4853
9920 3564
4885 3322
3226 2339
3274 1333
8449 813
8350 4236
1868 9417
9401 5717
6009 2667
1115 9445
1553 9927
8107 3026
4009 5183
7175 9504
931 4943
9783 9031
5227 9550
7069 7872
1780 1608
4596 6961
7552 4224
5763 1829
3686 1901
4721 2373
2334 1264
571 4254
1140 4173
9422 9527
3909 5222
7358 9179
7380 3568
9842 6870
8634 2296
8158 8185
6022 9529
6187 318
1963 3135
9668 3163
6646 5698
2146 3665
7509 5179
3219 7138
8925 3783
5129 2998
1168 5789
9654 8853
3909 9427
8920 3561
2409 6631
6956 1704
2581 5691
3256 1808
9658 866
5109 8892
8524 2895
4449 7152
9213 4820
8943 102
6341 618
7482 1117
253 6122
3743 3099
1259 5008
6156 8422
8919 1596
8877 3805
3197 3941
1251 5427
5112 1332
8703 4866
7705 8989
68 1758
3349 8132
4309 1093
9017 5806
6875 6652
9514 3970
4058 8183
338 5438
8532 5087
1192 8369
1533 4080
8941 6445
8907 2538
4721 1558
3720 7760
892 5987
5017 1318
4089 981
9729 4946
5088 3175
4057 4412
6270 6317
7374 6242
6567 4078
5108 9029
6398 4800
9446 2146
5621 678
1570 2007
7904 2898
3668 4819
8351 567
7992 5253
5181 4027
5969 866
8327 1158
8294 87
1689 9291
19 6322
9305 2398
8066 2672
6966 2992
4923 6275
8945 1463
7937 172
2441 3269
4329 777
2968 1861
6069 683
4890 9341
8402 6544
9245 2236
4376 80
9406 1924
3275 8940
8205 3891
2394 2775
140 7254
1530 8201
9922 6563
5326 7665
2449 8718
8924 8035
3874 8320
9033 2627
1895 5190
3995 2212
5669 3723
4995 5445
2064 6450
6525 1420
6792 5318
549 8230
5444 4535
7629 8017
7690 6953
4650 3869
7334 7754
9570 3465
9085 2484
9476 6436
9995 737
5950 1243
5612 7502
8179 9261
4960 751
1901 3237
8495 9488
9383 4187
2705 8172
9312 5811
2020 6757
1734 3910
3582 4927
19 570
2538 7195
8492 6306
4662 275
7785 8668
5282 1170
252 4960
9624 9191
2747 9440
7227 7870
7039 1254
6066 2334
9234 8227
6565 6466
6621 2983
8095 1767
3767 1396
1883 9609
8992 6884
2616 4437
7000 4062
3465 3407
2099 6789
4948 1037
8887 7896
3621 5268
3538 4815
3715 2809
892 3702
8770 9647
1422 8617
2933 6565
7136 7863
1452 6034
2861 9713
6517 1847
1776 4526
5843 9081
5250 9052
6577 9571
7624 4913
8222 429
6015 9520
1531 1982
5449 8889
6722 4296
4390 6622
3384 4734
6665 7990
9022 854
6774 4608
4374 5320
425 9070
3073 6073
5230 9865
4879 4445
5088 5998
6541 6089
8905 1064
6736 7335
5202 4299
836 1186
8343 6968
829 6669
5754 2826
8179 8684
1538 4761
6369 4307
1557 3301
258 7347
6703 1272
1693 4482
5462 6482
9328 2209
1360 6664
8113 8222
897 8093
5016 6270
6016 5701
5358 3248
5655 9878
1503 943
101 7084
7072 2943
4732 6623
8575 5655
698 8499
5005 8340
7165 9196
4424 2952
6503 7737
6319 4557
4272 2922
7399 9857
78 9446
3988 8276
9073 3262
7711 8820
5204 8936
1765 157
1261 1725
6690 4496
6880 5630
8184 8380
5301 2052
1096 8427
4102 8400
7326 7958
8273 8583
4852 4706
6181 152
9833 1688
9924 4448
3892 54
3028 3027
5741 4822
8906 2079
11 1138
1184 3548
5299 5767
7828 8308
4563 6256
6166 7576
651 699
7138 6549
5437 3284
9079 9344
6747 7338
3499 8475
6182 4649
4457 4157
3630 7735
9031 7317
2979 7545
5599 9954
9968 4770
8799 7205
5133 6148
8733 8153
2865 4792
672 9528
5885 1127
5702 9404
5132 9813
3937 2936
5583 7781
2757 4867
7529 7454
895 9541
7261 5424
9799 9493
4561 9807
4367 8819
1117 968
5628 8947
6354 936
5809 3635
5564 5646
5454 3169
7566 4515
3448 9308
5218 1994
569 2196
3955 4413
8303 8783
263 6080
1325 3500
8921 9143
6853 5356
4110 5329
9956 5298
85 825
2047 6257
6271 6266
798 9078
6400 7719
5750 35
2820 429
9796 8808
5709 668
3556 6761
5312 9361
7351 9396
9182 7709
1849 7800
3265 8787
6689 395
6626 1916
9271 9373
2278 523
3715 5743
6085 2217
6586 4067
7872 3456
9182 5197
5430 1718
5992 6217
9121 1840
4030 516
8080 9430
9550 1846
9177 261
1563 8237
5117 9903
9812 2358
410 2961
9541 1226
6685 1835
6566 5679
6557 3245
6524 4779
4583 3162
7446 234
5348 9808
1814 1057
4419 448
8387 4463
1535 1898
393 7060
9206 7782
3631 3883
5550 2071
5305 4836
6219 6330
5095 453
159 3213
8996 9625
8203 1358
5456 4107
8188 9079
5268 874
6851 9217
15 4354
4301 3691
2071 552
6350 9954
3359 5414
2073 76
4054 9439
4814 3705
7065 649
6880 5927
6633 4240
4927 967
7114 9239
847 2498
7942 6300
5420 6278
4379 9747
3989 1757
1794 6560
7856 7935
4169 2627
1010 4367
1252 871
4500 4798
2986 8520
5562 8289
8642 9886
7691 6277
9560 5919
2785 6683
9602 4851
2979 1682
8294 932
51 874
931 9155
4763 1622
3261 8854
7004 7799
1807 2818
5626 6359
1238 1596
3168 6578
1987 2614
5664 7383
3256 7225
8631 4274
814 1799
8586 3952
7103 8308
7031 8868
898 7558
8685 318
9132 9745
9630 5412
6522 2700
6748 3012
4942 3309
9692 4340
4517 820
1635 5739
3390 2754
173 7256
8524 9354
4552 5253
1843 6262
5183 9168
7835 6419
7608 1520
6074 3835
7349 9936
