1576 6430
8409 9418
1667 9428
3051 5615
2848 4142
1397 5412
5939 4985
4846 5573
3178 3733
4500 6751
9266 62
2036 7335
3166 9375
4092 5501
3966 2783
9979 9388
187 1929
6438 7005
9042 33
9300 9194
539 4577
2380 2818
2121 4940
6745 5947
856 2465
6182 8750
4518 4302
979 6718
8496 2592
889 4713
8454 1701
9539 2012
6036 1489
5997 4396
748 2724
3637 324
4014 4502
9794 3406
2074 5501
8022 8172
8994 3093
357 7825
2290 3022
3408 2
8825 9425
793 5512
9979 8960
4537 8205
7254 9751
4878 1701
9711 1152
8119 4936
5593 5856
1765 8017
938 5606
3317 9273
8264 9012
4006 2930
1944 4083
2116 4177
4372 3689
7708 6179
3253 7406
3858 7260
4399 4182
254 1968
7350 9607
1972 5987
4290 8979
4323 1437
4637 4602
826 7081
9360 8388
7215 369
523 1310
2294 3666
7025 7298
7477 3761
156 6068
2552 8104
2492 1170
9904 4975
8384 2210
9872 6609
6757 6967
4832 1822
9274 387
1504 8470
4603 421
9107 4914
6324 3301
488 3419
6199 2623
7931 6708
1580 4007
4703 224
4840 8610
9276 4224
2113 324
6098 6866
4415 6767
1708 513
660 6536
5199 7743
7163 5560
6274 2927
8009 2575
2879 9167
2074 7022
7096 7074
8035 7426
1837 1938
6523 7316
5250 6359
5094 6368
8115 9511
2137 429
6585 8697
9448 4173
60 5834
9949 7722
8887 5445
4790 9925
5555 346
3223 2371
38 2176
8601 3510
2038 3928
3661 2624
1955 3265
2807 6257
1635 8516
5286 2229
5592 6613
1845 7023
9021 5618
2127 4377
5640 6936
3459 8101
9200 1214
4369 9741
5351 2223
3705 1597
6238 4374
6620 6007
4950 2809
5416 1422
6085 6523
3075 9032
5983 8470
8851 6276
5018 4130
8946 506
4991 915
460 4865
4796 6161
8570 8895
4518 7376
6599 9470
8927 3000
3918 9702
9874 1373
8980 6282
2626 4339
3812 3561
234 9787
2407 5850
2938 8128
1203 9249
6077 6904
8649 7705
1192 6103
9871 1340
783 660
2847 5493
6708 5980
7258 9678
2027 6922
6523 9763
1820 451
2042 8210
831 8195
5934 6097
6099 5508
4525 9584
6527 8960
7317 2184
4533 1738
7969 7424
2045 5870
2721 5775
5769 6230
6390 8792
3877 2592
4110 2049
8076 5973
8081 2552
6047 7690
9692 2802
3193 7158
6182 3286
5783 2732
7100 8048
6326 1619
3544 2168
7473 5917
7906 5646
9968 6763
7444 9920
9058 9867
3110 2177
4944 132
9875 3035
1202 5096
894 7442
2791 83
4351 1945
5422 4716
5731 3098
727 8213
2254 6267
6390 3566
2583 6177
5504 4004
756 2763
4547 7881
422 7851
8712 2354
2374 437
1900 4993
109 4367
2646 7388
5824 1317
4968 2546
7967 9839
4109 5305
3810 5884
7322 1061
7894 1632
470 3600
9873 3370
7380 9224
2431 4067
2209 607
2379 9560
4156 7707
9099 422
1707 5720
32 997
1445 5720
1878 5202
4047 3892
1747 4215
9329 5323
5202 5094
4942 3468
3114 578
7559 3337
5233 2476
1932 3061
926 2396
2958 424
7221 6212
8857 7431
1376 8212
2806 5925
8108 909
6856 5534
8586 4591
1363 3156
7339 9950
9294 3127
8996 3195
7738 9723
8031 6943
1109 2467
3568 1813
3550 8706
8602 7289
2720 6033
8292 311
3887 8885
8928 8371
8355 1846
3691 1758
3869 6374
3896 3457
2260 7463
4205 5133
2705 4552
1476 4861
8227 1144
350 4149
5550 7
4525 4158
7784 1468
9223 5816
7031 556
2780 637
7073 7490
2434 5787
9300 8912
2770 8347
4227 2630
7650 448
5290 6239
8428 3631
862 2742
9911 8418
3011 4730
5197 4308
3139 8860
2406 7625
9466 8669
884 4572
4460 6266
83 502
2754 3136
7815 120
7892 4770
9115 8996
9640 6328
9232 7702
2003 7365
8589 1347
9955 3078
7078 6544
7582 9442
3718 9694
4535 6417
8835 2921
2027 9182
7362 655
802 4376
37 2843
2483 5755
3529 2063
3876 5981
5739 8890
6502 4083
1797 839
7785 9913
99 8425
9274 4554
5057 2324
604 1269
4963 8049
1341 5867
18 6630
7313 2711
840 8801
7866 1868
8336 8319
1600 5062
4747 8519
5887 1209
6 8229
5946 5316
9088 9512
7242 8968
653 2841
9960 694
7987 6327
5935 8567
879 6972
324 810
8873 6685
7539 8140
1672 4231
3949 806
2491 4014
5475 3847
2012 809
6077 797
8039 79
2941 8015
6304 2502
7611 7792
4549 1331
7226 7639
7207 5847
8114 4840
148 3608
964 7020
5843 9220
4095 8336
4878 4154
2562 4460
544 7062
4853 9839
5853 136
4026 9405
3390 1094
8466 2240
4335 5950
3531 8123
3439 8952
9566 8974
9805 4399
4389 9969
5990 5748
9443 6270
3036 9605
4580 1305
2826 4929
3309 6218
3953 4581
4850 1803
1353 7767
3732 8881
8810 8209
1979 7164
5114 8670
7964 9973
7583 7670
3460 7146
8716 6072
6481 5469
5597 7771
3767 4859
3307 9295
1179 8242
802 9851
9194 3746
870 5259
6439 6482
6835 6064
1852 8227
1648 2161
7799 9612
6608 8407
7439 7481
3213 6901
6771 2372
6203 2198
1095 1041
803 1040
2883 4231
8505 87
3428 1578
9426 5403
3532 3365
5424 1926
2174 2895
2526 9619
782 1120
6404 3212
2405 7370
9267 6718
2024 4380
5796 5711
8585 4545
5088 6927
3998 2992
6035 7579
4909 9701
3981 8937
3585 2045
6723 5850
3082 9805
3855 1488
7015 7041
8213 8065
518 112
8519 5633
4692 9699
9533 7888
1951 2835
8148 3776
7645 2490
577 1832
2768 8683
1848 2828
9004 2296
1015 3403
4905 7084
4690 8755
3508 100
7239 7729
3890 5934
5464 1458
8060 2854
1991 9009
6071 9473
9230 3361
1605 1892
8986 4587
6611 7635
9508 9507
6650 9103
2301 6476
6843 3429
3947 2910
2915 8194
518 1284
2469 1593
6389 473
645 3944
9347 7459
7917 3703
