5245 7916
6792 5561
8246 891
7976 4185
5287 6857
1593 2834
5820 5523
4800 9213
7325 130
7919 5618
3294 7215
9790 9071
1027 2715
3694 9885
7285 6765
9242 5703
8752 991
5219 607
6642 8205
6371 4880
3920 4473
8749 3811
2409 792
1567 7130
4238 6881
8225 3005
166 3806
9272 2795
7589 5576
8887 2990
8928 538
3831 8448
1598 1726
7511 9058
8909 7196
9474 3954
7464 3451
9835 7627
2139 1402
3925 2197
952 1754
6431 4355
5362 1526
4703 6381
2198 4871
7215 5501
5506 496
6261 6167
4037 7389
4098 7219
9462 8549
6576 1
4890 1661
225 5064
5471 1554
6256 9728
5359 2148
1243 6462
3735 9121
5416 7499
4205 9583
4886 1659
4931 6011
1649 3659
2176 781
4315 4210
3244 1021
2513 5817
5059 8002
562 6761
4786 1199
2972 998
2808 6479
8205 4199
3672 5915
2061 2138
5421 1566
4732 7500
3852 6776
4138 6761
6142 7342
7965 443
1428 770
6831 9401
3997 8964
3524 540
5359 3140
6657 3623
6874 4762
1633 7969
2025 5464
5993 6581
1233 2507
2264 5337
7077 4730
7931 8793
4558 2867
4012 4936
7236 967
6595 5629
2473 9796
3634 3830
2862 2914
1398 895
279 689
1690 4023
4242 815
4192 7886
3660 706
5765 4079
9076 8898
9745 8477
1345 3067
461 3572
3036 964
8696 1443
7336 3664
4668 4571
8901 5595
5107 1244
3181 4118
186 6518
1121 8035
3748 1187
7591 1904
171 715
3684 110
2614 6478
9661 6002
3393 5434
7265 4399
6593 1871
9979 5512
7502 9168
4187 6719
6152 3836
6981 8261
3981 7288
1438 5239
8201 5261
3313 5706
7310 3085
6621 4580
9599 8125
4490 1899
5916 6741
7289 3556
2321 9253
7218 9939
1490 1597
7210 2616
9506 8064
2002 3596
3856 6484
3376 7
5712 9409
9435 7869
4213 6349
5916 1996
7546 6070
5540 851
5980 3850
1266 8007
1123 2464
8713 5385
8354 8750
1226 103
3492 7487
5503 7488
1279 2055
5842 111
1439 5162
3114 9378
1125 1597
2887 210
4002 135
2751 7516
720 6661
3487 3747
579 2121
3777 547
565 7141
5690 3252
9921 8633
3617 9976
3946 9657
4851 3109
391 9752
7753 3766
7271 6085
1231 4072
7933 7107
5322 6351
5207 7453
3549 2661
9809 2471
1460 3433
5372 1351
7288 6447
97 8855
1695 6561
8673 6242
7569 5005
7745 6143
1720 5809
8689 9633
8761 5299
7279 2301
8947 6621
6852 8482
6853 7562
2959 7526
2022 3248
4171 83
4092 2490
2104 187
1433 8232
1589 8888
2904 2751
3552 1075
7667 1735
1448 6572
6068 4595
7712 7664
3336 1865
642 1969
878 4958
8133 8978
5100 5088
829 245
4330 8828
9463 1249
529 9923
1996 7554
7196 7594
8308 64
1729 3265
8918 1561
651 5720
4646 3169
9139 4836
9115 4070
6956 3951
2585 3789
5295 9887
7769 1112
3957 8977
7423 6967
4531 7263
1883 7007
4091 9453
6588 4881
8196 1450
1765 3070
9200 4833
903 1775
2147 5634
5833 4570
2470 8371
4807 1452
7416 9206
5904 7339
893 3680
3541 4839
6002 3035
9251 6311
2156 6630
1770 6433
1275 8934
1610 3689
6163 3766
7918 6303
1093 9326
6078 5784
8512 9256
4587 4156
52 1073
3658 9449
651 3333
8948 783
2336 414
7931 2305
5490 7968
9506 8240
5870 7880
8204 2854
7218 8403
9741 6291
9445 8126
3577 6854
7215 1442
1113 4064
6738 5578
591 6868
3760 5169
7310 1432
2289 9765
2446 941
7718 8576
5795 9637
3705 7277
5420 7127
5849 1791
5985 2945
4811 2989
2394 1644
4603 2694
6710 5610
845 9856
9308 7869
7290 937
4007 6824
5185 5139
4312 2105
2992 5921
3404 4163
8926 7412
9871 757
8696 4475
7426 7892
6246 6782
4910 720
3058 7973
4735 877
2200 2713
7167 1261
8363 595
3991 2930
1827 9032
5337 1485
4012 8331
2888 9251
167 4828
3046 3119
2558 4366
2105 485
2562 9202
5146 1718
6148 7773
9622 1612
8585 4575
6946 3094
7857 1294
2935 2003
4081 6107
8061 9831
6724 7435
3740 9835
9738 4968
8437 8141
4549 7380
8186 431
3043 8073
3935 4853
2419 4166
3578 5864
3535 62
9578 8990
9939 496
3468 911
2300 5279
5119 578
2054 793
3011 9577
3037 4354
1844 9870
1875 4690
984 5314
8922 2902
5804 8377
6199 9144
4082 3182
918 2205
754 6294
259 1086
831 9403
696 7610
8475 268
5400 3579
7307 3971
4391 364
7231 9857
1370 1818
9446 1106
371 5729
1866 3562
9061 6210
8162 1479
5141 6985
6494 2519
5834 2500
8467 403
4533 9874
8119 6221
6985 6530
1702 466
845 9287
3941 8925
4572 655
8254 6949
8137 3404
2804 1113
2807 1496
1896 5944
1760 1733
4478 1419
5631 9989
9122 4140
7759 6463
6833 7438
6983 1793
2988 7551
8194 8364
6688 393
6600 5393
3075 6810
6531 7932
8037 1326
882 8913
8639 9406
7937 7008
5699 4750
4521 8183
8145 7284
1921 4297
5883 1160
5455 6204
3406 1945
7498 1569
2960 2124
7375 2658
691 2273
1412 1652
735 6419
2131 6595
2665 6785
5046 8018
3795 6848
72 5171
9432 3012
191 2755
7679 9179
8980 7070
2442 9220
1354 9648
5751 8346
8349 2319
6929 2185
1865 586
658 6692
4691 9348
216 8958
6251 1178
5626 2010
244 4037
9909 3417
9435 272
5712 3389
5436 1657
2478 2636
8421 4954
5734 515
8120 9563
6225 496
1535 697
12 5493
7211 2918
2180 2399
5152 3551
8868 26
5569 9590
4386 4533
9986 4315
4886 5512
8398 1672
5081 9543
4417 3474
6694 714
2251 774
6292 4328
2814 1516
3146 4213
8008 192
9041 5170
1933 8439
1137 9780
5237 5720
3066 9702
7889 9006
1141 2031
5589 4301
452 7071
4700 914
2691 901
4063 3121
2981 8157
7820 7023
6302 1079
1518 2786
6868 8571
