7151 8114
4571 3801
2993 6437
9153 1214
9082 8064
2301 6871
3825 9466
8559 1476
3999 5966
8180 8875
6532 5597
2648 4965
3150 4043
2712 6450
7274 8553
4354 5632
6967 9713
1575 4255
8413 478
4093 3736
7220 8218
1511 4984
657 2372
5182 8627
6583 8164
8515 2350
2045 97
7865 9505
992 4931
3757 6675
3160 2017
7136 8340
4045 1736
3351 4455
1050 2842
730 3246
5438 6876
5957 4085
8147 3472
9635 5619
2788 3825
8229 5658
2199 6301
7246 2838
6438 1087
9054 2074
1371 1063
8877 6880
9629 7787
949 6029
6107 978
7047 8788
9331 7059
8093 3366
7983 5193
172 7231
4599 9716
3723 8096
2671 9539
7756 1883
8886 3276
5659 7932
5554 8251
1035 6595
56 5618
2782 1107
5228 2726
7188 3371
1891 2653
960 9966
2810 1611
7278 6828
7474 9354
4487 6245
6756 2331
4111 9390
147 4847
391 1699
2210 3537
7841 7355
7785 5477
6073 2264
4678 4756
371 8002
57 874
6596 4776
1979 6935
9601 1532
6917 8156
1959 3686
3313 2306
8868 8600
2729 6883
606 1354
918 2990
1901 3424
6559 1879
1356 6519
8805 7771
3397 2579
5079 3765
773 7870
7041 3343
3561 472
6527 9385
844 7530
6552 7730
4416 2145
5701 1578
6900 6768
2202 4314
7174 3710
9918 1877
9329 2663
9431 41
3291 95
1189 6499
4540 5442
1324 4347
3333 6593
2835 8284
4607 9952
7911 6739
5679 1959
6614 9803
8119 4135
9022 516
6635 4511
5567 6095
3587 7021
5221 9231
7663 6368
2382 1796
5253 3549
7337 5807
6543 1498
5029 1836
2851 819
8862 6826
4967 9189
1961 2382
1337 5565
2616 4713
6560 1559
1241 7946
7217 9794
2991 8391
492 9683
2848 8766
6566 1229
9286 8015
2475 8093
5715 6454
9118 2936
4493 6412
590 6547
7302 3476
3747 4227
7418 2119
5600 6253
1077 533
4010 4448
9640 2761
1213 6940
4496 3286
9810 2809
557 9115
1923 3051
749 1728
60 8565
2938 2382
6901 135
3663 5267
2827 425
2482 5894
5312 9452
1024 1950
5310 6391
2225 4953
3648 6315
9084 5836
2429 1979
6799 6661
2562 1685
5891 7434
3717 5795
1370 1177
6209 6697
4545 5379
9838 2219
8482 7183
5735 2338
899 9902
6533 5863
9243 9010
3864 9187
2671 6161
1136 7874
8632 2306
6616 6827
9323 9878
8362 4260
9087 8079
1092 9920
8932 4907
2505 490
1646 2248
1004 4303
4234 2480
1455 5151
1143 7643
5320 2118
8269 4028
5424 1290
5696 4867
4810 1067
6659 3998
7011 8776
5229 5337
302 9777
8324 6214
9461 8540
6014 7531
4846 8317
2574 346
5875 6262
5989 7285
1363 5148
1147 1103
9154 5234
8173 8516
9366 4061
4800 6125
8328 7882
5878 1720
8582 1886
9019 3980
9088 7597
3029 894
1521 211
4158 8222
1429 2599
5153 6532
4170 7629
1798 9025
1595 3342
4754 3408
4157 6536
4629 4289
1724 2242
4088 7614
415 3763
8526 7219
6845 5409
1812 3541
2045 3236
8018 2742
8365 989
289 2329
1213 5841
3022 603
2604 3217
1979 2927
4839 7374
5931 7724
1904 9914
699 6788
933 975
5547 3268
5724 7767
4510 7073
7694 807
6593 6504
320 6913
8320 1614
3503 9655
8328 9440
7308 2461
7255 9359
8016 5665
6332 5412
1850 1716
1037 524
1325 8557
4319 8156
558 5877
5028 587
8822 2723
1450 451
2752 4660
6734 9220
726 6266
7396 151
1417 9817
1773 8140
6235 1198
5118 507
7591 7583
2173 1434
7210 8547
9272 5942
6053 2954
9058 9564
5233 3221
2970 137
1413 9648
4608 7760
926 1991
5103 658
2386 7423
779 2466
6063 6814
3504 9116
4699 8646
2995 2804
5369 4038
8262 7917
8873 6997
7693 2485
5452 6516
9882 8243
9676 3147
2817 5552
5742 5726
9183 1417
6736 5114
2317 4439
4614 3714
211 701
1257 8996
3521 5214
8365 9043
6936 7112
9952 4515
7229 1861
1496 8859
1884 5078
6388 8820
5141 2040
3193 4877
3270 5097
2362 7847
1931 5427
4807 4644
9578 7180
9466 7604
6774 6933
9969 3538
1157 7229
5067 936
9791 8721
4332 5015
6467 9234
4297 3117
4510 7273
7918 2738
5541 3592
8369 9822
8313 8600
7613 2358
1209 1780
9990 3956
881 7549
4237 7644
2869 229
2003 3339
4783 7170
3398 8651
7845 8472
3603 2771
4296 2320
1315 4893
7712 1810
5429 2479
4464 3463
593 4908
2880 8837
263 850
6720 5100
4731 1121
7578 274
2154 7161
6742 20
7657 6434
4930 6928
9748 9396
4152 4153
7885 2780
9346 4007
9899 427
7815 9518
5796 7335
5391 6374
130 6979
3142 5049
691 6219
3442 709
1432 6348
205 9071
6253 1773
7957 8667
7888 3738
44 2719
5844 1601
7705 1496
7065 2627
8353 2614
9566 1799
2661 1842
1675 5302
1189 2290
4513 623
7615 1476
164 1364
2220 424
7497 8403
2204 5431
2049 1463
6300 5272
2391 1312
1961 7595
6970 3117
8728 2016
9005 3447
9219 2891
1802 6128
8431 9722
9784 8554
3423 3328
9896 5973
804 902
9405 1809
4523 101
4686 6553
9827 4561
7124 1099
3883 6485
3425 8487
8109 1817
6953 8127
5649 9507
547 9175
1645 8702
2723 3721
4421 6343
5598 1297
3015 1525
1583 1911
5104 1179
5314 351
6856 996
3914 5775
4503 7747
4474 2189
6975 6218
9065 7235
8175 5869
6113 9466
4110 6607
8451 5215
980 9326
814 3781
5365 6710
7204 1333
4712 4582
6525 388
8253 9189
1754 1495
2751 3810
7211 3601
9274 4497
9848 5666
8845 4747
7749 5827
5566 9692
9091 3100
1459 661
5026 1623
3367 6647
7965 4404
1897 3394
7339 4387
924 7583
4087 8959
8601 2009
7301 6239
6263 9414
1081 6084
134 1155
1552 763
7755 7358
8943 8399
8534 1299
9080 3300
2091 3628
4852 6552
9017 3509
3094 9666
7586 1752
8081 7756
