1687 2353
5053 2907
5563 9681
5170 9579
5000 1165
3336 3560
1712 2544
9640 914
5837 3626
922 1741
411 1665
6463 403
2081 4067
3060 5053
3838 4072
4185 95
3793 1013
3619 9626
3951 7494
4673 7982
4472 2470
3350 2002
3395 9756
8088 8419
9992 1832
4318 1118
357 1181
5945 1236
5994 9979
2072 4777
4646 1975
3714 4368
3346 2651
2124 623
4387 9857
1545 4879
5415 2733
2834 9041
3648 8233
1447 551
1661 7314
3711 3185
3510 2112
3560 1057
5117 7743
6910 1078
9994 9354
5100 9240
9904 9726
1033 1814
203 9228
9932 4046
5645 8155
2476 1879
1601 2024
2348 7700
2899 2488
1909 7128
6774 5885
3430 9452
3860 3932
6527 4952
2152 689
5409 7981
85 9613
1707 4796
358 3621
4731 9006
2400 9589
3420 1131
1309 823
5905 624
4303 7076
5331 617
3382 875
6956 8786
3878 315
964 425
2639 6856
3793 4795
5139 9190
9853 5572
5228 8383
9806 3938
4899 2057
4128 6860
7111 9986
4960 8550
5730 8886
2917 2864
4049 556
5024 9236
2011 3616
5726 8098
1530 1842
7567 4213
5068 791
811 5529
4024 3626
8541 2194
3513 9984
8514 636
1463 1370
1173 1061
1525 954
3072 146
3702 9856
1540 1101
4610 8585
2850 7272
7031 1214
4198 9534
6598 8929
4081 9623
4728 1230
1697 2661
4883 9335
2888 9635
5743 430
7024 1547
2183 4468
2238 2189
1505 4553
4642 4708
1597 1518
2014 467
4535 390
2322 202
3340 4804
989 3432
4833 1297
3227 9195
334 221
3371 3470
2852 8104
5994 9420
1976 8860
5426 9902
4063 1092
1657 3091
3610 3361
8840 401
8392 9668
2748 2152
1023 2792
2954 1088
2964 1776
1605 4212
5700 8021
9996 3661
4673 908
4658 581
5965 4541
2083 86
1979 3641
2148 3431
5025 1722
2622 309
2664 8537
4086 967
1646 4371
5256 172
4909 9104
6572 9810
1341 1520
4946 9162
1720 3673
4469 3176
1918 2169
606 3164
2777 1698
5643 9724
2196 2955
5537 9185
4714 1295
6567 9978
329 3282
412 2633
859 9845
2037 2400
3232 9942
609 2262
3318 4999
906 3052
3002 4134
60 9896
5463 8090
5983 2473
3907 5241
6267 920
7905 9675
3585 2746
4134 8596
3532 9821
1947 147
2974 9911
3768 3761
6873 9473
2693 629
1376 2128
8084 655
3295 2531
9443 1596
3154 5295
9854 1972
2291 4261
1862 1384
5459 3729
3878 7461
3627 798
9613 3841
6087 1092
4128 3771
4927 378
9380 777
9464 334
202 3968
2384 2121
2533 9154
5098 2084
3269 1831
3032 8420
1373 118
1499 7851
5603 8990
7349 9038
963 1275
2540 1950
4670 154
7480 3361
6267 924
1523 9129
2530 3105
5400 3581
4586 7924
5779 468
186 9087
3033 8518
4523 3402
2895 2308
2646 7611
5428 3099
4764 477
3473 6980
5695 7384
4905 2411
2226 1759
1832 8922
6102 1642
2040 4530
3231 2626
4776 478
599 5176
4892 1583
1009 3381
9317 9557
2472 3742
7903 3566
3139 4623
6366 1535
1187 6276
3228 5473
2390 1884
439 3103
5207 548
4741 2698
6423 1279
4476 814
375 1141
827 4020
6950 1353
1009 2599
2122 1697
8275 2000
5178 4380
7000 9423
3793 9051
3726 2307
2415 3072
6926 1090
2357 7588
9177 3147
5012 164
8334 2180
4608 489
3256 3050
4480 6994
5569 7922
4216 8205
3780 3702
7077 212
7786 3790
2650 7935
2063 9060
4292 8191
2158 3708
239 3979
2341 2252
3761 5037
4051 437
1130 1545
6936 9645
3225 29
2250 6033
9945 8729
4600 844
4739 9023
2895 9446
1508 1222
9014 3255
4797 9387
3577 2197
2579 9609
5097 9270
3938 9922
500 5071
2611 5360
848 650
5600 9082
3218 4595
3864 8562
9917 1972
891 4812
1686 9989
2060 1410
4134 1360
9273 1412
5465 3115
3404 1344
9908 611
855 1448
4549 388
1243 1682
4185 9902
2428 8020
2289 7673
1181 1478
8206 1509
6402 1578
4937 1027
4412 1807
6245 2924
672 554
2835 405
5730 9160
1351 4945
4819 3906
5835 8300
1642 9676
1635 7840
6107 5610
4868 4594
1809 5094
5356 8680
3832 859
1612 1139
805 1995
7690 3007
5794 3191
5557 484
6308 6292
3486 1381
3347 5643
480 2567
4179 2000
2952 3838
1675 2530
4694 9365
9349 1887
7327 8738
3670 4374
4881 313
607 4733
1247 3373
4210 5389
1604 8742
7582 1645
1249 3608
2106 5852
1684 3499
7357 1792
2339 7808
9655 376
5382 2824
2458 1837
4899 1562
3926 1648
8859 194
7662 325
9839 9892
439 3613
3061 8179
5873 6313
3208 8350
1881 8344
3688 64
116 2541
3670 2639
5637 718
459 2633
5639 5328
7822 7647
2461 9193
8267 6429
1423 1086
8804 4162
1218 9604
590 2060
3996 4493
6407 873
5948 9475
3568 1553
6497 2344
4008 3393
258 2346
6058 185
2280 2185
5016 775
726 1324
3141 3691
1987 3527
6050 2175
5911 943
4696 3402
1563 1649
1792 4447
2492 4849
2822 1844
7364 4786
2541 8497
2186 474
5769 4898
36 9202
2575 691
4327 3559
1450 1884
6675 8114
3593 8658
4755 9598
4159 2272
5236 3891
2566 3598
5395 5632
434 1803
6495 7365
5290 7156
1470 770
3941 1631
602 978
5262 129
9682 76
4024 8346
629 3137
2462 9251
8383 1391
2405 7841
1496 3634
2627 971
9444 2019
4247 4824
2790 1114
1209 7024
5291 39
6990 7483
4116 2296
2589 2265
1169 1326
2085 260
2308 2422
5327 2176
9293 2380
2234 5362
4350 513
1173 4999
5444 1687
4335 3917
1484 1337
9852 3744
2026 9125
4375 2403
2120 4702
2915 345
3838 4926
8194 41
2530 3136
2486 1232
4897 3805
2181 861
1619 2397
5143 419
3672 8941
1241 3915
5165 47
6998 737
4287 9748
3636 9787
2603 4391
9451 1757
9190 1298
4791 6877
3786 5512
2912 9585
1824 745
3602 3476
3478 9606
2120 9783
1517 993
6877 4159
4929 6847
2228 5542
1249 6530
1464 191
1600 2187
4363 8431
2932 1970
1681 2749
1930 3871
1623 8586
2874 33
6069 9098
3376 954
9903 1584
3785 4518
5555 7147
1300 8826
1869 1664
4147 270
6701 9558
8796 6236
693 4716
3573 9708
4188 9356
4532 7579
2256 9428
2070 1928
2321 9256
2692 1435
6479 4764
3621 9730
1631 4855
4256 2037
4774 376
3675 841
1875 2381
5600 1287
3584 8261
3221 2876
2732 3224
321 2652
1170 9749
3161 8689
4539 1836
2180 1027
9666 2826
7891 756
2927 3009
2308 6954
1486 5305
1434 2387
4300 916
7026 8163
4571 565
5095 7652
3688 8211
7409 9621
4344 6035
3569 6960
3931 631
5107 4782
6617 9648
3148 9267
3596 9970
2173 4141
4518 9073
3068 4737
5768 6742
2456 3801
5798 8589
706 2965
5139 5762
4301 8675
417 9754
1497 3714
2192 4514
3175 9387
2119 7004
4208 7333
7100 3510
6285 1330
3749 223
8125 1970
7719 1282
4519 8772
6012 161
3299 8245
1741 3958
532 3193
994 2083
4692 706
4378 12
1235 2941
2752 2132
3559 763
5927 2682
8327 5186
4867 9454
1440 2425
3247 753
515 903
1050 9976
1498 2933
1542 1142
3814 1138
4772 9738
9336 3570
1246 1238
4078 1175
2387 5502
2133 927
3716 8178
7056 421
2885 1834
3742 4542
2630 8954
3122 2573
2286 9629
2921 9911
9 924
4918 672
7457 1021
1555 3817
4445 1480
1506 4297
5004 55
4757 2170
3673 4536
5661 334
2796 3338
9887 1755
1897 1814
1151 8315
9468 1115
4592 232
8510 1757
5928 8756
7536 2207
2426 5071
3423 5440
3645 129
1343 2734
3059 3595
2755 9856
4421 1253
8681 3463
1297 3539
802 4082
1588 1747
9786 2947
3338 7952
3273 8497
4509 2296
569 8309
3570 8869
1601 3788
3439 145
3906 8409
3024 8543
3949 3294
1635 8625
2615 1186
2841 1022
2923 9799
3227 6656
4313 7628
7555 657
3974 425
5696 790
4986 8489
1522 3360
2270 6768
4493 9401
2454 8435
2395 2589
6162 1361
2619 3246
2324 8972
2480 3716
8748 8625
6693 9628
4258 1114
4473 523
3715 350
1804 7225
1956 192
1983 295
2169 8787
6323 3795
1091 2346
2303 8787
9133 4131
6887 9102
4161 8518
2673 2793
4788 961
5759 8170
1741 9020
1175 8779
1475 1154
3297 1130
4122 1213
6412 2578
1650 9036
5145 1967
5435 8472
3686 8666
5135 2182
1383 4472
5296 3438
4624 5669
5214 7835
4036 9538
5251 2887
3299 3247
2836 2592
2761 4008
3169 3546
3583 5239
4979 5982
158 1261
4923 2960
6549 1783
5744 9977
9868 3156
4458 1539
355 225
3746 9821
1465 5477
7897 1278
4738 2932
1093 2316
5863 674
1682 2958
3690 9678
4067 607
1879 3899
5403 9985
1580 8014
3349 7179
1738 2700
1800 317
6750 1903
7156 376
5102 9319
7016 73
4197 2568
1823 4074
5680 436
3787 9067
6652 8445
2643 9362
2195 3991
6432 9833
3284 2597
3508 9014
3343 5819
3866 338
4841 4313
11 2881
6357 381
4489 5588
806 1553
2271 4480
5497 6433
4857 3638
4760 7232
931 8485
3057 9846
217 6122
3530 9037
1457 8860
793 6565
2844 5043
5695 2918
792 8308
9405 9369
7813 2060
3530 2212
7723 845
118 2225
4339 7571
5245 85
6584 8794
8415 5292
3256 1033
4105 759
5998 9856
5447 6724
2735 8537
1970 2138
3190 5563
