9163 7229
4662 4715
2251 7679
9764 7128
1708 1253
9764 7366
1537 8452
1413 8645
1408 8679
9295 7561
8894 5896
1213 6225
8958 6573
9833 4841
553 8677
1208 5908
2634 6131
5404 8308
7206 9083
8624 8152
7510 8015
4970 5254
7910 8260
3679 475
926 26
8409 5612
1739 8936
8797 8061
3540 8789
8292 4142
1620 7115
4250 5049
9490 7466
358 7939
891 5046
3488 7542
1606 2377
982 6351
9715 7193
8533 9411
316 9528
9938 6960
8643 6430
1207 4748
9937 7153
157 8070
38 8873
1548 9965
9893 7739
2656 3526
1611 9258
1868 9161
4886 4697
1448 8486
9411 5493
8335 5496
9937 7427
8633 4933
196 7598
9379 2032
9400 6494
36 8274
2880 7947
7808 5619
9852 8451
2623 316
9306 9110
7509 5292
1227 7291
998 576
9056 8846
6354 6722
1360 8229
7652 4953
9736 8959
1958 972
1182 7176
2347 5363
598 9065
6600 5569
103 6926
852 49
4772 3920
8447 8985
1911 3529
9079 8286
9119 7437
1045 6105
530 3561
8259 401
8092 135
8997 3875
6508 8222
5878 5175
7849 9304
1366 5410
9894 8336
2035 6291
8623 9201
4285 3932
296 8592
775 8608
7596 6765
9708 5302
9579 7561
1239 7022
5700 9091
9013 9355
4347 3763
230 6050
9311 7328
52 8496
2213 7749
1392 1211
7401 9652
9443 8539
9303 7333
820 4194
3427 5352
4602 3998
2497 1110
3274 5497
5414 2317
1379 6125
9339 363
8650 7618
8596 8541
1709 8322
1141 8566
8068 9334
5900 6268
4870 2756
9187 8317
9409 9760
875 7531
1220 979
1636 9686
4186 3948
9808 3587
1250 8329
2157 9775
1185 9679
9742 4136
8332 8049
7635 7892
9436 7745
5407 1514
1508 6504
2134 7195
8931 9406
8705 8169
2074 5850
544 8306
576 8753
2423 1555
9754 7776
2523 4113
990 7355
902 5912
2162 6075
346 1511
8817 5511
8086 9462
9533 8338
8816 5134
2018 9355
618 5591
1253 8753
674 8384
9428 7876
1859 9865
8275 9087
468 5930
8449 5349
1162 6499
1547 6746
1935 7636
5754 8145
2271 9895
1839 6100
3076 3498
705 7590
8253 5977
9634 7599
2532 3690
1086 4160
5049 3472
8299 7997
1741 1638
7408 9394
9335 468
9608 8638
8682 6850
4782 4943
3015 3542
862 7658
3393 5034
3015 262
206 290
83 8698
7892 5418
2871 5083
329 7069
607 2040
80 7478
9396 6225
9010 8395
683 903
1341 8973
1486 8308
8798 8750
9463 8368
8569 6712
381 263
1137 1082
533 8790
3088 4397
1236 7059
1421 9737
3154 6557
1722 7370
9437 4550
3426 8742
357 7508
1510 7209
7909 8773
1157 9175
9063 8918
477 7829
9539 9939
8031 6511
307 6204
2588 9336
2218 80
1446 6388
398 1138
8064 2505
8390 9091
3320 4541
3075 2778
1948 255
8036 6863
585 8576
7446 1674
1331 5638
3777 3544
4987 7315
2907 1995
9356 7315
2647 9763
913 6940
3515 2897
924 8279
4955 3674
3830 1597
8552 9601
369 8124
3236 9269
3464 3516
7941 6576
532 8267
3226 9066
865 7421
3377 7914
385 7421
4995 6492
6939 1460
8494 2880
7960 9600
1262 8377
3931 4653
243 7355
4845 9027
1146 3992
3652 3270
9780 8303
1091 7183
9143 6919
1464 8786
4170 4544
4661 4135
297 6941
7465 5294
7736 6175
9333 529
1029 6728
9222 7355
2454 2556
8164 6082
544 7989
4114 4923
2353 676
8945 6418
2389 6219
5561 3335
3336 3847
49 9444
7619 9656
25 6872
3235 6266
5923 4343
858 5561
1073 7710
8505 233
8941 5895
7519 7201
555 9172
6838 4508
131 2599
9570 9373
9420 9038
8414 2851
7372 5610
9282 3582
482 8711
3620 4630
8891 6815
9944 4595
866 7334
9546 7969
3366 9836
846 6620
631 4993
607 5691
5924 6662
26 7375
6835 5805
1501 7216
9785 8754
7771 9520
123 6917
9025 4694
9671 7200
5384 7489
9098 7805
2841 9888
9319 8209
9559 7224
4265 2017
290 9403
781 1108
474 7772
3225 1875
70 6865
9543 5976
7005 2950
960 8178
8299 9549
719 6901
8714 6103
9432 7057
3665 9889
8420 9430
757 8334
9441 9348
9298 5089
1435 5945
942 8645
9186 2306
487 6771
444 713
9931 8556
474 7228
947 5224
9980 6215
996 8783
8302 8248
1421 3157
3104 4497
643 4989
4768 3936
424 7007
8320 815
4099 1742
9904 6899
8807 8667
6535 6703
178 4727
161 882
1899 32
7738 9203
1964 6577
575 7679
1385 8707
9535 3981
853 5310
176 7939
8782 9104
9078 7943
3408 1192
2705 2096
1014 8638
1244 6638
9566 8273
64 5671
9472 7335
7781 2357
6368 2
2707 3197
1955 6726
6026 6556
1717 5384
896 6552
7981 69
624 4970
2777 4875
8902 7093
8580 7042
1976 768
1043 1256
725 7344
9196 7656
854 5777
3886 3664
2619 5704
2575 813
2342 9767
5160 5995
629 8813
1619 9143
1336 62
6593 9393
2301 1778
3 1455
7693 8902
8561 7824
9331 655
9409 7832
8954 9732
9489 7904
7146 9434
3476 7831
9230 7680
2593 7920
9557 8978
9226 7966
1853 5150
8588 7804
5009 4006
9250 8854
3069 7211
4212 7774
623 7718
2595 6797
1568 160
9257 729
8875 7488
7956 6163
9870 6176
8420 8732
5335 9280
812 7334
968 6944
1363 8278
11 7721
9715 667
7313 5876
905 8730
9727 7951
9719 4313
9483 9824
9684 7837
592 542
2497 9641
9689 3095
3023 5159
2173 522
3682 2818
130 8181
1430 9463
1137 9875
261 8017
521 7428
2432 6231
2827 6779
2812 603
3929 9376
3997 2448
7852 9200
4091 8144
9222 7527
784 9064
9793 7245
7359 9038
150 8051
5605 4687
2441 6163
9776 6429
9782 7644
916 5427
5232 4051
9836 8109
593 4703
420 7475
545 8827
8670 7968
9765 9397
8951 7563
8286 119
9077 7559
9581 7748
7615 7935
371 8629
504 6013
3536 5230
2203 6156
1862 8752
1339 7628
8032 5599
2735 8991
8666 9281
587 5238
290 8807
2656 7962
1040 4973
2784 1048
8378 3639
7308 9235
3370 6658
1903 643
350 7415
877 7984
1426 8306
9463 8655
9780 7944
4868 5957
71 2487
767 9253
9718 5516
9403 7072
2990 515
9749 7718
423 1477
6915 2088
1086 1827
5486 2223
6776 4224
8763 9591
9592 6697
1819 3654
9019 9297
427 7374
1500 6161
9028 2957
1850 9505
622 7177
2940 9266
5456 6266
4874 4059
9424 9467
124 8141
1988 6851
8797 3465
8808 3038
9652 7753
4016 3884
562 7796
3154 8160
5510 6102
9401 7762
2959 2728
4321 3833
2541 2322
3442 3370
987 8613
3443 5410
9789 9183
1064 8326
7106 7230
3887 2701
1976 572
4336 5645
4789 3812
8690 6349
1833 2775
7914 8590
1098 9078
9904 3427
1609 2612
4054 3232
466 6915
8892 714
1309 1048
4527 9590
830 8927
9386 8941
3266 4205
8335 7060
87 7925
7853 6224
1511 7693
8416 6221
2682 7442
8097 7524
8784 6248
669 5958
810 8158
1146 5721
9977 5851
1440 8163
9305 4131
2728 7494
9273 7455
9499 7529
1964 2808
6240 783
9209 9258
8294 6991
4762 3844
1982 7152
9891 8816
2165 7017
8375 9450
4935 5420
979 8618
8066 6647
8694 7635
20 9206
2026 3341
1744 6206
9535 8223
3986 3568
1821 7091
3408 9635
8602 9623
1365 6304
55 9172
1498 161
2758 86
7476 5487
8998 8140
9507 8008
2648 6725
33 4669
977 7247
117 8195
6986 4842
9298 7376
1394 6483
9699 8196
503 7754
9981 7555
1364 7107
375 7178
8443 8677
9728 3820
605 8543
9360 7863
8904 6829
8876 7890
7099 1210
9150 829
9729 7675
1905 5642
1178 6226
2797 5010
561 4671
4619 7686
9056 8360
7323 5640
404 7186
9886 8756
3152 884
1692 5363
6554 7767
7884 545
4082 2480
6492 4036
9770 8242
1505 6714
7338 8504
9305 7477
7840 5215
1064 5687
7847 672
797 5572
1743 8846
1866 295
8138 5165
2561 6598
2604 2606
3063 3309
9488 7882
9671 8403
783 7739
3020 6465
1216 3843
8828 373
8181 5239
394 8439
606 8893
9743 6298
9283 6960
5201 8710
9099 9363
1494 5648
1748 1354
4951 7781
8431 700
3809 7848
9555 7684
9379 8343
376 7878
3637 3144
9811 7353
1261 7508
6079 4881
1376 7098
8131 1585
2491 3716
385 7059
789 4507
9217 8057
2982 6205
6776 4805
7440 8897
9169 7324
4777 5242
3108 1069
9894 9040
2302 2900
3639 4268
556 3136
1737 5123
9961 3733
2464 9918
9171 69
912 9061
1242 8298
698 9065
238 9638
6950 7613
1732 9492
1677 4928
7624 6740
7673 9485
9396 8027
3645 5870
1527 9068
643 4475
648 5963
9219 8079
1496 6465
8024 7487
9559 6952
8291 5774
249 7818
9298 7167
3688 9336
1384 8615
1879 6370
9457 9564
9439 7462
801 9054
8548 6446
1688 2470
1265 5662
5538 3897
1227 5388
6 6366
673 6253
2795 6579
1082 3447
901 9433
7524 9393
2271 8663
2164 9583
3719 1469
4621 8758
275 6365
1492 9190
7756 5605
3304 5836
4580 6600
8619 5315
536 7461
166 6705
46 9440
3401 274
1117 7443
6748 7707
1415 9510
4918 2076
2682 3296
8444 633
69 1686
4176 4557
9499 1083
993 7175
8538 9527
4848 5224
8893 9593
1464 6351
6714 7421
2297 9367
701 3467
790 9695
9460 2888
9706 4112
1037 9670
