3982 3159
1572 3040
3627 9594
4747 3636
5807 4281
7120 2879
4239 1616
9880 4279
5003 700
524 4193
1881 3395
7172 1775
992 4545
6755 4879
6818 4261
7797 6635
3453 2616
1457 4510
4214 2467
6728 6039
6700 4372
3700 2493
9449 3548
4695 3557
5850 8650
8782 461
6176 4799
1607 6013
7361 6607
5221 4179
1784 7357
4073 2616
6110 769
4395 8665
3790 2404
5080 3264
229 4927
4935 1961
6516 5886
6715 1504
4245 9638
4658 9142
3389 5632
4151 3075
4434 6801
738 4633
3266 7624
1710 5067
6702 2733
1258 5742
35 5070
9393 4024
1090 6024
4330 7247
6553 1432
5015 3823
6671 5109
7356 880
4692 3160
3375 1114
5962 5323
5421 9057
5745 4431
4132 2899
6303 5643
8698 7049
7071 4688
3415 9018
9036 4820
4664 8278
8067 6746
5902 2019
7926 2615
8047 2734
8313 3131
3312 1054
8558 7001
6325 9715
8707 4110
5004 3376
9949 2818
8664 7504
8833 5637
6442 3573
631 4431
4256 2027
6460 4948
8758 5323
5962 4662
3310 2041
5865 3844
6803 4213
1534 3807
3690 2954
7155 6748
578 3884
8799 3923
1124 3756
4379 2627
6036 4067
3943 2990
5885 2217
908 4271
4411 8357
4610 3081
611 4173
6549 5253
6165 8525
4683 9319
9856 6014
6089 4460
4431 4107
8235 6037
5926 4173
2866 5284
4080 2061
4030 1724
308 3857
4382 5144
4121 3401
992 4907
1777 4212
4824 1822
2396 5380
4651 2007
5011 5706
6221 5276
9176 3895
3503 7018
9719 4152
9439 5675
7251 9196
935 4238
2785 6082
3126 8370
4780 9485
5267 3852
5468 3842
421 2970
4533 2563
5046 2959
7281 8010
6801 4831
5138 8811
4910 3709
1894 3951
4304 2578
4712 8968
7365 8692
5348 4694
2387 4872
8007 4483
1836 5672
6563 8260
6922 9919
5515 32
1901 5899
2822 2096
4493 3142
9624 7958
180 4462
9186 3275
4467 2357
4268 3051
2813 1718
3751 1345
2703 6425
9399 6119
9883 4353
1399 3321
4005 9758
9985 2015
7102 6871
4247 2201
361 3072
8039 630
3211 2011
325 4318
6897 4861
6450 2097
9098 5898
5269 4131
4766 3830
5069 4115
3000 2721
8692 4801
3343 6498
3149 9522
4728 9325
5023 3837
8439 2424
8417 6448
3669 1662
268 4695
7399 961
7639 3386
3438 2067
8323 6688
9817 5877
7777 6654
7223 8957
7077 4046
7597 4719
5886 4638
3396 1512
2957 2154
4262 9769
2663 2183
5680 3990
3643 1407
3963 2684
5074 4445
4109 2738
655 4862
7111 7854
5875 8533
5605 2912
9014 5085
959 4468
8712 4774
198 1755
6009 894
5683 3771
5813 5040
4651 3066
328 5635
2602 5034
7258 6817
8544 2203
7615 4592
1968 6208
6289 4987
2470 6702
8569 6177
8194 7203
1045 5806
1814 6406
4793 3244
1360 5818
9452 5450
91 3202
1874 2265
8286 2590
3092 6614
9985 5303
5626 8605
7763 6934
7952 5939
2827 2146
5295 3774
7359 5452
3972 1196
2425 5787
7229 5617
367 4817
5627 4512
1549 6629
6601 4309
6618 2174
8346 5969
5926 9531
718 7631
134 6537
7643 7547
7513 6135
1558 4755
1659 4541
2199 5327
3278 6489
321 4315
5921 4424
9964 3518
5620 4594
4393 3543
2517 5344
4778 254
2516 4881
2923 1858
4927 3333
186 5676
5949 4787
4590 1878
4770 2473
4369 3459
4865 4059
6543 8402
3277 1806
1935 5347
6865 4499
9300 2823
3132 5738
1768 4852
9330 3501
4861 3271
4188 7990
6813 5135
2591 1469
1544 5471
7117 5397
7107 2571
1552 5066
5339 3807
8904 4570
7784 3493
6370 4147
620 4695
7291 5784
5701 3512
3573 3121
6273 4507
1279 4278
4224 2673
9972 3611
4273 3203
6057 3561
2148 6542
9298 6397
1077 3115
6829 5200
6770 4922
264 7823
9967 1973
8171 6098
1977 6004
346 3292
553 5064
6392 2337
5412 3369
3861 2248
6798 1722
9159 4926
1439 3058
3522 2135
1606 6591
2916 6773
6933 5302
4553 3140
1116 5424
6430 4282
7316 3481
5886 4456
9862 8317
3207 9564
8733 4930
6069 5233
5646 4084
2414 2209
231 2919
4267 3295
2236 5073
5171 4101
3435 6291
5085 8864
1670 6895
714 3598
4232 9186
3247 2793
5271 3779
2007 4423
7512 6784
4006 3110
2610 4362
2873 1038
5480 8346
895 7010
193 6082
358 3108
6603 4339
9050 4462
6083 3824
8325 2071
6425 4180
7981 5843
158 6088
5731 3363
4754 4055
4248 3002
6430 5207
4628 3421
1993 6204
6328 4503
2369 4258
4036 2701
4752 842
5283 3349
9093 5600
4742 3281
5926 4636
6372 2251
9785 4287
6213 4976
5190 2254
5368 3563
7096 4905
6577 5756
7247 5303
4054 3774
4763 3578
6639 227
4604 314
9733 5435
3719 1992
7420 2378
9374 4688
2288 7289
3537 5655
3142 7847
5913 5223
3264 2598
3942 883
4586 3419
5916 1045
6794 5246
6081 4797
5369 3774
5295 3596
8098 5861
9570 4775
8137 8961
6043 4780
4858 8573
3247 2392
4226 3616
6855 2461
3175 6308
277 4071
5613 3771
4302 2860
9606 5460
9707 5512
3603 873
7767 742
4405 3883
3311 1775
5714 4716
4462 2449
5936 3377
2122 2166
6043 5157
5385 2051
720 4124
4953 3437
4519 4237
3152 6333
5205 8765
6964 5634
5697 3845
5142 3870
116 5016
3829 1166
1657 3908
7034 3990
5456 5881
6385 4484
6302 4239
7301 6487
2239 4004
6475 5451
7936 3798
8303 7774
2619 1363
6489 1441
1655 5542
5528 3807
9614 5288
5619 8266
8652 3763
4772 3006
2311 5447
1354 5541
298 3316
7520 7397
2471 8065
2122 6438
4109 2271
4567 2731
1831 5471
1757 6852
3968 3207
6223 5774
6980 4432
6945 5872
50 4428
9695 7249
7461 3811
8989 4719
4151 9034
6622 4562
6805 882
9145 6791
4810 3922
4837 2856
9506 3535
5449 3082
6244 3456
3548 5604
6471 5332
3952 2170
6725 2597
8436 5931
5238 9036
8334 1453
3272 2587
2920 6547
4077 7957
6844 702
699 4814
576 5912
118 6080
3917 1943
6836 5066
5239 4970
3049 5678
3967 232
3516 1766
6339 3860
845 2262
2618 5064
8017 6086
3797 6047
3100 5085
5819 9831
3939 2613
5400 3450
8174 5175
7017 4439
9732 4367
6634 595
3675 1219
3486 1859
2789 9906
8585 7873
3279 6624
5243 3246
6113 3660
8811 4420
5268 3815
8626 6580
9623 4316
3963 468
5636 4485
2497 5151
7830 1142
5854 3521
1494 3826
9562 6795
4251 1554
4891 4358
3707 2860
570 7242
5372 4173
2963 8467
4481 2757
1522 4436
5117 4297
8278 6130
5430 3723
5163 4035
6766 5355
6830 5358
6452 4927
7096 4336
5908 3353
5045 3262
4659 4102
8370 5328
1673 6331
6142 1732
3789 2803
8922 6070
8519 6229
7158 5327
7578 5922
4916 3367
6546 4790
5684 3105
4233 8060
4161 8947
2687 4879
956 4820
9641 4630
1114 4112
7179 4995
2486 157
1653 6074
1993 7216
7282 4342
6555 4978
6508 8829
4352 5905
2713 7542
7139 9873
6656 3916
7049 6053
6429 3190
7796 4172
5193 4296
8501 7460
3940 8440
1974 4188
3381 8751
7267 1189
691 4377
1571 3416
4053 3658
2508 7136
9933 3812
8101 4228
6771 4247
1742 5635
9441 5830
7465 6888
3171 9542
6390 4555
671 5725
4166 4038
8019 6022
201 7533
5776 4360
8263 8872
4993 3825
9529 6217
4393 6161
7463 7220
223 4155
4915 2612
4117 2214
4274 7274
3263 1259
9616 9083
6840 6045
3093 1113
8797 6703
1556 6401
7207 7815
9124 6451
7834 6345
9468 4903
3929 4103
5869 3122
3657 6533
6140 4906
5552 3433
2257 4489
8250 6408
7171 3120
4660 4825
7665 5260
6808 5203
9619 5346
8287 4102
7438 7680
5659 4346
2081 5422
5153 2915
8212 7482
9544 4763
9353 5321
6023 5754
6936 1938
6685 9010
5760 4477
5585 3075
8466 8130
4918 3682
5500 3382
7341 720
5315 4639
6003 210
9231 7466
162 5317
9830 3692
9274 5707
497 6061
7209 1156
4552 2667
3481 3166
7068 5229
6552 9523
7401 6192
6313 4582
1606 4285
6659 5466
147 3238
6381 5638
9943 5829
4811 959
9335 4252
5723 30
5753 4330
6457 4684
449 3814
8662 6109
7829 9793
6375 4511
6104 8456
5880 3504
12 4218
6707 5744
3907 7825
4707 3058
4381 2250
9389 6321
4906 1479
1221 4991
353 4367
285 4223
1189 4639
1052 3569
3397 6429
3897 2694
6599 5145
698 4905
7707 2093
8739 3561
7560 6104
7057 4986
1440 6463
5313 4026
5773 4038
3506 2171
8740 5350
8447 6427
2550 6300
4663 5894
9249 4571
3529 7771
4473 3268
4085 9282
9876 8641
2915 1977
5856 3919
5631 3819
436 6328
1712 4648
5474 4537
1086 5692
3122 7635
2867 7683
3202 3323
4569 3213
4594 3157
8969 5424
3521 7753
4976 4143
3563 4524
7028 6598
4674 3652
4486 2787
1858 5893
5320 4447
9523 3255
6679 5388
4767 4225
5484 3377
7586 5940
126 4858
3850 3665
5297 3160
9538 3231
6789 9070
5212 4114
6691 1853
7366 6220
5278 3174
5898 5582
6846 5012
9743 6665
4573 2922
4105 4156
6206 8462
4235 8305
4732 471
5394 8327
4724 8981
925 4951
6990 6728
7040 5664
6632 5699
282 3771
9641 4438
6526 8570
6990 4095
5627 3690
4790 4115
4090 6983
4507 2347
80 3645
3248 8394
7184 6193
6520 5646
844 6787
519 3701
8864 2796
530 7530
1298 6328
4507 8866
8837 3691
5676 945
1316 4265
