635 9785
2613 5789
5622 9056
4923 2550
2529 3422
9936 5504
2441 3736
7069 9976
5568 472
9771 6358
8617 2878
4009 3396
970 4014
5819 2287
7182 3119
2071 7586
253 9975
6396 2457
8705 1459
6405 1630
9964 5041
5762 450
4372 2154
5892 825
5355 9251
2225 5038
8059 386
2190 5425
8786 2728
6021 1469
2909 1725
6831 282
5935 1954
884 6036
9986 5738
3232 1619
4748 2782
9538 3095
6980 252
8028 1975
2922 2198
3465 5991
1725 9559
9452 2506
8125 2838
6213 8994
2036 5241
3020 4081
2515 7710
7538 3405
7209 3458
3398 2145
8594 5379
4278 1193
3390 2955
4812 3031
7688 213
9862 4094
2177 8483
4457 9511
8537 8883
100 6215
647 7269
4812 2011
4375 1912
8876 4584
3315 5148
2976 6496
3269 1227
4921 2412
5700 5686
431 6988
1144 9899
5089 1996
6635 1134
1763 7585
1699 8989
5282 990
9154 2179
458 3335
9081 370
1088 9509
3511 1263
3922 3210
6435 151
3317 6007
9984 7224
5309 9503
6134 330
9702 8301
3915 5166
4970 3914
6009 1894
9206 9800
9799 6531
6886 1264
729 1537
2631 5167
9606 3345
9408 5325
5942 2231
1969 1642
2943 167
1993 7768
3663 2610
857 4184
9098 2386
1447 3897
8178 1724
9930 2944
9389 4426
5757 2023
9102 2118
3630 1609
2399 8154
874 4282
1520 1114
1785 5460
4915 819
3544 3668
7414 3081
3094 7669
3655 4429
2449 9161
8464 2397
7778 1237
8714 9998
5298 9434
4175 4181
312 4627
191 1210
8170 1779
2518 6435
5740 4702
5650 635
8104 531
6689 1495
6519 248
1338 6618
633 3568
6810 73
9642 4687
5995 516
2516 2574
7196 3909
9203 1127
8934 5521
1061 9747
9215 2282
8809 8406
9683 5663
8129 2658
5770 9824
4855 6397
9920 2875
9679 2004
1432 8207
3680 6021
7272 889
5379 2229
120 3643
7990 4543
4724 1632
8408 1520
2404 6502
478 7152
1028 4568
4409 3463
2914 6771
4532 1965
9187 2170
7910 1289
9066 1880
5153 2923
7142 2612
8618 1375
216 3643
3338 7354
6530 1029
4650 4010
4900 2733
9234 2528
1043 8116
8587 1536
8252 747
5664 1161
4829 5153
943 3837
830 4216
1052 9522
5134 8687
4984 2741
7327 5003
3711 2050
6884 3094
3328 1513
8111 7461
2153 7971
4344 147
4540 4278
8069 4017
4280 1569
5326 9122
4122 5571
8684 2255
9653 149
2456 5403
1695 5399
3236 6646
1690 8978
8996 1047
8124 2915
6449 1826
7079 3836
5397 1292
4639 967
6159 861
8487 2329
5974 2783
3885 3546
3064 4593
6726 4453
541 6543
2063 4519
2584 7897
7950 1334
946 9508
3135 2932
4720 2617
7464 7456
8650 5217
8649 8645
5510 4081
4352 4460
2611 3160
2597 7472
1983 7649
979 4702
6266 2276
6321 1425
2585 1585
5260 8610
695 6758
9509 2467
6746 387
7880 4136
2694 5055
704 3307
1111 4296
1507 3878
5390 1284
8087 422
9882 582
1082 6502
4419 558
3785 2227
9989 9870
1165 4532
4359 2926
68 7791
9756 869
3023 2871
9801 2854
5393 391
7334 696
3409 3800
8415 3634
6565 2266
2955 5979
4661 1134
6240 3152
8109 2642
4800 1310
4249 771
8538 7981
3536 2583
1580 730
1184 2060
8234 9723
4331 688
4019 5696
4647 835
719 6417
258 4222
4257 2626
4184 3307
2556 4127
5139 3103
5301 3174
7804 9199
7791 3658
8089 54
9939 6993
5523 2958
4962 2387
1780 9000
2572 5401
4828 4824
6253 8819
5144 1088
9400 2541
6696 7201
4873 2351
4783 3580
59 3478
948 3905
3235 6266
515 3501
5244 2105
5584 9856
7293 869
2779 2208
9960 7838
2807 1623
4392 3987
1894 7938
618 3477
6109 5567
6338 1854
8498 8699
9449 8018
9266 3723
8921 8536
165 6231
2635 8872
839 3701
6990 2274
244 1438
5929 3232
3410 70
2090 2494
982 8323
3858 8586
9365 2807
9551 5307
8536 9103
584 7001
2711 2292
5345 3306
9271 3047
5263 1677
7868 1105
4047 2222
3270 5154
9582 8272
5640 9657
9168 3946
3656 4286
2093 1452
3512 3366
2935 7555
4560 2865
4688 2794
2294 8681
5226 4931
5669 662
4072 5707
6643 2732
9235 2571
8795 1738
6877 3057
987 9214
5586 9569
3227 3000
3792 3950
6308 1188
9273 4278
4648 1796
2298 968
2919 6029
5517 1607
5751 2439
1412 3203
106 8009
9267 4567
6996 2473
4380 3329
4377 5884
3194 3362
6663 2669
5168 3524
3448 2055
9123 2981
6317 8713
1167 6498
2420 2354
5299 1478
3809 3104
2278 8277
830 9393
2162 8749
9918 6775
6159 795
3319 3496
1986 8016
3001 6960
7490 2339
8465 3938
4720 2075
6374 72
7204 2098
2953 95
537 3761
4318 3749
418 6937
6240 2305
5287 2299
7466 1173
2742 4341
2993 4350
9487 2926
8512 1663
4250 2967
8442 3572
1502 4430
1383 2096
3214 400
2357 6103
3270 5930
9276 5707
748 139
764 6243
6215 47
9663 2706
3822 1549
6402 1042
5835 1303
3740 860
6558 2610
4914 444
3073 3017
9415 8220
5418 791
5925 1907
8848 4982
5165 1374
8038 1083
6693 2282
8175 8309
3592 4372
807 3854
4488 9753
2612 8445
6825 1427
3618 3499
693 4125
4391 2928
9458 8483
5598 614
8215 4171
24 8954
7559 1499
2959 9968
9158 1128
9971 7674
1080 2175
2530 7603
186 1324
5928 870
4869 1609
8626 1630
4613 371
4671 9757
5123 451
2336 5522
6313 52
2203 3290
1137 5454
6998 271
6414 2197
8195 3514
7244 5665
9599 2648
829 5841
373 4151
2000 2140
4684 1684
4202 1415
5417 4307
8998 8560
4611 2383
6034 2186
448 6652
3364 3443
2385 4718
9565 3185
818 3073
7764 9855
869 2490
2295 8189
4354 3135
4570 1429
2626 1900
3657 1328
3428 3729
990 9052
8535 3331
232 3119
1342 8698
2343 7457
1859 5281
2617 7867
6180 3166
3472 2203
7918 1004
4244 3375
754 4094
9590 5474
7287 643
9695 2787
6523 1717
7989 4609
305 183
6916 3198
2649 6772
3248 3663
6308 3616
4835 9981
4247 4069
515 6557
5478 2210
6780 3602
9684 5203
2319 4102
921 6696
2897 1873
9250 4373
5815 1495
2295 7784
3476 4527
2556 6693
4658 2583
5015 2332
8925 2446
135 5899
4855 2441
1292 3993
9952 309
6590 719
9227 5237
6224 732
2342 3151
5224 3116
3665 2360
4519 2528
7887 1029
7571 8148
386 3787
6294 4350
1940 8369
6708 3172
5370 3593
5179 9209
5727 2015
7147 8723
8872 3989
8568 1521
4215 3293
5476 959
9420 596
4928 880
7132 3621
1575 5378
4154 668
4393 9352
1210 6030
6520 2010
3907 1721
1022 1113
4084 3916
7002 1781
1003 9245
9506 2828
1429 5808
5987 2059
8870 2645
4116 439
1499 6425
6232 1072
3368 4319
5083 1014
7787 2352
6995 2690
4708 1900
2629 4910
3376 2364
5340 3672
47 7070
7415 759
3 7549
7406 1595
2669 7710
3891 2428
8930 2542
5222 8649
5185 1668
196 9795
7475 666
8746 2141
1583 8351
6625 239
4652 3685
495 7885
6630 9897
3688 9280
8993 8034
401 9693
7294 2158
3185 3137
7530 4012
5308 966
3079 1340
4890 3202
2386 2932
8702 5145
4333 1191
8416 5187
7610 9642
1777 8099
4301 1495
2262 7619
4554 1684
7469 1777
2547 1354
1620 7963
4102 3918
1577 8428
382 9297
3812 311
9053 8871
4713 1048
8947 1808
8349 1197
8404 1798
391 9876
5981 2792
9510 2568
4195 6720
181 3915
5761 1315
7699 1811
2624 4803
2312 7426
4173 3937
2995 923
8731 2799
4343 2655
14 9781
9324 5159
6091 1571
5450 9159
4315 7022
3386 1702
8719 9115
5955 2906
5866 2163
4813 2042
962 5760
5353 4387
1950 7478
1856 3511
2098 3026
2317 5038
3383 2218
5436 1532
2360 5921
7989 1398
7 2553
8336 1771
8711 3872
5895 1408
446 3018
2630 7331
7276 1861
9674 2927
1658 8892
3022 1955
3398 6901
6309 477
7403 2594
5018 3206
7895 7406
2084 5482
2250 2625
2616 7023
789 86
9982 9809
356 9881
5450 8507
2333 5112
2863 3642
6369 3264
3369 1775
5011 1217
6255 133
449 255
2787 4159
4112 269
3614 1960
3211 7443
3018 3503
7740 9948
7473 726
7887 3075
2110 5219
9536 8047
3255 6893
3519 2482
3826 6983
3781 416
7681 1011
8716 1758
3396 5291
8832 1771
4123 799
3912 2678
7550 3691
3397 2650
6403 637
402 3818
9950 4748
6003 3574
506 4064
8412 9186
3561 2767
557 7422
6618 3060
959 7164
8542 1973
2158 4608
3000 6989
1938 5517
3752 1907
5914 1793
8081 3192
4207 2231
8426 9355
6229 2708
5800 3861
3152 6723
7781 1093
6561 832
627 140
1462 1490
2635 1676
9811 5366
7567 3074
8551 1914
2867 2965
9655 6040
6806 8247
9920 7515
2008 5297
8764 2314
3518 540
2168 5435
5816 9741
2720 807
9255 8531
4523 9508
1376 6508
6403 241
7424 2145
1918 4594
2936 4605
248 5597
3636 6804
2015 5457
9280 3901
4291 8721
770 6981
3449 6825
1503 4388
7808 1460
4571 7692
3382 2732
338 9795
3282 2654
7871 335
8253 3945
5675 2531
5259 1960
5811 1381
5341 965
2297 6231
3157 4874
747 9752
9186 1346
6862 2215
5344 9759
5108 595
8829 6292
4559 2488
4438 1057
7329 3444
8356 4141
522 3474
9948 7410
8660 5208
144 9956
