9910 4055
8650 3446
8603 5348
7495 2402
814 3371
5409 8027
6156 8627
1980 1998
578 6779
6988 2723
471 3535
2400 5434
5122 2103
2906 8522
5069 1054
8941 1807
4624 8004
147 3056
8905 4108
9223 3591
3644 396
7486 1813
3430 1199
1948 4864
4857 1238
667 1478
9479 6424
9144 2251
5772 7962
9286 3674
9816 4141
6218 6099
3928 8669
1945 1704
6878 3256
8500 5056
868 6339
9575 4954
5855 1446
5368 9702
8926 4508
228 3934
33 4360
7579 9319
54 2833
8359 2749
1028 4997
9684 5373
3968 9900
1956 1569
1308 6381
2545 7891
2719 1628
167 6413
2975 7048
4785 8429
8432 2190
3979 726
5335 9646
9366 3253
7837 2636
8507 9539
5436 7105
8568 9280
5062 6388
1378 3300
2334 2963
6339 206
9313 6899
7676 1663
5959 6746
2806 5262
3892 8171
3177 4433
7301 9751
3168 1068
5345 287
7844 8538
273 3406
835 5501
1394 3262
6897 9756
6763 1036
3856 1423
1373 4380
9640 5990
4221 1036
6287 2504
5082 9703
2432 4800
4371 8052
2533 184
1159 2470
836 1798
1026 4012
8401 7283
6707 848
5088 6893
7924 4478
4419 9120
4033 2916
9642 4324
6155 5228
8455 8175
7785 1043
3617 7971
3613 1557
8229 3402
6484 290
9726 4332
3143 6730
1793 1816
3855 9676
2917 11
9696 6137
2378 3409
1139 5084
8425 6440
5978 9710
3946 7508
3940 9145
4127 9627
110 4017
1585 5188
9713 6073
6157 583
4467 2093
4855 8096
5945 8513
6900 1130
6134 4099
7164 2488
6141 1087
7293 6583
3424 8316
7805 8192
4616 8326
2346 5816
8247 5764
7482 3099
324 589
3082 9366
4 7656
4709 435
4950 659
7522 5862
8365 4700
5185 9669
8882 807
4139 7885
682 6807
2534 9524
8307 9615
3734 8919
8572 2289
6407 4216
6294 812
8693 7939
201 3349
8540 5729
3648 7921
2146 9155
9733 4352
7862 310
8373 4596
235 6379
1313 1071
306 5774
9700 5981
6987 748
8623 4051
286 6955
3143 8297
409 7044
1013 6417
9276 7877
3203 1923
100 7121
6933 2088
7699 1469
6368 3726
9988 3104
1388 3581
465 4482
7647 5232
2620 802
9036 4890
5463 9537
529 4759
1697 3518
7557 4795
3223 6986
2123 4947
5283 8798
3933 8323
3160 779
3414 8243
7357 5929
1335 4877
8441 4945
2076 5555
4857 9044
6907 1290
2478 5260
6913 5623
6037 6218
1972 5406
7739 2970
4941 8386
6826 1557
8448 4715
2406 4499
513 3349
1857 5223
5948 1724
1898 6136
5281 8171
2454 5716
6553 4525
3631 9399
219 2471
2498 1045
464 3578
2522 9890
4149 6225
9174 7344
7948 3619
7177 1527
6767 4661
3501 1076
9088 2545
2646 153
1431 2841
8058 3747
6884 9932
8704 5161
5845 8752
2187 133
7252 9114
134 3797
6609 526
7900 1351
7125 9558
6749 9335
5705 263
7143 2162
2965 9296
2800 8981
8020 894
6987 2436
5480 9943
1435 5592
127 5361
7075 5648
6041 5815
2404 7040
1678 5099
6467 4126
9622 2111
105 4314
4320 7755
5705 9289
7623 952
8298 9767
9579 7918
5901 691
7331 542
5240 8920
9048 3025
5414 9719
4819 9290
895 2321
4977 580
6923 4634
7045 5136
7799 5836
6410 2410
4812 8338
8519 5924
4579 7480
9590 5815
1271 4405
1627 3951
5832 7775
4237 8125
8945 4046
11 4080
2373 8997
7036 5670
4280 368
1126 4581
6688 4169
558 4496
6140 1987
8174 4833
6465 6101
7542 4742
9425 3892
1328 3776
6263 4992
8775 5476
3051 304
3662 8680
1888 7896
2109 5649
5053 9372
9478 2860
1632 251
142 3238
6200 2010
5823 9015
7558 3172
6586 4535
9873 2455
1330 4873
1847 642
8228 3869
6433 411
6793 1230
5593 6850
4172 7502
9621 3915
399 7347
263 3411
5027 1191
9171 4389
6726 3400
4408 9435
7588 27
6825 1685
2465 727
169 3641
2441 4818
4389 5913
7059 6318
9672 5430
7786 1161
6332 5742
7805 4994
5248 7300
3881 9216
6827 1767
9251 1900
8750 2283
7718 4031
8365 5020
3955 8802
6891 4677
2170 5101
7915 4972
9323 6620
8446 4626
9871 7755
7661 146
683 4495
1752 2983
5317 9268
8298 3812
3749 834
4224 9111
9722 7479
6196 53
8263 4873
2031 5719
626 2932
3975 9831
8768 3715
7711 2828
5715 9390
6193 6171
7672 4325
3029 4412
44 5801
6305 9777
9144 4002
6082 2538
5039 7068
4743 263
9457 4053
2730 9485
6712 310
8786 2960
4475 9744
7724 1738
5449 96
5860 9502
4967 2707
9035 4189
8385 4620
9917 6554
9272 3369
9766 2858
1217 3210
2746 6060
3270 831
6441 4556
1728 4463
6284 8639
353 6951
7150 5892
7610 1846
7015 5182
9463 3872
1208 4603
2642 9260
2111 5670
9080 2502
9093 2859
3850 9898
8962 3944
2112 8631
4499 9431
6708 8584
4542 860
8774 2999
7609 4474
8716 6045
7946 7277
7029 6940
7159 2449
4688 9721
6467 9964
7733 4945
6941 1738
7252 9825
186 4182
6916 1663
2628 675
3945 744
1045 4446
7043 5010
9439 4785
7495 957
7949 3778
2754 2077
5252 7669
2420 502
3263 395
3530 5992
8075 5580
7738 4107
4206 384
8848 2367
9390 3226
3483 8397
4191 917
971 4627
8218 5098
2408 9945
3047 6554
7720 958
1135 3185
910 4873
626 4449
9114 6305
8099 3825
4367 9755
8674 2601
2637 5761
7998 5359
7465 9811
8077 2620
962 2030
6070 554
2859 9993
9049 5943
2205 847
2956 3775
5067 6706
6688 6363
4063 727
3283 225
5176 8190
9824 3166
1116 5916
1877 2222
9640 4397
6099 2023
9266 4354
8169 2967
1519 5650
4590 5442
7608 4010
5223 9717
5249 7640
9384 5249
8589 6973
9916 3532
3956 627
6174 1168
7330 2177
7131 1550
6903 8773
5635 8340
7393 5262
7843 3113
8044 3493
717 2630
4692 7569
4349 8389
4390 8161
4202 8855
5339 8063
1669 5795
105 5397
9511 7369
35 466
5756 1697
6630 5846
1438 705
7842 5969
5405 9423
4267 1567
5498 6780
8093 7546
6930 6659
5939 6522
7424 4409
4861 9472
6367 1069
5282 9883
6616 1355
2144 952
2075 7772
7390 4294
4959 9894
46 5050
9167 6581
4450 7146
5058 7276
6782 8990
7441 1078
5272 9060
1700 1842
9600 5007
2816 8547
5556 8423
2920 1703
1492 7981
5436 110
6501 9739
856 4393
9515 5295
248 5129
9392 2183
3793 65
7282 937
3720 7916
1523 9631
6676 9865
3352 170
1506 6460
5369 7384
1530 5496
3533 1283
3257 8847
839 6640
5494 581
1250 7266
8999 3029
9550 3150
9193 6439
8317 5048
3308 9661
9836 3098
1413 5194
7950 1993
3707 7838
6522 3930
4027 9011
2330 1366
7127 873
4583 9485
7276 2811
9216 2105
7957 3438
7105 7786
508 6414
8836 2220
5119 8144
9507 8148
8253 2933
3844 8764
9436 4570
5297 2143
7557 4020
2043 6120
3649 788
6140 68
725 4133
1968 9500
8487 3145
2781 1405
9084 4932
656 4546
6478 2705
9098 4211
8633 3208
5789 3544
8687 5641
2351 5958
8679 2250
1086 2738
9497 3380
2094 5798
8190 3541
9562 895
3041 159
624 8296
1469 4434
3152 112
8439 993
9508 4725
5203 4835
2157 6119
3309 989
8885 1326
4806 9238
9775 3793
136 2992
4615 9954
97 6289
1839 4646
4247 4283
952 2886
7590 4835
7542 4795
4168 463
9609 3855
1107 4715
1579 4305
7790 5107
440 5554
7236 2217
1677 3937
2610 3068
7437 1313
4243 7943
7666 480
6673 9041
5179 7640
5933 6549
8571 4378
7082 218
1035 4564
3431 416
5932 164
4177 8778
6608 1201
2212 6288
7909 5356
1113 3189
6222 1013
3911 918
6185 893
3798 6392
9129 3097
9190 4684
791 4486
4434 1224
3526 716
5012 8681
6210 3128
7651 4288
4807 7504
7778 954
4441 445
4256 7499
8216 4572
6192 864
6167 3431
6960 1657
7712 865
609 3822
9453 2811
5146 8464
9127 2381
9345 3763
213 6302
7935 7960
9823 5876
3747 6174
5560 9439
9107 2686
7775 2763
4837 166
2093 2664
8041 2217
1047 9529
3379 8106
6234 1265
1092 5479
1401 2680
8360 3291
6982 332
6927 1717
9954 6579
9629 4317
1516 7869
3449 851
5437 859
9519 4036
5429 9733
7893 3254
5024 159
7323 9139
5131 8736
1489 5416
3832 9237
89 3372
3895 4329
4616 9480
9381 3055
3476 9480
4656 3375
8446 7774
9500 3906
8984 4151
5396 8118
4303 883
6803 1399
3590 53
8048 2080
7829 2307
5116 381
6775 9976
6151 6860
7996 6374
790 4116
2898 5289
7840 5223
5101 319
1927 1445
7236 3873
7596 680
9466 3247
6447 1754
3659 6671
6589 1191
5015 7226
4511 633
2818 1909
9736 874
4642 9613
5426 3431
722 4201
5468 6811
9617 2518
6366 8437
9837 5639
8905 3453
928 4952
6952 5974
9044 3388
305 3140
5892 9475
6459 2105
8220 2214
5104 7531
3657 488
1223 6339
5171 787
3056 128
6691 6310
6911 5505
3773 9168
380 5399
2537 6073
9122 3855
1477 5526
2251 1524
3549 9289
4731 9304
8135 2493
5515 1127
6194 9143
2855 250
9711 3670
8084 3094
8612 2795
2658 4916
7543 622
8884 4157
317 4897
6664 663
2174 5221
8714 2681
7875 6056
7624 2044
4699 558
3324 841
8245 7962
4412 901
140 5538
5078 9887
6321 9732
8876 1696
7973 2426
1616 6247
3984 707
