9983 2956
8170 1826
7973 2035
4515 3640
2234 5222
5299 4616
2480 5552
7155 4557
393 3463
8111 9571
1975 559
9239 2156
655 5854
5672 2106
1023 7440
1685 4908
7344 1558
8015 2400
8557 4050
1797 5494
6428 1204
1703 5963
6823 5108
8499 4575
29 3707
902 9212
6284 7621
5344 3585
772 9758
1058 2805
554 3946
6597 2339
7166 272
586 4554
7673 1351
8767 1631
101 3820
1965 5599
1391 5333
509 5619
8041 5975
4112 4688
5494 3407
5863 1553
7367 1430
1256 4879
9430 4739
8851 8571
1339 3345
455 4592
1896 4431
5043 1652
2235 5944
8057 3713
5725 9432
648 7201
510 3234
8239 2954
7410 1647
4675 847
7687 244
9123 6253
902 4521
9926 7233
9742 6249
9234 2166
6169 9435
1817 5827
5835 5227
7240 552
4513 3041
8267 4723
6240 2023
9817 5232
9216 3969
2372 6085
7073 9191
8029 501
4894 7019
929 5153
0 507
9619 4987
5314 1314
8461 6269
3887 5351
312 4147
5341 4971
9973 7587
4695 3538
9942 1592
140 3793
7894 806
1676 5688
321 2404
1 4272
9790 4981
6333 642
6410 2323
8343 6151
4772 3776
9493 4218
9361 3690
6215 4460
8263 1957
311 5755
8019 1569
8416 4414
5913 2029
6757 5948
9495 9386
3932 6544
7541 242
5592 2724
8303 61
3766 2567
9703 3929
8316 1330
9282 5742
9093 8835
2031 4236
4229 2962
3239 6604
627 5048
8551 4589
372 8205
5059 5796
274 4762
7969 7360
1221 3711
6666 837
7090 6754
7376 2016
9390 167
6232 981
951 5702
3888 3846
8448 5790
1783 5684
9020 4286
9406 5395
663 5235
359 3283
4432 3424
1477 3533
4969 2317
6643 2367
9644 4876
6204 4064
5593 1924
9000 2367
7604 4387
5921 3950
3476 5603
432 3946
8618 2539
8114 800
1797 6606
6236 2640
1253 5078
7448 4493
9125 3395
8498 2470
8052 2420
3376 6015
4966 6084
9817 4287
9970 3208
6779 956
1741 4779
9367 5646
7329 7952
7754 2326
8179 3027
6820 3227
9958 5485
3408 6349
7814 8375
953 4156
7816 342
9931 4156
6854 2972
8525 9918
8571 2566
1614 6153
125 5182
3981 6884
8363 4779
7330 3822
2838 6897
2040 4940
5371 3905
335 7535
7256 3384
5061 4264
5970 2772
135 3901
122 3464
9258 9661
6300 1762
2915 9606
1221 3710
8395 3028
8252 6125
5138 6600
84 6354
8444 1865
6252 2881
2689 8872
8653 9852
360 7420
7830 1404
8673 1526
9543 2092
9717 4060
9887 2814
8413 583
8773 5414
431 4200
9474 4976
8714 13
7661 4093
527 4582
1890 4429
7814 934
6798 4249
9236 2956
2829 5360
881 3228
7819 1268
1292 5800
7440 4475
59 4962
8375 5543
6183 939
9557 3810
7947 3534
8661 5995
268 2057
5935 2683
1187 4331
616 5144
9180 6959
9704 976
8720 2801
8759 5245
190 4227
8225 3087
8555 2962
9382 4070
9002 5506
6286 6009
8298 5557
9013 9218
5909 4320
9247 6514
9839 10
8151 4482
674 5215
8244 3716
4494 2571
6809 4347
8641 544
5815 1670
8617 3076
1951 5458
9106 3869
1456 9308
6797 2423
8535 392
6254 2791
7322 1890
8182 1854
5313 3665
6354 1417
36 3243
358 3532
9118 2311
9443 2736
6847 1853
5797 3616
7342 3153
6576 3116
6362 2589
1608 5515
7701 6380
838 3629
5038 2688
8276 2657
145 3671
9264 2114
2037 2650
8941 5491
4604 2414
2434 4272
8897 4810
6676 1351
3446 4989
8092 6606
161 2083
1176 4047
4770 2711
980 6058
6313 3272
2403 6099
947 4560
6364 7366
6302 8047
8076 6625
9811 3298
5535 3197
6040 1792
7047 1766
4954 2904
8841 9088
9579 2274
6072 2773
9402 4527
3357 4553
7517 6774
9586 3692
4166 3639
1762 5797
9531 5980
8610 435
5580 3851
9711 5044
9386 5104
8793 5642
7533 3084
9488 3431
6490 5268
55 8220
1461 7562
696 5126
9673 4388
9425 5217
8207 9947
1795 5857
154 2457
5274 2496
4808 9652
1902 4244
8589 2977
1142 4138
6845 2045
9314 1575
7830 1613
2718 5877
6295 4610
2848 6392
1617 2561
9102 4383
1360 4882
7777 1768
8181 9931
1738 4010
9820 4272
8870 4024
589 5359
9985 4605
356 3094
9206 1996
1442 4542
8550 1700
712 7168
7900 6808
8151 1951
6259 2850
9656 493
4369 3157
896 7919
4415 3700
9449 2662
9402 4387
9688 4094
4839 2801
3985 854
195 4439
9815 6520
9588 6478
9690 4283
188 3744
7621 3829
6741 4197
9842 5214
8737 4765
5936 1963
1842 5811
292 4893
7353 1036
150 4809
9644 2702
3780 9982
8341 2586
264 4147
8003 4177
9919 4883
2909 7403
7640 2624
4441 4718
6606 6098
1279 2929
9324 5357
3024 6176
8586 1892
9950 3833
5750 3889
7655 8558
7791 89
9079 7670
8227 9943
9694 6387
6312 4177
2682 9175
2499 4880
8309 707
9194 3297
1613 6355
2219 5082
6108 4127
8002 7191
6355 1771
9344 4553
9453 2254
1275 4239
844 5868
9774 5040
7911 773
1902 2540
9843 3608
8881 5155
1298 3841
9468 2629
1702 5084
7978 2269
880 4905
8755 3776
8015 1513
7109 3388
9058 3405
8661 1234
7295 7307
8207 3022
8820 9391
6742 4772
102 7719
8075 4947
7293 1119
3099 5029
7872 27
8488 6684
8735 2342
5315 932
1305 5151
8427 6921
1698 3941
6876 3823
6134 1627
9950 2399
8501 6241
9848 4566
6687 289
6967 1466
9747 4520
7517 1232
8865 3494
1041 3676
8282 5635
7366 1584
874 3108
959 6450
6991 3373
6507 3979
8455 724
1644 4347
8832 3600
3423 5246
5385 3228
7001 933
8023 2527
5811 3476
9185 6347
5743 2527
3230 5434
8198 4213
2056 3644
7519 886
1347 4743
9221 5641
428 3161
2046 6178
132 4587
5471 5079
1275 2935
7493 851
7302 4438
2951 2119
7443 2073
7731 6421
7605 5815
5452 3268
7803 2007
945 8011
1968 6770
1660 5333
9109 9883
8557 1679
6149 3192
8221 143
6458 4692
342 5103
6579 6559
9221 4715
5796 4749
1021 7844
7222 2473
6476 4755
887 3343
3739 5562
6672 1539
9855 2466
7559 2927
5182 2747
7173 3776
1542 4842
9976 2792
5077 7151
132 4173
6156 1668
2057 5702
1461 5128
8927 3980
778 6428
9393 3221
7562 1238
7646 316
8659 2826
356 4084
9136 29
1050 6716
7240 7859
8949 4669
177 2877
5800 3564
287 3423
9188 57
9806 3661
7810 9728
7827 1019
797 2883
1881 1670
8027 412
1983 5321
9898 5320
7862 1229
7415 4979
9848 2866
9488 5440
6578 3350
5056 4417
8162 465
6086 2241
1241 3551
1439 6523
5175 6085
115 4209
422 5440
7033 4919
8334 5779
1998 6477
5929 5906
9926 6452
5794 2325
483 4879
4973 4293
6280 4708
9028 45
449 4993
1907 3115
3247 4470
280 8775
2027 6396
2301 5235
4744 3661
7784 1323
7659 1161
7067 4367
6980 1528
7432 1100
9610 4359
1123 4314
6684 2289
9801 5495
3003 7111
262 4641
9428 4477
919 4911
7324 2497
7518 6801
995 5467
7997 667
6344 4194
954 3062
903 2989
9529 3742
3650 3004
9026 4024
7822 3115
8796 9102
7987 6062
18 1665
6757 9552
4501 4051
8679 9578
5958 2019
8979 4632
6032 754
5790 2798
6023 1590
8797 2498
9744 4843
9492 952
9057 9246
137 4120
5138 3048
8706 2523
4635 2037
972 3740
1329 7028
9615 5381
6925 1663
8741 1983
8774 3072
7175 1475
7814 1709
9824 9027
9172 839
121 3214
9342 3511
5517 6464
8469 6317
7561 616
7564 3721
9551 396
8824 1181
7870 3675
9353 3111
3167 7033
2892 7997
5684 2803
8239 4063
805 4776
1425 6061
9557 1714
9453 4366
4624 4134
8789 2925
3163 7611
5561 1932
9169 6202
8161 6748
9370 4215
756 5050
9210 5583
1744 3851
4779 2161
6099 1463
6635 4741
9003 6520
9307 1818
7258 7758
9188 3685
2468 3491
8083 1437
2542 2119
6089 2447
9740 4436
5132 3206
6708 3242
7084 7056
379 2286
5896 2955
7242 1742
6045 3999
7840 2600
556 5244
8724 5420
9950 4767
6014 1644
672 5037
5877 2056
615 2916
8811 311
5439 6916
2420 8392
45 8560
8756 6373
7815 9611
1102 5264
5362 3133
5174 3738
6131 7189
6408 227
6530 7432
994 6103
492 2976
4751 3244
5479 6207
9809 4302
6946 3783
7909 4425
8530 3451
2377 5851
8039 3717
7906 1390
9071 755
6412 2210
7508 2122
9631 5445
7947 5458
7624 2562
8369 4275
8540 5823
9460 4004
1956 1513
316 3411
2493 4854
9006 9423
2334 4839
8813 2036
6270 2647
7623 1043
7841 875
5375 3903
8593 9626
5450 1929
9111 1348
366 4854
9552 5511
9476 4070
9660 3625
2691 8230
9068 3759
4201 4493
5313 7701
6878 791
9936 5622
8778 9784
9419 3962
274 4725
7142 4238
7058 9874
8664 1558
5769 3896
9522 4469
5214 4973
8149 8202
7344 1856
7230 6611
4587 3926
9760 5536
2288 4965
9366 9599
5069 1729
7107 4527
7159 1181
960 4514
271 4688
5519 6633
1097 4510
9639 3030
611 3951
996 4198
6541 1253
803 5213
7528 1834
8727 5383
1839 3929
4057 3832
937 4740
3661 6712
5929 6091
3941 5207
1212 5115
2257 5619
8428 5500
1359 8041
7926 1336
8059 3406
8203 134
7158 2376
7707 2945
9845 3139
5711 1959
290 4799
9970 4707
5747 3867
7900 5758
7797 3131
9085 1797
