8912 7495
7952 8
2653 3372
2447 5110
8424 7582
1780 4768
6625 7528
6197 9958
5642 5782
9793 5959
4422 2137
1846 5006
369 6367
9421 9852
6981 7559
2829 4784
4910 9112
6413 1705
7226 654
4216 4085
4209 4235
9786 7887
1169 5926
8412 9944
5020 9249
279 3477
7689 8566
7802 8434
5821 356
6897 9231
4199 6265
8472 8274
6749 8368
5047 2975
8097 93
559 6240
6545 8025
3754 2217
2133 4882
2093 2347
9738 6958
6522 183
1727 5673
3353 4115
5414 2112
642 4953
2413 4051
6385 6868
8154 7317
2850 5849
7740 8751
3189 3765
9258 7480
7901 6490
2387 4407
5087 9140
9928 5733
5859 3249
8186 6878
2054 4630
2005 5021
1181 6133
3301 2468
8341 8158
2013 5361
7612 6737
1546 5242
9566 7497
939 5882
8125 7142
1991 6096
1247 6245
3797 3058
8398 1266
8977 7596
3431 2699
384 7551
7129 2015
4846 3968
1494 6476
7641 8871
8873 6074
7524 91
6406 2959
2878 5951
2255 4777
4425 4478
4516 3037
2659 3796
908 7556
3522 5208
4399 3684
5813 7716
8320 7438
5889 535
6140 117
5946 9795
7773 9273
6370 9875
4743 6221
5795 4638
5096 4124
4444 3682
780 7016
2636 5209
7911 1030
7095 9224
1609 3438
8795 7197
3496 9630
1115 8016
7914 9681
2821 3332
77 6208
2696 5772
3487 560
4717 8837
1661 4415
7495 163
1625 5234
3959 3893
1643 5520
3090 6611
6378 9680
7011 724
1917 5689
5916 1769
1003 1049
9598 237
2448 8922
3589 2660
1904 4267
60 6429
3067 9098
2955 5748
3083 3453
8627 9976
3738 3790
6388 8418
7241 777
5086 8914
7055 1431
9096 1006
2787 3567
7916 8023
6303 7812
6347 4499
7183 570
7066 7880
1607 5495
5107 7261
2653 9979
3786 4607
4140 9556
9931 6273
1982 3642
5542 1209
7021 1303
5250 2721
3514 4026
3320 625
7396 7224
6813 8611
7475 9085
2527 2575
9817 100
7505 8052
5410 9549
8989 7843
2184 3651
7157 8119
4678 1130
241 7595
266 6120
9699 7063
5656 9955
8922 6459
9768 6525
2850 4414
2042 4753
5038 8050
9083 5366
2441 3010
8111 7457
7573 8685
8278 8208
9073 7387
2289 5542
5041 1825
2683 4767
2953 2413
7392 1974
9402 7315
2930 3085
3050 4560
4081 3094
7513 9848
6312 8660
2740 4093
3167 2750
5832 8608
3419 2724
7625 1525
4289 365
4774 3811
7357 569
1403 3822
4474 4193
5451 2091
1133 6850
1824 4907
8137 8646
2074 2565
7934 6862
3727 3059
2184 4261
1375 6001
3322 5005
3227 4755
7356 972
3291 4767
1982 5712
2472 6897
5812 3768
7654 6026
3144 4348
5454 1845
1199 4567
9118 7825
2366 4026
3581 2479
5395 227
6234 1529
5929 3535
820 7697
3179 3887
2093 5435
1805 4632
2496 4010
6778 9604
5745 3561
1075 3740
4852 2684
5264 386
3419 3761
6650 8789
1331 7229
1986 4838
3669 4281
3423 3722
7972 9211
2369 4072
2230 2166
1583 5464
7807 9125
8755 562
1689 6775
855 8279
951 8414
2186 4472
1944 3874
8511 7795
1739 5311
2666 4142
1773 5987
1137 8531
1592 3571
1731 5325
9101 1311
1024 4291
83 6990
271 5402
3370 5265
8499 8314
9818 8582
4333 2752
6822 7728
1593 4991
519 7291
3452 4162
2709 6202
4949 9522
2972 8638
6375 7771
1786 5382
9714 5586
7684 5770
1180 5343
853 6269
2850 3684
3089 3966
1449 5495
5543 9204
369 7724
1628 7861
1482 1718
2653 4576
2030 5388
7505 1463
574 5380
2938 4318
5332 4200
1859 3681
8159 6017
2428 3182
7077 9643
2728 5280
1335 5100
4088 4655
9126 2818
5719 8270
1771 4337
2673 1000
723 7202
3937 550
3187 3170
1104 5990
2263 4966
5521 3672
9224 7685
854 6718
9694 5984
4973 4895
9846 6545
2592 4714
3254 901
1552 6122
2276 5250
2155 5387
487 4575
2734 4160
5089 8889
857 5816
3488 5772
713 6882
5451 2956
9456 5968
1629 4392
2932 3870
2533 5167
1826 5305
6529 5986
6539 1579
6878 2375
9336 5768
3443 5733
4013 4485
2728 6434
6988 8644
3143 3662
1113 310
4048 4680
3182 3748
7396 616
150 5214
8045 1937
8180 7086
2158 5527
1542 5685
1120 7771
1134 634
2065 6211
9542 481
7714 7197
1359 5676
2970 4785
6773 609
3066 4084
3439 6014
9217 7142
15 8426
756 5648
8611 8086
2620 5175
1908 6138
9868 7597
8292 2847
5583 357
2833 5148
7943 9222
788 4395
5222 8716
6254 1226
2229 4252
7537 9366
194 7448
6779 791
839 4644
2635 5187
1402 8266
166 6721
5080 8223
9393 6247
8509 7414
5487 4562
7718 81
2351 3805
5942 9325
453 3116
7781 1351
9281 7521
1469 6711
3198 1126
739 4242
5753 2731
1949 6799
8402 9804
3660 3353
3419 5124
8676 7136
2489 4049
3972 4132
9956 5099
7449 9886
753 6229
6608 8196
2880 3552
5960 1488
7264 4745
7233 9215
3790 3602
6066 203
235 3926
7195 9597
6695 8856
7355 9707
510 6373
3047 4726
4997 2069
2039 4378
3368 2664
5629 9601
8884 7151
2561 4859
5750 186
8112 7983
3867 5264
8183 7625
7190 8965
4244 5470
2105 491
4516 5273
9302 3886
6937 8376
7457 7926
2169 5768
2143 4547
6830 8420
2098 5964
2386 5357
769 9997
4929 96
1959 8277
637 7873
2707 2819
9441 1057
6438 1229
560 5304
1705 4577
1740 7424
4999 3831
4681 2749
8754 7427
1589 5961
8437 7918
3316 3561
7369 9722
3009 4047
2366 4188
5576 9333
1903 7078
6283 1745
1681 4759
2306 4164
9186 8545
5777 2525
1586 6849
2364 8986
2497 4155
3235 3864
9540 6934
5723 9900
3523 4160
5787 3258
365 5450
9391 7476
3255 6322
4953 2794
2343 5521
7328 8395
8915 7385
6995 369
5596 9652
3272 8446
6198 1525
6326 8859
6754 9318
612 5201
2099 6328
3421 6228
4954 3139
966 4884
1740 2957
2668 5429
1028 5780
3677 4213
7094 8852
7253 8360
1818 5100
8194 5518
227 5084
4306 7646
6896 394
1125 7802
1192 6809
2651 119
5459 9165
7842 7299
3593 5000
1152 7020
9748 6832
8370 1011
1572 4415
4582 9773
1608 5012
2305 3539
6627 965
2456 5029
3706 1615
6350 598
2270 5387
4369 4003
3407 5260
9784 5982
1616 5964
5144 9787
891 5797
2348 4659
5784 9595
2104 4335
8388 9179
7771 9220
5705 1345
291 9966
9912 6908
3879 6103
2571 2485
5657 3888
7240 1038
2111 4477
8097 9079
7133 3563
3054 5351
1155 4634
1239 5280
559 8163
2162 4150
8848 7824
2436 8703
7008 7342
8545 7130
1804 7142
8811 6630
6313 293
5406 9284
4945 4069
2866 2374
4578 3372
1070 3390
2815 4571
1339 6571
1451 4924
6587 7204
2505 4592
8264 6762
5817 7817
1976 3735
967 4066
6671 778
938 3612
1438 4078
8204 7641
3785 4095
6576 9275
3765 6112
4335 3116
8573 8118
8231 25
9991 5740
7166 366
7536 3264
7870 7490
4240 2289
734 300
6876 2351
4188 2526
9287 1459
2455 5297
8467 9295
1167 5133
784 4587
4007 4189
4463 4051
7967 5967
3501 1824
3157 3848
7042 9549
6816 9484
4278 231
3385 5859
2936 4145
7631 7329
9190 7569
9880 7607
4888 2064
3741 795
7469 124
6958 155
1259 6676
2497 4615
2911 4511
4232 4019
1137 7226
2172 5749
6520 814
8023 9942
2136 1198
7581 539
2168 4723
7105 9070
1382 5611
6074 7567
8701 7898
5589 2412
439 5478
8943 9228
2026 5133
9544 6866
8272 6747
7218 8220
5892 1376
7569 2654
3411 3341
4367 2864
9821 4160
4691 2201
6812 8462
9378 6690
6862 9851
6000 1750
2834 4021
3248 3737
6896 1398
4211 2890
3342 2441
7496 1232
9570 4919
2093 4767
7689 8182
5506 1052
1040 7145
1839 3706
6503 9890
6312 8373
5116 2480
1538 5453
1134 4546
6246 9358
1948 3887
2362 6236
5281 7651
1228 6981
523 5304
1125 4088
403 5406
1094 9223
8569 6156
2224 5475
5865 6386
5156 7485
7628 9254
682 5980
1106 3684
3524 5055
2498 4146
5724 376
5189 6368
4637 4543
1857 3323
8742 1635
4975 9953
9778 6282
8960 6809
369 6032
7079 7885
1021 7288
1563 5594
2485 6046
7245 836
1626 6446
1386 3612
5231 8710
3120 8152
3165 4758
5096 4037
5397 102
1422 5084
457 7578
1622 6857
5938 8828
7732 7613
7286 7554
952 4259
7067 8004
3902 5136
7637 9874
393 7706
7413 9855
4393 5090
1630 5652
8206 2648
2281 5195
921 6095
4483 4727
6518 875
5910 1522
5805 8923
3879 4716
8003 6916
5285 158
9959 7219
8997 6969
456 7245
4918 9032
9770 9647
2183 315
529 3788
2517 5862
2327 6497
420 6105
3932 3824
7307 9967
320 6265
6486 9177
3339 1342
2103 5993
1184 5952
7069 452
7809 6925
6897 7826
3820 7155
3004 3752
4888 3859
6431 8194
1025 5159
7813 8463
306 7516
4154 2588
1096 3480
6615 9690
4815 2343
2180 3347
8321 8124
6786 303
2310 4854
552 5460
8783 1653
5543 7340
5577 926
7781 9180
1721 5240
6895 1625
3507 4866
5346 8888
7047 7006
6626 179
7492 9181
1273 6034
6487 8313
3296 4511
1008 5968
4 7326
2198 7384
4897 9183
9345 6358
8809 5304
9199 6402
4833 1205
9901 6823
9620 8143
903 6198
6284 3160
1293 3760
5656 55
8550 7960
533 7437
4176 4166
7612 5700
1635 4283
3000 5146
