5556 5584
4082 2599
7244 2420
4895 2540
3793 101
4111 6287
1990 9053
4553 2202
5200 4911
9848 8100
3771 8857
4407 1837
1873 7174
7993 5540
6509 9653
2228 1233
6365 1139
5254 7210
5145 9945
5389 8319
7772 3344
6144 4981
3970 8913
5405 1362
3623 6563
5585 9542
6197 2351
5102 8918
2511 1450
7494 7280
6399 341
7669 716
2179 1242
3811 2598
1805 5354
5632 5965
5912 3139
9243 3726
7319 5954
2196 3802
981 2478
3961 992
3483 950
4417 5153
6278 3879
6151 5245
1658 847
5760 8621
2948 395
9647 1546
5669 784
9462 1006
2691 3771
2127 2219
6533 1365
3606 8119
4960 7890
6404 168
6621 5041
6772 3215
7758 8261
9513 1722
4518 7038
4087 4051
5494 4404
6563 3715
3650 4882
6255 5167
8062 3922
5027 2741
3690 8472
7187 9586
2140 1794
8092 1726
8190 9867
738 8982
3412 736
7161 4856
2058 9187
5963 5269
6741 4013
5303 7227
7266 8045
5859 3491
3793 3465
9397 2067
5094 6159
1814 424
9416 7926
8087 9887
8801 5267
4149 2215
4536 409
6552 1886
4200 2019
2634 1264
5035 349
9835 8669
7900 5051
4738 620
7443 8500
4279 2428
5571 5433
2765 9179
2094 3214
6407 7892
6728 9156
4055 2540
9915 8121
4484 9389
7673 7757
8299 9342
5513 9894
7996 8029
3441 2753
2450 9697
3022 69
7724 2713
2805 3329
3396 2354
7412 8661
6235 5216
2374 2486
8404 3649
2815 2494
7241 3922
6753 968
5346 4779
874 1923
264 8150
7551 7772
3612 8525
5344 6441
3659 7553
2222 771
2324 2112
3456 2773
5858 6909
9187 8735
2194 2905
1575 560
697 9587
4491 3510
5721 542
6875 7857
4285 3509
5473 5404
1998 742
664 5227
4144 1843
9056 9312
4892 5251
2178 9349
6320 303
4347 213
3546 2806
3862 144
5858 4824
9942 5091
4174 5663
6381 3324
5238 6836
7420 2198
5042 4646
6949 5075
3277 384
7786 6358
5208 2729
1359 9260
7344 7154
9438 81
1479 9096
5180 842
2307 1380
2555 1958
4020 6355
4133 3779
4850 1470
5965 1535
1202 1087
6820 3645
8365 1586
7198 9418
6249 5513
4000 2450
5942 4130
6657 6992
5003 4714
6697 8507
4622 2142
9645 24
5090 2076
2725 204
5456 6236
9420 1074
1406 9843
4724 8663
4605 3239
3064 909
5965 1247
4990 8899
6725 2027
5788 2899
9544 7296
9599 1570
4703 1913
6944 6806
2012 4325
4356 1308
6208 4644
8238 4231
4726 9630
3873 3060
9947 9352
4248 3989
6524 5685
6556 1980
6610 868
6756 6355
3308 5192
6564 254
2079 824
3267 2194
5916 7141
7253 98
6781 2592
3431 9472
4171 224
6381 3543
8005 4657
7491 1565
8367 1208
4803 2652
5709 4471
5299 7178
6874 452
5074 8408
4762 2134
6589 5005
5811 5241
4183 5167
4808 3013
2634 6716
5220 7653
4669 887
7280 8394
2082 2267
3614 436
3837 9481
9869 2364
9286 4771
6556 8903
6195 391
2556 6262
3820 797
1688 1818
6281 6340
2414 2871
7649 3714
314 5205
1730 1564
7552 892
6151 2923
5159 4807
4550 6649
5075 8182
4276 7349
5995 2019
8557 4594
6497 6723
8871 3859
5461 2750
6813 1092
4609 2808
3749 1779
4472 4636
5383 5805
3059 5264
2019 2471
3333 4192
6966 1316
4555 51
6476 7041
1880 595
4556 4742
2727 2841
2632 1273
4479 568
9068 9769
183 836
6267 3520
6287 3507
8234 9076
4341 4426
8104 9613
5812 9221
2427 2161
5829 661
3367 3137
869 5050
1545 1132
9818 3567
6674 3385
4372 972
8298 8935
875 4455
6871 7026
2803 449
9699 7676
8426 471
5416 8857
5995 9625
7009 7661
9525 5165
3994 2117
3291 3058
7923 771
7530 3595
6720 2063
5888 2454
7762 8676
1775 1742
3135 9818
1456 1934
3671 6024
3266 862
5265 8836
6436 830
2065 7420
2086 1216
6360 728
5503 6669
4009 4460
5867 4987
4537 4719
5980 9959
3138 5133
7046 210
4278 1606
3591 4441
5638 3443
5197 6333
2911 9557
620 1307
6139 9741
6173 9617
8930 6909
3822 2256
4054 4714
4277 7495
3022 9253
2101 3281
7976 5644
5246 2954
3551 8452
3847 9744
6848 105
6379 3818
6838 5415
2568 4253
1760 4299
6147 7642
7240 2048
7117 4430
6163 4706
6149 1653
1468 9240
5078 9090
5330 9481
4277 3689
5015 5552
3965 988
7502 9655
2908 348
3251 9983
4763 7905
5743 695
2417 134
4701 7036
2945 1574
5509 5879
7309 9452
8632 714
4150 2076
2904 9386
5374 1917
4341 66
2791 2446
2830 4589
8598 9944
7213 9502
6717 4320
8171 3473
6112 3999
2817 2831
5559 4851
7677 9237
7154 840
7787 1003
3971 3367
7435 8657
5591 5572
7683 3246
2486 7524
3334 860
6798 894
8345 9781
1884 2519
5384 3116
2605 4125
7143 5367
6838 948
7037 8742
1996 4417
6475 4014
4414 1340
2086 2724
3464 4520
6411 3602
5593 4040
2740 490
2877 3357
9571 8365
6240 8177
5357 5377
5856 4041
4633 2057
5845 1506
7758 1978
6116 5932
6533 9509
8446 2086
5959 8438
5335 1413
1912 9630
7199 3857
5616 2604
6501 2076
7064 7159
6309 3056
4262 6854
3939 5517
6563 3866
7065 1480
6035 6883
6903 1329
8963 3809
7507 5150
2748 2866
7625 9572
6396 994
5808 1498
6614 8801
3593 4071
5038 9820
8404 9291
6720 5682
643 9786
3509 8705
8728 3381
860 3466
5756 5508
5307 914
1735 8824
990 305
4347 792
6426 6898
4886 521
4394 687
6220 9682
3481 3466
1683 3228
3973 3183
3972 9500
8209 7367
5731 4633
7429 8842
5548 1143
5877 3039
5358 2322
4527 3068
4600 1969
130 880
2905 1240
4483 261
7498 728
5101 948
8677 9436
1138 6987
6261 6695
5478 9831
1829 2829
3919 960
5482 9703
3516 1488
2534 9680
3912 9570
2903 3903
2654 3320
4434 4291
5650 2233
5661 3374
8319 4516
5671 297
5804 9866
4782 1874
7613 9
6441 605
2522 522
5549 4490
6172 3297
2575 924
6346 215
5396 8180
5929 2645
8918 9628
7230 5640
4596 3580
2657 5432
7266 9215
5108 6989
5031 2425
5429 903
5899 1606
3979 9219
3572 8050
4958 634
6341 2189
4260 9080
4302 2553
4654 4024
6741 6360
3112 3626
3183 797
5901 471
1636 3915
3270 2370
2868 2866
6437 3581
4135 3971
5755 9838
1398 2075
9305 8068
5627 9243
5179 2313
5501 4072
5323 9655
5242 5627
3473 757
8996 9304
6699 4782
4895 3722
5600 8746
6139 6260
2822 2611
7202 396
6974 1859
3735 5708
2009 8357
7877 2282
8669 9449
3886 5221
9968 7218
4326 1203
8973 8777
4386 5507
4413 8252
7921 4042
4847 151
4906 6235
3882 1800
5047 1744
5421 750
3712 2728
5830 442
4826 293
3162 9076
1890 164
6458 6133
3760 9970
7060 1610
6833 7718
5437 5992
816 2064
4364 2366
6594 9971
3857 4255
773 9723
3397 3596
5857 7862
5967 1983
8733 9455
5000 2054
3618 1358
2283 4655
6509 8709
2134 4712
2891 3095
3257 1105
1587 7688
5042 8808
3507 987
7246 9362
6553 8086
3766 3044
7475 136
8755 2007
2049 1711
4462 1606
6349 7124
5970 9419
5883 5488
3217 7322
7988 401
3506 1674
3938 1030
8974 352
7561 3613
7137 9967
2044 1650
4701 9719
8294 8177
5164 2557
1826 2321
4049 4020
6043 6830
3800 2678
5752 112
4723 474
3122 3117
6807 4956
4311 6765
7490 9955
5034 8301
3554 407
5198 694
9881 5082
854 449
3378 2823
4144 3250
9046 4945
3282 2944
76 38
4948 439
4915 3142
2827 8169
5143 9812
5168 2010
5261 917
4412 2094
6223 6234
5268 8095
4241 9284
4339 9856
7493 1594
6241 9019
3828 493
705 1274
4430 9247
5128 7163
6322 8702
5064 3862
5969 850
4369 1512
3011 2333
3552 9979
4785 3791
3573 388
4570 101
7385 2856
5948 4439
281 1220
3805 7065
8201 9962
4895 8388
2192 3745
3002 1475
5156 3572
2010 8790
7666 9227
5678 1591
5678 1164
4843 488
3456 3649
6540 5784
7133 2604
1964 7767
9136 9794
6794 3723
5169 9545
7802 8113
705 1934
3055 2258
6632 1037
1772 4573
9808 1183
7931 7607
5183 31
5475 566
5200 510
1880 170
8587 7750
4837 8918
3682 4616
6631 9159
3152 2330
5482 3719
1903 5443
3680 3770
6918 7513
5962 24
6656 6192
5744 8185
6142 6892
5494 691
756 4766
5751 1247
4908 5060
4230 1964
6931 1719
5778 4391
4211 8357
5215 458
2332 8292
5545 4314
3629 5890
5098 1797
3944 2756
4095 2916
9654 4494
5486 5149
7522 7928
7363 2279
1498 1570
5103 9716
6653 1347
3895 9581
8261 2983
3603 4049
2692 992
2923 2075
3593 63
6543 5654
5108 4150
6801 1083
4372 713
3101 2746
5219 5564
8746 8528
2623 907
3355 5542
4303 860
863 6931
8889 8195
2943 2443
6528 6293
3290 183
5858 568
7563 8837
3232 7012
4280 6749
7536 8981
6147 2010
7261 3291
7704 9877
3802 3979
6736 1340
3058 2667
3291 2866
1949 3158
5687 4487
2586 2290
4610 1574
7166 673
4181 1122
5989 7952
6536 9155
1425 9424
2778 2487
8644 1086
1524 1986
3958 3054
5190 4885
8115 9043
6804 36
1822 9730
5963 9494
2638 3617
6621 1012
2111 5183
2894 9739
6705 4865
7247 4254
6809 9532
3074 4840
4642 1098
5931 3930
7584 6276
6653 5614
507 3345
