9557 7534
3121 4142
7923 646
2403 3197
1371 6406
8297 1220
2734 1487
8925 7842
7125 4705
4306 2182
3316 1196
2057 4524
507 9873
1280 7892
2358 8006
3767 2718
5813 5529
1936 1363
1117 9015
3047 680
3345 2836
5144 3564
7670 5264
7419 6347
7763 6484
3907 3195
3380 2802
9705 8340
2760 461
3128 1144
6531 2641
7592 4572
2633 1183
4032 2346
4644 7002
3392 7727
6882 4641
1551 3735
6278 6332
5650 1418
2749 1232
732 25
1308 221
8417 8059
1123 7513
3132 8218
3407 3718
1647 846
6458 3693
1319 5865
882 9512
2407 1626
767 6035
2894 6934
1084 7777
1225 3853
3344 1163
4798 9661
58 9516
6320 5296
2569 739
3486 1085
2517 3438
3935 8141
7466 4827
77 736
9230 9380
7677 1236
4947 4136
1223 9545
4015 2517
2250 1135
1655 9965
9844 8358
865 7860
2182 5677
6882 4663
7399 5020
9739 65
1783 9998
191 7784
9440 9720
610 8936
6476 5301
4836 9948
2287 2068
1371 6126
1528 368
6025 4062
534 9867
816 5900
1051 5892
9599 4483
1270 8569
7220 5175
1901 1870
1410 4024
1801 1276
2746 1702
4527 2809
5334 5888
5197 6139
3146 769
846 1178
1682 8531
9750 9514
1359 5644
2326 716
2542 996
1607 9678
816 9795
8735 7806
264 7741
4774 5654
2820 2261
5081 7788
9763 8010
6936 6202
6046 4260
244 8693
5877 915
8159 2115
1897 9843
9706 9443
9884 5267
4610 3611
342 5320
3569 4636
9518 8745
1144 8339
2585 1097
9717 8900
2329 753
5903 8655
1516 492
1461 2780
2069 695
9836 9009
8706 9715
7988 557
2322 5845
6333 4303
4692 7557
468 193
4646 2175
4853 9744
1040 8650
2719 6402
5896 2730
1464 5014
8664 7121
6594 4865
2058 6912
1020 8262
7349 6860
3070 3892
3810 2869
2323 1086
4582 2195
789 9418
6383 5593
3067 3984
6700 9986
9022 9574
1949 8182
3381 1309
1674 5619
362 4353
4584 2924
7776 5239
2427 6759
8820 9988
3068 1590
1311 9090
1680 1250
3866 1570
6669 3457
3120 1875
6144 6991
1306 133
2446 887
3816 2661
6896 3904
3288 3179
7787 9543
9433 8619
1706 1006
8741 5270
2344 6199
3227 1866
2241 6363
2529 1177
4834 2918
2241 2171
1921 7194
1009 2762
2163 293
903 7848
2026 1209
3925 1359
2696 1421
5475 5413
2640 1538
3053 6390
6212 7121
2019 9589
8965 925
3900 5350
592 7290
1503 7565
1792 9901
4299 2633
1767 2418
446 2644
6975 5858
3062 8033
2736 1614
5708 817
2656 2683
1320 9700
137 9064
2942 5273
888 3123
9873 9928
1983 6993
4525 4787
7239 6071
3387 7457
6600 7732
4964 7556
3670 5423
1605 9939
4820 9906
487 8377
6187 5128
943 9322
6011 4893
9222 9436
1404 9787
7960 6060
2483 908
2943 1665
28 8613
2768 501
459 6374
6026 3993
7048 7653
3751 5621
3086 3309
312 9073
1986 385
3889 2055
1686 618
9454 9473
8289 9398
763 5311
3181 2005
2880 189
2622 4342
775 8165
1533 363
6579 1517
3742 6844
9903 9146
2532 1159
3083 3495
7781 4399
661 8408
9051 8121
1120 2933
1457 3796
7609 5321
3569 2589
2932 4787
7889 3151
916 7749
905 7996
2482 5215
1859 7082
2665 2874
169 9159
2860 6515
1247 7625
2448 6659
1481 8039
4029 2884
7432 2493
8433 9388
8115 5713
3942 6766
8853 157
9414 9093
742 8886
2766 6187
1838 3712
7652 5403
9140 7151
1329 698
1187 9910
13 7303
6953 7208
3642 2587
2389 5181
2585 1193
2805 1852
2398 6025
2104 7641
1874 9412
3684 1411
3591 1220
9775 9086
2015 7810
2322 3281
1529 7050
6181 6993
4965 3867
7805 4711
7474 5347
3202 4651
2195 58
7243 1560
347 6164
9744 8734
1775 8108
6790 3524
680 8686
2590 1001
1385 9997
6042 5625
3652 4334
2621 705
9275 3929
2731 815
5969 6934
2058 210
8643 4646
4568 9639
1931 1975
6275 3361
7093 6050
99 8258
1743 701
3681 4226
966 106
3080 5852
1099 9913
868 9919
1913 5844
5549 889
1780 8999
7012 7806
1102 9448
6612 5880
9108 9544
5821 5616
3329 2620
4758 3248
6228 7989
8388 7515
8713 3361
2626 1444
9499 9047
7045 4986
6951 7255
9380 2149
974 78
9135 246
358 7830
7976 9925
1739 8301
9909 7871
3708 3192
6492 8147
3161 5345
3113 6927
9073 6296
6817 1698
7925 16
2853 9838
1952 4747
5994 6329
5932 5591
7812 4178
3131 1319
919 9587
9581 9057
2450 1753
22 6168
1929 4382
9856 8395
6698 5246
6433 7050
6672 6011
3156 1497
6187 4950
9899 1940
969 2201
5002 6843
528 2885
3024 649
1259 8953
4415 1951
1208 249
22 7372
8913 8279
2645 1811
1978 185
2965 4400
1640 1367
9979 5297
2761 796
118 9676
4505 2393
909 8067
1620 1892
8506 834
300 7038
9687 9335
9193 9110
1001 3302
9731 9023
3694 2824
4955 6906
4241 2557
9740 9328
3713 4671
2457 151
7980 751
2007 1034
9836 8905
8626 4389
921 6585
1209 645
2934 1662
1738 9885
434 8471
8505 5667
9381 8199
2829 1218
1423 25
2374 2651
9911 9102
3130 6161
2245 6549
2061 9986
8007 75
1548 7393
5990 4637
620 1763
3524 1478
1907 9955
9106 9446
535 9807
3522 1050
3183 2487
8144 6474
3867 1161
2593 5938
2116 4454
9909 92
7152 6583
7451 7535
6906 7354
5681 625
5439 6443
1105 7740
2147 362
7928 9433
2914 8082
3588 6220
8008 8419
2053 425
2775 1767
9391 2246
5319 6670
4508 7888
9556 8347
2041 6750
5877 6170
2072 2118
1250 3776
5635 4022
2201 63
7451 5733
7111 6061
4226 3089
69 8183
2348 908
2267 682
6710 6876
8701 7954
6986 9193
2680 3480
2616 835
174 7994
3996 4716
2582 4714
2070 509
6686 2354
546 9452
3244 4959
675 6793
402 9249
1541 263
3839 2535
8356 5579
103 8455
1273 9399
5846 5095
1341 4942
1472 7878
3379 3966
8433 4370
22 5766
8682 9877
4281 3011
2616 5642
5375 5128
962 4109
3482 1754
2199 6284
8353 9054
6449 6821
868 2134
1895 2593
384 8864
2893 3830
3839 3550
4978 333
7389 6674
7325 9637
1487 669
1116 11
1829 7123
392 2052
1639 1849
7647 5230
2794 2521
7678 2612
4202 2573
607 8859
7526 3777
8102 7217
2405 7404
5020 4374
8169 3325
2207 338
6078 5903
5872 4096
2836 2523
1188 9286
1775 5934
1271 6422
1744 9653
3079 703
3166 7124
3643 5849
8474 5794
2768 1183
8014 2688
1990 6532
7214 5716
8414 9074
9264 8579
2396 902
6756 6744
1830 899
1389 7084
2206 7733
3645 3289
3584 4087
1928 8143
3188 6082
2647 4303
4002 1976
437 2692
3394 1330
1168 9187
2794 1204
8201 9469
1451 1918
1978 3381
7110 8251
4530 8804
6695 6840
3034 1850
4181 2374
3587 1663
4132 4157
3466 1611
3579 1012
1792 1430
4701 4759
3621 1265
2268 7784
1843 6072
3413 6312
2122 1332
9866 9128
3660 6845
2890 6793
4175 2681
1410 7511
6659 2767
2126 6635
819 3916
676 6649
1196 2554
3132 804
1951 101
9201 9546
6125 5960
6544 7103
3371 2397
4131 2274
1797 6971
92 963
4939 4272
2661 1474
9961 8187
2106 1081
2337 5789
2378 1360
3918 5293
6127 1148
3973 4820
7065 1288
1560 5877
8075 5132
661 2696
1812 1888
1921 245
3408 1610
2831 704
845 4192
1976 8573
1213 7477
2384 411
1361 1323
1042 523
7260 1410
8504 9860
1762 611
1000 9166
5081 3695
2697 5026
3614 1085
1791 6672
2177 3580
9382 8902
3789 2514
4580 2208
3740 6432
9819 132
2879 2698
955 5353
3353 6279
1896 6712
3949 4705
654 9068
2337 5402
4742 6327
143 8336
1465 4310
9477 5401
2274 9641
2554 2376
8105 8389
3502 1895
1439 343
3040 2535
5589 6464
2486 371
8353 4051
5051 4165
9862 9138
4112 4960
6311 4230
8772 7647
4850 7967
8864 4523
4141 4111
1505 702
1519 2025
2801 1551
9463 8989
139 1796
6468 7048
4750 6555
4413 5082
3037 924
3434 987
2295 952
2847 5895
2423 5311
3353 1664
3147 7328
9742 8916
1401 348
2861 6553
2598 828
2848 1915
7055 5550
8533 8407
6846 5278
3723 6477
2186 663
1292 9346
3680 328
5602 629
5846 7015
4754 9279
617 8619
2292 1831
7626 649
1911 4345
5592 701
247 9858
4940 1440
6416 6731
65 8798
4787 7497
1145 7197
509 8119
243 9311
1493 552
539 23
740 5409
8723 7624
9390 9826
2807 7120
877 9463
9957 9208
581 9083
9709 2727
3488 1438
1711 3776
4246 8036
204 465
1804 9862
8704 7619
2415 1357
1275 9481
8892 8493
3954 3098
8628 1092
2397 1098
3319 1940
779 9183
12 5502
9707 6594
8414 4942
6640 6611
6249 4892
3023 5828
7805 5243
7907 8808
191 8451
5670 6802
1101 2265
2611 2374
5437 4879
3611 2160
802 9544
4909 4830
3996 4393
9956 2343
2113 9691
386 9458
4666 9044
729 9968
4496 6238
8131 4473
830 2063
3461 1354
6778 6571
4512 2408
4707 2513
7850 3794
8692 2401
2721 3130
8614 4068
8551 8469
8774 3123
6659 3748
3723 6552
9025 7809
9604 7763
7769 5553
8584 6260
564 9384
2077 3064
458 8301
9766 9002
3291 5341
3398 6648
3438 8392
1362 8079
3388 2402
422 763
