steiner points
60 116
408 220
60 415
408 430
297 430
60 430
522 537
445 537
111 843
154 843
59 882
475 951
350 871
445 871
609 871
475 871
320 843
418 1204
204 1217
475 1154
445 640
1005 243
778 243
778 471
1270 303
1113 243
778 409
844 471
763 859
763 871
957 962
763 962
823 962
1026 962
763 1138
771 1143
1103 820
898 962
856 962
1122 964
1026 1037
1103 962
778 741
614 871
284 1480
204 1438
176 1497
152 1623
124 1945
580 2149
349 2149
168 2149
168 2292
88 2372
580 1964
124 2079
88 2313
124 1757
775 1541
1191 1721
1106 1721
1007 1721
940 1721
775 1721
667 2149
667 2151
831 2290
672 2290
1106 1994
1114 2013
1114 2204
1283 2251
1162 2251
1114 2251
1020 2253
917 2253
1106 1927
667 2290
204 1480
1700 99
1700 290
1611 290
1764 312
1908 312
1818 312
1763 290
1849 611
1533 596
1764 455
1764 596
2030 348
2258 348
2258 474
2466 474
2223 747
2278 899
2223 899
2223 604
1544 1449
1544 1546
1544 1610
2113 1680
1767 1698
1571 1777
1568 1893
1652 1884
1762 1884
1502 2012
1502 2055
1502 2193
1595 2193
1768 2193
1555 2009
1571 1884
2424 1280
2369 1352
2316 1429
2316 1564
1888 1680
2316 1680
2321 1937
2778 1968
2440 1968
2339 1968
2339 2103
2214 2129
2339 2129
2316 1713
2316 1855
2424 1207
1478 596
170 2554
305 2646
192 2646
192 2767
214 2868
459 2868
618 2868
1039 2565
858 2565
831 2437
725 2598
644 2735
618 2740
192 2861
677 2883
683 2960
745 3005
646 2657
214 3056
1354 2627
1541 2650
1571 2836
1828 2704
1828 2796
2200 2622
2189 2654
1994 2654
1956 2654
2189 3028
2189 3055
1828 2836
1806 2836
1295 2588
501 3363
317 3602
384 3602
501 3602
501 3625
387 3797
298 3797
102 3797
501 3797
661 3306
902 3389
853 3389
745 3161
943 3392
943 3601
1060 3717
943 3602
898 3830
943 3717
745 3306
400 4001
91 4115
215 4115
393 4115
393 4153
549 4238
91 4265
758 4307
619 4307
802 4108
1128 4224
1045 4224
985 4224
966 4224
802 4224
758 4225
612 4307
1172 4586
1095 4627
985 4627
804 4627
705 4627
684 4627
684 4650
985 4469
427 4238
849 3887
1621 3302
1621 3396
1763 3396
1610 3425
1600 3480
1600 3556
1600 3607
1660 3902
1909 3359
2159 3362
1952 3359
1986 3359
2025 3362
1897 3396
1881 3711
2025 3518
1967 3713
1965 3713
1965 3729
2138 3759
2025 3713
1610 3456
1834 4061
1660 4061
1660 4098
1660 4214
1642 4578
1633 4673
1429 4704
1562 4704
1429 4821
1429 4900
1653 4434
2084 4101
2075 4101
2075 4061
2075 4502
2075 4371
2201 4643
2221 4770
2533 4770
2534 4770
2585 4770
2075 4614
1653 4257
1660 3952
1401 4586
799 3389
831 2565
2956 218
2956 247
2956 388
3047 428
2805 489
2820 489
2758 554
2758 634
2758 680
2758 677
3388 144
3675 397
3391 379
3388 235
3388 379
2956 428
3367 623
3313 428
3455 379
3834 397
3834 432
3834 476
3313 608
3313 1041
2773 1041
2878 1071
2878 1224
2860 1224
3612 1131
2878 1041
3401 1147
3544 1147
3383 1147
2899 1704
2899 1805
3080 1926
2993 1926
2820 1965
2623 1968
2660 1968
3356 1477
3356 1588
3356 1662
3356 1790
3356 1815
3322 1886
3129 1926
3315 2109
3292 2135
3145 2159
3205 2199
3218 2199
3164 2199
2899 1926
3080 2066
3793 1529
3739 1597
3683 1660
3630 1790
3683 1790
3843 1842
3843 1999
3504 1790
3383 1310
2682 2541
2698 2660
3205 2344
3205 2381
3063 2536
3422 2816
3333 2867
3280 2867
3210 2867
2698 2867
3053 2867
3063 2867
3852 2538
3813 2558
3813 2753
3681 2779
3731 2779
3813 2779
3594 2779
3205 2253
2758 882
4764 143
4728 123
4672 123
4579 184
4489 470
4571 470
4579 338
4575 470
4575 514
4424 667
4239 667
4623 668
4239 699
4239 758
4536 1018
4378 1018
4280 802
4280 1018
4204 1042
4044 1042
4236 1214
4426 1466
4236 1416
4051 1416
4236 1272
4352 1466
4236 1042
4887 697
4684 697
4942 697
4971 740
4971 872
4971 1103
4575 667
5463 146
5399 297
5853 85
5813 85
5853 144
5962 324
5853 324
5571 85
4971 988
5270 1197
5697 1415
5632 1415
5175 1531
5521 853
5521 915
5521 1110
5521 1112
5829 690
5829 858
5829 915
5767 915
5664 915
6215 792
6179 928
5935 928
5456 1415
5554 1415
5554 1146
5286 1339
5286 1415
5829 619
4971 1197
4898 1753
4281 1820
4432 1826
4512 1826
4339 1826
4786 1826
4339 1975
4395 2210
4395 2362
4586 2369
4266 2362
4208 2362
4436 2386
4339 2069
4749 2013
4749 2263
4500 2369
4436 2369
4964 2333
5085 2333
4339 2185
4292 2783
4553 2745
4448 2584
4613 2832
4645 2862
4707 2862
4107 3055
4448 2745
5289 1679
5305 1878
5190 1878
5380 1878
5305 1742
5077 1878
5380 1904
5380 2021
5207 2118
5177 2157
5085 2195
4749 2333
5240 2333
5271 2372
5462 2139
5620 2147
5380 2118
5368 2734
5374 2912
5302 2532
5380 2063
4684 2369
5980 1736
5746 1772
5816 1791
5931 1791
5970 1791
5816 1897
5816 2163
5695 2188
5695 2203
5791 2203
6078 2275
5685 2432
5816 2203
5836 2275
6178 2275
5685 2692
6162 2966
5685 2900
5816 2093
5462 2147
5175 1640
3951 1077
2703 3572
2703 3811
2703 3816
3231 3270
3231 3352
3231 3410
3144 3410
2770 3536
3001 3436
3108 3436
2959 4033
2940 3536
2940 3798
3038 4033
3508 3269
3924 3370
3515 3364
3509 3364
3509 3405
3509 3439
3509 3479
3759 3370
3606 3370
4016 3179
4016 3370
3612 3751
3509 3751
3461 3751
3461 3846
3808 3766
4168 3893
4148 3893
3825 3893
3461 3942
3509 3593
3304 3479
2925 4263
3039 4263
3062 4263
3062 4416
3081 4692
3117 4756
3117 4820
3117 4692
3449 4065
3449 4231
3271 4587
3271 4683
3527 4390
3511 4390
3450 4390
3669 4404
3450 4463
3669 4616
3349 4530
3552 4404
3256 4692
4182 4312
4156 4312
3955 4312
3941 4413
4311 4506
4335 4560
3818 4616
3449 4181
4971 3291
5132 3438
5041 3438
5132 3487
5132 3627
5041 3669
5041 3840
4870 3866
4837 3866
5041 3866
5073 4062
4707 4114
4832 4114
4838 4114
4617 4192
4838 4380
4817 4603
4925 4621
5116 4621
4687 4679
4838 4603
4574 4679
4817 4679
5073 4038
4463 4679
5622 3235
5526 3248
5526 3487
5526 3565
5569 3565
5988 3241
5988 3329
5988 3406
6020 3577
6020 3643
5924 3643
6136 3653
6020 3455
5791 3643
5526 4041
5732 4211
5526 4211
5483 4211
6179 4230
6164 4230
6002 4230
5848 4645
6002 4395
5706 4645
5505 4645
6098 4685
6117 4712
6162 4712
5874 4746
5874 4645
6002 4645
5526 3975
5259 3487
4196 3055
2529 1968
164 5059
261 5224
244 5059
261 5059
261 5236
434 5493
274 5493
261 5376
532 5516
274 5493
440 6028
351 6028
440 6061
440 6203
316 6300
286 6300
27 6300
1037 5974
698 6061
622 6061
492 6573
396 6573
316 6486
274 5718
933 5015
933 5025
933 5110
988 5123
1078 5156
1078 5198
1078 5345
1078 5446
1078 5465
1120 5545
1401 5081
1577 5081
1577 5142
1577 5241
1577 5368
1656 5465
1577 5465
1568 5492
1242 5545
1701 5241
1490 5545
1747 5825
1132 5947
1132 5892
745 5974
1283 5947
1219 5947
1394 5994
1299 5994
1299 6008
1516 6151
1028 5974
1682 5948
1682 6101
1299 6151
1108 6419
1179 6373
1179 6217
987 6419
987 6700
1529 6733
1720 6733
1477 6742
1354 6716
1397 6751
1354 6751
1460 6751
813 6419
2050 5708
698 6215
2052 5282
2052 5299
2100 5299
2536 5299
2050 5632
1887 5708
2570 5026
2570 5087
2570 5194
2337 5299
2235 5299
2536 5412
2536 5507
2434 5711
2501 5711
2434 5861
2434 5890
2530 5507
3049 5182
3117 4935
3138 5217
3156 5304
3156 5376
3001 5594
2809 5507
2901 5594
3156 5519
2971 5594
2050 5456
2002 6264
2226 6264
1932 6264
1932 6395
2398 6325
2570 6443
2426 6443
2398 6443
2667 6222
2570 6393
2667 6393
2834 6393
2426 6497
2509 6604
2492 6604
2426 6534
1932 6680
2992 6393
3007 6515
3324 6529
3177 6529
3291 6529
3102 6672
2881 6393
2667 6029
1747 5708
402 7000
402 7266
159 7314
260 7346
402 7346
422 7346
433 7346
422 7503
422 7535
850 7407
779 7407
630 7350
744 7407
554 7665
554 7793
864 7920
436 7920
897 7920
897 7874
823 7920
554 7920
436 7971
554 7734
436 8681
436 8796
274 8814
436 8825
274 8909
329 8909
436 8909
329 9057
341 9057
329 8958
731 8404
1016 8518
996 8518
898 8518
1174 8518
747 8867
747 8909
747 9037
751 9097
807 9097
747 8678
574 8909
274 9353
247 9353
37 9414
204 9469
247 9469
110 9454
285 9588
247 9588
247 9473
173 9596
766 9614
740 9681
717 9681
543 9681
386 9651
652 9681
485 9681
326 9223
436 8174
1343 6881
1372 7021
1372 7143
1372 7114
1443 7143
1372 7187
1356 7196
1537 7159
1244 7239
1464 7159
1635 7159
1740 7217
1873 7126
1698 7217
1490 7481
1473 7481
1456 7563
1375 7563
1244 7563
1144 7563
1456 7603
1433 7733
1456 7733
1602 7733
1347 7760
1327 7820
1602 7839
1456 7620
1244 7394
2163 6924
3018 6979
2532 7120
2903 7258
2219 7120
2163 7120
2251 7494
2543 7494
2160 7718
2099 7718
2198 7808
2302 7888
2559 7494
2559 7417
2631 7417
2903 7417
2944 7671
3014 7692
3187 7796
3014 7796
3012 7916
2865 8037
2853 8037
2198 7718
2944 7637
1795 7217
1295 8388
1174 8388
1404 8224
1333 8224
1333 8248
1333 8388
1422 8402
747 8518
1406 8685
1411 8697
1203 8627
1393 8882
1157 8924
1254 8924
1497 8957
1713 8957
1818 8957
1207 9329
1497 9339
1458 9476
1303 9476
1458 9551
1458 9706
1385 9791
1497 9060
1411 8828
2018 8287
2114 8287
2143 8287
1907 8287
1907 8359
1907 8536
1907 8582
1818 8824
1885 9007
1393 8924
2352 8272
2567 8300
2451 8300
2812 8167
2451 8300
2634 8358
2716 8358
2812 8358
3070 8292
3070 8358
3125 8359
3125 8512
2966 8358
2515 8778
2515 8907
2854 8907
2952 8989
2879 8907
2952 8907
2952 8708
3007 8989
3169 9011
3169 8989
2649 8907
2430 9131
2489 9131
3125 8642
1907 8487
2115 9592
1911 9592
1881 9592
1754 9592
2338 9219
2303 9335
2232 9376
2303 9376
2351 9418
2208 9460
1970 9592
2180 9592
2180 9714
2180 9776
2927 9322
2614 9418
2495 9418
2716 9428
2716 9485
2798 9485
2927 9485
2713 9774
2657 9774
2713 9631
2915 9781
2665 9418
2421 9219
1497 9151
2812 8037
747 8631
1343 6853
3573 4985
3437 5123
3573 5123
3948 5153
3573 5187
3573 5321
3885 5153
3988 5174
4318 5310
4318 5415
4311 4990
4318 5066
4318 5073
4482 5310
4010 5239
4286 5415
4204 5415
4517 5276
4400 5310
4069 5239
4107 5239
4318 5239
3573 5153
3428 5899
3428 6108
3324 6266
3324 6442
3102 6529
3123 6529
3497 6457
3470 6660
3428 6266
3842 5853
3950 6161
3770 6379
3842 5978
3912 6379
3912 6350
3912 6161
3657 6379
3637 6266
4332 5580
4182 5661
4282 5661
4182 5876
4182 5989
4339 6021
4193 6153
4481 6021
4469 6021
4193 6021
4182 5920
5020 5856
4741 6042
4687 6042
4527 6042
4687 6189
4593 6394
4556 6394
4423 6394
4392 6394
4193 6350
4116 6350
4593 6619
4237 6350
4051 6350
3453 6781
3997 7106
3398 7235
3452 6908
3652 7106
3997 7133
3997 7353
4844 6993
4501 7074
4554 7074
4764 7074
4501 7162
4501 7317
4445 7353
4315 7353
3452 7106
3452 7235
4332 5551
5067 5079
5067 5080
5067 5147
5315 5147
5483 5147
5015 5345
5009 5436
5009 5447
5009 5468
5074 5484
5215 5484
5052 5276
5654 4998
5705 5025
5705 5072
5878 5025
5920 5025
5920 5080
5920 5376
5950 5376
6103 5376
5365 5147
5690 5147
4979 5804
5020 5828
5095 5856
5215 5812
5353 5749
5307 5787
5020 5932
5215 5576
5305 5812
5315 6060
5208 5939
5208 6060
5285 6180
5651 6131
4889 5932
6046 5701
5864 5701
5739 5669
5472 6131
5315 6131
5651 6215
5801 6251
5575 6390
5864 6002
6081 6258
5651 6251
5864 6251
5651 6164
5208 5856
5079 6735
5276 6739
5346 6739
5392 6659
5130 6739
5130 6853
5406 6882
5608 6896
5346 6882
5346 6936
5152 7226
5346 7154
5217 7252
5197 7252
5197 7353
5346 7252
6159 6824
6117 6824
5540 6896
6117 7003
6053 7003
5819 6896
5824 7030
5824 7003
5499 6506
4741 5932
3742 7561
3778 7561
3778 7827
3923 7892
3636 7871
3778 7871
3923 8008
3923 8057
4078 7992
3756 8142
3778 7772
4166 7708
4078 7708
4078 7899
4118 7992
4008 8008
4177 8111
4365 8155
4395 8197
3820 8142
3820 8529
3820 8559
3896 8754
3629 8980
3947 8865
3947 8980
3586 9008
3947 9035
4355 8657
4355 8891
4854 8909
4482 8909
4355 8909
4355 9020
4140 9035
4311 9035
3820 8430
3595 9695
3486 9695
3934 9270
3897 9380
3767 9473
3767 9541
3767 9695
3878 9753
4185 9753
3778 9753
3403 9695
3767 9747
4373 9506
4242 9521
4242 9544
4221 9739
4498 9742
4017 9753
4137 9753
4221 9753
4370 9827
4242 9628
4306 9827
3947 9269
5197 7560
5003 7560
4931 7560
4931 7497
4806 7497
4916 7861
5259 7914
5119 7914
4941 7914
4916 7914
4916 7752
5042 8120
4987 8120
5259 8120
5259 8266
5535 8384
5278 8433
5278 8384
5278 8433
5278 8600
5106 8120
5259 8066
5979 7476
5979 7664
5815 7718
5979 7718
5702 8384
5847 8524
5708 8576
5780 8576
6126 8015
6151 8298
6151 8389
5993 8449
6151 8286
5278 8618
4633 8909
4715 8909
4670 8909
4904 8910
5125 8910
4934 8910
5226 9066
5125 9004
5136 9162
5136 9066
5136 9175
5155 9377
5004 9418
5004 9496
5004 9870
5136 9377
6111 8880
5527 8907
5580 8958
5777 9090
5558 9131
5735 9131
5580 9131
6009 8880
5780 8639
6121 9052
6121 9127
6121 9474
5844 9695
6121 9619
5876 9695
5508 9748
5508 9904
5508 9695
5362 9131
5780 8880
4899 8909
5197 7398
3470 6529
3117 5182
6821 183
6516 259
6807 259
6807 454
6807 474
6325 688
6617 813
6411 902
6750 591
7021 846
6835 788
6750 699
6750 788
6744 838
6779 1040
6779 1087
6816 1087
6899 1087
6772 1019
6411 813
6744 813
7296 214
7689 114
7689 255
7551 343
7689 343
7820 343
7422 343
7551 407
8116 426
8037 426
8192 505
8162 505
7866 377
6934 788
7151 846
7621 859
7551 810
7551 591
7454 810
7389 904
7153 904
7428 1237
7586 1237
7454 1190
7283 1316
7130 1430
7283 1430
7454 1237
8264 1320
8278 1103
8278 1162
8278 1228
7790 1237
8125 1320
8258 1320
8278 1320
8028 1320
7454 904
7386 904
6352 1684
6359 1715
6393 1751
6513 1751
6559 1744
7100 1882
7130 1475
7130 1558
7100 1731
6913 1856
6767 1744
7642 1755
6939 1882
6767 1833
6738 2318
6664 2384
6612 2574
6578 2616
7224 2058
7046 2318
6955 2318
7185 2318
7224 2148
6664 2457
7224 2318
7525 1941
7892 1755
8057 1739
8582 1578
7410 1941
8186 1967
8062 2042
7695 2272
7605 2315
8062 2272
7911 1739
8186 2042
8350 2052
8180 2621
7605 2371
7610 2615
7610 2621
7224 1941
7130 1637
9056 52
9056 232
9095 336
9208 383
9136 383
9136 577
9653 26
9653 55
9313 383
9498 383
9653 383
9653 619
9789 709
9653 709
9587 808
9467 808
9653 515
9111 642
8650 1087
8913 1145
8870 1145
8801 1145
8650 1145
8603 1512
8603 1369
8603 1505
8532 1578
8413 1578
9037 1512
9037 1523
8784 1512
8603 1570
9701 1078
9701 1107
9712 1056
9723 1056
9894 1056
9564 1078
9451 879
9701 1120
9979 1198
9451 1078
9637 1444
9254 1523
9260 1619
9524 1619
9637 1619
9593 1619
9683 1327
9152 1523
9451 1181
8459 1895
8459 2000
8459 2049
8560 2049
8654 2049
8654 2155
8880 2190
8769 2190
8619 2472
8769 2443
8889 2443
8769 2351
8665 2472
9163 1988
9169 2006
9331 2160
9313 2160
9194 2229
9169 2273
9183 2387
9331 2006
9331 2051
9169 2229
9534 1884
9726 1913
9880 2122
9726 2036
9698 2161
9726 2122
9698 2197
9700 2244
9548 2161
9860 2573
9700 2448
9700 2573
9687 2638
9493 2161
9032 2229
9524 1718
8186 1739
6517 2902
6391 3091
6614 3091
6517 3049
6517 3091
6391 3210
6449 3268
6702 3091
7388 2872
6788 2978
6973 3052
6871 3076
6852 3076
6788 3076
7213 2872
6990 2913
7144 3308
6990 3308
6871 3240
6871 3308
6391 3120
6990 2872
7449 2973
7700 2978
7799 3096
7513 2978
7653 2978
7799 2978
7513 3143
7514 2716
6408 3986
6298 4041
6298 4122
6298 4139
6298 4279
6969 3566
6864 3566
6949 3566
6705 3986
6807 3986
6807 3872
6807 3690
6975 4004
7103 4141
7103 4307
7103 4464
6988 4464
6808 4500
6761 4500
6988 4485
6643 3986
6423 3986
7843 3678
7513 3481
7918 3532
7918 3669
7843 3744
7843 3678
7709 3744
7513 3712
7856 3824
7326 4427
7461 4427
7819 4288
7627 4409
7856 3926
7856 4147
7856 4288
7859 4288
8021 4293
8021 4389
7580 4409
7856 4079
7268 4464
6761 4680
6457 4693
6638 4693
6655 4693
6703 4693
6703 4811
6737 4896
6628 5006
6737 4896
6737 5006
6579 5040
6737 5079
6787 5287
6836 5325
6838 5359
6838 5575
6838 5593
6838 5737
6838 5837
6737 5240
7344 4760
7344 4942
7344 5077
7344 5125
7736 5223
7512 5285
7344 5285
7860 4692
7860 4808
7860 4959
7995 5073
7995 5203
7995 5223
7568 5285
7251 5637
7403 5656
7441 5656
7317 5798
7107 5837
7860 5494
7317 5656
7568 5351
7673 5679
7860 5679
7568 5656
7582 5679
7317 5837
6929 4500
7629 3744
8298 2827
8197 2827
8723 2845
8599 2845
8723 2868
8723 2894
8723 3059
8788 3059
8621 3074
8788 3258
8733 3394
8788 3394
8161 3198
8997 3059
9022 3059
9098 3059
9195 3059
9194 3426
9100 3426
9194 3535
9195 3368
8869 3059
9721 2817
9721 2890
9595 3022
9721 3022
9721 2920
9595 3214
9595 3295
9657 3393
9969 3114
9323 3022
8926 3666
8760 3681
8478 3695
8408 3748
8381 3763
8381 3826
8381 3873
8542 3952
8270 4222
8406 4222
8542 4169
8458 4169
8542 3991
8206 4222
8841 4109
8841 4194
8841 4248
8841 4305
8841 4365
8685 4194
8542 4194
8542 4356
9428 3908
9194 3666
9412 3908
9394 3908
9336 3908
9620 3908
9561 3908
9722 3908
9711 3908
9946 3908
9722 4181
9589 4300
9697 4300
9722 4092
9220 3908
9194 3645
8286 4565
8286 4603
8286 4723
8286 4887
8286 4973
8542 4973
8803 4582
9131 4582
8996 4582
8803 4625
9138 4704
9149 4795
9138 4795
9131 4680
8895 5010
8806 5010
8803 4864
8935 5027
8803 5010
9035 5092
8974 5092
9319 5021
9306 5021
9271 5111
9097 5111
8771 5010
8590 5010
8480 5412
8443 5412
8167 5412
8575 5502
8332 5746
8283 5746
8167 5633
8167 5707
8332 5864
8256 5707
8552 5502
8688 5513
8480 5502
8367 5953
8491 5953
8652 5953
8652 5995
8988 5327
8830 5293
8974 5244
8974 5293
8877 5696
8883 5765
9611 5283
9291 5375
9762 5283
9348 5420
9348 5592
9098 5330
8830 5513
8830 5610
9602 4841
9602 4898
9602 5050
9611 5067
9526 5283
9611 5232
9762 5354
9358 5283
9594 5572
9610 5597
9833 5449
9658 5742
9658 5716
9748 5716
9833 5656
9685 5940
9658 5805
9833 5716
9348 5375
8803 4507
8082 4079
6520 6179
6671 6179
6913 6179
6913 6275
6474 6395
7324 6473
7484 6277
7645 6277
7164 6473
7397 6473
7484 6473
7593 6537
7975 6118
7975 6147
7907 6385
7975 6385
7907 6537
7907 6603
7819 6537
8253 6266
8226 6271
8226 6385
8226 6393
8103 6385
6913 6473
6828 7010
6610 7019
6610 7019
6761 7019
6700 7467
6700 7664
6796 7664
6400 7710
6404 7804
6535 7804
6700 7804
6610 7319
7062 6942
7129 6942
7403 6942
7154 6942
7535 7203
7245 7253
7487 7294
7374 7446
7297 7567
7535 7050
7408 7253
7408 7294
7535 7294
7569 7371
7297 7689
7545 7880
7574 7880
7258 7899
7297 7880
8290 6901
8290 6936
8099 6936
7907 6688
8016 7175
7907 7098
7907 7175
8016 7290
7793 7371
8016 7371
8216 7657
8581 7701
8678 7736
8222 7892
8169 7989
8180 7531
7707 7371
6931 6950
7907 6936
8968 6137
8868 6137
8750 6137
8681 6009
9009 6264
9009 6504
8787 6558
8787 6679
9009 6708
8881 6708
8826 6708
9009 6321
9407 6218
9302 6238
9302 6264
9302 6540
9444 6540
9773 6540
9256 6264
8746 6928
8637 7145
8746 7145
9026 6709
9117 6895
9075 6895
9194 6976
9365 7036
9584 7036
9107 7132
8826 6878
9713 6916
9584 6934
9210 7036
9635 7054
9637 7136
9841 7264
9637 7199
9637 7259
9848 7346
9827 7259
9210 7132
9075 6709
9055 7658
8449 7701
8678 7701
8678 7857
8666 7937
8666 7979
9344 7658
9055 7647
9044 7736
9044 7740
9044 7815
9178 7939
9187 7977
9515 7788
8897 7736
8222 7701
9055 7575
8169 7897
6592 8302
6592 8336
6461 8478
6563 8478
6461 8504
6461 8559
6476 8559
6476 8589
6677 8841
6768 8841
6852 8841
6476 8841
6437 9040
6476 8703
7019 8174
7164 8174
7164 8306
7164 8651
7164 8601
7112 8601
6888 8773
6512 8841
7145 9033
6859 9094
7009 9123
7077 9123
6437 8943
6888 8626
6852 8957
6715 9340
6919 9123
6526 9332
6639 9737
6919 9514
6774 9777
6639 9777
6919 9777
6631 9862
6993 9830
6516 9956
6993 9918
6919 9340
7498 8301
7670 8301
7751 8301
7867 8301
7409 8301
7965 8373
7965 8442
7965 8452
8248 8197
8248 8301
8248 8390
8244 8452
8147 8452
7988 8452
7409 8486
8666 8099
8744 8275
8744 8375
8744 8390
8519 8390
7684 8814
7576 8814
7446 8814
7712 8818
8147 8774
8244 8774
8414 8774
7846 8818
7446 9023
7495 9587
7821 9688
8257 9569
7740 9739
7616 9739
8257 9796
7495 9739
7873 9863
8098 9810
7740 9863
8418 9320
8442 9320
8413 9344
8349 9569
8257 9618
8317 9796
7964 9863
7446 9486
8525 9244
8682 9346
8805 8968
8914 8968
8945 9004
8945 9066
8945 9076
8870 8968
8790 8986
8720 8986
8682 9481
8788 9822
8958 9822
8682 9822
8682 9244
8147 8687
9268 8238
9690 8238
9114 8291
9125 8291
9268 8353
9329 8375
9329 8558
9329 8657
9483 8238
9268 8291
9693 8535
9915 8611
9826 8611
9693 8611
9690 8457
9550 9039
9585 9069
9585 9193
9585 9264
9564 9267
9510 9267
9064 9664
9064 9822
9140 9898
9096 9828
9510 9452
9544 9584
9767 9584
9833 9584
9845 9676
9433 9899
9394 9899
9510 9584
9329 8882
9107 9898
7222 8174
8666 8241
8735 6137
7449 2872
6251 688
edges
2079 599
3361 1163
3361 1297
2021 1306
3355 699
2346 1805
3355 92
2386 1138
3251 839
3362 1515
2381 1664
3273 761
2000 200
2382 112
2270 1127
2260 441
3252 416
2079 1659
3273 670
2000 1304
2347 1367
2345 1547
2270 1761
2383 97
2379 1802
3251 1836
2348 1333
2001 1730
3272 1564
3272 123
2260 1047
2001 218
2025 1097
3356 1052
2273 879
3363 802
2022 98
2261 1292
2083 1209
2085 767
3274 136
3252 740
2091 423
2345 609
2081 1467
2380 1105
2024 848
2084 1768
2279 146
3280 1884
2384 698
3357 220
2351 1108
2384 330
3278 1753
3277 1790
2090 778
2081 1355
2380 111
2278 1959
3284 504
2272 1439
3364 587
2262 253
2271 655
3279 605
2026 1995
2349 75
2002 1029
3281 1142
2263 1195
2004 1882
2280 1763
3358 527
3254 868
2088 536
2350 58
2027 617
2093 1125
2349 71
3255 1988
2281 84
2264 4
2265 973
2005 395
3282 1975
2353 988
3371 362
2027 753
3282 1237
2006 109
2006 516
2266 1092
3283 143
2093 208
3360 1324
3259 472
3289 853
2087 24
2097 1430
2355 260
2282 1070
2086 375
2409 577
3366 1559
2276 756
2130 789
2267 1607
2020 1275
3372 27
2374 1610
3372 1471
2354 1379
2356 1288
3997 1946
2269 519
2268 1523
3256 1572
2396 1009
2372 1584
2357 940
3262 1653
3367 695
2373 1957
2281 894
2375 413
2042 1941
2094 1778
3286 1817
2358 1668
2392 374
3367 1929
2008 1944
3285 703
3261 1967
2401 1788
2276 1726
2361 1570
3370 1293
2036 547
2014 642
3290 1582
3369 1112
3257 762
2036 118
3301 1588
3264 388
2016 1592
2009 1797
3260 188
2392 432
2397 1878
2028 1147
3287 1399
2043 976
2376 687
3393 453
2010 1080
2344 926
2037 1735
2095 1100
3258 1919
3291 42
2400 1073
2402 625
2030 962
2010 1780
2096 500
2012 1141
2011 1611
3310 1695
2403 1435
3374 211
2032 551
2039 93
2399 1432
3373 465
3287 597
2038 1612
2086 574
2387 21
2359 1263
3292 1219
2039 965
2360 1243
3269 1500
2283 568
3268 494
2359 1130
2364 1702
3390 227
3391 1525
2040 1734
3265 491
2284 555
2363 1686
3389 997
2285 62
2483 1208
3392 437
3266 1962
3373 1012
2377 295
3301 61
3388 1825
2394 1300
2395 1156
3375 1513
2040 943
3394 1099
2288 1682
3268 876
2034 1360
2035 1111
3376 960
2406 1620
2290 251
2019 557
3258 1463
3374 924
3302 1151
2035 1608
2291 787
3405 1879
3295 244
2388 1000
3395 152
2017 1253
2129 1738
2365 185
2018 580
2287 1416
3303 1452
2286 796
3304 1819
3293 1896
3294 1699
2369 17
2287 1390
2114 829
3395 812
3405 1901
2323 1942
3306 131
3296 543
3305 660
2410 916
3300 968
3403 1602
2407 657
2115 539
2098 1327
3379 378
2389 197
3383 558
3398 1943
3307 318
3308 125
2404 616
2368 531
2315 249
2389 1166
2116 80
3267 307
3297 919
2390 893
2045 1369
3397 117
3298 1008
2098 846
2366 179
2366 1948
3317 1691
2300 1131
2044 1025
2368 33
2044 178
2046 36
3380 556
3385 1384
3404 1174
2058 1062
2315 533
2391 1118
2370 1256
3381 945
2058 326
2099 332
3318 1295
2117 1091
3311 15
3386 727
3382 209
3346 1488
3315 1446
2301 1573
3402 993
2316 890
2118 974
2061 683
2100 579
3401 648
2047 1433
3399 1867
3354 1529
2482 857
2317 774
2302 160
2462 567
2463 978
2440 744
2101 305
2293 477
3311 334
2102 1514
2293 847
2413 1345
2127 510
3384 1418
3312 1550
2059 830
3339 1330
3444 1353
2062 1397
3319 550
2462 723
2411 149
3338 730
3322 1601
2444 1864
3321 1231
3314 1366
2411 1123
3337 1844
2057 1442
2463 43
2103 7
2412 137
2063 372
2059 1468
2322 562
2465 1336
2294 526
2443 1902
2608 156
2318 1629
2304 705
2412 333
3313 1408
2416 1807
3324 1546
2320 1688
2414 299
2445 1712
2296 1512
3410 1781
2128 1581
3320 1865
3406 1120
3419 1216
2445 67
2299 654
3323 1346
2105 1956
3429 373
2305 1313
2104 996
2106 1676
2466 807
3406 480
2467 662
2446 1904
3430 455
2306 673
2054 1356
2076 482
2120 1861
3340 1804
2048 1191
3336 684
2054 1322
2297 883
2442 284
3341 854
2122 1911
2298 1443
2417 729
3426 1722
3419 1697
2068 958
2425 3
2321 1639
3407 322
3420 875
2112 138
2107 614
2069 1173
2425 722
2447 1840
3432 514
3342 1113
3409 116
3427 250
3348 103
2108 1773
3329 1248
2111 1289
2460 1590
2314 155
2476 37
2424 451
2055 1765
2480 1372
2124 415
2307 82
2307 910
2448 586
3431 1812
3431 338
2125 72
2308 570
2321 212
3408 1764
2454 1033
3348 732
2064 1717
2455 1119
3333 1785
2050 990
2065 696
3411 1949
2449 256
2309 659
2121 1115
3422 1320
3442 1541
2468 737
3437 1126
2431 1460
2469 1909
3412 1066
2110 841
2450 937
3435 1755
2109 1492
2312 1828
2471 985
2070 972
2311 487
2418 783
3443 1766
3423 1831
2111 1022
2481 1182
2126 1847
3436 1510
2071 364
2071 267
2075 1577
2343 1835
2426 1940
2074 1545
3343 1089
3424 1152
2476 914
2072 1136
2067 1158
2052 1037
3331 745
3325 1223
2427 1013
2422 951
2475 349
3345 1456
2056 636
3344 1465
3332 1605
2452 1511
2326 1169
2077 1385
3417 25
2125 88
2421 280
2429 76
2420 1203
3350 1349
2053 710
2453 911
2053 1530
2327 912
3326 629
2423 1815
3425 1853
2472 734
2473 1375
2140 450
3416 198
3330 506
3414 1221
3439 656
2324 380
2336 907
3334 1271
3414 1457
2461 1035
3335 1311
3416 1569
2422 701
2138 576
2459 1872
2131 1121
2328 1583
2336 1053
2324 393
2155 150
2131 1692
2337 192
2139 1165
3438 1083
2158 1422
3327 524
2434 360
2163 1857
2132 1626
2141 1302
3438 1749
3351 1561
3328 1284
3425 1340
3418 667
3349 1701
2155 971
2150 1898
3349 444
3441 1969
2132 119
3441 769
2151 1280
2157 1932
2148 918
2325 1889
3328 1814
2477 341
2153 1249
3475 166
2342 286
2457 818
2142 1648
2143 1374
2433 1199
2338 1813
3460 938
2134 1869
2331 582
2339 712
2432 1291
3591 1680
2154 977
3570 31
3469 1245
2329 205
3591 122
3571 946
3569 933
2435 822
2161 316
2341 679
3572 278
3446 232
3455 908
2144 114
2437 1376
3467 29
2332 1357
2136 41
3573 324
3454 1402
3473 1420
2145 404
3592 611
2437 1775
3574 180
2479 1411
3446 771
2340 498
2458 1838
3461 1001
3595 1019
3584 773
2458 1272
2436 483
2333 803
2146 159
2478 1906
2334 690
3468 177
3455 923
3472 509
2147 1628
3600 337
2159 419
2478 173
2330 139
2162 1354
3449 1139
3456 1893
2160 1
2438 1177
2149 881
3582 351
3590 165
2152 22
3447 1501
3577 626
3458 573
2607 537
3453 1576
3470 1798
2160 459
3583 462
2149 517
3599 1745
3466 1337
3470 903
3577 747
3474 172
2487 1895
2176 1445
3448 294
2498 1096
2507 157
3599 207
2579 1953
3581 1140
2574 1843
3451 1154
3596 83
2574 596
3464 467
2579 1072
2211 1150
2575 1084
3578 528
3462 145
2492 554
3452 204
2498 414
2487 1751
2549 1424
2222 851
2220 1179
2549 52
3597 1051
2505 874
2211 790
2173 1434
3463 513
2174 273
2580 277
3452 521
3462 1618
2221 154
3465 1247
2550 1947
2488 1171
2219 1517
2220 628
2164 931
2500 1005
3589 799
2508 1101
2506 1806
2175 1172
2177 1826
3581 1562
3598 302
3579 1200
2224 381
3580 1185
2502 1791
2581 276
2490 1926
2213 1964
2214 6
3587 905
2258 354
2493 975
2551 1769
3587 913
2503 1742
2586 281
2232 1229
3598 1786
2519 1419
2215 1383
3499 279
2606 339
3482 664
2226 754
3500 523
2499 1558
3579 387
3500 443
3588 1352
2491 271
2165 1920
3483 999
2216 505
2578 792
3481 1924
2484 610
2582 274
2518 1733
2178 1211
2166 352
2180 825
2165 738
2217 1310
3481 1370
3498 1258
2168 1522
2553 365
2587 229
3638 827
2585 1796
3601 925
2554 392
3501 219
2225 370
3503 672
2584 957
3602 363
3487 1976
2585 1658
3603 665
2225 1619
3505 1436
2227 1716
2179 1930
2179 906
2229 55
2514 1103
3504 564
3604 620
3631 1589
2511 1595
2509 1170
2171 323
2230 603
3605 1678
2513 1973
2229 936
2170 915
3568 1800
2169 5
2496 837
2557 1498
2485 534
2486 981
3506 1914
3606 1386
2181 1606
3625 356
2230 598
2555 518
2172 637
3496 831
3632 716
2512 1876
2171 312
2486 1706
2556 383
3486 934
3607 709
2557 1874
2210 468
3626 1507
2515 619
3628 820
2218 1428
3623 970
3637 1133
3511 1240
3629 1361
2517 95
2256 1687
3608 1666
2514 1055
3476 817
2605 889
3632 176
3497 1747
2184 331
3613 1109
2184 989
3488 398
2185 290
2516 865
2497 1034
2497 1880
2572 1309
2588 223
3477 89
3627 442
2494 1636
2233 1851
2246 998
2559 481
2528 801
3717 231
2560 1244
3484 1004
3636 189
3615 1660
2235 1622
2244 828
2193 1129
3615 1398
2561 1246
2186 1725
3478 1124
2195 1905
2244 436
3479 429
2589 1454
3489 1724
3512 121
2188 728
2194 264
3612 1038
2520 794
2548 901
3633 944
2563 1373
3620 28
2592 927
2591 187
2236 382
2542 1983
3610 855
2543 719
2197 631
2199 511
2593 79
2529 202
2189 1760
3617 1520
2522 1412
3509 357
2255 1145
2521 1617
2190 496
2194 1176
3614 1167
2591 490
2563 845
2592 226
3480 1495
3514 983
3515 390
3480 1406
3634 1106
3618 1044
2200 791
3490 532
2541 1823
2190 10
3609 1326
2191 1954
3507 935
3622 78
2209 1821
3619 1822
2248 641
2520 1148
2564 765
2532 1521
3516 353
2533 1395
3492 56
3635 81
2596 969
3516 1993
3634 1205
2535 258
2192 571
3517 858
2544 1269
2523 303
3508 613
2252 549
2243 1549
3494 1696
3622 1032
2536 1462
3519 222
2567 615
2208 885
3495 1951
2539 452
3493 979
2247 1789
2545 1532
3716 54
3510 1007
2538 224
3639 201
2201 438
3646 291
2546 781
2595 1990
3639 1651
2237 1503
3647 1319
2257 561
2530 243
2565 488
3640 800
2254 1837
2537 1050
2205 239
2566 844
3567 548
3648 1858
2206 216
2598 23
2249 1586
2597 422
2207 624
3522 1087
3540 199
3547 1767
2202 100
2207 1774
2238 1685
2568 1429
3520 1030
3652 530
2573 1641
2531 1010
2599 13
3521 759
2524 1591
3547 1557
3523 1677
2240 473
3649 240
2601 784
3521 1134
3641 1413
3697 697
2540 433
2602 402
2600 895
2525 1323
3540 872
2602 1849
2251 742
2253 880
2567 359
2601 1438
2571 1623
2598 1122
3650 1071
2250 959
3650 770
3548 1693
3651 752
3525 1978
2526 1933
2241 1927
2547 1056
2204 678
3697 503
2253 658
3655 1215
2570 1985
3526 595
3642 1842
3526 1407
3698 406
2242 1312
2242 1316
2702 1567
3048 713
3541 1818
3660 1689
3549 460
2689 1646
3644 1020
2952 1752
2962 1296
2952 1315
2962 1571
3048 454
3052 282
3653 167
3527 134
3654 1519
2633 16
2633 60
3643 8
2643 1466
3661 1553
2634 269
3051 120
3660 292
2644 1409
2689 681
3656 1282
2611 313
3530 1102
2612 217
3036 502
2683 66
3699 34
2609 1810
2963 898
3700 589
3050 1423
2964 1476
3550 1440
2609 545
3665 1347
3542 1077
3036 725
3531 1718
3037 1690
3053 1332
2643 486
2690 1673
2955 1011
3658 721
3664 852
3057 1711
2635 1934
3662 1972
3663 1681
3530 798
2636 1674
2953 1098
3543 1270
2953 1281
2969 425
2645 346
3039 238
2958 1017
2637 1060
2959 1683
2701 1218
2956 565
2691 986
2638 126
2972 809
3551 1049
2701 953
3040 484
2703 91
3544 1997
2610 53
3702 151
2613 1627
2966 1146
3539 1913
2652 591
3685 1731
2692 463
3691 1580
3704 1459
3056 133
3552 1286
2969 682
3047 1748
2683 1772
3701 1657
3545 1830
3532 592
3684 1931
2685 650
3546 1274
2704 1469
2970 569
2965 225
2957 1252
3533 1043
2652 1339
3683 700
3058 457
3694 680
2639 485
3041 1068
3561 1348
3703 377
2957 469
3534 581
2647 235
3690 666
2616 961
2705 1365
3054 622
2693 849
2614 1144
3668 593
3666 995
2694 285
3667 319
2968 1298
2967 1358
3692 296
3669 458
3042 1643
2968 1994
2971 1917
2640 780
3055 99
3043 1982
3046 9
3707 1632
2711 948
2641 153
2648 835
3044 1006
3559 184
3045 932
2650 309
2615 464
3559 583
3056 708
2707 1178
3676 1054
3555 161
2700 540
3678 1220
3677 1314
2617 328
2709 327
2651 1241
3035 1479
3705 361
3705 408
3535 1950
3066 427
2993 51
3693 259
3536 57
2706 1579
3706 1273
2710 1859
3696 1168
2653 1236
3554 859
2708 1637
3076 340
2617 1928
2687 1638
3672 538
3693 1615
3554 104
3074 1190
2642 230
3059 1899
3556 1343
3711 1414
2994 272
2975 102
3076 1852
3562 1968
2696 132
3687 1290
2984 788
3074 1493
3675 329
2688 640
2697 782
2995 786
3710 1892
2632 1458
3063 623
3714 1885
3537 633
3670 1028
3708 1046
3671 525
3063 135
2681 1921
3688 1538
3064 1026
3113 1110
3557 964
3059 1307
3713 1535
3673 1856
3067 546
2654 862
3060 77
3558 691
3563 210
2984 994
3566 805
3061 1827
2656 1308
2698 1754
3674 1811
3680 1377
2996 1153
2699 1317
2656 1483
3538 325
2657 195
2975 584
3565 1362
2660 1235
3003 128
2658 992
3073 270
3069 1193
3712 162
2659 426
2665 1217
3000 1294
3681 2
3688 1757
3679 63
3712 1866
3065 1593
2664 954
2987 1189
2619 621
2997 110
2626 1069
2660 221
3682 991
3082 967
2662 572
3796 297
2998 1554
3001 1405
2620 639
2736 1709
3068 724
3005 445
3072 1018
3070 1955
2628 1234
3730 1875
2625 608
2666 1368
3007 1242
3720 1067
2976 1065
3794 320
3730 1095
3793 1212
3077 265
2985 750
3795 1079
3719 1392
3731 766
2714 888
2663 1996
2999 1093
2985 1088
3086 1544
3737 435
3718 1713
3071 1736
3008 1729
3071 815
2622 1364
3008 1350
3805 909
2682 174
3079 1566
2670 541
3805 421
2720 1868
2992 300
3724 367
3806 1024
3725 412
3080 336
2712 1624
3083 1727
2713 542
3811 731
2977 1720
3737 1897
3738 87
3721 94
3995 1543
3725 1499
3083 861
3810 397
2625 19
2624 578
2680 1162
3804 856
2716 1410
3016 108
3732 428
3017 1845
2682 1552
2729 1484
2721 493
2669 1186
3010 560
2991 446
3009 1984
2986 1239
3741 369
3081 448
2723 1082
3740 1027
3012 575
2715 196
3722 1260
3014 902
2668 1824
3726 1855
2981 1321
2978 702
2717 1132
2719 1228
3740 1143
2981 777
2980 939
3727 1450
2631 1891
2988 689
2724 1135
3799 1935
2735 559
3798 763
2680 1568
3112 495
2730 1198
3011 1262
2733 248
3722 1854
2727 1652
3736 508
3808 824
3723 1371
3799 764
2732 1667
3742 1036
3810 394
2629 1846
2629 1230
3735 1489
2725 1380
3088 1464
3809 692
2726 1128
3015 685
3015 1207
2630 49
3729 431
3091 470
2982 1970
2734 168
3800 1214
2728 627
3777 73
2672 1481
3104 1936
2728 1175
3802 301
3834 396
2674 1999
2673 275
2676 38
2725 1114
2674 743
3815 1708
3088 1922
3089 1494
2675 1881
3109 1210
2734 124
2679 252
2677 1647
3018 1860
3755 1604
3774 755
3105 1679
3104 233
2951 891
3093 1915
3822 391
2802 1250
3094 456
3757 963
3823 181
2831 806
3816 1474
3093 1770
3817 1265
3095 74
2832 169
3774 1257
3021 1180
3025 950
3823 1470
2738 171
2831 1980
3812 308
3027 1832
3758 35
3824 921
3097 499
3776 882
3756 447
3791 228
3775 287
3744 1536
3818 1441
2832 833
3106 1890
3025 646
2738 1042
3108 1598
3743 1556
3745 1630
2803 1078
3019 1181
3110 813
3819 1833
3107 1801
3764 1762
3826 293
2833 1192
2747 1266
3026 836
3779 1232
3746 643
3022 878
2805 476
2812 866
2835 645
2814 1635
3821 163
3023 1848
3110 384
3827 317
2806 930
3813 1045
3778 141
3099 1301
2809 1965
3814 1157
2811 1746
3029 471
3780 604
2740 1888
3833 257
2807 1732
3028 283
2808 1305
3765 810
3829 65
3759 1771
3760 677
3098 842
2813 1960
2815 1505
3098 1487
3020 1783
2810 1404
3100 101
3760 1400
2834 832
3832 507
3828 1575
2739 887
3813 757
3020 1475
3103 1453
2856 1992
3781 1090
3761 1224
3034 1963
2740 1528
3030 1431
3754 1794
2744 1480
3831 1486
2749 715
3031 1714
3102 520
3024 1758
3032 1213
3790 797
2741 1989
2830 529
3248 1204
3830 1502
2748 834
2845 917
2747 1750
3831 148
2837 479
3762 644
3178 1331
2816 1665
3197 1149
2817 1587
3747 1886
3179 268
3197 1669
2816 12
3114 1160
2843 1839
3768 1663
3179 1023
2745 1650
3789 355
2746 1421
2750 649
2821 1074
3175 1329
3115 634
2821 366
2819 348
3763 1829
3114 1616
3851 870
3750 1188
3126 850
3176 816
3785 385
2822 736
2840 371
3782 1661
2829 1613
2855 475
3842 304
3784 795
3749 612
3841 1063
3198 1003
3749 237
2751 1614
2838 553
2847 900
3837 314
3769 1939
2848 1002
3125 409
3836 1363
2825 242
3125 688
3750 1064
2839 606
3199 652
2823 704
2760 1426
3849 1803
3844 193
3185 1389
2840 1883
3199 90
2826 39
2756 1662
3124 497
3848 522
2752 142
2849 1344
3753 1086
2841 430
3751 1925
3845 1393
2827 1986
3116 489
3181 411
2828 345
3118 1039
3848 1387
3771 899
3838 1700
3180 984
2849 982
3118 1981
2756 1391
3752 942
3770 1496
2842 405
3117 1076
3787 1225
3852 1058
2827 215
3127 1303
3772 1341
3772 785
3182 1850
3184 45
2851 955
2754 718
2757 760
2842 751
3183 1719
3839 1031
3846 1952
2755 669
3771 544
2759 711
3847 1533
3840 1694
3788 1016
3847 1743
3128 1226
2949 298
3129 1740
3205 1351
2853 368
2828 129
2852 1560
2753 1782
3121 113
3196 1318
3788 1449
3910 823
3130 1642
3187 653
3195 1014
3123 1159
3123 1251
3187 826
3958 1107
3131 1427
2901 1918
3993 1504
2896 1382
3896 245
2801 1485
3867 1862
3903 675
3132 871
3903 106
2860 1183
3959 1478
2859 1877
2894 1900
2886 1675
2859 838
3190 288
3853 1334
3966 1276
3897 1542
3994 1903
3867 14
2861 515
3189 941
2893 1703
3911 1325
2883 1916
3960 236
3209 1328
2885 1873
3960 1809
2901 869
3186 140
3206 947
2895 379
3898 748
3904 739
3132 1705
3853 884
3869 1448
3895 1518
3961 1447
2884 213
3854 389
2858 1597
3962 466
2905 1609
2887 814
2903 96
3900 1425
3912 439
3963 449
3201 1335
2857 32
3207 1779
3914 1197
2895 966
2771 1698
2863 350
2898 1401
2771 1539
3150 440
3191 840
3191 1394
2863 1555
3901 671
3913 1254
3208 1795
3908 707
3972 59
3902 720
3855 1451
3856 183
2899 1359
3909 1938
2920 1482
3906 262
3857 1793
3909 1744
2774 929
2904 144
2772 1887
3202 478
3134 819
3968 399
2888 1259
3964 1594
3135 1634
3859 860
3858 1261
3203 811
2889 600
2773 864
3142 1894
3860 1415
3969 920
3194 69
3872 1603
3969 1388
3210 1283
3880 26
2867 1081
2950 1378
3210 1644
3235 1741
2919 1633
3870 772
3142 1202
3965 1490
2781 1998
2761 1059
2865 401
3957 86
3917 1461
2866 64
3866 1526
2912 400
2763 904
3971 1991
2906 1574
3212 1759
3921 1196
3136 632
3970 980
3873 512
3920 44
2906 1737
3915 867
2762 182
3227 1841
2763 1104
3916 170
3918 717
2890 11
2764 191
3922 1871
2882 585
3870 758
3861 263
3862 1776
3247 768
3138 424
2776 1671
3228 661
3874 68
3234 1908
2868 376
3991 206
3215 601
2869 1233
3213 1194
2910 127
3143 1477
3951 1506
2908 1979
3228 407
2782 928
3145 306
3214 1565
3944 1640
2870 1437
3216 310
2916 1444
3921 1187
2765 779
3879 1164
3945 420
2872 1455
3881 1578
2770 706
3229 1756
3949 1971
3137 1834
2915 190
3950 749
3211 1987
2913 403
3218 1531
3946 1516
2891 1715
3140 1015
2914 1227
3147 1184
3875 602
2891 18
3923 40
3875 1649
3148 70
2778 1723
3973 386
3865 1161
2914 1777
2909 618
3140 714
3149 741
3236 635
2769 289
2881 1508
3865 1497
3217 821
3947 1721
2769 1021
3974 30
3948 1041
3230 247
2869 1255
3876 254
2780 1787
3144 194
3877 1625
3237 1342
2917 358
2918 563
3245 1268
2780 47
3948 1672
2948 776
3219 1061
3221 115
3878 843
2779 1048
3975 1599
3978 1075
2925 1527
2800 668
3231 663
3942 1945
2947 85
3232 234
3976 1137
3977 492
3174 105
3153 1654
3926 1621
2935 342
2874 1417
3934 566
2785 1287
3884 343
3935 1540
2935 344
3222 1534
2874 1267
2923 877
3884 20
2926 1117
2875 886
3882 1863
2784 676
3936 1799
3943 863
2946 50
2783 607
3163 686
2927 1201
3222 1907
3154 417
2936 1278
2785 214
3161 1728
2929 1524
3223 735
2938 1264
2937 1808
3983 694
2788 1710
2930 674
2786 952
2791 315
3155 1655
3238 1912
2877 1155
3952 1279
2940 255
3941 1585
2796 1923
3224 647
3163 1631
3886 1085
3986 1396
3164 1491
2924 590
3156 1473
2793 594
3165 410
2878 1238
2921 335
3985 46
3937 321
3984 726
3924 793
2789 922
2922 638
2941 418
2792 808
2793 1381
3938 107
3240 1961
3925 1285
3172 1222
2944 873
2797 1656
3979 693
2792 1670
3979 651
3239 1739
3987 0
3167 1094
2795 588
3925 501
3168 186
3151 1206
3244 1792
2931 1548
2879 1277
3987 775
3152 1820
2933 147
2794 461
3885 1977
3885 1299
3166 1704
3928 1596
3167 897
3162 746
3242 241
3159 203
3160 48
3241 949
2924 164
2943 1057
2934 804
3887 311
2799 434
2945 1707
2880 474
3939 1563
3930 1870
3932 1937
2798 1816
3953 1040
3171 158
3982 987
3891 1974
3169 733
3158 1784
3890 347
3931 896
3225 261
3981 1958
3988 630
3243 1684
3989 1472
3893 1338
3955 1537
3161 1645
3933 1551
3173 1509
2943 175
3940 266
3992 246
2934 552
3893 1910
3892 1600
3225 1403
3939 130
2880 1116
2945 892
3892 956
3954 535
3243 1966
2002 2000
2003 2001
2005 2002
2007 2003
2003 2004
2004 2005
2007 2006
2020 2007
2009 2008
2016 2009
2008 2010
2015 2011
2013 2012
2015 2013
2043 2014
2014 2015
2012 2016
2019 2017
2017 2018
2011 2019
2013 2020
2025 2021
2021 2022
2026 2023
2130 2024
2024 2025
2022 2026
2023 2027
2042 2028
2028 2029
2037 2030
2029 2031
2031 2032
2030 2033
2031 2034
2034 2035
2041 2036
2038 2037
2032 2038
2041 2039
2033 2040
2033 2041
2023 2042
2029 2043
2078 2044
2018 2045
2078 2046
2046 2047
2057 2048
2050 2049
2051 2050
2055 2051
2051 2052
2056 2053
2049 2054
2048 2055
2052 2056
2047 2057
2063 2058
2060 2059
2076 2060
2060 2061
2061 2062
2062 2063
2049 2064
2064 2065
2067 2066
2077 2067
2069 2068
2070 2069
2073 2070
2072 2071
2073 2072
2074 2073
2075 2074
2066 2075
2068 2076
2065 2077
2045 2078
2080 2079
2085 2080
2080 2081
2084 2082
2090 2083
2083 2084
2082 2085
2089 2086
2089 2087
2082 2088
2088 2089
2091 2090
2092 2091
2097 2092
2092 2093
2096 2094
2129 2095
2095 2096
2094 2097
2099 2098
2100 2099
2103 2100
2119 2101
2118 2102
2113 2103
2113 2104
2106 2105
2102 2106
2112 2107
2107 2108
2108 2109
2109 2110
2110 2111
2104 2112
2105 2113
2115 2114
2116 2115
2117 2116
2119 2117
2101 2118
2127 2119
2123 2120
2297 2121
2608 2122
2122 2123
2123 2124
2126 2125
2124 2126
2128 2127
2120 2128
2114 2129
2087 2130
2133 2131
2133 2132
2134 2133
2144 2134
2136 2135
2137 2136
2143 2137
2139 2138
2259 2139
2066 2140
2259 2141
2148 2142
2142 2143
2135 2144
2137 2145
2145 2146
2146 2147
2141 2148
2135 2149
2163 2150
2150 2151
2151 2152
2154 2153
2161 2154
2156 2155
2157 2156
2158 2157
2153 2158
2156 2159
2159 2160
2162 2161
2152 2162
2138 2163
2173 2164
2166 2165
2167 2166
2164 2167
2167 2168
2172 2169
2169 2170
2170 2171
2168 2172
2183 2173
2175 2174
2258 2175
2147 2176
2174 2177
2177 2178
2182 2179
2178 2180
2182 2181
2180 2182
2176 2183
2187 2184
2186 2185
2187 2186
2188 2187
2209 2188
2200 2189
2185 2190
2199 2191
2191 2192
2210 2193
2195 2194
2196 2195
2197 2196
2198 2197
2193 2198
2198 2199
2192 2200
2202 2201
2203 2202
2208 2203
2203 2204
2204 2205
2205 2206
2206 2207
2196 2208
2189 2209
2181 2210
2212 2211
2214 2212
2212 2213
2232 2214
2216 2215
2217 2216
2218 2217
2256 2218
2224 2219
2223 2220
2219 2221
2221 2222
2222 2223
2213 2224
2228 2225
2223 2226
2231 2227
2227 2228
2228 2229
2231 2230
2226 2231
2215 2232
2234 2233
2235 2234
2236 2235
2255 2236
2238 2237
2240 2238
2257 2239
2239 2240
2239 2241
2241 2242
2237 2243
2245 2244
2246 2245
2233 2246
2248 2247
2245 2248
2254 2249
2249 2250
2250 2251
2251 2252
2252 2253
2247 2254
2243 2255
2234 2256
2201 2257
2183 2258
2140 2259
2261 2260
2262 2261
2275 2262
2275 2263
2266 2264
2264 2265
2267 2266
2269 2267
2344 2268
2268 2269
2273 2270
2278 2271
2274 2272
2274 2273
2277 2274
2265 2275
2282 2276
2263 2277
2272 2278
2271 2279
2279 2280
2280 2281
2277 2282
2292 2283
2289 2284
2289 2285
2285 2286
2286 2287
2483 2288
2283 2289
2291 2290
2288 2291
2290 2292
2294 2293
2313 2294
2306 2295
2295 2296
2313 2297
2299 2298
2121 2299
2323 2300
2300 2301
2301 2302
2302 2303
2303 2304
2304 2305
2305 2306
2308 2307
2311 2308
2314 2309
2312 2310
2310 2311
2309 2312
2296 2313
2295 2314
2316 2315
2317 2316
2319 2317
2322 2318
2318 2319
2319 2320
2320 2321
2303 2322
2292 2323
2325 2324
2333 2325
2343 2326
2326 2327
2327 2328
2330 2329
2331 2330
2332 2331
2335 2332
2334 2333
2335 2334
2328 2335
2337 2336
2338 2337
2341 2338
2342 2339
2339 2340
2340 2341
2329 2342
2310 2343
2284 2344
2346 2345
2347 2346
2348 2347
2351 2348
2350 2349
2352 2350
2352 2351
2353 2352
2378 2353
2378 2354
2354 2355
2373 2356
2355 2357
2357 2358
2360 2359
2362 2360
2358 2361
2361 2362
2371 2363
2363 2364
2371 2365
2370 2366
2369 2367
2367 2368
2365 2369
2367 2370
2362 2371
2374 2372
2372 2373
2375 2374
2376 2375
2387 2376
2410 2377
2356 2378
2386 2379
2379 2380
2383 2381
2381 2382
2385 2383
2385 2384
2409 2385
2382 2386
2377 2387
2407 2388
2390 2389
2405 2390
2408 2391
2393 2392
2400 2393
2393 2394
2394 2395
2397 2396
2398 2397
2403 2398
2398 2399
2399 2400
3997 2401
2401 2402
2402 2403
2405 2404
2406 2405
2395 2406
2408 2407
2404 2408
2396 2409
2388 2410
2416 2411
2415 2412
2415 2413
2413 2414
2417 2415
2414 2416
2424 2417
2419 2418
2428 2419
2461 2420
2419 2421
2421 2422
2428 2423
2431 2424
2426 2425
2451 2426
2420 2427
2427 2428
2430 2429
2450 2430
2418 2431
2439 2432
2439 2433
2423 2434
2433 2435
2435 2436
2436 2437
2607 2438
2434 2439
2482 2440
2444 2441
2441 2442
2441 2443
2440 2444
2442 2445
2443 2446
2446 2447
2456 2448
2448 2449
2449 2450
2429 2451
2430 2452
2452 2453
2456 2454
2481 2455
2460 2456
2459 2457
2457 2458
2453 2459
2447 2460
2451 2461
2466 2462
2464 2463
2467 2464
2464 2465
2465 2466
2480 2467
2474 2468
2455 2469
2469 2470
2470 2471
2475 2472
2470 2473
2471 2474
2474 2475
2472 2476
2473 2477
2479 2478
2477 2479
2468 2480
2454 2481
2391 2482
2364 2483
2491 2484
2484 2485
2485 2486
2488 2487
2489 2488
2519 2489
2489 2490
2495 2491
2493 2492
2490 2493
2496 2494
2492 2495
2495 2496
2494 2497
2501 2498
2508 2499
2506 2500
2500 2501
2501 2502
2502 2503
2503 2504
2499 2505
2505 2506
2438 2507
2507 2508
2510 2509
2518 2510
2510 2511
2511 2512
2509 2513
2515 2514
2516 2515
2513 2516
2512 2517
2504 2518
2504 2519
2521 2520
2522 2521
2523 2522
2524 2523
2527 2524
2527 2525
2525 2526
2540 2527
2517 2528
2548 2529
2538 2530
2530 2531
2533 2532
2534 2533
2529 2534
2539 2535
2534 2536
2535 2537
2536 2538
2532 2539
2531 2540
2542 2541
2543 2542
2544 2543
2547 2544
2541 2545
2545 2546
2537 2547
2528 2548
2551 2549
2552 2550
2550 2551
2553 2552
2554 2553
2555 2554
2558 2555
2558 2556
2556 2557
2572 2558
2562 2559
2561 2560
2562 2561
2564 2562
2560 2563
2569 2564
2571 2565
2569 2566
2566 2567
2570 2568
2565 2569
2573 2570
2568 2571
2559 2572
2546 2573
2575 2574
2576 2575
2606 2576
2576 2577
2577 2578
2580 2579
2581 2580
2586 2581
2583 2582
2584 2583
2587 2584
2583 2585
2582 2586
2578 2587
2605 2588
2590 2589
2588 2590
2590 2591
2593 2592
2594 2593
2589 2594
2603 2595
2594 2596
2595 2597
2597 2598
2604 2599
2599 2600
2600 2601
2603 2602
2604 2603
2596 2604
2577 2605
2552 2606
2432 2607
2298 2608
2611 2609
2613 2610
2612 2611
2610 2612
2616 2613
2615 2614
2618 2615
2618 2616
2614 2617
2632 2618
2621 2619
2619 2620
2628 2621
2621 2622
2622 2623
2623 2624
2624 2625
2655 2626
2657 2627
2627 2628
2630 2629
2631 2630
2623 2631
2620 2632
2634 2633
2635 2634
2636 2635
2637 2636
2638 2637
2639 2638
2640 2639
2641 2640
2642 2641
2651 2642
2644 2643
2645 2644
2646 2645
2647 2646
2649 2647
2737 2648
2648 2649
2649 2650
2653 2651
2646 2652
2650 2653
2737 2654
2659 2655
2655 2656
2664 2657
2661 2658
2658 2659
2661 2660
2662 2661
2667 2662
2666 2663
2626 2664
2654 2665
2665 2666
2663 2667
2669 2668
2670 2669
2667 2670
2668 2671
2671 2672
2675 2673
2673 2674
2679 2675
2672 2676
2678 2677
2676 2678
2677 2679
2671 2680
2687 2681
2627 2682
2684 2683
2685 2684
2693 2685
2694 2686
2711 2687
2681 2688
2690 2689
2691 2690
2686 2691
2686 2692
2692 2693
2695 2694
2707 2695
2697 2696
2700 2697
2696 2698
2698 2699
2695 2700
3250 2701
2526 2702
3250 2703
2703 2704
2704 2705
2709 2706
2708 2707
2710 2708
2705 2709
2706 2710
2684 2711
2713 2712
2716 2713
2712 2714
2714 2715
2719 2716
2721 2717
2717 2718
2718 2719
2736 2720
2722 2721
2720 2722
2722 2723
2718 2724
2726 2725
2727 2726
2724 2727
2715 2728
2735 2729
2729 2730
2733 2731
2980 2732
2732 2733
2979 2734
2723 2735
2699 2736
2688 2737
2739 2738
2742 2739
2741 2740
2742 2741
2743 2742
2745 2743
2743 2744
2746 2745
2751 2746
2748 2747
2750 2748
2744 2749
2749 2750
2760 2751
2758 2752
2757 2753
2759 2754
2753 2755
2755 2756
2758 2757
2754 2758
2801 2759
2752 2760
2762 2761
2764 2762
2765 2763
2767 2764
2766 2765
2767 2766
2782 2767
2770 2768
2768 2769
2766 2770
2864 2771
2775 2772
2772 2773
2773 2774
2867 2775
2781 2776
2776 2777
2777 2778
2778 2779
2779 2780
2950 2781
2777 2782
2800 2783
2783 2784
2788 2785
2787 2786
2784 2787
2786 2788
2790 2789
2791 2790
2787 2791
2790 2792
2794 2793
2795 2794
2798 2795
2799 2796
2789 2797
2796 2798
2797 2799
2768 2800
2761 2801
2951 2802
2802 2803
2805 2804
2803 2805
2804 2806
2804 2807
2807 2808
2811 2809
2808 2810
2806 2811
2809 2812
2815 2813
2856 2814
2812 2815
2817 2816
2818 2817
2819 2818
2820 2819
2830 2820
2820 2821
2818 2822
2824 2823
2829 2824
2824 2825
2823 2826
2826 2827
2825 2828
2822 2829
2810 2830
2836 2831
2834 2832
2835 2833
2846 2834
2836 2835
2814 2836
2838 2837
2843 2838
2854 2839
2839 2840
2854 2841
2841 2842
2844 2843
2833 2844
2844 2845
2845 2846
2855 2847
2847 2848
2850 2849
2848 2850
2850 2851
2851 2852
2852 2853
2837 2854
2846 2855
2813 2856
2858 2857
2775 2858
2860 2859
2861 2860
2862 2861
2857 2862
2862 2863
2774 2864
2866 2865
2882 2866
2865 2867
2892 2868
2870 2869
2892 2870
2872 2871
2873 2872
2890 2873
2877 2874
2948 2875
2875 2876
2876 2877
2876 2878
2878 2879
2879 2880
2871 2881
2868 2882
2884 2883
2885 2884
2893 2885
2883 2886
2886 2887
2920 2888
2888 2889
2889 2890
2873 2891
2871 2892
2897 2893
2898 2894
2897 2895
2949 2896
2894 2897
2899 2898
2900 2899
2896 2900
2902 2901
2905 2902
2902 2903
2903 2904
2900 2905
2907 2906
2916 2907
2910 2908
2911 2909
2911 2910
2912 2911
2919 2912
2909 2913
2915 2914
2913 2915
2908 2916
2918 2917
2907 2918
2904 2919
2887 2920
2932 2921
2931 2922
2922 2923
2923 2924
2947 2925
2925 2926
2928 2927
2926 2928
2928 2929
2927 2930
2921 2931
2930 2932
2932 2933
2933 2934
2941 2935
2937 2936
2929 2937
2946 2938
2938 2939
2939 2940
2940 2941
2944 2942
2942 2943
2939 2944
2942 2945
2936 2946
2917 2947
2881 2948
2853 2949
2864 2950
2678 2951
2954 2952
2954 2953
2974 2954
2959 2955
2974 2956
2956 2957
2955 2958
2966 2959
2961 2960
3035 2961
2963 2962
2964 2963
2973 2964
2970 2965
2971 2966
2961 2967
2967 2968
2965 2969
2960 2970
2972 2971
2973 2972
2960 2973
2958 2974
2976 2975
2983 2976
2978 2977
2731 2978
2730 2979
2979 2980
3249 2981
3249 2982
2977 2983
2987 2984
2990 2985
2991 2986
2990 2987
2986 2988
2988 2989
2989 2990
2992 2991
2983 2992
2995 2993
2996 2994
2994 2995
3003 2996
3002 2997
3002 2998
3013 2999
3001 3000
2998 3001
2999 3002
2997 3003
3065 3004
3006 3005
3007 3006
3000 3007
3006 3008
3010 3009
3011 3010
3012 3011
3016 3012
3014 3013
3017 3014
3009 3015
3013 3016
2989 3017
2982 3018
3022 3019
3034 3020
3018 3021
3033 3022
3019 3023
3023 3024
3028 3025
3029 3026
3026 3027
3027 3028
3030 3029
3031 3030
3032 3031
3024 3032
3021 3033
3033 3034
2993 3035
3037 3036
3038 3037
3047 3038
3038 3039
3057 3040
3042 3041
3043 3042
3044 3043
3045 3044
3046 3045
3066 3046
3041 3047
3049 3048
3050 3049
3058 3050
3049 3051
3051 3052
3052 3053
3053 3054
3054 3055
3055 3056
3039 3057
3040 3058
3060 3059
3004 3060
3004 3061
3087 3062
3064 3063
3067 3064
3073 3065
3062 3066
3062 3067
3070 3068
3087 3069
3069 3070
3078 3071
3077 3072
3113 3073
3075 3074
3082 3075
3075 3076
3078 3077
3068 3078
3086 3079
3084 3080
3084 3081
3085 3082
3085 3083
3079 3084
3080 3085
3072 3086
3061 3087
3092 3088
3090 3089
3091 3090
3112 3091
3089 3092
3092 3093
3096 3094
3106 3095
3090 3096
3096 3097
3101 3098
3097 3099
3103 3100
3100 3101
3101 3102
3099 3103
3105 3104
3107 3105
3094 3106
3108 3107
3111 3108
3095 3109
3111 3110
3109 3111
3081 3112
3005 3113
3115 3114
3124 3115
3119 3116
3120 3117
3119 3118
3117 3119
3121 3120
3133 3121
3129 3122
3133 3123
3116 3124
3126 3125
3127 3126
3122 3127
3122 3128
3120 3129
3128 3130
3130 3131
3131 3132
3150 3133
3135 3134
3136 3135
3138 3136
3139 3137
3139 3138
3141 3139
3137 3140
3148 3141
3143 3142
3146 3143
3247 3144
3211 3145
3145 3146
3146 3147
3149 3148
3147 3149
3134 3150
3157 3151
3151 3152
3174 3153
3153 3154
3154 3155
3155 3156
3156 3157
3160 3158
3169 3159
3162 3160
3152 3161
3157 3162
3164 3163
3165 3164
3172 3165
3170 3166
3171 3167
3158 3168
3168 3169
3159 3170
3173 3171
3166 3172
3170 3173
3141 3174
3248 3175
3175 3176
3176 3177
3177 3178
3178 3179
3185 3180
3182 3181
3183 3182
3184 3183
3180 3184
3177 3185
3195 3186
3186 3187
3196 3188
3188 3189
3192 3190
3193 3191
3189 3192
3192 3193
3193 3194
3188 3195
3181 3196
3198 3197
3200 3198
3200 3199
3205 3200
3190 3201
3204 3202
3201 3203
3203 3204
3209 3205
3207 3206
3208 3207
3202 3208
3206 3209
3194 3210
3213 3211
3144 3212
3212 3213
3216 3214
3218 3215
3215 3216
3245 3217
3220 3218
3220 3219
3217 3220
3219 3221
3226 3222
3226 3223
3223 3224
3224 3225
3221 3226
3234 3227
3229 3228
3233 3229
3246 3230
3233 3231
3230 3232
3232 3233
3246 3234
3204 3235
3227 3236
3236 3237
3237 3238
3241 3239
3238 3240
3240 3241
3244 3242
3242 3243
3239 3244
3231 3245
3235 3246
3214 3247
3102 3248
2731 3249
2702 3250
3253 3251
3253 3252
3254 3253
3255 3254
3259 3255
3997 3256
3270 3257
3270 3258
3262 3259
3285 3260
3263 3261
3263 3262
3271 3263
3271 3264
3269 3265
3265 3266
3266 3267
3267 3268
3264 3269
3256 3270
3257 3271
3278 3272
3274 3273
3276 3274
3279 3275
3275 3276
3276 3277
3275 3278
3289 3279
3281 3280
3284 3281
3283 3282
3280 3283
3277 3284
3261 3285
3260 3286
3288 3287
3290 3288
3288 3289
3309 3290
3310 3291
3286 3292
3299 3293
3299 3294
3309 3295
3293 3296
3298 3297
3296 3298
3295 3299
3306 3300
3302 3301
3303 3302
3307 3303
3294 3304
3308 3305
3305 3306
3300 3307
3304 3308
3291 3309
3292 3310
3312 3311
3313 3312
3314 3313
3315 3314
3321 3315
3319 3316
3297 3317
3317 3318
3354 3319
3323 3320
3324 3321
3336 3322
3316 3323
3320 3324
3331 3325
3325 3326
3334 3327
3327 3328
3353 3329
3332 3330
3330 3331
3335 3332
3329 3333
3326 3334
3333 3335
3340 3336
3322 3337
3346 3338
3381 3339
3353 3340
3445 3341
3347 3342
3345 3343
3343 3344
3342 3345
3337 3346
3341 3347
3347 3348
3352 3349
3344 3350
3350 3351
3351 3352
3316 3353
3318 3354
3356 3355
3357 3356
3359 3357
3363 3358
3358 3359
3359 3360
3362 3361
3365 3362
3364 3363
3365 3364
3371 3365
3368 3366
3368 3367
3369 3368
3370 3369
3393 3370
3366 3371
3360 3372
3377 3373
3375 3374
3376 3375
3377 3376
3379 3377
3386 3378
3380 3379
3378 3380
3382 3381
3445 3382
3385 3383
3383 3384
3378 3385
3339 3386
3388 3387
3394 3388
3387 3389
3389 3390
3390 3391
3387 3392
3396 3393
3403 3394
3391 3395
3392 3396
3401 3397
3404 3398
3398 3399
3399 3400
3402 3401
3400 3402
3397 3403
3384 3404
3396 3405
3407 3406
3408 3407
3409 3408
3410 3409
3411 3410
3413 3411
3443 3412
3412 3413
3418 3414
3417 3415
3415 3416
3413 3417
3415 3418
3420 3419
3426 3420
3442 3421
3421 3422
3422 3423
3428 3424
3424 3425
3427 3426
3421 3427
3423 3428
3444 3429
3429 3430
3434 3431
3430 3432
3434 3433
3432 3434
3433 3435
3435 3436
3433 3437
3440 3438
3436 3439
3439 3440
3440 3441
3437 3442
3428 3443
3400 3444
3338 3445
3449 3446
3450 3447
3453 3448
3450 3449
3448 3450
3466 3451
3451 3452
3459 3453
3996 3454
3459 3455
3461 3456
3456 3457
3457 3458
3458 3459
3454 3460
3467 3461
3463 3462
3465 3463
3457 3464
3464 3465
3447 3466
3460 3467
3996 3468
3472 3469
3473 3470
3468 3471
3471 3472
3469 3473
3471 3474
3352 3475
3497 3476
3476 3477
3477 3478
3478 3479
3479 3480
3483 3481
3487 3482
3482 3483
3485 3484
3488 3485
3485 3486
3486 3487
3489 3488
3490 3489
3491 3490
3519 3491
3491 3492
3567 3493
3493 3494
3492 3495
3484 3496
3496 3497
3502 3498
3474 3499
3501 3500
3503 3501
3504 3502
3498 3503
3568 3504
3499 3505
3502 3506
3508 3507
3517 3508
3513 3509
3509 3510
3506 3511
3518 3512
3512 3513
3513 3514
3514 3515
3515 3516
3510 3517
3511 3518
3507 3519
3494 3520
3522 3521
3523 3522
3524 3523
3520 3524
3524 3525
3528 3526
3529 3527
3525 3528
3528 3529
3527 3530
3529 3531
3539 3532
3532 3533
3533 3534
3534 3535
3535 3536
3536 3537
3537 3538
3531 3539
3541 3540
3542 3541
3543 3542
3546 3543
3553 3544
3553 3545
3545 3546
3548 3547
3549 3548
3550 3549
3551 3550
3552 3551
3544 3552
3561 3553
3560 3554
3560 3555
3555 3556
3566 3557
3538 3558
3563 3559
3557 3560
3564 3561
3565 3562
3562 3563
3556 3564
3564 3565
3558 3566
3495 3567
3505 3568
3572 3569
3569 3570
3573 3571
3571 3572
3574 3573
3575 3574
3576 3575
3590 3576
3575 3577
3576 3578
3580 3579
3578 3580
3570 3581
3583 3582
3584 3583
3585 3584
3589 3585
3588 3586
3586 3587
3638 3588
3586 3589
3582 3590
3592 3591
3595 3592
3600 3593
3593 3594
3594 3595
3593 3596
3596 3597
3597 3598
3594 3599
3585 3600
3602 3601
3603 3602
3604 3603
3605 3604
3606 3605
3607 3606
3608 3607
3613 3608
3614 3609
3609 3610
3612 3611
3610 3612
3611 3613
3717 3614
3616 3615
3620 3616
3616 3617
3617 3618
3618 3619
3621 3620
3611 3621
3621 3622
3625 3623
3601 3624
3626 3625
3627 3626
3637 3627
3629 3628
3623 3629
3631 3630
3628 3631
3630 3632
3636 3633
3635 3634
3633 3635
3630 3636
3624 3637
3624 3638
3640 3639
3641 3640
3642 3641
3643 3642
3644 3643
3665 3644
3716 3645
3647 3646
3645 3647
3645 3648
3652 3649
3651 3650
3649 3651
3646 3652
3654 3653
3657 3654
3648 3655
3653 3656
3655 3657
3659 3658
3656 3659
3661 3660
3662 3661
3663 3662
3658 3663
3657 3664
3664 3665
3678 3666
3666 3667
3667 3668
3677 3669
3671 3670
3675 3671
3668 3672
3672 3673
3670 3674
3673 3675
3669 3676
3695 3677
3676 3678
3674 3679
3679 3680
3680 3681
3681 3682
3686 3683
3686 3684
3659 3685
3685 3686
3696 3687
3687 3688
3701 3689
3694 3690
3689 3691
3715 3692
3692 3693
3683 3694
3684 3695
3695 3696
3698 3697
3699 3698
3700 3699
3702 3700
3704 3701
3689 3702
3691 3703
3715 3704
3706 3705
3709 3706
3703 3707
3709 3708
3710 3709
3714 3710
3707 3711
3713 3712
3708 3713
3711 3714
3690 3715
3619 3716
3518 3717
3719 3718
3720 3719
3721 3720
3742 3721
3718 3722
3727 3723
3728 3724
3724 3725
3723 3726
3728 3727
3729 3728
3736 3729
3731 3730
3733 3731
3734 3732
3732 3733
3735 3734
3777 3735
3734 3736
3738 3737
3739 3738
3741 3739
3739 3740
3733 3741
3726 3742
3791 3743
3745 3744
3746 3745
3743 3746
3754 3747
3747 3748
3748 3749
3751 3750
3752 3751
3753 3752
3748 3753
3744 3754
3756 3755
3758 3756
3764 3757
3757 3758
3767 3759
3765 3760
3767 3761
3766 3762
3762 3763
3759 3764
3766 3765
3761 3766
3768 3767
3790 3768
3763 3769
3773 3770
3770 3771
3773 3772
3769 3773
3775 3774
3776 3775
3792 3776
3792 3777
3781 3778
3780 3779
3778 3780
3783 3781
3783 3782
3789 3783
3850 3784
3837 3785
3849 3786
3850 3787
3852 3788
3784 3789
3782 3790
3755 3791
3779 3792
3794 3793
3795 3794
3995 3795
3682 3796
3793 3797
3804 3798
3800 3799
3803 3800
3798 3801
3801 3802
3802 3803
3797 3804
3806 3805
3807 3806
3811 3807
3807 3808
3808 3809
3809 3810
3797 3811
3822 3812
3814 3813
3812 3814
3801 3815
3817 3816
3834 3817
3816 3818
3825 3819
3819 3820
3833 3821
3803 3822
3824 3823
3820 3824
3818 3825
3820 3826
3826 3827
3832 3828
3827 3829
3829 3830
3828 3831
3830 3832
3825 3833
3815 3834
3842 3835
3785 3836
3786 3837
3786 3838
3838 3839
3839 3840
3835 3841
3851 3842
3835 3843
3843 3844
3844 3845
3845 3846
3846 3847
3841 3848
3843 3849
3836 3850
3821 3851
3787 3852
3854 3853
3856 3854
3857 3855
3855 3856
3858 3857
3859 3858
3860 3859
3866 3860
3862 3861
3863 3862
3873 3863
3874 3864
3879 3865
3864 3866
3868 3867
3993 3868
3868 3869
3871 3870
3869 3871
3871 3872
3880 3873
3861 3874
3878 3875
3881 3876
3883 3877
3877 3878
3864 3879
3872 3880
3863 3881
3894 3882
3876 3883
3882 3884
3888 3885
3894 3886
3889 3887
3887 3888
3886 3889
3888 3890
3889 3891
3890 3892
3891 3893
3883 3894
3896 3895
3897 3896
3898 3897
3900 3898
3895 3899
3901 3900
3902 3901
3908 3902
3904 3903
3905 3904
3914 3905
3905 3906
3906 3907
3907 3908
3899 3909
3840 3910
3994 3911
3911 3912
3912 3913
3913 3914
3918 3915
3915 3916
3916 3917
3922 3918
3957 3919
3919 3920
3920 3921
3919 3922
3917 3923
3941 3924
3927 3925
3938 3926
3928 3927
3930 3928
3932 3929
3924 3930
3933 3931
3940 3932
3927 3933
3936 3934
3934 3935
3937 3936
3926 3937
3929 3938
3929 3939
3931 3940
3923 3941
3935 3942
3956 3943
3950 3944
3949 3945
3945 3946
3946 3947
3947 3948
3944 3949
3951 3950
3956 3951
3943 3952
3955 3953
3953 3954
3952 3955
3942 3956
3907 3957
3967 3958
3966 3959
3961 3960
3967 3961
3963 3962
3964 3963
3965 3964
3991 3965
3958 3966
3962 3967
3972 3968
3970 3969
3971 3970
3968 3971
3959 3972
3974 3973
3975 3974
3976 3975
3977 3976
3978 3977
3983 3978
3980 3979
3954 3980
3992 3981
3980 3982
3990 3983
3990 3984
3984 3985
3985 3986
3986 3987
3989 3988
3981 3989
3988 3990
3973 3991
3982 3992
3899 3993
3910 3994
3796 3995
3475 3996
