steiner points
23 264
90 614
90 817
299 897
560 897
90 1025
176 1103
539 536
450 697
539 697
560 697
560 783
90 897
90 944
176 1151
82 1290
228 1301
228 1448
1105 1501
563 1509
273 1559
282 1559
495 1683
495 1891
273 1692
176 1290
1149 284
1412 388
1419 396
1445 108
1445 136
1445 144
1412 378
1211 388
1761 524
1489 524
1157 388
1576 641
1157 482
1445 370
1157 728
1002 1035
1002 1082
993 1085
993 1222
1105 1457
1105 1509
898 1509
1391 1329
1526 1082
1459 1307
1526 1232
1526 1307
1306 1329
1450 1625
1450 1731
1105 1329
1391 1423
1037 785
1876 251
2017 251
2017 340
2017 517
2146 589
2079 594
2039 594
1576 524
2017 524
2368 361
2368 423
2368 542
2211 542
1931 1067
1898 1099
2079 754
2079 831
2079 858
2079 920
2079 936
2163 1048
2258 1089
2021 1067
2294 1176
2333 1311
2294 1311
2211 1443
2062 1443
2278 1443
2238 1578
2238 1612
1896 1685
1961 1685
2125 1685
2143 1685
1896 1821
2238 1531
2278 1490
2079 1048
2029 594
495 1559
65 2122
130 2236
249 2236
365 2236
481 2236
249 2363
249 2603
374 2661
538 2661
249 2461
487 2950
374 2821
374 3040
374 2950
768 2043
768 2275
768 2319
1155 2319
1065 2319
768 2410
1217 2524
1155 2493
870 2726
987 2882
870 2882
870 2940
790 2940
706 2940
796 2699
578 2275
1710 2182
1514 2182
1443 2182
1347 2239
1710 2266
1347 2327
1327 2426
1350 2689
1636 2733
1678 2733
1693 2740
1853 2740
1361 2733
1678 2740
1678 3058
1719 3074
1327 2524
2473 2246
2301 2246
2274 2246
2258 2246
1986 2246
1986 2740
1964 2740
2246 2605
2207 2740
1964 2921
2094 3139
1964 3139
1986 2461
1808 2740
1327 2594
684 1982
162 3665
162 3781
104 3826
400 3899
188 3899
179 3899
104 3899
334 4090
104 3975
104 4133
256 4204
334 4204
118 4204
787 3617
878 3688
787 3688
752 3973
538 4037
746 4037
967 3735
1289 3760
1266 3840
1379 3876
1208 4073
1736 3537
1657 3621
1432 3691
1471 3691
1471 3765
1471 3772
1970 3918
1266 3876
1554 3988
1653 3918
1471 3876
1486 4100
1486 4135
1561 4163
1573 4163
1824 4163
1573 4333
1486 4150
1486 3988
2240 3370
2240 3543
2250 3699
2099 3807
2245 3807
2250 3761
2099 3918
2240 3612
1653 3988
1289 3834
2240 3139
2683 107
2683 283
2683 416
3093 548
2937 482
2985 482
2985 548
2958 804
2947 804
2710 804
2947 925
2958 565
3483 141
3462 96
3286 96
3690 273
3607 273
3690 285
3237 452
3585 633
3456 697
3394 697
3243 697
3456 803
2799 482
3237 548
3089 1147
2884 1106
2947 995
2947 1106
2882 1399
3067 1404
2882 1404
3516 1135
3507 1147
3419 1147
3316 1503
3507 1243
3556 1489
3507 1489
3426 1523
3484 1523
3227 1147
2882 1212
3966 91
3966 134
4036 268
3881 268
3962 268
3966 268
3861 285
3962 430
4091 267
4138 267
4169 290
4542 87
4395 87
4582 152
4741 252
4463 290
4582 252
4375 378
4375 428
4377 621
4552 621
4375 621
4227 290
4902 205
4854 205
4784 205
4903 221
4780 252
4903 278
4903 358
4859 472
4886 472
4375 290
4552 761
4768 925
4552 801
4439 974
4552 925
4318 974
4574 1336
4561 1336
4302 1336
4084 1336
4302 1494
4561 1031
4552 974
3789 285
2691 1778
2760 1778
2835 1778
2691 1986
2691 2078
2691 2096
2415 2246
2691 1960
2688 2358
2781 2370
2781 2420
2781 2520
2601 2520
2703 2764
2617 2764
2601 2764
2582 2812
2601 2651
2688 2275
3405 1708
3258 1787
3089 1895
3556 1629
3509 1727
3614 1914
3623 2009
3623 2032
3623 2037
3553 2069
3288 1708
3787 2094
3431 2355
3093 2420
3172 2420
3172 2562
3412 2562
3431 2562
3787 2139
3790 1886
3479 2094
3553 2094
3787 2211
3805 2296
3826 2425
3787 2239
3172 2709
3172 2846
3494 3031
3468 3031
3215 2950
3442 3106
3256 3041
3382 3161
3257 3161
3547 3031
3713 3133
3632 3133
3172 2911
2985 2420
3078 3361
2906 3361
2846 3361
2652 3361
2846 3433
2871 3504
3216 3577
3606 3363
3382 3202
3568 3302
3376 3374
3316 3517
2993 3577
3931 3335
3921 3575
3738 3575
3316 3577
3325 3880
3000 3891
2852 3930
2556 4018
3188 3891
3325 3891
3335 3981
3344 3988
3569 4103
3685 4103
3325 3747
3980 3942
3372 4103
3909 4103
3980 4103
3998 4156
3059 3891
3382 3302
4293 1789
4293 1838
4293 1874
4347 1941
4347 1996
4899 1807
4899 1879
4845 2155
4899 2155
4633 2167
4777 2167
4482 2189
4584 2189
4709 2391
4584 2391
4584 2344
4530 2391
4453 2391
4735 2522
4584 2391
4245 3202
4243 3202
4245 3291
4245 3312
4069 3312
4611 2871
4729 2916
4729 3040
4729 3049
4729 3106
4699 3106
4699 3165
4699 3247
4699 3291
4889 3441
4941 3507
4661 3638
4699 3441
4486 3291
4296 4145
4296 4191
4296 4226
4790 3898
4736 3885
4790 4086
4653 4130
4494 4130
4790 3949
4879 4086
4653 4141
4477 4130
4661 3807
4584 2784
4245 3423
3556 1727
2688 2246
208 4578
93 4578
216 4626
216 4879
800 4563
660 4598
216 4944
996 4979
551 5019
660 4878
796 4878
660 4748
822 5096
822 4979
621 5019
359 5019
1449 4349
1449 4435
1449 4549
1621 4549
1460 4960
1971 5059
1760 5059
1721 5059
1621 5059
1609 5059
1460 5059
1621 4674
1196 4960
298 5555
298 5682
240 5879
161 5879
240 6258
240 6320
514 6337
869 5360
869 5496
956 5499
887 5499
887 5663
887 5749
869 5760
1101 5982
1101 6022
1356 6022
871 6022
924 6228
796 6342
924 6342
978 6219
869 5797
589 6342
1423 5674
1549 5674
1394 5756
1394 5870
1494 5949
1216 6022
1356 6351
1816 6378
1685 6415
1608 6415
1492 6415
1394 5949
978 6022
887 5711
2454 4528
2456 4587
2680 4642
2930 4496
2914 4551
2456 4722
2849 4642
2669 4775
2546 4758
2669 4758
2276 5048
2264 5048
2108 5048
2350 5064
2500 5194
2879 5194
2405 5354
2260 5573
2653 4922
2641 4924
2405 5194
2641 5194
2879 5252
2901 5401
2879 5401
2753 5642
2753 5752
2838 5401
2260 5493
2669 4815
3459 4771
3459 4842
3459 4914
3512 5293
3326 5194
3455 5194
3512 5194
3512 5213
3134 5546
3476 5417
3342 5546
3455 5127
3026 5194
2157 6203
2229 6263
2294 6291
2385 6329
2518 6161
2239 6291
2961 6268
2239 6368
2747 5850
2422 6161
2385 6291
3231 5972
3336 5972
3372 6163
3209 6301
3209 6323
3363 6323
3372 6240
3452 6449
3209 6463
3372 6323
2747 6161
2747 6268
2066 5048
3914 4609
3980 4651
3991 4724
3991 4908
3775 4914
3853 4914
4030 4937
3991 4914
3853 5061
3853 5492
3853 5198
3853 5136
4339 4424
4339 4443
4339 4565
4524 4565
4697 4565
4881 4565
4930 4565
4658 4565
4254 4836
4194 5029
4194 4937
4334 5075
4358 5158
4317 5301
4460 5301
4417 5180
4306 5380
4306 5416
4306 5556
4581 5301
4897 4989
4825 4989
4678 5009
4678 5301
4711 5349
4891 5366
4894 5390
4417 5301
4269 4623
4194 5075
3751 5854
3785 5950
4018 6035
3950 6035
3816 6035
3816 6157
3816 6219
4306 5617
4464 5738
4306 5698
4361 6021
4404 6021
4361 5892
4207 6123
4207 6035
4717 5774
4708 5774
4864 5774
4972 6079
4660 6064
4708 5915
4639 6179
4988 6211
4616 6232
4708 6064
4531 5774
4041 6035
4361 5738
3726 4914
1956 4549
773 6767
593 6806
722 6806
470 6833
506 6833
506 6936
1226 6657
1212 6699
1012 6711
829 6711
1201 6942
1201 6968
1058 7048
1201 6711
1468 6871
1618 6875
1629 6875
1769 6875
1671 6875
1967 6608
1977 6673
1977 6731
1977 6800
1882 6853
1711 6875
1828 6875
1437 6657
2565 6729
2478 6729
2478 6794
2415 6794
2231 6794
2415 6905
2810 6806
2810 6840
2810 6910
2810 6970
2795 6998
2713 6729
2187 6800
398 7320
292 7577
195 7453
292 7453
166 8186
110 8186
110 8328
292 7733
287 8070
287 8186
555 8261
340 8261
198 8186
295 8261
749 7924
644 7956
401 8261
644 8261
287 8005
1242 7424
1112 7529
1216 7529
1216 7672
1216 7725
1216 7753
1216 7838
1086 7859
912 7924
1273 8134
1019 7924
1019 8061
1175 7859
1066 8134
209 8657
110 8459
161 8833
402 8671
365 8671
484 8690
562 8690
302 8666
835 8690
1136 8738
993 8738
876 8738
876 8848
402 8690
161 8657
1523 7357
1710 7355
1828 7355
1517 7357
1652 7357
1774 7575
1781 7600
1652 7550
1923 7618
1923 7658
1992 7672
1473 8233
1746 8315
2412 7897
2220 8099
2220 8099
2218 8121
2218 8207
1473 8291
1951 8315
2043 8315
2218 8315
2014 8315
1609 8571
1609 8748
1812 8748
1530 8837
1944 8748
1944 8557
2218 8647
2101 8647
1944 8647
1609 8648
1592 8837
2014 8401
2220 7903
2588 7271
2657 7488
2588 7488
2533 7574
2533 7713
2415 7771
2412 7771
2412 7824
2412 7903
2485 7931
2298 7903
2698 7946
2473 7771
2763 8128
2643 8098
2698 8054
2643 8150
2790 8522
2812 8522
2812 8326
2812 8489
2746 8522
2698 8098
2220 8014
1423 8187
1828 7193
588 9465
499 9465
188 9504
188 9507
208 9615
330 9434
251 9434
188 9434
430 9434
208 9661
208 9874
208 9948
617 9491
968 9491
1090 9491
1120 9661
1090 9363
749 9491
749 9562
1786 9196
1618 9647
1557 9288
1557 9219
1557 9647
1622 9717
1435 9813
1435 9911
1435 9661
1303 9661
1709 9219
1851 9196
1944 9196
1907 9196
2221 9196
2033 9196
1907 9257
2082 9455
1907 9455
2357 9196
2415 9196
2634 9196
2249 9196
2287 9762
2088 9753
2088 9565
2088 9762
2024 9774
2470 9810
2640 9827
2067 9774
1435 9697
712 9672
1944 9013
3209 6505
3209 6783
3209 6984
3178 6984
3103 6991
3794 6876
3481 7073
3819 7112
3794 7112
3664 7112
3620 7112
3498 7112
3265 6984
4047 6688
4104 6688
4239 6688
4047 6876
4047 6937
4615 7054
4191 7054
4746 6951
4305 7054
4519 7054
4642 6974
4191 7233
3941 6876
3559 7375
3423 7380
3347 7558
3434 7675
3569 7729
3564 7729
3434 7729
3419 7778
3347 7660
4044 7304
4044 7386
3818 7404
3701 7375
3788 7472
3785 7506
3788 7404
3419 7878
3123 8007
3041 8348
3027 8539
3419 8007
3543 8116
3543 8144
3543 8267
3351 8267
3544 8331
4149 8279
4003 8328
3847 8279
4003 8279
3702 8331
3887 8279
4003 8338
3627 8331
3042 8061
3042 8050
4458 7541
4426 7639
4604 7541
4751 7541
4751 7629
4751 7767
4766 7792
4907 7541
4625 8198
4541 8198
4782 8198
4625 8278
4625 8429
4717 8429
4403 8487
4782 7946
4183 8198
4044 7404
3322 8967
3212 8979
3212 9115
3702 8633
3652 8955
3212 8967
3652 9036
3571 9036
3349 8967
3453 9036
3453 9057
3665 9525
3227 9681
3227 9698
3227 9744
3227 9805
3665 9266
3847 9525
3539 9632
3665 9632
3692 9731
3665 9709
3227 9635
4107 8737
4314 8866
4164 8866
4164 9225
4558 8866
4957 8918
4736 8918
4957 9183
4957 9206
4786 9243
4420 8866
4249 9506
4072 9506
4065 9506
4039 9700
4155 9679
4072 9600
4072 9679
4175 9868
4786 9345
4339 9470
4684 9644
4887 9724
4693 9803
4887 9857
4813 9857
4693 9857
4621 9913
4542 9345
4519 9609
4519 9470
3850 9506
3702 8935
2943 8539
3436 6984
5588 325
5191 338
5457 419
5409 431
5264 431
5191 431
6019 307
5792 307
5792 325
5808 517
5814 536
5910 652
5464 325
5121 1011
5289 1016
5539 1072
5539 870
5551 870
5197 1016
5539 1016
5626 1072
5197 1170
5223 1488
5539 1371
5863 1461
5615 1482
5612 1482
5539 1482
5459 1526
5342 1526
5539 1250
6278 1190
6278 1225
6101 1248
6016 1347
6105 1414
6196 1415
6101 1347
5409 797
5337 1765
5615 1830
5356 1863
5406 1897
5451 1897
5339 2099
5540 2092
5451 2052
5322 2135
5451 2092
5470 2375
5429 2375
5308 2375
5238 2419
5540 2274
5567 2608
5685 2611
5197 2697
5966 2611
5452 2715
5258 2715
5258 2803
5540 2538
5540 2375
6068 1793
6285 1843
6285 1847
6285 1933
6285 2094
6219 2094
5966 2240
5966 2560
5966 2670
5969 2726
5578 2611
5578 2715
5615 1641
6693 186
6773 186
6815 186
6906 186
6573 199
7000 211
6573 361
6573 186
7001 211
7309 211
6773 315
6773 420
7022 632
6773 572
7071 676
7155 908
7071 863
7233 819
7155 1046
7305 793
7376 793
7222 908
6773 632
6773 736
7155 1278
6989 1520
7030 1520
7155 1421
6480 1589
6671 1611
6811 1611
6989 1611
6622 1843
6622 1929
6622 1954
6622 2090
6622 2181
6570 2181
6622 2367
6622 2433
6622 2469
6493 2469
6493 2604
6622 2338
7045 1916
7045 2077
7045 2097
7045 2160
6984 2160
6888 2262
6945 2262
6888 2324
6888 2433
6930 2502
6930 2659
6776 2433
6671 1797
7464 1421
7513 1421
7602 1500
7602 1713
7544 1824
7602 1824
7495 2158
7495 2213
7525 2285
7644 2290
7660 2290
7684 2600
7684 2401
7684 2628
7495 1953
7319 1421
7126 1520
6390 1843
5235 2931
5235 3186
5180 3205
5180 3358
5180 3573
5761 3050
5877 3133
5843 3133
5761 3133
5877 3169
5729 3438
5688 3438
5688 3834
5688 3874
6013 3443
6043 3515
6080 3581
6125 3691
5877 3438
5944 3443
5308 3358
5106 4158
5121 4242
5439 4312
5357 4312
5772 4342
5688 3954
5772 4244
5621 4081
5621 4200
5621 4343
5606 4343
5122 4312
5521 4343
5645 4343
6504 2999
6504 3048
6694 3263
6558 3263
6504 3263
6348 3740
6392 3746
6504 3637
6637 4000
6504 3746
6507 4125
6507 4282
6467 4291
6507 4000
6245 3740
5645 4584
5448 4661
5559 4661
5448 4686
5448 4822
5460 4863
5700 4863
5338 5084
5460 5084
5524 5084
5527 5145
5460 5034
6531 4781
5984 4688
5876 4688
5782 4863
5871 4863
5871 4958
6578 4602
6578 4660
6131 4688
6240 4781
6578 4781
5876 4969
5681 4343
7247 3248
7490 3204
7247 3204
7517 3204
7507 3518
7425 3518
7283 3518
7247 3399
7247 3518
7046 4367
6925 4250
7121 4133
7121 4163
6828 4000
7121 4367
7121 4288
6925 4296
7046 4590
7204 4590
7231 4590
7046 4439
7507 3786
7503 3855
7503 3989
7503 4171
7454 4179
7503 4179
7453 4528
7325 4565
7454 4307
7453 4565
7453 4856
7453 4947
7251 4998
7046 4998
6957 4998
7341 5126
7408 5191
7341 4998
7507 3846
6925 4367
5180 3682
8184 76
7840 100
7891 100
8165 100
7840 121
8753 190
8751 190
8514 76
8814 242
8636 190
8636 297
8184 651
8257 717
8257 730
8379 844
8203 917
8153 1004
8307 844
8397 844
8257 844
8636 470
8857 612
8626 956
8857 956
8494 956
8983 562
9385 327
9320 327
9135 392
9135 562
9269 615
9478 781
9325 648
9260 876
9325 781
9792 150
9792 706
9712 740
9792 740
9792 842
9684 781
8857 562
8036 1252
8036 1501
8132 1518
8137 1471
8149 1471
8312 1471
8102 1501
8065 1501
8132 1501
8136 1555
7894 1544
8107 1855
8318 1855
8149 1683
7961 1908
7890 1963
7891 2053
7891 2190
8006 2190
8150 2190
7890 2019
8329 1855
8873 1289
8698 1289
8539 1289
9074 1289
8762 1348
8677 1525
8762 1289
8727 1525
8677 1777
8607 1777
8589 1855
8589 1998
8825 1949
8995 1989
8838 2026
8849 2203
8849 2122
9086 1989
8838 1989
9210 1994
9098 1994
8149 1855
8589 1949
9556 1483
9699 1538
9862 1341
9915 1515
9862 1515
9830 1538
9755 1538
9564 1538
9564 1798
9444 1798
9419 1953
9419 1994
9931 2092
9419 2092
9931 2169
9564 1684
9262 1994
8036 1111
7937 2450
7993 2450
8150 2370
7832 2484
8345 2524
7741 2600
8360 2733
8205 3149
8021 3149
7903 3149
7903 3177
7903 3366
7903 3395
8360 2868
8322 3130
8360 2915
8381 3143
8270 3149
8381 3229
8381 3455
8381 3648
7903 3441
8360 3130
9213 2732
9077 2732
9007 2915
8750 2821
9024 2732
9213 2681
8831 2915
8750 2915
8713 3161
8733 3161
8733 3240
8733 3350
8836 3390
8733 3390
8610 3461
8733 3461
8814 3390
8733 3552
8733 3320
9071 3448
9211 3448
9004 3390
8961 3390
9395 3665
9071 3503
9266 3665
9214 3742
9071 3739
9078 3742
8906 3390
8831 3093
8537 2915
9611 2767
9611 2810
9548 2810
9512 2810
9862 3041
9611 2934
9862 3098
9611 3068
9746 3200
9862 3200
9637 3200
9935 3424
9867 3495
9867 3560
9845 3602
9840 3665
9637 3401
9867 3424
9240 3742
8150 2450
7770 4106
8242 4255
7915 4423
8008 4397
7888 4431
7770 4431
8167 3985
8167 4212
8008 4255
8167 4255
8287 4487
8510 4551
7955 4423
7955 4653
8323 4982
7955 4865
7955 4982
8277 4982
9075 4049
8788 4090
9075 4090
9155 4090
8552 4306
8788 4193
8640 4384
8594 4384
8594 4380
9025 4385
8860 4433
8895 4433
8943 4433
8895 4539
8401 4551
8852 4697
8852 4781
8852 4858
8827 4862
8788 4384
8590 4551
8712 4087
9479 4088
9355 4288
9461 4416
9892 4405
9300 4521
9355 4416
9315 4521
9820 4046
9820 4151
9820 4182
9824 4228
9892 4232
9892 4314
9628 4405
9553 4416
9553 4555
9859 4941
9800 4941
9553 4941
9532 4954
9355 4090
9078 3844
7492 2628
5248 5379
5499 5379
5649 5379
5479 5379
5191 5512
5479 5527
5479 5550
5764 5331
5381 5379
5764 5375
5305 5778
5388 5908
5331 5908
5331 6005
5497 5686
5531 5716
5605 5856
5531 5856
5464 5908
5277 6052
5277 6166
5265 6204
5277 6204
5463 6213
5463 6213
5479 5584
6060 5375
6166 5375
6247 5429
6440 5429
6247 5633
6247 5664
6284 5671
6127 5375
6771 5536
6579 5429
6579 5536
6269 6105
6269 6212
6471 6217
6284 5894
7006 5673
6861 5673
7180 6197
7006 5883
7023 6197
5858 5375
5133 6709
5115 6709
5115 6744
5591 6558
5718 6558
5493 6553
5504 6677
5333 6709
5196 6991
5115 6842
5193 6979
5351 6994
5461 7035
5461 7150
5115 6979
5504 6558
5867 6558
5997 6632
5970 6879
5969 6976
5969 7043
6098 6632
5781 7294
5740 7331
5566 7331
5369 7257
5461 7257
5505 7288
5740 7415
5505 7331
5840 7715
5169 7800
5169 7848
5505 7507
5361 7715
5767 7715
5767 7898
5562 8080
5582 8080
5767 8080
5169 7715
5505 7715
6098 6749
6098 6760
6355 6467
6355 6510
6355 6647
6671 6662
6566 6662
6512 6662
6727 6544
6393 6662
6253 6510
6992 6527
6992 6763
7194 6771
6839 6527
6244 7112
6272 7231
6272 7307
6272 7346
6272 7447
6272 7513
6372 7579
6428 7604
6473 8043
6473 8077
6924 7151
7033 7259
7033 7599
6971 7599
6874 7691
6874 7748
7026 7843
6874 7843
6747 8043
7045 8142
7026 7868
7033 7382
7026 8043
6146 6942
6098 6879
5463 6421
7533 5285
7433 5276
7502 5276
7408 5276
7353 5507
7680 5303
7844 5331
7858 5456
7858 5521
7759 5825
7858 5662
7899 5662
7536 5303
8177 5430
8177 5572
8165 5576
8165 5662
8165 5841
8165 5874
8012 5662
7554 6237
7554 6438
7554 6499
7878 6537
7756 6537
8147 6319
8147 6322
8147 6465
7969 6484
7260 6771
7363 6771
7363 6858
7397 6941
7397 6991
7397 7101
7446 7101
7634 6662
7969 6948
7570 6956
7397 7024
7569 7101
7692 7172
7737 7291
7894 6948
8030 6950
8187 7078
8187 6961
8143 6961
8046 6961
8187 7139
8187 7235
7634 6948
7569 7154
7634 6537
7737 7576
7959 7645
7737 7655
7737 7802
7843 7804
7959 7804
7968 7834
8173 7845
7775 7804
7843 7961
7737 7406
7759 5984
8501 5522
8531 5582
8531 5612
8686 5612
9164 5414
8795 5612
8818 5612
8932 5414
9175 5359
9296 5359
9412 5475
8859 5612
8531 5754
8531 5897
8764 5897
8470 6128
8531 5791
8907 5897
9004 5897
9033 5897
9144 5897
8867 5897
8451 6373
8451 6460
8451 6465
8451 6692
8867 6242
8986 6527
9122 6692
9319 6684
8986 6692
8818 6692
8597 6692
8986 6514
9685 5874
9685 6047
9685 6069
9350 6543
9685 6346
9685 6285
9453 6543
9780 6614
9607 6614
9579 6843
9579 6614
9780 6485
9877 6614
9923 6649
9579 6775
9780 6391
9122 6739
8531 6128
8546 7233
8944 7392
9034 7218
9034 7382
8789 7392
8546 7392
9091 7511
8944 7505
8511 7601
8607 7975
8511 7931
9017 7766
8964 7766
8850 7766
9167 7891
9207 8009
8643 7975
8850 7975
8511 7975
9601 6951
9601 7261
9458 7261
9452 7168
9458 7325
9670 7537
9458 7511
9272 7511
9506 7537
9601 7093
8358 6465
7397 6959
5492 8515
5507 8515
5357 8515
5219 8515
5164 8439
5492 8683
5935 8767
5492 8750
5584 8776
5693 8515
6009 8272
6009 8383
6009 8553
5951 8570
5935 8711
5492 8776
5584 8942
5844 9012
5807 9012
5719 9012
5656 8776
5160 9306
5386 9378
5281 9378
5281 9507
5281 9576
5342 9576
5281 9643
5401 9576
5719 9055
5822 9227
5926 9474
5719 9227
5748 9519
5926 9519
5950 9605
5719 9368
5950 9756
5950 9812
5775 9834
5757 9834
5950 9834
6359 9269
6256 9494
6081 9605
6218 9605
6218 9686
5554 9576
5719 9519
7045 8157
6615 8390
6719 8625
6719 8779
6719 8862
6567 8862
6494 8862
7322 8324
7045 8309
6961 8309
7512 8347
7107 8385
7512 8461
7512 8551
7705 8869
7344 8895
7526 8895
7647 8895
7699 8895
7264 8957
8548 8884
7107 8324
6417 9269
6814 9285
6715 9331
6659 9331
6568 9331
6517 9331
6517 9463
6769 9890
6753 9890
6597 9890
6517 9890
6517 9643
7264 9076
7544 9198
7450 9198
7277 9198
7544 9265
7244 9441
7244 9530
7244 9565
7322 9595
7322 9717
7380 9777
7312 9782
7306 9836
7306 9890
7267 9890
7118 9890
7322 9777
7277 9430
7012 9890
7264 8978
6256 9374
7954 8389
8104 8429
8346 8492
8346 8429
8183 8429
8498 8365
8346 8611
8253 8667
8549 8365
8646 8405
8817 8464
9006 8464
8622 8534
7957 8429
7957 8528
9060 8464
8734 8464
9060 8553
9372 8367
9354 8367
9334 8367
9266 8367
9354 8384
9266 8394
9266 8444
9156 8444
9631 8270
9740 8270
9884 8270
9884 8352
9607 8367
9538 8367
8646 8464
8204 8884
8201 8884
8204 9092
8204 9095
8048 9114
8008 9156
8374 8884
8604 8810
8674 8891
8814 8891
8721 9246
8548 9007
8621 9233
8548 9233
9129 8956
8996 8893
8878 8956
9153 8907
9164 8907
8996 8956
9059 9194
8947 8956
9059 8956
7780 8884
7992 9624
7992 9784
8344 9882
8548 9332
8548 9528
8443 9811
8463 9760
8946 9618
8079 9882
8614 9921
8595 9806
7992 9882
8884 9618
9036 9622
9450 9676
9278 9688
9095 9688
9254 9688
8548 9618
8548 9760
9512 8985
9512 9105
9776 9177
9530 9177
9557 9177
9802 9177
9877 9177
9530 9219
9450 9662
9176 9688
9540 9676
9578 9676
9619 9717
9703 9717
9803 9717
9450 9371
9095 9784
7705 8884
8604 8884
6719 8390
7353 5513
5065 5777
edges
3280 1699
3011 939
3299 503
2029 509
2230 1125
2272 1328
2273 617
3088 407
3308 659
2217 1124
3017 112
3273 1629
2261 1177
3274 613
2273 1377
2286 1049
2261 1740
3090 642
2231 1598
3275 893
2217 1483
2029 953
3277 1216
2000 733
3083 1167
3278 572
2262 1773
2030 1390
2270 1482
2229 1853
2031 248
3308 983
2274 1674
3081 323
3084 1509
2284 385
3006 1353
3279 1360
2059 432
3085 692
2285 1746
3089 777
3012 9
2287 1011
2264 731
3281 1760
2026 955
2060 1878
2288 1263
3281 1757
2000 1019
2269 1331
2263 161
2232 713
2289 1119
3086 389
3090 1593
2059 294
2218 392
2026 1659
2307 450
2234 739
2275 1970
2283 810
3276 1692
3283 1768
2276 343
3277 1595
2233 322
3011 204
2068 1537
3091 1430
3300 133
3005 533
3299 1375
3006 1489
2061 872
2267 16
2290 1313
2221 1335
2068 1547
3087 203
2039 1876
2271 1226
2032 1357
2278 972
2007 1084
2033 1355
3301 145
2028 1597
3087 88
2219 173
3007 1399
3092 1463
2069 1172
2279 505
2268 1078
3010 406
2235 1398
3293 191
2291 131
2038 1426
2222 1951
2291 524
3009 1706
2241 1806
2062 1435
3014 702
2034 1396
2035 247
2007 1794
3015 1208
3284 1503
2071 566
2220 717
3298 1087
2228 56
2070 1161
3094 845
3101 1782
2281 1574
2063 712
2065 478
3294 67
2001 1610
3303 747
2236 1134
2280 824
2268 1156
3093 997
2236 175
2098 338
2037 1541
3305 1436
2037 1969
2282 170
3284 484
3016 1391
2292 229
3095 1655
3016 674
2008 655
2010 670
2239 1549
3309 556
3285 1946
2008 1766
2238 62
2040 1754
3286 1780
3104 902
3310 52
2074 757
2294 812
3313 34
2011 141
2058 270
3304 1790
2299 1495
3100 574
3043 35
3287 716
2296 767
2226 1637
2240 1324
2224 367
2002 791
3098 1051
2075 602
3312 142
3291 1188
3290 1296
3022 744
2295 1703
2226 865
2076 1457
3097 1420
3022 1572
3306 534
3036 1575
2240 1561
2003 1887
3102 892
3101 1074
3288 298
2077 1043
2227 888
2295 795
2078 370
3306 39
2013 1852
3297 43
2072 387
3312 1979
3295 589
2299 24
2297 333
2004 936
2245 876
2049 1162
3289 372
3018 841
3018 1609
3019 544
3296 581
2005 399
2305 917
2041 77
3099 1904
2079 1949
2250 443
2081 991
3025 266
3025 687
2042 1158
2049 260
2043 578
3104 252
2080 1886
2073 342
2006 344
2244 899
3377 568
2073 1239
2252 1833
2250 1657
2243 76
2259 1302
2014 1838
3026 569
3319 1533
2082 1586
3026 1082
3036 105
3339 911
2260 460
2015 1039
2044 693
3037 1418
2051 1612
3337 348
2254 403
3038 1914
3035 1516
3315 661
3340 363
3105 1783
3338 1517
2015 926
2086 1654
2016 27
2050 14
2083 804
2303 1550
3027 1139
2300 1224
3139 1620
3362 315
2053 607
2052 1901
2300 409
2083 1129
2303 624
3362 1795
3039 119
3341 963
3340 380
3339 1017
3028 144
2253 1397
2019 72
2247 683
2248 1459
3138 794
3040 1333
3041 404
3153 20
2057 1091
3041 1113
2085 303
2017 1721
3320 1055
2045 555
3360 1687
3029 1929
2086 245
3318 633
3031 163
3360 350
3027 1543
2255 1926
2096 12
2304 627
3140 1553
3321 1707
2018 234
3322 763
2253 1966
2248 1048
3106 1371
2047 560
2304 753
3363 709
3317 271
3363 6
3107 1490
2249 1839
2257 1919
3342 1408
3033 371
3344 879
2095 339
3034 640
3366 708
3325 1660
3365 1266
2258 580
3324 1943
2021 219
3325 108
2088 281
3109 1327
3361 1805
3109 110
3320 423
2090 1664
3112 104
2089 135
3111 230
2054 1227
2330 583
3154 807
2046 1415
3080 1040
3044 1370
2022 974
2091 1679
3328 109
2337 1248
3375 309
2092 1997
2402 1099
2024 916
2327 1186
3141 883
3346 117
2331 664
2055 605
2308 749
2093 1828
2310 1508
3068 1556
3044 1751
3345 1724
2310 1282
2407 1491
3369 1942
2328 250
2402 611
2346 1042
3068 243
3137 1387
3368 703
2407 1382
2309 1222
2094 26
3142 623
3354 240
3045 290
3143 786
2403 63
3336 1007
3155 842
3070 1671
3125 803
2024 543
3326 1323
3327 697
3046 279
2094 440
2404 483
2408 331
2346 1097
2023 1917
2329 1625
3047 222
3329 1484
2055 1163
2332 1325
3125 1395
3114 944
3071 195
2405 1798
3349 1861
3152 650
3370 1092
3115 550
2315 59
3330 83
2162 1944
2311 430
3350 360
3376 1743
2406 1455
3348 1354
2333 1589
2329 51
3335 1176
3351 1120
2334 1911
2335 610
2114 1322
2100 1831
3051 764
3331 1544
2104 1651
2336 1056
3126 467
2312 463
3116 851
3050 1730
3372 1063
2347 355
3073 1072
2313 255
3127 246
3049 751
3356 835
3373 1936
2100 1319
3353 130
3072 84
3052 1251
2345 1400
3052 894
2409 100
3144 1218
3334 1175
3129 823
2132 1677
2131 1279
2411 536
2147 1869
3374 1171
2151 1258
3118 575
2130 1916
3118 906
3128 1101
3348 878
2413 964
3333 1029
3352 1085
3374 638
2149 725
2349 946
3145 1762
2410 472
2412 1945
2103 1758
3352 1644
2101 1160
3130 667
2133 1714
2352 1719
3074 91
3148 510
2148 1083
2117 504
3131 228
2134 233
2150 1843
3332 1761
3058 626
2129 595
2326 828
2314 276
2134 862
3357 1523
3146 33
3147 752
3056 945
2350 1793
2340 68
2118 548
3132 593
2135 428
3124 827
2417 479
2419 924
2339 1458
2316 1857
3055 1500
2105 743
3119 124
2317 696
3380 652
3054 1116
2418 1115
2415 1829
3150 319
2341 215
3378 719
2119 97
3057 1278
2366 1686
2351 1359
2136 1102
2419 1557
3136 1274
3057 971
3405 1518
3379 1144
2109 1639
2159 140
3122 1506
3381 943
2121 1920
2351 1850
3134 1804
3121 1044
3436 320
2320 647
2420 637
2120 1830
3382 645
2420 1362
3066 1882
3406 1341
3075 253
2343 1315
2154 96
2108 933
2161 1932
2319 61
2344 1246
3383 1234
2106 182
3123 1779
2154 134
3059 1956
3060 189
2139 1820
3515 1879
3061 1573
2325 41
3135 1661
2108 1254
3151 89
3076 358
3404 1938
3406 1427
2137 36
3061 442
2128 981
3135 373
2353 1073
3063 826
2122 1076
3077 336
2141 154
3402 40
2138 1338
3384 359
2140 1378
2322 535
3433 1958
2155 787
2321 1271
3433 1057
2160 1668
2454 570
3065 1675
3077 1337
3435 954
2324 909
3515 1894
2111 1811
3404 895
3123 891
2324 1959
3079 538
2354 1190
2123 394
3401 1207
3436 618
3391 471
2427 395
2142 162
2123 1986
2365 410
3432 272
2428 1173
2127 1444
2156 193
3156 244
3438 1685
2125 1471
2110 1306
2357 1854
2356 1184
2127 905
2126 1870
3403 457
2321 1931
2110 1088
3191 699
3191 398
3233 1262
2362 1849
3232 1941
3437 856
3161 1229
3386 992
2355 857
2112 1356
2429 186
2359 1181
3437 1731
3192 1725
2430 287
3161 875
2144 225
3440 1520
3387 690
2145 1142
2216 82
2422 297
2432 1478
3431 1096
3439 1238
2358 1310
2431 159
3162 1460
3392 931
2363 1976
3163 1505
2364 1502
2158 959
3394 825
3395 809
2363 1622
2112 200
3164 1844
2361 967
3385 1106
3409 1159
3409 1369
2433 1291
3165 1775
2145 1094
3388 465
3157 1060
3193 1865
2423 1109
3441 1368
2375 921
2423 1265
3234 1292
3158 1344
3442 1955
2157 1494
3234 241
3396 1036
3411 1927
2434 783
3231 1984
3421 1201
3194 55
3423 1933
3193 587
2440 289
2376 1225
2426 1981
3419 11
2370 1197
2368 205
2380 772
3412 1474
2367 1756
3176 849
2367 1133
2374 1587
3389 904
3417 1131
3422 1898
2370 1317
2206 1434
2377 1889
3430 4
3390 1606
3238 1522
3449 734
3444 487
3413 1065
2455 928
3415 268
3444 1008
2187 1689
2371 1872
3166 459
2436 539
3399 1155
3170 1003
3421 1698
2455 915
3397 546
3175 1704
3415 629
3236 321
3399 643
3445 364
3425 169
2372 391
2437 1960
3235 817
3171 722
2378 594
3237 639
2187 1244
2207 1755
3418 278
3446 829
2437 1519
3160 349
2381 213
2373 1290
3172 1834
3447 332
2176 646
2213 781
2176 146
2188 1710
2382 1578
3198 519
2438 1580
2379 1141
3239 947
3426 1579
2163 198
3398 994
2163 1614
3424 64
3272 948
3272 49
2177 157
2189 748
3173 232
2208 619
3418 1466
3398 1715
3448 1021
2189 1145
2182 495
3428 1198
3196 448
3427 609
2209 557
3197 1735
2394 860
3451 1339
2183 1729
2211 476
2191 563
2192 644
2164 1885
2166 312
3252 898
2210 523
2453 1825
3205 1035
2165 132
2400 736
2215 773
3168 913
2184 1392
3514 662
3270 1209
3253 1223
2196 520
3169 1100
2185 351
2384 1591
2445 776
2385 412
2444 1514
2168 317
2388 1276
2395 1908
3500 567
2167 1183
2193 1607
2166 165
2386 1552
2395 307
2449 836
3459 793
3182 1663
2448 1046
3244 1836
2179 1451
2171 25
3493 979
2390 710
2212 600
3459 1636
2195 919
2391 590
3254 1542
2214 1837
3199 942
3492 401
2393 585
2387 1384
2180 903
3500 393
3471 1174
3177 259
2186 258
3184 1900
3453 366
2450 922
3492 151
3493 1799
2170 769
3474 847
2198 1881
3242 1389
2392 1824
3453 1210
2202 1971
3201 1647
2452 1504
2172 1810
3242 774
2199 1062
2397 172
2451 497
2441 1628
2204 354
3501 1206
2399 604
3177 262
2200 1813
3243 60
2450 257
3255 854
3256 1864
2181 1892
2451 238
3502 1054
2186 293
2442 579
3476 18
3183 750
2202 263
3185 754
2173 1151
3460 107
3257 1081
2443 1002
3503 765
3504 1132
3454 57
3178 1952
3183 780
3241 540
3475 831
3461 653
2387 1138
2175 864
3202 138
3246 805
3494 256
3179 485
3203 328
3480 816
3247 1975
2399 517
2443 961
3475 94
3260 1765
3180 1722
3203 264
3505 818
2396 855
2203 1249
2174 1284
3181 1963
3187 1534
2474 870
3189 214
3245 402
3188 978
3230 352
3479 1406
3477 1862
3480 704
3271 1972
3456 1168
2610 995
3506 815
2604 1383
3495 887
3455 782
2604 1090
2459 408
3457 17
3481 1819
2475 115
3496 718
3251 698
2605 1058
2525 1012
3483 1066
2528 957
3458 183
2663 1592
2592 966
3463 1585
2528 576
2611 680
3497 1656
3497 1588
2525 383
3258 1231
2462 1842
2555 1700
3484 54
3499 912
2609 1165
2476 1448
2529 656
3464 111
3508 813
2527 987
2462 386
2458 311
2608 1488
3259 1330
2459 1137
3206 846
3220 137
2526 416
3224 181
3491 808
3250 1918
2463 1299
3224 1192
2592 286
3249 952
3207 790
2632 324
2460 502
3485 1417
2531 962
2593 488
2610 1037
3466 1405
3248 1786
3225 1582
3208 1289
3226 1005
2663 606
2485 1896
2607 453
3209 1305
3219 843
3486 1563
2530 1667
2594 1303
2469 284
2533 441
2555 839
2532 494
3218 1599
3487 1015
2554 1923
3210 197
3227 481
2612 147
2624 1565
2556 525
3262 648
3488 858
3489 1673
3212 1893
3468 414
3221 313
2468 308
2461 874
2535 982
2596 249
2595 1277
2662 492
2486 458
3509 1935
2543 1999
2544 1529
2625 397
3467 832
2598 417
3266 1440
3509 882
2464 1694
3510 801
3263 729
3512 368
3223 530
2478 1212
3229 184
2465 529
3467 1089
3265 1583
2624 1312
3264 1617
3229 45
3470 565
2626 885
2591 1045
2466 701
2613 1200
3217 454
2472 326
2481 90
3215 1147
2536 1154
2484 167
2600 1023
2538 202
2615 1626
3213 1737
3228 1475
2470 685
3213 528
3267 1974
3469 890
2566 1381
2633 1477
2603 187
3266 254
3216 834
2483 1114
2561 859
2616 158
3216 677
3512 975
2619 1196
2537 1860
3268 1364
2567 1632
2602 314
2559 1709
3489 291
2562 937
2479 1791
2480 1264
2539 1033
3648 418
2547 361
3712 1342
3551 496
3647 341
3549 513
3646 1528
2473 304
3523 1789
2558 837
2623 521
2617 830
3651 1123
3659 1571
3721 988
3719 1613
3658 714
3523 1300
3652 174
3517 785
3543 127
2628 1817
3524 1213
2541 71
3720 283
2494 365
2629 1438
3542 1450
3516 666
3518 69
2620 669
2618 571
2630 1469
2552 1978
3562 1220
2548 1627
3716 1658
2621 1788
2564 1619
3545 1826
3659 735
2548 778
3653 53
2496 960
3722 155
2601 1374
2553 1630
2495 296
2496 873
3722 1467
3650 299
3520 1385
3996 889
2630 75
3654 897
3712 1576
3521 1473
2601 217
2487 918
3520 1957
3550 929
2563 522
3522 1738
2487 1241
2622 1510
3660 1454
2542 1401
3661 1507
3713 756
3541 762
3717 396
2512 1071
3715 1311
2641 1905
2511 149
2542 1701
3723 621
3718 1493
3546 491
2550 379
2563 1135
3665 1961
2498 102
3547 1366
3548 22
3657 1195
3557 853
2512 1257
3996 1548
2488 101
3530 209
2649 1770
2565 190
3558 934
2643 1050
2524 1995
3531 1645
2634 486
2642 325
3552 1350
2499 1863
2551 439
3724 1669
2513 1678
2500 871
2651 178
2659 1304
3997 1250
3526 136
3728 920
2509 1968
3732 1511
2490 1059
3655 527
3663 1695
3746 684
2576 562
2634 1497
3532 800
3726 1149
3730 1924
2514 1298
3664 86
3746 1041
2490 218
3560 1718
2646 1316
3556 1247
3729 1641
3527 1899
2637 1720
2501 1741
2654 968
3731 1848
3534 1605
2580 1421
3664 334
2515 761
2515 1558
2635 1527
2579 46
2501 1551
3711 1020
3532 164
3529 8
2577 1157
2645 223
2504 663
2568 468
2660 1800
3747 369
3535 1318
2636 635
2516 464
2653 118
3748 616
2579 1866
2652 1253
3553 1294
3732 1649
2647 1717
3727 1245
3727 1998
2645 1439
2639 1906
3763 1499
2572 591
2581 1365
3536 1750
2655 990
3539 1235
2647 1858
3671 345
3559 1753
2568 1909
3537 0
3559 44
2656 984
3554 986
3539 940
3537 1801
3555 1314
2508 1476
2640 1602
2505 1539
2657 37
3666 1562
2585 1560
3738 1815
3555 1895
2491 15
3561 221
2569 126
2574 261
2590 1840
3751 559
2570 48
2582 799
2518 1309
2656 1022
3671 1110
2492 1608
3672 482
2584 103
2571 1215
2657 1443
2493 840
2510 597
3750 5
2507 353
2517 152
3734 577
2506 235
2575 269
3734 1954
2518 586
2640 1947
2571 1807
3761 139
2520 477
2519 1108
3645 1445
3579 1672
3667 1646
2575 1690
3607 1480
2586 347
3749 1452
3735 447
2587 908
3793 1464
3607 58
2521 1185
2586 422
3674 599
3757 1577
3619 1859
3668 1013
2867 665
3615 863
3745 628
3564 1293
3616 473
3739 1034
3566 1449
3669 745
2695 691
3752 1320
3613 1570
3568 330
2882 1764
3567 3
2672 337
2683 1983
2683 1432
3758 1461
3612 446
2670 1372
3670 1977
3580 1259
3754 1441
3693 500
3609 1774
3759 675
2881 1985
2872 1877
2690 1194
2691 1485
3610 99
3682 1214
2665 582
2684 907
3569 1098
3741 1581
2880 1118
3744 7
2671 1683
3563 180
2673 884
2692 1413
3570 1713
3676 1987
2702 210
2685 277
2882 1897
2688 584
3762 206
3565 47
3743 1584
3759 1531
3605 121
2887 295
3606 1052
3617 1967
2664 1492
3675 390
3760 98
3737 1285
3611 31
2868 866
3762 1796
2693 1624
2703 695
2666 526
2697 1411
3618 1348
2667 1343
2698 615
3572 706
3614 1771
3755 742
2687 596
3677 956
2667 220
2682 1447
2678 282
3004 531
2680 1403
2892 81
3581 1273
2679 160
2681 1910
3683 1301
2696 545
2699 384
2669 1230
2696 1777
2884 1980
3678 177
2674 1666
3643 1785
3689 1521
3690 1822
2887 1486
3783 1228
3684 374
3794 1902
3692 1069
2675 1170
2700 969
2888 1404
2890 1038
3582 938
3573 23
2870 1546
2871 741
3571 1267
3679 1232
3574 1345
2701 1424
3685 1068
2871 405
3575 1638
3694 965
2701 651
3583 480
2676 120
2676 1982
2889 475
3577 1288
2669 1915
3766 329
2877 382
2873 1616
3691 288
3630 705
3792 1728
3680 798
2874 413
3620 886
3681 1939
2876 1067
3786 445
3695 194
2878 201
3583 641
3576 1744
3630 1095
3698 1781
3786 608
3687 1934
2874 70
2813 1211
3764 74
3766 622
2879 116
3621 802
2891 1009
3764 425
2885 292
3696 612
2788 949
2753 1867
3696 788
3588 420
3631 1953
3784 1386
2788 1104
3585 673
2704 630
3590 603
3688 1648
3585 1431
2902 1742
3622 1989
2755 273
2704 498
3787 770
3587 65
3623 1928
2905 732
2754 185
2752 207
2755 114
3588 1410
2893 976
2894 474
3641 676
3767 980
2903 625
3768 1363
2904 1349
3710 1749
3591 1569
2723 760
2723 400
3591 1376
2706 900
3624 1868
2706 436
2906 1031
2946 489
2789 1126
2936 553
2789 822
3771 1643
2907 1767
3596 1297
3770 1025
3625 564
2931 438
3790 1028
2724 1240
3788 1340
2929 1006
2759 106
2724 1662
2895 1841
2791 1379
2757 1280
3700 1682
2705 927
3626 275
3633 1535
3632 721
2758 819
3772 1487
3627 1734
2936 87
3701 821
2760 941
2933 636
2930 512
3788 166
3701 435
3702 1922
2761 113
2901 1642
3603 80
2726 415
2762 300
2896 861
3593 1526
2907 789
3634 1603
2897 1925
2794 1515
2792 1105
3597 1286
2930 1027
3775 700
2727 1270
2898 265
2711 1061
3776 192
3635 1712
2728 707
3777 1759
2934 932
2793 1205
2800 1146
2900 542
3593 868
2935 838
3594 1991
3703 1380
3708 797
2718 1752
2897 356
2795 1373
3706 1472
2729 1256
3636 1010
3707 13
3637 1988
3595 490
2730 78
3640 1468
2909 1705
2735 1890
3778 588
2765 1693
3599 516
2798 1462
2731 657
2797 1818
3774 896
3595 433
2799 1784
2944 558
2719 1148
3709 1179
3773 1428
3707 1670
2722 378
2910 561
3779 1992
2811 686
3780 1745
3779 620
3638 688
2928 306
2803 123
3782 1014
3600 1283
2734 601
2927 470
2712 973
3791 1559
3629 1653
3601 42
3781 1272
2802 1640
2766 738
2767 1855
2921 451
3602 1153
3709 1016
2914 1367
3629 421
2709 1260
2768 50
2801 1601
2732 1255
3600 1453
3639 1169
2915 1233
2804 280
3844 1358
2938 1808
2945 1903
2714 958
2736 511
2708 237
2812 715
2939 231
2716 2
2769 720
3804 1631
2804 989
2771 1827
3926 951
2763 867
3917 614
3805 1127
3927 537
2924 1204
3899 631
2715 598
2917 1948
3925 1973
3805 970
3799 462
2940 1816
2919 1423
2721 1388
2770 877
3920 726
2717 923
3853 1334
2772 461
3910 274
3845 1716
3851 850
3903 658
2807 28
2710 1268
2920 551
2926 724
2925 426
3854 1635
2911 449
3904 199
2720 1665
3928 335
2917 427
2764 668
3907 1336
3919 143
3930 1962
2773 1832
3806 1809
3921 1077
3855 880
3899 1623
3845 1650
3922 660
3796 1545
2786 456
3908 1326
3921 518
2918 728
2942 419
3900 1416
3799 148
3924 156
3928 549
2738 1140
3856 19
3909 914
2943 573
2808 1726
3901 1164
2809 1566
3797 32
3804 95
3915 1080
2809 1769
3913 755
3911 1594
2805 654
2912 318
3857 1634
3807 236
3916 1778
2780 901
2775 1536
2925 1888
3808 1112
2775 499
3003 730
3929 1295
3855 85
2781 1394
2942 998
2943 1851
3923 1047
3905 168
3913 1419
3846 1422
2740 1732
2950 1930
3798 1884
3916 1532
2782 1996
2784 508
2737 532
2744 1554
3906 689
2741 679
2746 1600
2743 514
3800 316
2955 547
2745 1252
3906 678
3809 1846
2970 38
2970 66
2750 1332
2746 766
2777 1122
3802 672
3801 771
3815 1792
2742 1590
3847 216
2747 1393
2781 541
2974 1026
3939 1075
3850 1308
3976 1950
3941 1965
3933 552
2739 310
2778 1891
2749 251
3947 150
3950 302
3938 1107
3810 1189
3848 993
2971 746
3850 1465
2980 1733
3858 1079
3955 122
3860 1845
2975 1883
3859 1736
2778 1199
3940 1772
3947 1538
3862 129
3949 820
3849 1821
2785 1178
2976 554
2739 30
3950 727
2749 1261
3002 493
3811 1739
3861 1964
2952 1921
2951 128
3946 768
3863 1797
3812 1564
2947 501
3897 1874
2948 10
3976 1776
3948 950
3943 1611
3953 153
3813 176
2866 1352
3812 1032
3982 1871
2954 775
2847 357
2852 429
3824 411
2957 796
3878 377
3934 1053
3880 985
3935 305
2957 1913
3977 1437
2836 424
3936 29
2949 226
2949 806
2833 844
3937 125
2830 171
3825 1993
3867 1193
3937 1524
3980 452
3816 466
3981 1748
2854 212
2977 1912
3837 506
3952 340
2844 671
2855 21
3879 740
2978 1
3952 242
2843 1152
3983 1513
2973 1596
2848 1812
2814 239
3825 1321
2853 1615
3944 346
2979 1182
2973 977
3942 779
2849 362
3882 515
2963 285
3866 1346
3978 1540
3942 1351
3867 1907
2835 1407
3882 1604
2821 1187
3816 1425
3870 833
3982 1803
3868 375
3959 1329
2998 1481
2822 848
3817 1287
2854 1498
2830 179
3831 1412
3991 1191
3898 681
3817 1633
3826 1747
2989 1937
3895 737
2820 455
2819 1275
3883 1697
3869 869
2850 1180
3872 92
2815 1802
2827 1940
2990 910
3826 1281
3963 814
3956 1402
2826 1269
3838 1691
3001 1128
2816 1221
2983 682
2981 507
2817 301
3819 930
3990 1024
3828 1347
2964 711
3960 1567
3884 1708
2851 1121
3823 1111
2832 1680
3985 1446
3987 758
2858 759
3885 1143
3842 1242
3886 444
3821 1409
2986 996
3839 1093
2999 1814
2818 694
3968 93
3969 592
3956 1479
2965 1243
2969 881
3822 1835
3877 1501
2991 381
2834 1873
2823 1070
2842 811
3984 1681
2992 1652
2865 1166
3986 1103
2985 1150
2959 1684
3841 1136
3973 1880
3873 852
2864 1727
2960 1361
2984 1018
2968 73
2838 188
3887 1618
3989 1203
2992 1823
2967 227
3893 1130
2961 1847
2857 1688
2865 784
3832 1875
3962 1236
2856 1787
2860 208
3888 1530
3889 437
2838 211
2984 1237
3957 1219
3992 1030
2829 327
2863 1711
3888 224
2993 1001
2962 1202
3966 1433
3835 935
2861 723
3961 1994
3833 1696
3988 1086
2839 79
2862 999
3835 1429
3834 1470
3890 469
3836 1763
2862 1064
3971 1442
3992 1990
2995 196
2988 1856
3841 1723
2860 434
2988 1414
2824 632
3964 1702
3875 1307
3896 267
3822 376
3958 1525
2840 1000
2997 1456
3874 1496
2962 925
3990 1217
3965 1512
2967 1621
3891 1568
3892 388
2994 649
2825 1676
2840 431
3967 792
3965 1555
2825 634
3876 1004
2997 1117
2001 2000
2002 2001
2012 2002
2012 2003
2003 2004
2006 2005
2014 2006
2009 2007
2009 2008
2010 2009
2011 2010
2004 2011
2013 2012
2005 2013
2025 2014
2025 2015
2017 2016
2020 2017
2046 2018
2099 2019
2021 2020
2099 2021
2023 2022
2162 2023
2020 2024
2016 2025
2036 2026
2033 2027
2027 2028
2030 2029
2031 2030
2039 2031
2027 2032
2036 2033
2066 2034
2028 2035
2038 2036
2066 2037
2040 2038
2032 2039
2058 2040
2042 2041
2043 2042
2044 2043
2056 2044
2018 2045
2047 2046
2019 2047
2053 2048
2051 2049
2048 2050
2052 2051
2050 2052
2056 2053
2057 2054
2054 2055
2045 2056
2048 2057
2041 2058
2060 2059
2061 2060
2062 2061
2067 2062
2064 2063
2065 2064
2098 2065
2035 2066
2034 2067
2069 2068
2070 2069
2071 2070
2063 2071
2081 2072
2072 2073
2064 2074
2074 2075
2075 2076
2076 2077
2077 2078
2097 2079
2079 2080
2097 2081
2080 2082
2084 2083
2082 2084
2087 2085
2085 2086
2084 2087
2095 2088
2088 2089
2091 2090
2092 2091
2093 2092
2089 2093
2090 2094
2096 2095
2087 2096
2078 2097
2067 2098
2022 2099
2101 2100
2102 2101
2103 2102
2104 2103
2129 2104
2102 2105
2109 2106
2106 2107
2107 2108
2105 2109
2113 2110
2107 2111
2113 2112
2111 2113
2115 2114
2116 2115
2118 2116
2121 2117
2117 2118
2116 2119
2146 2120
2120 2121
2128 2122
2124 2123
2122 2124
2124 2125
2125 2126
2126 2127
2119 2128
2115 2129
2131 2130
2132 2131
2133 2132
2135 2133
2130 2134
2136 2135
2146 2136
2142 2137
2139 2138
2143 2139
2160 2140
2153 2141
2138 2142
2140 2143
2143 2144
2144 2145
2161 2146
2314 2147
2149 2148
2150 2149
2151 2150
2159 2151
2153 2152
2156 2153
2155 2154
2152 2155
2158 2156
2216 2157
2157 2158
2152 2159
2141 2160
2137 2161
2114 2162
2164 2163
2165 2164
2169 2165
2167 2166
2168 2167
2169 2168
2171 2169
2180 2170
2172 2171
2175 2172
2174 2173
2170 2174
2173 2175
2178 2176
2182 2177
2177 2178
2178 2179
2181 2180
2179 2181
2183 2182
2215 2183
2194 2184
2197 2185
2194 2186
2188 2187
2190 2188
2190 2189
2191 2190
2192 2191
2197 2192
2196 2193
2185 2194
2205 2195
2214 2196
2205 2197
2199 2198
2204 2199
2201 2200
2203 2201
2201 2202
2474 2203
2200 2204
2198 2205
2207 2206
2213 2207
2211 2208
2212 2209
2209 2210
2210 2211
2193 2212
2208 2213
2195 2214
2184 2215
2206 2216
2218 2217
2219 2218
2241 2219
2223 2220
2222 2221
2223 2222
2228 2223
2225 2224
2227 2225
2225 2226
2245 2227
2224 2228
2230 2229
2231 2230
2235 2231
2233 2232
2229 2233
2232 2234
2242 2235
2237 2236
2238 2237
2239 2238
2242 2239
2237 2240
2221 2241
2220 2242
2259 2243
2246 2244
2246 2245
2243 2246
2260 2247
2249 2248
2247 2249
2251 2250
2254 2251
2251 2252
2257 2253
2256 2254
2330 2255
2255 2256
2258 2257
2256 2258
2252 2259
2244 2260
2262 2261
2266 2262
2266 2263
2267 2264
2264 2265
2265 2266
2307 2267
2265 2268
2263 2269
2269 2270
2270 2271
2274 2272
2272 2273
2277 2274
2277 2275
2293 2276
2276 2277
2293 2278
2278 2279
2282 2280
2280 2281
2279 2282
2271 2283
2285 2284
2286 2285
2288 2286
2284 2287
2275 2288
2287 2289
2289 2290
2292 2291
2290 2292
2283 2293
2281 2294
2298 2295
2294 2296
2306 2297
2296 2298
2297 2299
2301 2300
2305 2301
2301 2302
2302 2303
2302 2304
2306 2305
2298 2306
2234 2307
2315 2308
2308 2309
2309 2310
2312 2311
2313 2312
2457 2313
2148 2314
2311 2315
2326 2316
2316 2317
2317 2318
2318 2319
2319 2320
2322 2321
2323 2322
2325 2323
2323 2324
2320 2325
2457 2326
2331 2327
2337 2328
2328 2329
2456 2330
2456 2331
2333 2332
2334 2333
2335 2334
2336 2335
2348 2336
2327 2337
2348 2338
2344 2339
2366 2340
2340 2341
2341 2342
2342 2343
2343 2344
2338 2345
2338 2346
2339 2347
2347 2348
2345 2349
2352 2350
2350 2351
2349 2352
2342 2353
2353 2354
2356 2355
2358 2356
2365 2357
2360 2358
2357 2359
2361 2360
2359 2361
2355 2362
2364 2363
2362 2364
2354 2365
2318 2366
2368 2367
2369 2368
2371 2369
2369 2370
2372 2371
2379 2372
2383 2373
2376 2374
2360 2375
2401 2376
2401 2377
2377 2378
2373 2379
2381 2380
2382 2381
2374 2382
2378 2383
2394 2384
2400 2385
2385 2386
2386 2387
2389 2388
2384 2389
2389 2390
2390 2391
2396 2392
2392 2393
2383 2394
2398 2395
2391 2396
2393 2397
2397 2398
2398 2399
2388 2400
2375 2401
2403 2402
2404 2403
2405 2404
2406 2405
2413 2406
2408 2407
2410 2408
2412 2409
2409 2410
2414 2411
2411 2412
2414 2413
2417 2414
2421 2415
2421 2416
2416 2417
2416 2418
2418 2419
2415 2420
2454 2421
2424 2422
2422 2423
2425 2424
2426 2425
2380 2426
2428 2427
2429 2428
2430 2429
2431 2430
2432 2431
2433 2432
2434 2433
2435 2434
2440 2435
2439 2436
2436 2437
2439 2438
2435 2439
2424 2440
2452 2441
2441 2442
2442 2443
2445 2444
2453 2445
2449 2446
2446 2447
2447 2448
2444 2449
2446 2450
2447 2451
2448 2452
2438 2453
2427 2454
2425 2455
2332 2456
2147 2457
2460 2458
2458 2459
2461 2460
2464 2461
2463 2462
2469 2463
2473 2464
2486 2465
2472 2466
2468 2467
2471 2468
2467 2469
2471 2470
2465 2471
2467 2472
2466 2473
2475 2474
2476 2475
2477 2476
2485 2477
2484 2478
2591 2479
2479 2480
2480 2481
2481 2482
2482 2483
2483 2484
2482 2485
2478 2486
2488 2487
2489 2488
2491 2489
2489 2490
2492 2491
2493 2492
2510 2493
2470 2494
2494 2495
2497 2496
2495 2497
2497 2498
2524 2499
2499 2500
2502 2501
2523 2502
2516 2503
2509 2504
2508 2505
2507 2506
2505 2507
2523 2508
2500 2509
2506 2510
2513 2511
2511 2512
2514 2513
2522 2514
2522 2515
2502 2516
2503 2517
2519 2518
2520 2519
2521 2520
2517 2521
2503 2522
2504 2523
2498 2524
2526 2525
2530 2526
2534 2527
2529 2528
2531 2529
2533 2530
2527 2531
2554 2532
2534 2533
2532 2534
2538 2535
2535 2536
2536 2537
2545 2538
2546 2539
2567 2540
2545 2541
2553 2542
2544 2543
2546 2544
2539 2545
2540 2546
2540 2547
2549 2548
2547 2549
2552 2550
2550 2551
2549 2552
2541 2553
2543 2554
2556 2555
2557 2556
2662 2557
2562 2558
2560 2559
2566 2560
2560 2561
2561 2562
2565 2563
2558 2564
2564 2565
2557 2566
2559 2567
2569 2568
2573 2569
2578 2570
2578 2571
2589 2572
2570 2573
2590 2574
2573 2575
2551 2576
2572 2577
2577 2578
2580 2579
2581 2580
2585 2581
2574 2582
2582 2583
2583 2584
2588 2585
2588 2586
2583 2587
2584 2588
2576 2589
2589 2590
2537 2591
2593 2592
2594 2593
2595 2594
2599 2595
2597 2596
2599 2597
2614 2598
2598 2599
2597 2600
2602 2601
2603 2602
2600 2603
2605 2604
2606 2605
2632 2606
2606 2607
2611 2608
2608 2609
2609 2610
2607 2611
2614 2612
2633 2613
2613 2614
2616 2615
2619 2616
2620 2617
2631 2618
2631 2619
2621 2620
2622 2621
2641 2622
2618 2623
2625 2624
2626 2625
2627 2626
2623 2627
2627 2628
2628 2629
2629 2630
2617 2631
2612 2632
2615 2633
2635 2634
2638 2635
2660 2636
2636 2637
2637 2638
2638 2639
2639 2640
2643 2641
2659 2642
2661 2643
2646 2644
2644 2645
2661 2646
2648 2647
2644 2648
2651 2649
2649 2650
3997 2651
2658 2652
2658 2653
2650 2654
2653 2655
2652 2656
2655 2657
2654 2658
2650 2659
2648 2660
2642 2661
2596 2662
2477 2663
2673 2664
2666 2665
2664 2666
2668 2667
2665 2668
2668 2669
2690 2670
2670 2671
2677 2672
2672 2673
2677 2674
2674 2675
2675 2676
2671 2677
2679 2678
2680 2679
2682 2680
2689 2681
2688 2682
2684 2683
2685 2684
2686 2685
2687 2686
2689 2687
2681 2688
2813 2689
2678 2690
2692 2691
2693 2692
2694 2693
2695 2694
2703 2695
2694 2696
2702 2697
2697 2698
2698 2699
2699 2700
2700 2701
2691 2702
2686 2703
2707 2704
2711 2705
2707 2706
2705 2707
2716 2708
2708 2709
2709 2710
2722 2711
2713 2712
2717 2713
2721 2714
2720 2715
2713 2716
2715 2717
2731 2718
2718 2719
2714 2720
2719 2721
2712 2722
2725 2723
2725 2724
2726 2725
2727 2726
2728 2727
2729 2728
2735 2729
2733 2730
2733 2731
2812 2732
2734 2733
2736 2734
2730 2735
2732 2736
2751 2737
2710 2738
2751 2739
2741 2740
2744 2741
2750 2742
2742 2743
2737 2744
2743 2745
2747 2746
2748 2747
2745 2748
2748 2749
2740 2750
2738 2751
2756 2752
2756 2753
2753 2754
2752 2755
2759 2756
2758 2757
2760 2758
2757 2759
2761 2760
2762 2761
2787 2762
2770 2763
2771 2764
2796 2765
2811 2766
2766 2767
2767 2768
2768 2769
2764 2770
2774 2771
2773 2772
2769 2773
2772 2774
2784 2775
2777 2776
2779 2777
2785 2778
2783 2779
2786 2780
2782 2781
2783 2782
2780 2783
2776 2784
2776 2785
2774 2786
2798 2787
2790 2788
2790 2789
2791 2790
2792 2791
2800 2792
2794 2793
2795 2794
2765 2795
2797 2796
2799 2797
2796 2798
2803 2799
2793 2800
2807 2801
2810 2802
2810 2803
2802 2804
2806 2805
3003 2806
2808 2807
2806 2808
2805 2809
2801 2810
2787 2811
2763 2812
2754 2813
2826 2814
2814 2815
2821 2816
2816 2817
2817 2818
2822 2819
2819 2820
2820 2821
2815 2822
2818 2823
2823 2824
2824 2825
2831 2826
2828 2827
2829 2828
2842 2829
2828 2830
2827 2831
2831 2832
2844 2833
2837 2834
2836 2835
2843 2836
2835 2837
2834 2838
2864 2839
2839 2840
2837 2841
2841 2842
2833 2843
2846 2844
2866 2845
2845 2846
2848 2847
2845 2848
2846 2849
2851 2850
2849 2851
2855 2852
2852 2853
2853 2854
2847 2855
2859 2856
2858 2857
2850 2858
2857 2859
2863 2860
2856 2861
2861 2862
2859 2863
2841 2864
2832 2865
2779 2866
2587 2867
2867 2868
2868 2869
2869 2870
2870 2871
2875 2872
3004 2873
2875 2874
2876 2875
2877 2876
2878 2877
2873 2878
2869 2879
2883 2880
2880 2881
2881 2882
2892 2883
2883 2884
2889 2885
2884 2886
2890 2887
2886 2888
2888 2889
2885 2890
2886 2891
2872 2892
2905 2893
2893 2894
2894 2895
2901 2896
2898 2897
2899 2898
2896 2899
2899 2900
2895 2901
2891 2902
2902 2903
2946 2904
2908 2905
2908 2906
2906 2907
2904 2908
2900 2909
2913 2910
2927 2911
2911 2912
2909 2913
2913 2914
2914 2915
2915 2916
2916 2917
2916 2918
2922 2919
2922 2920
2923 2921
2924 2922
2926 2923
2921 2924
2920 2925
2918 2926
2928 2927
2910 2928
2931 2929
2929 2930
2932 2931
2933 2932
2934 2933
2935 2934
2944 2935
2932 2936
2938 2937
2945 2938
2937 2939
2937 2940
2940 2941
2941 2942
2941 2943
2939 2944
2919 2945
2903 2946
2955 2947
2952 2948
2948 2949
2923 2950
3002 2951
2947 2952
2951 2953
2953 2954
2956 2955
2954 2956
2956 2957
2963 2958
2969 2959
2959 2960
2960 2961
2961 2962
2953 2963
2958 2964
2966 2965
2958 2966
2968 2967
2966 2968
2965 2969
2972 2970
2980 2971
2971 2972
2972 2973
2976 2974
2977 2975
2975 2976
2978 2977
2979 2978
2989 2979
2974 2980
2982 2981
2983 2982
3001 2983
2987 2984
2987 2985
2982 2986
2986 2987
2985 2988
2998 2989
2981 2990
2999 2991
2994 2992
2991 2993
2995 2994
2996 2995
2993 2996
2996 2997
3000 2998
3000 2999
2990 3000
2964 3001
2950 3002
2912 3003
2879 3004
3017 3005
3010 3006
3008 3007
3043 3008
3008 3009
3009 3010
3012 3011
3013 3012
3005 3013
3013 3014
3014 3015
3015 3016
3007 3017
3023 3018
3024 3019
3035 3020
3024 3021
3021 3022
3019 3023
3020 3024
3020 3025
3023 3026
3034 3027
3032 3028
3030 3029
3080 3030
3030 3031
3031 3032
3032 3033
3033 3034
3028 3035
3037 3036
3038 3037
3042 3038
3029 3039
3042 3040
3040 3041
3039 3042
3021 3043
3046 3044
3048 3045
3047 3046
3048 3047
3051 3048
3053 3049
3058 3050
3053 3051
3049 3052
3050 3053
3067 3054
3054 3055
3055 3056
3056 3057
3067 3058
3078 3059
3078 3060
3064 3061
3060 3062
3064 3063
3065 3064
3156 3065
3059 3066
3066 3067
3069 3068
3070 3069
3071 3070
3072 3071
3073 3072
3074 3073
3075 3074
3062 3075
3062 3076
3076 3077
3079 3078
3063 3079
3045 3080
3082 3081
3091 3082
3082 3083
3083 3084
3088 3085
3084 3086
3085 3087
3081 3088
3086 3089
3089 3090
3092 3091
3094 3092
3095 3093
3103 3094
3097 3095
3099 3096
3096 3097
3102 3098
3105 3099
3098 3100
3100 3101
3096 3102
3093 3103
3103 3104
3108 3105
3112 3106
3106 3107
3154 3108
3110 3109
3137 3110
3110 3111
3111 3112
3155 3113
3113 3114
3114 3115
3115 3116
3116 3117
3117 3118
3124 3119
3119 3120
3120 3121
3121 3122
3122 3123
3117 3124
3126 3125
3127 3126
3128 3127
3129 3128
3131 3129
3132 3130
3130 3131
3133 3132
3136 3133
3133 3134
3134 3135
3120 3136
3113 3137
3153 3138
3138 3139
3139 3140
3140 3141
3143 3142
3141 3143
3152 3144
3144 3145
3145 3146
3146 3147
3147 3148
3150 3149
3148 3150
3149 3151
3142 3152
3108 3153
3107 3154
3069 3155
3157 3156
3158 3157
3159 3158
3176 3159
3159 3160
3164 3161
3165 3162
3162 3163
3163 3164
3174 3165
3174 3166
3166 3167
3167 3168
3168 3169
3171 3170
3172 3171
3173 3172
3205 3173
3175 3174
3170 3175
3167 3176
3178 3177
3188 3178
3189 3179
3179 3180
3230 3181
3169 3182
3181 3183
3182 3184
3184 3185
3185 3186
3186 3187
3180 3188
3187 3189
3186 3190
3192 3191
3195 3192
3194 3193
3195 3194
3198 3195
3197 3196
3200 3197
3200 3198
3244 3199
3204 3200
3204 3201
3201 3202
3202 3203
3199 3204
3196 3205
3190 3206
3208 3207
3206 3208
3207 3209
3209 3210
3210 3211
3211 3212
3214 3213
3217 3214
3214 3215
3215 3216
3211 3217
3227 3218
3220 3219
3222 3220
3212 3221
3221 3222
3222 3223
3225 3224
3228 3225
3219 3226
3226 3227
3218 3228
3223 3229
3190 3230
3238 3231
3233 3232
3231 3233
3232 3234
3252 3235
3235 3236
3236 3237
3239 3238
3237 3239
3251 3240
3247 3241
3243 3242
3246 3243
3241 3244
3240 3245
3245 3246
3271 3247
3249 3248
3250 3249
3259 3250
3248 3251
3270 3252
3254 3253
3255 3254
3257 3255
3260 3256
3256 3257
3261 3258
3261 3259
3258 3260
3262 3261
3263 3262
3269 3263
3269 3264
3264 3265
3265 3266
3268 3267
3649 3268
3267 3269
3253 3270
3240 3271
3160 3272
3280 3273
3275 3274
3276 3275
3273 3276
3274 3277
3279 3278
3282 3279
3282 3280
3278 3281
3283 3282
3293 3283
3285 3284
3286 3285
3292 3286
3290 3287
3289 3288
3377 3289
3292 3290
3287 3291
3288 3292
3314 3293
3296 3294
3297 3295
3295 3296
3291 3297
3314 3298
3300 3299
3301 3300
3302 3301
3298 3302
3302 3303
3307 3304
3303 3305
3307 3306
3305 3307
3309 3308
3311 3309
3313 3310
3310 3311
3311 3312
3304 3313
3294 3314
3316 3315
3322 3316
3324 3317
3323 3318
3318 3319
3319 3320
3323 3321
3321 3322
3317 3323
3328 3324
3316 3325
3329 3326
3358 3327
3358 3328
3330 3329
3335 3330
3332 3331
3333 3332
3334 3333
3380 3334
3331 3335
3327 3336
3343 3337
3343 3338
3338 3339
3337 3340
3344 3341
3345 3342
3341 3343
3342 3344
3346 3345
3347 3346
3336 3347
3359 3348
3359 3349
3355 3350
3355 3351
3353 3352
3351 3353
3350 3354
3349 3355
3357 3356
3354 3357
3326 3358
3347 3359
3367 3360
3367 3361
3364 3362
3364 3363
3365 3364
3366 3365
3361 3366
3375 3367
3369 3368
3370 3369
3371 3370
3376 3371
3373 3372
3371 3373
3372 3374
3368 3375
3356 3376
3315 3377
3381 3378
3378 3379
3452 3380
3383 3381
3452 3382
3149 3383
3382 3384
3395 3385
3385 3386
3386 3387
3387 3388
3388 3389
3389 3390
3384 3391
3400 3392
3391 3393
3400 3394
3392 3395
3394 3396
3396 3397
3397 3398
3390 3399
3393 3400
3402 3401
3405 3402
3407 3403
3408 3404
3403 3405
3401 3406
3408 3407
3432 3408
3410 3409
3431 3410
3410 3411
3419 3412
3417 3413
3412 3414
3416 3415
3414 3416
3414 3417
3416 3418
3411 3419
3422 3420
3420 3421
3423 3422
3430 3423
3426 3424
3420 3425
3451 3426
3429 3427
3425 3428
3428 3429
3413 3430
3407 3431
3393 3432
3434 3433
3438 3434
3434 3435
3435 3436
3439 3437
3440 3438
3442 3439
3443 3440
3443 3441
3441 3442
3449 3443
3450 3444
3446 3445
3447 3446
3448 3447
3424 3448
3450 3449
3445 3450
3427 3451
3379 3452
3458 3453
3463 3454
3465 3455
3461 3456
3455 3457
3457 3458
3460 3459
3462 3460
3462 3461
3454 3462
3485 3463
3491 3464
3456 3465
3465 3466
3470 3467
3466 3468
3468 3469
3469 3470
3514 3471
3473 3472
3471 3473
3473 3474
3479 3475
3472 3476
3490 3477
3477 3478
3478 3479
3483 3480
3490 3481
3481 3482
3482 3483
3482 3484
3464 3485
3484 3486
3486 3487
3487 3488
3488 3489
3476 3490
3478 3491
3472 3492
3513 3493
3513 3494
3498 3495
3506 3496
3499 3497
3494 3498
3498 3499
3501 3500
3502 3501
3503 3502
3504 3503
3505 3504
3496 3505
3507 3506
3495 3507
3507 3508
3510 3509
3511 3510
3508 3511
3511 3512
3474 3513
3429 3514
3151 3515
3524 3516
3519 3517
3517 3518
3521 3519
3516 3520
3522 3521
3541 3522
3525 3523
3519 3524
3518 3525
3997 3526
3528 3527
3526 3528
3528 3529
3531 3530
3533 3531
3533 3532
3534 3533
3527 3534
3529 3535
3535 3536
3538 3537
3536 3538
3540 3539
3538 3540
3530 3541
3562 3542
3549 3543
3543 3544
3544 3545
3544 3546
3546 3547
3547 3548
3542 3549
3552 3550
3545 3551
3551 3552
3556 3553
3553 3554
3554 3555
3548 3556
3558 3557
3550 3558
3561 3559
3557 3560
3560 3561
3525 3562
3570 3563
3563 3564
3564 3565
3578 3566
3566 3567
3645 3568
3578 3569
3569 3570
3573 3571
3565 3572
3577 3573
3571 3574
3574 3575
3575 3576
3572 3577
3568 3578
3567 3579
3579 3580
3644 3581
3581 3582
3582 3583
3580 3584
3586 3585
3587 3586
3592 3587
3589 3588
3576 3589
3589 3590
3586 3591
3590 3592
3598 3593
3603 3594
3594 3595
3592 3596
3604 3597
3604 3598
3598 3599
3601 3600
3602 3601
3599 3602
3597 3603
3596 3604
3584 3605
3605 3606
3608 3607
3615 3608
3608 3609
3611 3610
3612 3611
3614 3612
3610 3613
3609 3614
3584 3615
3619 3616
3616 3617
3617 3618
3613 3619
3643 3620
3620 3621
3621 3622
3622 3623
3623 3624
3624 3625
3625 3626
3626 3627
3627 3628
3628 3629
3631 3630
3641 3631
3633 3632
3634 3633
3635 3634
3637 3635
3640 3636
3636 3637
3628 3638
3642 3639
3642 3640
3632 3641
3638 3642
3644 3643
3606 3644
3540 3645
3658 3646
3648 3647
3646 3648
3647 3649
3649 3650
3652 3651
3653 3652
3654 3653
3656 3654
3711 3655
3655 3656
3656 3657
3651 3658
3660 3659
3661 3660
3662 3661
3665 3662
3662 3663
3663 3664
3657 3665
3667 3666
3668 3667
3699 3668
3670 3669
3699 3670
3672 3671
3673 3672
3674 3673
3669 3674
3618 3675
3675 3676
3676 3677
3677 3678
3794 3679
3685 3680
3680 3681
3697 3682
3689 3683
3686 3684
3679 3685
3681 3686
3698 3687
3687 3688
3697 3689
3683 3690
3692 3691
3693 3692
3694 3693
3690 3694
3691 3695
3695 3696
3684 3697
3686 3698
3682 3699
3710 3700
3705 3701
3700 3702
3702 3703
3708 3704
3704 3705
3705 3706
3706 3707
3703 3708
3704 3709
3688 3710
3666 3711
3713 3712
3714 3713
3724 3714
3714 3715
3719 3716
3715 3717
3717 3718
3723 3719
3716 3720
3720 3721
3721 3722
3718 3723
3728 3724
3726 3725
3733 3726
3763 3727
3725 3728
3733 3729
3729 3730
3730 3731
3731 3732
3738 3733
3735 3734
3736 3735
3793 3736
3736 3737
3745 3738
3742 3739
3742 3740
3740 3741
3743 3742
3744 3743
3737 3744
3739 3745
3747 3746
3748 3747
3751 3748
3741 3749
3761 3750
3750 3751
3749 3752
3754 3753
3756 3754
3760 3755
3752 3756
3753 3757
3753 3758
3758 3759
3756 3760
3757 3761
3740 3762
3725 3763
3769 3764
3771 3765
3767 3766
3765 3767
3765 3768
3768 3769
3790 3770
3770 3771
3769 3772
3782 3773
3772 3774
3776 3775
3777 3776
3781 3777
3775 3778
3778 3779
3773 3780
3780 3781
3774 3782
3755 3783
3792 3784
3784 3785
3785 3786
3785 3787
3791 3788
3787 3789
3789 3790
3789 3791
3783 3792
3673 3793
3678 3794
3800 3795
3795 3796
3795 3797
3797 3798
3798 3799
3802 3800
3815 3801
3810 3802
3811 3803
3796 3804
3806 3805
3807 3806
3808 3807
3809 3808
3801 3809
3803 3810
3814 3811
3813 3812
3814 3813
3824 3814
3803 3815
3818 3816
3818 3817
3819 3818
3820 3819
3821 3820
3823 3821
3820 3822
3842 3823
3827 3824
3827 3825
3829 3826
3831 3827
3829 3828
3830 3829
3839 3830
3843 3831
3830 3832
3832 3833
3836 3834
3834 3835
3833 3836
3866 3837
3898 3838
3840 3839
3838 3840
3840 3841
3843 3842
3828 3843
3639 3844
3995 3845
3995 3846
3846 3847
3847 3848
3848 3849
3849 3850
3865 3851
3844 3852
3852 3853
3851 3854
3865 3855
3854 3856
3856 3857
3857 3858
3860 3859
3861 3860
3862 3861
3993 3862
3859 3863
3938 3864
3852 3865
3871 3866
3868 3867
3869 3868
3870 3869
3871 3870
3872 3871
3877 3872
3896 3873
3873 3874
3874 3875
3875 3876
3876 3877
3897 3878
3880 3879
3881 3880
3878 3881
3879 3882
3895 3883
3883 3884
3884 3885
3885 3886
3886 3887
3894 3888
3894 3889
3889 3890
3890 3891
3891 3892
3892 3893
3887 3894
3881 3895
3893 3896
3863 3897
3837 3898
3912 3899
3903 3900
3902 3901
3904 3902
3902 3903
3907 3904
3901 3905
3905 3906
3908 3907
3931 3908
3915 3909
3909 3910
3939 3911
3900 3912
3912 3913
3910 3914
3931 3915
3914 3916
3918 3917
3919 3918
3920 3919
3922 3920
3918 3921
3923 3922
3924 3923
3914 3924
3929 3925
3925 3926
3926 3927
3927 3928
3930 3929
3917 3930
3911 3931
3933 3932
3955 3933
3932 3934
3934 3935
3935 3936
3936 3937
3932 3938
3994 3939
3994 3940
3940 3941
3944 3942
3864 3943
3945 3944
3943 3945
3954 3946
3951 3947
3941 3948
3946 3949
3949 3950
3953 3951
3954 3952
3948 3953
3951 3954
3993 3955
3957 3956
3967 3957
3961 3958
3945 3959
3959 3960
3962 3961
3975 3962
3968 3963
3958 3964
3966 3965
3975 3966
3964 3967
3974 3968
3963 3969
3971 3970
3973 3971
3969 3972
3985 3973
3960 3974
3974 3975
3977 3976
3979 3977
3980 3978
3983 3979
3979 3980
3978 3981
3981 3982
3991 3983
3970 3984
3972 3985
3970 3986
3986 3987
3987 3988
3988 3989
3989 3990
3984 3991
3972 3992
3858 3993
3864 3994
3853 3995
3650 3996
