steiner points
112 114
377 198
308 363
224 363
224 429
348 565
224 565
603 604
377 347
635 604
576 604
448 604
1157 205
918 361
918 397
918 468
808 601
407 896
448 705
448 792
148 896
148 896
548 907
492 907
448 896
461 907
448 767
378 1176
148 1056
161 1299
119 1409
669 1212
484 1212
669 1299
669 1502
436 1532
119 1481
432 1568
232 1837
292 1837
518 1848
760 1848
432 1837
161 1176
1382 211
1382 284
1451 383
1389 383
1469 577
1469 652
1440 724
1438 724
1316 724
1860 485
1952 99
1931 315
1860 403
1764 485
1805 485
1806 485
1649 485
2038 679
2165 734
2235 734
1924 510
2473 302
2415 302
2355 496
2412 496
2412 636
2412 673
2412 707
2355 420
2066 734
2066 827
1469 485
1619 1041
1376 1041
1323 1041
1844 1138
1615 1175
1926 1138
2102 1138
1619 1138
2264 967
2198 967
2102 967
2102 1053
2102 1066
2264 1073
1721 1138
1844 1148
2066 891
2992 20
2707 204
2947 259
2947 204
2859 204
3106 20
3407 20
3407 55
3448 225
3407 156
3000 463
2947 413
2825 413
3050 477
3050 727
3416 789
3050 971
3050 789
2812 971
3402 583
3491 606
3680 704
3491 704
3452 773
3332 789
3196 789
3775 1125
3093 1033
2712 456
2621 496
1468 1329
1468 1392
1537 1522
1468 1522
1429 1625
1429 1687
1429 1688
2264 1423
2065 1423
2065 1522
2065 1687
2068 1705
3127 1332
2716 1332
2604 1446
2604 1507
2604 1545
2604 1721
2590 1780
2547 1853
2316 1853
1813 1522
3365 1373
3365 1398
3484 1402
3484 1492
3484 1510
3484 1790
3507 1832
2604 1377
2264 1222
918 205
429 2022
315 2102
429 2102
669 2089
697 2089
763 2089
764 2112
669 2128
669 2173
708 2396
698 2275
568 2362
698 2362
1068 2112
1080 2248
792 2112
542 2128
708 2590
1051 2669
465 2737
397 2737
324 2737
202 2737
917 2669
708 2669
465 2737
465 2977
367 3354
456 3426
367 3426
329 3426
481 3637
481 3732
897 3417
1177 3417
744 3732
897 3657
897 3597
897 3841
897 3732
1089 3841
1258 3792
1090 3799
1019 3841
714 3732
367 3149
1688 2459
1601 2459
1582 2459
1846 2468
1582 2665
1337 2669
2316 1960
1963 1963
2028 1963
2098 1963
1850 2461
2347 2531
2098 2121
1846 2485
1753 2485
2098 2330
1864 2593
2347 2385
2347 2409
2318 2531
1907 2330
2171 2796
2123 2796
2123 2732
2062 2897
2062 2814
2123 2531
1688 2485
1735 3103
1671 3103
1671 3157
1523 3271
1671 3219
1523 3234
1671 3234
1422 3360
1674 3355
1909 3053
1868 3070
1909 3070
1766 3090
2496 3112
2042 3130
2105 3150
2588 3112
2171 3281
2171 3299
2171 3342
2203 3580
2281 3679
2318 3786
2171 3487
2042 3150
1909 2918
3060 2124
3031 2124
2871 2124
2851 2124
2697 2124
2639 2153
2639 2222
2639 2464
2731 2600
2850 2729
2733 2729
2733 2759
2733 2825
2716 2825
2639 2401
3450 2021
3642 2021
3334 2124
3750 2386
3671 2386
3568 2386
3517 2439
3342 2439
3334 2439
3334 2274
3240 2124
2383 3112
2171 3150
2659 3231
2733 2905
2800 3472
2588 3231
3302 3583
2808 3598
3065 3583
3053 3598
2588 3278
3505 3025
3505 3090
3563 3172
3815 3172
3505 3172
3563 3534
3563 3545
3473 3583
3409 3583
3150 3583
3563 3531
2939 3598
2733 3231
2588 3472
1582 2669
2316 1908
353 4545
153 4550
153 4617
153 4663
497 4113
494 4201
494 4219
476 4463
153 4545
499 4600
484 4767
484 4835
679 4600
831 4600
484 4891
121 5204
484 5079
165 5186
199 5186
427 5186
484 5186
918 4104
918 4157
918 4280
831 4280
831 4336
476 4545
1365 4049
1365 4199
1270 4313
1298 4313
1365 4313
1405 4313
1405 4362
1904 4242
1678 4417
1954 4431
1791 4417
1904 4417
1791 4607
1782 4652
1584 4313
1076 4294
1626 5097
1731 5134
1010 5133
830 5133
1274 5163
1274 5370
1404 5097
1770 5134
1274 5133
1298 5097
1731 5334
1666 5134
1298 4824
499 4663
381 5732
381 5736
381 5972
667 6073
229 6383
153 6383
153 6455
153 6520
153 6727
480 6141
446 6141
446 6235
446 6281
446 6383
280 6383
446 6568
1071 5653
1159 5653
1159 5443
1052 5653
919 5978
1112 5991
919 6063
789 6073
1212 5928
1112 6063
983 6063
1149 6278
871 6073
1212 5705
1574 5605
1574 5705
1641 5816
1641 6111
1641 6130
1736 6143
1453 5705
1149 6323
942 6593
1149 6471
979 6757
979 6792
1484 6471
1364 6471
1484 6608
1589 6673
1422 6673
1484 6673
1913 6673
1913 6863
1004 6593
1004 6751
744 6073
1212 5778
2189 4640
2085 4440
2214 4640
2518 4640
2189 4740
2189 4964
2268 5093
2789 4142
2716 4275
2603 4281
2538 4281
2160 4440
2579 4739
2582 4810
2582 4850
2529 4509
2518 4718
3078 3995
3078 4120
2752 4142
3421 4127
3658 4127
3666 4127
3695 4127
3365 4120
3085 4531
3173 4531
3235 4531
3259 4531
3374 4505
3666 4442
3666 4452
3741 4452
3842 4452
3666 4505
3333 4531
3333 4715
3498 4887
3279 4989
3391 4887
3333 4887
3643 4908
3498 4908
3609 5139
3498 5131
3279 4905
3666 4422
3078 4142
2831 5367
2725 5424
2700 5424
2268 5258
2546 5484
2229 5895
2297 5895
2546 5521
2686 5743
2494 5894
2459 5895
2459 5932
2490 6028
2571 5738
2869 5745
2869 5836
3065 6120
2459 6026
2546 5738
3119 5701
3119 5733
3080 5698
3101 5701
3377 6062
3181 6077
3119 5745
3065 6117
2962 6117
2869 6117
3723 5400
3723 5577
3723 5633
3723 5972
3723 6000
3256 6077
2869 6135
2644 6565
2680 6565
2284 6570
2494 6570
2415 6570
2632 6570
2494 6601
2486 6865
2313 6980
2486 6916
2360 6930
2527 6916
2494 6792
2943 6381
2996 6463
2996 6565
3245 6628
3039 6628
3039 6681
3039 6826
3516 6580
3714 6580
3472 6628
3472 6668
3472 6690
3268 6628
2776 6565
2869 6246
2546 5424
2041 4431
556 7109
556 7145
342 7438
948 7442
752 7442
442 7507
602 7245
602 7442
442 7442
538 7442
442 7517
556 7221
1140 7117
1273 7117
1273 7188
1273 7259
1273 7442
1696 7099
1851 7255
1873 7266
1851 7266
1724 7266
1696 7266
1481 7099
595 7442
488 7688
515 7861
515 7930
314 7975
515 7994
401 7994
392 7984
90 8448
90 8585
90 8857
579 8140
615 8249
579 8214
579 8251
504 8278
504 8585
478 8585
504 8470
536 8590
478 8823
262 8585
579 8249
1574 7740
1367 7740
1176 7740
1121 7814
964 7814
964 7881
964 8048
1795 7812
1959 7829
1819 8060
1819 8077
1729 8077
1673 8113
1379 7740
1298 8395
1220 8419
1220 8439
941 8490
1220 8525
1053 8548
1204 8548
1172 8727
1053 8571
1053 8727
1220 8395
1567 8436
1567 8536
1697 8536
1778 8479
1531 8804
1531 8598
1447 8804
1675 8915
1611 8172
1567 8395
703 8327
442 7612
2228 6980
2313 6999
2392 7178
2104 7325
2271 7325
2392 7255
2392 7321
2318 7321
2449 7386
2392 7386
2882 7239
2992 7069
3203 7273
3151 7273
2992 7239
2821 7239
3212 7303
3074 7239
2687 7386
2034 7615
2011 7633
1819 7829
2054 7829
2250 7836
2250 7968
2250 8021
2687 7800
2549 7800
2547 7800
2547 7836
3064 7838
2815 7838
2777 7838
2487 7836
2250 8203
2250 8155
2216 8203
2005 8331
2005 8458
2089 8643
2168 8764
2906 8388
2756 8388
2504 8764
2591 8783
2641 8783
2783 8783
2906 8783
2954 8783
2906 8524
2457 8764
2005 8228
3437 7679
3300 7679
3300 7838
3339 7679
3322 8120
3322 8220
3473 8225
3248 8670
3630 8620
3371 8670
3473 8634
3248 8462
3505 8634
3473 8370
3518 8803
3371 8785
3371 8803
3394 8225
2925 7838
2687 7427
2011 7829
144 9111
144 9219
670 9604
657 9611
514 9611
455 9611
349 9611
295 9611
242 9611
295 9969
295 9837
349 9357
1013 9286
1013 9342
1013 9490
1013 9604
1013 9767
1013 9774
1013 9920
805 9604
1675 9084
2099 9101
2200 9101
2269 9101
1447 9654
1447 9757
2083 9647
1855 9685
1535 9757
1685 9757
1447 9597
1855 9757
2099 9253
2057 9367
2263 9647
1992 9534
1855 9534
2057 9534
2099 9365
1215 9767
2823 9289
2863 9289
2939 9289
2696 9302
2653 9310
2953 9325
2953 9331
3101 9354
3057 9354
2377 9647
2574 9647
2653 9511
2653 9674
2890 9801
2816 9801
2983 9801
2701 9801
3045 9717
2653 9801
2653 9647
3712 9190
3526 9190
3275 9190
3275 9264
3712 9315
3275 9390
3247 9655
3247 9717
3270 9884
3249 9605
3247 9784
2569 9647
1675 8984
2209 6980
3053 3897
4014 321
4114 321
3932 396
3984 396
3984 756
4654 83
4654 263
4487 263
4339 263
4756 263
4756 299
4902 354
4855 354
5062 368
4761 354
4761 436
4583 607
4577 610
4577 689
4577 713
4577 788
4761 574
4273 308
4577 1117
4191 1117
4174 1117
4174 1464
5010 1007
4615 1161
4765 1161
4814 1203
5010 1203
5262 1250
5120 1250
4979 1463
5044 1486
5070 1486
5044 1586
5043 1629
5070 1361
4791 1203
4577 939
5507 125
5849 290
5698 290
5563 287
6012 262
6093 262
6385 307
5698 349
5887 290
5827 642
5698 565
5698 622
5909 819
5827 819
6040 819
5559 1142
5321 1286
5389 1286
5502 1286
5553 1286
5553 1363
5781 1174
5781 1238
5713 1286
5713 1363
5713 1457
6033 1171
5936 1238
5968 1238
5968 1540
5930 1238
5666 1363
5821 959
5698 642
6663 307
6616 307
6581 307
6609 307
6210 262
6385 262
6823 74
6851 103
6993 153
6855 153
6855 252
6731 305
6794 523
7103 566
6663 523
6638 788
6635 805
6635 1072
6564 1072
6754 1072
6649 1072
6950 883
6895 1072
6456 1072
6649 1313
6653 1313
6472 1303
6574 1313
6574 1391
6574 1582
6952 1324
6952 1462
6767 1313
6649 1176
6663 596
6377 407
7207 566
7348 607
7462 607
7631 451
7481 451
7862 364
7766 504
7963 533
7823 504
7862 504
7963 664
7944 723
7963 639
6794 566
7226 607
7462 801
7462 958
7272 974
7272 1079
7362 1237
7698 1238
8049 1010
7427 1238
8061 1291
8061 1483
8049 1238
7272 1029
7226 699
5070 1250
4149 2104
4135 2444
4149 2444
4135 2609
4135 2614
4111 2733
4111 2800
4282 2838
4059 2444
4662 2162
4662 2325
4662 2396
4696 2460
4696 2527
4542 2624
4696 2624
4530 2687
4428 2713
4428 2838
4111 2838
5043 1719
5043 1849
5043 2109
5171 2314
5171 2352
5088 2352
4905 2352
5380 2211
5441 2275
5171 2133
5775 1979
5775 1995
5775 2101
5380 2275
5698 2275
4880 2651
4880 2726
5342 2759
5014 2756
4944 2756
5391 2652
5561 2652
5391 2621
5144 2759
5140 2756
5144 2862
5380 2489
4754 2639
4191 3322
4026 3426
4026 3616
4422 3139
4751 3177
4422 3322
4422 3177
4667 3177
4490 3177
4667 3265
4667 3373
4667 3426
4371 3322
4369 3322
4026 3921
4049 4161
4154 4260
4374 4301
4301 4181
4301 4260
4049 4260
4467 4301
4680 4301
4374 4384
4289 4440
3805 4452
4026 4095
5556 3169
5479 3169
5144 3073
5441 3169
5365 3169
5365 3196
5360 3226
5595 3503
5201 3533
5137 3727
5137 3885
5289 3891
5343 3947
5556 3431
5546 3533
5595 3679
5137 3837
5105 4507
5454 4452
5684 4095
5343 3953
5423 4138
5584 4138
5516 4138
5454 4138
5454 4287
5227 4507
5105 4451
5343 4138
5556 3503
4979 3177
5144 3169
6004 2006
6006 2018
6078 2018
6278 2018
6006 2046
6560 2000
6500 2018
6500 2120
6468 2131
6153 2018
6087 2416
6042 2547
6190 2547
6087 2418
6318 2547
6188 2662
6188 2747
6087 2547
6468 2168
6557 2335
6727 2335
6468 2365
6468 2421
6458 2547
6458 2591
6595 2687
6458 2626
6458 2687
6190 2564
6468 2335
6027 3119
6027 3179
6348 3029
6188 2863
6326 2979
6591 3065
6529 3089
6475 3089
6412 3089
6127 3101
6188 2979
7062 1769
7115 2023
7062 1997
6932 1997
7115 2134
7115 2148
7137 2210
7115 2210
7297 1760
7410 1760
7773 1935
7773 2034
7680 2034
7410 1882
7477 2067
7477 2034
7618 2624
7531 2624
7790 2486
7477 2366
7686 2602
7326 2624
6728 2501
7428 2624
7531 2782
7096 2624
7043 3131
7043 3258
7045 3380
7531 2910
7476 3131
7832 3087
7531 2996
7832 3186
7710 3186
7859 3404
7531 3131
7259 3131
7575 3186
7477 2624
6897 2624
6189 3618
6224 3665
6189 3665
6224 3774
6305 3964
6477 4188
6634 3766
6634 3812
7045 3484
6886 3724
7045 3565
7045 3733
6842 3790
6842 3826
6786 3826
6379 4188
6569 4189
7047 4237
6705 4237
7047 3963
7047 4007
7047 4018
7047 4183
6714 4218
6931 4307
6931 4384
6931 4237
6714 4237
6305 4188
7328 3621
7527 3714
7358 3714
7527 3930
7527 4000
7421 4000
7527 4066
7534 4066
7711 4260
7962 4260
7534 4260
7964 4350
7496 4434
7496 4340
7157 4007
7045 3724
5882 2652
5171 2211
8866 122
8756 122
8742 122
9025 134
8742 333
8742 467
8804 520
8707 531
8584 531
8466 533
8742 520
9914 197
9263 321
9356 321
9467 321
9561 321
9903 321
9467 357
9084 321
8804 605
9034 802
9068 949
8892 1094
9068 1094
8575 1075
8536 1075
8384 1463
8641 1463
8852 1463
8914 1463
8948 1463
9068 1199
9068 1463
9532 846
9643 913
9643 1016
9650 1125
9523 1256
9484 1256
9650 1256
9884 1258
9884 1395
9349 1593
9241 1593
9801 1639
9884 1614
9866 1639
9797 1593
8804 791
8584 1894
8392 1989
8479 1989
8584 1989
8392 2022
8584 2123
8967 1872
9032 1872
8967 1910
9333 2046
8864 2079
9396 2076
8744 2123
8941 2402
8584 2207
8585 2457
8823 2457
8612 2626
8365 2624
8584 2593
8720 2668
8691 2668
8584 2624
8584 2457
9171 1864
9188 1864
9240 1931
8967 2046
9669 2076
9733 2076
9265 2228
9866 1834
9737 1836
9092 2046
9265 2046
9733 2212
9733 2293
9461 2483
9240 2046
9733 2147
9236 2671
9252 2671
9236 2748
9143 2810
9236 2810
9273 2843
9637 2483
9733 2483
9439 2664
9621 2989
9733 2737
9733 2915
8895 2079
8587 3159
8587 3351
8587 3514
8614 3704
8772 3704
8504 3870
8614 3840
8614 3748
8443 3982
8443 4116
8549 4339
8456 4339
8443 4146
8443 4339
8614 3870
9190 3132
9143 3132
9109 3132
9213 3335
9109 3291
9490 3584
9239 3507
9746 3216
9746 3287
9538 3452
9706 3452
9746 3444
9213 3507
9239 3584
9199 4021
9690 4115
9909 4115
9296 4273
9199 4273
9746 3835
9859 3857
9815 3857
9909 3878
9909 3908
9483 4115
9603 4115
9468 4273
8891 3679
9199 3679
9109 3335
9866 1836
8175 533
4291 4825
3938 5029
3997 5029
4045 5036
4141 5036
4149 5036
4141 5098
4985 4641
4781 4696
4666 4770
4515 4770
4781 4769
4839 4769
4921 4769
4666 4979
4666 5056
4296 4770
5301 4598
5921 4650
5777 4650
5476 4650
5476 4752
5476 4787
5476 4810
5295 5029
5499 5018
5476 4841
5476 5018
5301 4507
4141 5177
4282 5427
4282 5559
4044 5754
4181 5665
4210 5725
4536 5854
4273 5861
4273 5917
4242 5968
3981 5776
4248 6128
4248 6166
4242 5980
4181 5725
4489 5488
4766 5571
4554 5503
4510 5503
4510 5577
4664 5528
4570 5503
4687 5571
4687 5644
4687 5809
4554 5854
4408 5854
4536 5889
4687 5922
4744 6193
4687 5854
4273 5854
3953 6666
3957 6692
4069 6708
4745 6342
4812 6544
4877 6544
4746 6607
4656 6766
4620 6766
4577 6766
4620 6918
4609 6940
4120 6760
4924 6544
5759 5367
5485 5367
5162 5327
5260 5327
5141 5558
5020 5695
5020 5877
5193 5927
5194 5948
5196 6028
5740 6195
5141 6146
5529 6195
5332 6306
5020 5919
5761 5801
5740 5801
5740 6075
5141 6226
5222 6306
5020 5658
5059 6546
5222 6565
5595 6552
5115 6565
5560 6592
5239 6639
5239 6774
5453 6774
5560 6774
5582 6942
5560 6942
5141 6306
5222 6565
4746 6544
4141 5367
6122 4824
6325 4857
6436 4601
6331 4661
6325 4824
6372 5086
6325 5086
6475 5079
6508 5079
6403 5086
7004 4632
7087 4693
7212 4887
7137 4887
7087 4887
7087 4930
7087 5028
7087 5067
6755 4601
6572 5320
6426 5401
6511 5401
6426 5785
6669 5887
6851 5818
6608 5887
6426 5887
6355 5977
6426 5633
7069 5434
7195 5509
7069 5509
7306 5509
6864 5607
6954 5818
6980 5509
7306 5589
7306 5763
6851 5805
7103 5964
7066 5850
7087 5950
7066 5950
6626 5887
6116 6244
6229 6251
6229 6352
6252 6440
6508 6502
6250 6713
6288 6440
6996 6095
6514 6595
6252 6550
6508 6440
6996 6311
7148 6558
7115 6558
7041 6558
6913 6558
6913 6705
6913 6859
6907 6915
6913 6489
6561 6440
6913 6440
6572 5217
7600 4809
7819 4834
7611 4834
7611 5068
7862 5214
7611 5214
7872 4747
8063 4747
8122 5041
8122 5161
8369 5213
8122 4747
7862 5524
7789 5553
7953 5761
7789 5761
7770 5763
7770 5899
7770 5901
7673 5763
8175 5656
8175 5707
7995 5746
7789 5548
8880 4682
8801 4815
8880 5176
8791 4891
8791 4987
8793 5073
8610 5176
8793 5176
8856 5176
8610 5213
8791 5040
8925 5651
8633 5494
8856 5494
8925 5520
8856 5316
8142 5213
7770 6053
7595 6158
7595 6169
7595 6300
7673 6319
7680 6478
8084 6432
7737 6535
7680 6535
7532 6615
7673 6404
7490 6872
8407 6356
8405 6388
8213 6432
8325 6456
8405 6456
8577 6759
8202 6759
8325 6630
8325 6759
8488 6834
8830 6759
8970 6422
8886 6441
8886 6566
8722 6441
8880 6441
8830 6680
8503 6759
8854 6804
8886 6588
8503 6817
7924 6535
7770 6088
9362 4766
9464 4936
9362 4936
9481 4953
9751 4959
9751 4953
9751 4959
9309 5346
9309 5551
9309 5584
9309 5651
9799 5267
9799 5537
9799 5589
9788 5589
9507 5584
9588 5589
9751 5261
9368 5981
9467 5981
9862 5857
9580 5907
9543 5981
9580 5981
9589 6113
9589 6149
9368 6096
9945 5878
9945 6218
9588 5835
9835 6726
9562 6519
9505 6758
9780 6851
9536 6851
9505 6519
9835 6636
9505 6851
9589 6373
9588 5857
9088 5651
7438 5763
5969 4705
5094 4538
4219 7315
4219 7315
4246 7315
4389 7274
4944 7331
4649 7289
4884 7289
4549 7274
4621 7274
4878 7459
4816 7550
4780 7661
4675 7705
4878 7543
3950 7407
3935 8008
4003 8171
4311 8292
4206 8292
4474 8033
4675 8106
4109 8292
4327 8292
4484 8219
4003 8292
4675 7884
4675 8106
4829 8162
4484 8106
4466 8292
4475 8575
4581 8575
4466 8507
4466 8575
4206 8360
4675 8018
5186 7349
5171 7349
5091 7349
5171 7590
5632 6980
5632 7036
5632 7163
5573 7355
5573 7397
5819 7493
5787 7493
5579 7493
5579 7621
5573 7312
5336 7355
5398 7859
5306 7886
5427 7839
5493 7793
5493 7721
5503 7867
5503 7938
5306 7953
5777 8035
5595 8032
5677 8035
5677 8175
5444 8475
5387 8475
5387 8492
5267 8492
5206 8492
5068 8492
5677 8475
5493 7839
5989 7125
5989 7238
5989 7475
6165 7061
6271 7061
6585 7061
6513 7269
6585 7203
6513 7333
6513 7409
6720 7552
6524 7459
6585 7269
6636 7061
6308 7887
6308 8116
6043 8319
6086 8319
6308 8319
6595 7552
6720 7864
6720 8116
6549 8116
6617 8116
5968 7493
4884 7331
4581 8717
4363 8795
4502 8795
4239 8795
4197 8795
4063 8795
3987 9154
3987 9203
3987 9260
3987 9407
4035 9494
4035 9558
4363 9027
4413 9086
4548 9103
4418 9378
4284 9378
4548 9238
4548 9378
4474 9378
5251 9394
4621 9378
4507 9479
4474 9475
4474 9479
4284 9454
4548 9228
4136 9260
4363 9002
4059 9858
4228 9903
4316 9872
4251 9903
4429 9811
4429 9862
4429 9872
4429 9945
4468 9947
4362 9872
4059 9903
4047 9683
5145 8831
5337 8896
5145 8896
5233 8896
5251 8896
5002 8913
5501 8819
5832 8900
5251 9321
5356 9394
5522 9365
4674 9378
5031 9455
5031 9394
5031 9908
5664 9276
4854 9394
5251 9082
5869 8796
6034 8796
5869 8900
5730 8900
6195 8758
6225 8758
6393 8758
5620 8819
5916 9266
6184 9385
6404 9315
6369 9410
6404 9410
6367 9470
5916 9385
6212 9500
6286 9500
6184 9500
5905 9178
6684 9135
6636 9214
6626 9214
6475 9214
6791 9214
6684 9214
6445 9712
6396 9712
6286 9712
6546 9751
6677 9794
6686 9829
6185 9865
6286 9563
5905 8945
5356 9643
4581 8661
7227 7114
7210 7114
7112 7114
7112 7298
7112 7480
7153 7794
7436 7823
7213 7840
7153 7840
7153 7864
7112 7615
7112 7712
7153 7964
7153 8082
7125 8154
7078 8184
7289 8320
7078 8186
7078 8320
7289 8575
7289 8469
7153 8144
7950 7095
7758 7095
7652 7095
8021 7200
8054 7200
7708 7558
7740 7601
7777 7601
7888 7601
7888 7616
7740 7698
7740 7726
8054 7349
8054 7353
7990 7511
7990 7601
8085 7635
8257 7672
8038 7621
8054 7495
7856 7936
7856 7999
7844 8024
7714 8024
7559 8024
7549 8024
7315 7823
8537 7204
8496 7463
8147 7672
8311 7879
8334 7885
8642 7972
8572 7972
8439 7972
8306 7826
8306 7672
7625 8412
7596 8505
7596 8683
7596 8738
8025 8175
8025 8342
7820 8365
7946 8365
8025 8365
8025 8455
8025 8570
8025 8587
7683 8375
8439 8135
8439 8109
8556 8135
8682 8233
8690 8390
8630 8482
8795 8408
8833 8408
8396 8566
8478 8566
8599 8566
8375 8587
8690 8408
8260 8587
8682 8174
7549 7823
6974 9119
7199 9193
6999 9193
7096 9193
6999 9301
6999 9384
6989 9691
6947 9754
6947 9815
6947 9837
6989 9639
7596 8798
7590 9166
7466 9193
7590 9193
7851 9211
7765 9239
7765 9339
7946 9128
7998 9128
8050 9128
8179 9181
8179 9128
7946 9211
7765 9211
7551 9883
7630 9883
7645 9883
8123 9587
7926 9883
8420 8952
8741 8998
8501 8998
8420 8998
8450 8998
8332 9228
8501 9303
8321 9313
8321 9368
8501 9231
8406 9303
8332 9303
8677 9398
8677 9560
8677 9813
8677 9938
8501 9090
8179 9228
6999 9406
7590 8884
9696 7076
9514 7149
9203 7255
9514 7255
9543 7325
9337 7499
9543 7499
9514 7076
9968 7310
9968 7390
9213 7699
9049 7734
9055 7823
9055 7896
9543 7536
9543 7684
9415 7699
9439 7922
9543 7760
9543 7909
9632 7924
9446 7909
9049 7765
9513 8161
9411 8111
9262 8170
9536 8202
9513 8202
9422 8196
9355 8446
9498 8399
9498 8202
9737 8260
9737 8424
9737 8227
9411 8170
9543 7699
9191 8863
8969 8863
8969 8998
9191 8671
9056 8863
9415 8863
9415 8931
9668 8997
9339 9257
9433 9202
9433 9257
8969 9065
9779 8827
9723 8887
9433 8997
9723 8997
9829 9132
9034 9506
9034 9543
9034 9564
9034 9630
9034 9724
9219 9724
9297 9779
9254 9818
9254 9865
9493 9327
9493 9408
9426 9559
9426 9779
9254 9779
9937 9482
9937 9685
9937 9875
9689 9482
9433 9842
9493 9482
9191 8575
8892 8998
6866 7864
5573 7163
3987 4452
edges
2099 883
2098 1616
2054 1324
2807 1927
3142 164
2093 1383
3144 364
2770 438
2100 1714
2000 1077
2847 933
2847 1989
2770 977
2054 314
3153 761
2848 1851
2094 1669
2000 922
2012 1666
3143 668
2846 1408
2807 597
3145 729
2065 837
2773 210
2849 36
2102 574
2811 149
2097 634
2849 1822
2881 1709
3153 882
2001 1828
2094 816
2154 806
2044 742
2101 982
2845 1913
2882 759
2765 1627
2851 736
2095 1907
2812 406
2774 536
2844 1396
2808 126
3157 1356
2772 1551
2045 1498
2101 1463
2810 660
2815 648
2775 282
2066 1762
2852 803
2842 1393
3155 289
2787 791
2843 1926
2065 1707
2055 1141
2766 1724
3160 1916
3146 522
2003 1438
2008 1153
2814 1422
2776 25
2777 613
3159 1155
2013 1598
3158 1530
2002 35
2882 1656
2778 9
2778 1655
2046 845
2767 1521
2014 1570
2056 1634
2767 1555
2876 622
2105 581
3159 797
2072 1203
2876 1423
2004 1469
2780 466
2047 253
2880 539
2121 190
2057 1770
2103 224
3147 957
2015 284
3150 52
2106 148
2059 72
3154 604
2060 305
2058 1274
2067 425
2883 1561
2885 867
2877 1810
2112 484
2064 1467
3148 1687
2853 824
2007 4
3149 677
3290 1902
2122 1000
2005 1548
2817 1567
2890 510
2854 1331
2786 1730
2048 290
2112 1224
2052 1407
3151 98
2875 1968
2016 501
2010 1238
2009 78
3161 1933
2113 938
2781 1527
2878 1398
2782 1363
2818 1364
2069 1370
2889 216
2006 1142
2816 1841
2049 706
2887 1062
2070 641
2061 163
2783 743
2904 705
2114 1999
2018 70
2071 150
2784 877
2888 1658
2050 165
2840 1740
2107 1955
2051 773
2062 1126
2821 921
2769 715
2904 1969
2026 1390
2888 615
2116 900
2063 167
2052 978
2118 1460
2769 1808
2862 1489
2785 1805
2856 1249
3175 1421
2108 1519
3190 1059
2019 1043
2892 1022
3162 1065
2857 1433
2821 1505
2074 1500
3175 530
2020 782
2819 292
2022 1308
2117 1386
2862 1030
2017 71
2092 1585
2898 658
2021 347
2023 360
2864 504
3176 1895
2806 826
3163 1329
2085 94
2893 320
2839 1162
2022 1640
2792 272
2076 1862
2084 231
2111 8
2025 19
2894 1949
2822 556
2078 1898
2792 1023
2898 1528
3177 1632
2903 541
2120 956
2833 1380
2077 1943
2087 28
2028 114
3167 1854
2088 757
2860 309
2864 943
2089 121
3166 7
2863 847
2120 1165
2895 225
2859 834
3167 1074
3164 1110
2090 401
2789 1454
3180 379
2790 77
2119 354
3178 732
2078 1293
2081 1358
2082 1243
2822 1847
2119 450
2091 1092
2091 487
2031 994
2794 1311
2833 1195
2828 1149
2080 812
2027 410
2874 1064
2111 1037
2080 1858
2797 1068
2793 1875
3173 1101
2795 1746
2032 1104
2153 771
2896 1756
2834 815
2897 1184
2825 917
2798 963
2837 932
3179 1309
3182 184
3180 447
2823 740
2830 1674
2867 760
2900 1620
2805 809
2029 1450
2033 547
2867 105
2824 1175
2873 262
2866 1226
2871 1306
2136 1042
2123 612
2123 1553
2135 1219
3168 83
2899 1996
3171 141
2804 820
2131 579
2838 1834
2145 1453
2152 794
2869 776
2124 22
3183 1705
2146 432
2827 494
2147 1031
2030 609
2130 1027
2799 1667
2137 984
3169 1222
2832 323
2872 1843
2799 523
3172 745
2791 371
2036 1497
2901 1542
2801 193
2148 131
2036 1855
3170 263
2125 829
2034 1236
2138 965
2149 1905
2832 170
2144 365
2035 886
2791 627
2836 669
2901 690
2139 1256
2037 1633
3189 649
2870 1228
2802 855
2870 717
3184 318
2836 1241
3187 140
2127 1310
2803 1720
2872 1016
3186 1728
3185 1347
3168 1603
2128 662
2133 1230
2129 712
2134 945
2926 1486
2140 55
2041 239
3063 1075
3062 50
3054 174
2038 1143
2141 1493
2150 1021
3018 411
2906 1863
2151 197
3222 1615
2151 211
3223 1338
2038 975
2129 1013
3198 87
3064 1414
3215 1354
2040 1413
3216 399
2927 1481
2142 1884
3197 854
3191 124
3215 340
2039 750
2041 1560
3198 1188
3013 145
3067 1169
2936 840
3191 796
3057 893
2307 1747
3199 1599
3217 408
3064 610
3192 894
3289 1758
2208 793
2207 1088
2209 352
2915 1348
2936 1718
2208 1526
3016 599
3193 1276
2937 1456
3057 1333
2257 1060
3018 101
3013 230
2159 1376
2155 744
2168 1848
3015 990
2259 987
2271 1753
2270 386
2155 265
3195 1715
3055 53
3195 1158
3066 1861
2160 681
3022 1479
3200 1814
3017 1573
3224 905
3068 97
3219 1562
3201 1108
3243 1763
2158 1665
3017 1336
2938 1251
2156 434
2271 1852
2906 1026
2256 336
2928 423
2161 1671
3020 302
2213 169
3203 903
2280 798
2171 1744
3021 1893
2935 716
3058 54
3065 683
2170 375
3230 32
3059 1119
2260 628
2915 183
3031 428
3202 1164
2163 1123
3205 930
3060 765
2933 800
3060 1921
2255 918
3226 142
2261 1343
2156 1057
3221 1137
2169 427
3033 1100
3061 1741
2258 881
2279 455
2165 1028
2934 652
2940 512
3227 1832
2275 902
2218 256
2929 349
2166 518
2916 1823
2221 1792
2932 722
3221 1743
3204 1537
3032 162
2930 1317
2274 762
2166 888
3034 151
3073 1112
2218 737
2273 1441
2169 1974
2164 460
2917 1577
2201 1850
3023 403
2269 1796
3204 102
2219 471
3023 217
3026 111
2931 1366
3035 1416
2278 708
3072 69
2914 1529
2908 569
3228 1864
2203 785
2932 1063
3206 934
2202 1721
2918 472
2211 308
2262 1786
2204 325
2277 1152
2914 1819
3237 431
2215 417
3072 462
2952 125
3207 166
2228 1777
3076 1269
3027 1794
2919 1909
2220 100
3075 639
3024 1079
3041 836
2273 68
2212 1225
2172 1484
3037 595
2217 650
3210 26
2263 866
3074 537
2909 713
2910 1262
3231 1899
2948 1271
2920 1653
3077 1292
3209 1587
3039 1504
3208 620
3070 1272
2264 107
2217 306
2953 1442
2941 862
3140 1911
2950 1698
2173 1227
3028 1958
3239 1611
2205 1125
2177 926
3211 1248
2178 856
3232 1636
3212 808
2922 814
3038 1726
3040 439
2175 1986
2923 767
2276 1601
2942 39
2264 268
2224 640
2911 27
2174 168
3079 341
3241 1606
3094 698
3029 1391
3233 1375
3209 232
2944 1096
2266 1607
2943 288
2945 1683
3078 1176
3038 363
2176 1630
2222 1545
2206 1491
2912 367
3234 276
2226 1938
2222 1053
2177 931
2268 1641
2268 1385
2913 584
2306 1564
3236 1950
3211 1539
2924 389
2951 1906
3046 1111
2225 1280
2284 772
3083 667
2947 1340
3242 238
2925 1694
2254 1829
3236 1766
3048 1265
3085 14
2181 1738
3047 623
2292 161
3240 58
3086 157
2292 222
3045 1334
3240 727
2238 545
2245 576
3048 463
2281 1838
2239 1994
2983 915
2984 1397
3085 1547
3051 511
2241 1676
2293 859
2230 1465
3049 1510
3080 436
3052 980
2229 1183
3261 1135
2242 279
2981 440
3043 229
3050 1750
2243 1258
3084 113
3259 833
2295 502
2957 206
3259 1078
2957 1837
3091 348
3244 1157
2200 1764
2244 1965
2253 898
2958 1381
2231 85
3244 1357
2962 1990
2982 1954
2296 1289
3011 1849
3044 852
3266 1032
3088 1594
2986 670
3266 1055
2233 799
2987 448
2283 1835
2234 1644
2954 1091
2304 1708
3081 614
2987 865
2963 1713
2232 805
2291 735
2246 1420
3267 997
3092 594
3263 1148
2295 1944
2247 115
3044 1327
2967 1448
3262 185
2188 1956
2248 62
3245 16
3268 496
2182 1443
2237 319
2189 143
2236 1550
2959 619
2966 1050
2964 923
2236 13
3082 1034
3089 457
2183 981
2189 585
3288 1116
2185 1279
2955 1237
2965 1214
3089 1081
2289 1038
2994 1873
3270 1824
3269 488
2185 433
2285 704
3103 1662
2252 1403
2305 186
2989 79
2988 1239
3265 404
3246 1095
2302 1788
2995 119
2297 1857
2298 251
2301 1739
3124 857
3271 412
3105 1800
2249 731
2300 1404
3264 196
2192 1541
2288 112
2287 331
2956 1984
3095 1129
3095 976
3124 1651
2186 1394
3096 674
2191 118
2965 1005
3097 969
2250 1373
2996 384
3286 1692
2303 1291
3125 636
3248 721
3101 774
3126 823
3104 828
2990 781
2237 790
2190 916
3106 912
3251 96
2196 954
2299 606
3101 557
3279 1590
3098 1508
2251 1506
3107 127
2996 1353
2196 1689
2199 1342
2197 593
3102 1097
2251 710
3108 228
3278 1173
3109 685
3278 678
2997 103
3250 633
2195 477
3280 358
2198 564
3249 1595
3281 376
2991 860
2193 258
2992 45
2187 675
2764 979
3282 1485
2968 935
3127 1917
3258 1170
2993 270
3001 175
3114 1146
3099 1871
2442 1773
3252 1716
2436 563
3129 1617
3138 465
2972 355
3116 1531
3273 329
2342 337
2312 596
2335 1046
2329 1859
2335 1300
3130 995
3131 1772
2429 200
3000 1879
3283 1054
3284 117
2438 919
2980 227
3000 479
3100 1240
2329 505
2440 546
2312 1200
3275 437
3004 983
3253 1103
2443 1697
2442 1717
2439 1024
3002 23
2426 1645
3256 1988
2976 67
2330 550
3003 104
2466 1845
2969 1174
3009 696
2972 1690
3117 1668
3110 1833
3111 1114
2336 1678
2313 1661
3118 682
2314 310
3113 1471
2342 481
3274 307
3133 1299
2970 1776
3132 1935
3276 672
2427 602
2332 182
2349 1883
2428 1105
3006 1223
3112 1629
3277 586
2350 296
2430 1613
2975 1825
3008 108
3119 811
2337 453
3254 679
2333 1518
3255 575
3137 1025
3135 177
2976 1951
2341 801
3254 1706
3123 1010
2977 1789
3120 1538
3113 1604
2341 199
3285 138
2343 1948
3120 473
2465 1870
2532 3
3136 1328
2452 1286
2420 1113
2978 871
2449 391
3008 607
2451 927
2999 1245
2316 374
2315 1194
2978 1514
3135 1392
2446 896
3136 1591
3997 1093
2448 971
3007 986
2434 1684
3257 1941
2344 819
2444 409
2979 1775
2447 1614
3588 187
2308 1359
2445 1787
2309 188
2453 1326
3420 1759
3299 218
2444 1557
3308 719
2320 1733
3404 489
3493 1475
2347 869
2310 625
3412 1307
3310 568
2421 1232
3298 147
3309 825
2348 369
3405 1323
2311 514
2364 988
3545 57
3476 1781
3493 1313
2321 942
3413 1754
3301 1693
3299 947
2348 123
3587 1731
2455 1936
2435 629
3469 1625
3480 1478
2431 1048
2423 950
3475 695
3312 1807
3545 1650
2318 48
3303 1712
3307 1003
3313 1036
2311 191
3304 517
3469 531
2432 1261
3314 1492
3494 506
2363 1612
3402 1973
3291 1677
2456 1637
3470 1532
3550 1205
2319 44
3317 338
2433 1133
3414 542
3403 90
2433 1452
3546 1281
2460 1389
2458 1544
3415 1344
2322 1725
3496 1672
2464 207
2460 1445
3414 1618
3417 1411
3547 116
3548 1925
3549 1710
2424 1559
2354 1522
3293 1761
3305 958
3409 1179
3497 73
2457 497
3292 461
2351 476
3549 361
3316 1490
3418 415
3292 1066
3315 807
3296 936
3503 878
3477 1748
3294 1011
2457 527
2358 146
3306 1580
3316 1259
3419 953
3472 1734
3498 835
2324 645
3410 1802
3407 1572
3315 751
3419 1191
2425 552
2357 129
3297 1812
2325 330
3411 991
3495 1432
3408 0
3306 189
2463 1014
2353 566
2358 951
2462 1439
2462 449
3499 554
3478 1885
2355 1795
2362 559
3495 1319
3320 324
2326 243
2323 1090
2328 31
3502 286
3473 1044
3468 1960
3479 1866
2470 311
3562 1534
3556 454
3509 424
3368 254
2354 846
3552 81
3366 1035
3508 1378
3421 1652
2323 1962
3474 1566
3369 1930
2361 1647
2467 1298
3336 1161
3552 1086
2361 91
3335 1156
2467 198
3401 1482
3367 1826
2356 1659
3434 726
2496 1992
2488 548
2496 382
3422 653
3431 1159
2327 598
3505 870
2469 1213
3321 373
3431 1998
2383 1115
3366 1
3341 1880
3437 1507
3423 1903
2471 495
3335 201
2468 720
3505 1002
3337 1084
3432 587
3507 1976
2474 849
3481 1204
3340 577
3557 864
3492 1273
3553 642
3482 673
3370 1818
3322 430
2395 1964
3336 42
3489 10
2497 1967
3339 1589
3339 1352
3560 842
3438 1821
3559 343
2384 1345
2395 1250
3435 913
2498 1263
3430 1928
3343 1711
3555 1455
2384 1041
3489 130
3386 1953
2381 1009
3585 181
3324 294
3558 1007
2486 1729
3371 1853
2488 802
2489 874
2401 831
3490 1680
3346 795
2365 233
2472 159
3325 1122
2365 1209
2487 1151
2366 321
2480 1681
2475 813
2492 534
3491 1737
3323 486
3483 966
3488 887
3330 967
2418 346
3424 1910
3586 300
3504 1817
3381 689
3382 1177
3381 1018
3440 691
3344 1001
2397 260
3436 99
3439 1322
3574 775
2482 1369
3442 219
3345 899
3565 1624
3327 1937
3330 1374
3563 357
3372 565
3572 1602
3427 252
3425 962
3347 1760
2476 1379
2473 651
3486 543
3487 778
2385 194
3566 617
3328 1196
2472 133
3380 1206
3348 850
3373 1073
2389 154
2478 392
3374 631
3443 1860
3441 277
3441 1842
3329 1882
2367 555
2499 535
3429 1318
2385 646
3333 1660
3567 730
3564 1425
2386 644
2500 741
3347 1405
2368 1102
2484 407
2479 176
3375 851
3429 1798
3445 551
3510 1584
2490 734
2391 748
2388 1533
3383 1985
2491 1128
3533 1426
3544 255
2479 1349
3453 1067
3571 783
2501 1801
2398 1991
3569 1978
2494 686
2483 1367
2393 1695
3331 283
2399 616
3571 1952
2502 1947
2374 1168
2400 280
3377 1449
3570 1682
3522 909
3511 209
3332 1254
3512 1341
2400 205
3332 1767
3349 1284
2483 608
3378 939
2417 764
3376 1410
3573 459
3446 1451
3384 830
2376 1458
3446 875
2530 328
3447 212
3573 756
3466 106
2392 1621
2377 804
3513 333
3398 1429
3457 1932
3514 1765
2402 1457
2370 1231
2524 1070
3355 937
2369 1294
3536 334
3448 853
3522 680
3583 1136
3379 1503
2516 907
2379 1435
3523 1975
3520 949
3533 1052
3516 590
3524 1058
3452 1234
3537 220
3357 1072
2371 1346
3526 901
3581 1804
2407 787
3352 1581
2517 1745
2503 492
2408 153
3580 1166
3515 356
3389 1339
3465 513
2507 1419
3450 1865
3460 64
2523 509
2413 1145
3576 1923
2372 1797
2505 1255
3365 560
2504 1218
3536 906
3517 1190
3356 402
3387 1574
3455 1371
3389 1622
3458 897
3459 637
2529 1049
3388 879
3535 82
2380 137
2508 1525
2505 213
2524 301
3390 400
3541 192
2380 1316
3391 1384
2403 1197
3454 571
2509 1337
2403 766
3358 88
2409 464
3519 1040
2519 889
2528 339
3543 275
3529 1778
3581 1246
3392 592
3352 929
2526 326
2411 700
3538 1979
2521 41
2527 655
3353 861
3462 1120
3354 694
2410 383
3451 1444
3451 1736
2527 693
3575 1402
2373 1278
3458 240
3528 839
2416 578
2405 1428
3577 1517
3527 562
3364 1799
3361 1494
3359 1207
3394 1297
2763 1931
3393 1470
2406 1087
2515 1501
3528 1365
3540 1473
3542 1771
2522 1107
2411 1735
3531 728
3578 1699
3582 246
3463 1089
2414 784
2510 37
3521 469
2414 485
2514 214
2373 873
3531 1260
2406 144
3454 1827
2522 600
3464 155
2514 61
3362 1540
3521 952
2513 1516
3540 528
3579 109
3363 1233
3396 1918
3464 1502
3397 416
3363 235
2617 1831
3629 387
2628 1582
2618 961
2533 671
3805 580
2763 822
3630 1646
3673 1673
3664 1154
3663 908
3673 558
2545 1304
2628 393
3595 1193
3926 1806
3782 1117
3803 659
3919 754
2550 1889
3783 1216
3804 821
2556 752
3597 880
2533 1563
3781 429
2545 1783
3660 1351
2632 1755
2551 95
2629 611
2534 372
3920 1869
3625 1147
3830 381
3996 605
3631 1409
2619 1583
3781 788
2547 11
3807 665
3806 269
3921 390
3667 221
3830 1997
3805 1512
3596 1868
2544 687
3661 120
2634 701
2539 863
2551 1387
2622 152
3921 1593
2548 385
2552 1330
3666 1076
2630 74
3592 572
2555 1181
3672 1321
3589 603
3594 1462
3784 1121
2627 1138
2633 1919
3927 291
3638 1876
3589 940
2620 313
2624 779
2621 1774
3923 1840
3593 178
3668 1966
3591 621
3627 1080
3815 1320
3816 179
3639 378
2633 1639
2554 33
2620 780
2536 817
3635 442
2625 1266
3928 1846
3633 711
2626 2
2535 1288
3603 29
3669 5
2552 1836
2688 529
2535 17
2542 422
3670 1171
3598 1325
3671 499
3831 12
2549 1987
3928 395
3662 999
3785 532
3684 998
2557 1303
3822 202
3924 884
3924 1399
2538 1282
3817 703
2537 419
2543 1361
3808 1722
3933 1229
3602 261
3599 1019
3679 443
3808 763
2636 426
3628 445
3810 344
2616 618
2636 452
3791 1235
3812 1696
3812 1466
3637 1877
3821 1576
2637 904
3819 1257
3628 1609
3600 1579
2670 1008
2672 180
3634 1212
3820 1315
2669 974
3929 1109
2669 1468
3934 1983
2558 1431
3813 257
3935 273
3601 134
2582 1920
2580 1201
3792 396
3603 570
3644 1701
3832 1635
3814 1202
3829 1477
3930 876
2581 304
2644 1934
3937 1543
3941 573
3835 418
2593 1187
2647 1047
2584 317
3643 1638
3786 264
2645 723
2587 1679
2583 1809
3787 65
3931 1782
3838 810
3674 353
2639 1217
2650 397
2648 1360
3642 1499
3788 413
2687 1495
3640 589
2559 1167
2646 421
3995 1703
3645 1447
3833 1881
2585 303
3614 1742
3834 60
3641 1971
3674 503
2561 1691
3932 40
3940 380
2588 520
2649 699
3936 1569
3939 327
3823 1643
3608 1208
2560 237
3823 498
3646 1139
3647 350
3793 626
2641 920
3836 1302
2561 1290
3604 1314
2564 989
2563 1568
3648 247
3835 848
3824 1277
3604 843
3624 1891
2642 1180
3647 1565
3827 1127
3828 746
3825 1554
3649 66
3608 1513
3826 1872
3648 591
3932 1888
3939 1461
2586 1942
2586 1915
2589 1894
2591 1556
3794 538
3676 84
3615 441
3854 244
3943 1749
2592 1434
3682 1874
2673 420
3844 1355
3944 666
3681 89
3855 838
3942 1106
2568 332
3802 1688
2590 1897
3795 1412
2652 733
3942 21
3616 171
3944 24
3605 1768
2613 1178
3867 1210
3651 315
3844 1536
3606 1437
3796 697
3798 1892
3947 1596
3853 1608
3945 890
2653 1268
2570 1980
3612 298
2674 128
2675 1144
3953 1483
2668 226
3856 1012
3610 1395
2569 1287
2571 456
3951 1039
2686 1150
2572 1571
3616 714
3860 278
3611 223
3676 490
3797 1813
2615 1085
2654 941
3846 1727
2651 768
3845 451
2604 914
3656 1029
3678 15
3623 1732
3613 540
3847 414
2682 266
2658 1312
3852 1511
2608 281
2659 755
3857 493
2594 1350
3949 1244
2565 1488
3860 1811
3799 1417
3840 1970
2659 287
2595 964
3952 1642
3677 1270
2680 1192
3653 248
2605 249
2596 1977
3623 753
3948 351
2565 1185
3952 267
3849 1700
2655 789
2680 1791
3801 656
2575 707
3652 1368
2608 567
3861 1335
3858 709
2597 136
3683 1189
3657 394
3841 1686
3621 632
3655 661
2666 274
2598 1946
2607 1332
2677 739
3658 638
3620 241
2600 1198
3863 1914
3850 342
2602 588
3622 405
3800 293
3993 362
3657 885
2578 1082
3864 582
2576 1619
3619 1388
3654 1020
2610 841
3866 1546
3859 1401
2677 156
2576 297
2681 1654
2656 1253
3780 601
2676 30
3959 1702
3842 959
3800 1945
2660 1628
3968 1305
3690 1939
3851 1929
3745 208
3686 51
3751 1685
2601 507
3843 49
2601 1578
3691 968
3727 1549
3750 1186
3749 1124
2667 643
2663 924
3957 1406
3751 1600
3862 725
2665 1172
2684 1924
2603 1558
3689 38
3746 973
2662 398
3880 1132
2683 1480
2611 203
3691 1221
3752 1648
2665 1780
2683 1427
3733 769
2577 1459
3968 204
3961 135
2685 583
3727 1830
2657 1033
3688 911
2567 818
3960 777
2611 1094
2577 285
3918 1605
3969 521
3730 1523
3728 1912
3748 1061
3900 1623
2567 1790
3888 474
3732 1793
2612 1275
3734 483
2661 1004
3899 1446
3962 1252
3732 1972
3778 1006
3899 1610
2762 688
3869 345
3903 299
3963 692
3994 1242
3714 93
2690 1296
3902 480
2712 250
3698 1901
3764 132
3692 1051
3967 366
3891 549
3744 295
2710 738
3699 80
2752 1887
3915 747
2732 1981
3872 1496
2713 1436
3700 1878
2690 1751
3887 1464
3869 1211
3967 1592
3889 1890
3972 1959
3742 992
3764 770
2713 234
3692 215
3881 925
2751 173
3763 242
3890 444
2750 1160
3765 316
3882 946
3767 630
3965 1993
3693 1071
3892 1372
3768 322
3972 960
2691 467
2731 1719
3884 1784
2702 1803
3712 944
3904 370
3908 533
3703 1597
3885 1215
3768 1056
2722 482
3964 1816
3713 1657
2753 1247
3753 832
3742 86
2702 1908
3964 1362
2730 827
3873 724
2733 1131
3870 647
3909 910
2734 56
3906 1220
2754 59
3755 1083
3735 1476
2735 1704
3738 1134
3982 47
2736 676
3886 6
2703 1283
2737 1839
3754 519
2701 972
2728 1631
3737 1520
2723 544
3701 749
3907 1015
3707 1815
2738 1664
3874 758
3759 1045
2755 478
3756 1472
3743 1430
3911 1415
3917 1099
3695 359
3983 1820
2737 1757
3757 1424
3973 1982
3886 1377
3766 516
3987 245
2754 475
2692 1118
3711 525
3739 895
3758 1535
2720 985
3709 1524
3708 92
3990 1867
3907 524
2704 18
3696 377
3708 684
3762 561
2725 1264
3973 1785
2741 1163
3760 844
2726 1670
3710 1649
3974 654
3697 1675
3984 1769
3912 792
3777 158
2695 1752
3711 110
3975 435
3897 1957
2720 1474
2739 996
2709 657
2759 1098
2698 1267
2698 1963
3976 1626
3879 993
3779 1922
2740 195
2743 663
2714 1301
2761 470
2756 1586
3779 1896
3771 1515
2724 122
2742 1723
3726 458
2717 236
3988 1182
3875 491
3770 388
2694 1400
2716 891
2747 43
3978 1130
3773 702
3719 1440
3876 1487
2718 1886
2693 1140
3977 1295
2729 172
2707 1382
3979 76
2760 1900
3774 1199
2744 1017
3895 34
3719 1069
3913 892
3877 259
3980 75
2748 1509
3775 46
2700 20
3878 970
3991 1904
3717 468
3894 635
3715 858
3720 1856
3776 786
3981 1779
3724 872
3776 508
3989 624
3991 1995
3896 63
2758 948
3981 1588
2758 1575
3775 139
3894 526
3716 928
2721 664
2745 335
3741 553
2708 446
3718 868
3989 500
3878 1961
3898 271
3914 1844
2746 1285
3722 1552
3723 718
2719 1663
2708 955
3914 312
2699 1940
3741 160
3725 515
2699 368
3723 1418
2001 2000
2008 2001
2003 2002
2004 2003
2006 2004
2011 2005
2005 2006
2009 2007
2002 2008
2016 2009
2007 2010
2010 2011
2044 2012
2154 2013
2013 2014
2014 2015
2015 2016
2024 2017
2011 2018
2026 2019
2021 2020
2017 2021
2023 2022
2025 2023
2019 2024
2024 2025
2018 2026
2043 2027
2020 2028
2043 2029
2029 2030
2032 2031
2027 2032
2031 2033
2033 2034
2034 2035
2030 2036
2035 2037
2039 2038
2042 2039
2042 2040
2040 2041
2037 2042
2028 2043
2045 2044
2047 2045
2075 2046
2046 2047
2075 2048
2048 2049
2049 2050
2050 2051
2051 2052
2064 2053
2055 2054
2056 2055
2053 2056
2058 2057
2059 2058
2053 2059
2057 2060
2073 2061
2073 2062
2062 2063
2061 2064
2066 2065
2072 2066
2068 2067
2069 2068
2070 2069
2071 2070
2063 2071
2067 2072
2074 2073
2092 2074
2060 2075
2083 2076
2076 2077
2077 2078
2081 2079
2083 2080
2082 2081
2088 2082
2090 2083
2089 2084
2084 2085
2085 2086
2086 2087
2087 2088
2153 2089
2079 2090
2079 2091
2086 2092
2096 2093
2097 2094
2104 2095
2095 2096
2096 2097
2093 2098
2098 2099
2099 2100
2102 2101
2100 2102
2104 2103
2105 2104
2121 2105
2103 2106
2106 2107
2117 2108
2110 2109
2107 2110
2109 2111
2113 2112
2115 2113
2115 2114
2116 2115
2108 2116
2118 2117
2110 2118
2114 2119
2109 2120
2122 2121
2068 2122
2124 2123
2126 2124
2144 2125
2125 2126
2126 2127
2127 2128
2128 2129
2131 2130
2132 2131
2133 2132
2134 2133
2143 2134
2136 2135
2152 2136
2138 2137
2139 2138
2140 2139
2141 2140
2142 2141
2143 2142
2307 2143
2132 2144
2135 2145
2145 2146
2146 2147
2147 2148
2148 2149
2149 2150
2150 2151
2137 2152
2130 2153
2012 2154
2157 2155
2157 2156
2171 2157
2162 2158
2158 2159
2159 2160
2160 2161
2163 2162
2165 2163
2172 2164
2167 2165
2167 2166
2164 2167
2170 2168
2168 2169
2161 2170
2162 2171
2179 2172
2206 2173
2180 2174
2174 2175
2175 2176
2176 2177
2173 2178
2178 2179
2179 2180
2180 2181
2200 2182
2184 2183
2182 2184
2184 2185
2183 2186
2186 2187
2192 2188
2188 2189
2199 2190
2194 2191
2191 2192
2194 2193
2190 2194
2198 2195
2197 2196
2195 2197
2193 2198
2187 2199
2181 2200
2228 2201
2201 2202
2202 2203
2211 2204
2203 2205
2306 2206
2210 2207
2209 2208
2210 2209
2213 2210
2221 2211
2220 2212
2216 2213
2204 2214
2214 2215
2227 2216
2214 2217
2219 2218
2212 2219
2227 2220
2216 2221
2223 2222
2226 2223
2223 2224
2254 2225
2225 2226
2224 2227
2215 2228
2241 2229
2229 2230
2230 2231
2234 2232
2231 2233
2235 2234
2233 2235
2232 2236
2235 2237
2240 2238
2240 2239
2243 2240
2239 2241
2245 2242
2253 2243
2282 2244
2286 2245
2282 2246
2246 2247
2247 2248
2252 2249
2249 2250
2250 2251
2248 2252
2244 2253
2238 2254
2256 2255
2257 2256
2258 2257
2259 2258
2260 2259
2261 2260
2269 2261
2263 2262
2265 2263
2265 2264
2266 2265
2267 2266
2284 2267
2267 2268
2262 2269
2272 2270
2270 2271
2280 2272
2274 2273
2275 2274
2276 2275
2277 2276
2278 2277
2279 2278
2272 2279
2255 2280
2242 2281
2281 2282
2286 2283
2304 2284
2288 2285
2291 2286
2301 2287
2303 2288
2290 2289
2764 2290
2305 2291
2293 2292
2296 2293
2302 2294
2294 2295
2294 2296
2298 2297
2299 2298
2300 2299
2287 2300
2289 2301
2297 2302
2290 2303
2283 2304
2285 2305
2205 2306
2207 2307
2334 2308
2316 2309
2309 2310
2310 2311
2313 2312
2314 2313
2315 2314
2334 2315
2308 2316
2320 2317
2364 2318
2318 2319
2321 2320
2333 2321
2319 2322
2325 2323
2322 2324
2326 2325
2327 2326
2328 2327
2324 2328
2330 2329
2331 2330
2350 2331
2331 2332
2332 2333
2317 2334
2336 2335
2339 2336
2338 2337
2339 2338
2340 2339
2349 2340
2340 2341
2346 2342
2345 2343
2532 2344
2346 2345
2344 2346
2345 2347
2347 2348
2343 2349
2337 2350
2357 2351
2362 2352
2359 2353
2353 2354
2359 2355
2355 2356
2360 2357
2352 2358
2360 2359
2363 2360
2352 2361
2351 2362
2338 2363
2317 2364
2366 2365
2367 2366
2375 2367
2417 2368
2379 2369
2369 2370
2370 2371
2371 2372
2372 2373
2368 2374
2374 2375
2375 2376
2376 2377
2377 2378
2378 2379
2378 2380
2382 2381
2383 2382
2356 2383
2381 2384
2387 2385
2389 2386
2391 2387
2393 2388
2418 2389
2386 2390
2390 2391
2390 2392
2387 2393
2382 2394
2396 2395
2401 2396
2396 2397
2397 2398
2398 2399
2399 2400
2394 2401
2392 2402
2415 2403
2402 2404
2416 2405
2405 2406
2408 2407
2404 2408
2407 2409
2412 2410
2412 2411
2409 2412
2410 2413
2413 2414
2404 2415
2415 2416
2388 2417
2394 2418
2421 2419
2430 2420
2422 2421
2434 2422
2419 2423
2423 2424
2424 2425
2466 2426
2438 2427
2427 2428
2428 2429
2419 2430
2435 2431
2431 2432
2432 2433
2429 2434
2422 2435
2437 2436
2443 2437
2426 2438
2440 2439
2441 2440
2465 2441
2441 2442
2439 2443
2445 2444
2446 2445
2447 2446
2454 2447
2453 2448
2450 2449
2451 2450
2979 2451
3997 2452
2450 2453
2448 2454
2454 2455
2458 2456
2464 2457
2459 2458
2455 2459
2461 2460
2456 2461
2463 2462
2461 2463
2459 2464
2449 2465
2437 2466
2468 2467
2469 2468
2531 2469
2425 2470
2531 2471
2473 2472
2477 2473
2471 2474
2480 2475
2485 2476
2476 2477
2477 2478
2484 2479
2485 2480
2475 2481
2481 2482
2493 2483
2478 2484
2474 2485
2487 2486
2492 2487
2489 2488
2486 2489
2501 2490
2493 2491
2481 2492
2494 2493
2495 2494
2482 2495
2497 2496
2498 2497
2499 2498
2500 2499
2490 2500
2491 2501
2495 2502
2504 2503
2529 2504
2507 2505
2508 2506
2506 2507
2503 2508
2506 2509
2515 2510
2513 2511
2510 2512
2512 2513
2512 2514
2509 2515
2530 2516
2516 2517
2517 2518
2520 2519
2518 2520
2520 2521
2521 2522
2525 2523
2523 2524
2528 2525
2525 2526
2526 2527
2519 2528
2518 2529
2502 2530
2470 2531
2420 2532
2534 2533
2544 2534
2541 2535
2537 2536
2540 2537
2543 2538
2540 2539
2557 2540
2538 2541
2541 2542
2616 2543
2539 2544
2546 2545
2547 2546
2548 2547
2549 2548
2536 2549
2556 2550
2553 2551
2553 2552
2554 2553
2555 2554
2550 2555
2546 2556
2542 2557
2559 2558
2560 2559
2562 2560
2564 2561
2568 2562
2562 2563
2563 2564
2566 2565
2578 2566
2566 2567
2570 2568
2615 2569
2579 2570
2579 2571
2571 2572
2575 2573
2573 2574
2572 2575
2573 2576
2574 2577
2574 2578
2569 2579
2587 2580
2593 2581
2581 2582
2582 2583
2583 2584
2584 2585
2585 2586
2638 2587
2689 2588
2638 2589
2589 2590
2590 2591
2591 2592
2580 2593
2614 2594
2604 2595
2595 2596
2599 2597
2596 2598
2600 2599
2598 2600
2603 2601
2599 2602
2602 2603
2594 2604
2614 2605
2605 2606
2606 2607
2607 2608
2610 2609
2606 2610
2609 2611
2609 2612
2592 2613
2613 2614
2597 2615
2558 2616
2511 2617
2511 2618
2618 2619
2621 2620
2624 2621
2619 2622
2622 2623
2623 2624
2626 2625
2623 2626
2632 2627
2631 2628
2630 2629
2634 2630
2627 2631
2635 2632
2629 2633
2631 2634
2625 2635
2637 2636
2689 2637
2588 2638
2640 2639
2650 2640
2640 2641
2641 2642
2688 2643
2643 2644
2644 2645
2645 2646
2687 2647
2649 2648
2643 2649
2646 2650
2652 2651
2642 2652
2651 2653
2668 2654
2654 2655
2655 2656
2656 2657
2666 2658
2658 2659
2667 2660
2660 2661
2661 2662
2662 2663
2663 2664
2664 2665
2664 2666
2657 2667
2653 2668
2672 2669
2671 2670
2647 2671
2670 2672
2671 2673
2673 2674
2686 2675
2678 2676
2681 2677
2679 2678
2682 2679
2676 2680
2679 2681
2675 2682
2685 2683
2678 2684
2684 2685
2674 2686
2648 2687
2635 2688
2639 2689
2691 2690
2701 2691
2709 2692
2692 2693
2693 2694
2694 2695
2695 2696
2696 2697
2697 2698
2700 2699
2697 2700
2696 2701
2703 2702
2704 2703
2705 2704
2706 2705
2729 2706
2706 2707
2707 2708
2705 2709
2762 2710
2710 2711
2711 2712
2712 2713
2715 2714
2718 2715
2727 2716
2726 2717
2719 2718
2721 2719
2714 2720
2717 2721
2711 2722
2728 2723
2716 2724
2727 2725
2725 2726
2723 2727
2722 2728
2715 2729
2733 2730
2730 2731
2731 2732
2734 2733
2741 2734
2732 2735
2735 2736
2738 2737
2736 2738
2724 2739
2761 2740
2749 2741
2749 2742
2744 2743
2746 2744
2743 2745
2748 2746
2745 2747
2742 2748
2740 2749
2751 2750
2752 2751
2753 2752
2755 2753
2750 2754
2759 2755
2757 2756
2747 2757
2760 2758
2756 2759
2757 2760
2739 2761
2612 2762
2617 2763
2436 2764
2766 2765
2787 2766
2768 2767
2765 2768
2768 2769
2771 2770
2774 2771
2771 2772
2772 2773
2775 2774
2779 2775
2777 2776
2779 2777
2776 2778
2780 2779
2786 2780
2782 2781
2783 2782
2784 2783
2785 2784
2806 2785
2781 2786
2773 2787
2793 2788
2788 2789
2789 2790
2790 2791
2796 2792
2794 2793
2805 2794
2796 2795
2905 2796
2798 2797
2905 2798
2800 2799
2802 2800
2800 2801
2803 2802
2926 2803
2801 2804
2795 2805
2788 2806
2810 2807
2809 2808
2814 2809
2809 2810
2815 2811
2811 2812
2846 2813
2817 2814
2808 2815
2820 2816
2818 2817
2840 2818
2820 2819
2839 2820
2819 2821
2826 2822
2797 2823
2823 2824
2824 2825
2825 2826
2826 2827
2829 2828
2830 2829
2831 2830
2838 2831
2831 2832
2835 2833
2837 2834
2834 2835
2835 2836
2829 2837
2827 2838
2828 2839
2816 2840
2842 2841
2844 2842
2813 2843
2843 2844
2812 2845
2845 2846
2848 2847
2850 2848
2850 2849
2851 2850
2852 2851
2841 2852
2855 2853
2890 2854
2841 2855
2875 2856
2856 2857
2857 2858
2858 2859
2861 2860
2858 2861
2863 2862
2860 2863
2859 2864
2874 2865
2865 2866
2868 2867
2865 2868
2868 2869
2869 2870
2873 2871
2871 2872
2866 2873
2861 2874
2855 2875
2813 2876
2854 2877
2891 2878
2878 2879
2881 2880
2879 2881
2886 2882
2880 2883
2886 2884
2883 2885
2885 2886
2889 2887
2887 2888
2884 2889
2853 2890
2877 2891
2879 2892
2892 2893
2893 2894
2903 2895
2895 2896
2899 2897
2902 2898
2896 2899
2902 2900
2900 2901
2897 2902
2894 2903
2891 2904
2804 2905
2908 2906
2909 2907
2907 2908
2910 2909
2911 2910
2912 2911
2925 2912
2924 2913
2907 2914
2916 2915
2917 2916
2918 2917
2919 2918
2921 2919
2921 2920
2953 2921
2920 2922
2922 2923
2923 2924
2913 2925
2927 2926
2928 2927
2935 2928
3141 2929
2929 2930
2930 2931
2931 2932
2939 2933
2939 2934
3141 2935
2937 2936
2938 2937
2940 2938
2952 2939
2934 2940
2942 2941
2945 2942
2949 2943
2950 2944
2944 2945
2943 2946
2946 2947
2946 2948
2951 2949
2949 2950
2983 2951
2948 2952
2941 2953
2955 2954
2956 2955
2968 2956
2960 2957
2961 2958
2966 2959
2959 2960
2962 2961
2960 2962
2961 2963
2963 2964
2964 2965
2967 2966
2954 2967
2980 2968
2974 2969
2974 2970
2973 2971
2973 2972
2970 2973
3997 2974
2971 2975
2975 2976
2971 2977
2977 2978
2452 2979
2969 2980
2982 2981
2984 2982
3012 2983
2985 2984
3012 2985
2985 2986
2986 2987
3010 2988
2995 2989
2989 2990
2997 2991
2991 2992
2992 2993
2981 2994
3010 2995
2988 2996
2990 2997
3007 2998
3006 2999
3003 3000
2993 3001
3009 3002
3004 3003
3005 3004
3002 3005
3005 3006
3319 3007
2998 3008
3001 3009
2994 3010
2958 3011
3011 3012
3014 3013
3015 3014
3022 3015
3019 3016
3014 3017
3019 3018
3020 3019
3021 3020
3031 3021
3016 3022
3026 3023
3140 3024
3030 3025
3030 3026
3025 3027
3041 3028
3028 3029
3024 3030
3042 3031
3042 3032
3032 3033
3035 3034
3036 3035
3027 3036
3036 3037
3040 3038
3037 3039
3039 3040
3025 3041
3034 3042
3052 3043
3043 3044
3047 3045
3029 3046
3053 3047
3049 3048
3050 3049
3051 3050
3045 3051
3053 3052
3046 3053
3062 3054
3056 3055
3054 3056
3056 3057
3055 3058
3058 3059
3061 3060
3059 3061
3063 3062
3067 3063
3065 3064
3066 3065
3069 3066
3069 3067
3073 3068
3068 3069
3071 3070
3093 3071
3074 3072
3093 3073
3070 3074
3079 3075
3033 3076
3075 3077
3071 3078
3094 3079
3091 3080
3080 3081
3081 3082
3078 3083
3090 3084
3087 3085
3083 3086
3088 3087
3092 3088
3087 3089
3086 3090
3084 3091
3090 3092
3077 3093
3076 3094
3097 3095
3098 3096
3096 3097
3099 3098
3123 3099
3111 3100
3102 3101
3109 3102
3082 3103
3139 3104
3103 3105
3139 3106
3104 3107
3107 3108
3108 3109
3100 3110
3118 3111
3117 3112
3122 3113
3106 3114
3114 3115
3115 3116
3116 3117
3122 3118
3121 3119
3119 3120
3112 3121
3121 3122
3110 3123
3126 3124
3127 3125
3125 3126
3128 3127
3129 3128
3138 3129
3128 3130
3130 3131
3134 3132
3132 3133
3131 3134
3133 3135
3137 3136
3134 3137
3115 3138
3105 3139
2947 3140
2933 3141
3143 3142
3144 3143
3146 3144
3142 3145
3147 3146
3152 3147
3152 3148
3150 3149
3151 3150
3290 3151
3149 3152
3158 3153
3160 3154
3154 3155
3155 3156
3156 3157
3157 3158
3156 3159
3145 3160
3148 3161
3190 3162
3162 3163
3165 3164
3163 3165
3164 3166
3166 3167
3169 3168
3170 3169
3171 3170
3172 3171
3174 3172
3165 3173
3173 3174
3176 3175
3177 3176
3178 3177
3181 3178
3181 3179
3179 3180
3182 3181
3183 3182
3187 3183
3185 3184
3174 3185
3189 3186
3188 3187
3186 3188
3184 3189
3161 3190
3194 3191
3193 3192
3194 3193
3196 3194
3192 3195
3203 3196
3199 3197
3197 3198
3218 3199
3202 3200
3243 3201
3219 3202
3201 3203
3207 3204
3196 3205
3214 3206
3206 3207
3213 3208
3213 3209
3214 3210
3212 3211
3208 3212
3210 3213
3205 3214
3216 3215
3217 3216
3229 3217
3224 3218
3220 3219
3223 3220
3225 3221
3188 3222
3289 3223
3229 3224
3200 3225
3230 3226
3226 3227
3237 3228
3225 3229
3220 3230
3232 3231
3239 3232
3231 3233
3235 3234
3233 3235
3235 3236
3238 3237
3227 3238
3228 3239
3242 3240
3238 3241
3241 3242
3218 3243
3245 3244
3246 3245
3247 3246
3248 3247
3286 3248
3258 3249
3251 3250
3247 3251
3249 3252
3252 3253
3255 3254
3257 3255
3253 3256
3256 3257
3250 3258
3260 3259
3234 3260
3260 3261
3288 3262
3261 3263
3272 3264
3271 3265
3267 3266
3270 3267
3264 3268
3268 3269
3269 3270
3262 3271
3265 3272
3287 3273
3284 3274
3274 3275
3277 3276
3273 3277
3280 3278
3281 3279
3279 3280
3282 3281
3275 3282
3285 3283
3283 3284
3276 3285
3287 3286
3272 3287
3263 3288
3222 3289
2884 3290
3307 3291
3293 3292
3294 3293
3295 3294
3296 3295
3291 3296
3295 3297
3588 3298
3302 3299
3302 3300
3300 3301
3303 3302
3304 3303
3298 3304
3300 3305
3305 3306
3301 3307
3319 3308
3310 3309
3311 3310
3308 3311
3311 3312
3312 3313
3313 3314
3318 3315
3318 3316
3314 3317
3317 3318
2999 3319
3297 3320
3401 3321
3321 3322
3334 3323
3322 3324
3334 3325
3346 3326
3351 3327
3327 3328
3328 3329
3323 3330
3333 3331
3331 3332
3329 3333
3324 3334
3338 3335
3342 3336
3341 3337
3337 3338
3338 3339
3342 3340
3340 3341
3343 3342
3344 3343
3350 3344
3326 3345
3351 3346
3326 3347
3350 3348
3348 3349
3345 3350
3325 3351
3353 3352
3354 3353
3364 3354
3349 3355
3400 3356
3356 3357
3400 3358
3358 3359
3359 3360
3360 3361
3360 3362
3362 3363
3361 3364
3357 3365
3367 3366
3369 3367
3370 3368
3368 3369
3386 3370
3372 3371
3380 3372
3374 3373
3375 3374
3377 3375
3378 3376
3384 3377
3379 3378
3385 3379
3373 3380
3382 3381
3383 3382
3376 3383
3398 3384
3399 3385
3371 3386
3365 3387
3390 3388
3391 3389
3387 3390
3395 3391
3399 3392
3392 3393
3393 3394
3394 3395
3397 3396
3395 3397
3385 3398
3388 3399
3355 3400
3320 3401
3587 3402
3406 3403
3405 3404
3406 3405
3402 3406
3408 3407
3403 3408
3411 3409
3409 3410
3407 3411
3420 3412
3412 3413
3415 3414
3416 3415
3413 3416
3416 3417
3417 3418
3418 3419
3404 3420
3468 3421
3423 3422
3421 3423
3430 3424
3445 3425
3425 3426
3428 3427
3424 3428
3428 3429
3422 3430
3433 3431
3433 3432
3437 3433
3432 3434
3440 3435
3426 3436
3435 3437
3434 3438
3438 3439
3426 3440
3443 3441
3436 3442
3444 3443
3442 3444
3427 3445
3447 3446
3448 3447
3449 3448
3452 3449
3456 3450
3455 3451
3456 3452
3444 3453
3450 3454
3449 3455
3466 3456
3453 3457
3459 3458
3460 3459
3461 3460
3465 3461
3461 3462
3462 3463
3463 3464
3467 3465
3467 3466
3457 3467
3410 3468
3471 3469
3471 3470
3472 3471
3474 3472
3481 3473
3473 3474
3470 3475
3475 3476
3480 3477
3477 3478
3509 3479
3476 3480
3492 3481
3484 3482
3484 3483
3485 3484
3488 3485
3485 3486
3486 3487
3586 3488
3490 3489
3491 3490
3483 3491
3482 3492
3494 3493
3496 3494
3501 3495
3497 3496
3503 3497
3500 3498
3502 3499
3499 3500
3500 3501
3479 3502
3498 3503
3507 3504
3506 3505
3508 3506
3506 3507
3501 3508
3478 3509
3487 3510
3544 3511
3511 3512
3512 3513
3513 3514
3520 3515
3543 3516
3518 3517
3515 3518
3518 3519
3514 3520
3519 3521
3523 3522
3526 3523
3516 3524
3524 3525
3525 3526
3539 3527
3530 3528
3525 3529
3529 3530
3542 3531
3527 3532
3534 3533
3535 3534
3541 3535
3537 3536
3534 3537
3532 3538
3530 3539
3532 3540
3538 3541
3539 3542
3517 3543
3510 3544
3547 3545
3548 3546
3546 3547
3550 3548
3551 3549
3551 3550
3562 3551
3553 3552
3554 3553
3555 3554
3585 3555
3557 3556
3558 3557
3559 3558
3561 3559
3554 3560
3560 3561
3556 3562
3564 3563
3567 3564
3584 3565
3584 3566
3568 3567
3566 3568
3568 3569
3569 3570
3563 3571
3565 3572
3572 3573
3561 3574
3578 3575
3583 3576
3580 3577
3579 3578
3582 3579
3576 3580
3575 3581
3577 3582
3570 3583
3574 3584
3504 3585
3439 3586
3309 3587
2998 3588
3590 3589
3591 3590
3592 3591
3596 3592
3627 3593
3595 3594
3685 3595
3597 3596
3594 3597
3685 3598
3602 3599
3599 3600
3600 3601
3598 3602
3590 3603
3605 3604
3613 3605
3611 3606
3606 3607
3617 3608
3615 3609
3607 3610
3618 3611
3617 3612
3610 3613
3601 3614
3624 3615
3609 3616
3609 3617
3612 3618
3622 3619
3619 3620
3618 3621
3621 3622
3607 3623
3614 3624
3639 3625
3625 3626
3626 3627
3626 3628
3396 3629
3629 3630
3630 3631
3638 3632
3632 3633
3635 3634
3636 3635
3633 3636
3636 3637
3996 3638
3632 3639
3642 3640
3640 3641
3659 3642
3644 3643
3637 3644
3659 3645
3645 3646
3641 3647
3650 3648
3646 3649
3649 3650
3650 3651
3658 3652
3652 3653
3653 3654
3654 3655
3655 3656
3656 3657
3651 3658
3643 3659
3661 3660
3662 3661
3684 3662
3660 3663
3663 3664
3664 3665
3672 3666
3665 3667
3666 3668
3668 3669
3679 3670
3669 3671
3667 3672
3665 3673
3675 3674
3682 3675
3677 3676
3678 3677
3675 3678
3671 3679
3670 3680
3680 3681
3683 3682
3681 3683
3634 3684
3593 3685
3780 3686
3688 3687
3686 3688
3687 3689
3689 3690
3690 3691
3693 3692
3694 3693
3713 3694
3694 3695
3695 3696
3696 3697
3714 3698
3698 3699
3699 3700
3705 3701
3701 3702
3712 3703
3703 3704
3704 3705
3740 3706
3704 3707
3710 3708
3705 3709
3709 3710
3702 3711
3700 3712
3702 3713
3687 3714
3726 3715
3725 3716
3718 3717
3716 3718
3720 3719
3721 3720
3724 3721
3721 3722
3722 3723
3717 3724
3715 3725
3697 3726
3729 3727
3731 3728
3730 3729
3731 3730
3744 3731
3729 3732
3728 3733
3748 3734
3706 3735
3706 3736
3736 3737
3707 3738
3740 3739
3743 3740
3739 3741
3737 3742
3738 3743
3735 3744
3747 3745
3745 3746
3734 3747
3752 3748
3746 3749
3749 3750
3750 3751
3733 3752
3763 3753
3759 3754
3757 3755
3758 3756
3756 3757
3761 3758
3753 3759
3762 3760
3760 3761
3754 3762
3778 3763
3769 3764
3766 3765
3767 3766
3755 3767
3769 3768
3765 3769
3771 3770
3772 3771
3777 3772
3770 3773
3773 3774
3774 3775
3772 3776
3761 3777
3747 3778
3736 3779
3620 3780
3782 3781
3783 3782
3784 3783
3785 3784
3791 3785
3789 3786
3829 3787
3789 3788
3790 3789
3995 3790
3792 3791
3786 3792
3790 3793
3793 3794
3802 3795
3795 3796
3799 3797
3796 3798
3798 3799
3801 3800
3797 3801
3794 3802
3806 3803
3803 3804
3804 3805
3807 3806
3815 3807
3809 3808
3813 3809
3809 3810
3810 3811
3811 3812
3814 3813
3868 3814
3816 3815
3822 3816
3818 3817
3811 3818
3821 3819
3832 3820
3818 3821
3817 3822
3824 3823
3825 3824
3826 3825
3827 3826
3828 3827
3868 3828
3788 3829
3831 3830
3839 3831
3819 3832
3838 3833
3833 3834
3836 3835
3837 3836
3834 3837
3839 3838
3820 3839
3852 3840
3840 3841
3841 3842
3842 3843
3845 3844
3848 3845
3847 3846
3848 3847
3849 3848
3850 3849
3851 3850
3866 3851
3846 3852
3854 3853
3837 3854
3853 3855
3867 3856
3856 3857
3865 3858
3865 3859
3859 3860
3862 3861
3863 3862
3858 3863
3861 3864
3857 3865
3864 3866
3855 3867
3787 3868
3871 3869
3882 3870
3872 3871
3870 3872
3871 3873
3873 3874
3879 3875
3875 3876
3876 3877
3877 3878
3917 3879
3843 3880
3918 3881
3883 3882
3881 3883
3893 3884
3893 3885
3885 3886
3892 3887
3887 3888
3888 3889
3891 3890
3889 3891
3884 3892
3883 3893
3895 3894
3896 3895
3898 3896
3916 3897
3897 3898
3902 3899
3901 3900
3915 3901
3903 3902
3901 3903
3916 3904
3909 3905
3910 3906
3906 3907
3905 3908
3910 3909
3904 3910
3905 3911
3911 3912
3912 3913
3913 3914
3908 3915
3890 3916
3874 3917
3880 3918
3926 3919
3922 3920
3922 3921
3923 3922
3925 3923
3925 3924
3933 3925
3920 3926
3919 3927
3927 3928
3935 3929
3929 3930
3941 3931
3931 3932
3934 3933
3955 3934
3955 3935
3943 3936
3938 3937
3940 3938
3938 3939
3936 3940
3930 3941
3946 3942
3954 3943
3954 3944
3946 3945
3950 3946
3950 3947
3993 3948
3948 3949
3949 3950
3953 3951
3951 3952
3945 3953
3947 3954
3937 3955
3960 3956
3958 3957
3994 3958
3956 3959
3957 3960
3956 3961
3961 3962
3970 3963
3966 3964
3970 3965
3965 3966
3958 3967
3969 3968
3971 3969
3962 3970
3963 3971
3971 3972
3974 3973
3975 3974
3976 3975
3977 3976
3978 3977
3986 3978
3985 3979
3986 3980
3980 3981
3966 3982
3982 3983
3992 3984
3984 3985
3979 3986
3990 3987
3987 3988
3988 3989
3992 3990
3985 3991
3983 3992
3959 3993
3900 3994
3680 3995
3631 3996
