steiner points
252 246
252 320
281 371
615 504
317 504
281 504
247 630
352 842
247 842
829 63
917 63
1203 243
662 63
882 504
689 504
586 504
463 504
882 567
882 615
917 327
247 504
1544 203
1583 203
1317 351
1317 290
1418 290
1613 717
1224 351
1317 717
917 243
309 1153
791 1153
376 962
937 1153
376 1153
544 1500
322 1500
924 1556
872 1556
820 1500
966 1606
966 1686
831 1556
885 2010
618 2102
966 1834
820 1313
1519 1281
1434 1297
1295 1299
1296 1299
1424 1299
1170 1606
1206 1606
1296 1606
1353 1748
1353 1775
1353 1816
1353 1866
1671 1582
1754 1600
1754 1775
1754 1979
1450 1775
1296 1479
1103 1606
820 1153
2249 94
2223 94
2175 94
2677 128
2350 206
2266 206
2249 206
2152 471
2279 664
2350 440
2631 547
2562 623
2152 664
2442 664
2445 623
2538 623
2350 664
2350 231
2538 982
2203 1025
2102 1025
2102 1155
2102 1332
1946 1417
2538 939
2519 982
2624 982
2229 982
2624 1114
2624 1220
2538 769
1951 2040
2037 2040
2069 2069
2134 2084
2188 2084
2623 1728
2623 1521
2493 1952
2229 2084
2623 1952
1852 1979
225 2482
346 2482
536 2482
536 2561
619 2573
619 2758
804 2863
484 2927
411 2951
371 2951
250 2951
148 2951
630 2863
1101 2576
980 2632
980 2678
980 2768
943 2863
619 2863
233 3219
411 3219
78 3535
78 3655
78 3683
71 3832
411 3033
78 3219
430 3466
506 3555
454 3555
430 3555
506 3610
805 3424
805 3481
715 3516
715 3555
506 3925
642 3925
506 3767
653 3937
416 3925
416 3962
808 4062
922 4062
664 4062
416 3982
78 3385
430 3262
1675 2536
1219 2618
1264 2707
1341 2707
1472 2557
1781 2280
1906 2434
2020 2434
2063 2434
1736 2531
1527 2766
1665 2766
1527 2707
1527 2557
2480 2464
2323 2464
1781 2434
2235 2464
2235 2697
1265 3316
1382 3336
1593 3336
1382 3469
1315 3472
1252 3506
1778 2995
1818 3165
2048 3247
1870 3359
1697 3359
1653 3336
1464 3336
1892 3280
1892 3359
1958 3385
2722 2973
2341 2973
2294 2973
2184 2973
1892 3247
2184 3247
1376 3472
1300 3838
1944 3857
2019 3857
2200 3848
1658 4110
1617 4107
1617 3921
1582 4107
1538 4148
2472 3848
2609 3848
2688 3993
2120 4127
2188 4137
2122 4137
1753 3857
1657 3857
2688 4060
1617 3857
2019 4001
1252 3716
1778 2766
980 2576
1754 2215
212 4489
396 4527
230 4527
785 4527
664 4527
522 4527
421 4527
421 4580
421 4646
490 4790
502 4815
230 4763
167 5193
114 5193
167 5237
167 5284
160 5312
502 4925
502 4965
502 5067
477 5116
477 5284
477 5320
643 5320
544 5320
740 5320
272 5284
502 4964
1240 4479
1240 4586
1240 4617
1488 4757
1429 4767
1309 4767
1240 4628
1240 4767
1094 4915
1087 5187
1087 5187
1087 5095
962 5320
61 5640
61 5688
61 5852
219 5852
345 5852
570 5706
785 5710
703 5710
628 5710
572 5710
572 5852
703 5748
1074 5695
1384 5695
802 5710
851 6097
821 6097
852 6269
914 6269
572 5991
399 5852
1432 5637
1229 5695
1384 5770
1384 5948
1412 6148
1412 6180
1485 6180
969 5710
544 5522
2122 4215
1862 4398
1787 4586
1787 4713
1787 4833
1847 4866
2230 4866
1860 5078
2230 4930
1915 5093
2045 5139
2237 5023
2237 5074
2306 5248
1654 5078
2237 5248
2557 4458
2557 4561
2557 4610
2557 4631
2605 4631
2743 4653
2725 4656
2610 4668
2681 4668
2681 4772
2681 4795
2584 4933
2482 5023
2681 4933
2052 5248
1878 5555
1951 5555
2002 5524
1874 5597
1724 5764
1717 5764
1874 5764
1874 5769
1662 5963
1670 5963
1874 5798
1845 5963
2158 5769
2295 5788
2483 5823
2483 6079
2195 5769
2052 5347
1547 5187
305 6568
641 6585
678 6585
641 6673
192 6973
192 7063
192 7084
613 6750
423 7170
613 6892
613 7170
350 7148
540 7170
914 6415
837 6611
914 6550
845 6647
1127 6672
928 6782
1071 6737
1027 6782
1027 6930
1027 7080
770 6585
1816 6548
1789 6719
1789 6821
1672 6908
1672 7060
2037 7110
1426 7135
1759 7135
1672 6938
2502 6518
2502 6668
2296 6926
2186 7025
2296 7025
2410 7031
2460 7031
2307 6831
2259 7239
2410 7239
2374 7239
2251 7290
2656 7266
2552 7276
2636 7276
2611 7276
2623 7276
2623 7322
2410 7192
1672 7135
2032 7135
430 7595
320 7684
149 7794
764 7782
320 7794
452 7933
93 8281
440 8293
187 8393
327 8393
341 8293
452 8251
840 7515
840 7606
840 7627
840 7697
840 7731
837 7754
452 7860
602 7860
1143 7974
698 8012
689 8028
689 8142
689 8320
764 7860
898 7974
1143 8022
1143 8268
1183 7974
764 7974
764 8012
96 8730
63 8780
52 8805
187 8482
74 8730
187 8789
483 8823
187 8592
79 9302
145 9378
132 9411
79 9411
132 9864
132 9914
52 9021
211 8823
586 9102
562 9189
620 9189
586 9189
818 8618
843 8618
1037 8618
1049 8664
1159 8694
790 8911
790 8999
740 9108
858 9203
1073 9203
1082 9274
1082 9454
740 9189
770 9203
1149 9652
652 9682
677 9682
989 9682
1036 9682
1082 9652
584 9856
841 9682
586 8823
187 8730
1476 7475
1504 7539
1716 7619
1569 7619
1609 7619
1757 7647
1841 7664
1504 7619
1460 8038
1841 7916
1841 8038
2596 7664
2434 7664
2322 7664
2251 7664
2169 7664
2613 7689
2322 7731
2153 8018
2322 8018
2458 8018
2091 8031
2091 8116
2322 7880
1987 7664
1402 8352
1402 8369
1315 8631
1544 8631
1783 8586
1667 8631
1710 8586
1768 8586
1793 8586
1667 8719
2091 8214
2367 8414
2091 8414
2046 8522
2025 8583
1402 8631
2329 8414
2610 8478
2559 8478
2487 8478
2396 8478
2639 8570
2025 8551
1667 8721
1607 9001
1588 9114
1607 9114
1435 9114
1394 9087
1860 9114
1402 9446
1562 9467
1647 9353
1647 9367
1647 9463
1620 9463
1488 9467
1453 9467
1453 9630
1453 9752
1755 9752
1588 9251
2286 8971
2115 8974
2231 8980
2255 8980
1983 9321
2255 9088
2167 9328
2255 9438
2255 9471
2480 9471
2255 9851
2728 9418
2626 9418
2568 9418
2568 9462
2255 9924
2255 9328
1973 9183
1607 8866
2046 8429
1292 8694
2251 7438
914 6647
2122 4379
3076 90
3076 135
3048 262
3076 262
3110 440
3110 644
3110 686
3137 819
3137 1014
3137 937
3005 1127
3420 1196
3273 1277
3091 1127
3383 1277
2879 1127
3091 1277
3137 790
3655 242
3765 101
3765 242
4082 53
4084 53
4209 53
3985 74
4023 74
4238 109
4238 239
3823 279
3878 510
4292 628
4334 388
4304 628
4334 435
4389 759
4416 799
4597 815
4535 815
3971 628
4334 628
4100 1197
3679 1353
3679 1369
3966 1197
4513 1211
3498 1196
4213 1217
4266 1217
4100 1276
4098 1292
4100 1217
4670 815
3679 1197
4822 522
4841 592
4972 592
4687 592
4670 926
4758 928
4894 1100
4927 1127
4927 1132
4927 1252
4911 1262
4809 1262
4807 1100
4439 815
5330 137
5198 137
5538 257
5257 380
5257 424
5538 144
5538 230
5707 257
5510 331
5375 331
5330 331
5256 491
5655 654
5328 667
5382 667
5382 769
5382 1134
5382 1214
4841 551
5256 592
4535 966
3841 1617
3375 1750
3162 1750
3656 1852
3656 2095
3662 2388
3382 2391
3662 2289
2816 2725
2892 2725
2931 2725
2808 2996
2808 3042
3010 3090
2886 3090
2848 3090
2848 3242
2808 2934
3455 2582
3455 2806
3455 2898
3583 3124
3415 3090
3455 2935
3415 3148
3675 3193
3413 3269
3455 3090
3241 3090
3382 2453
3913 1591
3968 1591
4285 1592
4466 1597
4414 1597
4414 1655
4414 1829
4428 1833
4428 1936
4623 2084
4529 2084
4428 2084
4086 1534
4902 1623
5012 1635
5839 1682
5368 1717
5228 1717
5190 1927
4850 2024
4924 2024
4935 2024
5060 2024
5190 2024
4850 2084
5190 1808
5012 1717
5190 1717
5919 1696
5523 2012
5691 2049
5522 1858
4663 2084
4084 2809
4143 2853
4143 2995
4562 2710
4648 2710
4383 2710
4383 2853
4383 2974
4284 2853
4143 3057
4079 3333
4143 3258
4998 2270
5355 2356
5203 2453
5003 2446
5127 2505
5124 2554
5355 2453
5475 2356
5292 2453
5127 2453
5368 2522
4745 2712
4717 2712
4825 2763
5103 2798
4841 2873
5103 2784
5103 2873
5020 2873
5371 2875
5288 2926
5288 2875
5106 2926
5525 2768
5525 2837
5162 2926
4841 2923
5027 3296
5162 3296
5534 3296
5027 3324
5027 3352
5162 3083
5103 2593
4383 3001
4850 2212
3656 1750
4086 1591
6336 50
6381 50
6219 230
6219 490
5990 663
5927 677
6064 663
6173 902
6064 789
6064 902
6306 1013
6444 1013
6173 1013
6173 1086
6060 1086
6185 1300
6432 1300
6185 1270
6196 663
6761 214
6761 282
6828 282
6919 282
6909 483
6929 471
7081 471
6919 471
7395 82
7812 392
7905 392
7336 379
7180 379
7149 437
7430 473
6879 483
6876 655
6913 738
7044 742
7238 742
7273 742
7301 742
7390 742
6933 1164
7350 1148
7044 811
6894 1237
6894 1284
7006 1284
7044 1148
6876 737
8090 212
7430 188
7616 473
8078 392
8090 392
7430 379
8117 503
8117 539
8117 898
8117 1035
8117 931
7812 473
6653 1300
5874 1603
6336 1604
5640 1682
5874 1682
6241 1647
6110 1696
5919 1818
6000 1951
6222 2065
5989 2122
6290 2065
6290 2227
6388 2241
6299 2241
6537 2065
5919 1910
6676 1815
6676 1941
6676 2065
6774 2069
6793 2177
6000 2065
6391 2564
6299 2607
6199 2701
6299 2701
6463 2598
6508 2627
6572 2646
6572 2691
6299 2507
6530 2960
6844 3015
6713 3149
6530 3149
6379 3231
6319 3231
6053 3231
6572 2904
6299 2564
7026 1625
7008 1445
7045 1637
7292 1705
7045 1793
6974 1876
7389 1560
7384 1705
7652 1705
7384 1623
7428 1819
7428 1858
7406 1893
7428 1705
7736 1525
7679 1525
7679 1628
7180 1705
8218 1710
7847 1710
7679 1705
7730 1853
7730 1855
7784 1878
7730 1710
7045 1705
7224 2317
7007 2471
6974 2566
6974 2023
7445 2317
7304 2317
7500 2384
7809 2242
7590 2384
7631 2519
7224 2471
7946 2155
7946 2225
7871 2242
7918 2247
7946 2247
7946 2316
7946 2364
7946 2496
8022 2584
7946 2368
7631 2384
6974 2471
7130 2990
7120 2990
7075 2990
6954 2990
7156 2990
7442 3003
7172 2990
7301 2990
7418 2990
7442 3137
7534 3327
7779 3327
8022 2862
7912 3034
7779 3034
8039 3043
8071 3127
7779 3260
7442 3327
7286 3327
8022 3034
6802 3149
7008 1625
8598 232
9019 415
8311 232
9019 53
9019 350
8873 415
8619 415
9148 442
8542 1148
8661 1256
8907 895
8784 1038
8784 1103
8847 1103
9039 1011
8784 1256
8788 1286
8542 1256
9148 681
9132 1011
8907 1011
8513 1642
8399 1642
8542 1532
8542 1436
8542 1568
8368 1710
9148 1011
9620 121
9523 188
9523 180
9897 742
9737 492
9897 492
9492 494
9492 571
9470 644
9523 492
9897 850
9512 1064
9755 1187
9755 1176
9897 973
9897 1176
9492 494
9880 1393
9512 1187
9643 1187
9458 1410
9458 1444
9560 1626
9458 1626
9415 1626
9458 1427
9300 1022
8404 2037
8694 2037
8799 2037
8404 2194
8799 2278
8404 2537
8404 2778
8520 2908
8404 2875
8404 2908
8404 3014
8454 3210
8454 3079
8879 2724
8680 2773
8676 2868
8623 2895
8404 2531
9672 2241
9077 2174
9415 2289
9415 1788
9264 2463
9171 2463
9138 2463
9116 2552
9116 2655
9116 2724
9171 2398
9803 2123
9803 2154
9408 2289
9762 2241
9803 2241
9847 2588
9847 2652
9847 2678
9706 2724
9842 2413
9556 2289
9340 3285
9139 3285
9123 3330
9523 3102
9585 3102
9613 3102
9397 3150
9877 2944
9706 2891
9847 3030
9692 3070
9746 3393
9692 3102
9123 3285
9706 3030
8842 2724
9171 2289
7872 1710
5522 1717
3719 3646
3179 3672
3339 3724
3613 3700
3719 3700
3579 3739
3472 3739
2971 4156
3390 4181
3310 4194
3151 4194
2989 4194
3310 4383
3743 3802
3756 4072
3756 4096
3712 4165
3929 4228
4169 4071
3619 4165
4169 4129
4282 4129
3712 4228
3823 4072
3428 4572
3387 4572
3355 4770
3370 4770
3558 4768
3398 4768
3387 4768
3387 4655
3488 4768
2876 5189
2927 5270
3650 4768
3488 4902
3488 5046
3488 5107
3488 5308
3385 5317
3140 5317
3460 5317
3488 4976
4036 4681
3859 4721
3885 4721
4036 4721
4036 4799
4036 4859
3973 4886
3928 5038
3781 5132
3768 5132
3725 5132
3928 5119
3488 5002
3310 4572
4666 3758
4623 3758
4524 3758
4840 3904
4753 3904
4666 3904
4649 3990
4534 4129
4649 4128
4649 4129
4672 4188
5027 3463
5158 3574
5080 3574
5027 3574
5158 3648
5158 3793
5190 3793
5158 3684
5265 3955
5172 3942
5190 3859
5190 3942
5297 3998
5297 4076
5104 3942
4880 3942
4397 4458
5070 4468
4661 4476
4441 4476
4441 4573
4460 4795
4653 4885
4460 4945
4476 4964
4638 4964
4476 5196
4476 5038
4549 5196
4441 4761
4847 4468
4781 4468
4672 4269
5070 4660
5135 4837
5135 4857
5110 5037
5050 5037
4958 5037
5110 4940
4948 5049
4896 5066
5186 5037
5632 5140
5135 4738
4672 4468
4057 4228
3116 5563
3270 5563
3281 5563
3067 5694
3067 5844
3460 5447
3460 5528
3067 5563
3311 5563
3381 5546
3446 5546
3446 5686
3767 5719
2907 5563
3057 6079
3523 6084
2999 6134
2936 6198
2829 6198
2829 6304
2829 6767
2807 7027
2807 6778
3742 6084
3057 6084
3276 6084
3934 6137
3401 6535
3401 6552
3758 6343
3758 6480
3752 6519
3725 6642
3653 6642
3628 6642
3653 6906
3557 6559
4129 6164
3718 6084
3067 5959
4595 5640
4228 5804
4325 5738
4102 5921
4102 5940
4102 6137
4223 6164
4244 6164
4129 6170
3785 6137
4760 5640
4707 5640
4584 5804
4787 5700
4358 5804
4584 5889
4325 5804
4284 6499
4549 6499
4244 6298
4553 6518
4494 6821
4455 6823
4404 6841
4284 6841
4272 6858
4189 6858
4284 6705
4986 6426
4740 6535
4881 6582
4881 6872
4764 6872
4603 6518
4244 6499
5176 5961
5163 5986
5066 6068
5121 6068
5163 6068
5032 6366
5163 6185
5303 6428
5058 6708
5303 6570
5250 6827
5251 6996
5250 6708
5163 6366
4881 6535
3785 6230
3460 5413
5767 3540
5767 3561
5981 3576
5767 3650
5848 3650
5937 3650
5722 3752
5722 3964
5758 3964
5588 4163
5805 3964
6066 3964
5588 3964
5588 4108
5722 3828
5769 4473
5712 4473
5769 4545
5769 4629
5762 4629
5853 4684
5887 5010
5593 5140
5451 5140
5293 5140
5632 5324
6268 4854
5588 4266
6810 3708
6674 3747
6802 3708
6674 3708
6674 3768
6674 3816
6617 3883
6500 3883
6393 4322
6617 4238
6912 4238
6736 4238
6617 3957
7096 3617
7244 3617
7261 3617
7280 3665
7302 3665
7280 3750
7280 3826
7537 4054
7404 4054
7151 4238
7404 4238
6532 4322
6146 4854
5887 4854
6268 4924
6622 4634
7010 4963
7230 4963
6886 4963
6772 4963
6885 5328
7005 5358
6885 5358
6870 5458
6644 5458
7061 5461
6772 5265
6472 5068
7448 4662
7373 5022
7701 5108
7482 5105
7448 5105
7448 5022
7448 4866
7326 5204
7417 5158
7849 4874
7849 4959
7513 5108
7849 5108
6622 4963
6532 4596
6268 5068
5938 5661
5713 5661
6244 5598
6318 5598
6010 5672
6119 5770
6244 5770
6244 5886
6221 5943
5641 5721
6177 5972
6077 6168
5942 6168
5877 6168
6077 6168
6177 6168
5676 6400
5708 6400
5757 6400
5920 6400
6219 6184
5986 6400
5889 6670
5952 6582
5889 6731
6381 6841
6218 6841
6100 6841
5889 6841
5952 6670
5986 6476
6644 5543
6680 5808
6484 5886
6687 5988
7018 6022
7287 5758
7339 5758
7353 5758
7353 5918
7353 5922
6908 6022
7389 6139
7462 5922
7085 6087
7389 5922
7220 6186
7288 6186
7149 6186
6745 6022
7896 5855
7825 5855
7750 5855
7702 5855
7615 5922
7352 6186
7010 6515
6881 6700
6948 6700
7010 6700
7010 6547
7136 6700
7136 6746
6866 6831
7136 6805
7352 6422
7382 6477
7573 6497
7565 6497
7439 6497
7439 6724
7414 6746
7439 6746
7446 6882
7537 6882
7678 6882
7724 6882
7439 6608
7301 6746
7352 6399
6680 5886
6680 5668
5887 5140
2996 7134
3011 7134
3111 7188
3111 7285
3111 7367
3111 7472
3022 7483
3022 7483
3178 7472
3184 7756
3022 7712
3061 7756
3252 7756
3061 7798
3061 8044
3230 8044
3061 7916
3252 7832
3565 7161
3661 7304
4025 7193
4025 7276
4025 7319
3945 7319
4025 7572
3915 7730
3823 7730
4025 7730
4094 7847
3565 7304
3337 7472
3048 8148
3048 8441
2969 8500
3052 8630
3052 8762
3170 8762
2934 8933
3444 8410
3444 8441
3444 8482
3444 8654
3425 8665
3265 8665
3265 8751
3488 8654
3492 8886
3524 8909
3492 8909
3489 8928
3358 8928
3488 8814
3052 8933
4295 8351
3972 8471
4036 8471
4014 8562
3987 8653
3844 8654
3844 8985
3896 8987
3844 8897
3716 8654
3457 9437
3002 9645
3358 9437
3253 9645
3193 9645
3559 9437
3619 9445
3591 9445
3621 9523
2781 9645
4088 9566
3882 9523
3697 9523
4011 9625
4038 9625
4038 9650
4038 9902
3966 9625
3358 9108
3048 8500
4325 7735
4527 7735
4644 7735
4302 7867
4357 8090
4302 8090
4295 8138
4207 8351
4764 7080
4734 7461
4864 7555
5053 7555
4683 7555
4734 7555
5343 7555
5431 7380
4668 7555
5343 7694
5362 7722
5271 7853
4302 7735
4749 8249
4686 8328
4917 8213
4891 8249
5499 7972
5216 8117
5362 7853
5362 7972
5362 8202
5542 8345
5386 8345
5045 8117
5362 8117
4302 7858
4320 8664
4320 8749
4613 8626
4686 8618
4686 8618
4487 8648
4749 8704
4571 8648
4571 8873
4571 8922
4482 9023
4584 9023
4669 9023
4571 9011
4584 9179
4584 9259
4618 9438
4584 9128
4993 9090
5099 9090
5131 9090
5099 9269
4873 9090
4571 9023
4792 9662
5033 9662
4807 9662
4793 9662
4793 9807
4793 9853
5350 9787
5510 9787
5346 9787
5110 9787
5520 9805
5520 9923
4685 9515
4749 8618
4036 8501
5897 7275
5811 7350
5866 7350
5897 7350
6182 7706
6101 7706
6021 7706
5944 7706
6101 7745
5944 7832
5866 7467
6426 7338
6426 7460
6426 7542
6426 7557
6426 7706
6454 7729
6457 7873
6361 7706
6058 8197
5976 8288
6047 8288
5976 8522
5806 8366
5976 8366
6093 8522
5976 8617
5976 8731
6439 8070
6897 8011
6373 8263
6311 8300
6311 8386
6164 8518
6288 8518
6311 8299
6288 8623
6789 8011
6683 7662
6688 7545
6806 7545
6940 7466
7013 7466
7078 7466
7078 7557
6925 7545
7399 7405
7399 7449
7399 7557
7465 7577
7465 7693
7468 7725
7667 7176
7667 7577
7667 7582
7724 7582
7487 7577
7207 7557
6603 8011
6532 8011
7189 8228
7086 8228
6457 8011
6897 8141
6914 8293
7189 8343
7189 8390
7025 8167
6832 8655
6834 8739
6832 8714
7385 7962
7548 7905
7468 7760
7331 7990
7468 7905
7733 8065
7340 8542
7437 8650
7879 8697
7569 8697
7566 8697
7496 8697
7189 8173
7189 8516
7733 8007
6914 8167
6037 9219
5984 9234
6037 9234
6180 9234
5931 9460
5894 9460
5894 9581
6041 9718
5894 9718
5931 9428
6270 9234
6540 9322
6648 9158
6316 9322
6431 9322
6559 9322
6648 9322
5931 9234
6431 9628
6346 9789
6563 9797
6563 9818
6402 9818
6346 9818
6346 9640
6270 9322
7398 9164
6881 8944
7146 9107
7416 9212
6698 9424
6976 9434
6850 9478
6850 9581
6905 9587
7470 9763
7222 9763
6856 9587
6983 9763
6983 9891
7246 9763
7528 9763
7528 9889
7010 9348
6850 9434
7010 9107
5662 8357
4764 7251
8440 3545
8375 3545
8375 3617
8337 3617
8216 3617
8701 3545
8926 3707
8918 3745
8770 3809
8701 3773
8770 3773
8598 3545
8463 4118
8373 4118
8289 4118
8556 4142
8463 4142
8630 4148
8289 4153
8455 4355
8342 4355
8455 4384
8455 4464
8289 4299
8770 4148
8770 3902
8831 4362
8791 4228
8678 4148
8194 4902
8194 4911
8044 5000
8121 5000
8194 5000
8194 5161
8286 5270
8286 5394
8181 5440
8386 5270
8467 4553
8467 4726
8873 4758
8968 4800
8968 4832
9046 4832
9119 4832
8430 5270
8504 5270
8724 5341
8744 5341
8952 5341
9049 5341
8814 5474
8744 5459
8646 5459
8836 5494
8744 5344
8952 4943
8286 5325
8467 4758
9504 3560
9594 3693
9504 3682
9449 3682
9781 3693
9243 4589
9325 4589
9594 3993
9594 4170
9594 4272
9508 4505
9508 4589
9679 4676
9723 4676
9382 4589
9508 4272
9723 4858
9624 4953
9723 4953
9762 4953
9561 5479
9531 5479
9762 5162
9762 5260
9272 5433
9762 5465
9705 5479
9284 5479
9381 4953
9723 4746
9176 4662
7952 5880
8091 5927
8276 5877
8276 5775
8528 5846
8176 5877
8476 5879
8476 5884
8310 5879
8153 5927
8384 6260
8537 6260
8289 6260
8390 6141
8739 6260
8390 6260
8537 6407
8537 6601
8526 6601
8289 6276
8476 6082
8884 5991
8901 6018
9056 6028
8934 6310
9056 6126
9056 6310
9168 6325
9288 6236
9096 6325
9624 5735
9688 5777
9428 6236
9387 6236
9688 6174
9688 6035
9688 5924
9688 6236
9168 6325
9095 6519
9062 6548
9062 6621
9062 6722
9148 6722
9294 6667
9335 6613
9294 6613
9770 6613
9294 6635
9294 6663
9270 6722
9168 6480
8289 6439
8646 5667
8062 7058
8062 7187
8062 7521
8453 7594
8899 7457
8175 7594
8062 7594
9343 7097
9007 7103
8810 7103
8899 7103
8767 7103
8899 7399
8723 7457
8613 7457
8770 7457
8788 7457
8788 7596
8781 7634
8781 7682
8803 7687
9079 7687
9137 7687
8781 7659
8899 7352
8564 7594
9940 6986
9878 6991
9270 6870
9270 7097
9818 6993
9740 7054
9665 7171
9715 7171
9715 7238
9715 7266
9715 7359
9458 7144
9818 7689
9509 7763
9716 7763
9818 7763
9818 7595
9458 7171
8803 7845
8683 8076
8540 8076
8444 8076
8290 8076
8287 8130
8232 8177
8221 8197
8221 8373
8221 8487
8695 8786
8221 8823
8221 8913
8662 8565
8891 8578
8699 8578
8699 8772
8530 8786
8221 8739
8695 9010
8221 8786
9372 7996
9143 8217
9295 8217
9802 8181
9379 7998
9379 8339
9379 8217
9151 8676
8964 8509
9800 8227
9582 8227
9800 8330
9800 8338
9919 8338
9919 8554
9800 8554
9919 8487
9977 8588
9379 8227
9413 8918
9135 8918
9151 8918
9352 8918
9513 8918
9820 8971
9143 8509
8803 8017
8277 9596
8254 9498
8107 9498
8476 9596
8107 9698
8512 9328
8263 9498
8649 9596
8053 9771
8066 9925
8348 9925
8455 9925
8053 9925
8834 9437
8734 9437
8649 9328
8840 9444
8649 9437
8588 9596
8954 9450
8954 9506
9077 9844
8649 9680
9408 9844
9266 9844
9820 9255
9820 9385
9840 9416
9840 9613
9840 9644
9332 9844
9652 9844
8954 9844
9820 9175
9458 7258
7983 5927
5027 3434
2750 5003
edges
2633 1372
2009 405
2586 1486
2588 797
2794 1726
2969 982
2767 25
2565 1614
2637 1644
2766 1814
2069 1616
2012 1064
2767 1062
2944 988
2587 1018
2944 367
2010 1228
2793 1580
2067 145
2589 1663
2788 1420
2793 487
2565 1279
2068 1528
2584 1856
2070 200
2590 612
2632 608
2591 1457
2069 1174
2969 351
2000 1278
2070 1175
2566 1423
2633 1261
2785 1207
2021 1912
2941 1981
2637 1568
2816 569
2943 278
2971 898
2012 1141
2817 1254
2970 1609
2022 1077
2022 992
2072 279
2816 1339
2073 1332
2785 666
2638 1677
2768 890
2084 1055
2943 701
2592 249
2583 341
2011 1459
2000 1061
2974 747
2639 62
2567 181
2567 725
2593 308
2787 456
2593 924
2024 804
2786 1994
2583 1761
2025 816
2001 1364
2019 24
2641 1943
2945 377
2027 781
2797 1710
2002 65
2796 1164
2635 948
2795 1906
2596 1401
2074 1508
2819 1291
2640 936
2077 846
2946 123
2947 381
2636 312
2598 515
2639 1872
2798 772
2076 1082
2569 1562
2948 1587
2594 978
2618 387
2016 169
2074 450
2790 1697
2818 1002
2003 1600
2800 1732
2791 937
2769 1527
2643 782
2973 1199
2985 1084
2975 524
2770 958
2799 157
2822 102
2020 1550
2014 1239
2789 1915
2594 1845
2618 985
2827 1641
2823 509
2015 1714
2077 1307
2650 1718
2004 862
2017 1448
2976 1170
2081 563
2644 13
2621 184
2620 1688
2018 795
2078 235
2597 1138
2006 1626
2570 1930
2977 1473
2595 112
2977 1522
2644 1289
2801 609
2784 86
2080 331
2645 656
2079 1224
2771 1793
2959 869
2571 1702
2771 1790
2075 1716
2026 654
2807 1659
2026 463
2804 1613
2815 546
2802 1021
2805 55
2972 641
2599 48
2806 417
2097 64
2647 627
2774 1531
2582 54
2807 183
2600 694
2601 1493
2810 742
2631 172
2572 1086
2028 1815
2603 590
2777 1041
2007 1019
2979 1733
2008 1243
2951 269
2018 1426
2773 729
2094 1432
2951 236
2824 3
2775 664
2622 661
2087 774
2623 607
2826 1480
2574 860
2091 428
2032 137
2652 204
2983 522
2093 1984
2960 1976
2952 583
2776 705
2573 809
2092 107
2995 652
2086 1348
2825 1927
2952 7
2980 559
2780 1622
2949 1227
2780 1918
2031 1104
2624 1636
2954 1842
2575 413
2777 1620
2095 759
2630 1621
2580 775
2625 173
2955 941
2626 580
2648 1298
2825 1896
2580 1922
2610 406
2809 1221
2949 1099
2030 1304
2033 930
2088 1293
2030 343
2808 366
2033 1592
2605 30
2982 1133
2984 126
2047 71
2988 808
2576 452
2608 1544
2609 1780
2649 790
2611 677
2096 548
2811 1
2049 1485
2627 633
2950 1941
2629 409
2783 1923
2613 1078
2579 2
2047 356
2813 888
2957 345
2614 411
2577 146
2957 1623
2048 1502
2049 1390
2828 516
2051 35
2782 1746
2046 784
2628 339
2612 1103
2089 1519
2781 1678
2809 1717
2606 105
2607 1998
2649 1988
2986 1605
2989 704
2090 493
2994 1509
2965 1735
2090 185
2990 1740
2870 84
2581 380
2830 1388
2035 332
2607 1935
2064 1186
2884 987
2629 251
2036 1131
2883 1851
2963 495
2037 1120
2104 205
2883 1593
2964 14
2695 1752
2038 166
2829 1203
2059 1703
2875 570
2875 1647
2966 1460
2042 1037
2053 1919
2059 335
2686 213
2696 1576
2655 1877
2683 1007
2685 28
2686 588
2060 1273
2700 209
2829 162
2830 940
2986 1607
2065 622
2993 472
2052 1437
2653 1931
2831 1579
2887 1886
2696 853
2878 788
2869 926
2991 903
2885 371
2940 1965
2697 97
2845 1438
2871 619
2962 239
2833 1706
2688 1450
2886 1209
2698 624
2041 1887
2834 1964
2877 1060
2888 934
2699 50
2967 1655
2099 1953
2103 1682
2709 353
3053 999
2055 1781
2654 602
2991 1476
2872 1097
2063 0
3017 1422
2873 873
2036 334
2708 292
2845 688
2057 1525
2835 1816
2879 1340
2689 1013
2690 834
2045 981
2656 670
2890 564
2891 757
2714 1172
2880 1514
2058 1536
2874 975
2892 724
2881 1366
2844 46
2892 993
2701 1416
2691 1433
2058 375
2846 1810
2836 1804
2105 1303
2704 1281
2881 1009
2684 358
2108 352
2107 1711
3025 1125
2996 763
2998 445
2043 900
2712 283
2837 8
2703 1487
2898 59
2702 1675
2706 579
2997 1564
2098 1492
2713 630
2655 1654
2692 861
2843 1497
2100 974
2848 1619
2102 779
2715 1478
2657 686
2044 537
2106 1847
2906 1926
2044 1383
2899 1153
2838 1453
3025 1758
2705 1826
2693 231
2694 1573
2713 1673
3026 636
2906 1743
2101 15
3015 176
3015 908
2849 927
3014 954
2999 490
2763 1916
2222 621
2902 1212
2907 1338
2840 865
2841 1875
3028 1421
2908 574
2909 1727
2728 859
3000 87
2162 1506
3000 1274
2900 526
2660 674
3035 887
2730 517
2849 540
2161 20
2841 410
2109 880
2735 148
2911 85
2895 460
2729 1501
3027 1578
2163 901
2735 26
2912 1776
2915 348
2838 1599
2901 1314
2903 593
2658 1779
2659 128
3024 1738
2721 402
2165 439
3034 1602
2164 215
2731 397
2111 820
2682 1598
2736 1132
2171 605
3020 551
2221 826
3018 734
2172 1656
2896 523
2110 1772
2913 109
2732 1838
2859 1399
2109 131
2904 1828
2738 1753
2738 476
3018 114
2166 228
3013 716
2157 1205
3001 1167
3021 1843
2171 721
2733 1515
2161 1585
2112 1615
2851 91
2897 1801
2905 1552
2113 154
2122 1628
2671 1958
2914 919
2897 1187
3030 663
2904 1220
2719 81
2761 1785
2855 1280
2661 1024
2852 1130
2158 751
2856 783
2123 1795
2857 506
3031 1000
3022 389
2739 448
2124 201
3032 88
2858 806
2716 182
2175 464
2175 1970
3051 324
2853 1115
2160 561
2662 1083
2720 1520
2740 1309
2854 998
3023 1512
3033 1044
2663 1067
2663 956
2220 1518
2114 1069
3009 260
2751 325
2741 1731
2853 1612
2159 1608
2167 227
2125 944
2751 970
3010 831
3002 1119
2120 1147
2744 1932
2742 1649
2672 505
2716 1668
2168 1048
2752 502
2724 911
2749 1387
2121 1645
2930 684
2126 749
3011 925
2746 189
2747 1359
3004 1944
3044 116
2118 1079
3012 1836
2673 82
2867 769
2115 1860
3003 916
2754 274
2926 1109
2750 679
2116 301
2918 542
2925 843
2670 338
2676 1794
2195 195
3043 430
2193 871
3043 1324
2119 1696
2920 1419
2860 1171
2192 1490
2194 108
2723 1741
2932 376
2921 965
2922 1198
2182 1100
2718 1725
2664 792
2762 503
2754 471
2748 1791
2923 1451
2666 989
2924 1900
3006 1824
2861 178
2120 1287
3045 599
2134 421
2931 1455
2665 1589
2933 1317
3039 536
2762 1591
2725 425
3046 427
3008 644
2192 1786
2760 514
2681 127
2667 1211
3040 1425
2866 58
2176 69
2674 754
2934 678
2927 841
2677 1330
2862 1336
3042 1238
2934 11
2183 1136
2939 1408
3041 1665
2135 74
2919 997
2937 273
2678 284
3007 1888
2128 1344
2865 1347
2669 1257
2184 518
2727 1354
2935 246
2156 1511
3049 420
2679 984
2757 1148
2178 929
2189 1505
3037 946
2864 1315
2755 528
3036 403
2757 1417
2176 443
2141 1047
2758 51
2928 1704
3038 120
2866 1569
3038 259
2929 796
3007 615
2726 1252
2187 592
2937 1218
2188 1072
2759 329
2726 1158
2185 870
2678 36
2155 47
2191 198
2669 1430
3047 40
3047 920
2679 722
2141 1248
3996 1190
3724 347
3124 98
3263 1975
2136 1400
2179 174
2180 562
3055 1434
2142 1236
2197 1689
2186 401
3783 171
2181 1876
3125 1023
2143 741
3723 1285
3265 1367
2130 921
3304 606
3263 1818
3056 250
3728 1764
3734 802
2138 1329
3783 1849
3264 1467
2191 1481
2139 915
3127 575
3265 1184
2198 1151
3126 1878
3727 1026
2140 812
3306 1106
3305 423
3725 785
3727 1684
3294 211
3293 272
3114 635
3304 879
3055 315
3128 1371
3267 297
3729 459
3786 675
2131 1137
3308 1345
3308 1045
3056 1144
3115 1855
3786 1076
2132 1398
3131 1823
3787 837
3058 220
3726 1840
3729 555
3291 1098
2144 90
2219 582
3291 939
3057 963
3268 1229
3060 905
3730 1065
3292 408
3309 1118
3269 1139
3113 1091
2147 1276
3295 803
3061 1404
2209 426
3732 179
3130 512
3129 1463
3115 1165
3068 1214
2215 1440
3731 1494
3296 1312
3310 1465
3277 151
2133 979
3116 1798
2199 363
2202 1937
2208 230
3274 771
3787 1913
2200 1950
3134 359
2214 825
3275 135
2152 1960
3298 433
3298 1475
3748 584
3117 811
2146 1071
2205 1116
2149 1729
2148 710
3133 1152
3132 263
3303 839
2150 314
3273 252
2154 1242
3271 1783
3139 538
3119 390
2210 1586
3790 1829
3136 1850
2218 1769
3062 282
3737 650
3138 1979
3073 986
3735 637
3311 1634
2216 1112
2151 587
2152 1146
3073 368
2154 1805
3078 1739
3274 164
3137 659
3078 1226
3311 1768
2133 1581
3070 473
2206 1318
3276 566
2203 326
2212 1066
3736 1989
2211 1661
3121 192
3120 529
3137 909
2212 1145
3738 414
2216 1557
2207 277
3740 438
3741 385
3062 571
3272 1163
3074 1454
3739 199
2207 70
3791 27
3302 556
3063 212
3076 1260
3123 733
3751 238
3065 1484
2153 521
2203 270
2294 1128
3299 1662
3072 953
3750 787
3313 92
3170 1185
3290 1204
3156 1277
3798 49
3077 379
3746 1326
3314 1382
3301 1760
3140 93
2251 530
3742 1812
3792 1765
3299 1827
3743 830
3749 1202
2223 971
2224 1402
3066 1749
2564 1439
3067 875
3744 494
2310 1996
3749 100
3154 412
2295 321
2226 1217
3141 1720
3278 354
3788 872
2310 706
3140 475
3745 1681
3155 1428
3279 63
3142 1560
2228 617
2251 1006
2223 1945
3793 1566
2227 217
3079 1370
3280 206
3762 1012
2311 1093
3079 483
3144 291
2230 1068
2252 554
2296 778
3789 422
3346 1652
3112 1447
3796 1904
2312 1232
2253 1179
2315 1216
2257 1610
3282 268
2314 465
3282 752
3319 994
3099 1914
3332 1156
2231 1529
2315 1750
2226 1948
3086 257
2316 1334
3157 1283
3332 474
3813 302
3083 1533
2317 362
3795 1978
3099 980
3283 1698
3797 1565
3101 1683
2297 1751
2313 44
3100 1157
3763 889
3752 1811
3168 549
3081 510
2300 660
2254 323
3812 1178
3320 152
2254 1292
3146 1479
3764 1871
3153 761
2234 807
2256 1754
3084 1095
3082 1391
2319 1642
3289 1990
2232 1126
2320 727
3145 1897
3090 384
3103 651
3765 280
2255 1057
2233 1259
3081 565
3768 1553
2298 243
3341 1161
3158 119
2234 1406
3316 591
3159 1853
3799 1495
3104 1961
3767 736
2299 669
3338 95
3341 1008
3811 1947
3146 1570
3105 1800
3091 640
3752 488
3753 1052
2259 392
3782 1532
3318 159
2240 1631
2302 601
3802 957
2321 1618
3163 1898
3780 1537
3147 1639
3811 186
3322 1969
3342 56
3321 76
2250 504
3149 1397
2241 1507
3098 1321
3754 1538
3755 552
3111 800
3997 500
2308 1627
3284 892
3162 1296
3285 1197
3333 1050
2322 818
3166 1458
3106 711
3151 1660
3092 611
3109 232
3164 1080
3800 360
3165 854
2242 1629
3331 991
2306 1883
3754 254
2301 370
2303 296
2262 1635
3335 1183
3093 1807
3334 1549
3347 1799
2243 454
3110 544
3107 1685
2304 646
3286 1535
3108 738
2235 1595
3430 1546
3343 1868
3340 437
3757 886
3109 1770
3805 1547
2236 735
3161 1803
2260 851
3088 1159
2236 1848
3152 547
3770 1025
3287 1027
3807 1946
3339 1813
3761 222
3152 1241
3339 1092
2237 1363
2343 1208
2307 32
3806 1985
3330 1672
3089 1378
3769 732
2307 1244
2249 527
3094 895
2246 884
2239 1559
3150 1584
2239 121
3096 1782
2263 748
3165 942
3288 451
3781 1715
3774 167
3324 1778
3095 1625
3774 1258
3771 1834
3779 1264
2342 1583
3288 533
3325 923
2245 1349
2248 1353
3344 864
3759 310
3803 1081
3262 1234
3807 821
3760 1342
3176 753
3328 1972
3327 1574
3777 689
3329 1551
3808 10
3213 1881
3775 1149
3329 1911
3809 466
2325 136
3778 407
2293 1409
2327 1952
3177 94
3184 1670
3760 41
3379 1168
3180 1464
3778 794
3171 1817
3172 756
2326 1272
3179 253
3804 762
3350 1977
3351 819
3810 1693
2264 75
2328 1561
3351 1193
2270 1917
3184 160
2276 342
2285 1910
3384 1310
3211 1893
3349 1111
2285 275
3221 293
2264 1939
3222 1373
3348 265
3867 545
3429 419
2341 223
3352 248
3182 156
2265 1521
2272 1632
3174 1385
2286 1792
3224 955
3386 553
2269 1376
2278 23
3183 1413
3357 311
3173 1200
3844 1087
3844 558
3398 1053
3213 1284
3817 281
2275 1470
3385 111
3835 190
2330 581
2329 767
2337 1266
3384 655
2287 1206
3353 649
2268 776
3817 22
3845 1963
2330 1028
2338 1730
2335 1117
3212 1483
3357 247
3380 1472
3225 623
3183 5
2339 1997
2292 1908
2275 858
3401 1822
3175 168
3818 210
2284 1362
3400 364
3399 1456
3224 307
3819 852
3822 1773
3814 882
3821 1603
3381 631
3226 103
2267 823
3387 614
3214 1300
3388 316
3402 1173
3850 1030
3815 333
3995 1666
3215 1251
3356 1859
2288 835
2333 383
3246 1938
3210 976
3246 1355
2334 1489
2333 765
3358 1690
3823 373
3247 1350
3382 1412
3391 68
2283 1674
3835 938
3209 662
3383 1056
3847 1687
3836 1121
3389 216
3837 595
3849 191
3186 1884
3189 1596
3248 596
3249 1253
2340 922
3185 225
3834 1405
3361 1907
3194 194
2279 634
3392 1268
2280 1839
3248 1993
3226 626
3360 357
3839 434
3196 1042
3187 1719
2336 947
3218 842
3197 720
3390 1395
3827 1286
2289 150
3217 1379
3359 1830
3219 9
3848 196
2291 1909
3368 133
3252 327
3395 891
3361 1040
3188 224
2266 395
3219 1630
3396 1327
2291 1411
2290 682
3261 1854
3826 149
3842 202
2282 118
3828 52
3368 1075
3824 1410
2340 1016
2281 1020
3833 1695
3394 1767
3230 731
3190 744
3851 1721
3838 322
3841 613
3397 1820
3843 143
3200 1394
3251 482
3198 1301
3365 214
3846 1039
3364 700
3427 531
3367 1059
3830 45
2357 829
3413 1747
3239 616
3253 501
3866 477
3404 207
3229 349
3415 1924
3366 573
3364 1181
3378 1033
2344 1542
3414 1873
3201 1933
3865 66
2368 134
2346 739
3866 824
2377 1015
3416 1802
3245 386
3244 1974
3404 1894
3415 1442
2377 681
3231 1755
3202 910
3853 355
3198 1249
3240 1700
3408 1734
2368 1305
3854 266
2359 1267
3199 492
2361 1699
3207 718
2344 1530
3255 77
3859 1269
3241 1049
3371 1831
2367 1038
3832 1679
3425 827
3832 1748
3861 393
2358 37
3860 319
3855 1122
3861 218
3409 12
3862 78
3205 1396
2360 1188
3203 1925
3405 1036
3863 203
3858 1496
2378 298
3370 1775
2361 1155
2347 497
3406 1346
3238 1381
3373 1648
3254 1392
2369 446
3857 1288
3418 1691
3377 967
3372 713
2363 396
3419 770
3232 1712
3426 1029
3831 1271
2351 158
3424 665
3856 1070
3191 672
3193 1001
2362 1295
3254 1031
3412 415
2370 1124
3232 836
3233 560
3256 780
2384 1891
3411 187
3234 193
3374 838
3237 80
3236 290
3896 687
3243 418
3373 1333
3412 845
3411 539
3422 702
2353 885
3868 110
3242 801
3206 416
2371 1134
3423 855
2379 695
3894 241
2365 139
2348 1443
3376 337
2376 1892
3877 508
3375 73
3424 513
2348 480
3894 645
3895 180
3898 952
3257 1874
3421 642
3257 431
2380 1319
3192 933
2383 1899
3192 142
3237 673
3206 1191
3899 117
3868 237
2372 1796
2349 1393
2383 586
2366 1882
3522 1962
2350 461
3875 1201
3879 1444
3628 918
3876 1034
2373 928
3431 1294
3432 1980
3449 1046
2374 1777
3640 1488
3431 197
3905 1471
2355 1590
3451 304
3449 1360
3879 161
2352 468
3900 1833
3640 1088
3869 1477
3433 1474
2395 1003
3451 847
2356 1971
3599 667
2387 1757
2389 440
3902 1705
2354 534
2385 1316
3529 1107
3588 1901
2392 600
3722 1110
3994 717
2389 625
3903 996
2397 132
3588 737
2391 907
3452 912
3434 972
2388 221
3450 1866
2375 271
2390 1215
3631 1297
3454 1713
3589 1664
2394 1073
2394 1213
3599 21
3994 1210
3591 470
3892 1233
3634 1594
3904 1563
3435 730
3589 893
3529 1606
3880 1862
3634 1572
3881 429
2562 961
2474 1231
3438 258
3883 1966
3635 288
3882 1127
3630 567
3600 1936
3523 697
2410 629
3629 1102
3598 489
3439 138
2474 1246
3872 1723
3437 1424
2478 511
3461 857
2410 1094
3870 703
2475 1166
3530 469
3601 814
3525 1640
3627 1322
3633 693
3526 170
3602 1825
3645 620
2398 968
2486 1880
3455 728
3644 917
3643 863
2476 388
3873 1160
2398 361
3642 481
3910 745
3885 1323
2411 676
3874 1991
2477 444
2412 604
3592 949
3886 1669
3524 867
2485 543
2479 1832
3891 805
3626 1386
2498 1177
3890 707
3514 244
3887 1837
2399 1014
3889 435
2490 881
3906 1143
3893 585
3643 1101
3638 350
3531 1263
2413 699
3594 374
3457 1543
3606 1992
3632 328
3441 104
3534 365
3532 1054
3639 1361
3604 1123
3456 589
2414 144
2491 1219
3907 951
3890 1545
3515 1844
3440 499
3596 764
2489 755
2481 1311
2415 1176
3443 1879
3626 1524
3661 758
3909 1867
2490 1658
3596 943
2401 336
3908 535
2400 1331
3444 1352
2400 1819
3871 129
3516 432
3533 394
3448 1510
3597 822
3907 122
3912 1821
3459 43
3533 1466
3548 639
3448 219
2417 868
3517 696
3605 1162
3597 1377
2497 424
3625 1032
3660 766
2427 340
2483 815
3447 1540
2494 1180
2403 1857
3915 457
3933 594
3617 378
3659 1380
3539 441
2424 1256
3457 973
2427 789
3662 899
3933 1351
3937 1846
3539 1468
3673 1617
3646 680
2419 16
3959 1534
2492 1575
2425 1973
2420 89
2495 1368
2482 1090
3446 19
3916 1967
3446 305
2429 1949
3664 1556
3616 876
3546 1889
2482 295
3913 1005
3936 1135
3535 42
2484 668
3518 913
2494 33
3647 462
3518 1921
3459 398
2496 1113
3540 1571
3917 638
3914 777
3520 894
3651 603
2421 1196
3462 1237
3655 1694
3671 1869
3664 320
2404 1806
3918 1482
3936 1934
3607 1022
3607 1756
3919 67
3543 1262
2408 1902
3537 817
2509 1461
3934 743
3935 491
3608 572
3943 1074
3649 840
3538 671
2409 709
3618 1449
2426 286
2404 520
3609 18
2405 447
3652 436
3623 1325
3619 449
2426 1808
2422 1787
2422 750
3536 628
3944 1523
2499 1920
3946 932
3938 404
3938 1446
3653 1452
3544 1407
3521 1797
2499 1182
3469 964
3721 1526
3945 1058
3611 1337
2500 242
3920 478
3620 1841
3484 833
3654 1265
2407 458
2510 1011
3545 541
3469 1499
3925 519
2506 382
2515 240
2560 799
3463 294
3470 155
3667 1633
3485 983
2516 1835
3485 1954
2517 1763
2519 1195
2433 683
3471 1369
3921 643
3949 1365
3464 950
3587 1928
3941 959
3672 1290
3621 1701
2512 1852
3613 1356
2505 610
3665 1736
3474 1722
2521 1890
3464 29
3948 1865
3487 1308
3925 1987
2520 828
2520 1554
3926 130
2513 1436
2507 578
3950 1686
2437 1759
2452 53
2503 1010
2451 1864
3614 1222
2450 442
3553 484
3586 101
3624 245
3551 233
3465 1680
3624 995
2501 31
3554 267
3666 1441
2502 1895
3488 1643
3493 1766
3656 1959
2453 188
3549 966
3473 1375
2472 726
2518 306
3668 1462
3940 798
2454 658
3670 657
3950 1951
3555 177
3948 786
3658 685
2561 1604
2508 1651
3669 557
2522 1771
2434 768
2430 17
3615 1389
3657 690
3930 369
3550 715
3475 723
3550 632
3467 165
3615 1968
3928 618
2431 61
3929 691
2435 1427
3555 99
2432 289
3482 866
3956 760
2436 1435
3923 1982
2445 1035
3667 262
2559 576
3557 507
3477 1784
2541 568
3492 318
3478 1169
3955 1650
2455 1282
3924 746
3953 906
3558 692
3481 226
3478 1708
3924 1788
3468 1255
2542 1728
3702 391
3468 1611
3569 1956
2541 1999
3957 1250
2542 1744
2543 1043
3490 647
3491 486
2456 990
2523 344
3931 931
3562 897
2527 1108
3931 83
3561 1358
3480 400
2444 163
3559 1114
3491 945
3953 698
3952 1653
3483 874
3685 1051
3559 1150
3692 1129
2527 1955
2546 1096
3571 1567
3569 313
3687 1905
2446 317
3703 1903
2457 935
3512 1445
2528 4
3566 1503
3567 1539
3675 208
3687 525
3701 1986
2447 1429
3993 849
2459 399
3563 1809
2558 914
2526 303
2448 1189
2447 1469
2553 877
2458 1302
3704 175
3675 115
2463 1774
3704 1192
3678 1742
3676 96
2540 550
3985 850
3564 1498
3570 287
3686 1225
2460 1541
3965 1431
3975 372
2438 1384
2545 977
3688 598
3690 1671
3973 1154
2547 1414
3965 577
3504 147
3718 1637
2531 1341
2439 896
2532 1235
2439 453
2554 1275
3986 72
3505 140
3570 791
3700 719
2441 793
3987 285
2552 6
3705 1313
2529 498
3494 1299
3684 1245
3706 1558
3499 810
3974 57
2548 1343
3565 902
3962 844
3976 309
3500 1582
2529 1491
3979 264
3680 153
2461 1513
3501 904
2471 1418
3679 1709
2555 1517
2534 79
2535 1516
2550 1957
3707 714
3966 1676
3961 496
2533 38
3980 1929
3585 883
3502 1063
2530 1017
2552 1601
3495 1500
3504 485
3506 1995
3681 856
3708 1737
3709 113
3963 1230
3978 300
3960 1105
2464 1762
3988 813
3503 1657
2465 467
3712 1789
3507 1004
3693 960
2537 124
3511 1667
3574 1646
3699 648
3989 106
3503 653
3509 1858
2464 1504
3497 60
3573 1270
3575 1555
3982 1597
2466 1724
3579 1707
3964 532
2467 1415
3716 141
3990 1745
3982 1588
3682 708
3710 1861
2539 597
3711 1885
3695 1577
3968 255
3580 1085
3582 1624
3694 479
3498 229
3695 1089
3581 1328
3583 1983
3577 740
3683 1306
3682 346
3698 969
3697 962
2538 1140
3984 832
2551 299
3983 1194
2468 234
3578 848
2470 1240
2442 712
3981 1940
3696 1223
2470 1247
3992 773
3991 261
3715 1403
3717 1548
2539 1863
3714 1692
3510 256
3971 276
2443 1335
3970 34
3717 1942
3584 125
2556 1320
3969 1142
3714 1374
2556 1357
2443 1638
3972 39
3510 330
3971 1870
3584 455
3578 878
2001 2000
2002 2001
2005 2002
2015 2003
2005 2004
2020 2005
2008 2006
2032 2007
2007 2008
2010 2009
2029 2010
2029 2011
2009 2012
2014 2013
2003 2014
2016 2015
2004 2016
2013 2017
2017 2018
2013 2019
2006 2020
2025 2021
2021 2022
2027 2023
2023 2024
2024 2025
2028 2026
2011 2027
2023 2028
2019 2029
2034 2030
2066 2031
2034 2032
2066 2033
2031 2034
2039 2035
2035 2036
2040 2037
2037 2038
2042 2039
2065 2040
2040 2041
2038 2042
2045 2043
2043 2044
2041 2045
2039 2046
2048 2047
2051 2048
2050 2049
2064 2050
2050 2051
2053 2052
2054 2053
2055 2054
2056 2055
2063 2056
2056 2057
2057 2058
2060 2059
2061 2060
2062 2061
2222 2062
2061 2063
2054 2064
2052 2065
2046 2066
2073 2067
2067 2068
2068 2069
2071 2070
2084 2071
2071 2072
2072 2073
2079 2074
2083 2075
2083 2076
2078 2077
2082 2078
2075 2079
2081 2080
2082 2081
2097 2082
2080 2083
2076 2084
2093 2085
2094 2086
2086 2087
2087 2088
2088 2089
2089 2090
2085 2091
2085 2092
2095 2093
2092 2094
2096 2095
2104 2096
2091 2097
2108 2098
2098 2099
2099 2100
2100 2101
2101 2102
2107 2103
2103 2104
2106 2105
2102 2106
2105 2107
2062 2108
2110 2109
2111 2110
2112 2111
2113 2112
2114 2113
2127 2114
2126 2115
2127 2116
2116 2117
2117 2118
2118 2119
2119 2120
2115 2121
2158 2122
2221 2123
2123 2124
2124 2125
2125 2126
2121 2127
2129 2128
2134 2129
2155 2130
2130 2131
2131 2132
2132 2133
2117 2134
2128 2135
2156 2136
2138 2137
2139 2138
2136 2139
2137 2140
2142 2141
2143 2142
2144 2143
2137 2144
2147 2145
2145 2146
2140 2147
2146 2148
2145 2149
2149 2150
2153 2151
2151 2152
2148 2153
2150 2154
2135 2155
2129 2156
2170 2157
2159 2158
2160 2159
2169 2160
2170 2161
2173 2162
2173 2163
2163 2164
2164 2165
2157 2166
2168 2167
2220 2168
2167 2169
2169 2170
2172 2171
2174 2172
2166 2173
2165 2174
2174 2175
2177 2176
2179 2177
2188 2178
2198 2179
2181 2180
2219 2181
2183 2182
2196 2183
2196 2184
2186 2185
2187 2186
2178 2187
2177 2188
2190 2189
2185 2190
2190 2191
2193 2192
2194 2193
2195 2194
2197 2195
2189 2196
2184 2197
2180 2198
2217 2199
2201 2200
2218 2201
2201 2202
2204 2203
2205 2204
2217 2205
2204 2206
2206 2207
2202 2208
2208 2209
2209 2210
2213 2211
2213 2212
2294 2213
2200 2214
2214 2215
2210 2216
2215 2217
2211 2218
2199 2219
2182 2220
2122 2221
2162 2222
2225 2223
2229 2224
2224 2225
2227 2226
2228 2227
2229 2228
2230 2229
2231 2230
2232 2231
2233 2232
2240 2233
2225 2234
2237 2235
2235 2236
2238 2237
2249 2238
2238 2239
2250 2240
2242 2241
2243 2242
2244 2243
2245 2244
2247 2245
2248 2246
2246 2247
2263 2248
2244 2249
2241 2250
2252 2251
2253 2252
2257 2253
2255 2254
2256 2255
2258 2256
2258 2257
2259 2258
2262 2259
2261 2260
2343 2261
2260 2262
2261 2263
2265 2264
2266 2265
2267 2266
2268 2267
2284 2268
2293 2269
2271 2270
2272 2271
2273 2272
2269 2273
2273 2274
2271 2275
2292 2276
2286 2277
2270 2278
2280 2279
2283 2280
2279 2281
2281 2282
2274 2283
2274 2284
2277 2285
2276 2286
2277 2287
2287 2288
2288 2289
2289 2290
2290 2291
2278 2292
2247 2293
2564 2294
2296 2295
2297 2296
2298 2297
2299 2298
2300 2299
2302 2300
2303 2301
2305 2302
2304 2303
2324 2304
2322 2305
2305 2306
2309 2307
2301 2308
2306 2309
2311 2310
2312 2311
2313 2312
2314 2313
2317 2314
2316 2315
2318 2316
2318 2317
2319 2318
2320 2319
2323 2320
2323 2321
2321 2322
3997 2323
2309 2324
2326 2325
2327 2326
2342 2327
2325 2328
2331 2329
2329 2330
2328 2331
2331 2332
2334 2333
2336 2334
2332 2335
2335 2336
2332 2337
2341 2338
2338 2339
2339 2340
2337 2341
2324 2342
2308 2343
2345 2344
2346 2345
2367 2346
2345 2347
2349 2348
2350 2349
2355 2350
2347 2351
2356 2352
2351 2353
2353 2354
2352 2355
2354 2356
2282 2357
2360 2358
2357 2359
2563 2360
2363 2361
2563 2362
2364 2363
2362 2364
2364 2365
2365 2366
2358 2367
2369 2368
2370 2369
2371 2370
2376 2371
2396 2372
2397 2373
2366 2374
2396 2375
2372 2376
2378 2377
2384 2378
2381 2379
2373 2380
2380 2381
2381 2382
2382 2383
2379 2384
2387 2385
2395 2386
2386 2387
2385 2388
2391 2389
2386 2390
2393 2391
2390 2392
2392 2393
2393 2394
2382 2395
2374 2396
2375 2397
2399 2398
2402 2399
2402 2400
2423 2401
2416 2402
2409 2403
2406 2404
2408 2405
2433 2406
2406 2407
2407 2408
2405 2409
2411 2410
2412 2411
2413 2412
2414 2413
2415 2414
2401 2415
2403 2416
2416 2417
2424 2418
2429 2419
2419 2420
2420 2421
2421 2422
2417 2423
2428 2424
2418 2425
2425 2426
2418 2427
2423 2428
2428 2429
2473 2430
2434 2431
2431 2432
2437 2433
2430 2434
2445 2435
2472 2436
2473 2437
2444 2438
2440 2439
2441 2440
2438 2441
2440 2442
2442 2443
2432 2444
2436 2445
2449 2446
2449 2447
2462 2448
2448 2449
2451 2450
2452 2451
2453 2452
2454 2453
2561 2454
2450 2455
2455 2456
2456 2457
2463 2458
2458 2459
2459 2460
2460 2461
2457 2462
2462 2463
2469 2464
2466 2465
2471 2466
2468 2467
2469 2468
2461 2469
2465 2470
2467 2471
2446 2472
2435 2473
2475 2474
2481 2475
2479 2476
2478 2477
2476 2478
2480 2479
2498 2480
2477 2481
2484 2482
2480 2483
2483 2484
2486 2485
2487 2486
2488 2487
2562 2488
2488 2489
2485 2490
2487 2491
2493 2492
2497 2493
2493 2494
2492 2495
2495 2496
2491 2497
2489 2498
2500 2499
2514 2500
2514 2501
2504 2502
2507 2503
2505 2504
2506 2505
2503 2506
2513 2507
2504 2508
2496 2509
2515 2510
2509 2511
2560 2512
2521 2513
2502 2514
2511 2515
2517 2516
2518 2517
2519 2518
2510 2519
2516 2520
2512 2521
2508 2522
2559 2523
2525 2524
2523 2525
2524 2526
2526 2527
2525 2528
2536 2529
2534 2530
2540 2531
2531 2532
2532 2533
2533 2534
2530 2535
2535 2536
2536 2537
2537 2538
2538 2539
2524 2540
2544 2541
2543 2542
2544 2543
2546 2544
2558 2545
2557 2546
2545 2547
2557 2548
2548 2549
2549 2550
2549 2551
2553 2552
2554 2553
2555 2554
2550 2555
2551 2556
2547 2557
2528 2558
2522 2559
2511 2560
2501 2561
2388 2562
2359 2563
2295 2564
2566 2565
2568 2566
2568 2567
2569 2568
2570 2569
2571 2570
2582 2571
2574 2572
2578 2573
2573 2574
2578 2575
2610 2576
2579 2577
2581 2578
2576 2579
2575 2580
2577 2581
2572 2582
2585 2583
2589 2584
2584 2585
2587 2586
2588 2587
2591 2588
2590 2589
2586 2590
2592 2591
2596 2592
2585 2593
2603 2594
2597 2595
2598 2596
2604 2597
2604 2598
2600 2599
2631 2600
2602 2601
2652 2602
2595 2603
2599 2604
2615 2605
2617 2606
2606 2607
2605 2608
2612 2609
2617 2610
2615 2611
2611 2612
2614 2613
2695 2614
2613 2615
2601 2616
2608 2617
2650 2618
2621 2619
2619 2620
2616 2621
2616 2622
2622 2623
2630 2624
2624 2625
2625 2626
2626 2627
2627 2628
2628 2629
2623 2630
2602 2631
2642 2632
2632 2633
2640 2634
2636 2635
2643 2636
2638 2637
2634 2638
2634 2639
2641 2640
2642 2641
2635 2642
2651 2643
2646 2644
2651 2645
2645 2646
2646 2647
2647 2648
2648 2649
2619 2650
2620 2651
2609 2652
2683 2653
2764 2654
2654 2655
2764 2656
2656 2657
2660 2658
2658 2659
2657 2660
2670 2661
2661 2662
2662 2663
2665 2664
2668 2665
2681 2666
2666 2667
2667 2668
2668 2669
2664 2670
2682 2671
2671 2672
2672 2673
2680 2674
2680 2675
2673 2676
2675 2677
2674 2678
2677 2679
2676 2680
2675 2681
2659 2682
2684 2683
2765 2684
2687 2685
2687 2686
2688 2687
2689 2688
2690 2689
2691 2690
2694 2691
2715 2692
2692 2693
2693 2694
2765 2695
2697 2696
2709 2697
2831 2698
2700 2699
2710 2700
2706 2701
2707 2702
2702 2703
2703 2704
2704 2705
2705 2706
2763 2707
2701 2708
2710 2709
2708 2710
2832 2711
2714 2712
2712 2713
3054 2714
2707 2715
2717 2716
2724 2717
2717 2718
2720 2719
2740 2720
2719 2721
2721 2722
2722 2723
2722 2724
2718 2725
2727 2726
2725 2727
2731 2728
2734 2729
2737 2730
2737 2731
2733 2732
2761 2733
2736 2734
2729 2735
2730 2736
2732 2737
2734 2738
2741 2739
2739 2740
2743 2741
2745 2742
2746 2743
2742 2744
2750 2745
2745 2746
2749 2747
2753 2748
2748 2749
2753 2750
2752 2751
2747 2752
2760 2753
2743 2754
2758 2755
2755 2756
2756 2757
2759 2758
3996 2759
2756 2760
2744 2761
2723 2762
2728 2763
2653 2764
2685 2765
2768 2766
2766 2767
2769 2768
2784 2769
2772 2770
2770 2771
2774 2772
2778 2773
2775 2774
2773 2775
2778 2776
2776 2777
2779 2778
2783 2779
2779 2780
2782 2781
2828 2782
2781 2783
2772 2784
2786 2785
2787 2786
2788 2787
2792 2788
2800 2789
2792 2790
2790 2791
2789 2792
2817 2793
2827 2794
2794 2795
2797 2796
2798 2797
2791 2798
2821 2799
2801 2800
2815 2801
2803 2802
2810 2803
2803 2804
2804 2805
2805 2806
2806 2807
2811 2808
2814 2809
2814 2810
2812 2811
2813 2812
2870 2813
2808 2814
2802 2815
2820 2816
2821 2817
2799 2818
2795 2819
2819 2820
2796 2821
2820 2822
2822 2823
2823 2824
2826 2825
2824 2826
2818 2827
2812 2828
2832 2829
2833 2830
3054 2831
2698 2832
2834 2833
2711 2834
2711 2835
2844 2836
2850 2837
2850 2838
2837 2839
2839 2840
2842 2841
2840 2842
2839 2843
2835 2844
2846 2845
2847 2846
2843 2847
2847 2848
2848 2849
2836 2850
2868 2851
2868 2852
2854 2853
2852 2854
2851 2855
2855 2856
2856 2857
2857 2858
2842 2859
2867 2860
2939 2861
2863 2862
2860 2863
2863 2864
2864 2865
2865 2866
2858 2867
2859 2868
2871 2869
2940 2870
2894 2871
2886 2872
2874 2873
2898 2874
2878 2875
2872 2876
2882 2877
2876 2878
2882 2879
2879 2880
2880 2881
2876 2882
2884 2883
2885 2884
2889 2885
2894 2886
3053 2887
2893 2888
2877 2889
2893 2890
2890 2891
2891 2892
2889 2893
2873 2894
2900 2895
2905 2896
2917 2897
2917 2898
2901 2899
2899 2900
2903 2901
2908 2902
2916 2903
2916 2904
2895 2905
2907 2906
2910 2907
2909 2908
2910 2909
2911 2910
2912 2911
2915 2912
2914 2913
2930 2914
2913 2915
2902 2916
2896 2917
2919 2918
2920 2919
2921 2920
2861 2921
2918 2922
2926 2923
2922 2924
2924 2925
2925 2926
2923 2927
2936 2928
2928 2929
2938 2930
2932 2931
2935 2932
2938 2933
2933 2934
2929 2935
2927 2936
2936 2937
2931 2938
2862 2939
2869 2940
2947 2941
2948 2942
2941 2943
2945 2944
2942 2945
2942 2946
2946 2947
2959 2948
2958 2949
2958 2950
2961 2951
2953 2952
2956 2953
2953 2954
2961 2955
2950 2956
2956 2957
2965 2958
2968 2959
2955 2960
2954 2961
2963 2962
2967 2963
2966 2964
2964 2965
2962 2966
2887 2967
2960 2968
2971 2969
2978 2970
2970 2971
2979 2972
2974 2973
2972 2974
2985 2975
2975 2976
2976 2977
2973 2978
2983 2979
2995 2980
2988 2981
2981 2982
2984 2983
2982 2984
2978 2985
2981 2986
2980 2987
2987 2988
2987 2989
2994 2990
2992 2991
2990 2992
2992 2993
2989 2994
2968 2995
2999 2996
2996 2997
2997 2998
3013 2999
2998 3000
3002 3001
3004 3002
3012 3003
3005 3004
3003 3005
3005 3006
3008 3007
3006 3008
3023 3009
3051 3010
3010 3011
3011 3012
3001 3013
3035 3014
3052 3015
3017 3016
2993 3017
3019 3018
3024 3019
3019 3020
3020 3021
3021 3022
3022 3023
3052 3024
3026 3025
3029 3026
3016 3027
3014 3028
3028 3029
3034 3030
3030 3031
3031 3032
3032 3033
3029 3034
3016 3035
3042 3036
3036 3037
3049 3038
3040 3039
3041 3040
3048 3041
3039 3042
3045 3043
3033 3044
3050 3045
3050 3046
3048 3047
3046 3048
3037 3049
3044 3050
3009 3051
3027 3052
2888 3053
2699 3054
3059 3055
3057 3056
3061 3057
3059 3058
3068 3059
3058 3060
3060 3061
3066 3062
3064 3063
3067 3064
3064 3065
3065 3066
3112 3067
3069 3068
3070 3069
3071 3070
3074 3071
3077 3072
3075 3073
3063 3074
3170 3075
3075 3076
3071 3077
3069 3078
3080 3079
3086 3080
3082 3081
3085 3082
3087 3083
3087 3084
3084 3085
3085 3086
3091 3087
3997 3088
3088 3089
3083 3090
3098 3091
3093 3092
3094 3093
3097 3094
3096 3095
3089 3096
3095 3097
3111 3098
3102 3099
3090 3100
3100 3101
3101 3102
3102 3103
3103 3104
3104 3105
3105 3106
3110 3107
3107 3108
3108 3109
3106 3110
3092 3111
3080 3112
3118 3113
3113 3114
3114 3115
3117 3116
3118 3117
3119 3118
3121 3119
3076 3120
3122 3121
3120 3122
3122 3123
3127 3124
3128 3125
3125 3126
3126 3127
3131 3128
3130 3129
3134 3130
3129 3131
3135 3132
3138 3133
3135 3134
3133 3135
3132 3136
3136 3137
3139 3138
3116 3139
3143 3140
3154 3141
3169 3142
3142 3143
3143 3144
3153 3145
3149 3146
3145 3147
3147 3148
3148 3149
3151 3150
3148 3151
3150 3152
3144 3153
3155 3154
3169 3155
3123 3156
3141 3157
3168 3158
3158 3159
3163 3160
3160 3161
3161 3162
3159 3163
3162 3164
3164 3165
3160 3166
3285 3167
3157 3168
3156 3169
3072 3170
3172 3171
3173 3172
3179 3173
3178 3174
3174 3175
3262 3176
3176 3177
3171 3178
3180 3179
3181 3180
3177 3181
3181 3182
3182 3183
3178 3184
3210 3185
3196 3186
3195 3187
3187 3188
3188 3189
3189 3190
3190 3191
3193 3192
3191 3193
3209 3194
3185 3195
3195 3196
3220 3197
3199 3198
3207 3199
3261 3200
3200 3201
3201 3202
3202 3203
3203 3204
3204 3205
3204 3206
3205 3207
3216 3208
3186 3209
3175 3210
3223 3211
3214 3212
3227 3213
3215 3214
3216 3215
3197 3216
3208 3217
3217 3218
3208 3219
3194 3220
3222 3221
3211 3222
3225 3223
3221 3224
3227 3225
3223 3226
3212 3227
3245 3228
3228 3229
3218 3230
3229 3231
3233 3232
3234 3233
3235 3234
3238 3235
3235 3236
3236 3237
3228 3238
3260 3239
3244 3240
3260 3241
3241 3242
3242 3243
3231 3244
3230 3245
3247 3246
3250 3247
3249 3248
3250 3249
3252 3250
3239 3251
3259 3252
3259 3253
3258 3254
3253 3255
3258 3256
3256 3257
3255 3258
3251 3259
3240 3260
3220 3261
3097 3262
3264 3263
3266 3264
3268 3265
3269 3266
3266 3267
3267 3268
3277 3269
3275 3270
3270 3271
3290 3272
3271 3273
3273 3274
3276 3275
3272 3276
3270 3277
3280 3278
3278 3279
3281 3280
3283 3281
3281 3282
3317 3283
3430 3284
3286 3285
3287 3286
3166 3287
3167 3288
3316 3289
3279 3290
3293 3291
3295 3292
3294 3293
3292 3294
3296 3295
3297 3296
3303 3297
3297 3298
3315 3299
3315 3300
3302 3301
3300 3302
3300 3303
3305 3304
3306 3305
3307 3306
3309 3307
3307 3308
3310 3309
3312 3310
3312 3311
3314 3312
3301 3313
3313 3314
3346 3315
3317 3316
3284 3317
3289 3318
3345 3319
3322 3320
3320 3321
3323 3322
3345 3323
3330 3324
3326 3325
3324 3326
3326 3327
3327 3328
3325 3329
3323 3330
3347 3331
3338 3332
3321 3333
3343 3334
3336 3335
3337 3336
3333 3337
3337 3338
3340 3339
3336 3340
3342 3341
3344 3342
3335 3343
3334 3344
3331 3345
3319 3346
3318 3347
3352 3348
3348 3349
3354 3350
3350 3351
3353 3352
3354 3353
3355 3354
3381 3355
3355 3356
3349 3357
3356 3358
3362 3359
3359 3360
3360 3361
3363 3362
3358 3363
3365 3364
3366 3365
3367 3366
3369 3367
3363 3368
3362 3369
3377 3370
3378 3371
3370 3372
3374 3373
3375 3374
3376 3375
3372 3376
3371 3377
3369 3378
3328 3379
3429 3380
3428 3381
3428 3382
3389 3383
3385 3384
3386 3385
3387 3386
3388 3387
3393 3388
3397 3389
3403 3390
3393 3391
3383 3392
3390 3393
3396 3394
3394 3395
3392 3396
3382 3397
3399 3398
3400 3399
3401 3400
3402 3401
3391 3402
3395 3403
3408 3404
3406 3405
3407 3406
3409 3407
3407 3408
3410 3409
3426 3410
3405 3411
3410 3412
3427 3413
3413 3414
3416 3415
3417 3416
3414 3417
3425 3418
3420 3419
3418 3420
3420 3421
3421 3422
3422 3423
3423 3424
3417 3425
3419 3426
3403 3427
3380 3428
3379 3429
3167 3430
3432 3431
3433 3432
3434 3433
3435 3434
3436 3435
3437 3436
3438 3437
3441 3438
3436 3439
3442 3440
3442 3441
3444 3442
3440 3443
3447 3444
3462 3445
3445 3446
3445 3447
3443 3448
3460 3449
3460 3450
3452 3451
3453 3452
3454 3453
3450 3454
3453 3455
3458 3456
3456 3457
3455 3458
3458 3459
3461 3460
3439 3461
3463 3462
3513 3463
3513 3464
3466 3465
3467 3466
3475 3467
3483 3468
3470 3469
3471 3470
3472 3471
3476 3472
3472 3473
3473 3474
3474 3475
3493 3476
3482 3477
3479 3478
3477 3479
3479 3480
3480 3481
3476 3482
3466 3483
3520 3484
3486 3485
3521 3486
3587 3487
3487 3488
3488 3489
3492 3490
3490 3491
3489 3492
3489 3493
3496 3494
3498 3495
3512 3496
3496 3497
3497 3498
3494 3499
3501 3500
3499 3501
3500 3502
3495 3503
3508 3504
3506 3505
3502 3506
3511 3507
3507 3508
3508 3509
3509 3510
3505 3511
3481 3512
3465 3513
3515 3514
3516 3515
3530 3516
3548 3517
3519 3518
3517 3519
3519 3520
3484 3521
3243 3522
3722 3523
3527 3524
3524 3525
3527 3526
3523 3527
3525 3528
3528 3529
3526 3530
3528 3531
3531 3532
3541 3533
3514 3534
3538 3535
3535 3536
3546 3537
3537 3538
3542 3539
3547 3540
3532 3541
3541 3542
3547 3543
3545 3544
3543 3545
3540 3546
3542 3547
3534 3548
3554 3549
3549 3550
3552 3551
3553 3552
3536 3553
3556 3554
3586 3555
3551 3556
3556 3557
3557 3558
3572 3559
3572 3560
3560 3561
3558 3562
3566 3563
3563 3564
3564 3565
3560 3566
3571 3567
3567 3568
3568 3569
3568 3570
3561 3571
3562 3572
3585 3573
3575 3574
3576 3575
3573 3576
3576 3577
3577 3578
3581 3579
3579 3580
3582 3581
3574 3582
3580 3583
3583 3584
3565 3585
3552 3586
3486 3587
3591 3588
3590 3589
3598 3590
3590 3591
3606 3592
3592 3593
3593 3594
3594 3595
3593 3596
3595 3597
3595 3598
3600 3599
3601 3600
3602 3601
3603 3602
3604 3603
3605 3604
3650 3605
3603 3606
3609 3607
3612 3608
3608 3609
3612 3610
3721 3611
3611 3612
3610 3613
3610 3614
3614 3615
3618 3616
3625 3617
3623 3618
3620 3619
3622 3620
3613 3621
3621 3622
3619 3623
3622 3624
3646 3625
3627 3626
3628 3627
3633 3628
3630 3629
3631 3630
3632 3631
3645 3632
3629 3633
3635 3634
3636 3635
3637 3636
3638 3637
3639 3638
3661 3639
3641 3640
3644 3641
3641 3642
3642 3643
3637 3644
3636 3645
3647 3646
3650 3647
3649 3648
3655 3649
3616 3650
3617 3651
3674 3652
3648 3653
3653 3654
3674 3655
3652 3656
3658 3657
3656 3658
3662 3659
3663 3660
3663 3661
3671 3662
3659 3663
3673 3664
3672 3665
3665 3666
3668 3667
3669 3668
3670 3669
3666 3670
3648 3671
3654 3672
3660 3673
3651 3674
3677 3675
3677 3676
3678 3677
3685 3678
3684 3679
3679 3680
3680 3681
3683 3682
3681 3683
3692 3684
3700 3685
3690 3686
3691 3687
3689 3688
3686 3689
3691 3690
3705 3691
3676 3692
3689 3693
3699 3694
3696 3695
3697 3696
3698 3697
3694 3698
3693 3699
3688 3700
3703 3701
3657 3702
3720 3703
3701 3704
3719 3705
3718 3706
3719 3707
3707 3708
3712 3709
3715 3710
3713 3711
3708 3712
3709 3713
3713 3714
3711 3715
3710 3716
3716 3717
3720 3718
3706 3719
3702 3720
3544 3721
3522 3722
3734 3723
3723 3724
3724 3725
3725 3726
3726 3727
3732 3728
3730 3729
3733 3730
3748 3731
3733 3732
3731 3733
3728 3734
3736 3735
3737 3736
3741 3737
3739 3738
3735 3739
3738 3740
3746 3741
3744 3742
3742 3743
3745 3744
3762 3745
3743 3746
3751 3747
3747 3748
3750 3749
3747 3750
3740 3751
3753 3752
3756 3753
3755 3754
3756 3755
3757 3756
3758 3757
3761 3758
3781 3759
3759 3760
3769 3761
3763 3762
3782 3763
3765 3764
3766 3765
3780 3766
3766 3767
3767 3768
3770 3769
3771 3770
3772 3771
3779 3772
3772 3773
3773 3774
3776 3775
3777 3776
3867 3777
3775 3778
3776 3779
3773 3780
3758 3781
3764 3782
3785 3783
3790 3784
3784 3785
3785 3786
3784 3787
3813 3788
3788 3789
3791 3790
3792 3791
3798 3792
3794 3793
3797 3794
3794 3795
3795 3796
3789 3797
3793 3798
3812 3799
3801 3800
3799 3801
3801 3802
3809 3803
3803 3804
3802 3805
3805 3806
3810 3807
3806 3808
3808 3809
3804 3810
3800 3811
3796 3812
3768 3813
3398 3814
3995 3815
3819 3816
3816 3817
3820 3818
3823 3819
3822 3820
3820 3821
3816 3822
3815 3823
3829 3824
3829 3825
3824 3826
3834 3827
3825 3828
3827 3829
3825 3830
3830 3831
3831 3832
3826 3833
3821 3834
3836 3835
3837 3836
3839 3837
3828 3838
3840 3839
3838 3840
3843 3841
3852 3842
3840 3843
3845 3844
3850 3845
3847 3846
3842 3847
3851 3848
3848 3849
3849 3850
3846 3851
3841 3852
3865 3853
3853 3854
3854 3855
3855 3856
3856 3857
3864 3858
3860 3859
3862 3860
3859 3861
3863 3862
3858 3863
3857 3864
3852 3865
3833 3866
3818 3867
3869 3868
3870 3869
3874 3870
3893 3871
3880 3872
3871 3873
3873 3874
3897 3875
3897 3876
3878 3877
3876 3878
3877 3879
3892 3880
3883 3881
3881 3882
3884 3883
3872 3884
3884 3885
3885 3886
3891 3887
3887 3888
3888 3889
3889 3890
3886 3891
3878 3892
3882 3893
3895 3894
3898 3895
3864 3896
3896 3897
3899 3898
3901 3899
3911 3900
3900 3901
3901 3902
3902 3903
3903 3904
3875 3905
3910 3906
3908 3907
3909 3908
3906 3909
3904 3910
3905 3911
3888 3912
3959 3913
3913 3914
3914 3915
3915 3916
3916 3917
3917 3918
3918 3919
3919 3920
3920 3921
3929 3922
3932 3923
3923 3924
3927 3925
3927 3926
3928 3927
3922 3928
3932 3929
3921 3930
3922 3931
3930 3932
3937 3933
3958 3934
3934 3935
3942 3936
3939 3937
3951 3938
3935 3939
3958 3940
3926 3941
3943 3942
3951 3943
3942 3944
3944 3945
3945 3946
3949 3947
3947 3948
3946 3949
3947 3950
3939 3951
3955 3952
3954 3953
3940 3954
3954 3955
3952 3956
3956 3957
3941 3958
3912 3959
3963 3960
3966 3961
3961 3962
3978 3963
3962 3964
3975 3965
3960 3966
3977 3967
3964 3968
3972 3969
3969 3970
3970 3971
3968 3972
3976 3973
3973 3974
3977 3975
3979 3976
3974 3977
3967 3978
3980 3979
3992 3980
3984 3981
3967 3982
3991 3983
3990 3984
3993 3985
3985 3986
3986 3987
3987 3988
3988 3989
3983 3990
3989 3991
3981 3992
3957 3993
3911 3994
3814 3995
3124 3996
