steiner points
491 305
228 305
185 360
185 501
589 284
589 305
133 360
702 446
589 446
159 994
339 1072
339 1089
589 793
186 1089
296 1089
584 1186
378 1186
490 1307
490 1401
589 962
584 1053
490 1186
186 1183
704 962
1087 253
1307 253
1401 288
971 691
971 754
747 993
840 993
1111 1057
1308 714
1308 754
1308 829
1343 897
1343 952
1180 754
1401 479
1262 1362
1013 1294
1111 1167
1315 1455
1111 1294
971 993
1673 479
1813 548
1835 647
1623 1143
1922 1140
2030 1214
1971 1214
2159 1226
1885 1273
1751 1273
1894 1313
1894 1337
1912 933
2330 476
2206 476
2226 814
2266 814
2360 814
2477 814
2477 852
2206 564
1922 1214
2235 1226
2477 1011
2330 1226
2388 1226
2426 1352
2432 1390
2426 1226
1894 1273
1401 537
50 1782
266 1725
310 1725
620 1725
530 1725
396 1725
93 1730
262 1730
620 2089
620 2089
574 2177
543 2200
404 2200
620 1962
1220 1897
847 1977
909 1977
847 2020
1268 1578
1220 1594
1220 1613
847 1757
847 1806
1202 1977
1202 2264
1172 2264
1202 2176
1375 2314
1013 2385
1011 2465
882 2465
1375 2272
677 2089
1008 2625
873 2743
334 2805
527 2805
572 2805
681 2805
759 2805
1172 2714
1328 2729
1290 2729
1598 2729
882 2529
882 2625
1963 1684
2138 1684
2312 1684
2312 1742
2376 1742
2376 1826
2009 2075
2009 2113
2009 2251
1991 2303
2376 1927
2392 2029
2482 2227
2392 2075
2245 2075
2392 2227
1892 2421
1874 2603
2026 2693
1876 2693
2135 2588
1807 2634
1794 2657
2213 2538
1874 2634
1983 2861
2026 2729
2026 2861
2275 2523
2491 2523
2491 2861
2479 2939
2491 2853
1874 2556
1641 2729
1315 1554
2947 51
2952 279
2779 51
2895 51
2834 802
2667 757
2723 757
2834 757
2827 994
2979 503
2989 581
3193 727
3181 802
2989 802
2982 802
3181 1033
3181 1091
3096 1160
3160 1160
2834 867
2952 414
3596 53
3573 61
3573 176
3573 268
3581 355
3932 365
3706 453
3615 453
3581 409
3959 453
4064 453
3399 759
3615 759
3615 639
4046 701
4046 877
3615 895
4046 1031
3941 1031
3615 1019
3693 1123
3690 1229
3693 1031
3932 453
4320 40
4352 45
4352 72
4352 265
4352 398
4352 427
4205 445
4115 453
3301 727
3114 1423
2801 1423
2783 1423
2783 1437
2783 1610
2783 2023
2798 2071
3308 2092
2961 2092
2783 1822
3115 2508
2961 2270
3112 2472
2859 2563
2961 2472
3161 2666
3023 2906
3156 2906
3209 2906
3265 2906
3161 2722
3161 2906
2791 2563
3467 1402
3517 1402
3690 1235
3690 1391
3451 1451
3747 1511
3747 1714
3886 1714
4171 1714
4281 1714
3647 2191
3314 2109
3526 2191
3953 2067
3953 2156
3953 2238
4260 2368
3659 2238
3953 2419
4260 1960
4260 2258
4260 2320
4260 2355
4040 2368
3953 2368
3885 2419
4171 1839
4159 2747
4332 2747
3885 2747
3814 2774
3680 2774
3586 2874
3931 2747
3845 2774
3885 2686
3526 2293
3690 1402
2660 757
392 3042
392 3067
246 3297
392 3259
392 3285
324 3285
448 3349
455 3419
238 3530
448 3327
672 3803
533 3803
238 3606
139 3870
139 3930
226 3993
226 4290
274 4323
226 4096
238 3803
1089 3185
1288 3199
1176 3225
1260 3225
1288 3225
1260 3341
1268 3386
1171 3487
1268 3479
1268 3487
424 3803
139 3803
672 3837
679 3999
1141 3999
1240 3897
1240 3747
1546 3897
863 4191
1268 3617
1630 3187
1630 3306
1630 3474
2057 3257
2077 3305
2077 3405
2077 3487
1990 3497
1973 3497
1737 3481
1832 3620
1795 3718
1990 3521
1832 3497
1487 3897
1760 3897
863 3999
1546 4129
1907 3939
1979 3939
1907 4187
1907 4255
2030 4289
1863 4187
1779 3755
1645 4187
679 3922
160 4492
87 4597
160 4597
186 4597
87 4713
87 4791
463 4544
647 4625
560 4625
528 4625
512 4625
512 4673
442 4766
512 4766
274 4457
154 5030
396 4849
66 5030
299 5125
335 5164
500 5164
240 5274
335 5204
335 5274
575 5160
811 5160
742 5283
795 5381
742 5381
742 5160
299 5030
1078 4650
1205 4650
1251 4650
1479 4650
1479 4719
1772 4837
1699 4837
1189 4650
1301 5067
1126 5067
1440 4907
1497 4837
1259 5067
1325 5067
1420 5015
1402 5193
1126 5111
1485 5272
1402 5067
1794 4608
1881 4608
1918 4608
1773 4687
1772 4991
1979 5009
2077 5222
1979 5222
1497 4785
1420 4907
941 5160
274 4492
2520 3157
2631 3157
2520 3284
2440 3574
2520 3574
3236 3169
3206 3169
3034 3163
2771 3157
3148 3163
3034 3312
3034 3443
3032 3521
3407 3557
3032 3573
3165 3573
3308 3573
3032 3491
3034 3293
2754 4057
2367 4282
2334 4289
2243 4289
2754 3971
2703 4057
2679 4057
2536 4057
2974 3841
3260 3841
3260 3796
2868 3841
3260 3867
3202 4043
3060 4063
3260 4043
2367 4140
2974 3633
3586 3128
3769 3128
3791 3128
3586 3230
3586 3301
3586 3393
3586 3446
3586 3510
3473 3557
3395 3557
3586 3557
4078 3190
4053 3190
4053 3307
4122 3487
4053 3487
3620 3870
3729 3671
3618 3999
3647 4175
3750 4175
3750 4259
3750 4331
3618 4095
4321 4045
3993 4069
4094 4176
4309 4233
4238 4233
4094 4233
3993 4175
3729 3870
3318 3557
2664 4638
2586 4775
2664 4775
2717 4789
2586 4836
2919 4663
2919 4789
2766 4789
2483 5107
2483 5200
2697 5436
2646 5436
2499 5442
2483 5332
2697 5501
2483 5442
2919 4911
2945 5019
2945 5185
2983 5359
2983 5370
2863 5370
2811 5436
3296 5290
3438 4807
3531 4807
3438 5066
3296 5200
3081 5290
3271 5290
3303 5339
3388 5426
3308 5066
3902 4737
3769 4451
4015 4691
4245 4691
3922 4737
3922 4691
3769 4667
3604 5066
3800 5066
3959 5066
3959 5122
4346 5083
4217 5141
4102 5141
4070 5122
4217 5376
4217 5399
4044 5523
4217 5489
3959 4973
3959 5192
2983 5290
3769 4737
2367 4289
3586 2993
413 5615
413 5652
413 5791
861 5822
666 5822
1021 5858
997 5871
537 5822
861 5871
861 5990
861 5953
325 6326
495 6326
685 6164
816 6256
157 6241
742 6256
836 6256
685 6256
623 6326
930 6256
1055 6347
623 6422
731 6107
1482 5886
1574 5886
1256 5858
1440 5896
1482 5896
1482 6061
1482 6120
1482 6249
1482 6243
1256 5896
495 6840
793 6840
629 6768
629 6548
535 6840
643 6840
643 6861
703 6947
247 6947
34 7363
133 7363
149 7363
706 7051
686 7606
421 7642
686 7735
623 7735
620 7735
457 7735
332 7363
457 8028
296 8075
457 8075
536 8075
651 8075
457 7875
706 7490
1505 6981
1505 7020
1629 7020
1550 7288
1629 7139
1108 7418
913 7490
1077 7643
1077 7662
1077 7734
1262 7288
1262 7327
1629 7288
1320 7872
1480 7905
1472 7905
1323 7905
1077 7490
629 6840
449 8381
536 8307
807 8307
996 8307
996 8576
1001 8598
827 8629
1001 8629
217 8455
1093 8995
1001 8800
1001 8995
1308 8544
1308 8681
1308 8682
1630 8734
1630 8783
1341 8893
1341 8950
1683 8622
1716 8622
1730 8622
1746 8657
1636 8729
1540 8734
1403 8734
1630 8882
1669 8996
1630 8996
1403 8824
1236 8995
190 9535
190 9721
190 9766
86 9941
117 9941
190 9767
86 9984
190 9871
837 9193
679 9464
837 9391
727 9391
628 9750
626 9871
628 9871
1146 9664
952 9719
895 9535
900 9844
706 9871
900 9719
1226 9282
1359 9528
1226 9528
1203 9611
1012 9719
404 9871
868 9138
536 8228
2467 5593
2467 5607
2535 5694
2467 5694
2321 5694
2321 5736
2321 5838
1877 6194
2230 6194
2328 6167
1924 6194
2328 6194
2440 6304
2606 6205
2370 6304
2324 6077
2864 5873
2807 5873
2864 6030
2864 6065
2709 6138
2745 6138
2864 6107
2854 6229
2854 6138
2494 6304
3551 5628
3634 5790
3551 5790
3455 5802
3371 5802
3649 5898
3455 5969
3071 6233
3069 6233
3431 6068
3362 6167
3219 6167
3431 6167
3398 6316
2975 6233
3431 6268
3148 6233
2017 6664
2199 6641
2187 6641
1941 6711
2088 6641
2199 6712
2199 6876
2370 6641
2199 6797
1967 7082
2055 7082
2199 6937
1967 7111
2318 7333
2370 7338
2547 7338
2336 7338
2766 7338
2547 7457
2199 7082
2943 6574
3246 6720
2961 6870
2961 6896
2799 7064
2519 7338
2802 7468
2799 7338
3607 6564
3607 6598
3172 6720
3265 6720
3607 6720
3246 6804
3607 6981
3627 7076
3768 7117
3894 7117
3492 7292
3492 7399
3627 7035
2961 6720
2370 6536
4325 5908
4098 6100
4149 6100
4325 6070
4149 6249
4209 6249
4149 6211
4263 6330
4489 6418
4149 6293
4311 6703
4356 6747
4338 6747
4389 6759
4356 6759
3627 7117
3897 7160
3964 7176
4356 6893
4356 6981
4468 6981
4236 7096
4225 7230
4098 7196
4098 7230
4098 7294
4143 7431
4236 7217
4390 7217
4390 7284
4418 7217
4098 7376
4236 7015
4149 6671
3492 7151
2173 7560
2268 7560
1994 7932
2650 7920
2204 7997
2268 7997
2268 7616
2650 7997
2446 7997
2410 7997
1994 7997
1952 8453
2020 8556
2403 8238
2403 8250
2403 8314
1952 8556
2403 8556
2600 8557
2419 8557
2410 8094
2973 7523
2973 7667
2985 7771
3002 8018
3013 8045
3002 8045
2960 8049
3144 7999
3219 7999
3111 8045
3171 8194
3144 8045
2985 7908
3066 8421
3171 8333
3066 8618
3066 8669
3129 8690
3129 8777
3171 8421
2738 8049
2006 9045
2080 9215
2330 9215
2080 9236
2080 9478
2080 9591
2080 9822
2727 9089
2715 9215
2520 9215
2715 9275
2715 9361
3129 8969
3046 8969
3046 9178
3083 9178
3083 9293
3083 9355
2955 9089
2806 9615
2806 9662
3053 9680
2806 9534
2715 9437
3046 9089
3684 7724
3840 7863
3584 8146
3559 8167
4044 7755
3997 7780
3734 8092
3840 8092
3949 7863
4153 8100
4177 8100
4186 8149
4341 8149
4447 8149
4021 8092
3840 8018
3849 8092
3849 8352
3849 8383
3849 8424
3679 8424
3679 8475
3849 8318
3679 8773
3655 8860
3655 9162
3655 9227
4331 9292
4151 9017
4151 9235
3747 9292
4151 9292
3747 9396
3747 9751
3544 9751
3483 9751
3544 9954
3953 9649
3893 9751
3953 9751
4045 9751
4188 9751
4294 9751
3754 9751
3747 9461
3679 8640
3410 8475
2985 7671
1821 8657
2467 5555
4634 52
5036 157
4756 157
4634 157
5289 157
4946 279
4920 391
4768 654
4834 411
4951 157
5289 363
5289 522
4951 202
4916 1317
4898 1796
4784 1856
4676 2003
4722 2003
4784 2003
4545 2015
4544 2051
5338 1575
5406 953
5524 1112
5623 1112
5623 1203
5619 1462
5303 1575
4967 1575
5151 1575
5550 1575
5619 1575
5619 1662
5623 1346
5619 1946
5197 2022
5197 2086
5233 2167
5341 2167
5539 1966
5574 1946
5197 1977
5473 2379
5347 2206
5430 2379
5683 1950
4967 1716
5289 868
6345 162
6259 162
6407 622
6017 680
6092 680
6161 680
6372 680
6438 436
6697 381
6675 436
6407 436
6675 737
6372 859
6562 999
6372 973
6139 1203
6486 1062
6407 1237
6204 1237
6174 1237
6465 1237
6486 1232
6486 999
5930 1729
5930 2078
5918 2144
5918 2195
6407 1497
6654 1573
6597 1573
6564 1573
6509 1573
6407 1573
6407 1610
6407 1780
6543 1907
6543 2235
6543 2285
6543 2393
6479 2393
6479 2470
6543 1945
6195 1610
6407 1407
5718 1203
4714 3052
4714 3144
4714 3195
4784 3315
4714 3257
4893 3315
4714 3315
4685 3374
5356 2892
5296 2892
5213 2892
5129 2892
5105 2892
5051 2892
5040 3057
5040 3238
5394 3352
5469 3352
4921 3293
5178 3389
5394 3389
5031 3293
5031 3389
5911 2694
5911 2825
5911 2830
5801 2830
5759 2830
5759 2866
5911 2992
5880 3005
5683 3156
5880 3111
5752 3149
5674 3187
5674 3352
5861 3392
5763 3149
6319 2992
6063 2992
6164 2992
6489 3049
6232 2992
6170 3163
6216 3226
6320 3226
6170 3226
6320 3447
6129 3302
6705 3093
6575 3093
6819 3093
6747 3093
6351 3049
6164 3051
5674 3392
5918 2593
7215 204
7215 226
7215 282
7154 282
7016 282
7154 343
7293 533
7330 611
7293 611
7191 611
7154 611
6955 611
7330 949
7146 949
7330 870
7154 348
8301 231
8269 231
8074 226
7901 226
7768 226
7672 486
8016 589
7932 589
7835 589
7672 589
7932 720
7858 781
7932 781
8076 589
8076 403
7576 226
7292 1162
7146 1162
6974 1162
6924 1162
7303 1240
6974 1301
7135 1712
6974 1408
7876 1141
7511 1167
7535 1226
7511 1226
7713 1226
7437 1240
7564 1483
7607 1641
7666 1701
7607 1701
7535 1400
7382 1240
7146 972
8444 133
8432 133
8382 133
8301 143
7612 226
8475 251
8700 64
8700 116
8683 158
8618 251
8475 419
8348 419
8475 330
8652 560
8547 448
8547 560
9110 97
9110 407
9622 581
9547 581
9050 437
8902 560
9945 158
9651 162
9702 162
9711 162
9711 338
9132 452
9408 452
9436 581
9666 396
9622 585
9622 686
9110 437
9711 271
9666 581
8299 1290
8299 1454
8608 1502
9516 1073
9345 1073
9622 865
9622 1073
9034 1372
8655 1681
8655 1784
9034 1686
9034 1190
8352 1502
8807 1041
8984 1073
9516 1248
9491 1592
9034 1073
9023 1073
8076 231
6912 1934
7059 2242
7361 2028
7422 2028
7378 2417
7710 2179
7640 2488
7378 2488
7373 2612
8051 2398
7222 2399
6917 2878
7035 2955
6917 2955
6613 3093
7349 2861
7185 2800
7347 2627
7347 2800
7307 3142
7397 3156
7397 3267
7397 3371
7185 3010
7700 2844
7700 2861
7624 2861
6917 3093
7185 2955
8051 2213
8051 2244
8051 2350
8149 2398
7919 2431
7919 2488
7854 2488
8831 1784
8532 1874
8509 1874
8745 2278
8667 2278
8509 2160
8509 2278
8642 2454
8344 2398
8571 2607
8509 2398
8571 2454
8383 2828
8271 2869
8571 2672
8659 2799
8730 3036
9006 3036
8730 3058
8730 3199
8575 3215
8661 3027
8302 2869
8135 3340
8019 3340
8563 3281
8563 3340
7924 3392
8571 2799
9428 1916
9497 1961
9428 1961
9529 2081
9502 2081
9803 2082
9739 2082
9672 2082
9083 2273
9286 2293
9122 2311
9122 2400
9122 2456
9122 2293
9502 2293
9878 2399
9434 2675
9427 2708
9427 2726
9525 2399
9878 2489
9764 2399
9878 2604
9878 2723
9525 2506
9502 2182
9427 2857
9551 2968
9313 3059
8863 3036
9031 3036
8985 3036
9249 3059
9482 3289
9249 3287
9249 3289
9427 2968
9249 3229
7710 2488
8899 1784
6938 3093
5255 3671
5199 3671
5045 3671
4972 3671
4804 3671
4850 4164
4735 4164
4554 4164
4850 4200
4554 4290
5045 4200
5045 4274
5128 4343
5243 4343
5053 4343
5045 3938
4743 4717
4932 4717
4743 4957
4743 4987
4845 4987
4690 5186
5258 4857
5271 4913
5271 4935
5240 5160
5271 5160
5225 5313
5457 5340
5225 5285
5053 4655
4901 5586
5212 5577
4971 5580
5052 5653
5109 5670
5115 5840
5052 5580
5053 4717
5780 3754
5677 4021
5552 4021
5809 4021
5584 4021
5677 3922
5677 3807
5839 4021
6533 3616
6320 3510
6393 3626
6380 3626
6340 3626
6458 3931
6393 3931
6249 3931
6458 4076
6249 4078
6249 4237
6393 3698
5963 3931
5838 4502
5838 4591
5620 4591
5529 4591
5838 4672
5838 4825
5800 4849
6174 4383
6167 4391
6167 4942
6167 4509
6167 4672
6589 4750
6382 4750
6544 4750
6625 4718
6079 4672
6167 4750
6032 4672
6249 4305
5599 5143
5737 5201
5737 5340
5225 5340
5750 5486
5891 5696
5633 5804
5598 5809
5771 5696
6463 5372
6161 5186
6161 5193
6253 5403
6161 5403
6725 5290
6608 5290
6338 5604
6413 5629
6319 5661
6294 5750
5750 5696
6153 5750
6588 5717
6560 5717
6523 5717
6560 5813
6338 5629
6338 5403
6047 5750
6167 4995
5750 5408
7027 3739
7413 3782
7128 3782
7065 3784
7093 3784
7093 3941
6956 3974
7413 3730
7397 3782
7407 3782
7073 3974
7073 4231
7033 4338
6991 4338
6943 4338
7314 4360
7195 4360
7106 4360
6917 4621
7005 4567
7195 4488
7247 4729
7254 4782
7392 4798
7360 4798
7272 4798
7187 4689
7187 4567
7533 5079
7298 5079
7272 5079
7206 5118
7007 5118
7080 5118
7272 4935
7757 4615
7689 4633
7689 4633
7757 4633
7689 4860
7689 4964
7366 5079
7627 5079
7766 5141
7689 4916
7627 5141
7073 4338
7206 5298
7183 5407
7183 5411
7183 5462
7215 5547
7215 5618
7215 5673
7697 5314
7711 5392
7583 5547
7285 5547
7564 5576
7564 5703
7553 5811
8177 5392
7564 5547
6828 5118
7206 5241
5078 5952
5078 6069
5264 6069
4940 6082
4944 6082
5041 6235
5173 6243
5244 6069
5041 6082
5445 6096
4520 6418
4520 6445
4702 6587
5034 6672
4702 6754
5242 6672
4935 6725
4849 6754
4876 6754
4697 6881
5314 6402
5173 6402
5315 6414
5315 6515
5315 6571
5277 6597
5242 6916
4935 6672
4899 6754
5090 6243
4543 7338
4751 7338
4838 7338
5319 7267
4947 7338
5566 7196
5394 7196
5319 7103
5091 7267
5319 7196
5378 7415
5378 7507
5378 7606
5378 7666
5042 7338
5378 7283
5992 6065
5978 6146
5972 6288
5742 6225
5775 6439
5726 6439
5906 6439
5972 6399
5775 6558
5701 6603
6092 6399
6197 6242
6424 6242
6672 6147
6299 6242
6378 6242
6182 6363
5742 6439
5746 6815
5823 6815
5823 7034
5823 7042
5823 7126
5814 7232
5509 7196
5823 7232
6274 6785
6302 6785
6400 6785
6402 6785
6503 6785
6152 7126
6152 7254
6152 7305
5932 7126
6123 7433
5996 7589
6123 7529
6102 7589
6226 7589
6123 7589
6102 7781
5701 6651
5683 7232
6963 6022
6844 6022
6762 6022
7171 6103
7210 6103
6967 6093
7365 6103
7049 6261
7049 6291
7049 6103
7365 6109
7501 6227
7049 6386
7795 6238
7749 6238
7617 6238
7365 6227
6904 6903
6904 6980
6922 7289
6904 7277
6852 7277
6782 7330
6965 7390
6965 7426
6965 7651
6965 7289
7365 6758
7365 6578
7270 7267
7326 7267
7414 7376
7687 7376
7414 7267
7637 7376
7637 7439
7627 7479
7627 7655
7385 7451
7326 7073
7218 7289
7469 6758
6522 6242
5115 5916
8443 3627
8251 3853
8301 3853
8443 3853
8568 3853
8056 3858
8706 3891
8585 3882
8301 4085
8301 4107
8301 4200
8208 4200
8208 4368
8413 4419
8208 4419
8868 4309
8555 4419
8301 4045
8555 4490
8497 4617
8386 4617
8555 4527
8349 4626
8349 4680
8349 4786
8449 4820
8514 4984
8587 4984
8426 5070
8587 5147
8449 4984
8555 4617
9155 3640
9155 3662
9313 3640
9155 3780
9162 4194
9068 4237
9010 4237
9162 4237
9461 3640
9718 3674
9718 3847
9718 4009
9718 3641
9101 4497
9116 4497
9292 4497
9162 4497
9162 4319
9104 4806
9163 4806
9101 4610
9226 4823
9101 4806
9114 5074
9226 5108
9539 4901
9925 5009
9541 5108
9513 5108
9487 5108
9663 5108
9104 4924
9916 4621
9925 4663
9925 4833
9925 4844
9541 4958
9305 5108
9337 4497
8555 4619
8020 5392
8409 5392
8652 5352
8253 5392
8605 5399
8605 5410
8778 5529
8897 5529
8605 5392
8148 5689
8129 5909
8129 5972
8129 6121
8223 6121
8079 6127
8481 5673
8605 5529
8778 5839
8824 6069
8842 6069
8914 6069
8778 6069
8727 6088
8727 6259
8727 6338
8727 6243
8538 5599
8778 5782
9384 5314
9384 5373
9320 5497
9198 5497
9282 5497
9088 5497
9384 5485
9419 5736
9498 5736
9667 5736
9816 5801
9315 5896
9320 5582
9320 5736
9891 5801
9923 5801
9923 5877
9923 5941
9315 6174
9021 5529
8310 6572
8140 6527
8687 6572
8286 6651
8286 6783
8165 6954
8831 6464
8310 6527
8831 6572
8938 6942
8103 7368
8103 7490
8386 7607
8103 7607
8739 7610
8924 7697
8797 7697
8103 7477
9498 6532
9498 6571
9498 6715
9650 6715
9903 6473
9903 6610
9796 6699
9653 6715
9503 7045
9436 7045
9433 7068
9344 7068
9199 7068
9650 6891
9673 6914
9673 6957
9673 7045
9673 7098
9549 7045
9178 7554
9196 7554
9413 7605
9413 7778
9413 7779
9673 7242
9848 7352
9656 7393
9656 7570
9656 7605
9656 7683
9463 7605
9673 7352
9650 6771
9139 6942
8768 6343
8652 5191
7711 5547
4564 7910
4634 7969
5135 7969
5135 8320
4779 8409
4935 8409
5016 8409
5258 8348
5135 8409
5367 8348
5367 8258
5135 8348
5069 8409
4937 8727
4937 8917
5246 8967
5069 8575
5549 7896
5812 7896
5812 7995
5524 8026
5524 8218
5403 8229
5507 8229
5812 7896
5987 7995
5936 7995
5620 7896
5987 8020
6185 8079
6185 8291
6185 8050
6352 8426
5524 8187
6109 8802
5947 8802
5647 8844
5947 8867
5770 8867
5676 8867
5603 8548
5507 8358
4659 9667
4740 9713
4740 9829
5246 9173
5246 9224
5385 9682
5096 9838
5151 9622
5246 9622
5068 9838
5368 9682
5368 9917
5368 9950
4850 9838
6108 9225
5918 9225
5792 9225
5922 9457
5792 9500
5792 9598
5607 9680
5679 9680
5750 9680
5792 9348
6091 9644
5792 9457
5679 9697
5246 9091
6974 8226
6651 8312
6512 8495
6357 8495
6608 8495
6608 8777
6560 8798
7269 8226
7350 8289
7339 7950
7359 7950
7677 7941
7359 8107
7359 8114
7137 8226
6930 8226
7387 8289
7350 8327
7350 8226
6974 8326
6974 8441
6998 8598
7186 8717
7735 8656
7480 8757
7566 8761
7671 8761
7735 8761
7745 8817
7566 8833
6998 8717
6998 8550
6763 8226
8071 8049
7942 8075
8588 8063
8325 8063
8071 8063
8325 8114
8773 8063
8691 8063
8773 8088
8773 8231
8737 8288
8347 8331
8510 8345
7876 8695
8222 8854
8007 8881
8218 8881
8218 8968
8510 8445
8510 8492
8906 8500
8456 8848
8658 8848
8626 8848
8569 8848
8569 8664
8757 8848
8888 8500
7842 8656
6666 9377
6846 9572
6693 9593
6693 9631
6745 9631
6846 9631
6922 9631
6690 9469
7034 9187
7101 9187
7068 9636
7034 9636
7034 9631
7034 9318
7068 9728
7068 9800
7068 9832
7079 9845
7068 9716
7125 9636
7019 9631
7601 9157
7624 9157
7845 9157
7466 9168
7538 9168
7646 9218
7538 9296
7538 9392
7913 9215
7913 9385
7646 9157
7533 9836
7538 9836
7822 9836
7538 9550
8496 9167
8218 9114
8416 9167
8312 9167
8312 9426
8004 9426
8312 9435
8312 9556
8268 9584
8307 9734
8803 9848
8307 9920
8317 9920
8520 9920
8307 9723
8312 9404
8307 9584
7411 9181
8241 9167
9064 8403
9064 8431
9049 8500
9064 8500
9116 8557
9579 8600
9467 8003
9868 8111
9573 8111
9573 8070
9434 8224
9573 8144
9486 8376
9791 8420
9557 8452
9240 8557
9557 8557
9434 8342
9763 8420
9605 8420
9557 8420
9791 8705
9744 8736
9871 8420
9416 8224
9116 8675
9328 8950
9625 9128
9296 9222
9625 8950
9744 8764
9445 8950
9328 9215
9636 9263
9174 9498
9257 9625
9531 9557
9636 9410
9716 9484
9478 9653
9494 9653
9494 9805
9882 9637
9725 9637
9322 9653
9636 9484
9744 8950
8569 8500
6608 8642
7677 7844
6320 3624
4702 6486
edges
2179 685
3114 726
2965 1835
2160 1236
3128 1055
3078 1329
2004 1896
2203 1459
2203 1463
2909 786
2158 1258
2204 1590
2910 385
3059 762
2958 1439
3118 514
2160 1059
2909 1025
2179 1974
2913 1210
2180 823
3118 1144
2161 633
2205 231
3128 1889
3135 822
3113 800
3119 258
3134 377
3112 233
2001 540
2058 412
3077 443
3115 1510
2024 992
2911 548
3120 383
3134 1789
2957 1260
3135 1435
3136 1352
2181 1836
2958 1103
3116 53
2921 1404
3059 1583
3090 102
3076 1710
3063 215
3121 466
2025 1019
2024 1894
2206 520
2182 227
3146 1003
2159 217
2914 303
3061 473
2004 1216
2026 1131
3075 35
2000 1827
3063 662
3079 530
2184 219
3124 752
3138 427
3064 1050
2912 1280
3074 1659
2183 935
2006 588
2919 1589
2184 140
2965 309
2915 1542
3142 508
2207 423
3089 1821
3129 1841
2187 902
2006 1732
2917 1607
2178 1742
3140 1454
3123 1425
2208 123
2964 1859
3132 236
2209 1545
2007 1286
3126 1039
3139 552
2188 1198
2007 616
2210 1663
3080 343
2059 1247
2045 292
3080 1796
2189 639
2003 136
2167 54
3065 1615
2920 232
3065 1313
2075 1598
2185 621
2058 32
3131 1571
2046 1479
3125 446
2065 1530
3133 1935
3123 1376
2168 1029
3147 1812
3081 723
3143 128
3083 1109
3070 1717
3141 1282
2960 499
3066 73
2959 1740
3068 891
2192 657
2047 984
2916 1321
2193 1769
3127 1619
2003 1394
3088 1862
2962 1599
2960 169
2027 150
3070 683
3144 1222
2027 1294
2193 705
2211 1666
2164 1676
2916 1760
2032 1097
3085 751
2169 1289
3084 1819
2968 958
2037 1883
2165 113
2273 814
2190 178
3086 718
2961 709
2012 1712
2968 1271
2062 512
2172 44
3086 1026
2060 1699
2034 10
2064 162
2163 1396
2969 889
3153 1620
2177 847
2956 1908
3073 788
3087 1489
2194 1773
2061 1970
2195 1861
2035 1983
2057 1242
3072 1068
2036 1091
2931 1239
2036 606
2023 652
3071 1621
3111 196
2971 394
2009 1457
2010 782
2029 1263
2009 6
2166 1557
2970 1608
3166 1618
2166 1116
3161 1635
2068 1022
2198 511
2970 727
2197 1715
2173 244
3161 1953
2020 1512
2031 653
3152 1625
2973 1989
2010 926
3162 1617
2030 957
3099 489
2014 740
2174 655
3094 1825
2196 185
2933 1051
2048 1787
2932 1221
3154 1616
2199 868
2049 382
3099 468
2048 769
3100 909
3091 1273
2050 510
2175 1574
3094 1572
2041 144
3100 1123
2972 565
2022 17
2016 369
2015 104
3159 1320
2022 1043
2175 493
3001 479
2051 1478
2176 495
2069 1335
2067 1552
3103 1250
2200 589
2978 998
2237 1148
2975 1678
2977 1292
3110 1628
2070 0
3104 1084
3163 987
2053 304
3148 739
3095 1099
2976 517
3148 1756
2040 1159
2054 1359
2922 426
3096 234
2017 1458
2055 149
2922 1727
2052 454
2056 328
2942 1701
2071 1550
2213 861
2039 79
2235 1513
3155 323
2072 1539
2238 1543
3109 364
2018 1911
2236 638
2072 294
3000 64
3098 1664
2214 1416
2938 419
2212 421
2215 1322
2239 1213
3149 608
2042 254
2018 925
2935 1517
2056 1504
2040 1800
3105 1268
2984 152
3150 1716
2240 569
2985 148
2212 661
2930 1502
2157 1585
2987 1407
2988 1738
2939 330
2123 555
2094 371
3160 266
3164 1645
2936 1056
2095 575
2216 888
2999 280
2096 408
2986 648
2124 1484
2077 918
3106 1308
2244 1900
2941 1141
2242 1145
2985 15
2079 817
2097 1975
3164 1339
3156 95
2122 761
3158 1316
3107 735
2080 579
2239 1944
3097 1559
2241 860
2955 202
3108 1901
3107 1794
3097 1137
2078 1033
2980 1960
2082 131
2126 30
2244 1869
2083 1188
2097 243
2122 240
2991 430
2076 785
3204 1790
2125 1466
2923 1041
2098 1412
2221 846
2127 1432
3206 1461
2261 566
2081 238
2924 1648
3205 1808
2076 1720
2090 563
3168 1076
2992 1784
3197 108
3233 991
3233 1533
3170 1012
3238 1063
2132 1525
3272 28
3168 341
2998 1549
2949 791
2954 1785
3234 596
2254 1303
3235 1705
2089 1920
2948 263
2926 1780
2092 1670
2950 1858
2954 282
2128 506
2925 1526
2928 1156
2093 695
2944 1947
2217 1783
3171 1744
2133 333
3170 887
2929 1264
2929 142
2248 413
2248 1391
2218 968
2136 106
2981 1383
3236 815
3240 915
2945 1733
2084 1217
2219 161
2246 1431
2129 1965
2108 1372
3239 392
3238 1378
2982 1803
2249 536
3209 799
2947 913
2102 1061
2086 1334
3173 793
3258 585
2245 1603
2983 1638
2088 1340
2946 1
2952 1713
2927 1600
3197 175
3207 1160
2134 1893
2993 721
2252 747
2087 737
3169 1252
3198 1521
2137 316
2130 1668
2255 1465
2101 92
3241 1002
2223 893
2107 1138
3241 1495
3208 1155
2994 1428
3207 1520
2271 1831
3242 576
2088 503
2131 97
3243 1913
2103 1389
2256 945
2106 137
3199 519
2134 1711
2257 964
2258 190
2271 924
2951 1300
3254 1272
2104 1490
2953 1173
2103 116
2996 604
2995 414
3200 1752
3178 1708
3248 1680
3244 758
3172 1904
2260 728
2251 1633
2138 1202
2253 38
3212 593
3201 1562
2951 1034
3211 1651
3245 1485
3211 676
2105 25
3245 482
2997 366
2224 1304
3174 783
3253 339
2150 337
3257 1000
2222 1551
2151 539
2120 1892
2997 949
2145 544
3203 119
2155 1499
2234 160
2225 502
2234 259
2142 1333
3202 1577
3058 1848
2139 1442
3255 115
3213 1596
3176 1426
2109 1192
3185 1584
2117 1364
2143 794
2144 903
2227 1675
3218 1346
3249 177
3029 460
2270 1053
2263 870
2141 967
2266 1203
3025 1182
3250 1262
2116 1700
2268 665
2232 549
3256 688
3251 1579
2156 1592
2148 1741
2110 816
2262 839
3192 153
2111 1330
3256 1195
3011 1998
2265 1555
2113 1095
3219 191
3184 693
2111 1888
2115 743
3015 486
3026 1204
3216 1493
3028 1420
3192 1968
3179 976
2112 1438
2154 524
3262 1886
3259 274
2118 1857
2147 1434
2152 670
3183 1929
3030 1518
3010 738
3217 1098
3044 515
3226 85
2231 1963
2267 1652
3179 1854
3217 1801
2149 1291
3030 636
3013 1986
3014 1125
2228 1820
2147 760
2229 1332
3010 1548
3194 332
2231 11
3263 1930
2153 733
2119 1672
2228 1988
3002 764
3180 1232
3041 680
3260 1629
2263 1233
2153 1810
2269 801
2114 318
2230 921
3012 1514
3040 2
2530 830
3032 1126
3191 1284
3225 1105
3264 509
2274 1767
2274 1942
3043 1471
2408 1976
3056 1655
3002 745
3016 529
3222 299
3261 179
2294 302
2411 118
3260 1327
2275 403
2442 1871
3221 1824
3055 1731
3182 221
2295 547
2403 1500
3052 1481
3053 1702
3273 317
2314 571
3034 373
3193 404
2441 1318
3051 1100
3187 1967
3003 1847
3035 1566
3033 1299
3188 26
2404 1605
2412 805
3045 1255
2409 257
2451 1613
3039 1734
3047 637
2294 1688
3054 1016
2314 768
3036 251
2451 1560
3004 1924
2295 797
3223 1919
2317 1112
3224 627
2298 7
3046 1379
3270 417
2443 27
3017 1772
2317 1464
3006 994
2277 37
3273 1253
3189 41
2296 386
2408 911
3229 1795
2405 647
2279 1891
3267 1408
3266 1849
2421 1822
3020 1851
2276 1301
2444 592
3050 594
2318 204
2315 331
2453 990
2413 1307
3007 755
2283 1324
3228 284
3230 1807
2299 988
3050 368
3018 276
2280 677
3019 474
3266 13
3005 528
3227 1798
3190 372
3009 362
3009 80
2300 194
3021 130
3038 435
3231 1152
2445 564
3190 1683
3268 1377
2319 1834
2472 433
3038 478
2281 545
3231 375
2414 1358
2446 361
3049 640
3024 1646
2281 74
3057 45
3022 1411
2316 1193
2302 1660
2323 863
2301 1038
2320 342
2454 145
2420 1907
2301 62
2322 1470
2447 809
3322 1503
2326 1390
2415 1535
2282 296
2455 554
3387 997
2449 165
2448 980
3616 1661
2416 1813
3277 1570
2419 1042
2406 1158
3275 1564
3392 1074
3313 1842
2418 1380
2286 1226
2454 198
2407 1875
3584 1639
3321 1472
3321 1147
2313 938
2324 838
3274 1507
3996 624
3325 654
3584 76
2406 1079
2439 837
3324 1475
2326 1673
3624 63
3618 1761
3628 1027
3617 1882
2457 1267
3278 1338
3625 818
3385 707
3278 908
3332 1114
3585 1275
2325 556
2285 319
2284 725
3392 1185
3385 1981
2310 1755
3313 1121
2338 1736
2432 590
2465 71
3393 841
3619 664
3386 1436
3388 1634
2432 1497
2305 476
3319 1662
3274 1235
2306 1923
2304 307
2433 1005
3626 611
3394 827
3588 694
3589 1355
2434 1211
2287 667
2456 1726
2471 1058
2328 516
2464 810
3591 1231
3590 461
2332 865
3589 1604
2329 1951
3333 1154
2340 1511
3318 1544
2288 724
3326 1071
2333 1917
3289 1776
2333 1066
3390 310
2426 697
3590 1934
3391 1228
3315 1524
2289 1927
2428 1879
3391 1833
2307 230
2458 86
3281 671
3627 1072
3315 1754
2429 220
3320 135
2435 1593
2464 849
3601 1129
2422 1873
2436 406
2465 750
3329 1982
3330 1872
3280 714
2308 1179
3592 1956
2463 1884
2292 944
3316 1406
3593 1392
2331 1174
3622 491
2438 1014
2437 896
2427 999
3279 505
2459 9
2466 237
2337 1181
3595 1325
2312 1925
3620 1343
3282 832
3594 1492
3329 1637
3627 675
2339 1725
3396 49
2467 651
3331 766
3621 72
3287 553
3317 962
2335 1293
2436 696
2461 882
3399 497
3285 477
2312 322
2423 348
2425 437
2290 465
3283 1649
2336 492
3400 1047
3353 396
3599 1274
2469 1337
2529 787
3633 1626
2291 223
2462 1691
3398 250
3397 256
2468 189
3286 1509
2424 1630
3402 1178
3596 1856
3341 1866
3342 812
3283 954
3400 1357
3597 1997
3287 522
3399 424
3598 224
2507 920
2355 1035
3654 879
3648 308
2375 379
3405 1288
2478 1653
3602 679
2341 623
2374 1150
3629 1815
3334 777
2348 876
3337 901
3630 1082
3334 273
2393 932
3421 790
3654 327
3344 500
3605 1864
3631 1979
2509 1804
2347 154
2342 952
3404 1402
2372 206
3336 453
2392 1254
3420 1165
3604 242
2344 1561
2344 306
2473 200
2391 706
2349 367
3636 138
3420 595
3603 143
3655 1120
3403 48
3648 265
2350 880
3606 326
3350 1214
3337 1515
3422 746
2473 1941
2348 550
2373 1297
2511 1080
2379 350
3304 1184
3423 147
2478 774
3649 631
2512 400
3352 1227
2352 1194
3607 641
2393 736
2394 883
3349 610
3411 1219
2508 914
3655 181
3290 934
2345 1696
3348 1433
3291 771
3349 578
2376 978
3406 886
2372 14
2528 756
3408 619
3347 40
2506 1728
2498 218
2353 1829
2509 193
3635 1256
2474 622
2354 77
3407 1556
2399 819
3608 291
2480 1385
2346 1614
3408 1679
3638 885
2497 186
3403 722
2476 561
3609 411
3637 1049
3409 828
3339 1811
2346 919
3650 806
2477 1075
2378 1721
2477 1062
3651 485
2357 995
3340 1814
2498 875
3296 527
3424 416
3340 410
3641 895
3637 405
3641 1534
3346 1624
2400 1611
2489 1374
3297 620
3429 1580
2366 34
2382 1382
3647 1367
2381 472
3298 4
3419 1839
2356 464
3343 39
3292 1926
3652 1306
3425 632
2525 1498
3611 463
3610 1775
3294 384
2395 1107
3383 1770
2384 1850
2396 1040
3642 171
3417 1640
2386 1993
2490 742
2358 1336
2358 1283
2517 422
3413 1992
2514 1832
2481 1955
3294 730
2505 167
2385 910
3612 936
3639 141
3414 634
3448 1480
2517 1877
3354 208
2481 1685
3426 1117
3640 966
3645 1319
2380 950
2388 691
3418 1903
3646 1610
2520 720
2359 1085
2513 557
3612 3
2365 1823
3653 449
2519 36
3428 732
3354 715
3644 1240
3428 1522
3613 1654
2401 1995
3299 172
3430 1838
2361 1747
3300 618
2491 155
3295 1146
3364 1697
3757 1452
2526 1938
2387 66
3365 1594
2482 955
2500 1921
3355 1362
2363 1735
2397 1601
2526 1830
3449 1870
2398 1591
3369 719
3295 378
3657 1370
2389 245
2362 1684
2501 1914
2367 358
3303 354
2364 1867
2502 1665
3368 418
3439 1421
3432 1751
2397 1473
3656 1191
3684 907
3301 8
3439 689
3684 687
2486 933
2503 778
3302 42
2389 757
3689 834
3658 18
2492 1487
2494 1354
3363 22
3685 1001
2521 833
3699 1483
2368 946
3659 1978
2522 239
3660 312
2362 644
3367 298
3433 1317
3384 1802
3661 1311
3434 1161
2484 535
2368 448
2504 297
2495 1209
2485 897
2504 1251
2369 1190
3688 1132
3435 1724
3366 1387
3690 55
2493 336
3358 1186
2524 434
3687 1077
2487 792
3446 956
2523 881
2523 1180
2487 982
3663 845
3442 1778
3441 674
3703 1104
2908 335
3758 1474
3443 1905
3306 1225
3307 734
2531 577
3696 1344
3305 188
2671 452
3305 278
3682 543
3370 1757
2672 134
2531 381
2697 645
3437 538
2697 1162
3371 779
3692 1277
2532 1828
3359 617
3308 285
3372 195
3309 300
3438 29
3671 660
2757 1636
2673 537
3376 1430
3665 504
2675 562
3362 1427
3444 650
3438 541
3378 125
2556 1964
3693 65
2676 977
3691 813
2698 1449
3376 363
3373 1899
3375 1183
2534 898
3382 1609
3683 267
2687 1437
2701 854
2533 490
3698 1876
2701 81
3360 1531
3361 1089
2555 353
3445 222
3379 922
2673 1323
3694 1045
2535 1529
3445 894
2536 1243
2677 1643
3673 1305
3310 261
2688 1729
3361 615
2557 1933
3379 380
2537 1910
2688 50
3700 151
2556 754
2558 983
3695 1631
2702 1644
2757 607
3666 1365
2702 582
3583 1527
3701 82
3542 1419
3450 802
2541 1441
2538 1506
3452 1020
2564 5
2703 483
3667 1996
3540 1878
2540 663
3541 168
3676 1259
2758 1164
3496 1969
3546 1777
3453 1241
2689 1083
3499 1718
3675 1959
3543 1090
2560 1946
2690 1980
3496 121
2706 917
3457 183
3674 93
2760 1169
2686 1010
3453 100
3678 352
2691 878
3545 985
3459 173
2758 1647
2708 1312
3544 963
2554 272
2693 947
3454 56
3550 1748
2561 905
3669 1279
3670 157
3459 1476
2692 1167
3497 1440
3509 1553
3553 1347
2548 1737
2544 704
2680 560
2707 269
3702 94
2546 1840
2679 1768
3511 270
2678 457
2681 1151
3676 960
2684 1962
2763 182
3670 1816
2704 1052
3499 795
3551 521
2694 338
2711 603
3510 942
3455 1206
3555 166
2546 843
3507 851
2563 1707
3456 1547
3681 1366
2562 1759
2762 159
2551 630
2547 753
3679 1328
3547 1957
3553 1853
2712 614
3554 855
2713 1880
3582 133
3498 129
3548 912
2766 114
3702 1046
3701 389
2683 407
2696 1612
3479 1541
2710 320
3669 268
2543 892
2678 1536
2764 393
3680 1296
2545 1444
3756 1745
2552 1657
3470 1985
2542 283
3512 584
2705 126
3552 52
2710 826
3460 690
3508 649
3506 1690
3471 1405
3501 928
3472 33
2552 804
2765 1368
2553 1036
3501 1285
3461 334
3726 873
3552 856
3710 864
3726 1009
3502 1586
3997 748
3711 112
3705 1682
3473 829
2562 1115
3705 1400
3722 1791
3722 989
2756 107
2568 355
2734 314
2742 357
3504 1030
2742 1023
3474 1945
3723 1674
3706 1345
2734 1939
3568 1257
2718 1067
3462 279
3475 1954
2743 311
3505 46
3727 67
3477 1667
2716 1403
2721 1122
3538 711
3707 840
2714 275
2790 789
2744 558
3463 1341
2592 1468
3728 1932
2767 532
2717 731
2719 1215
3724 1015
3729 1516
2745 1885
3466 643
2768 581
3467 376
2566 961
2769 1244
3468 1223
3581 99
2770 821
2567 1142
3526 708
3754 1961
3523 1897
2770 763
3522 996
3708 1199
3524 698
3515 1208
2722 1762
2747 1916
2565 1386
3557 253
3514 1157
3581 857
2717 551
2569 1671
2566 1806
3478 360
2571 625
2736 1588
2720 1230
3525 1139
3469 84
3735 1163
2775 1445
2737 1915
3526 1937
3557 248
2747 480
3736 344
3476 848
2725 60
2751 1750
2777 1032
3755 436
2573 542
2572 930
3709 20
3737 629
2573 211
3713 1130
3730 398
3558 1898
2592 1845
2748 798
2777 1940
3469 329
2594 1469
2789 1693
2593 612
3731 1424
3516 701
2723 447
2754 1491
3517 1128
3740 501
2577 1314
2738 559
3734 1451
3579 973
3732 1792
2749 1102
2724 1265
2778 1021
3739 568
3487 916
2726 89
2750 981
2739 1429
3530 1797
2596 971
2791 246
2773 1443
3485 803
2774 1482
3733 1695
3481 1895
2780 678
3486 1124
2787 1101
2574 205
3520 729
2787 890
2779 199
3519 176
3746 91
3528 351
3573 110
3488 428
3569 835
3561 1248
2726 1977
3495 438
2786 518
2602 1417
2595 401
3480 1189
3559 1196
2752 567
2782 1409
2786 139
3539 1369
3529 1373
3572 1990
2603 1948
3580 628
3562 1739
2727 986
3521 390
2728 1994
2731 1991
3482 1388
3747 1578
2730 1290
3747 281
2584 850
2576 1143
3714 591
3494 1399
2788 87
3572 174
3563 1809
3748 1276
2753 1044
2753 820
2575 1602
3490 210
2597 948
3564 1281
2783 494
3531 1007
3575 290
3578 156
2732 673
2783 523
3562 1234
2740 1172
2732 1037
3721 70
3576 602
2598 1922
3715 572
3491 626
2813 573
3533 1462
2604 1818
3742 61
3578 872
3532 197
2793 969
3741 1928
3741 1149
2792 397
3749 1414
2859 1360
3532 1746
3535 862
2792 1207
3752 1133
2578 1837
3492 1749
3716 959
3718 1398
2798 442
2863 395
2579 459
2599 1719
3565 1096
3577 1906
3565 229
2600 47
3480 1176
3493 659
2814 1966
2906 1936
3484 111
3751 1846
3717 356
3719 1331
3535 88
2582 940
2859 1623
3720 1447
2795 869
2601 1177
2580 1134
2863 98
3719 1246
3751 1943
2815 741
3493 247
3744 1031
3745 601
2864 1350
3537 498
3745 1505
3537 180
2574 929
2581 1855
3995 429
3783 58
2821 525
2867 445
2605 146
3838 313
2590 1723
2794 1140
3776 69
3786 365
3777 1013
2606 1070
3759 1363
2606 700
2825 1656
3759 1168
2795 1361
2607 1494
2872 1175
2794 1170
3784 440
3862 1606
3840 1987
3761 450
3838 1546
3952 1054
2869 937
2608 213
2820 1200
3760 1187
2800 1349
3785 635
2802 927
2821 1627
3952 583
2816 1224
2874 1805
3787 288
2589 1826
3779 122
2585 598
3946 884
2817 877
2822 1415
2833 481
3862 1764
3790 613
3864 759
3953 597
3868 1573
3869 1779
3955 1709
2586 1018
3863 287
2796 852
3788 1197
2589 1558
3870 1315
2865 600
2873 1201
2586 51
2812 526
2868 1488
3841 717
3953 941
3842 1582
3867 749
2819 431
3957 241
3778 57
2861 163
2871 587
2862 264
3861 672
3792 207
2823 249
3836 1006
3780 609
3863 1094
3844 1065
3970 444
3843 975
2670 1540
3781 1287
3871 96
3970 1011
2870 1843
2805 1351
2613 681
2806 347
2872 1860
3769 1064
3872 546
3845 105
3789 228
3969 775
2862 1395
3845 1212
2614 1057
3830 1060
2807 1523
2881 1342
3762 1766
3848 780
3846 1704
3873 1422
2827 1563
3963 120
3874 1686
3766 1852
2876 859
3800 1931
3763 979
3846 668
2623 1278
3872 533
3764 1763
3958 1874
2611 1205
2877 225
3946 831
3964 68
3765 1912
3965 184
2826 1384
2879 1692
3791 1496
2878 1958
3947 1238
3767 1453
3849 391
3880 669
3768 1110
3960 1295
2803 858
2803 953
2619 286
3969 781
2905 425
3881 432
3882 1743
3831 19
3948 124
3832 1687
2619 451
3889 203
2623 1918
3799 713
3890 187
3860 1266
2804 1455
2810 1108
3961 943
3763 1446
3775 359
2615 1569
2811 1641
2616 1793
3850 1088
3951 684
2631 1423
2828 1048
2632 455
2630 1537
2617 1397
2617 867
3951 484
2904 1971
3994 1632
3852 305
2633 844
3887 900
2829 1310
2907 825
3971 1073
2624 340
2625 836
3971 842
3793 972
2830 1984
3875 475
3967 1113
3851 260
3772 271
2634 931
2635 1758
3968 21
3794 471
3853 325
3855 807
3976 1595
3888 1087
2887 767
2882 127
2810 1456
2831 1381
3834 716
2627 16
3835 289
2621 346
3793 1950
3859 1249
3857 349
2640 1086
3884 1245
3858 1353
3857 513
3795 1326
3883 458
3876 1863
3885 784
2883 770
3798 164
3797 1135
3877 1952
2637 1799
2628 765
3796 1136
3773 702
3888 1218
3977 658
3858 974
2629 570
3972 1081
3774 699
3879 399
2847 808
2841 1698
2834 1111
2620 1229
2638 1261
3992 1581
2641 441
2639 103
3835 1069
2846 1171
2887 192
2638 43
2843 1237
2834 1356
2852 469
3828 252
3928 59
3929 534
3973 1703
3914 1418
2669 703
3912 1410
3927 1575
3913 642
3899 415
2884 1999
2849 1844
3927 1460
3915 23
3945 1706
3804 1669
2848 101
3944 1093
3900 1501
2650 605
3816 315
2836 871
3920 470
3978 1868
3917 1127
3817 1375
3974 255
3805 78
3815 462
3917 772
2885 1309
2888 692
2837 1302
2663 277
3815 1730
3979 712
2844 158
2663 824
3891 226
3974 216
2886 1765
2850 1467
3918 487
3904 1166
2886 951
3824 170
2851 574
2845 1269
3891 1448
2642 1118
3921 374
2653 1220
3919 1024
2891 1119
3942 686
3983 1781
2851 1153
3932 1881
3933 1865
2857 12
3980 1567
3818 1508
2903 666
2651 1972
3898 993
2651 1887
3988 420
2838 370
3984 1587
3980 580
3819 1028
2664 1817
3892 467
2856 1401
2642 439
2659 906
2896 1689
3926 262
3934 75
3982 1348
2901 1694
3892 1004
3910 939
3935 409
2839 1565
3893 744
3820 1650
3935 1486
2666 1270
2853 970
3808 402
3981 776
3911 324
3902 1782
3989 1722
3988 1597
3821 923
3801 1519
3825 1774
2896 1532
3910 295
3990 1658
3894 773
3985 1890
2854 1477
2657 132
3801 235
2855 599
3823 1909
3806 866
3827 1568
2654 874
2894 24
3825 387
3802 796
3909 1642
2658 1106
2643 1371
3941 1576
3905 1771
3937 1902
3936 83
2654 345
2900 90
2902 388
2667 321
2894 488
2899 1681
2644 117
2647 811
3827 214
3925 1413
3897 646
3906 586
3987 853
2840 1786
2855 899
3803 301
3907 1450
3923 1677
3807 109
2660 710
3908 1393
3937 456
3923 531
2655 496
3814 1017
2661 656
3895 1528
3987 1788
3812 682
3938 1092
3940 1949
2645 1622
3925 904
2646 1298
3939 1008
3813 965
2901 201
2895 1078
2648 293
2897 31
2648 1753
2664 1554
3813 1714
3908 507
2668 1538
2840 1973
2895 209
3810 212
2005 2000
2000 2001
2001 2002
2002 2003
2005 2004
2008 2005
2002 2006
2008 2007
2012 2008
2013 2009
2011 2010
2016 2011
2019 2012
2014 2013
2011 2014
2020 2015
2021 2016
2021 2017
2017 2018
2023 2019
2019 2020
2015 2021
2013 2022
2029 2023
2025 2024
2026 2025
2038 2026
2028 2027
2037 2028
2030 2029
2044 2030
2044 2031
2075 2032
2032 2033
2033 2034
2034 2035
2035 2036
2033 2037
2045 2038
2043 2039
2043 2040
2031 2041
2039 2042
2041 2043
2028 2044
2046 2045
2047 2046
2057 2047
2054 2048
2066 2049
2052 2050
2050 2051
2067 2052
2074 2053
2053 2054
2074 2055
2055 2056
2049 2057
2059 2058
2065 2059
2061 2060
2062 2061
2063 2062
2273 2063
2063 2064
2060 2065
2051 2066
2069 2067
2064 2068
2070 2069
2073 2070
2073 2071
2071 2072
2068 2073
2066 2074
2038 2075
2082 2076
2078 2077
2081 2078
2089 2079
2079 2080
2080 2081
2083 2082
2077 2083
2085 2084
2108 2085
2085 2086
2086 2087
2087 2088
2084 2089
2096 2090
2092 2091
2099 2092
2091 2093
2157 2094
2094 2095
2095 2096
2098 2097
2091 2098
2090 2099
2102 2100
2100 2101
2099 2102
2107 2103
2101 2104
2104 2105
2105 2106
2100 2107
2093 2108
2121 2109
2121 2110
2112 2111
2113 2112
2114 2113
2115 2114
2110 2115
2109 2116
2118 2117
2116 2118
2117 2119
2106 2120
2120 2121
2123 2122
2124 2123
2125 2124
2126 2125
2127 2126
2132 2127
2129 2128
2130 2129
2131 2130
2138 2131
2133 2132
2135 2133
2137 2134
2136 2135
2128 2136
2135 2137
2155 2138
2146 2139
2141 2140
2146 2141
2140 2142
2144 2143
2156 2144
2142 2145
2143 2146
2149 2147
2140 2148
2148 2149
2145 2150
2150 2151
2154 2152
2152 2153
2151 2154
2139 2155
2119 2156
2042 2157
2159 2158
2178 2159
2161 2160
2158 2161
2172 2162
2164 2163
2165 2164
2162 2165
2177 2166
2168 2167
2171 2168
2211 2169
2169 2170
2170 2171
2171 2172
2170 2173
2173 2174
2176 2175
2174 2176
2162 2177
2167 2178
2180 2179
2181 2180
2182 2181
2183 2182
2187 2183
2202 2184
2186 2185
2192 2186
2186 2187
2202 2188
2188 2189
2191 2190
2195 2191
2191 2192
2194 2193
2196 2194
2198 2195
2197 2196
2201 2197
2201 2198
2200 2199
2237 2200
2199 2201
2185 2202
2204 2203
2205 2204
2206 2205
2207 2206
2208 2207
2209 2208
2210 2209
2189 2210
2190 2211
2213 2212
2214 2213
2215 2214
2216 2215
2221 2216
2218 2217
2220 2218
2246 2219
2219 2220
2217 2221
2224 2222
2220 2223
2226 2224
2226 2225
2223 2226
2222 2227
2229 2228
2233 2229
2233 2230
2230 2231
2227 2232
2232 2233
2225 2234
2236 2235
2272 2236
2238 2237
2272 2238
2235 2239
2241 2240
2242 2241
2243 2242
2261 2243
2243 2244
2252 2245
2247 2246
2245 2247
2249 2248
2250 2249
2259 2250
2258 2251
2250 2252
2260 2253
2255 2254
2256 2255
2257 2256
2251 2257
2259 2258
2253 2259
2270 2260
2254 2261
2268 2262
2262 2263
2269 2264
2266 2265
2267 2266
2530 2267
2264 2268
2265 2269
2264 2270
2247 2271
2240 2272
2163 2273
2275 2274
2277 2275
2282 2276
2278 2277
2279 2278
2276 2279
2283 2280
2280 2281
2286 2282
2278 2283
2306 2284
2284 2285
2293 2286
2305 2287
2287 2288
2288 2289
2292 2290
2290 2291
2289 2292
2304 2293
2296 2294
2298 2295
2297 2296
2299 2297
2297 2298
2300 2299
2302 2300
2303 2301
2303 2302
2313 2303
2285 2304
2293 2305
2340 2306
2330 2307
2309 2308
2328 2309
2309 2310
2331 2311
2330 2312
2310 2313
2315 2314
2316 2315
2323 2316
2318 2317
2319 2318
2320 2319
2321 2320
2322 2321
2327 2322
2327 2323
2325 2324
2338 2325
2321 2326
2324 2327
2311 2328
2311 2329
2308 2330
2339 2331
2334 2332
2332 2333
2335 2334
2336 2335
2425 2336
2334 2337
2329 2338
2337 2339
2307 2340
2402 2341
2343 2342
2341 2343
2343 2344
2342 2345
2345 2346
2402 2347
2349 2348
2350 2349
2351 2350
2347 2351
2351 2352
2354 2353
2352 2354
2291 2355
2371 2356
2353 2357
2356 2358
2371 2359
2359 2360
2360 2361
2364 2362
2360 2363
2363 2364
2361 2365
2370 2366
2370 2367
2369 2368
2367 2369
2365 2370
2357 2371
2379 2372
2374 2373
2375 2374
2376 2375
2399 2376
2378 2377
2383 2378
2373 2379
2384 2380
2388 2381
2400 2382
2382 2383
2381 2384
2380 2385
2390 2386
2390 2387
2401 2388
2387 2389
2385 2390
2394 2391
2391 2392
2392 2393
2377 2394
2377 2395
2395 2396
2398 2397
2396 2398
2383 2399
2386 2400
2366 2401
2355 2402
2404 2403
2411 2404
2403 2405
2407 2406
2405 2407
2409 2408
2412 2409
2421 2410
2410 2411
2410 2412
2414 2413
2420 2414
2417 2415
2448 2416
2418 2417
2419 2418
2472 2419
2415 2420
2413 2421
2426 2422
2438 2423
2529 2424
2424 2425
2433 2426
2422 2427
2427 2428
2428 2429
2439 2430
2430 2431
2431 2432
2430 2433
2431 2434
2437 2435
2435 2436
2434 2437
2429 2438
2417 2439
2443 2440
2440 2441
2441 2442
2444 2443
2445 2444
2446 2445
2447 2446
2450 2447
2450 2448
2416 2449
2457 2450
2452 2451
2442 2452
2452 2453
2455 2454
2453 2455
2458 2456
2471 2457
2463 2458
2460 2459
2461 2460
2462 2461
2507 2462
2459 2463
2467 2464
2470 2465
2470 2466
2468 2467
2469 2468
2466 2469
2460 2470
2456 2471
2449 2472
2475 2473
2475 2474
2476 2475
2480 2476
2474 2477
2479 2478
2489 2479
2479 2480
2482 2481
2486 2482
2484 2483
2485 2484
2488 2485
2488 2486
2483 2487
2908 2488
2490 2489
2491 2490
2527 2491
2493 2492
2494 2493
2495 2494
2483 2495
2502 2496
2499 2497
2497 2498
2505 2499
2496 2500
2527 2501
2501 2502
2496 2503
2503 2504
2500 2505
2510 2506
2512 2507
2511 2508
2508 2509
2525 2510
2510 2511
2528 2512
2499 2513
2513 2514
2514 2515
2515 2516
2518 2517
2519 2518
2520 2519
2516 2520
2518 2521
2521 2522
2524 2523
2522 2524
2515 2525
2516 2526
2492 2527
2506 2528
2423 2529
2440 2530
2532 2531
2533 2532
2538 2533
2539 2534
2534 2535
2537 2536
2539 2537
2535 2538
2541 2539
2554 2540
2540 2541
2543 2542
2550 2543
2549 2544
2547 2545
2542 2546
2549 2547
2545 2548
2550 2549
2553 2550
2548 2551
2551 2552
2568 2553
2544 2554
2559 2555
2555 2556
2536 2557
2564 2558
2558 2559
2559 2560
2560 2561
2563 2562
2561 2563
2557 2564
2569 2565
2570 2566
2610 2567
2567 2568
2610 2569
2571 2570
2572 2571
2577 2572
2565 2573
2575 2574
2576 2575
2584 2576
2591 2577
2580 2578
2583 2579
2581 2580
2582 2581
2583 2582
2590 2583
2579 2584
2587 2585
2587 2586
2588 2587
2670 2588
2588 2589
2585 2590
2578 2591
2593 2592
2594 2593
2596 2594
2602 2595
2604 2596
2609 2597
2591 2598
2609 2599
2599 2600
2600 2601
2603 2602
2597 2603
2595 2604
2601 2605
2607 2606
2608 2607
2605 2608
2598 2609
2570 2610
2612 2611
2613 2612
2614 2613
2615 2614
2616 2615
2618 2616
2618 2617
2621 2618
2611 2619
2641 2620
2622 2621
2620 2622
2624 2623
2625 2624
2636 2625
2634 2626
2626 2627
2640 2628
2628 2629
2631 2630
2632 2631
2633 2632
2907 2633
2630 2634
2626 2635
2635 2636
2627 2637
2639 2638
2637 2639
2636 2640
2629 2641
2643 2642
2644 2643
2647 2644
2646 2645
2649 2646
2649 2647
2645 2648
2668 2649
2669 2650
2653 2651
2650 2652
2652 2653
2656 2654
2656 2655
2661 2656
2667 2657
2662 2658
2652 2659
2662 2660
2660 2661
2659 2662
2665 2663
2665 2664
2666 2665
2657 2666
2658 2667
2655 2668
2622 2669
2612 2670
2672 2671
2674 2672
2674 2673
2675 2674
2676 2675
2677 2676
2686 2677
2681 2678
2682 2679
2682 2680
2679 2681
2685 2682
2685 2683
2696 2684
2756 2685
2680 2686
2689 2687
2687 2688
2690 2689
2693 2690
2684 2691
2691 2692
2695 2693
2695 2694
2692 2695
2683 2696
2699 2697
2699 2698
2700 2699
2703 2700
2700 2701
2698 2702
2706 2703
2705 2704
2711 2705
2709 2706
2708 2707
2713 2708
2707 2709
2712 2710
2694 2711
2709 2712
2704 2713
2718 2714
2719 2715
2715 2716
2714 2717
2716 2718
2722 2719
2725 2720
2715 2721
2720 2722
2724 2723
2733 2724
2733 2725
2723 2726
2730 2727
2739 2728
2731 2729
2728 2730
2741 2731
2729 2732
2727 2733
2755 2734
2745 2735
2755 2736
2736 2737
2737 2738
2729 2739
2741 2740
2738 2741
2743 2742
2746 2743
2735 2744
2746 2745
2748 2746
2735 2747
2754 2748
2772 2749
2751 2750
2773 2751
2791 2752
2752 2753
2749 2754
2744 2755
2721 2756
2760 2757
2759 2758
2763 2759
2759 2760
2762 2761
2764 2762
2761 2763
2765 2764
3460 2765
2761 2766
2790 2767
2769 2768
2767 2769
2771 2770
2768 2771
2750 2772
2774 2773
2780 2774
2771 2775
2775 2776
2776 2777
2789 2778
2784 2779
2781 2780
2779 2781
2781 2782
2788 2783
2778 2784
2784 2785
2785 2786
2785 2787
2782 2788
2776 2789
2766 2790
2772 2791
2793 2792
2798 2793
2802 2794
2799 2795
2797 2796
2801 2797
2797 2798
2833 2799
2799 2800
2800 2801
2796 2802
2808 2803
2809 2804
2812 2805
2805 2806
2806 2807
2804 2808
2807 2809
2811 2810
2809 2811
2801 2812
2740 2813
2813 2814
2906 2815
2825 2816
2818 2817
2816 2818
2818 2819
2824 2820
2820 2821
2817 2822
2824 2823
2822 2824
2815 2825
2832 2826
2823 2827
2826 2828
2828 2829
2829 2830
2830 2831
2827 2832
2819 2833
2835 2834
2836 2835
2843 2836
2835 2837
2837 2838
2838 2839
2839 2840
2852 2841
2841 2842
2842 2843
2842 2844
2844 2845
2831 2846
2846 2847
2858 2848
2848 2849
2849 2850
2850 2851
2858 2852
2856 2853
2853 2854
2854 2855
2857 2856
2845 2857
2847 2858
2860 2859
2874 2860
2865 2861
2861 2862
2864 2863
2867 2864
2866 2865
2875 2866
2860 2867
2873 2868
2868 2869
2869 2870
2870 2871
2871 2872
2875 2873
2866 2874
2881 2875
2877 2876
2878 2877
2879 2878
2880 2879
2905 2880
2876 2881
2904 2882
2882 2883
2883 2884
2884 2885
2890 2886
2888 2887
2890 2888
2885 2889
2889 2890
2889 2891
2903 2892
2892 2893
2893 2894
2893 2895
2898 2896
2902 2897
2897 2898
2898 2899
2899 2900
2900 2901
2892 2902
2891 2903
2880 2904
2832 2905
2814 2906
2808 2907
2671 2908
2912 2909
2913 2910
2918 2911
2911 2912
2919 2913
2921 2914
2914 2915
2917 2916
2915 2917
2910 2918
2920 2919
2956 2920
2918 2921
2937 2922
2955 2923
2923 2924
2926 2925
2927 2926
2924 2927
2925 2928
2928 2929
2939 2930
2932 2931
2933 2932
2934 2933
3001 2934
2942 2935
2930 2936
2938 2937
2936 2938
2940 2939
2935 2940
2940 2941
2934 2942
2941 2943
2950 2944
2944 2945
2945 2946
2946 2947
2949 2948
2943 2949
2948 2950
2953 2951
2947 2952
2952 2953
2943 2954
2937 2955
2931 2956
2967 2957
2957 2958
2963 2959
2961 2960
2962 2961
2963 2962
2969 2963
2967 2964
2966 2965
2964 2966
2959 2967
2966 2968
2971 2969
2979 2970
2979 2971
2976 2972
2978 2973
3000 2974
2974 2975
2975 2976
2974 2977
2977 2978
2973 2979
2981 2980
2982 2981
2983 2982
3058 2983
2989 2984
2986 2985
2987 2986
2988 2987
2989 2988
2990 2989
2999 2990
2990 2991
2991 2992
2998 2993
2993 2994
2994 2995
2995 2996
2996 2997
2992 2998
2980 2999
2984 3000
2972 3001
3003 3002
3004 3003
3006 3004
3007 3005
3008 3006
3020 3007
3005 3008
3008 3009
3011 3010
3012 3011
3013 3012
3014 3013
3015 3014
3016 3015
3017 3016
3023 3017
3019 3018
3037 3019
3023 3020
3022 3021
3018 3022
3024 3023
3021 3024
3026 3025
3027 3026
3031 3027
3027 3028
3028 3029
3029 3030
3041 3031
3031 3032
3035 3033
3032 3034
3039 3035
3033 3036
3036 3037
3057 3038
3034 3039
3044 3040
3042 3041
3056 3042
3055 3043
3042 3044
3048 3045
3047 3046
3049 3047
3046 3048
3322 3049
3048 3050
3182 3051
3043 3052
3054 3053
3051 3054
3040 3055
3045 3056
3037 3057
3025 3058
3060 3059
3090 3060
3060 3061
3061 3062
3062 3063
3062 3064
3067 3065
3067 3066
3068 3067
3069 3068
3074 3069
3069 3070
3073 3071
3071 3072
3066 3073
3064 3074
3115 3075
3075 3076
3167 3077
3077 3078
3078 3079
3084 3080
3088 3081
3081 3082
3082 3083
3083 3084
3082 3085
3087 3086
3085 3087
3089 3088
3167 3089
3116 3090
3092 3091
3111 3092
3092 3093
3093 3094
3091 3095
3093 3096
3098 3097
3096 3098
3103 3099
3102 3100
3102 3101
3104 3102
3101 3103
3110 3104
3109 3105
3105 3106
3108 3107
3106 3108
3101 3109
3095 3110
3072 3111
3117 3112
3112 3113
3113 3114
3114 3115
3079 3116
3124 3117
3119 3118
3120 3119
3121 3120
3117 3121
3126 3122
3122 3123
3122 3124
3133 3125
3127 3126
3125 3127
3129 3128
3145 3129
3143 3130
3130 3131
3145 3132
3132 3133
3137 3134
3136 3135
3137 3136
3146 3137
3142 3138
3140 3139
3141 3140
3131 3141
3147 3142
3144 3143
3153 3144
3139 3145
3138 3146
3130 3147
3149 3148
3160 3149
3156 3150
3152 3151
3165 3152
3154 3153
3151 3154
3158 3155
3157 3156
3205 3157
3272 3158
3155 3159
3150 3160
3162 3161
3166 3162
3151 3163
3163 3164
3159 3165
3165 3166
3076 3167
3169 3168
3178 3169
3171 3170
3173 3171
3175 3172
3271 3173
3175 3174
3176 3175
3185 3176
3201 3177
3172 3178
3181 3179
3181 3180
3195 3181
3052 3182
3186 3183
3196 3184
3186 3185
3184 3186
3191 3187
3187 3188
3188 3189
3189 3190
3196 3191
3193 3192
3194 3193
3183 3194
3053 3195
3180 3196
3198 3197
3199 3198
3177 3199
3177 3200
3202 3201
3203 3202
3271 3203
3157 3204
3206 3205
3209 3206
3208 3207
3210 3208
3210 3209
3214 3210
3215 3211
3200 3212
3215 3213
3212 3214
3214 3215
3232 3216
3226 3217
3213 3218
3232 3219
3225 3220
3264 3221
3220 3222
3222 3223
3223 3224
3219 3225
3216 3226
3230 3227
3227 3228
3224 3229
3229 3230
3228 3231
3218 3232
3235 3233
3237 3234
3234 3235
3237 3236
3258 3237
3239 3238
3240 3239
3236 3240
3246 3241
3247 3242
3246 3243
3243 3244
3244 3245
3242 3246
3252 3247
3254 3248
3250 3249
3251 3250
3259 3251
3257 3252
3248 3253
3252 3254
3253 3255
3255 3256
3249 3257
3247 3258
3269 3259
3269 3260
3265 3261
3220 3262
3221 3263
3262 3264
3263 3265
3268 3266
3270 3267
3267 3268
3261 3269
3265 3270
3174 3271
3204 3272
3195 3273
3275 3274
3276 3275
3289 3276
3276 3277
3277 3278
3282 3279
3279 3280
3280 3281
3284 3282
3281 3283
3285 3284
3288 3285
3288 3286
3286 3287
3304 3288
3284 3289
3291 3290
3312 3291
3290 3292
3292 3293
3293 3294
3293 3295
3297 3296
3298 3297
3300 3298
3303 3299
3299 3300
3357 3301
3357 3302
3301 3303
3312 3304
3307 3305
3311 3306
3311 3307
3309 3308
3310 3309
3583 3310
3308 3311
3296 3312
3319 3313
3316 3314
3317 3315
3320 3316
3314 3317
3314 3318
3318 3319
3333 3320
3323 3321
3996 3322
3332 3323
3323 3324
3324 3325
3327 3326
3328 3327
3330 3328
3326 3329
3331 3330
3353 3331
3327 3332
3328 3333
3335 3334
3338 3335
3335 3336
3336 3337
3352 3338
3338 3339
3339 3340
3342 3341
3344 3342
3383 3343
3345 3344
3351 3345
3348 3346
3351 3347
3347 3348
3346 3349
3345 3350
3343 3351
3350 3352
3341 3353
3355 3354
3356 3355
3302 3356
3306 3357
3384 3358
3362 3359
3374 3360
3360 3361
3374 3362
3381 3363
3365 3364
3367 3365
3381 3366
3366 3367
3369 3368
3363 3369
3380 3370
3380 3371
3373 3372
3375 3373
3358 3374
3382 3375
3377 3376
3378 3377
3371 3378
3377 3379
3372 3380
3370 3381
3359 3382
3364 3383
3356 3384
3388 3385
3394 3386
3389 3387
3389 3388
3390 3389
3395 3390
3395 3391
3386 3392
3387 3393
3393 3394
3396 3395
3431 3396
3431 3397
3397 3398
3398 3399
3401 3400
3405 3401
3401 3402
3404 3403
3412 3404
3412 3405
3407 3406
3410 3407
3409 3408
3410 3409
3419 3410
3406 3411
3411 3412
3426 3413
3415 3414
3416 3415
3418 3416
3448 3417
3417 3418
3415 3419
3423 3420
3424 3421
3421 3422
3422 3423
3429 3424
3427 3425
3414 3426
3413 3427
3430 3428
3425 3429
3427 3430
3402 3431
3449 3432
3432 3433
3433 3434
3434 3435
3435 3436
3436 3437
3437 3438
3440 3439
3758 3440
3447 3441
3436 3442
3447 3443
3443 3444
3444 3445
3656 3446
3442 3447
3368 3448
3416 3449
3451 3450
3458 3451
3457 3452
3454 3453
3458 3454
3479 3455
3471 3456
3451 3457
3455 3458
3452 3459
3461 3460
3997 3461
3997 3462
3477 3463
3462 3464
3463 3465
3478 3466
3464 3467
3467 3468
3464 3469
3472 3470
3470 3471
3473 3472
3474 3473
3475 3474
3465 3475
3465 3476
3466 3477
3468 3478
3456 3479
3481 3480
3482 3481
3484 3482
3489 3483
3494 3484
3520 3485
3489 3486
3476 3487
3483 3488
3487 3489
3495 3490
3490 3491
3491 3492
3492 3493
3488 3494
3483 3495
3497 3496
3498 3497
3503 3498
3513 3499
3504 3500
3513 3501
3500 3502
3502 3503
3505 3504
3538 3505
3503 3506
3512 3507
3511 3508
3582 3509
3507 3510
3510 3511
3506 3512
3500 3513
3515 3514
3516 3515
3517 3516
3518 3517
3521 3518
3539 3519
3486 3520
3519 3521
3527 3522
3522 3523
3523 3524
3524 3525
3525 3526
3530 3527
3527 3528
3528 3529
3518 3530
3529 3531
3534 3532
3531 3533
3536 3534
3536 3535
3533 3536
3534 3537
3514 3538
3485 3539
3541 3540
3542 3541
3509 3542
3549 3543
3543 3544
3540 3545
3544 3546
3549 3547
3547 3548
3545 3549
3546 3550
3556 3551
3548 3552
3554 3553
3555 3554
3551 3555
3550 3556
3558 3557
3560 3558
3566 3559
3559 3560
3560 3561
3561 3562
3566 3563
3563 3564
3564 3565
3580 3566
3568 3567
3556 3568
3570 3569
3579 3570
3573 3571
3574 3572
3570 3573
3571 3574
3574 3575
3575 3576
3576 3577
3571 3578
3567 3579
3569 3580
3567 3581
3508 3582
3450 3583
3587 3584
3586 3585
3601 3586
3586 3587
3587 3588
3585 3589
3591 3590
3588 3591
3593 3592
3594 3593
3595 3594
3596 3595
3598 3596
3600 3597
3597 3598
3600 3599
3602 3600
3592 3601
3605 3602
3604 3603
3606 3604
3615 3605
3607 3606
3608 3607
3609 3608
3614 3609
3611 3610
3613 3611
3614 3612
3757 3613
3610 3614
3603 3615
3617 3616
3619 3617
3616 3618
3620 3619
3623 3620
3622 3621
3599 3622
3621 3623
3618 3624
3628 3625
3625 3626
3626 3627
3624 3628
3630 3629
3632 3630
3632 3631
3633 3632
3623 3633
3638 3634
3634 3635
3629 3636
3635 3637
3636 3638
3647 3639
3639 3640
3652 3641
3646 3642
3644 3643
3645 3644
3653 3645
3643 3646
3634 3647
3649 3648
3650 3649
3651 3650
3642 3651
3643 3652
3640 3653
3631 3654
3615 3655
3440 3656
3659 3657
3664 3658
3446 3659
3664 3660
3660 3661
3672 3662
3662 3663
3657 3664
3671 3665
3665 3666
3666 3667
3667 3668
3668 3669
3668 3670
3682 3671
3661 3672
3683 3673
3677 3674
3674 3675
3675 3676
3673 3677
3677 3678
3681 3679
3679 3680
3678 3681
3672 3682
3662 3683
3685 3684
3690 3685
3688 3686
3689 3687
3687 3688
3703 3689
3686 3690
3697 3691
3691 3692
3692 3693
3693 3694
3697 3695
3686 3696
3696 3697
3694 3698
3698 3699
3699 3700
3700 3701
3695 3702
3663 3703
3706 3704
3711 3705
3712 3706
3704 3707
3707 3708
3708 3709
3756 3710
3704 3711
3710 3712
3712 3713
3709 3714
3721 3715
3717 3716
3715 3717
3716 3718
3720 3719
3718 3720
3714 3721
3723 3722
3724 3723
3725 3724
3754 3725
3727 3726
3728 3727
3729 3728
3725 3729
3731 3730
3732 3731
3733 3732
3734 3733
3755 3734
3736 3735
3737 3736
3738 3737
3740 3738
3738 3739
3730 3740
3742 3741
3743 3742
3752 3743
3743 3744
3744 3745
3739 3746
3753 3747
3753 3748
3748 3749
3749 3750
3750 3751
3750 3752
3746 3753
3735 3754
3713 3755
3680 3756
3658 3757
3441 3758
3760 3759
3761 3760
3762 3761
3770 3762
3764 3763
3765 3764
3771 3765
3768 3766
3770 3767
3769 3768
3781 3769
3766 3770
3767 3771
3775 3772
3772 3773
3773 3774
3771 3775
3786 3776
3778 3777
3785 3778
3776 3779
3792 3780
3782 3781
3780 3782
3777 3783
3787 3784
3784 3785
3783 3786
3790 3787
3789 3788
3791 3789
3788 3790
3832 3791
3779 3792
3794 3793
3796 3794
3799 3795
3797 3796
3798 3797
3795 3798
3800 3799
3782 3800
3802 3801
3803 3802
3814 3803
3828 3804
3804 3805
3811 3806
3808 3807
3809 3808
3805 3809
3807 3810
3809 3811
3811 3812
3812 3813
3810 3814
3816 3815
3817 3816
3824 3817
3826 3818
3820 3819
3823 3820
3806 3821
3821 3822
3822 3823
3826 3824
3818 3825
3819 3826
3822 3827
3774 3828
3843 3829
3861 3830
3833 3831
3831 3832
3830 3833
3994 3834
3834 3835
3847 3836
3847 3837
3839 3838
3840 3839
3995 3840
3839 3841
3841 3842
3836 3843
3829 3844
3837 3845
3837 3846
3842 3847
3829 3848
3848 3849
3860 3850
3859 3851
3856 3852
3851 3853
3853 3854
3854 3855
3855 3856
3856 3857
3854 3858
3850 3859
3849 3860
3844 3861
3866 3862
3866 3863
3865 3864
3867 3865
3865 3866
3873 3867
3869 3868
3864 3869
3868 3870
3870 3871
3871 3872
3874 3873
3880 3874
3890 3875
3878 3876
3875 3877
3877 3878
3878 3879
3881 3880
3993 3881
3889 3882
3876 3883
3885 3884
3886 3885
3883 3886
3886 3887
3884 3888
3993 3889
3852 3890
3898 3891
3896 3892
3894 3893
3895 3894
3896 3895
3897 3896
3911 3897
3893 3898
3900 3899
3944 3900
3902 3901
3903 3902
3904 3903
3899 3904
3909 3905
3905 3906
3906 3907
3907 3908
3901 3909
3901 3910
3903 3911
3913 3912
3922 3913
3920 3914
3916 3915
3912 3916
3922 3917
3916 3918
3918 3919
3921 3920
3932 3921
3914 3922
3924 3923
3926 3924
3924 3925
3919 3926
3929 3927
3879 3928
3930 3929
3945 3930
3942 3931
3931 3932
3931 3933
3933 3934
3943 3935
3941 3936
3940 3937
3936 3938
3938 3939
3939 3940
3943 3941
3930 3942
3934 3943
3915 3944
3928 3945
3947 3946
3949 3947
3882 3948
3948 3949
3949 3950
3962 3951
3955 3952
3954 3953
3957 3954
3954 3955
3963 3956
3956 3957
3966 3958
3964 3959
3962 3960
3950 3961
3961 3962
3958 3963
3965 3964
3966 3965
3960 3966
3959 3967
3967 3968
3959 3969
3956 3970
3950 3971
3977 3972
3975 3973
3978 3974
3992 3975
3968 3976
3975 3977
3972 3978
3973 3979
3981 3980
3990 3981
3991 3982
3979 3983
3991 3984
3986 3985
3982 3986
3986 3987
3989 3988
3984 3989
3985 3990
3983 3991
3976 3992
3887 3993
3833 3994
3577 3995
3325 3996
