steiner points
490 254
490 370
496 446
490 439
724 418
993 201
993 311
993 344
993 367
570 446
301 883
370 946
451 1045
370 1045
260 1101
183 1307
183 1350
183 1426
183 1521
183 1595
183 1215
724 446
797 1044
668 1045
668 1127
668 1172
668 1235
668 1272
820 1272
797 1027
486 1045
1157 633
1157 979
1157 1073
1157 1259
1306 1259
1156 1627
1035 1272
797 710
590 2168
572 2262
230 2170
446 2170
572 2170
539 2564
404 2638
512 2638
539 2638
146 2703
198 2710
241 2710
241 2776
241 2835
572 2453
876 1859
1021 1859
1086 1768
858 1970
851 1981
762 2262
796 2262
851 2035
933 2275
1124 2348
1124 2438
1124 2556
1038 2644
1124 2300
795 2818
1030 2684
1030 2818
851 2262
635 2262
1086 1859
1677 161
1615 161
1714 191
1919 251
1717 251
2070 258
1399 315
1714 251
1656 315
2070 419
2070 350
1460 812
1445 1109
1157 1272
1360 1259
1445 1223
1950 668
2019 567
1813 943
1950 943
1972 943
2037 943
1813 1012
1813 1160
1912 1160
2046 969
2382 1057
1950 819
1733 1223
1994 1412
1930 1412
1733 1356
1775 1223
1861 1412
2019 668
1593 1670
2064 1591
1786 1670
1861 1564
1920 1564
2064 1620
1861 1504
2219 1757
1821 1906
2185 1757
2114 1757
1593 1683
1807 2090
2054 2109
1901 2109
1807 2109
2054 2141
1807 1937
1510 2405
2087 2461
2087 2448
2273 2461
2021 2540
2021 2613
1974 2613
1661 2613
2081 2186
1821 1670
1157 1416
2799 70
2911 173
2646 188
2646 306
2770 367
2646 367
2812 501
3075 287
2799 173
2516 835
2730 835
2439 929
2439 1057
2223 1057
2439 835
2812 635
2978 837
2812 835
2812 837
2812 1108
2954 1315
3586 95
3586 134
3586 136
3613 296
3775 300
3518 474
3431 474
3241 415
3601 474
3531 748
3543 790
3753 790
3518 678
4020 300
4436 213
3681 300
3681 397
4355 532
4179 532
4020 502
4039 532
3636 1073
3489 1127
3489 1221
3738 1011
3880 1007
3753 886
3753 1007
3902 1219
4044 1272
4065 1272
4279 1063
4264 1177
4030 1272
4264 1272
3489 1096
3902 1182
3255 474
2699 1578
2699 1645
2954 1463
2954 1508
2954 1645
2961 1692
3057 1692
3057 1737
2783 1645
2592 1823
2746 2164
2888 2083
2750 2101
2621 2164
2564 2164
2746 2307
2746 2349
2424 1922
3019 2079
3328 2200
3138 2294
3206 2200
2496 2669
2704 2445
2704 2669
2704 2819
2424 2164
3543 1564
3647 1678
3639 1678
3543 1678
3677 2141
3494 2200
3588 2200
3677 2200
3677 1815
4018 1702
4020 1754
4099 1775
4020 1775
3982 1815
3805 1815
3458 2458
3458 2542
3458 2683
3458 2759
3458 2791
3703 2458
4223 2467
4112 2467
3931 2467
4430 2467
4315 2467
3918 2467
3818 2467
4112 2579
3752 2467
3672 2458
3703 2281
3138 2200
3489 1405
2467 1073
425 3069
425 3191
425 3305
425 3364
479 3393
754 3556
1120 3079
1061 3114
1120 3114
1211 3114
1304 3114
927 3162
1044 3162
1044 3372
1164 3407
1164 3427
1065 3427
1044 3377
1013 3516
1192 3457
1294 3457
922 3556
1044 3427
479 3556
1661 2857
1810 3088
1931 3286
1883 3286
1837 3130
2062 3286
1601 3286
1586 3457
1586 3573
1586 3682
1837 3286
1368 3457
140 4096
97 4110
97 4298
97 4402
97 4448
97 4529
770 4096
770 4112
770 4269
1371 4031
1371 4101
1366 4335
1065 4356
1118 4389
1248 4389
1366 4389
913 4277
579 4096
342 4687
342 4751
342 4953
578 4953
724 4953
725 4953
950 4953
301 5317
301 5483
725 5275
774 5494
774 5571
774 5705
746 5705
642 5724
455 5724
725 5133
1139 4846
1320 4846
1125 4892
1125 5016
1125 5033
1152 5055
1180 5085
1180 5156
1121 5156
1185 5198
1125 4979
1214 5441
1082 5418
1185 5379
1214 5512
1214 5600
1185 5418
990 5033
342 4687
1734 3786
1734 3918
1765 4138
1765 4230
1970 4230
1761 4444
2157 4173
2157 4446
2041 4230
2157 4230
1676 4716
1667 4749
1667 4830
1667 4846
2028 5108
1667 5081
1738 5108
2089 5108
2028 5478
2028 5332
1667 4738
1487 4846
1734 4108
2623 3048
2780 3048
2773 3048
2865 3119
2398 3076
2780 3144
2780 3185
2780 3197
2780 3119
2443 3425
2451 3509
2664 3509
2780 3267
2721 3739
2363 3819
2612 3936
2677 3936
2721 3842
2778 3842
2757 3509
2398 3936
2363 3936
2363 4067
2363 4094
2757 3658
3155 2925
3155 2995
3180 3119
2896 3119
3304 3090
3352 3053
3698 3053
3459 3053
3698 3205
3530 3390
3598 3390
3698 3390
3698 3506
3155 3119
4276 2925
3931 2925
4536 3021
4319 3281
4319 3314
3971 3358
3971 3439
4012 3439
4166 3439
4369 3021
3815 2925
3668 4100
3698 3761
3687 3822
3687 3955
3687 3956
3687 4004
3687 4100
3414 4100
4365 3761
4365 3765
4365 3924
4050 3761
3698 3640
3251 3119
2485 4453
2542 4453
2180 4446
2298 4824
2310 4824
2408 4824
2408 4908
2455 4908
2542 4671
2408 4998
2408 5102
2431 5164
2541 5164
2408 5164
2740 5308
2542 4908
2931 4581
3168 4645
2981 4645
2931 4645
2895 4779
3414 4262
3467 4483
3467 4522
3467 4645
3472 4675
3190 4645
2879 5086
3229 5152
2980 5152
2783 5308
3146 5152
3206 5152
3059 5152
3423 5152
2980 5308
3102 5510
3102 5609
3117 5624
3236 5662
2980 5504
2879 4971
4265 4495
4265 4714
3987 4507
3987 4438
4203 4714
3987 4714
3946 4743
4324 4844
3946 4788
3705 5364
4324 4979
4324 5254
4240 5416
4240 5609
4160 5772
3979 5779
3979 5755
3810 5666
4324 5406
3643 5296
2559 5308
3414 4221
2335 4446
1661 3003
94 6057
488 6209
331 6209
488 6271
696 6521
672 6523
495 6523
488 6523
94 6209
1143 6060
1435 6060
1084 6126
1676 5932
1448 6037
1536 5932
1639 5932
1227 6060
1699 6036
1143 6126
1435 6266
1699 6180
1435 6250
1521 6504
1014 6552
1177 6559
1345 6559
1699 6371
1412 6504
1901 6629
1699 6504
1589 6816
1608 6825
1948 6469
1901 6548
1756 6629
1581 6692
1581 6775
1699 6629
822 6521
2212 6233
2120 6448
2526 6512
2425 6512
2220 6574
2220 6619
2220 6649
2139 6649
2139 6813
2214 6545
2524 5983
2634 6063
2800 6348
2800 6411
2839 6344
3103 6463
2886 6344
2752 6348
2634 6348
2981 6344
3235 6463
3103 6584
2950 6760
3103 6645
3103 6760
2212 6448
2214 6512
2022 6465
4020 5779
3667 5857
3978 5949
3978 6015
4052 6063
4194 6063
3651 6282
3600 6445
3637 6445
3637 6510
3875 6646
3777 6653
3654 6530
3651 6768
3654 6653
4257 6238
4257 6296
4257 6646
4083 6646
4257 6741
4257 6790
3872 6653
4257 6063
3415 6455
86 6981
99 7231
99 7338
99 7590
99 7757
99 7784
726 7431
565 7579
744 7789
634 7789
565 7610
651 7789
518 7877
565 7789
201 7757
518 7899
484 8095
472 8095
342 8095
342 8215
518 8042
1126 7175
1020 7175
1020 7238
1124 7305
1020 7305
1444 7106
1440 7305
1440 7488
1793 7076
1807 7076
1637 7099
1700 7099
1700 7373
1194 7305
1164 7769
518 7789
1158 7829
1164 7829
1207 7848
971 8200
1061 8209
1055 8246
971 8246
976 8357
932 8354
970 8287
1061 8365
970 8354
1330 8211
1307 8272
1239 8272
1226 8272
1150 8365
1061 7829
1440 7743
1440 7570
1610 8098
1507 8098
1430 8098
1430 8211
1430 8384
1516 8392
1977 8048
1840 8048
1769 8048
1642 8098
1430 7906
1977 7952
1769 8005
1977 8275
1760 8098
1345 8211
1521 7743
1061 8014
290 8919
134 8951
105 8951
348 8778
444 8778
564 8778
564 8797
564 8921
663 9111
508 9116
726 8961
226 8951
390 9364
414 9364
390 9474
390 9584
191 9632
286 9632
348 9632
494 9253
1202 8676
1027 8676
1023 8676
839 9010
1023 8683
1067 8910
1023 9010
1023 8910
957 9222
957 9260
957 9311
1174 9311
943 9393
1005 9110
1023 9053
1516 8530
1516 8543
1593 8822
1516 8627
1733 8822
1778 8822
1885 8822
1593 8910
1709 9192
1593 9061
1709 9288
1709 9394
2046 9720
1709 9458
1709 9606
1497 9741
1917 9606
1593 9192
1356 8910
663 8961
1516 8479
2426 7097
2363 7097
2311 7097
2426 7107
2429 7137
2445 7169
2467 7257
2603 7257
2798 7257
2466 7508
2466 7561
2466 7875
2360 7875
2295 7875
2466 7494
2445 7148
3064 7184
3064 7231
3013 7334
3155 7390
3064 7390
3155 7342
2467 7269
3490 7025
3629 7292
3490 7292
3064 7334
3490 7488
3490 7566
3490 7342
3064 7646
2936 7727
2936 7864
2936 7981
3112 7984
2936 7984
3203 7984
3487 7951
3203 7951
3207 8025
3276 8103
2936 8017
2936 7888
2836 7334
3689 7265
4383 7382
4044 7429
4046 7516
4178 7516
4383 7516
4046 7612
4046 7793
4046 7791
4046 7678
4129 7876
4311 8053
4129 8053
4129 7793
3989 7265
3110 8220
3276 8123
3251 8203
3276 8203
3104 8278
3104 8372
3022 8399
3022 8472
2826 8565
3022 8565
2768 8491
2347 8939
2348 9008
2348 9020
2688 8712
2688 8812
3022 8897
2617 9008
2348 9182
2310 9207
3022 8582
2813 8812
3022 9055
3169 9101
3279 9101
3324 9101
3495 9101
3128 9101
2465 9495
2649 9495
2734 9503
2734 9579
2734 9645
2734 9783
2661 9814
3413 9429
3128 9281
3413 9467
3206 9467
3128 9467
3206 9883
2909 9503
3206 9774
3022 8812
3678 8430
3678 8487
3840 8487
3902 8533
4005 8533
4356 8533
3902 8792
3853 8802
3903 9095
4026 9095
3848 9142
3853 9142
3853 9095
3848 9402
3853 8994
4365 8875
4365 8970
4365 9107
4306 9107
4365 9130
4365 9202
4306 9295
3726 9142
3902 8771
3849 9477
3887 9682
4082 9682
3869 9775
4159 9778
4195 9778
4320 9778
3869 9682
3528 9142
3364 8249
2112 7875
3103 6971
3978 5857
4837 403
4697 403
4837 795
4745 795
4698 795
4875 798
4698 888
4698 1065
4650 1160
4698 1160
4702 1451
4698 1026
4837 567
5374 215
5374 430
5285 471
5286 606
5756 44
5703 149
5593 167
5374 180
5522 430
5839 481
5743 481
5576 743
5692 481
5285 433
5850 694
5576 481
5111 919
5174 1034
5174 1060
5174 1188
5564 977
5813 1138
5780 1188
5714 1188
5564 1188
5451 1188
5445 1188
5879 1086
6230 1086
5714 1468
5958 1481
5714 1441
5397 1188
5564 910
5026 914
4702 1641
4702 1678
4702 1860
4877 1878
4740 2098
4740 2103
4731 2105
5357 1769
4981 1878
5212 1934
5255 1934
5357 1934
5450 2057
5450 2178
5181 1934
4740 1878
6445 380
6566 446
6775 521
6775 511
6587 511
6775 724
6369 810
6322 924
6298 947
6775 810
6298 1086
6377 1295
6528 1295
6298 1295
6656 1421
6656 1489
6591 1681
6656 1577
6591 1689
6661 1956
6434 1986
6382 1986
6591 1956
6298 1340
6306 1363
4622 3021
4675 3021
4526 3021
4698 3022
4892 2873
4885 3129
4885 3072
4744 3028
5026 3129
4820 3072
4859 3273
4885 3272
4780 3435
4859 3435
4882 3435
4951 3505
4951 3657
4951 3718
4859 3390
4683 3273
5238 2463
5554 2178
5716 2178
5716 2498
5200 2758
5161 2808
5135 2834
5135 2886
5564 2906
5135 2912
5188 2912
5631 2807
5290 2912
5216 2568
5260 3170
5032 3170
5290 3170
5462 3171
5466 3207
5531 3324
5389 3496
5209 3496
5761 3324
5806 3140
5466 3324
5417 3496
5290 3000
5425 3170
5975 2329
6345 2390
6187 2428
6092 2428
6092 2602
6225 2714
6116 2714
6092 2714
6475 2265
6432 2343
6688 2508
6432 2390
6288 2390
6618 2564
6688 2564
6498 2533
6457 2533
6457 2819
6259 2953
6259 3038
5811 3067
6636 2922
6768 3036
7176 3086
6729 3216
6729 3277
6691 3354
6457 2922
6608 3484
6608 3617
5955 3828
6027 3992
6369 3749
6608 3749
6608 3554
6259 2936
6259 3067
5288 2260
6994 435
7317 435
7503 443
7568 443
7619 443
7125 681
7076 720
7198 733
7076 752
7125 720
7125 435
7201 435
7568 691
7730 788
7754 788
7994 789
7718 907
7979 891
7568 788
7125 540
7104 1141
7339 1141
7354 1076
7066 1141
7633 1267
7763 1267
7370 1306
7492 1306
7600 1306
7339 1238
7763 1018
8307 86
8040 175
8040 392
7994 761
8165 622
8042 789
7763 891
7847 891
8116 622
8508 622
8465 840
8465 875
8338 905
8465 622
8116 789
8338 1096
8386 1091
8338 1091
8261 1096
8338 1203
8426 1329
8426 1372
8426 1270
8338 956
7763 907
8990 379
8733 379
8709 384
8596 611
9026 362
9026 379
8709 379
9025 586
9026 467
8788 920
8970 1012
8888 1012
8873 1012
8818 1012
8818 1079
8818 1145
8737 698
9396 217
9371 217
9231 392
9231 467
9599 113
9600 234
9599 228
9681 234
9472 228
9493 705
9643 676
9600 584
9643 834
9643 853
9545 915
9630 915
9476 1269
9526 1269
9600 676
9086 467
8709 611
7700 1803
7350 1824
7067 2022
7095 2022
7211 2022
7332 2022
7350 2022
7492 1794
7350 1794
7841 1803
7697 1794
8022 1803
8022 2021
7232 2549
7163 2549
7121 2549
7246 2601
7246 2721
7487 2465
7487 2601
7945 2316
7933 2413
7836 2413
7739 2413
7739 2577
7912 2719
7769 2719
7579 2601
7696 2601
7696 2719
7430 2601
8022 2189
7190 2879
7176 2963
7378 3086
6928 3086
7435 3086
7441 2990
7098 3086
7541 3033
8118 3000
7676 3057
7584 3057
7584 3146
7584 3150
7584 3241
7460 2990
6768 3086
7253 3640
7322 3640
7198 3673
7198 3747
7157 3747
7280 3758
7584 3390
7540 3586
7952 3357
7952 3464
7788 3494
7868 3494
7952 3494
7584 3494
7494 3640
7584 3281
7246 2817
8426 1474
8563 1578
8710 1664
8710 1738
8661 1911
8489 1931
8595 1931
8710 1837
8961 1664
9084 1664
9141 1664
8961 1717
9141 1763
9141 1930
9176 1930
9293 1930
9141 1901
8867 1664
9538 1851
9577 2113
9881 2113
9885 1947
9538 1913
9538 1869
9424 1913
8908 2478
8918 2478
8669 2478
9042 2478
8669 2711
8669 2520
8751 2768
8588 2711
8336 3048
8235 3000
8429 3048
8697 3138
8668 2925
8336 3000
8668 3048
8697 3225
8623 3333
8697 3333
8320 3259
8514 3609
8623 3609
8704 3609
8704 3677
8704 3848
8673 3860
8623 3498
9170 3212
8808 3333
9048 3341
9170 3341
9214 3467
8871 3341
8751 2769
9391 2286
9443 2286
9465 2286
9577 2209
9585 2347
9602 2598
9602 2627
9948 2632
9925 2899
9765 2900
9909 2900
9338 3200
9404 3267
9744 3139
9520 3274
9442 3274
9993 3066
9909 2974
9797 3139
9909 3066
9906 3139
9891 3222
9891 3366
9536 3274
9906 3162
9672 3529
9769 3529
9890 3429
9890 3529
9890 3659
9867 3766
9948 2850
9333 3200
9577 2286
7702 3057
8426 1578
7098 3185
4898 4125
4980 4125
4640 4125
4639 4125
4763 4125
4768 4125
4980 4284
5096 4312
4980 4312
4557 4125
4966 4533
4745 4555
4788 4555
4846 4555
4846 4620
4935 4730
4799 4728
4846 4666
4978 4817
4846 4728
5096 4445
5291 4599
5239 4620
5239 4715
5239 4716
5185 4877
5056 4846
5143 4867
5256 4910
5256 4981
5256 5016
5195 5016
5367 5048
5286 5048
5239 4877
5126 4867
5291 4510
6027 3998
5624 3998
6150 3992
6150 4075
6150 4090
6150 4197
6176 4384
5618 4092
6918 3977
6575 3992
6818 3992
6818 4078
6818 4314
6285 3992
5780 4656
5780 4769
6054 4935
5579 5093
5780 4935
5774 5093
5878 4935
6067 4945
6141 4965
6221 4563
6090 4965
6569 4963
6338 5037
6221 4761
6224 5066
6221 4965
5641 5093
7033 4796
6707 4796
6701 4796
6677 4796
6569 4796
6569 4916
6363 5037
6224 5037
5446 5074
5120 5547
4963 5547
4842 5542
4783 5542
4719 5542
5193 5547
4963 5731
4743 5858
4737 5858
5091 5900
4963 5858
5335 5915
5257 6073
4692 6385
5205 6208
4781 6442
4724 6442
5115 6442
5009 5900
5971 5672
5379 5840
5585 5840
5257 5915
5257 6160
5650 5781
5894 5924
5894 5941
5894 6020
5894 5781
5442 6344
5442 6356
5707 6447
5518 6447
5442 6177
5442 6160
6211 5223
6211 5311
6035 5604
6211 5604
6278 5684
6356 5625
6124 5604
6462 5516
6315 5684
6635 5325
6686 5325
6731 5325
6601 5417
6434 5516
6601 5516
6803 5782
6833 5799
7006 5919
7006 5799
6903 5799
6903 5799
6723 5743
6723 5569
6281 6174
6157 6238
6157 6564
6548 6136
6784 6295
6946 6295
6226 6174
6703 6136
6742 6136
7006 6017
6986 6225
6986 6295
6506 6174
7006 6202
6211 5684
6211 5716
7467 4395
7570 4421
7852 4848
7635 4730
7570 4655
7496 4759
7414 4794
7570 4730
7772 4497
7908 4562
7907 4562
7772 4562
8101 4456
8181 4524
8101 4524
8000 4560
7688 4730
7907 4783
7791 4848
8128 4911
7992 4911
7688 4848
7907 4679
7852 4911
8658 4093
8847 4100
8910 4100
8622 4133
8483 4154
8590 4154
8671 4093
8712 4100
8910 4276
9073 4100
8674 4719
8361 4524
8235 4524
8674 4649
8546 4770
8777 4719
8910 4379
9081 4542
9081 4655
9106 4706
9081 4706
8976 4719
8655 4770
9081 4598
8566 4524
7434 5188
7358 5188
7481 5188
7481 5246
7358 5700
7521 5706
7370 5706
7370 5792
7311 5815
7311 5953
7296 6020
7288 6145
7288 6295
7323 6296
7614 6298
7288 6296
7358 5363
7860 5309
8024 5309
7776 5565
8325 5156
8128 5056
8323 5179
8325 5177
8099 5242
7860 5356
8094 5628
7860 5565
8077 5576
8379 5177
8379 5269
8532 5383
8532 5451
8532 5499
8532 5577
8486 5578
8785 5279
9129 5447
8958 5447
8785 5447
9129 5518
8772 5577
8682 5577
8532 5340
8094 5695
8258 6061
8336 6061
8475 6061
8324 6375
7783 6412
7873 6412
8214 6506
8158 5958
7943 6506
8180 6506
8214 6536
8660 5919
8534 6058
8558 6058
8660 6058
8677 6065
8965 5899
8965 6018
8965 6078
8965 6231
8699 6078
8965 6407
9100 6506
8838 6407
8336 6338
8094 5923
7621 5571
8128 5179
9751 4071
9752 4082
9752 4133
9574 4358
9699 4358
9704 4358
9752 4358
9556 4547
9490 4653
9369 4700
9439 4700
9490 4700
9491 4777
9891 4574
9891 4597
9891 4761
9830 4774
9830 4850
9678 4850
9678 4873
9607 4994
9709 4994
9753 4994
9678 4994
9574 4377
9372 5211
9601 5425
9731 5185
9863 5224
9863 5317
9506 5425
9824 5425
9372 5425
9506 5499
9605 5648
9641 5785
9863 5398
9543 5607
9444 6069
9374 6118
9374 6279
9253 6423
9374 6423
9961 5999
9853 5999
9745 5999
9745 6305
9677 6453
9745 6453
9794 6481
9745 6209
9566 6069
9641 5999
9709 5064
9186 5447
7168 6295
6369 3992
4799 6796
4826 6796
4826 6990
4826 7046
4808 7111
4808 7317
4753 7387
4720 7418
4973 7375
5868 6771
5664 6771
5661 6771
5325 6771
5302 6771
5122 7561
5538 7825
5464 7708
5504 7708
5464 7721
5464 7734
5464 7825
5420 7825
5122 7825
5844 7166
5844 7289
5844 7421
5844 7472
5844 7483
5844 7769
5593 7793
5738 7793
5868 7147
4808 7375
6242 6745
6303 6862
6469 6879
6324 7168
6037 7256
6063 7256
6288 7256
6352 7088
6618 6879
6656 6879
6745 6879
6469 6966
6893 6974
6469 7088
6513 7103
6571 7218
6606 7218
6606 7283
6059 7421
6181 7525
6119 7525
6066 7525
6220 7535
6220 7668
6371 7668
6996 7626
6858 7627
6847 7627
6647 7627
6606 7627
6847 7811
6847 7727
6805 7811
6305 7668
6606 7372
5969 7421
7288 6694
7288 7095
7288 7101
7288 7216
7459 7013
7578 7031
7459 7031
7459 7185
7459 7274
7430 7274
7337 7274
7012 7452
7192 7546
7394 7647
7513 7504
7432 7504
7432 7624
7330 7647
7192 7647
7430 7348
8000 7076
7914 7076
7914 7099
7914 7237
7914 7286
7914 7348
7913 7536
7814 7604
7862 7604
7913 7604
7942 7739
7942 7766
8174 8021
7914 7874
8174 7832
7914 7502
7749 7286
7192 7452
4713 8221
4704 8221
4713 8461
4875 8461
4679 8700
4713 8408
4926 8637
5024 8736
4926 8736
4679 8470
5224 8506
5617 8446
5920 8446
5920 8517
5518 8693
5948 8324
5948 8376
5758 8446
4926 8506
5523 8535
5523 8506
4785 9086
4566 9107
4693 9107
4693 9187
4693 9392
4693 9441
4693 9621
5101 9292
5101 9441
5101 9650
5255 9653
5314 9670
5430 9670
5518 8886
5684 9080
5684 9173
5684 9435
5834 9443
5778 9443
5607 9596
6238 9443
5778 9573
5258 9670
6024 9700
5538 9772
5538 9877
6524 9498
5538 9670
4917 9441
5684 9324
6529 8277
6510 8385
6529 8385
6669 8385
6827 8429
6949 8429
6309 8735
6294 8769
6827 8539
6831 8711
6812 8805
6812 8883
6960 8758
6960 8758
6960 8903
6960 8925
6831 8758
6686 8675
6827 8675
7186 8328
7509 8328
7483 8328
7354 8328
7509 8384
7513 8438
7513 8595
7292 8328
7695 8237
8003 8021
7730 8233
7601 8328
7690 8462
7690 8517
7690 8328
7373 8720
7352 8824
7352 8941
7352 8983
7313 8983
7227 8983
7136 8758
7352 8758
6773 9366
6024 9443
6575 9498
6243 9498
6243 9443
6524 9667
6524 9728
6524 9844
7339 9228
7343 9228
7599 9228
7633 9228
7227 9090
7283 9307
7339 9307
7227 9307
7018 9378
7018 9550
7039 9621
7489 9730
7039 9730
7039 9829
7489 9642
7162 9730
7438 9730
7438 9770
7438 9926
7536 9926
7554 9926
7741 9874
7700 9926
7039 9959
7039 9550
6669 9366
7018 9366
6024 9700
7942 8021
8703 6915
8587 6915
8533 7013
8247 7409
8533 7099
8533 7175
8533 7232
8499 7367
8370 7409
8499 7443
8499 7409
8629 7443
8533 7343
8247 7557
8185 7775
8617 8015
8179 8021
8174 7839
7942 7874
8434 8021
8449 8212
8434 8136
8434 8212
8247 7686
9116 6787
9264 7051
8982 7056
9116 7051
9547 6738
9384 6739
9212 7051
9264 7152
9384 6827
9384 6901
9610 6989
9607 7025
9468 7051
9600 7051
9384 6935
9342 7051
9384 7051
9264 7241
9899 6785
9920 6920
9920 6929
9855 7074
9920 7074
9810 7074
9830 7159
9855 7132
9701 6989
8987 7443
9058 7443
9154 7443
9154 7502
9154 7563
9265 7323
9377 7473
9377 7502
9717 7611
9158 7502
8985 8011
8985 8044
9353 7978
9382 8049
9382 8117
9033 8163
9259 8234
9169 8234
9377 7611
9546 7611
9717 7726
9717 7737
9738 7748
9961 7748
9738 7930
9787 7748
9738 7862
9353 7894
9377 7357
8725 7443
8458 8544
8330 8544
8844 8629
8787 8651
8707 8651
8549 8651
9169 8443
9143 8481
8939 8522
9171 8596
9143 8522
8549 8893
9034 9108
8708 9183
8549 9012
8561 9411
8561 9459
9098 9106
9053 9108
8772 9108
9089 9256
9089 9331
9136 9331
9136 9385
9053 9152
8515 9860
9229 9728
9020 9708
9136 9560
9020 9772
9293 9799
8941 9860
8778 9860
9136 9708
8561 9183
9571 8594
9867 8782
9799 8782
9665 8782
9799 8944
9776 9263
9776 9307
9776 9385
9776 9427
9641 9660
9676 9660
9776 9660
9554 9742
9905 9780
9905 9824
9776 9515
9799 9144
9480 9385
9382 8234
7838 8233
7288 7041
4369 3202
edges
2075 203
2865 1926
2881 453
2159 7
3070 1899
2881 1464
2138 90
2005 1454
2138 1657
3116 576
3070 1207
3099 1981
2159 765
2172 1915
3116 1145
2074 136
2160 34
2161 1680
2173 1029
2882 491
2075 1386
2883 1941
2139 624
3043 1578
3071 1667
2000 1873
2884 1330
2140 1348
2076 129
2928 1319
2005 1152
2077 105
3113 1261
2173 1275
2877 684
3112 817
3120 25
3119 1591
3040 1641
2078 814
2000 35
3096 123
2079 1951
2931 1390
3119 329
2145 1897
2162 497
2163 813
3039 51
2141 53
2006 1402
2080 609
2007 317
2165 1533
2084 396
2080 1818
3099 1310
3101 951
2008 193
2082 1606
2142 1344
2001 1034
3095 936
2928 1477
3097 1784
3072 439
3114 1074
2175 736
2864 816
2886 826
3050 1157
2166 1171
2004 1309
2083 969
2885 109
2143 10
2890 116
3039 486
2003 1291
3043 1710
2002 525
2929 833
2865 1588
3115 29
3041 923
2879 352
2167 185
2887 171
3131 1210
2144 1532
2178 541
2009 1299
2932 1624
2930 580
2889 1986
2177 992
3058 264
2091 134
2876 1889
2176 853
3123 716
3102 585
2196 699
2880 6
3074 1056
3098 1232
3079 1979
2031 347
2880 1039
3102 432
2031 407
2153 758
2090 158
3122 1896
2171 1006
3044 1442
3051 207
2891 493
2154 1744
3073 1518
3111 1766
2108 575
3121 1528
2038 221
2085 863
3045 763
2933 319
2867 662
3046 1789
3053 642
3046 873
2888 435
2168 1983
3047 943
2179 1014
3121 1613
2147 1022
3073 1282
2891 1612
2010 480
2170 405
3052 1561
3075 587
2169 118
2868 1472
2869 942
2934 137
3057 1031
2085 415
2101 1959
2152 929
3047 610
3124 697
2148 283
2154 982
3080 159
3084 71
3125 1447
3081 1705
3105 133
2010 781
2095 1322
2185 855
2870 1841
3077 454
2190 218
3126 1998
3082 1541
3055 438
2910 823
3055 1244
3056 1776
2904 196
2911 1779
2092 21
3127 623
2893 1741
3104 262
2937 1673
2935 744
2149 290
2094 1682
2011 135
2936 1350
3093 830
2099 1509
2897 27
3106 1359
2032 1495
2184 569
2183 635
2096 1301
3107 488
3069 762
3105 1175
2875 1117
2029 1855
2894 1409
2022 1753
2030 292
2012 1547
2100 1166
2895 1254
2190 1230
2871 856
2033 1549
2258 1141
2180 250
3086 1457
3061 595
3061 1066
3109 1929
3059 315
2905 1494
3086 1511
2194 1129
3088 1104
2014 1305
2157 878
3088 1263
2086 1813
2024 683
2181 20
2898 870
3062 383
2258 1508
3110 1403
2098 795
2872 1847
2098 204
2151 188
2025 893
2903 1269
2191 1226
2195 725
2909 328
2899 442
3089 320
2872 1593
2020 413
2187 1416
2182 950
2106 1085
2026 145
3068 456
2035 1149
3063 65
3110 1121
2088 1583
2189 406
3064 220
3128 1731
3092 1585
2037 512
2192 1155
2940 804
2902 397
2939 1463
3129 216
3065 808
2015 675
2158 1001
2188 1438
3090 1874
2951 657
3067 1137
2016 971
2105 1579
2952 689
2193 416
3066 1685
2158 1251
3091 138
3062 803
2103 1787
2027 1410
2257 1756
2104 50
2137 1295
2103 1856
2942 1761
2952 848
2017 655
2908 88
3128 1007
2199 626
2874 910
2896 1771
2199 370
2906 984
3198 298
2907 394
2943 1925
2907 350
2115 1112
2200 1829
2018 1212
2197 194
2113 440
2224 422
2109 712
2945 783
2197 1699
3199 794
2110 1489
2019 717
2019 1654
2028 1278
3208 752
2114 345
2036 588
2233 1793
3207 1719
2226 1143
3291 872
2912 715
3216 1577
2205 1468
3215 649
2111 519
2225 785
2913 865
2944 1107
2120 1708
2116 1879
2946 101
2203 1661
3144 967
2233 192
2202 652
3209 1656
3141 564
2204 164
3201 1397
2227 944
3143 1490
2234 1445
2118 174
2919 1340
3210 1202
2116 1329
2056 1158
2919 579
3209 1257
2235 1148
3140 661
3142 673
2204 593
2237 1505
2206 743
3134 1450
2120 1336
3219 147
3205 1924
2054 845
2238 1662
3136 686
3216 1676
2055 1475
2914 1797
3221 1407
2920 1165
2915 291
3133 270
3214 948
2119 1810
2117 542
3202 479
3222 548
2214 1363
2922 1484
3211 1313
3203 1440
2921 170
2126 1530
3219 705
2949 1868
2042 390
2947 1794
3203 678
2057 1042
2235 1084
2058 1211
2948 132
2073 63
3135 1214
3213 1729
3145 1412
3139 1471
2949 1752
3135 1065
2061 1888
3137 1878
2216 849
2924 1709
3138 851
2947 1564
2215 1096
2208 43
2121 1644
2210 1767
2916 1086
2926 1885
2209 1842
2917 1537
2918 1703
2123 1413
2122 524
3204 1400
3218 14
2918 1550
3212 1960
2975 1427
2125 1512
2228 1498
2124 1650
2039 1047
2211 1985
2039 1763
2041 638
2974 646
2135 108
3164 487
2041 1159
2229 150
3259 862
2230 1405
2218 1281
3001 1033
3009 1456
3223 782
2059 974
3038 1502
3257 1838
2072 879
3009 633
3256 371
2062 1013
2255 1777
3258 85
2217 354
2067 711
2212 1968
2217 1554
3153 1095
2223 1646
3155 1971
3001 348
3010 330
3260 532
2063 780
2213 1687
2060 1870
3011 418
2127 1220
3013 437
3226 476
2250 671
3002 1934
2239 1080
2127 1362
3225 12
3156 1911
3154 1686
3003 1814
2064 1869
2245 186
3256 930
2220 15
2129 1012
2053 1233
2254 1476
2130 700
2247 1903
2130 709
3151 846
2248 949
2973 1626
3151 1167
2249 869
2253 1602
3226 1327
3146 628
2976 1435
3011 679
3224 1674
3228 1614
2976 226
3148 1542
3016 1611
2131 148
2240 364
3148 1569
2953 1311
2065 112
2044 841
3014 199
2248 1665
2986 858
3157 1877
2252 253
3147 704
2045 937
3261 1526
3163 1113
3005 386
2133 1116
3262 1635
3263 1994
2046 1836
2066 1675
3160 993
2132 1225
3158 919
2251 1423
2219 1880
2047 1105
3006 811
2241 963
3015 1439
2069 1379
2048 766
2048 1871
2049 536
3230 1659
3007 617
3159 1598
3150 1028
3008 900
3162 1170
3230 190
3158 732
2977 1375
2242 252
2984 458
3229 1395
3255 103
2051 895
2243 255
2219 516
3006 1378
2984 739
2978 986
3197 282
2068 501
2222 1627
3018 284
2243 934
2979 902
2052 749
2052 0
2222 864
2252 1622
2957 358
2068 481
2070 1692
3287 1989
2283 989
2957 1617
3165 1706
2980 59
3264 1466
3265 483
3265 677
2981 323
2397 45
2982 1684
2983 1355
3236 1192
2421 1619
3173 1849
3022 552
2397 774
2411 1078
3235 1811
3036 1572
2412 1473
2269 506
3019 223
3166 1134
3179 1967
2954 1664
3273 546
2404 933
2374 1553
3170 1914
2398 1636
2999 467
3232 1912
2501 1219
2259 1434
2955 154
2956 106
2960 824
3172 1525
3023 1963
3000 555
3020 620
2372 1677
2373 11
3233 1276
2402 1918
2265 1609
3174 1831
3272 1595
2413 1453
3021 1791
2259 1459
2962 1995
2376 189
2265 431
3290 1032
3168 776
3167 907
2284 975
2401 653
3269 1999
2400 299
2266 1975
3288 509
2375 46
3272 1391
2961 1089
2287 421
3169 4
3234 1575
3274 205
2996 1474
2377 1324
2435 545
3176 94
3177 526
2269 859
2270 1205
3280 1218
2376 654
2988 384
2990 81
2378 802
3292 1068
2260 131
2270 791
2268 962
2379 1482
2399 644
3267 1009
3997 1890
2405 1059
2991 1977
3249 960
3025 1556
3277 39
3238 832
3292 602
3178 77
2286 1704
3241 926
2384 1573
3268 1493
2288 341
2964 391
2972 1365
3270 411
3026 1652
2414 603
2987 160
3196 1144
2289 1893
2261 1768
3271 1136
2415 1812
2288 792
3250 387
2972 295
2992 1764
3189 1328
3239 1200
3241 909
3251 1780
2416 1049
3027 615
3189 1589
2416 209
2262 1101
3278 1809
2272 590
2406 777
2276 1
3037 64
2273 86
2406 601
2971 1538
3187 1035
2263 1241
2381 1020
3279 37
2273 698
2381 1952
2275 78
2967 996
3283 1666
2965 670
2418 1964
3182 643
2279 280
3190 1795
3253 606
2994 1188
2407 388
3029 1323
2285 340
2294 62
3192 1430
2993 261
3248 916
2968 1097
2409 723
2383 1286
2278 155
2277 376
2998 852
3281 1111
3282 1213
2419 1910
2417 621
3281 427
2994 527
2382 1957
3035 310
2280 834
3253 1655
3193 707
2291 1318
3244 693
3188 985
3254 1769
2965 1433
3242 599
3030 754
2264 1132
2434 741
3181 1046
3031 938
3195 1415
2282 1256
2969 659
2396 1858
2995 928
3285 289
3183 1392
3245 913
2292 1190
3191 1270
2430 195
2970 768
2386 840
3242 1758
2385 550
3185 142
3033 1284
3186 1227
2433 1851
2431 1631
3286 789
3185 1130
3286 1864
2349 466
2386 425
2424 93
3031 303
2390 380
2390 1444
3246 175
2970 1949
3034 369
3247 374
3186 1017
3247 423
2295 1083
2350 254
2432 1712
2387 335
3343 641
2392 177
2425 1470
2426 790
3477 455
2301 1019
3338 1259
3338 444
2432 1819
3331 337
2304 1956
3339 932
3330 1785
2427 1732
3296 95
2304 598
3474 1483
2394 447
3566 392
3566 1736
2429 1369
3333 547
3341 772
3567 1891
3469 44
3334 272
3337 489
3298 1234
3468 1326
2395 353
2312 1037
2428 613
3477 572
2305 734
3293 1127
3337 935
2355 1828
2371 1535
2296 1599
2302 1544
3302 1790
2388 1290
3294 1982
3471 1026
3568 672
2351 920
3297 922
2422 1693
2395 1571
3472 1353
3473 556
2355 1543
3295 1180
3335 918
3475 473
2357 860
2499 1242
2353 61
3444 31
2457 461
2303 232
3476 17
2311 1277
2481 1760
3299 115
2437 36
3302 1788
2297 1690
3472 1195
3300 420
3342 1308
2478 359
2306 92
3570 1062
3569 244
3301 703
2307 122
3571 676
3572 201
3456 805
3590 410
3484 521
3336 70
2308 324
2310 981
3444 1332
2298 786
3342 637
2500 1135
3445 426
3452 1900
2481 1343
2354 1376
3313 1633
2438 372
2299 1216
2436 522
3456 268
2356 622
3492 1312
2458 1315
3479 990
2478 779
3452 566
3303 1352
2480 1645
3329 941
2309 968
3304 153
2459 927
3457 604
2300 1660
3303 1300
3480 1713
3485 1222
3573 748
3579 1163
3304 514
3459 1115
3453 484
2452 947
3353 1715
3305 18
3579 482
2452 362
2453 342
3580 1881
3491 1639
3314 1835
3455 1184
3307 1367
3315 727
3344 360
2462 215
3481 146
3574 1723
3448 533
3486 84
3344 1334
3575 757
3310 838
2444 22
2461 1248
3466 773
2461 1383
2348 553
2313 966
2454 111
3576 1425
3487 1240
2482 931
3575 1513
3316 1094
2359 1962
3317 1747
3364 1694
3489 1905
3309 1177
3308 478
3447 861
3460 1620
3483 692
2369 69
2484 737
2360 1229
2314 888
3449 414
3357 1067
3365 1181
3581 729
3345 1424
3482 1590
3582 393
2319 1072
3578 629
2456 632
3461 1156
2486 32
3361 1293
3450 477
3363 1658
3362 16
3311 976
2441 365
2439 1368
2440 1073
2361 619
3450 1695
2330 583
2485 1174
3482 1199
2370 400
3319 586
2486 1584
3462 1372
3583 925
3320 819
2439 1197
3585 1616
3318 1503
2331 1839
3328 428
2332 1077
3346 1521
3463 1820
2317 1698
2443 1120
3321 979
3464 494
3366 760
3309 1082
3465 1859
3350 1805
2451 558
3351 1388
2315 1064
3355 889
3352 1206
3588 1734
2477 114
3586 332
2340 1358
2488 1331
3467 1380
3322 1138
3588 1775
3354 1996
2445 850
3490 1700
2333 1146
3324 1044
3487 751
3586 574
2316 80
2347 708
3356 611
3367 197
3325 459
2335 1529
3514 87
3619 275
2366 1621
3358 1558
3369 1733
2364 1517
2336 1406
2463 815
3347 956
2468 1792
3529 230
2446 1773
3324 964
2366 1625
3360 1018
2329 755
2470 750
2365 798
3326 1638
3513 549
2467 1936
2469 640
2338 1419
3513 124
2338 243
2448 206
2447 239
3493 1499
3361 1608
3522 1796
3515 279
3495 1443
3593 307
3494 1437
2464 1393
3591 1919
2339 1832
3349 1140
2449 1781
3591 1629
2320 1215
3405 321
3510 616
3594 857
3517 1401
3496 1247
2489 1160
3496 769
3523 1875
2322 409
3529 356
2497 1716
3416 955
2466 1772
3415 1927
3511 571
3406 1990
2320 1738
3595 1876
3414 1748
2368 1075
2450 259
3416 1714
3536 99
3518 1373
3509 665
2487 735
3374 271
2343 257
3524 793
3531 515
3602 1515
2496 79
3592 408
2490 1198
3417 54
2342 1173
3597 1487
3372 557
2341 1436
3620 1186
3525 639
2498 184
2342 1071
2367 107
2321 277
2323 839
3418 651
3370 1366
3526 213
3599 288
2476 1904
2472 1592
2344 499
3412 818
3533 495
3373 730
3375 474
3411 1384
3533 745
3374 1850
3512 513
3427 842
2324 182
3564 1954
3521 618
3535 831
3528 756
2367 807
2345 1647
3375 1114
3407 217
3603 882
2473 366
2491 600
3528 1833
2345 614
2474 1108
3534 788
3410 1825
3519 1984
3600 953
2475 940
2495 648
3389 73
3409 1048
3413 1123
3537 891
3497 1452
2326 249
3498 1735
3423 1834
2475 680
3443 1759
3390 166
2327 83
2325 799
3376 1497
3426 901
3609 1088
2494 1987
2328 318
2492 1806
2569 1973
3394 1689
3420 1872
3601 1860
3425 1221
3500 724
3421 1524
3424 991
3554 1217
3501 1883
3378 1203
3391 1853
2570 344
3377 988
3549 1189
2570 1465
2517 100
2516 1950
3554 1605
3379 305
3381 1947
3422 1349
3549 608
3443 1264
3563 1469
3395 1913
3378 450
2514 827
3396 1519
2571 1958
2591 38
3502 887
2511 176
3545 355
3551 1271
3610 58
2551 828
2551 1238
3388 1765
3609 1317
2502 1283
3604 1944
2572 994
3437 1799
3555 265
3397 1153
3503 1717
2519 300
2515 1725
2502 903
3550 460
2518 219
3397 1385
3538 55
2552 847
2574 402
2541 1201
3553 980
3617 1492
3382 241
3558 227
3542 537
3435 825
3436 246
3605 1823
2513 1389
2520 809
2573 1630
3431 625
2513 1672
3504 1478
3434 1816
3404 287
3540 1110
3428 128
3403 1399
2522 26
2504 1580
3441 485
3384 119
2503 382
3616 1750
2575 3
3438 256
3557 75
2541 753
2584 517
3429 1455
2523 998
2560 1099
2521 800
2505 140
2521 1421
3606 1040
2575 281
3621 1087
2585 1446
3506 1909
3507 436
3612 1992
3432 1560
3383 234
2557 313
3562 1691
2555 778
3399 452
2558 1846
3400 1052
2528 1840
3507 1307
3541 1917
3383 554
3561 1762
2554 1824
3543 728
3607 1623
3440 368
3542 419
3607 222
2510 505
3385 1822
2576 1510
3401 1586
2542 696
3613 143
2592 1448
2561 535
2568 1374
2534 1980
2529 469
3615 1414
3613 1844
2554 127
3608 1053
2524 1966
3547 543
3560 1092
2540 1176
2578 237
2544 1260
2506 446
2509 876
3401 9
2581 1615
3548 13
3615 1370
3561 1081
3387 1663
2508 897
2550 1025
3560 1887
2535 1371
2525 1294
3548 225
2527 247
3430 581
3402 1563
2545 924
3433 1916
2562 880
2546 1030
3546 1245
3430 905
2536 52
2579 1411
3386 1802
2564 1862
2587 1387
2548 1058
2526 1866
2580 1486
2543 1600
2537 688
2590 1642
3692 1953
3656 242
2547 1928
3636 1063
3888 430
3634 1164
3888 1183
3889 1523
3902 1296
2588 531
3656 464
2530 1570
2563 1297
3632 496
2582 561
3635 179
2538 379
3884 60
3902 183
2507 1016
2563 1100
3884 449
3623 381
2589 1827
3623 490
3624 445
2589 212
3666 898
2549 1194
2532 1902
2533 892
3892 1258
3657 630
3665 399
3860 1191
3664 1610
2582 721
2533 1079
2549 1536
3893 1955
3636 1139
3861 68
3903 24
3904 297
3633 375
3898 1742
3860 1021
3894 457
3667 835
2862 761
2593 498
3668 1162
3668 238
2593 1187
2615 269
3696 1408
3910 1895
3625 1576
3660 1970
2747 202
3890 1783
3696 881
3862 837
3713 1506
3697 1507
2747 875
3895 251
2623 578
3697 1279
3996 1531
2726 163
3626 1945
3899 885
3886 98
3712 1852
3886 1546
2622 1005
3907 286
2623 363
3712 997
3906 1239
2724 248
3663 775
2769 1274
2732 573
3693 1648
2725 1131
2624 1249
3714 500
3864 1462
3694 695
3670 157
2619 1634
2727 1545
3897 954
3627 293
3909 1898
2614 267
2728 821
2726 965
3654 1237
2739 1161
3896 113
3891 1287
2782 1093
3908 1817
3646 274
3659 1651
2729 1354
2614 1147
3865 720
2740 972
3699 1196
3695 958
3672 47
3671 312
2594 868
2741 747
3866 1548
3715 1382
2616 538
3901 1404
3661 245
2731 1364
3908 1185
3662 631
2768 125
2746 1739
3702 1377
3673 1501
3728 173
3647 210
3660 1867
2748 1782
2627 468
2599 1803
3628 302
3639 1398
3916 1603
2742 1751
2595 72
2618 1345
2745 1906
3872 451
3711 529
3717 589
3939 162
3867 915
3690 471
2626 448
2767 102
3631 1696
2769 1265
3868 896
3629 1070
2743 759
3912 1930
3729 636
2626 945
3863 228
3674 208
2617 395
3630 687
3691 327
2770 502
2599 511
3913 211
3940 664
3871 787
3630 404
3703 1702
3649 1724
3917 1480
3676 373
3650 685
2621 1923
2751 104
3869 877
2738 690
3727 1050
3920 1848
3706 540
2733 1976
2772 1754
3919 1596
3675 1103
3678 570
3718 1932
3677 714
3704 1597
3873 710
2734 1243
3637 523
2773 559
3719 1637
3915 970
2752 1940
2649 1669
3706 796
2600 702
3911 1997
2596 740
2752 607
3720 674
2603 1268
3930 144
2774 1255
3684 1338
3708 1697
3719 258
3681 1055
3682 658
3915 584
2754 567
3709 544
3705 301
3679 810
3640 663
3680 1142
2777 1178
3883 1262
3640 338
2628 577
3641 1003
3931 1632
2755 1360
3687 1441
3934 1555
3642 151
3932 883
3722 694
3875 1988
2666 1172
3936 198
2607 403
2861 946
2601 983
3723 1907
2628 560
3651 1422
3874 67
2666 562
2598 82
2604 1314
2776 110
2781 1718
3652 1381
2775 1937
2762 412
2602 1346
3688 973
3645 1316
3638 1431
2630 28
3726 1458
3653 731
3877 1671
3688 1008
2598 742
2632 1011
2632 914
3937 634
2756 1091
3934 187
3725 1246
2737 462
2778 1041
2605 1566
2766 1678
3725 1394
3938 343
2735 1285
2608 1942
3710 167
2660 539
3689 1304
2761 660
3935 1102
2761 285
2661 908
3644 1228
3935 1272
2662 424
3921 1649
3686 91
3923 1863
2757 1574
2758 1481
2662 1551
3921 1060
2667 784
3875 844
2765 797
3876 5
2763 1618
3809 1826
2765 214
2611 1209
2613 1861
2736 1565
3922 504
2657 999
3924 1701
2779 1449
2651 874
2642 551
3800 463
2779 296
2609 1935
3781 433
2659 260
2764 597
3730 507
2780 1325
2650 820
3925 361
2784 1154
3881 1972
3741 1901
3926 1821
3802 508
2610 594
2633 645
3745 398
2645 1426
3786 429
2633 1908
2785 1948
2634 475
2665 294
3880 1920
3880 1224
2612 1252
2664 1720
3731 1726
2783 866
3731 492
3882 231
2612 331
3810 1921
3994 1168
3808 961
3927 1298
2635 336
2860 582
2644 200
2663 1109
3781 1069
2787 1745
2643 181
2639 339
2860 1303
3995 886
2827 401
3745 334
3942 276
3803 722
3811 987
2638 180
2831 959
3976 1808
3807 1460
2637 1357
2663 854
3784 1223
2640 666
2638 1737
2788 1321
2646 74
3746 367
2654 1961
3804 668
3782 871
2655 1479
2789 596
3735 1024
3800 378
3782 1892
2793 1740
3786 168
2827 503
3805 1562
3941 1857
3947 592
3747 1496
2829 884
3733 1527
3812 377
3739 1711
2790 1974
2723 306
3948 718
2828 139
2793 530
3740 706
3743 812
3813 42
3949 1004
2703 701
2832 801
3749 1815
3789 1485
2704 1946
3942 534
3743 121
2791 1707
2803 1514
2832 1770
3976 314
3806 771
3950 130
3813 1865
2688 1552
2706 1356
3943 1582
3736 389
2671 1288
3945 89
2797 126
2690 904
3798 510
2689 1023
2688 568
2692 1036
3744 1500
3734 316
3790 1688
2797 518
3944 1193
3977 1057
3815 165
2709 273
3821 1231
3787 911
3737 867
3734 33
3950 1943
2672 1002
2794 322
3794 1342
2708 19
3788 76
2850 1273
2673 917
3788 8
3977 1728
3738 470
2833 240
3737 1418
2674 1076
2834 528
3791 1679
2804 1800
2707 309
3816 1607
2842 1757
2709 977
2807 1054
2842 30
3792 836
3764 417
3979 1000
2693 1361
3792 746
2670 1451
3952 1746
2799 1933
3795 1461
2721 56
2668 647
2675 472
3796 1567
2794 1126
3817 1266
3980 1432
2669 764
3752 1653
2678 1640
3820 829
2843 229
3819 843
2841 806
3751 1125
3958 656
3818 1106
2800 1320
2691 591
3955 141
2796 1341
3796 40
2679 1882
2670 565
2809 441
2702 1786
2805 719
2712 349
3960 1683
3765 1027
2835 605
3751 1333
3835 713
2836 235
2806 1540
3958 1837
2849 1429
2845 770
3752 682
3953 1939
2701 733
2676 1978
2808 1118
2677 1969
2846 263
2838 23
3992 1798
3965 1122
3834 1119
3766 952
2801 1730
3954 2
3754 385
2711 1491
2847 1749
3832 1280
2802 1151
2859 1807
3856 1339
2696 890
3831 1534
3834 149
3827 1267
2687 266
3961 57
2697 1886
2802 1884
3981 1516
3758 1204
2720 1169
2819 650
2713 1755
3758 899
2848 1124
3836 1015
3982 236
2699 1931
3963 351
3780 278
2699 117
3962 1179
2680 1854
3833 612
3837 434
2681 1628
2848 667
3823 1182
3839 325
3993 1894
2818 96
3755 1520
2700 1504
2714 1061
2840 1568
3956 233
3984 1467
2818 1420
3767 1721
3779 1922
3771 1991
3768 1351
2812 1604
2716 1778
3957 178
2820 1938
3957 1253
2682 912
2851 1150
2811 1396
2811 1993
3825 1727
2824 152
3991 326
3826 978
3855 939
3840 333
3969 1587
3772 41
2814 822
2683 1670
3770 726
2684 1292
2719 738
3845 49
3757 48
3841 1488
2684 767
3845 1302
2815 669
3986 1965
3760 1133
3761 1010
3763 520
3985 906
3828 1236
2857 1289
3773 1830
3852 1601
2853 465
2852 224
2686 1594
3762 311
3774 1557
3846 169
3858 1743
3968 1804
2715 1045
3829 563
3967 1128
3842 1559
2718 1643
3988 443
3848 691
3775 681
3970 66
2825 1098
2854 1306
2856 304
2857 191
3989 1722
2816 1843
3988 1417
2855 357
2718 995
3971 97
3966 1801
2817 1208
3990 921
3844 1668
3830 1428
3972 1090
2854 1250
3852 1038
3776 1043
2817 308
2823 172
2715 1522
3757 1337
2700 346
2823 1539
3850 894
3776 120
3966 1581
3849 1335
3774 957
3853 1051
3854 156
3971 1347
3973 161
3990 1774
3851 1681
3830 1235
3854 627
2685 1845
2001 2000
2003 2001
2009 2002
2002 2003
2021 2004
2006 2005
2007 2006
2008 2007
2004 2008
2021 2009
2011 2010
2013 2011
2030 2012
2012 2013
2013 2014
2020 2015
2015 2016
2016 2017
2017 2018
2018 2019
2014 2020
2038 2021
2023 2022
2024 2023
2025 2024
2026 2025
2027 2026
2028 2027
2037 2028
2022 2029
2023 2030
2032 2031
2033 2032
2034 2033
2035 2034
2088 2035
2137 2036
2087 2037
2029 2038
2043 2039
2072 2040
2042 2041
2043 2042
2040 2043
2053 2044
2046 2045
2047 2046
2044 2047
2049 2048
2050 2049
2045 2050
2050 2051
2051 2052
2040 2053
2055 2054
2073 2055
2036 2056
2054 2057
2057 2058
2060 2059
2071 2060
2058 2061
2071 2062
2067 2063
2063 2064
2064 2065
2065 2066
2062 2067
2070 2068
2066 2069
2069 2070
2061 2071
2059 2072
2056 2073
2076 2074
2074 2075
2081 2076
2079 2077
2077 2078
2084 2079
2082 2080
2078 2081
2081 2082
2091 2083
2083 2084
2086 2085
2089 2086
2034 2087
2089 2088
2102 2089
2101 2090
2108 2091
2096 2092
2092 2093
2093 2094
2094 2095
2097 2096
2106 2097
2097 2098
2095 2099
2151 2100
2093 2101
2105 2102
2104 2103
2107 2104
2107 2105
2102 2106
2115 2107
2090 2108
2111 2109
2113 2110
2136 2111
2136 2112
2112 2113
2110 2114
2112 2115
2118 2116
2126 2117
2119 2118
2114 2119
2109 2120
2124 2121
2125 2122
2122 2123
2123 2124
2135 2125
2121 2126
2134 2127
2131 2128
2128 2129
2128 2130
2132 2131
2133 2132
2134 2133
2283 2134
2129 2135
2117 2136
2087 2137
2146 2138
2146 2139
2141 2140
2143 2141
2144 2142
2142 2143
2153 2144
2139 2145
2140 2146
2152 2147
2147 2148
2150 2149
2100 2150
2099 2151
2149 2152
2155 2153
2156 2154
2148 2155
2155 2156
2156 2157
2157 2158
2160 2159
2161 2160
2162 2161
2174 2162
2174 2163
2165 2164
2196 2165
2145 2166
2164 2167
2171 2168
2168 2169
2169 2170
2164 2171
2163 2172
2176 2173
2175 2174
2167 2175
2177 2176
2179 2177
2172 2178
2178 2179
2183 2180
2194 2181
2181 2182
2186 2183
2186 2184
2170 2185
2185 2186
2195 2187
2192 2188
2188 2189
2191 2190
2193 2191
2187 2192
2189 2193
2180 2194
2184 2195
2166 2196
2198 2197
2206 2198
2200 2199
2201 2200
2205 2201
2201 2202
2202 2203
2203 2204
2198 2205
2214 2206
2209 2207
2215 2208
2208 2209
2207 2210
2210 2211
2207 2212
2212 2213
2223 2214
2256 2215
2229 2216
2256 2217
2216 2218
2221 2219
2213 2220
2220 2221
2221 2222
2211 2223
2257 2224
2226 2225
2227 2226
2224 2227
2232 2228
2230 2229
2231 2230
2228 2231
2225 2232
2234 2233
2236 2234
2236 2235
2237 2236
2238 2237
2232 2238
2254 2239
2239 2240
2240 2241
2241 2242
2242 2243
2255 2244
2246 2245
2247 2246
2250 2247
2249 2248
2245 2249
2251 2250
2253 2251
2246 2252
2244 2253
2244 2254
2231 2255
2218 2256
2182 2257
2150 2258
2260 2259
2261 2260
2262 2261
2263 2262
2282 2263
2280 2264
2267 2265
2271 2266
2266 2267
2267 2268
2268 2269
2271 2270
2272 2271
2276 2272
2274 2273
2278 2274
2274 2275
2281 2276
2281 2277
2279 2278
2294 2279
2277 2280
2275 2281
2264 2282
2501 2283
2287 2284
2286 2285
2293 2286
2293 2287
2285 2288
2290 2289
2291 2290
2292 2291
2349 2292
2289 2293
2290 2294
2296 2295
2297 2296
2298 2297
2299 2298
2300 2299
2348 2300
2312 2301
2301 2302
2302 2303
2305 2304
2306 2305
2310 2306
2311 2307
2307 2308
2308 2309
2309 2310
2303 2311
2295 2312
2314 2313
2315 2314
2316 2315
2317 2316
2318 2317
2319 2318
2347 2319
2321 2320
2328 2321
2329 2322
2322 2323
2323 2324
2324 2325
2325 2326
2326 2327
2327 2328
2318 2329
2331 2330
2370 2331
2330 2332
2340 2333
2333 2334
2334 2335
2335 2336
2336 2337
2337 2338
2337 2339
2332 2340
2346 2341
2346 2342
2339 2343
2341 2344
2344 2345
2343 2346
2334 2347
2313 2348
2350 2349
2371 2350
2352 2351
2353 2352
2357 2353
2352 2354
2358 2355
2438 2356
2358 2357
2356 2358
2354 2359
2369 2360
2360 2361
2361 2362
2365 2363
2362 2364
2364 2365
2363 2366
2368 2367
2363 2368
2359 2369
2362 2370
2351 2371
2374 2372
2380 2373
2373 2374
2400 2375
2372 2376
2380 2377
2377 2378
2378 2379
2375 2380
2382 2381
2383 2382
2391 2383
2379 2384
2396 2385
2393 2386
2388 2387
2389 2388
2385 2389
2389 2390
2384 2391
2387 2392
2392 2393
2393 2394
2394 2395
2391 2396
2398 2397
2410 2398
2435 2399
2410 2400
2402 2401
2404 2402
2421 2403
2403 2404
2403 2405
2407 2406
2408 2407
2405 2408
2408 2409
2399 2410
2420 2411
2411 2412
2955 2413
3997 2414
2414 2415
2417 2416
2418 2417
2419 2418
2415 2419
2412 2421
2428 2422
2434 2423
2423 2424
2424 2425
2425 2426
2426 2427
2427 2428
2422 2429
2433 2430
2430 2431
2431 2432
2423 2433
2409 2434
2401 2435
2437 2436
2444 2437
2500 2438
2440 2439
2441 2440
2442 2441
2445 2442
2442 2443
2451 2444
2446 2445
2449 2446
2448 2447
2498 2448
2447 2449
2466 2450
2443 2451
2455 2452
2462 2453
2453 2454
2454 2455
2455 2456
2499 2457
2457 2458
2458 2459
2459 2460
2460 2461
2460 2462
2477 2463
2468 2464
2463 2465
2471 2466
2469 2467
2467 2468
2465 2469
2464 2470
2465 2471
2476 2472
2472 2473
2473 2474
2474 2475
2471 2476
2456 2477
2479 2478
2485 2479
2483 2480
2480 2481
2479 2482
2482 2483
2483 2484
2488 2485
2484 2486
2497 2487
2489 2488
2496 2489
2491 2490
2492 2491
2569 2492
2494 2493
2495 2494
2487 2495
2490 2496
2470 2497
2450 2498
2429 2499
2436 2500
2284 2501
2510 2502
2505 2503
2503 2504
2509 2505
2540 2506
2506 2507
2507 2508
2508 2509
2504 2510
2518 2511
2515 2512
2520 2513
2519 2514
2516 2515
2517 2516
2514 2517
2512 2518
2522 2519
2511 2520
2523 2521
2528 2522
2512 2523
2531 2524
2526 2525
2527 2526
2529 2527
2531 2528
2524 2529
2535 2530
2539 2531
2538 2532
2532 2533
2568 2534
2534 2535
2530 2536
2539 2537
2537 2538
2536 2539
2525 2540
2566 2541
2566 2542
2559 2543
2543 2544
2550 2545
2545 2546
2546 2547
2547 2548
2548 2549
2567 2550
2552 2551
2559 2552
2555 2553
2553 2554
2557 2555
2561 2556
2560 2557
2553 2558
2558 2559
2556 2560
2592 2561
2556 2562
2565 2563
2562 2564
2564 2565
2567 2566
2544 2567
2542 2568
2493 2569
2863 2570
2863 2571
2571 2572
2572 2573
2573 2574
2577 2575
2577 2576
2578 2577
2581 2578
2587 2579
2590 2580
2583 2581
2583 2582
2580 2583
2591 2584
2584 2585
2585 2586
2586 2587
2586 2588
2588 2589
2579 2590
2574 2591
2576 2592
2594 2593
2595 2594
2596 2595
2597 2596
2607 2597
2597 2598
2600 2599
2603 2600
2647 2601
2604 2602
2606 2603
2601 2604
2629 2605
2602 2606
2629 2607
2605 2608
2613 2609
2609 2610
2610 2611
2611 2612
2608 2613
2615 2614
2616 2615
2618 2616
2627 2617
2617 2618
2620 2619
2621 2620
2649 2621
2625 2622
2622 2623
2619 2624
2624 2625
2625 2626
2620 2627
2631 2628
2606 2629
2647 2630
2630 2631
2631 2632
2636 2633
2635 2634
2636 2635
2639 2636
2640 2637
2641 2638
2641 2639
2646 2640
2637 2641
2665 2642
2642 2643
2643 2644
2644 2645
2645 2646
2667 2647
2660 2648
2648 2649
2659 2650
2650 2651
2651 2652
2652 2653
2653 2654
2654 2655
2661 2656
2656 2657
2657 2658
2664 2659
2652 2660
2861 2661
2658 2662
2656 2663
2658 2664
2653 2665
2648 2666
2634 2667
2671 2668
2679 2669
2669 2670
2672 2671
2673 2672
2674 2673
2675 2674
2722 2675
2722 2676
2676 2677
2691 2678
2668 2679
2681 2680
2687 2681
2680 2682
2682 2683
2685 2684
2686 2685
2683 2686
2677 2687
2689 2688
2690 2689
2692 2690
2694 2691
2695 2692
2721 2693
2695 2694
2693 2695
2701 2696
2696 2697
2697 2698
2698 2699
2698 2700
2702 2701
2694 2702
2723 2703
2703 2704
2706 2705
2704 2706
2705 2707
2707 2708
2708 2709
2705 2710
2720 2711
2710 2712
2711 2713
2713 2714
2719 2715
2714 2716
2716 2717
2717 2718
2717 2719
2712 2720
2710 2721
2678 2722
2655 2723
2727 2724
2724 2725
2725 2726
2728 2727
2739 2728
2730 2729
2731 2730
2732 2731
2767 2732
2738 2733
2733 2734
2734 2735
2735 2736
2736 2737
2746 2738
2729 2739
2862 2740
2740 2741
2750 2742
2744 2743
2750 2744
2743 2745
2730 2746
2749 2747
2749 2748
2753 2749
2741 2750
2753 2751
2751 2752
2745 2753
2744 2754
2754 2755
2755 2756
2766 2757
2759 2758
2757 2759
2758 2760
2762 2761
2760 2762
2760 2763
2763 2764
2759 2765
2756 2766
2742 2767
2748 2768
2773 2769
2782 2770
2770 2771
2771 2772
2772 2773
2771 2774
2776 2775
2777 2776
2774 2777
2781 2778
2780 2779
2778 2780
2775 2781
2768 2782
2785 2783
2764 2784
2786 2785
2784 2786
2783 2787
2787 2788
2788 2789
2789 2790
2792 2791
2790 2792
2791 2793
2795 2794
2800 2795
2795 2796
2798 2797
2804 2798
2826 2799
2798 2800
2796 2801
2801 2802
2792 2803
2826 2804
2799 2805
2810 2806
2806 2807
2807 2808
2808 2809
2805 2810
2812 2811
2813 2812
2824 2813
2813 2814
2814 2815
2815 2816
2816 2817
2820 2818
2810 2819
2821 2820
2822 2821
2819 2822
2825 2823
2822 2824
2821 2825
2803 2826
2828 2827
2829 2828
2830 2829
2850 2830
2830 2831
2831 2832
2834 2833
2841 2834
2839 2835
2835 2836
2849 2837
2837 2838
2838 2839
2837 2840
2839 2841
2843 2842
2844 2843
2845 2844
2836 2845
2844 2846
2846 2847
2847 2848
2859 2849
2833 2850
2840 2851
2858 2852
2852 2853
2858 2854
2853 2855
2855 2856
2856 2857
2851 2858
2809 2859
2786 2860
2737 2861
2565 2862
2493 2863
2876 2864
2864 2865
2867 2866
2868 2867
2870 2868
2866 2869
2875 2870
2873 2871
2873 2872
2874 2873
2912 2874
2871 2875
2866 2876
2878 2877
2885 2878
2890 2879
2879 2880
2882 2881
2883 2882
2884 2883
2877 2884
2892 2885
2887 2886
2889 2887
2910 2888
2892 2889
2878 2890
2886 2891
2888 2892
2911 2893
2893 2894
2894 2895
2895 2896
2901 2897
2899 2898
2900 2899
2901 2900
2902 2901
2903 2902
2909 2903
2898 2904
2904 2905
2908 2906
2906 2907
2900 2908
2896 2909
2897 2910
2869 2911
2913 2912
2914 2913
2927 2914
2920 2915
2927 2916
2916 2917
2917 2918
2923 2919
2926 2920
2922 2921
2923 2922
2924 2923
2925 2924
3038 2925
2921 2926
2915 2927
2929 2928
2932 2929
2933 2930
2930 2931
2931 2932
2937 2933
2935 2934
2936 2935
2938 2936
2934 2937
2905 2938
2941 2939
2939 2940
2938 2941
2940 2942
2942 2943
2945 2944
2943 2945
2944 2946
2950 2947
2950 2948
2948 2949
2946 2950
2941 2951
2951 2952
2413 2953
2953 2954
2420 2955
2954 2956
2959 2957
2959 2958
2962 2959
2956 2960
2958 2961
2960 2962
2964 2963
2958 2964
2966 2965
2971 2966
2966 2967
2967 2968
2968 2969
2969 2970
2963 2971
2963 2972
2986 2973
2925 2974
2974 2975
2975 2976
2978 2977
2979 2978
2980 2979
2982 2980
2985 2981
2983 2982
2985 2983
2981 2984
2999 2985
2977 2986
2988 2987
2961 2988
2987 2989
3000 2990
2990 2991
2997 2992
2998 2993
2993 2994
2992 2995
2995 2996
2991 2997
2997 2998
2989 2999
2989 3000
3004 3001
3012 3002
3013 3003
3003 3004
3004 3005
3007 3006
3008 3007
3005 3008
3010 3009
3012 3010
3015 3011
3017 3012
3002 3013
3016 3014
3014 3015
3017 3016
3018 3017
3028 3018
3020 3019
3037 3020
2996 3021
3028 3022
3022 3023
3171 3024
3180 3025
3025 3026
3026 3027
3036 3028
3027 3029
3035 3030
3032 3031
3332 3032
3034 3033
3030 3034
3029 3035
3019 3036
3021 3037
2973 3038
3049 3039
3041 3040
3042 3041
3051 3042
3042 3043
3058 3044
3048 3045
3048 3046
3045 3047
3044 3048
3050 3049
3040 3050
3057 3051
3053 3052
3076 3053
3075 3054
3094 3055
3054 3056
3052 3057
3049 3058
3060 3059
3068 3060
3060 3061
3059 3062
3064 3063
3069 3064
3066 3065
3067 3066
3063 3067
3065 3068
3094 3069
3071 3070
3072 3071
3078 3072
3054 3073
3083 3074
3084 3075
3077 3076
3056 3077
3074 3078
3083 3079
3081 3080
3082 3081
3093 3082
3080 3083
3078 3084
3089 3085
3087 3086
3085 3087
3085 3088
3092 3089
3091 3090
3198 3091
3090 3092
3087 3093
3076 3094
3096 3095
3101 3096
3132 3097
3079 3098
3100 3099
3095 3100
3097 3101
3103 3102
3100 3103
3111 3104
3106 3105
3107 3106
3108 3107
3104 3108
3108 3109
3109 3110
3132 3111
3113 3112
3114 3113
3115 3114
3131 3115
3118 3116
3118 3117
3120 3118
3117 3119
3112 3120
3130 3121
3130 3122
3117 3123
3122 3124
3124 3125
3127 3126
3125 3127
3129 3128
3126 3129
3123 3130
3103 3131
3098 3132
3142 3133
3141 3134
3136 3135
3137 3136
3138 3137
3139 3138
3134 3139
3143 3140
3140 3141
3144 3142
3133 3143
3145 3144
3164 3145
3149 3146
3146 3147
3147 3148
3150 3149
3197 3150
3152 3151
3163 3152
3154 3153
3155 3154
3156 3155
3157 3156
3161 3157
3159 3158
3162 3159
3152 3160
3160 3161
3161 3162
3149 3163
3153 3164
3166 3165
3024 3166
3024 3167
3180 3168
3167 3169
3169 3170
3168 3171
3179 3172
3290 3173
3175 3174
3172 3175
3175 3176
3176 3177
3177 3178
3170 3179
3023 3180
3182 3181
3195 3182
3181 3183
3183 3184
3184 3185
3184 3186
3196 3187
3194 3188
3190 3189
3193 3190
3194 3191
3191 3192
3192 3193
3187 3194
3188 3195
3178 3196
3165 3197
3291 3198
3200 3199
3215 3200
3200 3201
3205 3202
3204 3203
3202 3204
3201 3205
3207 3206
3208 3207
3210 3208
3206 3209
3214 3210
3212 3211
3213 3212
3222 3213
3211 3214
3206 3215
3221 3216
3259 3217
3217 3218
3218 3219
3217 3220
3220 3221
3220 3222
3225 3223
3223 3224
3228 3225
3224 3226
3229 3227
3227 3228
3255 3229
3227 3230
3236 3231
3173 3232
3231 3233
3237 3234
3237 3235
3232 3236
3233 3237
3234 3238
3240 3239
3238 3240
3231 3241
3243 3242
3248 3243
3243 3244
3244 3245
3245 3246
3246 3247
3239 3248
3252 3249
3240 3250
3254 3251
3251 3252
3252 3253
3250 3254
3235 3255
3257 3256
3258 3257
3289 3258
3289 3259
3261 3260
3262 3261
3263 3262
3287 3263
3266 3264
3266 3265
3273 3266
3288 3267
3267 3268
3279 3269
3271 3270
3268 3271
3275 3272
3275 3273
3269 3274
3276 3275
3274 3276
3280 3277
3277 3278
3270 3279
3276 3280
3282 3281
3284 3282
3278 3283
3283 3284
3284 3285
3285 3286
3264 3287
3249 3288
3260 3289
3174 3290
3199 3291
3171 3292
3294 3293
3299 3294
3297 3295
3295 3296
3298 3297
3293 3298
3301 3299
3313 3300
3300 3301
3296 3302
3306 3303
3305 3304
3306 3305
3307 3306
3310 3307
3311 3308
3312 3309
3312 3310
3319 3311
3308 3312
3329 3313
3315 3314
3316 3315
3317 3316
3327 3317
3327 3318
3328 3319
3318 3320
3322 3321
3323 3322
3326 3323
3323 3324
3369 3325
3325 3326
3321 3327
3320 3328
3314 3329
3032 3330
3330 3331
3343 3332
3332 3333
3333 3334
3334 3335
3335 3336
3331 3337
3340 3338
3622 3339
3339 3340
3340 3341
3341 3342
3622 3343
3345 3344
3348 3345
3351 3346
3360 3347
3350 3348
3348 3349
3346 3350
3354 3351
3359 3352
3336 3353
3352 3354
3367 3355
3368 3356
3353 3357
3368 3358
3357 3359
3349 3360
3362 3361
3363 3362
3364 3363
3365 3364
3366 3365
3355 3366
3356 3367
3359 3368
3347 3369
3371 3370
3376 3371
3371 3372
3372 3373
3373 3374
3370 3375
3380 3376
3380 3377
3377 3378
3392 3379
3388 3380
3390 3381
3392 3382
3386 3383
3393 3384
3387 3385
3385 3386
3384 3387
3379 3388
3407 3389
3391 3390
3394 3391
3381 3392
3382 3393
3398 3394
3398 3395
3395 3396
3396 3397
3389 3398
3403 3399
3399 3400
3402 3401
3400 3402
3404 3403
3393 3404
3358 3405
3405 3406
3411 3407
3406 3408
3442 3409
3413 3410
3408 3411
3418 3412
3409 3413
3417 3414
3414 3415
3415 3416
3419 3417
3410 3418
3412 3419
3426 3420
3420 3421
3423 3422
3425 3423
3421 3424
3424 3425
3427 3426
3419 3427
3440 3428
3434 3429
3429 3430
3435 3431
3433 3432
3439 3433
3428 3434
3436 3435
3432 3436
3422 3437
3441 3438
3438 3439
3431 3440
3437 3441
3408 3442
3442 3443
3445 3444
3448 3445
3467 3446
3460 3447
3451 3448
3451 3449
3449 3450
3447 3451
3455 3452
3454 3453
3466 3454
3454 3455
3458 3456
3458 3457
3459 3458
3453 3459
3465 3460
3446 3461
3446 3462
3514 3463
3463 3464
3462 3465
3461 3466
3464 3467
3474 3468
3470 3469
3476 3470
3468 3471
3473 3472
3471 3473
3475 3474
3469 3475
3484 3476
3470 3477
3481 3478
3480 3479
3457 3480
3492 3481
3490 3482
3478 3483
3485 3484
3491 3485
3488 3486
3488 3487
3489 3488
3483 3489
3478 3490
3486 3491
3479 3492
3494 3493
3509 3494
3493 3495
3495 3496
3499 3497
3499 3498
3500 3499
3501 3500
3502 3501
3503 3502
3504 3503
3505 3504
3621 3505
3508 3506
3506 3507
3505 3508
3497 3509
3518 3510
3510 3511
3564 3512
3516 3513
3565 3514
3565 3515
3515 3516
3511 3517
3520 3518
3521 3519
3512 3520
3520 3521
3516 3522
3522 3523
3536 3524
3524 3525
3525 3526
3526 3527
3527 3528
3532 3529
3531 3530
3532 3531
3534 3532
3530 3533
3535 3534
3527 3535
3523 3536
3519 3537
3545 3538
3538 3539
3539 3540
3562 3541
3543 3542
3546 3543
3541 3544
3563 3545
3547 3546
3544 3547
3544 3548
3552 3549
3540 3550
3550 3551
3551 3552
3552 3553
3555 3554
3556 3555
3558 3556
3556 3557
3553 3558
3557 3559
3559 3560
3559 3561
3539 3562
3537 3563
3498 3564
3517 3565
3567 3566
3568 3567
3572 3568
3590 3569
3569 3570
3570 3571
3571 3572
3574 3573
3577 3574
3576 3575
3577 3576
3578 3577
3584 3578
3580 3579
3581 3580
3582 3581
3583 3582
3584 3583
3585 3584
3589 3585
3589 3586
3619 3587
3587 3588
3587 3589
3573 3590
3598 3591
3596 3592
3594 3593
3595 3594
3602 3595
3598 3596
3592 3597
3620 3598
3596 3599
3603 3600
3600 3601
3597 3602
3599 3603
3617 3604
3604 3605
3605 3606
3608 3607
3606 3608
3610 3609
3611 3610
3618 3611
3616 3612
3614 3613
3612 3614
3614 3615
3611 3616
3618 3617
3601 3618
3593 3619
3530 3620
3439 3621
3033 3622
3624 3623
3625 3624
3626 3625
3627 3626
3628 3627
3655 3628
3655 3629
3629 3630
3637 3631
3654 3632
3632 3633
3633 3634
3634 3635
3635 3636
3645 3637
3652 3638
3641 3639
3639 3640
3642 3641
3643 3642
3638 3643
3643 3644
3644 3645
3647 3646
3648 3647
3691 3648
3648 3649
3649 3650
3650 3651
3653 3652
3651 3653
3646 3654
3631 3655
3657 3656
3658 3657
3667 3658
3663 3659
3661 3660
3662 3661
3659 3662
3669 3663
3658 3664
3664 3665
3665 3666
3669 3667
3666 3668
3670 3669
3671 3670
3672 3671
3673 3672
3690 3673
3677 3674
3678 3675
3675 3676
3676 3677
3679 3678
3689 3679
3685 3680
3703 3681
3681 3682
3682 3683
3683 3684
3684 3685
3687 3686
3683 3687
3686 3688
3680 3689
3685 3690
3674 3691
3508 3692
3996 3693
3693 3694
3694 3695
3698 3696
3698 3697
3699 3698
3700 3699
3701 3700
3702 3701
3695 3702
3729 3703
3710 3704
3708 3705
3707 3706
3711 3707
3707 3708
3705 3709
3709 3710
3701 3711
3713 3712
3714 3713
3715 3714
3716 3715
3728 3716
3716 3717
3727 3718
3720 3719
3721 3720
3718 3721
3721 3722
3722 3723
3809 3724
3878 3725
3877 3726
3717 3727
3700 3728
3704 3729
3735 3730
3730 3731
3733 3732
3748 3733
3739 3734
3732 3735
3748 3736
3738 3737
3736 3738
3732 3739
3750 3740
3750 3741
3747 3742
3742 3743
3764 3744
3746 3745
3742 3746
3741 3747
3740 3748
3744 3749
3749 3750
3753 3751
3753 3752
3754 3753
3755 3754
3756 3755
3779 3756
3756 3757
3759 3758
3760 3759
3761 3760
3773 3761
3763 3762
3778 3763
3765 3764
3766 3765
3780 3766
3769 3767
3824 3768
3768 3769
3772 3770
3827 3771
3769 3772
3762 3773
3858 3774
3778 3775
3775 3776
3825 3777
3770 3778
3759 3779
3767 3780
3783 3781
3783 3782
3784 3783
3785 3784
3789 3785
3785 3786
3798 3787
3787 3788
3799 3789
3797 3790
3797 3791
3791 3792
3821 3793
3793 3794
3794 3795
3795 3796
3793 3797
3799 3798
3790 3799
3807 3800
3811 3801
3801 3802
3802 3803
3801 3804
3804 3805
3805 3806
3803 3807
3810 3808
3859 3809
3995 3810
3814 3811
3814 3812
3812 3813
3808 3814
3806 3815
3822 3816
3816 3817
3817 3818
3818 3819
3819 3820
3822 3821
3815 3822
3857 3823
3771 3824
3856 3825
3777 3826
3826 3827
3777 3828
3828 3829
3829 3830
3837 3831
3831 3832
3832 3833
3833 3834
3820 3835
3838 3836
3836 3837
3835 3838
3857 3839
3839 3840
3855 3841
3847 3842
3841 3843
3843 3844
3842 3845
3843 3846
3846 3847
3847 3848
3848 3849
3849 3850
3850 3851
3853 3852
3851 3853
3844 3854
3840 3855
3823 3856
3838 3857
3824 3858
3878 3859
3861 3860
3862 3861
3864 3862
3873 3863
3865 3864
3866 3865
3872 3866
3870 3867
3863 3868
3870 3869
3868 3870
3869 3871
3867 3872
3883 3873
3726 3874
3879 3875
3724 3876
3724 3877
3723 3878
3876 3879
3882 3880
3879 3881
3881 3882
3874 3883
3887 3884
3891 3885
3887 3886
3890 3887
3889 3888
3892 3889
3885 3890
3901 3891
3893 3892
3898 3893
3895 3894
3897 3895
3900 3896
3896 3897
3900 3898
3885 3899
3899 3900
3916 3901
3903 3902
3904 3903
3906 3904
3907 3905
3905 3906
3910 3907
3909 3908
3905 3909
3894 3910
3940 3911
3911 3912
3912 3913
3913 3914
3914 3915
3939 3916
3918 3917
3920 3918
3930 3919
3914 3920
3922 3921
3926 3922
3938 3923
3923 3924
3924 3925
3928 3926
3994 3927
3927 3928
3918 3929
3929 3930
3919 3931
3931 3932
3932 3933
3936 3934
3937 3935
3933 3936
3933 3937
3929 3938
3917 3939
3871 3940
3946 3941
3941 3942
3949 3943
3943 3944
3944 3945
3945 3946
3928 3947
3947 3948
3951 3949
3951 3950
3948 3951
3946 3952
3960 3953
3975 3954
3952 3955
3975 3956
3956 3957
3959 3958
3953 3959
3954 3960
3965 3961
3961 3962
3962 3963
3963 3964
3959 3965
3973 3966
3974 3967
3974 3968
3964 3969
3968 3970
3967 3971
3970 3972
3972 3973
3969 3974
3955 3975
3979 3976
3978 3977
3980 3978
3978 3979
3992 3980
3982 3981
3983 3982
3993 3983
3983 3984
3986 3985
3987 3986
3991 3987
3985 3988
3987 3989
3989 3990
3984 3991
3981 3992
3964 3993
3925 3994
3859 3995
3692 3996
2420 3997
