steiner points
180 429
557 478
297 547
322 600
297 600
184 757
208 757
215 757
297 647
297 757
725 269
701 287
701 356
686 444
297 478
686 478
1264 424
1263 433
1097 433
1097 564
1402 693
1183 693
1097 693
1021 693
696 693
636 1034
696 854
696 1034
570 1354
1188 1279
957 1220
1024 1220
1352 1279
1353 1279
1353 1295
696 1220
696 1354
400 1456
400 1610
514 1610
386 1683
232 1905
197 1905
187 1905
76 1905
400 1683
386 1905
152 2255
225 2255
152 2262
152 2333
152 2395
285 2395
286 2426
423 2472
423 2588
264 2825
423 2736
386 2814
296 2814
386 2126
965 1679
1031 1679
903 1776
746 1835
903 1679
1237 1709
1377 1834
1237 1834
1237 1679
1009 2094
736 2106
659 2023
1214 1975
1214 2014
1214 2022
1185 2066
1299 2022
1299 2256
1299 2370
880 2106
1299 2205
952 2653
853 2653
913 2865
853 2725
1094 2596
1094 2653
1153 2707
1191 2788
853 2865
1126 2525
716 2106
140 3050
647 3177
549 3177
433 3177
315 3177
235 3177
235 3274
699 3539
450 3467
550 3516
235 3457
302 3467
711 3566
550 3516
32 3905
125 3917
54 3917
303 3917
206 3917
550 3664
595 3894
445 3973
538 3973
595 3973
755 4000
338 3917
595 3739
913 2966
1201 3110
923 3197
923 3228
849 3367
804 3566
1201 3167
1201 3192
959 3192
1201 3419
913 3067
962 3825
967 3899
967 3937
1227 3968
1174 3968
1068 3968
938 3621
849 3566
923 3192
386 2023
1579 216
1631 216
1692 216
1762 216
1856 216
1856 440
2293 290
2139 290
2069 216
1874 633
1874 813
1874 849
2015 872
2084 911
2310 732
2035 911
2224 911
1856 590
2594 300
2594 508
2594 547
2596 562
2636 562
2714 699
2780 699
2420 732
2634 789
2714 789
2714 831
2714 923
2704 973
2636 660
3392 119
2987 119
2985 397
2985 492
3016 492
2985 499
2985 562
2832 562
3644 119
3552 119
3204 119
3392 294
3343 515
3446 526
3522 526
3522 576
3648 632
3768 632
3392 515
2985 145
2508 789
2106 1207
1967 1207
2350 1210
2468 1308
2318 1210
2350 1308
2522 1397
2704 1141
2468 1512
2468 1397
1659 1905
1452 1834
1656 1888
1961 1948
2365 1693
2309 1841
2309 1994
1711 1948
2213 2043
2309 2043
2587 1985
2670 2072
2670 2072
2670 2072
2474 2072
2022 2043
2309 1924
3087 1362
3087 1468
3700 1536
3456 1536
3078 1585
3391 1536
3244 1536
3700 1635
3700 1682
3785 1682
3660 1750
3087 1536
3173 2132
2894 2072
2991 2132
2991 2167
2991 2224
2982 2246
3235 2272
3630 1913
3572 2180
3606 2250
3572 2250
3467 2274
3523 2274
3467 2417
3701 2233
3803 2287
3803 2368
3803 2233
3467 2447
3572 2134
3235 2132
1740 2617
1768 2659
1740 2659
1731 2943
1731 3014
1871 3042
1985 3042
1768 2698
2109 2982
2172 2982
2172 3045
2178 3089
1731 3042
1731 3592
1986 3592
2111 3592
2299 3592
1986 3836
1830 3875
1986 3875
2194 3955
1830 4002
1986 3709
1731 3315
2661 2781
2762 2781
2816 2781
2892 2781
2661 2861
2661 2904
3179 2781
3093 2781
2752 3143
2661 3115
2591 3115
2955 3175
2905 3175
3191 3198
3147 3223
3078 3273
3028 3273
3003 3273
2661 3143
2661 3049
2677 3614
2830 3696
2677 3696
2665 3771
2608 3799
2608 3855
2683 3919
2608 3878
2714 4078
2608 3919
3240 3535
3209 3535
2971 3696
2661 3457
2456 3108
3873 2724
3834 2724
3614 2724
3600 2751
3552 2751
3467 2476
3600 2777
3600 2908
3543 3138
3747 3338
3701 3413
3543 3413
3388 3535
3842 3211
3842 3281
3776 3292
3828 3292
3533 3860
3577 3877
3577 3953
3577 4085
3552 4085
3473 4085
3491 3535
3543 3091
3491 3686
3476 2751
2704 1397
4367 119
4367 225
4367 287
4399 287
4367 352
4367 630
4837 672
4385 770
5044 267
4878 409
4878 503
4684 672
4385 672
4878 804
4878 672
4199 1165
4069 1322
4199 1328
4172 1328
4403 1319
4115 1328
4433 898
4586 1156
4650 1107
4319 1328
4477 1319
4482 1170
4305 1328
4500 1381
4546 1383
4500 1383
4856 1339
5077 1339
4500 1580
4482 1319
4115 1545
4482 1156
4499 1866
4192 1929
4322 1929
4438 1929
4438 1996
4165 2070
4438 2175
4234 2310
4091 2384
4234 2384
4245 2548
4374 2550
4459 2550
4554 2588
4438 2277
4977 1925
4977 2127
5144 2205
4977 2205
4902 2292
4902 2330
4902 2377
4902 2490
4931 2493
4931 2561
4931 2595
4892 2595
4902 2444
4714 2595
4714 2839
4522 2902
4367 3119
4417 3011
4417 3119
4528 3153
4879 3153
4417 3221
4385 3229
4417 3153
4964 2881
5005 2881
5080 2881
5080 2927
4581 3153
5080 3153
5080 3227
5080 3338
4385 3515
4342 3654
4342 3708
4660 3818
4171 4062
4502 3908
4351 4077
4369 4114
4342 3908
4351 3908
4737 3818
4919 3818
4919 4075
4351 4062
4385 3574
4714 2681
4500 1716
3987 3119
1534 1888
231 4567
251 4718
251 4820
251 4832
251 4876
251 4894
554 4632
800 4670
755 4670
962 4665
755 4749
457 5033
702 5048
755 4971
488 5048
632 5048
251 5033
251 5242
179 5275
115 5295
115 5565
115 5522
337 5565
115 5798
72 5846
72 5941
72 6005
204 6005
779 5640
665 5360
964 5542
619 5640
665 5640
385 5640
779 5776
822 5640
251 5214
1833 4567
1785 4567
1672 4567
1556 4567
1877 4596
1532 4663
1935 4873
1935 4935
1484 5353
1417 5353
1216 5353
1935 5020
1935 5225
1935 5374
1863 5421
1764 5426
1863 5426
2186 4888
2186 4903
2186 5113
2186 5225
2252 5231
2252 5358
2252 5549
2172 5225
1298 6078
1477 6078
1863 5807
1724 5893
1863 5893
1724 5919
1724 6039
1724 6064
1724 6177
1580 6039
2101 5836
2176 5836
2048 5900
2081 5900
2081 5991
2081 6112
1905 5893
1863 5726
2505 4246
2603 4300
2535 4300
2618 4325
2651 4490
2651 4595
2828 4861
2651 4647
2754 5017
2765 5017
2434 5215
2438 5285
2859 5267
2699 5291
2438 5291
2438 5358
2902 5267
2765 5125
2765 5267
2438 5486
2521 5486
2830 5647
2674 5647
2912 5652
2912 5736
2912 5784
2521 5594
2651 5017
2348 5358
1216 5542
3577 4400
3577 4424
3505 4532
3577 4532
3203 4629
3505 4629
3865 4347
3904 4409
3904 4541
3939 4723
3904 4723
3743 4541
3330 5064
3371 5087
3439 5259
3439 5339
3439 5434
3904 5158
4018 5182
4018 5336
4018 5351
3632 5434
4115 5351
3562 5681
3235 5681
3217 5736
3217 5987
3746 5681
3731 5681
3716 5956
3716 6005
3716 6028
3756 6028
3951 6159
3731 5954
3217 5998
3746 5493
3904 4845
4358 4311
4369 4185
4369 4311
4358 4649
5025 4679
4665 4679
4668 4790
4665 4730
4280 5056
4296 5056
4352 5079
4352 5116
4535 5283
4310 5292
5105 5184
4628 5283
4352 5283
4607 5283
5021 5184
4727 4934
5105 5235
4733 5277
4733 5184
4660 5564
4522 5566
4407 5595
4378 5595
4489 5639
4318 5670
4683 5564
4607 5436
4597 5566
4660 5649
4790 5666
4660 5666
4794 5666
4794 5751
4489 5595
5035 6021
4739 6019
4794 5865
4509 6175
4794 6019
4607 5564
3746 5434
3038 5736
4358 4416
5740 128
5703 128
5630 128
5873 144
5630 308
5630 325
5619 596
5619 598
5619 675
5693 675
5630 402
6001 144
6158 349
6158 359
6203 385
6253 504
6203 504
6253 586
6352 628
6292 628
6253 628
6246 660
6253 575
6619 191
7043 134
6527 191
6775 191
6158 191
6934 191
6948 191
6619 240
6840 622
6834 622
6619 463
6782 622
6652 622
6822 191
5621 1164
5621 1259
5621 1349
5471 1349
5363 1349
5363 1616
6158 838
6039 909
6158 909
6158 924
6204 924
6291 924
5979 1259
6150 1261
6282 1261
6413 1261
6158 1195
6282 1554
6282 1647
5837 1259
6158 1261
5719 1259
6952 1059
6936 1059
6723 1113
6821 1059
6723 1059
6723 1149
6825 1400
6611 1415
6556 1415
7191 1547
6836 1579
6723 1400
6825 1579
6448 1375
6174 788
5529 1991
5661 2004
5645 1879
5437 1991
5645 1991
5742 2004
5823 2067
5841 2067
5903 2079
5855 2079
5913 2079
5778 2037
5437 2027
5855 2393
5521 2580
5521 2640
5579 2640
5418 2670
5579 2811
5855 2294
6006 2393
5884 2393
5855 2468
6102 2439
5726 2468
5874 2594
5906 2626
5521 2468
5324 3227
5362 3283
5579 3283
5615 3283
5731 3283
5362 3334
5362 3379
5579 2952
5855 2221
6361 1874
6580 2109
6373 2109
6361 2109
6373 2321
6401 2347
6718 2347
6401 2455
6235 2466
6635 2347
6718 2504
6718 2512
6755 2678
6817 2678
6980 2678
6366 2466
6373 2223
6461 2913
6755 2864
6755 2693
6199 2994
6277 2994
6439 2994
6439 3042
6197 3334
6569 3371
6479 3371
6317 3371
6479 3471
6197 3201
6920 2984
6889 2984
6920 3062
6920 3062
6940 3130
7013 3133
7013 3202
6910 3363
6643 2864
6755 3062
6103 2466
6282 1754
7782 198
7652 198
7579 198
7334 198
7782 276
7782 370
7864 377
8281 61
8094 198
8133 198
8133 220
7655 642
7801 642
7895 593
7931 593
7586 642
7895 662
8410 704
8316 704
8225 704
7895 810
8213 815
8104 815
7586 816
7895 642
7300 1145
7426 1145
7448 1478
7378 1498
7329 1539
7348 1539
7348 1614
7426 1478
7859 1279
7828 1303
7828 1357
7799 1468
7828 1468
8193 1182
8318 1187
8243 1187
8104 994
7635 1478
7544 2054
7828 1987
7658 2054
7458 2456
7410 2456
7556 2463
7828 1820
8005 1987
8237 1987
8237 2176
8237 2311
8237 2413
7556 2054
7556 2456
8104 1182
8971 177
8726 300
8726 492
8613 545
8613 711
8613 817
8762 1253
8704 1253
8613 1187
8613 888
8807 1311
8560 1187
9055 177
9140 177
9179 177
9330 177
9825 192
9566 290
9594 290
9758 290
9825 290
9758 370
9396 288
9307 922
9479 922
9307 975
9307 1034
9307 1109
9199 1255
9685 628
9635 665
9635 841
9806 841
9632 886
9501 886
9758 475
8726 280
8702 1552
8807 1416
8911 1638
9063 1783
9053 1865
8909 2038
8989 2038
9050 1968
8761 2098
9050 2038
9050 2212
9050 2263
9063 1818
9204 1783
9398 1783
9567 1848
9677 1826
9754 1826
9846 1686
9846 1725
9846 1826
9593 1848
9955 2194
9878 2194
9593 2194
9531 2458
9593 2054
9447 1848
8807 1552
8650 1253
7700 2928
7774 3140
7700 3140
7700 3153
7638 3407
7525 3407
7435 3407
7229 3444
7433 3444
8029 2839
8029 2905
8029 2943
8029 3048
8029 3084
7998 3140
7953 3140
7914 3289
7998 3243
7998 3289
7700 3404
8722 2695
8933 2728
8722 2728
8515 2755
8515 2810
8432 2810
8272 3048
8300 3048
8382 3048
8430 3048
8430 3051
8432 3010
8627 3291
8552 3323
8619 3291
8667 3323
8932 3413
8552 3291
8250 3048
9542 2668
9531 2668
9351 2668
9590 2668
9633 2668
9522 2847
9542 2821
9522 2847
9479 3061
9729 3149
9431 3149
9479 3149
9431 3265
9425 3365
9680 3149
9574 3149
9729 3313
9729 3362
9729 3388
9574 3153
9522 3046
8986 2728
9633 2713
7149 1579
5607 3779
5395 3818
5440 3818
5244 3902
5395 3902
5395 3959
5395 4061
5350 4094
5529 4124
5395 4094
5350 4169
5815 3779
5815 3815
5815 3983
5556 3779
5571 4294
5575 4409
5571 4409
5519 4620
5519 4640
5464 4719
5430 4793
5464 4788
5778 4346
5816 4364
5947 4434
5816 4407
5645 4407
6028 4415
5771 4803
5947 4549
5903 4772
5947 4772
5947 4415
5519 4501
6479 3561
6395 3932
6479 3615
6606 3897
6527 3912
6479 3912
6447 3999
6447 4298
6604 3912
6693 3878
6710 3878
6715 3881
6770 3881
6604 3981
6770 3831
7066 3792
7173 4194
6770 4194
7301 4194
6532 4386
6554 4492
6554 4819
6554 4683
7188 4502
7188 4528
7188 4683
7113 4683
7260 4688
7113 4798
6816 4683
6504 4819
6181 4298
5439 5202
5505 5203
5563 5389
5563 5521
5815 5148
6078 5460
5563 5203
5673 5521
6078 5612
5843 5612
5793 5611
5793 5612
5793 5672
5788 5729
5788 5784
5788 5817
5885 5817
5962 5817
6057 5967
6035 6106
5786 6197
5958 6197
5998 6197
6057 6063
5788 5754
6554 5029
6736 5092
6542 5296
6542 5365
6407 5365
6331 5369
6809 5092
6901 5092
6980 5274
6554 5092
6573 5595
6652 5506
6652 5595
6482 6132
6611 6132
6430 6132
6789 5844
6910 6060
6628 6153
6789 6060
6673 6161
6271 6132
6789 6161
6789 5734
7193 5110
7128 5274
7231 5447
7299 5490
7299 5578
7373 5903
7299 5903
7299 5801
7278 6060
7263 6092
7278 5962
7193 5274
6175 6063
6345 4819
7709 3667
7709 3731
7709 3847
7653 4150
7709 4150
7840 4150
7653 4186
7621 4214
7840 4246
7840 4267
7805 4288
7805 4337
7642 4552
7709 3991
7990 4082
7990 4149
7990 4204
7979 4235
7979 4246
7937 4246
8198 4204
8198 4204
8098 4413
8198 4363
8169 4500
8169 4413
7899 4246
7848 4867
7642 4761
7794 4552
7642 4867
7642 5045
7642 5101
8357 4775
8162 5035
8162 4959
8050 4904
8102 4959
7642 4893
9063 3684
9129 3684
8908 3739
8952 3739
8985 3739
8952 3956
9159 4028
9021 4028
8952 4028
8952 4168
8672 4168
8654 4168
8952 3823
8671 4507
8671 4528
9169 4688
9052 4688
8675 4898
8675 4930
8797 4930
8671 4688
8458 4528
9102 4736
9102 4884
9102 4688
8672 4394
9466 3754
9598 3754
9598 3969
9734 3969
9734 4046
9734 4168
9734 4207
9623 4626
9704 4282
9436 4688
9704 4626
9613 4688
9320 4688
8675 4688
7962 5297
7763 5544
8009 5513
7962 5513
7821 5513
7804 5544
7763 5571
7826 5749
7894 5860
7826 5894
8165 5987
8093 5987
8165 5765
7826 5860
8180 6014
7826 5987
7763 5730
8629 5431
8520 5431
8520 5586
8520 5608
9018 5690
8447 5722
8997 5690
8851 5690
8520 5690
8597 6025
8982 6155
8906 6155
8892 6158
8313 6025
8845 6158
8841 6158
9084 5834
9066 6103
9003 6155
9542 5989
9209 5407
9338 5407
9338 5447
9440 5447
9440 5496
9376 5626
9440 5626
9756 5383
9756 5496
9544 5496
9673 5989
9444 5989
9444 6103
9813 6004
9336 6103
9117 6103
9542 5862
9084 6103
8690 6158
8162 5228
7405 5101
6447 3932
5201 3227
122 6402
441 6522
292 6522
292 6741
121 6845
292 6772
121 7033
194 7033
235 7033
270 7249
270 7083
121 6789
53 7592
270 7329
36 7732
246 8064
36 7842
143 8043
378 8072
874 8292
320 8292
161 8469
213 8469
161 8534
161 8567
239 8679
239 8722
258 8348
36 8043
270 7592
276 8890
276 9045
276 9076
298 9307
419 9313
421 9334
254 9636
421 9636
329 9636
421 9414
361 9636
308 9636
359 9757
312 9822
359 9822
361 9727
276 9277
952 6628
952 6703
1186 6824
959 6824
952 6824
801 6946
1460 6742
1392 6753
1252 6753
976 6824
1228 6824
1240 6940
1262 7096
1228 6892
1838 6407
1838 6431
1838 6561
1838 6667
1820 6720
1503 6742
1769 6742
1413 7181
1413 7211
1413 7303
780 7761
976 7761
976 7818
976 7999
1436 7355
1644 7483
1787 7483
1301 7818
1436 7538
1787 7276
1787 7302
1597 7483
1574 7483
1436 7483
1997 7821
1678 7821
1820 7821
1860 7821
1820 7587
1436 7818
1436 7314
1116 8189
1116 8253
559 8292
685 8292
874 8455
989 8494
989 8633
1878 9021
989 8658
1878 8893
1504 8214
1699 8232
1804 8379
1804 8745
1837 8779
1137 8920
1313 8920
989 8920
1804 8489
1878 9216
869 9263
869 9346
903 9470
903 9653
784 9653
903 9653
903 9676
903 9835
1439 9260
1783 9260
1206 9401
1233 9417
1233 9504
1841 9260
1439 9272
1116 9263
1206 9272
1233 9532
1233 9680
1233 9692
1375 9983
1233 9901
1206 9379
1878 9260
1116 8166
378 8292
3074 6405
2964 6405
2870 6405
2712 6405
2530 6405
2870 6477
2870 6749
2803 7144
2371 7450
2371 7510
2371 7553
2454 7553
2803 6749
2803 6938
2803 7130
2607 7144
2371 7144
2998 7251
3014 7251
2977 7529
2977 7619
3369 7364
2807 7251
3265 6970
3265 7310
3148 7364
3265 7364
3198 7364
3014 7364
2803 7021
2458 7935
2819 7884
2977 7786
2950 7881
2779 7935
2507 7935
2779 8154
2727 8159
2779 8078
2994 7924
3115 7978
3140 8125
3140 8178
3413 8160
3271 8178
3203 8178
3271 8246
3115 8049
2977 7881
3706 6477
3828 6477
3881 6477
3883 6489
3902 6511
4007 6511
4378 6525
4352 6525
4170 6525
4824 6551
4378 6551
4838 6309
4913 6454
4913 6474
4898 6549
5093 6474
5072 6474
5072 6480
5072 6572
4545 6551
4378 6692
3676 7150
3823 7150
3676 7078
4054 7189
4115 7140
4398 7010
4509 7050
4398 7050
4381 7140
4054 7189
4019 7150
4115 7189
4046 7420
4268 7461
4079 7461
4079 7628
4310 7404
4310 7461
4339 7544
4079 7611
4046 7304
4026 8047
4026 8118
3941 8131
3855 8131
4167 7688
4256 7805
4256 7984
4215 8118
4256 8118
4311 8118
4215 8157
4397 8163
4215 8176
4256 8078
4100 8118
4256 8049
5138 6901
4739 7021
4917 7021
5048 7021
5134 7021
5048 7279
5010 7324
5048 7324
5160 7548
4613 7544
5290 7739
5160 7739
4834 7723
4613 7596
5160 7495
4948 7739
5290 7955
4948 7837
4934 7924
4859 7987
4648 8185
4859 8185
5048 7099
4613 7723
4378 6727
3530 8131
2207 8798
2346 8828
2387 8828
2346 8896
2341 8966
2278 9017
2718 8377
2877 8377
2919 8429
2693 8762
2871 8762
2872 8762
3144 8676
2919 8676
2448 8762
2341 9017
2394 9063
2394 9113
2394 9214
2798 9127
2766 9168
2584 9220
2766 9220
2584 9279
2539 9363
2298 9472
2326 9540
2380 9540
2539 9540
2326 9613
2326 9885
2634 9893
2584 9344
2278 9128
3358 8347
3242 8614
3614 8614
3032 8676
3324 8824
3440 8969
3354 8969
2903 8762
3499 8614
3358 8614
3764 8646
3764 8828
3764 8836
3764 8642
3560 9173
3702 9173
3891 9264
3499 9323
3392 9347
3440 9048
3530 9146
3496 9347
3163 9486
3478 9486
3383 9603
3383 9738
3496 9433
3517 9519
3795 9553
3527 9553
3517 9553
3383 9486
3496 9486
3499 9146
3144 8804
4734 8454
4143 8466
4134 8466
4134 8526
4606 8634
4622 8619
4712 8619
4512 8694
4276 8694
4571 8634
4134 8694
4582 8948
4432 8948
4276 8811
4779 9014
4656 9014
4353 9056
4202 9271
4316 9196
4318 9351
4318 9436
4347 9436
4532 9436
4610 9436
4316 9271
4353 8948
4075 9854
4409 9875
4075 9875
4226 9875
4293 9875
4278 9634
4499 9876
4633 9876
4493 9876
4278 9875
5216 8394
5216 8463
5103 8519
5103 8671
5103 8671
5064 8671
5465 8680
5310 8671
5134 9088
5056 9014
5056 8928
4923 9014
5271 9407
5413 9462
5271 9462
5175 9488
5215 9798
5413 9672
5333 9750
5413 9750
5416 9812
5271 9397
5184 9088
5271 9167
3711 9264
3271 8340
2078 7821
5832 6388
5939 6388
6000 6388
6184 6388
6391 6388
5619 6952
5593 6952
5905 7347
5789 7314
5593 7054
6147 7347
5990 7347
5712 7314
6391 6826
6391 6876
6275 6963
6275 7163
6275 7236
5895 7314
6239 7347
6239 7420
6239 7347
6391 6718
5720 7678
5823 7714
5942 7714
5953 7714
5990 7714
6058 7714
6058 7820
5906 8111
6161 8177
6058 7937
6254 7820
6254 7940
6197 7820
6426 7949
6483 7978
6427 7978
6254 7948
5788 8311
5788 8334
5788 8507
5714 8621
6230 8304
6058 8177
5942 8177
6340 8304
6396 8329
6168 8573
6346 8573
6378 8573
6168 8602
6168 8788
6413 8517
5942 8334
6413 8350
5753 9193
5887 9415
5681 9375
5753 9320
5985 9415
5670 9435
5884 9870
6171 9420
6101 8843
6263 8969
6397 9025
6101 8966
6101 8969
5753 9375
6101 9415
6146 9420
6171 9513
6101 9225
5887 9637
6471 9025
5990 7631
6735 6316
6673 6287
6673 6313
6803 6323
6817 6419
6817 6510
6817 6546
7159 6546
7311 6588
7382 6588
7578 6615
7431 6797
7431 6873
7895 6549
7862 6581
7600 6646
7706 6777
7742 6777
7862 6777
7431 6615
7299 6546
6625 7404
6785 7523
6749 7523
6749 7583
6749 7688
7734 7283
7243 7463
6976 7520
7202 7520
7695 7196
7826 7221
7777 7253
7695 7283
7683 7283
7331 7050
7380 7283
7734 7354
7734 7512
8112 7436
7926 7512
8049 7512
8049 7648
7734 7351
7202 7651
7331 7283
6637 7959
6838 7926
6934 7926
6991 7926
7048 7977
7048 7977
7202 7795
6819 7938
7277 8172
7048 8098
7063 8153
7063 8220
6731 8429
6743 8429
7130 8153
7063 8429
7065 8816
7102 8919
7102 8877
7065 8707
7603 7970
7590 7970
7613 8237
7433 8267
7433 8267
7451 8319
7613 8319
7783 8075
7979 8084
8154 8226
7613 8075
7652 8589
7652 8496
7533 8715
7470 8836
7427 8836
7383 8836
7652 8650
7292 8267
7035 9475
7102 8933
7102 9148
7102 9251
7204 9365
7204 9475
7047 9475
6669 9475
6869 9752
7016 9752
7016 9843
7016 9868
6688 9910
7069 9868
7203 9868
6929 9910
7262 9475
7586 9256
7533 9327
7668 9327
7467 9358
7467 9375
7370 9475
7467 9475
7262 9619
7843 9137
7586 9327
7813 9361
8043 9579
7950 9579
7917 9579
7813 9579
7917 9633
7893 9137
7813 9327
7262 9795
7204 9285
7202 7977
6580 7978
8580 6523
8837 6556
8723 6556
8652 6556
8652 6660
8508 6794
8508 7021
8508 7136
8541 7136
8426 7136
8296 7136
8384 7136
8839 7229
8761 7136
9279 7335
9095 7339
8508 6939
9888 6416
9434 6449
9350 6449
9125 6472
9206 6473
9350 6473
9165 6473
9359 6711
9359 6778
9350 6698
9748 6416
9558 6416
9888 6668
9888 6786
9888 6581
9324 7106
9396 7229
9647 7229
9281 7335
9095 7410
8961 7410
9324 7229
9647 7379
9724 7458
9324 6908
8868 7410
8448 8201
8300 8201
8243 8226
8279 8312
8658 7773
8792 7773
8904 7773
8658 7982
8658 8065
8653 7767
8905 7918
8658 8035
8486 8212
8658 8142
8541 8305
8658 8305
8658 8338
8688 8338
8010 8226
9289 7937
9142 7937
9071 7934
9104 7937
9104 8094
9182 8179
9273 8179
9174 8179
9724 7664
9724 7953
9759 8007
9516 7953
9596 7953
9759 8215
9759 8308
9759 8127
9392 7953
9104 7986
9724 7549
8702 8712
8570 8712
8477 8712
8758 8735
8758 8783
8758 8855
8648 9028
8648 9114
8419 9232
8794 9232
8903 9232
8946 9209
8794 9482
8648 9232
8758 8993
9273 8572
9273 8367
9165 8572
9083 8572
9273 8572
9273 8877
9005 9099
9143 9099
9298 9026
9298 9099
9369 9154
9294 9302
9294 9322
9294 9353
9298 9154
8794 9466
8486 9706
8551 9734
8829 9811
8829 9887
9098 9811
9288 9811
9130 9811
8829 9586
9352 9817
9332 9817
9352 9932
8611 9887
8551 9887
9788 8718
9940 8811
9915 8811
9788 8811
9680 8811
9611 9053
9664 9053
9611 9151
9604 9225
9611 9225
9619 9495
9619 9522
9811 9812
9744 9812
9522 9225
9298 8900
8243 8288
5574 8680
6711 6313
edges
2795 860
2793 1175
2665 182
2799 1020
2181 1715
2639 1753
2341 1009
2663 496
2174 1636
2664 649
2799 1050
2183 62
2866 399
2159 142
2010 1136
2641 1694
2182 820
2341 1253
2865 1918
2640 753
2144 1566
2864 1324
2181 1443
2663 811
2142 859
2650 1140
2868 1416
2192 673
2850 1852
2000 521
2349 1462
2862 1060
2800 137
2667 1132
2866 628
2141 1867
2794 681
2668 1960
2149 520
2802 133
2143 1464
2342 1833
2669 253
2141 1079
2349 1562
2010 531
2802 1568
2796 1951
2886 644
2642 9
2011 775
2018 294
2344 1544
2344 697
2872 1683
2147 731
2870 802
2184 741
2159 592
2851 1002
2643 1820
2644 1961
2863 468
2148 344
2675 691
2651 1915
2016 1899
2345 1843
2012 874
2652 833
2797 1716
2871 701
2798 637
2795 469
2653 1347
2175 586
2867 1070
2649 1998
2350 233
2147 1781
2016 1437
2000 884
2017 1546
2146 1745
2013 514
2672 157
2187 1564
2885 919
2001 702
2177 14
2177 570
2852 1180
2178 1657
2351 506
2654 393
2160 1641
2185 937
2655 406
2186 245
2185 27
2853 220
2002 688
2161 411
2180 340
2019 993
2661 1486
2188 367
2003 1263
2656 1919
2020 54
2158 1934
2806 756
2806 1375
2645 612
2162 265
2646 1557
2003 1137
2657 1493
2670 56
2803 1883
2671 1964
2670 493
2657 1069
2879 538
2346 1430
2190 364
2150 135
2807 739
2804 225
2008 1341
2811 1813
2172 311
2660 242
2674 1073
2808 1258
2880 792
2809 1621
2352 508
2658 1221
2648 1101
2673 683
2190 1289
2023 1720
2648 229
2347 1114
2165 150
2020 602
2165 1500
2810 1957
2854 1645
2647 969
2166 332
2873 1680
2155 875
2006 588
2021 47
2005 1439
2007 599
2348 1246
2009 161
2005 1400
2712 1709
2167 175
2809 1726
2193 1648
2354 1997
2179 1201
2812 1827
2151 640
2813 1551
2815 619
2855 1252
2354 64
2169 1288
2682 925
2882 429
2683 375
2152 828
2026 1812
2153 1714
2702 725
2815 945
2884 1652
2859 418
2362 1604
2883 273
2683 1428
2154 174
2676 1795
2156 1859
2687 1553
2874 757
2170 412
2686 1042
2687 1488
2189 579
2171 620
2875 1885
2157 1786
2833 401
2033 536
2025 1978
2701 1241
2025 1337
2876 168
2698 1144
2699 1350
2882 1528
2698 5
2364 992
2364 1973
2877 1559
2700 90
2818 221
2201 1117
2817 279
2817 1991
2703 994
2356 973
2363 1016
2676 932
2356 1183
2367 1877
2195 1434
2830 954
2196 131
2831 906
2692 359
2194 1860
2031 1098
2198 1932
2861 7
2030 1402
2856 1878
2691 1839
2372 815
2857 585
2878 1315
2688 955
2697 248
2689 1937
2360 1848
2032 1381
2825 1425
2916 1181
2034 972
2357 883
2826 1089
2680 1600
2197 35
2034 431
2860 489
2366 1605
2357 1447
2199 1742
2368 970
2221 79
2832 1095
2373 897
2678 1792
2028 1427
2359 704
2827 1308
2221 350
2029 902
2365 1938
2711 1388
2369 1529
2370 765
2878 1817
2224 723
2679 595
2200 1822
2704 1323
2705 1023
2888 1377
2036 434
2340 604
2037 1333
2695 1405
2222 1149
2828 528
2819 580
2834 92
2195 728
2820 1161
2202 980
2223 158
2226 1661
2821 807
2376 716
2707 616
2905 1693
2887 503
2693 190
2708 1643
2374 88
2373 494
2225 979
2039 1195
2039 1320
2887 1979
2710 1369
2823 193
2681 1215
2823 1515
2706 1797
2228 658
2889 1074
2376 358
2069 1759
2694 1610
2681 638
2061 823
2225 1658
2040 1018
2065 111
2062 1673
2230 1335
2045 1983
2905 1954
2979 374
2208 1146
2066 113
2441 1484
2906 117
2903 711
2901 41
2230 1118
2231 379
2791 1283
2227 1684
2063 677
2900 1744
2205 987
2393 316
2899 188
2841 675
2907 474
2067 1891
2064 146
2904 1487
2209 403
2902 1767
2891 1278
2378 219
2044 1691
2750 326
2914 819
2715 1466
2715 0
2206 1688
2042 1873
2064 587
2041 822
2204 940
2379 771
2214 1834
2240 1438
2220 1791
2393 523
2751 1364
2380 630
2713 1235
2843 1828
2207 1707
2211 740
2234 837
2894 134
2073 337
2214 277
2842 1494
2892 1047
2044 141
2716 1085
2210 1516
2382 501
2718 863
2723 1279
2074 682
2835 115
2077 13
2072 989
2725 1929
2714 1671
2724 913
2893 423
2233 1346
2212 726
2720 1470
2835 1725
2913 1927
2443 1596
2043 1455
2076 1302
2719 908
2725 1776
2383 1819
2216 844
2723 217
2070 893
2721 96
2895 1119
2250 734
2071 73
2751 1435
2753 52
2060 301
2394 1941
2253 1993
2218 1866
2252 462
2837 1554
2236 995
2383 804
2384 846
2844 1717
2909 573
2241 1049
2395 826
2909 613
2081 215
2395 1065
2897 927
2080 900
2910 84
2749 777
2766 1445
2237 965
2047 1010
2219 1154
2247 472
2238 1785
2242 1724
2048 905
2078 1734
2049 1214
2898 1677
2239 504
2245 563
2392 1502
2759 1043
2248 1908
2397 1397
2740 1815
2732 1390
2385 1999
2845 1903
2895 1362
2754 502
2398 1876
2050 892
2756 136
2839 526
2733 1532
2249 1910
2079 302
2249 609
2399 1509
2386 1287
2238 1499
2092 1071
2734 71
2217 126
2052 1901
2846 1055
2246 825
2053 752
2736 564
2386 672
2846 561
2405 934
2251 130
2757 1168
2838 839
2912 1163
2898 862
2840 1082
2790 910
2737 1046
2051 149
2054 416
2839 715
2318 1574
2758 1801
2840 1216
2400 178
2401 397
2760 1468
2761 1902
2091 1585
2388 371
2390 464
2402 1851
2254 283
2284 477
2727 23
2764 26
2055 1102
2391 353
2738 1565
2404 935
2086 1570
2314 1208
2083 1925
2254 1418
2739 1583
2281 1650
2389 439
2403 230
2729 1036
2958 408
2739 143
2082 1506
2255 941
2960 456
2959 1892
2730 1395
2765 288
2763 886
2256 377
2440 197
2937 854
2764 339
2769 914
2937 448
2261 1731
2088 484
2978 593
2313 730
2315 281
2085 948
2977 1750
2926 370
2057 596
2978 1675
2279 1749
2278 1874
2263 1184
2317 535
2940 1349
2319 1573
2285 1670
2313 798
2089 1266
2730 1699
2942 868
2731 589
2418 341
2059 1889
2962 1234
2419 11
2056 278
2058 441
2280 342
2339 381
2407 642
2926 712
2941 1806
2770 459
2961 776
2961 1581
2282 1442
2788 1625
2084 1620
2090 109
2089 259
2417 1403
2938 1465
2284 578
2417 308
2408 1179
2283 121
2927 946
2917 1576
2320 879
2056 1313
2767 349
2420 348
2917 1498
2781 1555
2257 540
2928 1087
2748 558
2780 106
2120 1721
2262 1761
2781 1262
2771 1525
2948 1933
2410 1217
2943 1980
2258 328
2945 1651
2093 1250
2260 1536
2773 414
2264 1013
2976 1977
2096 1894
2955 870
2297 1112
2093 1947
2947 1526
2964 912
2782 1577
2130 249
2413 827
2965 162
2930 68
2265 1783
2944 705
2337 999
2289 1584
2442 1984
2259 1254
2121 1880
2312 1736
2918 1560
2121 391
2789 1348
2741 467
2288 1285
2094 488
2409 931
2773 1105
2784 1920
2785 53
2321 354
2932 1637
2286 872
2966 184
2970 303
2412 1754
2920 1778
2975 1799
2291 1170
2975 1655
2126 623
2290 346
2097 1909
2128 313
2122 1162
2291 1923
2779 94
2786 172
2094 568
2326 1326
2414 1674
2292 1026
3248 1628
2123 976
2415 864
2421 1865
2934 761
2745 1212
2775 1245
2968 1653
2095 1844
2951 1081
2295 1870
2099 567
2294 32
2327 849
2745 1842
2933 1482
2949 1382
2328 495
2329 1520
2293 427
2972 1527
2277 1030
2744 463
2950 1697
2952 852
2950 1178
2746 1788
2774 1384
2322 287
2424 16
2923 194
2424 1881
2933 125
2973 1686
2787 1139
2969 985
2124 1737
2775 1077
2747 857
2974 1452
2936 1513
2921 1665
2969 334
2323 684
2953 1948
2922 624
2129 234
2747 1015
2777 1523
2924 272
2103 627
2311 1615
2935 1821
2101 1838
2269 1459
2778 323
2787 1987
2953 1613
2129 1477
2925 309
2309 181
2974 208
2425 345
2106 1054
2924 10
2308 569
2100 769
2325 500
3015 1847
2105 626
2439 1796
2270 1076
2270 169
2104 1264
2125 525
2267 369
3149 1062
3030 116
2298 1451
3017 458
3110 1352
2137 855
3150 1858
2426 1351
2112 352
3110 237
3151 566
3150 300
2338 1990
3176 1958
3025 1461
2299 1690
2427 189
2276 1809
3175 1305
3111 139
2119 645
3153 1924
2991 1831
3151 75
3175 793
2436 687
2428 1422
2111 1982
2301 1233
2994 680
2980 1355
2310 773
2135 1766
3030 880
2107 552
2302 85
2981 210
2992 574
2435 1041
2982 20
3161 389
2131 1368
3029 3
2271 1297
3112 1224
2303 1304
2330 1912
2272 1401
2331 1378
2305 522
3024 1231
3026 1507
2110 843
2113 165
3018 1853
2132 1710
2983 1017
2107 228
2983 1090
2433 171
2430 529
3019 1755
3016 962
2118 537
2304 1703
3016 1911
2133 1829
2332 1518
2274 1609
3154 750
2985 1177
3178 1022
2134 1133
3177 1996
2134 742
2109 1086
2114 145
3028 1380
2993 1705
2307 1802
3123 898
3021 1172
2117 1617
3155 509
2275 1917
3028 154
3156 1449
2274 388
2335 758
3179 285
2993 1485
3130 990
2986 1083
2429 266
3124 1738
3115 541
2136 1157
2437 1345
2431 1124
2306 865
3160 1236
3124 559
2335 695
2115 87
3033 1194
2333 1811
2987 1971
2306 1733
2334 440
2108 943
2437 1824
2432 1698
2988 1545
3155 415
2429 606
3125 1622
2117 601
3113 1408
2275 1440
3160 1582
3180 851
2990 1836
2593 254
3116 1689
3031 1296
3158 1662
2990 1700
3131 600
3032 170
3181 871
3117 452
3033 1021
2524 1211
3127 816
2524 524
3136 866
3128 394
3119 1728
2554 1743
2525 55
3117 327
3183 835
3120 1549
3129 781
2995 963
3046 1329
2560 1884
2526 1229
3003 634
2592 678
2594 1751
2527 1718
2444 76
2484 1367
3121 1328
3003 641
2560 404
2481 998
3133 1569
3004 280
3034 1078
3174 81
2554 1850
3007 882
2561 226
2996 751
3132 960
3008 1664
2638 1249
2596 1127
2555 1913
3132 74
3005 271
2450 1906
2528 479
3035 1267
3038 660
3134 1930
3014 744
3038 1611
3162 817
3122 235
3039 1773
3170 545
2556 232
2565 1259
2483 36
3010 1332
3139 685
3165 1419
3182 101
2444 119
2482 31
2529 772
2485 720
2998 315
3185 1271
2558 38
2450 889
2999 1336
2453 539
2531 250
2595 1845
2486 1770
2453 487
2451 1869
3164 767
2596 405
3044 789
3042 1436
3169 18
3187 814
3186 959
2445 1391
3000 1152
2563 66
2599 983
2498 1365
3042 1004
3171 282
3143 733
2558 669
2454 1676
2559 507
3109 1711
3138 147
2486 1818
2563 895
3011 1952
3184 50
3143 1988
3002 714
2598 1478
3001 1810
3043 841
3009 1386
3045 1552
2446 1155
2447 717
2530 1967
2591 1039
3012 1578
3043 1975
2530 1586
3137 304
2487 1310
2448 1629
3001 1187
3009 1340
3172 1644
2498 799
3148 199
2449 1415
3166 1035
2499 665
3146 1237
3168 492
2611 981
2488 124
3167 160
3109 1265
3147 929
2457 926
3172 1567
2532 224
2492 320
2551 428
2601 1668
3072 1612
2455 1496
3144 360
2566 1497
2600 996
3141 821
2458 12
2600 1284
3079 1756
3051 447
2566 1238
2602 1213
3168 83
2456 603
2567 749
3078 1512
2459 1905
3246 1798
3142 951
3096 482
2500 1608
2603 1614
2606 1138
2541 1261
3047 785
3051 646
2489 213
2571 1492
3073 437
2604 667
2572 779
2610 928
2540 1521
3047 218
3048 97
2534 519
2480 755
2534 850
2505 805
3245 974
2502 1303
2612 1037
2461 762
2473 890
2568 112
2540 30
3080 398
2462 562
2613 542
2607 173
2535 1508
3097 887
2537 1758
2605 39
2463 788
3074 1191
3189 1456
3226 1230
2490 1814
3227 1193
2536 718
2573 1702
2569 263
3052 127
2576 794
2491 1293
3207 445
2552 247
2473 1448
3076 1974
3077 1687
3233 1244
2494 1299
2612 1864
3233 543
3077 1298
3049 813
3206 654
3226 621
2495 1647
2496 312
3206 260
2570 17
2622 949
3229 426
3098 1294
3228 1404
2575 1141
2618 1805
3052 1849
3193 1663
2544 1173
3099 1740
2590 510
3235 1038
3083 331
3190 19
3191 703
3054 1192
2465 582
3191 1704
3050 1618
2621 736
2474 231
3194 1424
2627 305
2504 1471
2543 490
2616 1106
2621 532
2466 240
2623 1134
3195 1029
3234 831
3100 774
3208 243
2550 1473
2617 1092
3082 1804
2553 67
2545 760
3209 719
3057 1058
3056 1057
3055 1789
3231 310
3082 1097
2619 91
2475 454
2546 314
2504 617
2578 591
2624 1334
2547 727
2625 292
2479 114
2620 1803
3059 1480
3231 1626
2577 69
3210 1091
3213 1291
2581 933
3212 1399
2626 942
2619 608
3211 743
2523 244
3060 396
3205 132
3095 378
2637 583
3201 1510
3211 286
2477 656
3196 1868
2628 1542
3071 643
3201 317
2478 1164
2549 1327
3061 575
3064 166
2467 1044
3197 180
3103 648
2508 1202
2517 1678
2516 1396
3063 670
2620 1239
3222 1897
2517 876
3088 1126
2468 1392
3197 1907
3242 916
2632 1603
2509 1014
2522 421
3198 957
2518 1946
3101 123
3062 78
2511 1115
3087 784
2469 1219
2588 631
2583 800
3106 938
3065 1593
3237 1196
2580 1479
3101 392
3200 803
3089 1338
3236 786
2520 148
3215 1360
2549 1992
2589 1453
3239 1914
2471 329
2584 1857
3203 790
2631 1962
2630 480
3219 1012
2586 806
2515 236
3239 1019
3204 534
3089 1538
3104 547
3108 1063
2513 1649
2585 103
2630 1746
3086 442
2506 1429
3105 759
2470 1156
3241 1441
3220 1094
3105 1108
3223 295
3066 1256
2521 952
2507 1606
2506 1393
3238 647
3093 1166
3067 557
3217 551
3090 424
2478 93
3085 1985
3224 1592
3218 1898
2587 319
3094 661
2589 1068
2471 549
2633 42
3221 690
2514 164
3240 1656
3069 1218
2521 666
2514 1417
3068 1900
2633 1476
3067 1591
3216 1807
3244 737
2587 1519
3731 1210
3447 333
3873 485
3438 89
3447 1268
3997 1410
3730 1524
3733 296
3854 1514
3249 207
3874 338
3388 1080
3882 44
3656 1598
3653 1406
3391 1638
3655 1186
3310 639
3652 1760
3732 1748
3249 953
3390 1342
3387 1128
3310 978
3881 873
3871 1936
3734 251
3311 877
3442 797
3739 894
3872 481
3448 633
3437 1723
3451 1780
3874 1953
3877 129
3451 1075
3392 1031
3436 201
3250 61
3453 1935
3439 1589
3654 40
3875 322
3652 738
3735 1896
3441 1895
3743 853
3250 1503
3854 8
3443 1199
3750 1458
3444 1879
3387 478
3737 936
3450 1204
3743 1040
3455 209
3856 1306
3855 1627
3312 1490
3736 214
3454 470
3744 1122
3885 1735
3296 1
3738 366
3855 966
3740 1981
3304 939
3296 417
3440 1782
3745 206
3436 151
3454 1765
3858 1475
3302 1719
3313 70
3445 1357
3883 1158
3456 222
3391 706
3880 1939
3297 289
3878 1623
3674 1669
3314 466
3518 618
3252 1160
3315 636
3399 1631
3303 1994
3254 607
3746 2
3879 297
3393 1275
3747 1835
3884 554
3260 1205
3859 911
3741 357
3298 1432
3884 1517
3299 1556
3658 1944
3665 997
3305 930
3253 674
3748 275
3494 629
3742 1539
3666 241
3410 138
3309 1540
3494 291
3895 1001
3495 1505
3403 1446
3400 1741
3870 1530
3307 1123
3301 1926
3467 33
3657 1511
3657 1222
3667 1300
3496 662
3410 1366
3459 1968
3257 155
3462 982
3416 530
3498 252
3860 754
3301 901
3256 1772
3495 239
3463 1053
3765 407
3661 1794
3888 410
3316 383
3459 1316
3259 1632
3863 86
3255 1006
3308 356
3864 1319
3463 450
3516 1051
3867 920
3461 1407
3886 676
3401 663
3864 118
3465 376
3402 276
3457 491
3668 659
3317 791
3329 650
3460 1227
3760 122
3760 430
3458 1414
3865 1808
3318 1421
3761 1787
3761 1277
3468 1255
3866 104
3887 710
3405 1394
3669 1209
3258 98
3404 1890
3762 1232
3329 1343
3499 513
3766 270
3764 15
3473 361
3862 1309
3330 473
3319 1312
3477 923
3411 988
3670 1387
3340 1861
3660 829
3868 216
3409 1028
3500 1771
3262 1599
3889 783
3662 1768
3869 1272
3671 1727
3500 1548
3773 453
3767 581
3324 451
3408 1322
3751 1025
3412 787
3659 140
3893 1634
3321 1635
3769 768
3473 1003
3751 1747
3891 512
3469 387
3672 223
3769 1535
3896 100
3664 1862
3395 57
3894 1110
3470 664
3503 1533
3757 1872
3331 1630
3672 1363
3332 1888
3414 546
3508 25
3890 572
3325 708
3396 1571
3768 82
3758 840
3752 1431
3406 1223
3328 72
3475 1325
3502 324
3770 834
3934 4
3398 1301
3320 498
3398 212
3754 1190
3338 1793
3261 321
3507 1587
3476 461
3407 1595
3278 597
3472 80
3729 1543
3408 258
3772 1121
3774 1339
3397 1330
3675 1966
3924 511
3772 1270
3903 977
3675 614
3482 848
3755 721
3678 351
3680 1762
3506 1696
3755 1344
3906 668
3334 307
3263 1633
3504 37
3916 1240
3517 610
3320 1886
3677 1159
3906 196
3902 443
3419 380
3782 689
3483 153
3335 1099
3327 918
3676 653
3687 1295
3685 764
3651 1550
3335 422
3511 956
3265 1242
3519 735
3778 167
3420 867
3418 1174
3927 465
3907 1153
3779 1048
3426 869
3512 483
3777 891
3918 1969
3417 1374
3684 696
3917 1563
3783 1131
3686 499
3691 1370
3688 947
3932 622
3510 1474
3776 878
3339 1955
3797 1290
3337 382
3796 1790
3797 390
3928 185
3781 457
3427 373
3689 1185
3904 1169
3484 845
3933 832
3513 299
3422 325
3323 1659
3853 1251
3852 944
3926 183
3478 1389
3898 1317
3908 625
3266 1945
3478 438
3434 1148
3493 365
3264 598
3905 1976
3690 257
3267 1904
3803 1666
3425 1660
3491 269
3804 1034
3920 745
3510 517
3785 436
3682 1616
3487 1056
3492 255
3277 262
3428 1575
3931 1856
3480 1672
3481 1816
3922 1830
3910 1005
3682 1243
3790 1007
3423 1281
3488 782
3424 238
3430 1311
3489 1072
3489 1129
3385 1032
3784 368
3490 550
3683 261
3432 1887
3921 922
3514 555
3341 615
3897 1463
3351 1607
3799 110
3909 722
3351 1495
3929 1730
3787 1024
3805 1963
3515 611
3352 1959
3923 1679
3798 1572
3433 21
3490 1203
3342 274
3429 747
3514 159
3799 858
3424 1027
3343 1667
3692 77
3995 553
3269 1088
3699 1433
3911 1846
3930 576
3692 1706
3900 1096
3900 1226
3801 59
3700 1501
3344 6
3930 192
3707 808
3914 1681
3650 128
3526 444
3554 1111
3276 778
3913 105
3708 1147
3914 267
3696 425
3788 842
3625 584
3951 1331
3527 700
3353 246
3526 692
3915 907
3625 446
3589 1940
3528 1840
3788 763
3814 1093
3789 1150
3589 770
3345 1580
3590 1276
3626 1398
3270 1722
3591 1412
3590 1825
3271 43
3979 51
3937 120
3953 1931
3359 1426
3346 298
3808 1116
3694 460
3706 968
3627 29
3556 1376
3592 699
3272 1863
3702 1104
3273 1109
3952 1064
3954 896
3701 1107
3598 330
3807 335
3953 1602
3704 455
3555 204
3562 1318
3594 1956
3595 1531
3695 1061
3347 1624
3593 635
3936 336
3567 1409
3564 847
3813 1882
3349 1775
3632 34
3630 24
3703 1280
3557 1120
3628 950
3274 1450
3631 1590
3520 385
3596 1457
3599 881
3795 372
3935 1558
3809 1989
3979 95
3275 1052
3534 176
3938 1654
3354 1541
3530 1379
3996 1763
3980 1685
3531 1481
3355 1358
3939 1692
3705 49
3812 420
3520 1619
3588 812
3602 1066
3983 1260
3792 318
3529 1467
3558 671
3522 516
3565 432
3980 1893
3566 824
3811 605
3717 1682
3940 810
3812 191
3937 1777
3794 1639
3955 1871
3566 1274
3279 1353
3600 1489
3810 1460
3350 888
3523 163
3994 45
3793 1176
3357 1084
3635 1491
3561 1950
3816 724
3601 1483
3981 1228
3559 836
3358 60
3356 544
3524 1113
3720 395
3560 1143
3718 1307
3956 1059
3949 1769
3603 1011
3525 1522
3348 780
3728 475
3958 651
3941 1739
3604 1067
3280 961
3573 1220
3984 1000
3728 347
3985 1356
3840 384
3605 1779
3536 177
3281 99
3709 1784
3647 1257
3957 796
3636 1188
3569 732
3537 1200
3942 1385
3848 202
3539 1247
3633 1995
3539 1206
3553 1732
3848 1198
3553 102
3574 284
3817 1292
3832 590
3986 1588
3960 809
3719 838
3648 1167
3540 435
3568 1444
3709 1142
3607 1986
3946 971
3538 1135
3360 518
3542 1855
3726 1182
3993 1841
3987 1916
3943 909
3376 400
3818 1321
3611 1125
3832 1601
3374 921
3361 402
3570 1282
3606 1534
3375 856
3295 594
3543 48
3943 363
3851 1972
3649 1826
3961 1207
3945 694
3282 63
3283 565
3712 632
3962 433
3571 195
3833 1273
3284 1942
3384 713
3552 1708
3362 1225
3572 1372
3572 1423
3608 1752
3963 256
3834 152
3835 571
3842 975
3544 801
3819 830
3963 471
3711 58
3836 991
3383 515
3822 1642
3646 1469
3371 1413
3637 984
3288 65
3713 1943
3372 1420
3612 686
3716 1713
3580 205
3714 818
3610 1965
3545 486
3724 1269
3576 1130
3837 1712
3815 1561
3370 108
3638 28
3965 1875
3363 527
3545 386
3821 709
3947 264
3576 505
3577 290
3640 1800
3989 986
3582 144
3612 1371
3373 1504
3725 1537
3581 1359
3990 1823
3285 1837
3640 548
3378 1145
3822 657
3547 179
3548 1640
3583 1970
3714 1373
3844 679
3843 693
3838 915
3287 46
3973 964
3846 917
3578 795
3365 1949
3549 1854
3839 746
3584 268
3847 1189
3620 556
3285 1103
3727 707
3971 1928
3286 107
3582 1248
3966 476
3364 1646
3642 1151
3290 1454
3970 655
3367 343
3843 924
3379 200
3380 1597
3966 903
3365 1594
3823 1701
3824 899
3294 904
3967 1547
3579 1921
3643 958
3823 22
3291 1922
3622 203
3615 748
3850 560
3641 156
3972 1472
3645 652
3991 1008
3974 187
3292 1197
3293 1286
3975 1171
3368 766
3825 1033
3992 1045
3615 577
3616 362
3847 1361
3829 1165
3715 533
3619 419
3621 1411
3725 227
3550 861
3828 1695
3978 413
3368 1579
3551 1832
3623 967
3382 293
3292 1314
3827 698
3969 306
3551 198
3976 1100
3641 186
3645 1383
3827 1729
3976 449
3977 409
3830 1764
3622 355
3579 497
3618 1354
3381 729
3715 211
3617 1774
3991 885
3381 1757
2014 2000
2015 2001
2014 2002
2004 2003
2002 2004
2006 2005
2007 2006
2009 2007
2004 2008
2008 2009
2011 2010
2012 2011
2013 2012
2015 2013
2001 2014
2024 2015
2017 2016
2018 2017
2019 2018
2022 2019
2021 2020
2022 2021
2023 2022
2024 2023
2026 2024
2027 2025
2027 2026
2035 2027
2037 2028
2031 2029
2035 2030
2030 2031
2029 2032
2032 2033
2033 2034
2036 2035
2028 2036
2038 2037
2045 2038
2038 2039
2046 2040
2046 2041
2041 2042
2042 2043
2043 2044
2040 2045
2140 2046
2048 2047
2060 2048
2047 2049
2049 2050
2050 2051
2051 2052
2052 2053
2053 2054
2054 2055
2059 2056
2055 2057
2057 2058
2058 2059
2140 2060
2062 2061
2069 2062
2065 2063
2063 2064
2061 2065
2068 2066
2205 2067
2067 2068
2066 2069
2076 2070
2080 2071
2092 2072
2068 2073
2073 2074
2074 2075
2075 2076
2075 2077
2081 2078
2078 2079
2070 2080
2077 2081
2087 2082
2082 2083
2090 2084
2083 2085
2091 2086
2086 2087
2087 2088
2088 2089
2085 2090
2079 2091
2071 2092
2098 2093
2095 2094
2096 2095
2097 2096
2098 2097
2099 2098
2103 2099
2105 2100
2102 2101
2106 2102
2104 2103
2101 2104
2125 2105
2100 2106
2109 2107
2111 2108
2108 2109
2118 2110
2110 2111
2102 2112
2119 2113
2115 2114
2116 2115
2113 2116
2116 2117
2114 2118
2112 2119
2084 2120
2126 2121
2139 2122
2122 2123
2123 2124
2138 2125
2127 2126
2128 2127
2139 2128
2127 2129
2120 2130
2137 2131
2131 2132
2132 2133
2135 2134
2136 2135
2133 2136
2138 2137
2124 2138
2130 2139
2072 2140
2142 2141
2143 2142
2144 2143
2145 2144
2146 2145
2158 2146
2148 2147
2149 2148
2145 2149
2151 2150
2152 2151
2153 2152
2156 2153
2157 2154
2166 2155
2154 2156
2155 2157
2150 2158
2160 2159
2161 2160
2162 2161
2163 2162
2172 2163
2168 2164
2164 2165
2193 2166
2168 2167
2169 2168
2170 2169
2171 2170
2201 2171
2164 2172
2183 2173
2192 2174
2176 2175
2178 2176
2176 2177
2179 2178
2180 2179
2163 2180
2182 2181
2173 2182
2174 2183
2173 2184
2191 2185
2191 2186
2186 2187
2187 2188
2188 2189
2189 2190
2184 2191
2175 2192
2167 2193
2198 2194
2194 2195
2199 2196
2203 2197
2196 2198
2197 2199
2203 2200
2340 2201
2208 2202
2202 2203
2211 2204
2443 2205
2204 2206
2219 2207
2209 2208
2220 2209
2213 2210
2207 2211
2213 2212
2218 2213
2215 2214
2234 2215
2215 2216
2216 2217
2217 2218
2212 2219
2210 2220
2222 2221
2232 2222
2228 2223
2223 2224
2232 2225
2224 2226
2226 2227
2229 2228
2231 2229
2229 2230
2240 2231
2227 2232
2253 2233
2235 2234
2233 2235
2235 2236
2236 2237
2237 2238
2244 2239
2252 2240
2243 2241
2243 2242
2245 2243
2246 2244
2244 2245
2251 2246
2242 2247
2250 2248
2248 2249
2247 2250
2318 2251
2241 2252
2239 2253
2256 2254
2261 2255
2255 2256
2258 2257
2266 2258
2260 2259
2262 2260
2257 2261
2263 2262
2264 2263
2265 2264
2312 2265
2259 2266
2277 2267
2267 2268
2268 2269
2269 2270
2276 2271
2273 2272
2271 2273
2273 2274
2272 2275
2268 2276
2266 2277
2282 2278
2278 2279
2279 2280
2280 2281
2283 2282
2297 2283
2285 2284
2281 2285
2296 2286
2296 2287
2287 2288
2290 2289
2286 2290
2292 2291
2293 2292
2294 2293
2295 2294
2289 2295
2311 2296
2287 2297
2300 2298
2310 2299
2299 2300
2300 2301
2301 2302
2302 2303
2307 2304
2303 2305
2304 2306
2305 2307
2325 2308
2308 2309
2309 2310
2298 2311
2288 2312
2314 2313
2315 2314
2316 2315
2319 2316
2316 2317
2339 2318
2320 2319
2337 2320
2324 2321
2328 2322
2322 2323
2323 2324
2336 2325
2442 2326
2326 2327
2329 2328
2327 2329
2338 2330
2330 2331
2331 2332
2332 2333
2333 2334
2334 2335
2324 2336
2321 2337
2336 2338
2317 2339
2200 2340
2342 2341
2343 2342
2345 2343
2343 2344
2346 2345
2353 2346
2352 2347
2362 2348
2350 2349
2351 2350
2355 2351
2353 2352
2348 2353
2355 2354
2347 2355
2358 2356
2361 2357
2368 2358
2358 2359
2366 2360
2359 2361
2377 2362
2377 2363
2363 2364
2360 2365
2375 2366
2375 2367
2365 2368
2371 2369
2371 2370
2374 2371
2370 2372
2372 2373
2441 2374
2369 2375
2361 2376
2367 2377
2381 2378
2380 2379
2381 2380
2382 2381
2384 2382
2379 2383
2392 2384
2387 2385
2387 2386
2388 2387
2389 2388
2390 2389
2391 2390
2406 2391
2385 2392
2394 2393
2396 2394
2396 2395
2397 2396
2398 2397
2399 2398
2405 2399
2401 2400
2402 2401
2403 2402
2404 2403
2406 2404
2400 2405
2440 2406
2408 2407
2410 2408
2411 2409
2411 2410
2416 2411
2421 2412
2422 2413
2416 2414
2414 2415
2412 2416
2418 2417
2419 2418
2420 2419
2422 2420
2413 2421
2423 2422
3248 2423
2423 2424
2415 2425
2439 2426
2426 2427
2430 2428
2438 2429
2434 2430
2438 2431
2431 2432
2427 2433
2433 2434
2428 2435
2435 2436
2436 2437
2434 2438
2425 2439
2407 2440
2378 2441
2409 2442
2206 2443
2445 2444
2446 2445
2447 2446
2448 2447
2449 2448
2460 2449
2452 2450
2452 2451
2454 2452
2451 2453
2457 2454
2460 2455
2459 2456
2456 2457
2455 2458
2458 2459
2480 2460
2462 2461
2463 2462
2465 2463
2466 2464
2464 2465
2477 2466
2464 2467
2467 2468
2468 2469
2469 2470
2470 2471
2479 2472
2476 2473
2553 2474
2476 2475
2472 2476
2475 2477
2472 2478
2474 2479
2461 2480
2485 2481
2481 2482
2482 2483
2483 2484
2487 2485
2484 2486
2488 2487
2492 2488
2496 2489
2489 2490
2490 2491
2493 2492
2505 2493
2493 2494
2494 2495
2497 2496
2495 2497
2499 2498
2500 2499
2501 2500
2502 2501
2503 2502
2552 2503
2503 2504
2501 2505
2507 2506
2515 2507
2523 2508
2510 2509
2508 2510
2509 2511
2511 2512
2512 2513
2513 2514
2512 2515
2519 2516
2516 2517
2522 2518
2518 2519
2519 2520
2520 2521
2510 2522
2497 2523
2526 2524
2527 2525
2525 2526
2528 2527
2529 2528
2531 2529
2533 2530
2551 2531
2533 2532
2541 2533
2535 2534
2538 2535
2542 2536
2538 2537
2539 2538
2543 2539
2536 2540
2542 2541
2537 2542
2544 2543
2550 2544
2547 2545
2545 2546
2548 2547
2637 2548
2548 2549
2546 2550
2532 2551
2539 2552
2491 2553
2555 2554
2557 2555
2557 2556
2565 2557
2559 2558
2556 2559
2561 2560
2562 2561
2564 2562
2564 2563
2591 2564
2562 2565
2567 2566
2568 2567
2569 2568
2570 2569
2575 2570
2572 2571
2573 2572
2574 2573
2576 2574
2636 2575
2605 2576
2582 2577
2577 2578
2578 2579
2579 2580
2590 2581
2581 2582
2588 2583
2583 2584
2584 2585
2585 2586
2586 2587
2582 2588
2580 2589
2636 2590
2571 2591
2594 2592
2432 2593
2593 2594
2638 2595
2597 2596
2595 2597
2599 2598
2597 2599
2601 2600
2602 2601
2603 2602
2608 2603
2609 2604
2608 2605
2610 2606
2613 2607
2604 2608
2607 2609
2614 2610
2598 2611
2606 2612
2614 2613
2611 2614
2635 2615
2623 2616
2629 2617
2617 2618
2629 2619
2618 2620
2615 2621
2609 2622
2635 2623
2615 2624
2626 2625
2624 2626
2625 2627
2627 2628
2616 2629
2634 2630
2634 2631
2628 2632
2631 2633
2632 2634
2622 2635
2574 2636
2579 2637
2592 2638
2642 2639
2639 2640
2640 2641
2650 2642
2641 2643
2643 2644
2649 2645
2645 2646
2646 2647
2647 2648
2644 2649
2666 2650
2652 2651
2653 2652
2655 2653
2661 2654
2654 2655
2659 2656
2658 2657
2659 2658
2660 2659
2712 2660
2656 2661
2664 2662
2668 2663
2666 2664
2662 2665
2651 2666
2675 2667
2667 2668
2662 2669
2671 2670
2673 2671
2669 2672
2674 2673
2672 2674
2665 2675
2677 2676
2697 2677
2677 2678
2678 2679
2679 2680
2680 2681
2684 2682
2684 2683
2685 2684
2692 2685
2685 2686
2686 2687
2689 2688
2696 2689
2693 2690
2690 2691
2696 2692
2694 2693
2791 2694
2688 2695
2690 2696
2695 2697
2699 2698
2701 2699
2703 2700
2702 2701
2700 2702
2709 2703
2709 2704
2706 2705
2711 2706
2979 2707
2710 2708
2705 2709
2704 2710
2691 2711
2682 2712
2717 2713
2718 2714
2717 2715
2713 2716
2714 2717
2724 2718
2720 2719
2722 2720
2722 2721
2749 2722
2721 2723
2719 2724
2716 2725
2734 2726
2740 2727
2727 2728
2728 2729
2728 2730
2729 2731
2726 2732
2736 2733
2733 2734
2726 2735
2790 2736
2735 2737
2735 2738
2738 2739
2737 2740
2742 2741
2743 2742
2748 2743
2743 2744
2744 2745
2742 2746
2746 2747
2731 2748
2732 2749
2753 2750
2752 2751
2766 2752
2752 2753
2755 2754
2759 2755
2760 2756
2755 2757
2765 2758
2756 2759
2761 2760
2762 2761
2769 2762
2762 2763
2763 2764
2757 2765
2754 2766
2772 2767
2788 2768
2768 2769
2779 2770
2770 2771
2771 2772
2772 2773
2777 2774
2776 2775
2778 2776
2776 2777
3015 2778
2774 2779
2782 2780
2780 2781
2783 2782
2789 2783
2783 2784
2784 2785
2785 2786
2786 2787
2767 2788
2768 2789
2758 2790
2750 2791
2796 2792
2792 2793
2793 2794
2794 2795
2797 2796
2798 2797
2805 2798
2801 2799
2792 2800
2800 2801
2801 2802
2804 2803
2816 2804
2816 2805
2805 2806
2803 2807
2812 2808
2810 2809
2811 2810
2813 2811
2814 2812
2814 2813
2833 2814
2807 2815
2808 2816
2818 2817
2824 2818
2824 2819
2822 2820
2707 2821
2821 2822
2822 2823
2820 2824
2826 2825
2827 2826
2829 2827
2834 2828
2828 2829
2849 2830
2832 2831
2830 2832
2849 2833
2819 2834
2847 2835
2841 2836
2836 2837
2848 2838
2838 2839
2848 2840
2829 2841
2836 2842
2842 2843
2843 2844
2844 2845
2845 2846
2837 2847
2847 2848
2825 2849
2886 2850
2852 2851
2853 2852
2854 2853
2855 2854
2859 2855
2857 2856
2916 2857
2861 2858
2858 2859
2856 2860
2831 2861
2850 2862
2862 2863
2863 2864
2864 2865
2870 2866
2872 2867
2867 2868
2868 2869
2869 2870
2869 2871
2865 2872
2874 2873
2884 2874
2873 2875
2875 2876
2876 2877
2877 2878
2885 2879
2879 2880
2880 2881
2881 2882
2881 2883
2883 2884
2871 2885
2851 2886
2915 2887
2860 2888
2915 2889
2889 2890
2899 2891
2893 2892
2896 2893
2891 2894
2892 2895
2894 2896
2896 2897
2897 2898
2890 2899
2890 2900
2900 2901
2914 2902
2908 2903
2903 2904
2906 2905
2907 2906
2904 2907
2902 2908
2910 2909
2911 2910
2913 2911
2911 2912
2908 2913
2901 2914
2888 2915
2858 2916
2919 2917
2932 2918
2918 2919
2919 2920
2936 2921
2921 2922
2922 2923
2925 2924
2923 2925
2927 2926
2928 2927
2929 2928
2955 2929
2929 2930
2930 2931
2931 2932
2935 2933
2931 2934
2934 2935
2920 2936
2939 2937
2977 2938
2938 2939
2939 2940
2940 2941
2941 2942
2944 2943
2945 2944
2946 2945
2948 2946
2946 2947
2942 2948
2951 2949
2954 2950
2954 2951
2949 2952
2952 2953
2947 2954
2943 2955
2957 2956
2912 2957
2957 2958
2956 2959
2959 2960
2963 2961
2956 2962
2962 2963
2976 2964
2970 2965
2967 2966
2964 2967
2966 2968
2968 2969
2971 2970
2967 2971
2965 2972
2972 2973
2973 2974
2971 2975
2963 2976
2958 2977
2960 2978
2708 2979
2994 2980
2984 2981
2981 2982
2984 2983
2985 2984
2986 2985
2989 2986
2989 2987
2995 2988
2988 2989
2987 2990
2980 2991
2991 2992
2992 2993
2982 2994
2997 2995
3007 2996
2996 2997
3014 2998
2998 2999
2999 3000
3002 3001
3000 3002
3004 3003
3006 3004
3013 3005
3013 3006
3006 3007
3046 3008
3011 3009
3005 3010
3012 3011
3010 3012
3008 3013
2997 3014
3017 3015
3247 3016
3020 3017
3023 3018
3020 3019
3247 3020
3022 3021
3034 3022
3019 3023
3018 3024
3024 3025
3025 3026
3026 3027
3023 3028
3027 3029
3029 3030
3032 3031
3027 3032
3031 3033
3035 3034
3037 3035
3072 3036
3036 3037
3039 3038
3040 3039
3041 3040
3044 3041
3040 3042
3041 3043
3037 3044
3036 3045
3022 3046
3048 3047
3053 3048
3050 3049
3054 3050
3053 3051
3055 3052
3049 3053
3057 3054
3056 3055
3058 3056
3058 3057
3059 3058
3060 3059
3071 3060
3062 3061
3063 3062
3064 3063
3065 3064
3070 3065
3070 3066
3068 3067
3069 3068
3066 3069
3108 3070
3061 3071
3081 3072
3081 3073
3075 3074
3083 3075
3075 3076
3076 3077
3073 3078
3078 3079
3079 3080
3074 3081
3084 3082
3084 3083
3095 3084
3086 3085
3090 3086
3085 3087
3091 3088
3091 3089
3092 3090
3094 3091
3731 3092
3087 3093
3092 3094
3088 3095
3107 3096
3080 3097
3107 3098
3098 3099
3099 3100
3102 3101
3103 3102
3100 3103
3106 3104
3104 3105
3102 3106
3097 3107
3093 3108
3045 3109
3111 3110
3112 3111
3123 3112
3114 3113
3115 3114
3118 3115
3113 3116
3116 3117
3119 3118
3120 3119
3121 3120
3139 3121
3138 3122
3114 3123
3125 3124
3126 3125
3127 3126
3128 3127
3129 3128
3136 3129
3131 3130
3126 3131
3135 3132
3130 3133
3135 3134
3133 3135
3118 3136
3140 3137
3140 3138
3122 3139
3148 3140
3142 3141
3246 3142
3145 3143
3145 3144
3147 3145
3137 3146
3146 3147
3141 3148
3153 3149
3149 3150
3152 3151
3161 3152
3152 3153
3157 3154
3156 3155
3157 3156
3158 3157
3159 3158
3174 3159
3159 3160
3154 3161
3163 3162
3170 3163
3173 3164
3188 3165
3188 3166
3166 3167
3167 3168
3163 3169
3134 3170
3173 3171
3171 3172
3165 3173
3162 3174
3176 3175
3177 3176
3178 3177
3179 3178
3180 3179
3181 3180
3183 3181
3186 3182
3185 3183
3187 3184
3182 3185
3184 3186
3164 3187
3169 3188
3245 3189
3194 3190
3192 3191
3189 3192
3192 3193
3193 3194
3190 3195
3205 3196
3202 3197
3202 3198
3200 3199
3204 3200
3199 3201
3196 3202
3199 3203
3198 3204
3195 3205
3207 3206
3208 3207
3209 3208
3214 3209
3222 3210
3214 3211
3210 3212
3212 3213
3213 3214
3219 3215
3217 3216
3218 3217
3220 3218
3203 3219
3221 3220
3244 3221
3243 3222
3224 3223
3216 3224
3237 3225
3227 3226
3228 3227
3229 3228
3230 3229
3232 3230
3232 3231
3242 3232
3234 3233
3235 3234
3230 3235
3225 3236
3238 3237
3240 3238
3236 3239
3241 3240
3243 3241
3225 3242
3223 3243
3215 3244
3144 3245
3096 3246
3021 3247
2741 3248
3251 3249
3251 3250
3252 3251
3254 3252
3255 3253
3260 3254
3256 3255
3257 3256
3259 3257
3262 3258
3258 3259
3253 3260
3263 3261
3278 3262
3265 3263
3267 3264
3277 3265
3264 3266
3386 3267
3342 3268
3386 3269
3271 3270
3276 3271
3270 3272
3272 3273
3273 3274
3274 3275
3269 3276
3266 3277
3261 3278
3275 3279
3279 3280
3280 3281
3295 3282
3282 3283
3283 3284
3290 3285
3288 3286
3289 3287
3284 3288
3286 3289
3287 3290
3294 3291
3293 3292
3291 3293
3289 3294
3281 3295
3297 3296
3300 3297
3306 3298
3305 3299
3299 3300
3300 3301
3303 3302
3304 3303
3306 3304
3298 3305
3309 3306
3308 3307
3317 3308
3307 3309
3311 3310
3312 3311
3313 3312
3314 3313
3316 3314
3302 3315
3315 3316
3318 3317
3319 3318
3340 3319
3321 3320
3322 3321
3327 3322
3322 3323
3333 3324
3326 3325
3338 3326
3339 3327
3333 3328
3330 3329
3326 3330
3325 3331
3331 3332
3332 3333
3651 3334
3336 3335
3337 3336
3334 3337
3336 3338
3328 3339
3324 3340
3385 3341
3341 3342
3344 3343
3268 3344
3268 3345
3345 3346
3346 3347
3360 3348
3347 3349
3348 3350
3352 3351
3353 3352
3359 3353
3355 3354
3350 3355
3358 3356
3356 3357
3349 3358
3354 3359
3384 3360
3376 3361
3361 3362
3362 3363
3366 3364
3364 3365
3363 3366
3366 3367
3367 3368
3357 3369
3369 3370
3383 3371
3371 3372
3372 3373
3370 3374
3369 3375
3377 3376
3375 3377
3373 3378
3378 3379
3379 3380
3382 3381
3380 3382
3377 3383
3374 3384
3323 3385
3343 3386
3388 3387
3389 3388
3392 3389
3389 3390
3390 3391
3393 3392
3399 3393
3409 3394
3403 3395
3395 3396
3396 3397
3397 3398
3400 3399
3416 3400
3394 3401
3394 3402
3402 3403
3405 3404
3415 3405
3407 3406
3419 3407
3413 3408
3404 3409
3411 3410
3413 3411
3415 3412
3414 3413
3412 3414
3406 3415
3401 3416
3422 3417
3420 3418
3435 3419
3435 3420
3418 3421
3421 3422
3425 3423
3423 3424
3421 3425
3427 3426
3434 3427
3429 3428
3432 3429
3431 3430
3433 3431
3431 3432
3650 3433
3428 3434
3426 3435
3437 3436
3438 3437
3439 3438
3440 3439
3441 3440
3444 3441
3446 3442
3442 3443
3443 3444
3455 3445
3456 3446
3448 3447
3449 3448
3450 3449
3445 3450
3452 3451
3449 3452
3452 3453
3453 3454
3446 3455
3518 3456
3458 3457
3467 3458
3457 3459
3466 3460
3468 3461
3464 3462
3464 3463
3465 3464
3461 3465
3477 3466
3460 3467
3466 3468
3471 3469
3471 3470
3476 3471
3482 3472
3474 3473
3470 3474
3474 3475
3472 3476
3469 3477
3479 3478
3480 3479
3481 3480
3519 3481
3483 3482
3484 3483
3493 3484
3492 3485
3485 3486
3486 3487
3485 3488
3487 3489
3488 3490
3486 3491
3479 3492
3491 3493
3498 3494
3496 3495
3497 3496
3516 3497
3497 3498
3501 3499
3501 3500
3508 3501
3505 3502
3475 3503
3505 3504
3509 3505
3517 3506
3503 3507
3502 3508
3506 3509
3504 3510
3509 3511
3511 3512
3512 3513
3515 3514
3513 3515
3499 3516
3507 3517
3462 3518
3430 3519
3521 3520
3522 3521
3534 3522
3521 3523
3523 3524
3535 3525
3527 3526
3528 3527
3533 3528
3530 3529
3531 3530
3561 3531
3588 3532
3557 3533
3529 3534
3524 3535
3535 3536
3536 3537
3537 3538
3540 3539
3542 3540
3538 3541
3541 3542
3541 3543
3552 3544
3546 3545
3547 3546
3548 3547
3544 3548
3546 3549
3549 3550
3550 3551
3543 3552
3525 3553
3563 3554
3532 3555
3562 3556
3532 3557
3560 3558
3573 3559
3559 3560
3533 3561
3563 3562
3555 3563
3567 3564
3564 3565
3565 3566
3556 3567
3569 3568
3649 3569
3606 3570
3587 3571
3575 3572
3587 3573
3568 3574
3571 3575
3585 3576
3586 3577
3585 3578
3578 3579
3575 3580
3586 3581
3583 3582
3584 3583
3581 3584
3577 3585
3580 3586
3574 3587
3558 3588
3595 3589
3591 3590
3592 3591
3599 3592
3598 3593
3593 3594
3594 3595
3597 3596
3602 3597
3596 3598
3597 3599
3604 3600
3600 3601
3614 3602
3636 3603
3603 3604
3614 3605
3613 3606
3605 3607
3613 3608
3608 3609
3609 3610
3610 3611
3611 3612
3607 3613
3601 3614
3617 3615
3619 3616
3618 3617
3624 3618
3624 3619
3609 3620
3623 3621
3621 3622
3616 3623
3620 3624
3626 3625
3627 3626
3629 3627
3629 3628
3632 3629
3628 3630
3996 3631
3631 3632
3634 3633
3635 3634
3630 3635
3634 3636
3646 3637
3639 3638
3637 3639
3639 3640
3643 3641
3638 3642
3644 3643
3642 3644
3644 3645
3648 3646
3633 3647
3647 3648
3570 3649
3554 3650
3417 3651
3653 3652
3654 3653
3655 3654
3656 3655
3674 3656
3658 3657
3661 3658
3663 3659
3670 3660
3664 3661
3663 3662
3729 3663
3660 3664
3666 3665
3667 3666
3668 3667
3669 3668
3673 3669
3659 3670
3673 3671
3671 3672
3662 3673
3665 3674
3676 3675
3677 3676
3678 3677
3679 3678
3680 3679
3681 3680
3687 3681
3698 3682
3697 3683
3681 3684
3686 3685
3691 3686
3685 3687
3690 3688
3853 3689
3689 3690
3688 3691
3693 3692
3707 3693
3693 3694
3694 3695
3683 3696
3684 3697
3697 3698
3696 3699
3699 3700
3702 3701
3703 3702
3706 3703
3701 3704
3704 3705
3708 3706
3698 3707
3700 3708
3712 3709
3713 3710
3722 3711
3722 3712
3723 3713
3711 3714
3727 3715
3724 3716
3705 3717
3721 3718
3718 3719
3717 3720
3720 3721
3710 3722
3726 3723
3723 3724
3716 3725
3721 3726
3710 3727
3719 3728
3679 3729
3997 3730
3732 3731
3997 3732
3730 3733
3733 3734
3734 3735
3735 3736
3736 3737
3750 3738
3738 3739
3749 3740
3749 3741
3741 3742
3744 3743
3748 3744
3740 3745
3745 3746
3746 3747
3747 3748
3739 3749
3737 3750
3753 3751
3758 3752
3752 3753
3753 3754
3754 3755
3763 3756
3775 3757
3759 3758
3757 3759
3763 3760
3762 3761
3756 3762
3764 3763
3766 3764
3742 3765
3775 3766
3773 3767
3767 3768
3771 3769
3768 3770
3770 3771
3771 3772
3756 3773
3759 3774
3765 3775
3783 3776
3778 3777
3779 3778
3780 3779
3781 3780
3852 3781
3774 3782
3777 3783
3790 3784
3780 3785
3785 3786
3786 3787
3789 3788
3791 3789
3786 3790
3787 3791
3795 3792
3794 3793
3792 3794
3791 3795
3806 3796
3796 3797
3802 3798
3800 3799
3814 3800
3800 3801
3801 3802
3806 3803
3803 3804
3915 3805
3798 3806
3808 3807
3802 3808
3813 3809
3809 3810
3810 3811
3811 3812
3807 3813
3784 3814
3821 3815
3793 3816
3816 3817
3817 3818
3851 3819
3819 3820
3820 3821
3815 3822
3824 3823
3825 3824
3826 3825
3828 3826
3830 3827
3829 3828
3850 3829
3826 3830
3820 3831
3841 3832
3835 3833
3841 3834
3836 3835
3838 3836
3831 3837
3837 3838
3831 3839
3849 3840
3833 3841
3849 3842
3844 3843
3845 3844
3846 3845
3842 3846
3845 3847
3840 3848
3834 3849
3839 3850
3818 3851
3782 3852
3776 3853
3857 3854
3856 3855
3857 3856
3858 3857
3859 3858
3870 3859
3861 3860
3862 3861
3867 3862
3861 3863
3865 3864
3863 3865
3896 3866
3866 3867
3889 3868
3868 3869
3860 3870
3881 3871
3873 3872
3876 3873
3877 3874
3876 3875
3880 3876
3875 3877
3879 3878
3895 3879
3878 3880
3882 3881
3872 3882
3885 3883
3883 3884
3871 3885
3892 3886
3888 3887
3893 3888
3892 3889
3869 3890
3890 3891
3887 3892
3894 3893
3934 3894
3886 3895
3891 3896
3898 3897
3899 3898
3805 3899
3995 3900
3904 3901
3901 3902
3902 3903
3908 3904
3910 3905
3901 3906
3903 3907
3905 3908
3897 3909
3912 3910
3909 3911
3911 3912
3912 3913
3913 3914
3804 3915
3917 3916
3919 3917
3907 3918
3918 3919
3933 3920
3923 3921
3921 3922
3920 3923
3925 3924
3928 3925
3925 3926
3932 3927
3927 3928
3931 3929
3929 3930
3926 3931
3916 3932
3919 3933
3924 3934
3938 3935
3935 3936
3936 3937
3939 3938
3940 3939
3949 3940
3942 3941
3948 3942
3948 3943
3945 3944
3946 3945
3956 3946
3965 3947
3944 3948
3941 3949
3951 3950
3922 3951
3950 3952
3952 3953
3950 3954
3954 3955
3957 3956
3959 3957
3994 3958
3958 3959
3964 3960
3964 3961
3961 3962
3962 3963
3959 3964
3944 3965
3967 3966
3978 3967
3973 3968
3968 3969
3968 3970
3972 3971
3970 3972
3947 3973
3975 3974
3971 3975
3974 3976
3969 3977
3977 3978
3982 3979
3981 3980
3982 3981
3983 3982
3985 3983
3986 3984
3984 3985
3988 3986
3993 3987
3987 3988
3988 3989
3989 3990
3992 3991
3990 3992
3960 3993
3955 3994
3899 3995
3695 3996
