steiner points
424 32
405 191
390 306
405 306
769 455
475 591
61 627
366 627
528 455
937 299
1145 302
922 455
475 455
1509 245
1396 302
1396 452
1396 561
1496 561
937 302
1354 648
1354 715
1140 717
769 532
349 1025
280 1154
614 949
694 949
708 949
549 975
612 975
527 986
612 1178
612 1460
902 1605
1140 837
1140 1053
1140 1096
1166 1326
862 1605
974 1605
1205 1367
1537 1405
1537 1605
1390 1605
1205 1605
717 1605
1140 1242
297 2100
202 2100
113 2100
113 2272
523 1902
523 1974
523 2003
523 2099
350 2100
471 2100
657 2274
471 2274
313 2500
156 2704
156 2719
174 2737
471 2500
527 2500
581 2500
588 2599
156 2500
471 2330
108 3104
361 2987
174 2885
473 3222
299 3393
364 3393
473 3283
473 3393
174 2987
858 2032
858 2074
855 2100
1197 2086
1355 2086
1108 2193
1108 2227
1167 2344
1390 1857
1601 1917
1481 1917
1390 1917
1048 2032
1108 2086
1355 2289
1390 2086
976 2032
1167 2590
1143 2701
731 2669
1351 2959
1167 2701
1322 2992
1437 2724
1437 2840
1400 2883
1432 2883
1400 2949
1545 3231
1228 3029
1228 3194
1244 3273
1374 3273
1374 3374
1115 3470
1115 3194
1228 2992
881 2701
448 3697
472 3805
567 3809
567 3895
787 4238
532 4238
324 4238
187 4204
567 4238
1114 3575
1375 3675
1286 3667
1114 3621
1114 3667
1643 3801
1226 4131
1194 4197
1118 4197
1104 3933
1104 4197
1194 4224
948 4203
1096 4203
1104 3745
1390 1770
1977 128
1977 158
1977 208
1964 245
1964 270
1951 293
2104 488
1951 464
2084 546
2095 546
1990 546
2325 88
2739 264
2194 408
2336 359
2336 408
2739 351
3086 351
2916 351
2898 351
2462 359
2336 690
2336 816
2336 874
2350 874
2309 935
2544 1094
2123 981
1919 981
2533 981
2309 981
2473 981
2336 915
3546 101
3511 151
3511 290
3488 351
3511 351
3880 46
3849 46
3757 46
3849 168
3850 658
3466 619
3625 619
3625 885
3349 931
3975 658
4114 658
3625 449
3625 658
4266 93
4355 93
4377 93
4469 149
4622 149
4622 201
4622 477
4679 477
4801 477
4079 658
4487 658
4487 832
4622 283
4490 998
3110 351
2224 1512
2233 1560
1970 1725
2047 1743
2233 1694
2233 1830
2172 1830
2139 1830
2047 1830
2544 1301
2663 1450
2663 1687
2657 1694
2657 1762
2657 1766
2403 1694
1788 1954
1969 2307
1953 2398
1908 2398
1788 2398
2362 2052
2435 2052
2480 2052
2516 2052
2435 2125
2364 2218
2435 2208
2285 2218
2131 2293
2285 2293
2285 2461
2233 1917
3278 1491
3278 1647
3278 1684
3039 1687
2940 1687
3039 1750
3039 1837
3039 2041
2931 2041
3003 2041
3224 2073
3120 2265
3224 2265
3279 2274
3224 2041
3039 1906
2874 1687
2071 2610
2071 2828
2071 2876
2024 2963
2350 2611
2625 2626
2474 2626
2421 2626
2421 2696
2421 2811
2380 2987
2421 2970
2150 2589
1863 3319
1975 3319
2404 3295
2524 3295
2474 3295
2474 3420
2474 3444
2474 3614
2252 3614
2158 3579
1897 3970
1897 4023
2252 3710
2253 3817
2289 3867
2330 3954
2330 3998
2172 4063
2079 4063
2079 4109
2462 3998
2245 4063
2462 4099
2252 3794
2380 3143
3324 2714
3461 2714
3494 2714
3201 2803
3120 2803
2969 3338
2912 3338
3185 3116
3120 3060
3120 3116
3120 3189
3120 3300
2907 3338
3341 3125
2912 3614
2985 3614
3001 3698
2971 3848
3001 3848
3001 3852
3415 3625
3262 3625
3262 3741
3086 3852
3244 3852
2912 3536
2752 3614
2285 2589
3709 1352
3709 1370
4115 1667
3709 1667
3709 1877
3650 2117
4178 1667
4271 1784
4178 1784
4177 1808
4806 1512
4666 1530
4592 1530
4507 1530
4471 1652
4692 1749
4733 1749
4471 1749
4733 1841
4358 1784
4467 1784
4611 2176
4707 2176
4707 2176
4611 2237
4487 2043
4467 1949
3709 2111
3775 2633
3890 2694
3775 2694
3746 2732
3702 2732
4299 2937
3938 3071
3702 2872
3848 3388
3938 3303
3938 3154
3938 3388
4319 2937
4168 2937
4065 2937
4467 2958
4379 2958
4707 2384
4607 2688
4607 2688
4346 2958
4534 2958
4202 3192
4158 3272
4291 3157
4305 3157
4439 3126
4451 3126
4346 3088
4741 3126
4439 3286
4439 3444
4158 3341
4346 3126
3938 2937
3848 3661
4266 3815
4210 3815
4148 3815
4148 3851
4080 3851
3848 3851
4080 4003
4000 4099
3974 4157
4080 3997
4583 3897
4873 3818
4837 3911
4742 3911
4474 3815
3848 3597
4607 2499
3563 2633
2663 1330
1720 3805
428 4534
230 4469
361 4469
376 4534
376 4749
540 4534
700 4575
662 4575
700 4676
700 4799
654 4534
637 4950
968 4986
637 4986
433 5019
636 4811
572 5137
630 5252
517 5340
317 5517
317 5348
572 5252
1171 4493
968 4498
1065 4498
1136 4498
968 4698
968 4883
897 4986
927 4986
970 4991
1107 5126
1107 5317
1107 5197
968 4779
572 5019
503 5517
169 5537
84 5654
97 5939
595 5964
363 5964
327 5964
239 5964
239 6069
84 5824
852 5603
1067 5777
852 5777
1067 5909
1067 6006
1067 6096
1067 6119
995 6119
1148 6006
766 5537
517 5517
1540 4686
1540 4774
1540 4804
1540 4842
1540 4863
1464 5042
1464 5154
1526 4981
1543 5223
1471 5534
1543 5445
1543 5509
1453 5549
1453 5648
1453 5669
1523 5671
1523 5764
1523 5874
1512 5509
1362 5669
239 6236
272 6462
134 6477
272 6477
495 6540
67 6889
189 6889
278 6889
369 6894
436 6894
907 6652
577 6887
433 7353
483 7353
592 7353
293 7353
313 7353
369 7353
433 7438
433 7562
98 7353
369 7090
577 6894
689 6652
1063 6652
1202 7099
1131 7206
968 7221
957 7269
795 7269
978 6990
1202 6686
978 7206
1202 7206
1523 6570
1523 6703
1523 6738
1523 6908
1463 6955
1463 7099
1463 7204
1463 7220
1463 7124
1284 7099
577 6652
272 6365
593 7795
593 7926
593 8029
593 8250
593 8244
999 7935
1055 7935
1055 7957
1055 7990
1055 8029
1113 8091
1055 8091
1036 8285
905 8338
1036 8143
820 8029
1547 8063
1496 8100
1455 8100
1385 8100
1361 8100
1455 8110
1455 8203
1318 8337
1274 8361
1318 8361
1418 8281
1186 8091
297 8966
283 8966
201 8966
322 8966
197 9030
905 8773
772 8881
905 8881
725 8998
1318 8540
1318 8627
1378 8636
1509 8636
1118 8903
1264 8903
1264 8765
1162 8903
1162 9054
1296 8903
1296 8917
322 9139
1264 8627
606 9318
606 9139
562 9541
606 9541
606 9560
208 9778
198 9778
94 9778
615 9837
606 9778
944 9409
1134 9543
1078 9604
944 9604
1078 9799
1078 9837
1436 9747
1411 9751
1411 9832
1411 9872
1295 9877
697 9837
1227 9877
632 9139
285 8250
1945 4501
1945 4605
1895 4911
1895 4750
2080 5175
2007 5189
1821 5104
1983 5189
1856 5189
1821 5189
1821 4911
1856 5556
1882 5719
1918 5629
1882 5629
1856 5519
2520 4460
2587 4460
2600 4460
2664 4460
2819 4460
2865 4479
2450 4486
2346 4916
2342 4916
2628 4798
2542 4798
2628 4911
2416 4981
2628 5008
2623 5032
2522 5081
2379 4959
2874 4741
2874 4798
2913 4798
2931 4928
2931 4798
2874 4640
2416 5081
2416 5175
2306 5175
2463 5328
2663 5380
2586 5380
2429 5482
2429 5534
2429 5610
2368 5610
2725 5300
2463 5380
2429 5380
2725 5380
2725 5514
2725 5675
2463 5290
2127 5175
1882 5899
1797 6255
1978 6114
2018 6298
1926 6306
1858 6306
1883 6306
1978 6298
1906 6449
1906 6492
1883 6369
2168 6298
2245 6298
2259 6300
2259 6351
2259 6409
2428 6145
2428 6300
2583 6392
2358 6300
2144 6298
1978 6057
3452 4542
3452 4513
3243 4542
3182 4579
3280 4542
3259 4542
3460 4639
3520 4657
3553 4657
3182 4542
3642 4657
3324 4854
3553 4919
3356 4927
3553 4942
3828 4942
3382 5187
3382 5247
3553 4803
4277 4424
4301 4464
4417 4527
4552 4527
4018 4605
4318 4716
4608 4458
4318 4527
4318 4605
4552 4644
4552 4645
4124 5009
3382 4942
4033 5009
4658 4965
4615 4967
4552 4967
4490 4967
4726 5167
4615 5167
4497 5167
4615 5032
4304 4967
4552 4903
4033 5053
3189 5514
3329 5754
3168 5863
3168 5881
3553 5611
3608 5647
3583 5647
3583 5754
3825 5656
3685 5656
3852 5681
3839 5681
3189 5754
3612 6387
3491 6387
3472 6387
3451 6464
3379 6464
3168 6231
3921 6387
3869 6387
3279 6464
4368 5669
4433 5768
4385 5768
4408 6165
4136 6232
3571 6387
4505 6048
4407 6165
4474 6165
4505 6165
4136 6165
4505 5873
4136 6387
3479 5373
3065 5514
1903 6878
1803 6878
2073 6878
2073 6836
1927 7058
1953 7079
2331 7079
1953 7122
1903 7024
1953 7352
1775 7564
1775 7670
1775 7761
1953 7462
1775 7977
1896 8250
1918 8250
2023 8250
2110 8298
1848 8250
2554 6688
2554 6762
2554 6801
2554 6824
2554 6862
2484 6891
2460 6929
2401 7073
2450 6979
2450 7073
2706 7172
3201 6767
3274 6773
3274 6794
3274 6917
3274 6959
3274 7044
2450 7172
3065 7197
3261 7197
3351 7413
2911 7235
2911 7299
3182 7197
3261 7101
2911 7197
2600 7801
2510 7804
2528 7804
2528 7873
2453 8097
2528 8085
2528 7955
2565 8085
2992 7638
2806 7638
3401 7604
3294 7596
3351 7530
3351 7596
2806 7702
3258 7747
2942 8323
2826 8391
2861 8391
2861 8497
3500 8040
3339 7992
3423 8040
3258 7992
3206 7992
3441 8040
3206 8087
3500 8356
3500 8463
3126 8323
3206 8173
2528 7878
3258 7638
1953 7233
4240 6769
3948 6769
3882 7060
3830 7286
3769 7413
4135 7462
3830 7413
3906 7517
4063 7517
4063 7623
3832 7517
4542 6935
4265 6935
4491 6935
4645 7015
4645 7276
4253 7805
4346 7836
4672 7912
4663 7935
4570 7935
4476 7935
4371 7935
4063 7805
4013 7872
4026 8433
3860 8433
4009 8433
4371 8268
4446 8268
4446 8437
4446 8462
4154 8490
4390 8511
4446 8511
4217 8490
4371 8097
3567 7413
2236 8812
2296 8899
2413 8899
2103 9070
2103 9297
2317 9061
2296 8996
2205 9058
2445 9152
2445 9203
2448 9347
2549 9385
2007 9326
2296 9058
2930 9165
3134 9165
2912 9080
2930 9239
2910 9374
2930 9449
3239 9527
2963 9527
2930 9374
2612 9385
2013 9818
2072 9818
2176 9818
2072 9900
2072 9933
2549 9647
2689 9778
2741 9778
2549 9778
2741 9870
1878 9818
2493 9818
3785 8911
3754 8911
3904 8911
3577 8907
3915 8878
3904 9155
3442 9227
3630 9243
3630 9259
3538 9261
3538 9259
3510 9401
3500 9485
3500 9505
3544 9505
3538 9345
3910 9200
4034 9304
3921 9304
3921 9315
3921 9424
3993 9528
4230 9601
3636 8911
3636 9003
4104 9784
3895 9751
4072 9648
4072 9751
3803 9920
3803 9951
3721 9951
3803 9795
4446 8638
4467 9066
4467 9110
4522 9222
4467 9222
4416 9222
4522 9264
4497 9480
4270 9712
4466 9712
4497 9694
4439 9928
4489 9915
4466 9891
4466 9915
4522 9470
4072 9601
2930 9527
4467 8910
2583 6678
1696 6908
1194 4320
5081 58
5081 346
5604 382
5081 401
5701 382
5757 382
6056 466
6194 466
5330 401
5506 401
5040 837
5394 837
5551 626
5506 539
5478 789
5223 837
5704 662
5802 731
5802 978
5802 784
5467 837
5506 626
6268 89
6194 177
6194 274
6194 430
5924 466
5763 466
6194 492
6141 713
6141 761
6141 863
6194 591
6141 661
5070 1245
5345 1154
5496 1154
5563 1154
5614 1229
5638 1312
5676 1312
5259 1245
5880 1136
5638 1246
5880 1312
5931 1355
6201 1340
6317 1340
6489 1340
6253 1340
5998 1355
5898 1355
5880 987
7030 211
7208 432
7030 432
6991 567
6993 567
6891 757
6999 567
6673 906
6891 1025
6913 1043
6674 1090
6722 1113
6939 1043
6722 1170
6990 982
6913 1132
6993 757
6934 1339
6913 1170
6730 1170
7027 1368
6686 1300
6891 819
6600 1340
5160 1710
5064 1710
5064 1748
5064 1887
5148 1896
5422 1710
5577 1710
5582 1820
5681 1820
5571 1879
5582 1879
5307 1710
5130 2180
5148 2097
5438 2182
5260 2251
5495 2233
5130 2453
5103 2453
5006 2453
5130 2312
5148 2180
5493 2182
5260 2182
5130 2254
5998 1606
6394 1713
5998 1713
5907 1789
5923 1939
6181 1713
5748 1820
6394 2009
5840 2338
5928 2338
5941 2371
6093 2371
6114 2371
6093 2501
6394 2124
6406 2258
6406 2307
6493 2411
6406 2411
6320 2411
6267 2411
6203 2371
6406 2124
7137 1714
7024 1714
6777 1714
6857 2072
6669 1886
6669 2071
6947 2086
6981 2162
6981 2318
6869 2465
6981 2086
6981 2339
6809 2071
6592 2124
5907 1820
5998 1479
5463 2834
5319 2834
5082 2834
4925 2873
4925 3015
4925 3043
4925 3080
5519 2690
5463 2714
5519 2714
5524 2924
5529 2982
5701 3002
5531 3002
5529 3002
5082 2760
4925 2863
5075 3171
5147 3322
5154 3382
5241 3421
5154 3421
5403 3436
5658 3305
5607 3305
5502 3404
5502 3436
5287 3436
5522 3575
5522 3543
5147 3354
4936 3818
5522 3608
5700 3807
5281 3921
5319 3981
5522 3981
5522 3807
5281 3981
4994 3919
5575 4059
6987 2682
6493 2682
6586 2682
6636 2682
6539 2887
6229 2895
6434 2895
6530 2895
6469 2789
6469 2895
6469 2682
7188 2826
7154 2826
6438 3166
5969 3305
6208 3305
6210 3382
6349 3382
6438 3382
6349 3621
6686 3269
7117 3458
6951 3458
6915 3458
6784 3663
6898 3458
6784 3458
6530 3078
6012 4020
6032 4020
6245 4020
6273 4056
6406 4056
6425 4084
6426 4162
6784 3796
7136 3935
6903 3935
6875 3954
6830 3954
6784 3909
6784 3954
6658 4162
6530 3166
5875 3305
6493 2607
7609 140
8084 10
8090 27
8249 43
7860 272
8090 43
8090 332
8074 332
8519 43
8519 192
8519 225
8457 226
8438 438
8457 438
7896 332
7624 802
7624 1022
7938 794
7938 1003
7938 1075
7875 1075
7801 1075
7711 1022
8419 955
8215 1003
8419 1014
8554 662
8577 717
8308 1014
8472 955
8601 860
8708 1019
8601 955
8601 1019
8239 1014
8177 1003
8554 444
7615 1239
7489 1259
7489 1458
7489 1466
7489 1527
7400 1582
7721 1678
7721 1527
7728 1705
7759 1801
7577 1812
7577 1817
7586 1940
7577 1940
7728 1801
8158 1334
8202 1384
8578 1456
8470 1456
8220 1436
8291 1436
8371 1436
8578 1527
8594 1456
8220 1720
8220 1801
8461 1816
8488 1816
8776 1944
8740 1944
8578 1944
8578 2002
7967 1801
8256 1816
7801 1224
9176 144
9176 251
9176 437
9093 437
9028 384
9301 437
9301 490
9313 437
9828 430
9506 444
9558 468
9828 548
9754 548
9745 548
9583 548
9402 437
9037 890
9142 890
9005 903
8943 1019
9005 1019
9124 1246
9027 1053
9224 1246
9027 1246
9583 724
9538 724
9637 724
9660 737
9689 796
9495 1158
9339 1176
9424 1176
9598 1332
9538 996
9424 1332
9583 657
9424 1584
9451 1606
9451 1699
9340 1793
9213 1709
9159 1709
9028 1757
9451 1793
9451 1878
9817 1878
9817 2021
9451 1974
9424 1446
8812 1019
7728 2179
7770 2179
7906 2179
7906 2190
7906 2353
7828 2499
7357 2826
7828 2730
7357 2763
7705 2734
7828 2605
7888 2912
7721 2730
7833 2960
7833 3115
7357 2947
8076 2812
8027 2888
8076 2888
8077 2966
7833 2912
7965 3410
7920 3410
7697 3332
7833 3332
7593 3692
7742 3748
7693 3787
7622 3787
7622 3966
7622 4047
7622 4099
7959 3606
8042 3586
7965 3586
8116 3586
8116 3706
8044 3776
8044 3946
8044 3794
7903 3608
8223 3620
7883 3392
8407 2285
8542 2409
8407 2409
8283 2409
8656 2608
8542 2608
8542 2550
8370 2747
8656 2750
8370 2648
8987 2124
8967 2172
8967 2254
8967 2301
8971 2416
8971 2555
9143 2585
9206 2585
8971 2585
8971 2608
8971 2730
8718 2608
9695 2203
9634 2203
9444 2091
9612 2178
9695 2445
9695 2526
9444 2124
8421 3419
8462 3437
8499 3437
8561 3623
8378 3620
8462 3516
8743 3744
8594 3744
8462 3620
9122 3026
9240 3026
9356 3026
8971 3026
9240 3254
9205 3303
9131 3303
9405 3026
9547 3038
9240 3102
9628 3159
9908 3196
9908 3200
9416 3038
8792 3744
8914 3744
9057 3733
9205 3451
9205 3733
8792 3801
9778 3658
9639 3810
9727 3810
9727 3939
9727 4105
9741 4105
9947 4105
9423 3745
9331 3745
8792 3986
8971 2928
8116 3620
9556 2178
7302 2826
5230 4554
5240 4656
5278 4677
5240 4677
5169 4706
4945 4706
5570 4262
5721 4262
5784 4262
5842 4262
6012 4262
5503 4677
5570 4677
5570 4759
5570 5107
5983 4598
5894 4759
6335 4778
5894 5017
5894 5140
6264 4961
5698 4759
5570 4467
5406 4677
5180 5554
5038 5554
5180 5669
5152 5842
5136 5961
5136 6036
5136 6049
5275 5669
5843 5739
5672 5764
5672 5838
5702 6059
6059 5140
5894 5327
5843 5699
5797 5739
6272 5959
6215 5959
6069 5959
6014 5959
6069 5965
6069 6021
5879 5521
5578 5669
5672 5739
6231 5140
6454 4557
6454 4612
6732 4265
6732 4482
6674 4557
6732 4557
6735 4587
6840 4587
7024 4587
6840 4875
6840 4750
6840 4684
7231 4661
7492 4661
7608 4763
7406 4425
7492 4642
7285 4661
7231 4701
7537 4859
7486 4911
7537 4911
7492 4588
7199 4792
7047 4587
6477 5210
6675 5513
6479 5414
6591 5491
6550 5664
6550 5723
6550 5824
6460 5824
6550 5491
6840 5075
6837 5357
7082 5401
7385 5401
6992 5402
6837 5402
7310 5401
7029 5402
7029 5553
7042 5803
7179 5803
7029 5803
6939 6127
7338 6106
7179 6013
7179 6106
6916 5865
6750 5513
6837 5119
6335 4954
7919 4289
7919 4701
7919 4759
7855 4763
8605 4382
8610 4391
8230 4713
8056 4759
8489 4772
8230 4759
8372 4772
8877 4675
8232 4772
8877 4607
8877 4657
8641 4675
8610 4675
8206 5093
7847 5093
7948 5111
7940 5093
7948 5093
7814 5144
7948 5517
8101 5537
8006 5540
7980 5540
8006 5695
8225 5725
8006 5725
7948 5311
8961 5137
8757 5182
8757 5274
8525 5725
8584 5807
8757 5612
8757 5807
8757 5907
8670 5807
8342 5725
8232 4909
9057 4355
9147 4377
9216 4377
9147 4573
9147 4591
9809 4312
9704 4312
9809 4318
9809 4709
9943 4752
9880 4752
9597 4312
9173 4825
9211 5028
9390 5028
9344 5028
9173 5028
9173 5051
9611 5204
9483 5204
9665 5204
9611 5245
9872 5269
9829 5204
8757 5137
9147 5554
9147 5857
9147 5965
9592 5466
9592 5520
9592 5625
9592 5773
9592 5925
9585 5979
9679 5985
9873 6049
9369 5979
9592 5979
9592 5685
9173 5137
7537 4763
5023 6340
5196 6376
5762 6395
5553 6511
5553 6395
5398 6376
5758 6806
5737 6759
5553 6759
5550 6965
5397 7166
5164 7180
5239 7232
5397 7232
5398 7232
5636 7293
5239 7447
5239 7476
5239 7603
5576 7293
5729 7293
5759 7293
5759 7407
5926 7449
5438 7293
5479 7060
5550 6802
6032 6298
6160 6338
6240 6546
6381 6546
6233 6547
6222 6547
6160 6547
6117 6981
6117 7166
6406 6825
6452 6830
6452 6862
6452 6946
6365 6946
6484 6981
6484 7006
6484 7099
6201 6981
6117 7303
6250 7455
6303 7593
6303 7697
6237 7697
6165 7697
6117 7449
6381 6730
6898 6380
6868 6380
6868 6491
6868 6513
6995 6523
6868 6523
7537 6254
7483 6254
7338 6254
7483 6624
7442 6634
7185 6634
7288 6634
7483 6508
7097 6634
6682 6869
6682 6981
6682 7051
6682 7100
6745 7319
7077 7320
6838 7398
6682 7195
7507 6864
7523 6897
7523 6932
7523 6964
7523 7003
7510 7003
7494 7005
7494 7060
7517 7242
7494 7171
7494 7242
7319 7318
6983 7320
6838 7320
7172 7507
7320 7621
7184 7621
7172 7621
7153 7365
7467 7318
7153 7320
7442 6786
6592 6981
5767 7449
5429 8120
5554 8013
5106 8120
5048 8220
5845 7912
5246 8120
5677 8013
5762 8013
5762 8108
5762 8311
5048 8120
5091 8596
6036 8663
5446 8629
5409 8629
5368 8629
5188 8629
5463 8948
5409 8948
5378 8957
5252 8957
5220 8957
5220 9053
5409 8808
5938 8563
5877 8663
5938 8663
5751 8663
5877 8785
5938 8415
5378 9324
5378 9342
5204 9408
5184 9408
5184 9641
5317 9666
5184 9666
5781 9707
5538 9707
5378 9323
6511 7923
6361 7797
6363 7888
6363 8002
6894 8021
6649 8095
6770 8095
6612 8095
6570 8021
6073 8365
6108 8395
6108 8479
6357 8559
6108 8559
6446 8386
6489 8549
6446 8549
6373 8549
6289 8559
5552 8629
6265 8827
6181 8762
6181 8827
6269 8863
6770 8427
6504 8549
6754 8715
6682 8737
6754 8737
6858 8756
6682 8928
6754 8549
6770 8239
7355 7935
7673 8188
7673 8249
7355 8295
7673 8331
7542 8331
7382 8331
7362 8543
7382 8543
7555 8543
7362 8654
7187 8880
7017 8844
7371 8880
7382 8425
7362 8880
6506 9209
6506 9321
6411 9370
6411 9508
6673 9695
7010 9596
6199 9719
6229 9719
6321 9719
6411 9695
7133 9493
6825 9596
7187 9157
7451 9420
7349 9420
7193 9420
7451 9436
7479 9436
7193 9490
7479 9789
7479 9893
7010 9693
6742 9695
7187 9151
6108 8663
6431 7888
8382 6249
8069 6423
7943 6423
8245 6423
7943 6550
8157 6820
7943 6793
7972 6793
8160 7062
7980 6814
8535 6249
9234 6318
9154 6318
9053 6336
8977 6336
8924 6276
8924 6336
8712 6276
8924 6449
8790 6584
8980 6683
8924 6515
9043 6738
8740 6846
8740 6904
8740 7041
8878 6584
8740 6635
8740 6801
9103 6559
9043 6683
9174 6778
9043 6778
8924 6584
8245 6540
9605 6383
9321 6318
9719 6383
9827 6655
9773 6383
9827 6383
9827 6457
9502 6383
9806 6881
9729 6998
9777 6998
9502 6453
8160 7164
8160 7269
8160 7352
8160 7470
7810 7660
7866 7758
8127 7738
7932 7758
7932 7885
7932 7893
7974 8049
8362 8068
8400 8068
8476 8014
8233 8068
8063 8068
8063 8289
7932 7987
8666 7509
8655 7613
8594 7657
8591 7935
8414 8014
8591 8014
8865 7581
8878 7585
9086 7431
9086 7443
9176 7518
9086 7518
9535 7527
8865 7585
9005 7783
9005 7585
9034 8101
9117 8114
9293 8154
9005 7842
9605 7444
9335 7527
9851 7660
9603 7527
9663 7730
9851 7730
9603 7956
9603 8084
9908 8208
9603 7730
8731 7509
8160 7604
8324 8635
8660 8785
8125 8535
8219 8635
8664 8741
8639 8785
8421 8785
8660 8804
8370 9020
8243 9096
8370 9096
8421 9168
8239 9210
8490 9232
8490 9347
8421 8977
8806 8563
9017 8563
9003 8835
9003 8919
8969 8919
8938 8945
9153 8822
8403 9576
8490 9515
8293 9576
8538 9759
8692 9808
8018 9890
8490 9576
8293 9890
9017 8822
9356 9090
9310 9090
9340 9263
9729 8641
9843 8641
9729 8898
9729 9044
9799 9044
9799 9044
9779 9435
9799 9370
9471 9087
9321 9844
9409 9844
9438 9844
9852 9761
9723 9449
9728 9821
9618 9786
9819 9821
9723 9786
9310 9184
8063 8460
7825 7758
7483 6411
6012 4191
4841 3911
edges
2974 1419
3203 1877
2009 502
3203 383
2141 663
2152 511
2179 955
2996 253
3274 594
3210 1486
3204 1634
2000 1069
2000 1111
2978 301
2181 499
3205 1622
2179 157
2974 1462
2013 177
2193 1982
2194 1350
2152 1824
2996 171
2192 1188
2174 745
3202 1003
2141 1370
3202 529
3274 1138
2196 1945
2175 652
2142 415
2153 1058
2195 621
2182 1543
3027 172
2997 348
2001 732
3211 1609
2197 684
3282 278
2143 1821
3027 1555
3212 1820
3213 1129
2192 1613
2013 1270
2144 158
3275 1738
2182 1028
2153 321
2145 1007
3206 618
2998 785
2204 1889
3000 904
2176 1473
2146 735
2009 243
2010 1876
2002 1669
3278 611
2002 975
3208 1398
2206 1258
2975 1241
2159 484
2160 155
2177 1275
3289 410
2161 1316
3216 50
2976 1839
2979 453
3278 760
2977 1201
2982 61
2154 396
2008 1230
2999 836
3282 1735
3028 1968
3281 430
3214 1747
3238 741
3283 943
2190 1494
2015 793
2011 693
3209 807
2200 1196
2148 1784
2980 1612
3284 967
2199 521
3001 1366
2147 1854
3277 778
3280 42
3002 1560
3214 60
3287 361
2189 1010
3028 156
2022 398
2987 923
2149 1860
3285 93
3280 467
2017 1562
2184 1092
3030 777
2151 1239
3030 227
3033 841
3286 406
2017 1883
2150 354
2005 592
2200 231
3006 1297
2022 1800
2184 984
2986 1317
2006 1294
2019 506
2006 706
3310 1699
2188 0
3007 1794
2990 185
3228 1458
2158 440
2162 212
3301 1803
2007 95
3290 1553
3003 299
2020 792
2021 1681
3229 364
3300 1638
2991 1991
2183 1320
3302 1728
3219 524
3032 1377
3004 392
3217 892
3043 458
2993 482
2988 49
3219 377
3303 1251
3217 311
2163 1510
3303 1444
2985 1817
3049 40
3291 1202
2203 210
2034 1614
2984 1528
2989 475
3226 1808
3232 250
3005 424
3034 293
2027 1465
2994 446
2165 1943
2186 64
2165 70
3291 802
3005 1096
2170 826
2025 416
3292 310
3034 163
2173 832
2187 720
2166 1311
2169 643
3225 1539
2026 1740
3041 960
3231 18
2201 742
2028 1954
2992 1089
2168 717
3041 1041
2984 614
2030 1181
3026 450
2027 269
3308 555
2205 567
3324 1305
3237 814
2205 1085
2172 1120
3227 1425
3293 1066
3224 402
2023 1343
3035 200
3236 1688
3235 1081
3039 1604
2035 994
3296 1283
3221 1923
3037 1804
3218 573
2167 1309
2036 622
3230 1701
3222 689
3038 780
3233 880
3011 1321
3042 695
3016 1924
3010 233
2024 1269
3009 1865
3304 1284
2024 823
2169 659
3046 11
3305 1730
2031 1034
2187 1639
3273 1607
3012 1544
3239 1358
2046 85
3008 1734
3017 1679
3262 658
3297 685
3240 1290
3295 34
3023 648
3254 1798
3048 585
2216 138
3014 1534
2323 1446
2037 1255
3008 1900
2405 1813
3307 918
3254 759
3044 1878
3020 889
3022 1670
3013 750
2323 1498
3019 199
3307 6
3298 496
2041 1359
3025 107
2040 1547
3047 1751
2324 1785
3255 470
3260 801
3047 971
3050 1783
2041 421
2207 1676
2336 1693
2240 710
3015 1744
3021 1160
3259 237
3323 393
2217 963
2244 67
3262 1326
3241 245
2032 730
3242 1077
3114 363
3257 882
2240 1242
2333 893
2207 309
2333 598
3316 1906
3246 181
3261 1118
2335 1427
3051 558
3261 166
2038 1535
2208 411
2334 277
3057 72
3244 1595
3311 8
3077 1855
2039 1093
3076 37
3312 674
3099 546
2033 1554
2325 1832
3244 1793
2241 1265
2042 1331
3101 1471
2337 175
3056 335
2045 884
2329 858
3052 850
3245 261
2242 1064
2256 638
2222 115
3313 291
3247 25
2209 599
3315 812
3062 1733
2339 1390
3081 79
3100 554
3263 153
2209 669
3266 925
2210 491
3053 124
2338 1200
2245 917
3099 1267
3317 370
2220 1770
2221 319
2140 473
3317 933
2330 804
3079 1640
3314 1550
3248 5
3271 1100
2332 583
2221 1585
3249 1768
3265 88
3250 523
3059 1450
2214 980
2342 719
2215 1985
2246 1088
2341 84
2087 91
2086 1748
3082 908
2213 320
2327 303
3272 1216
3320 934
3060 384
3060 833
3267 279
3103 1038
3054 419
3055 950
2051 407
3061 382
2051 1310
2255 1869
2088 1941
2239 883
3080 1017
3251 1253
3251 847
3267 173
2223 1315
2341 845
2349 1060
3080 1313
2223 1833
3268 1400
2087 1079
2254 670
2052 356
3322 1113
2078 743
2048 432
2231 987
3270 990
2053 1677
3270 1814
2248 497
3083 433
3109 110
2090 1203
3321 254
3252 1307
3321 1087
2094 161
2249 281
2348 136
2230 1963
2228 1960
2081 1099
2049 169
3111 1737
3102 1898
2250 1881
2079 1303
2093 1155
3105 1915
2332 451
3392 1133
3064 408
2054 565
2047 282
2080 1180
2231 965
2248 1404
2350 469
2328 286
3327 856
3090 928
3378 401
2232 33
2346 993
3390 1548
3073 252
3326 405
3106 47
2235 531
3379 642
2345 1151
3393 625
3325 1031
3063 891
3065 1987
3112 815
3328 1076
2055 533
2083 896
3391 466
2234 1139
3438 44
2328 1206
2233 1506
3084 1691
3325 709
2080 106
2084 270
3067 547
2347 150
3368 1632
2347 1552
3066 1367
3075 1610
3380 255
3091 1695
2251 109
2050 1651
2057 1149
2253 1675
3067 140
2057 1637
3368 1731
2092 932
2050 480
3066 46
2236 1835
3381 591
2224 73
3092 1436
3071 539
3085 754
3107 1902
2092 1306
2068 1019
2253 1045
3084 146
3110 1507
2085 989
3329 284
3088 1710
2251 1711
3097 1345
3086 766
2368 388
3369 843
2226 1119
2225 1566
3371 1144
3093 1121
3382 145
3096 508
3394 711
3371 287
3070 65
3068 292
2227 630
2238 1674
2067 504
3108 1853
3070 1103
3069 738
2065 1713
2403 957
3330 100
2064 29
3089 811
3095 1106
3395 1993
3089 1909
3108 605
3385 1867
2351 517
3374 1387
2059 731
3383 981
3384 1432
2269 1029
2095 1174
2066 113
3335 1661
3201 1765
3389 1920
2257 736
2261 678
2262 985
2263 1421
3395 305
2404 748
3122 1080
3377 1942
2097 755
3159 239
3156 617
3166 1758
3385 1025
2369 251
2370 839
3122 1082
2296 1616
2352 1027
2265 1572
2096 829
2060 1037
2352 885
2101 1178
2295 366
3123 1856
2061 873
2101 1252
3124 1173
3337 1209
3388 1700
2355 890
3158 228
3334 1799
2262 360
2062 1762
2354 1511
3130 542
3375 1743
3376 1409
3130 1095
3333 1951
3341 1433
2299 441
3164 1292
2298 1067
2266 209
3341 931
3375 1764
3439 906
2258 1447
3168 1918
3376 1051
3116 132
2102 130
2297 1386
3167 571
3131 1053
3160 1488
2358 1131
3118 1668
2259 1967
3161 603
2103 788
2071 1837
2104 1467
3160 19
3342 790
3162 895
2356 1577
3127 1791
3336 215
2365 1739
2115 1399
3125 1977
3161 1371
3436 1394
2363 691
2366 246
3340 1148
2105 1248
2367 471
2098 1210
3338 1438
2260 121
3344 257
2268 51
2372 1523
3406 1391
3126 274
3344 1848
2364 536
2070 290
2267 1407
2100 349
3408 1183
2260 1075
3129 649
3119 641
3127 510
3413 1116
2107 671
3409 92
3414 1777
3120 1838
3419 613
2303 899
3397 1823
2357 1
3183 456
3121 24
3128 696
2379 1890
3415 1647
2069 712
3339 1328
2302 992
2380 1559
2308 1083
2378 635
3340 1718
2069 1729
3177 201
2294 1973
2106 541
2375 1891
2361 103
2376 946
3416 664
3170 1708
2308 1342
3169 1567
3132 548
2305 854
2273 787
2373 863
2113 412
3417 1470
2380 1946
3418 1417
2072 478
2106 1147
3138 739
3418 1489
2307 503
3410 784
3412 1895
3171 1276
3176 62
2374 454
2109 877
3139 333
2075 1474
2381 665
2272 718
2273 2
2271 294
2306 945
2360 1014
3412 464
3200 887
2270 22
3133 1179
3348 1141
2307 180
2383 1291
2300 1505
3145 1650
3399 1916
2111 1383
3134 1907
3174 898
2359 661
3367 1605
2073 629
2111 813
3140 1935
2073 727
3346 447
3347 579
2270 240
3397 704
2275 1988
3348 1589
3135 345
2074 1484
2383 224
3181 1042
3137 1235
3399 1705
2276 1413
2382 1127
3423 1217
2362 14
2382 374
3179 1164
3172 1789
2112 1514
2076 1830
3178 1170
3402 1980
3358 206
3136 1423
2320 1382
3144 646
3426 1818
3142 528
2125 1590
3143 600
2316 259
3177 986
2279 1459
2310 997
3360 902
2402 439
3350 386
3357 1643
3147 1732
3365 139
2321 265
3401 1355
2128 375
3175 343
3175 151
3400 1586
2315 126
3403 507
3426 195
2386 857
3180 434
2127 655
2116 976
2126 90
3366 881
3350 1300
2116 977
2311 324
3361 167
2282 220
2315 48
3422 1215
2317 1501
3404 1649
3421 1352
2139 160
3433 117
3351 1146
3362 1349
2388 1822
2398 1690
3148 1249
3352 369
2293 1631
3364 746
3191 249
2130 355
3425 1766
2117 676
2406 38
3148 118
2118 1280
3427 1195
2389 1787
2401 774
2283 1928
3146 1171
2387 1245
2312 653
2390 381
2318 824
2314 404
2392 1040
2284 86
3193 919
3192 964
2119 1976
2397 485
3186 607
3196 644
2399 509
3154 916
3149 1769
3185 1540
2134 1802
3192 55
3429 1934
3434 219
2400 1933
3363 1166
2285 828
3195 744
3354 1683
2280 144
3997 94
3153 680
2319 1388
3194 314
3435 830
3363 1644
3150 418
2396 457
2290 1930
2393 559
3184 1324
2281 108
3435 631
3355 486
3188 30
3155 1011
2287 1573
2312 229
2131 974
3189 935
2292 353
2394 1424
3356 1910
3432 909
3432 1704
3155 1836
2289 948
3431 1887
2123 1829
2131 1483
3430 400
2395 810
3190 1272
3198 1158
2289 714
3187 372
3356 213
3996 1379
2133 1429
2137 1134
2292 715
2123 1917
2395 1015
2136 1608
3592 1959
2120 1365
2291 1128
3447 756
2121 1871
3586 1961
2138 1475
3449 1454
3492 849
2122 1480
3446 1023
3492 1397
3544 1602
3544 708
3597 1578
3440 1621
3591 952
3450 123
3593 1323
2973 683
2430 1078
2409 1186
3448 1142
2625 1719
3586 1538
2605 1374
3548 700
2408 1790
3588 1244
3548 1288
3498 1168
3549 1105
2623 7
2703 1922
2621 721
3505 387
2703 568
3505 713
2709 1984
2686 368
2685 1336
2709 1759
2624 191
2704 740
3462 203
2408 1999
2626 912
3493 1592
2417 1912
2627 1020
2622 1666
2429 1361
2431 1850
2605 903
2627 1285
2685 342
2432 861
2412 1008
2705 267
3494 900
2407 1659
2693 910
2688 723
2464 660
3455 1393
2413 1234
3440 1441
3490 1411
3550 513
2689 545
3589 953
2414 1698
2687 1866
3514 54
3557 165
3512 35
3496 1897
3590 586
3455 1549
2606 1969
2707 1329
3557 1755
3491 1084
3451 1094
2690 272
2643 1754
3506 1664
2712 1348
2713 1357
2694 1274
3441 817
2694 1237
3558 982
3507 242
2687 1888
2707 905
3555 516
2415 53
3463 438
3501 1682
2464 190
3442 12
2691 468
3559 525
2631 794
2433 101
3508 1975
3545 1004
3445 872
3594 1327
3550 1412
2708 860
2708 1468
3444 806
2638 390
2411 1165
2608 1995
3500 129
3595 1197
2411 602
3461 1685
3551 1070
3547 317
3504 1056
3552 1039
2465 1194
2628 1240
3457 15
2441 341
3513 1273
3513 1167
3596 1289
3595 226
2631 395
2642 954
2416 728
2702 1472
2466 102
2640 901
2422 1508
2695 409
3598 1263
2467 1449
3445 1455
2695 666
3509 1557
2468 174
3554 380
3499 114
2434 1703
2726 168
3585 650
2615 1351
2632 1964
3510 1246
2629 770
2421 332
2629 479
2696 339
2697 1278
2641 1268
2699 1199
2641 725
3511 472
2418 391
2607 1431
3543 1140
2637 1742
3460 1827
2717 266
2717 336
2725 340
2435 202
3510 1720
2471 1043
2633 1227
2436 248
3600 1402
2437 1927
2634 1678
2720 949
2714 1807
3458 566
2421 1594
3601 1304
3599 1825
2635 1110
2724 315
2469 1048
3603 350
2727 462
3562 326
3564 1629
3524 449
2636 1847
3561 588
3610 1580
3606 82
2611 897
3454 530
3563 702
3542 1452
3454 1362
2438 98
2423 371
3575 358
3476 1491
3566 1780
2723 1981
2609 1581
2470 304
2612 686
3566 961
2721 1956
2646 1115
3515 1157
3576 1136
2700 1086
2610 329
3526 795
3609 1564
2440 1461
3605 803
2661 590
2614 924
3515 465
2472 552
3607 816
2701 1904
2424 244
2723 527
2721 483
3608 1611
3577 1109
2660 331
2654 1172
2424 1392
2654 97
2727 867
3574 758
3608 1745
2439 78
3489 1072
3477 1531
2647 10
2439 498
2648 128
2425 21
3527 1532
2427 907
2427 1022
3625 176
3525 187
2763 1518
2656 459
2649 996
3530 1692
3528 376
3517 435
3568 1360
2474 1439
2736 1175
3464 1992
3614 601
2650 707
3518 767
2728 1950
2482 268
3611 1905
3516 751
2764 818
2443 1852
3567 1219
2620 285
3615 1101
3486 587
3527 520
3465 1561
2473 1406
2651 273
3487 894
2444 36
2462 1990
3568 1761
3570 1600
2475 1451
2476 582
3541 27
3532 853
3465 1660
3611 672
2616 532
2453 681
2653 1500
2732 1971
3580 764
3616 1363
2618 1903
2618 734
2653 211
2733 1588
2477 1380
2750 413
3578 526
2445 1405
2737 1707
3519 1658
2483 1046
2750 1542
3471 365
2479 69
2659 522
2652 1000
2738 1233
2738 1156
3624 1741
3571 808
3478 667
2617 623
3520 178
3572 1124
3479 581
2735 1516
3584 344
2480 1509
3473 1469
2751 1308
2752 463
3617 593
3534 1697
2455 1863
3533 821
2729 436
3579 1122
3583 234
3573 1551
2452 1526
3522 1533
2448 1478
3474 1006
3467 789
2659 951
3612 141
2730 189
3540 283
2761 397
2481 1816
2731 753
2447 1062
3540 668
3521 595
2662 1603
3481 330
3582 122
2456 1717
3582 1515
3618 959
3480 26
2739 312
2446 1012
3483 1185
3468 962
2449 89
3484 76
3613 1947
3622 1097
3620 1256
3480 1998
2760 1521
2461 1503
3538 1932
3485 52
3469 1002
2461 871
2678 1187
2756 20
3470 56
3621 1369
2683 1123
3475 217
3485 701
2451 866
3470 1214
3621 414
2458 477
3537 43
2664 1630
2481 1052
2460 656
3522 193
3475 125
3536 1680
2447 844
2678 1596
2757 300
3619 362
2758 616
3536 1565
2460 1448
2459 1606
2663 1901
2759 848
2753 569
3686 221
2674 572
2746 825
2754 1989
2484 1598
3857 1815
3842 75
3680 1749
3852 1706
3882 1430
3686 1626
2663 761
2673 1882
3859 1254
3654 534
2682 679
3654 556
2681 772
3878 182
3629 71
3627 1893
2666 927
2667 500
3854 399
3853 831
2743 888
3856 1937
3881 1819
3655 316
3688 111
3632 922
3627 99
3855 1966
2518 1107
2665 39
2676 207
3681 1055
2741 662
2529 1583
2747 620
2672 1384
3628 1894
3680 1030
3657 1546
3879 809
2742 1601
2680 1271
3629 1346
2677 1104
3995 1797
3844 852
3843 1024
3877 1778
2755 442
2670 940
3860 1834
3888 1330
3883 875
2485 518
2745 819
2486 747
3682 632
2671 1499
3693 1481
3630 1913
3683 1415
3863 1886
3684 1502
2749 1301
2744 633
2488 1936
3876 749
3656 1926
3659 597
3658 1117
3861 425
2677 83
3660 1648
3846 194
3871 1517
3871 1009
2762 308
2518 1224
2748 1843
3868 561
2671 988
2486 768
3691 448
3876 431
3689 1150
3694 1143
3869 1925
3685 651
2494 578
2508 1556
2507 914
3880 577
3692 1752
3888 773
2971 494
3862 606
2515 1396
2785 1238
2766 557
2519 1962
2846 657
2768 540
3679 580
2520 1279
3864 805
2796 716
3634 1884
2786 1460
2796 762
2856 1919
2845 837
2797 429
3873 1958
3724 619
3849 1492
2798 1232
2787 942
3870 298
3653 334
3633 1646
3851 688
3847 515
2788 1635
3663 488
3695 939
3664 443
2768 276
3865 596
2490 1177
2789 1840
3665 1376
3703 1657
3661 105
3695 1537
2767 1071
3885 394
2489 1709
2495 615
2491 1579
2790 870
3633 1477
3873 260
2493 1593
3848 786
3704 865
3866 1381
2972 1654
2799 1642
3874 170
2791 423
3705 969
2858 538
3667 455
2522 1875
2800 59
3706 1247
3636 41
2793 1687
3671 183
3725 1378
2514 1296
2514 1054
2506 1864
3886 878
3708 1694
3707 1722
3709 1727
3669 855
2859 1338
2773 148
2857 1434
3867 1135
3887 722
2801 1849
3697 842
3886 840
2769 263
2489 519
2847 1047
3652 1772
3710 197
3850 143
2792 225
2771 134
2505 677
3867 1786
2527 1974
3670 1414
3698 1811
2809 1322
3700 1033
3638 1375
2772 1259
2526 1463
3648 1997
3889 1287
3637 879
3662 937
3712 1874
2795 1978
2808 1994
3638 241
2802 1418
3702 1218
2803 570
3670 1354
2524 972
2510 560
2525 1979
2504 1049
2511 3
3711 1337
3641 970
2844 1788
2806 1645
3711 1828
3927 1851
2498 461
2513 1541
3890 302
3646 490
2860 1364
2848 313
3647 1582
2513 864
3915 31
2807 1879
3672 120
2860 1617
3714 444
3699 1456
3715 1529
2497 1184
3722 921
2774 474
3891 1826
2499 142
3651 589
2512 1243
3721 973
2500 323
2807 501
3642 1809
3701 1153
2498 627
3649 1401
2849 834
2882 159
2850 1207
3915 476
2502 80
3916 1422
3927 1005
3937 575
3643 1262
3650 1885
3673 256
2778 1525
2850 733
3892 549
3644 1372
2517 999
3726 275
3717 58
3907 1686
3718 1496
3701 1746
2852 1341
3917 378
3919 214
2823 152
2525 1318
3929 1373
2503 164
2775 1050
3913 512
3914 584
2820 1437
3674 1018
3920 705
2822 1193
3645 1416
2821 1896
3938 1965
3908 32
3720 1356
3928 1938
2854 1154
2821 295
3719 929
2819 1757
2855 1208
3909 1663
2504 944
3893 1026
3929 1228
2776 1211
3677 1368
3676 1684
2825 1353
3645 1870
3677 1955
3931 1389
3895 938
2812 1845
2826 1806
3894 1857
2777 537
3932 367
3921 427
2530 1334
3768 757
2811 1782
2812 1615
2861 947
2865 420
3994 1169
2862 1756
3926 978
3729 936
2869 941
2814 1724
3731 1162
2842 1126
2549 77
3897 765
3841 799
3898 1628
2863 481
2863 289
3731 1795
3800 1530
3767 1231
2531 1633
2536 307
2535 1858
2864 1221
3800 179
3910 771
3911 682
2535 1102
2866 1750
2832 562
2869 1497
2817 1001
3933 1986
2537 1868
2546 262
2779 1939
3906 553
2538 1775
3771 1125
2835 1479
3728 1325
3770 116
3733 639
3902 236
3775 576
3771 1862
3770 198
2545 958
2836 930
2831 769
3899 1408
2833 1921
3903 184
2546 68
3901 1914
3934 1908
2818 489
2837 186
2557 1487
3737 1229
3774 247
2815 1576
2881 230
2547 1805
3923 1114
3735 1574
2551 1260
3801 1714
3924 1385
2550 1428
3727 288
3772 1957
3912 1571
2782 1584
2544 1736
2818 1032
3925 1949
2540 694
3900 1712
2841 1044
3732 223
3801 979
2552 1057
3935 874
2827 1726
3730 636
2781 1569
2815 357
3799 492
2534 1443
3802 1620
2604 1662
2780 1021
2874 1696
2872 626
3935 1098
2873 306
2556 133
2542 1702
3905 437
3925 1226
3803 1522
2783 1340
3730 1527
2604 647
3736 147
2784 1225
2840 1163
2783 968
3804 1520
2553 645
3805 351
2543 966
3776 915
2838 1716
2543 851
2554 188
3776 998
2554 1220
3781 445
3781 131
2828 859
2828 544
3777 654
2533 1671
3756 1625
3814 920
2870 1204
3791 196
2871 208
2875 1074
3993 216
2876 1796
2839 726
3778 1132
2880 325
2830 1996
3939 835
2830 1464
2878 1161
3792 1236
2877 634
3941 1846
3809 347
2567 426
3807 1282
3956 1618
3784 1767
2570 422
3785 1627
3738 137
3751 913
3955 238
2839 1653
2871 1347
3786 1319
3974 389
3738 1599
3779 119
3742 797
2579 379
2563 1212
3740 673
3975 1575
3942 460
2569 1090
2952 505
3975 403
3809 1665
3810 1771
3739 1558
3743 1298
3754 1781
2570 338
3782 1636
3793 1641
2883 1652
3794 1222
3943 1493
2560 297
3796 1299
3788 1068
2573 359
2563 1655
2922 640
3755 783
3944 1281
3946 135
2885 87
3750 1016
2883 1130
3961 1435
3787 1420
2920 1108
3946 869
3957 1524
3812 1563
3790 876
2923 222
3755 318
2923 1159
3813 235
2564 1213
3790 1445
3747 1176
3976 846
2885 192
2576 624
2571 1198
2558 1191
2922 232
2970 1673
2919 862
3744 729
3813 1266
2577 162
3959 796
3797 1061
3958 564
2577 1899
3960 1302
3744 687
2899 1035
3748 1831
2559 493
2561 1145
3954 81
2889 264
2566 563
3797 1972
3789 1442
2943 1073
3979 1395
2898 724
3947 1545
2562 752
3978 1490
3749 1842
2575 983
2890 1859
2888 1013
3749 16
2953 258
2575 1940
2886 495
2899 1059
3982 271
2562 886
3971 1312
3948 1250
2925 17
2954 1623
2603 703
3839 1591
2891 1929
2924 428
3816 1672
3828 149
2898 1715
3950 1137
2955 574
3992 1844
2936 782
2935 1619
2892 1773
3816 1776
3951 775
2957 1065
2925 1403
2957 1911
3952 1495
3951 373
2900 1519
2926 1205
2927 1944
2928 1952
3973 781
2958 1504
3829 1760
2578 820
2887 74
2936 1774
2938 1277
2580 346
3817 698
3766 104
3757 763
2895 1335
3758 1339
2934 452
2590 296
2893 779
3953 1036
3973 1570
3960 1332
3818 352
3981 45
2901 1597
2906 417
2930 776
3760 550
3759 1112
2590 1426
3830 1457
2939 57
3833 322
3980 337
3832 1723
2902 1190
3987 637
2967 13
2895 791
2959 1223
2931 385
3834 1333
3826 543
2933 1861
2591 1182
3819 995
3963 1482
2969 911
2940 1063
2582 800
2903 1689
2904 1513
2582 1410
2591 1512
2584 1091
2933 535
3962 112
3964 218
3827 96
2941 1801
2593 838
3761 1257
3822 1873
2912 1587
2946 1189
3762 1948
3837 1983
2962 327
3820 1453
3986 610
3764 23
2596 991
2960 1192
2917 827
3824 487
2587 697
3823 514
2596 1725
2597 1295
2945 1624
3983 1286
3965 1536
3986 604
3765 690
2914 798
2585 1872
2913 204
3837 1485
2944 4
3989 1667
3835 675
2951 1293
2594 612
2587 63
3966 66
2907 1779
2909 822
3988 926
2598 1440
2588 1656
3990 1841
3985 1931
3983 1880
2917 154
2601 551
2916 1812
2599 1792
2600 608
3967 127
2965 1264
3836 1753
2910 956
3966 205
2916 737
3836 280
3763 1152
2918 1970
2602 1763
2964 1466
3838 1721
2948 1261
2963 1953
2963 692
2911 1314
3967 699
2950 868
3969 609
2949 1476
2944 1568
2911 1892
2964 1344
2950 28
3822 9
2586 628
3764 328
3984 1810
2001 2000
2003 2001
2003 2002
2012 2003
2011 2004
2012 2005
2007 2006
2005 2007
2004 2008
2018 2009
2014 2010
2018 2011
2008 2012
2014 2013
2015 2014
2016 2015
2019 2016
2016 2017
2010 2018
2020 2019
2021 2020
2034 2021
2004 2022
2030 2023
2023 2024
2029 2025
2025 2026
2026 2027
2029 2028
2031 2029
2028 2030
2032 2031
2045 2032
2039 2033
2035 2034
2036 2035
2046 2036
2040 2037
2033 2038
2044 2039
2044 2040
2042 2041
2043 2042
2140 2043
2043 2044
2038 2045
2037 2046
2055 2047
2047 2048
2048 2049
2049 2050
2052 2051
2053 2052
2054 2053
2056 2054
2056 2055
2058 2056
2058 2057
2068 2058
2063 2059
2067 2060
2060 2061
2061 2062
2064 2063
2065 2064
2066 2065
2097 2066
2059 2067
2063 2068
2077 2069
2077 2070
2062 2071
2070 2072
2074 2073
2076 2074
2072 2075
2075 2076
2071 2077
2094 2078
2078 2079
2079 2080
2091 2081
2081 2082
2084 2083
2085 2084
2095 2085
2089 2086
2088 2087
2089 2088
2093 2089
2091 2090
2083 2091
2082 2092
2082 2093
2090 2094
2099 2095
2099 2096
2115 2097
2100 2098
2114 2099
2114 2100
2102 2101
2104 2102
2105 2103
2103 2104
2098 2105
2110 2106
2108 2107
2113 2108
2108 2109
2109 2110
2110 2111
2125 2112
2112 2113
2107 2114
2096 2115
2117 2116
2118 2117
2119 2118
2124 2119
2137 2120
2124 2121
2121 2122
2122 2123
2120 2124
2128 2125
2130 2126
2126 2127
2129 2128
2127 2129
2406 2130
2132 2131
2133 2132
2135 2133
2139 2134
2134 2135
2132 2136
2138 2137
2135 2138
2129 2139
2086 2140
2142 2141
2143 2142
2144 2143
2145 2144
2146 2145
2148 2146
2154 2147
2151 2148
2150 2149
2147 2150
2149 2151
2155 2152
2157 2153
2156 2154
2156 2155
2162 2156
2161 2157
2159 2158
2160 2159
2157 2160
2155 2161
2163 2162
2164 2163
2173 2164
2164 2165
2171 2166
2216 2167
2171 2168
2168 2169
2167 2170
2172 2171
2170 2172
2166 2173
2175 2174
2176 2175
2178 2176
2206 2177
2177 2178
2180 2179
2181 2180
2174 2181
2180 2182
2191 2183
2185 2184
2190 2185
2191 2186
2186 2187
2183 2188
2201 2189
2178 2190
2185 2191
2193 2192
2194 2193
2195 2194
2196 2195
2197 2196
2204 2197
2202 2198
2198 2199
2199 2200
2188 2201
2189 2202
2202 2203
2198 2204
2203 2205
2158 2206
2208 2207
2211 2208
2210 2209
2215 2210
2212 2211
2239 2212
2212 2213
2213 2214
2214 2215
2405 2216
2218 2217
2219 2218
2222 2219
2219 2220
2220 2221
2211 2222
2227 2223
2236 2224
2224 2225
2225 2226
2226 2227
2229 2228
2232 2229
2229 2230
2230 2231
2234 2232
2235 2233
2233 2234
2237 2235
2237 2236
2238 2237
2322 2238
2228 2239
2241 2240
2242 2241
2243 2242
2244 2243
2256 2244
2243 2245
2245 2246
2255 2247
2249 2248
2247 2249
2254 2250
2252 2251
2250 2252
2252 2253
2247 2254
2246 2255
2218 2256
2269 2257
2257 2258
2258 2259
2259 2260
2264 2261
2263 2262
2264 2263
2265 2264
2266 2265
2268 2266
2294 2267
2267 2268
2322 2269
2271 2270
2279 2271
2274 2272
2274 2273
2275 2274
2276 2275
2277 2276
2321 2277
2277 2278
2278 2279
2281 2280
2288 2281
2278 2282
2293 2283
2283 2284
2284 2285
2285 2286
2291 2287
2287 2288
2288 2289
2286 2290
2286 2291
2290 2292
2282 2293
2272 2294
2296 2295
2297 2296
2404 2297
2295 2298
2298 2299
2306 2300
2300 2301
2304 2302
2299 2303
2303 2304
2304 2305
2305 2306
2301 2307
2302 2308
2320 2309
2309 2310
2310 2311
2313 2312
2311 2313
2313 2314
2316 2315
2317 2316
2319 2317
2314 2318
2318 2319
2301 2320
2309 2321
2261 2322
2324 2323
2326 2324
2329 2325
2325 2326
2326 2327
2350 2328
2331 2329
2342 2330
2330 2331
2331 2332
2334 2333
2335 2334
2336 2335
2337 2336
2340 2337
2340 2338
2338 2339
2343 2340
2339 2341
2343 2342
2349 2343
2345 2344
2346 2345
2368 2346
2344 2347
2344 2348
2348 2349
2327 2350
2353 2351
2353 2352
2354 2353
2355 2354
2358 2355
2364 2356
2361 2357
2385 2358
2402 2359
2362 2360
2360 2361
2359 2362
2356 2363
2365 2364
2385 2365
2367 2366
2371 2367
2403 2368
2370 2369
2372 2370
2363 2371
2366 2372
2375 2373
2373 2374
2376 2375
2384 2376
2384 2377
2377 2378
2371 2379
2378 2380
2377 2381
2381 2382
2374 2383
2379 2384
2357 2385
2392 2386
2401 2387
2387 2388
2388 2389
2389 2390
2390 2391
2391 2392
2396 2393
2393 2394
2394 2395
2391 2396
2400 2397
3997 2398
3997 2399
2399 2400
2397 2401
2386 2402
2369 2403
2351 2404
2217 2405
2280 2406
2412 2407
2409 2408
2410 2409
2407 2410
2410 2411
2417 2412
2415 2413
2413 2414
2416 2415
2422 2416
2414 2417
2420 2418
2434 2419
2435 2420
2442 2421
2418 2422
2442 2423
2428 2424
2428 2425
2443 2426
2426 2427
2423 2428
2973 2429
2431 2430
2432 2431
2429 2432
2430 2433
2441 2434
2436 2435
2419 2436
2419 2437
2437 2438
2440 2439
2438 2440
2433 2441
2420 2442
2463 2443
2426 2444
2444 2445
2452 2446
2448 2447
2449 2448
2450 2449
2446 2450
2450 2451
2445 2452
2462 2453
2455 2454
2453 2455
2454 2456
2456 2457
2457 2458
2458 2459
2459 2460
2457 2461
2463 2462
2425 2463
2465 2464
2466 2465
2467 2466
2468 2467
2471 2468
2470 2469
2472 2470
2469 2471
2474 2472
2476 2473
2475 2474
2482 2475
2477 2476
2478 2477
2483 2478
2478 2479
2479 2480
2480 2481
2473 2482
2454 2483
2451 2484
2529 2485
2487 2486
2485 2487
2487 2488
2490 2489
2491 2490
2492 2491
2493 2492
2506 2493
2507 2494
2528 2495
2501 2496
2496 2497
2497 2498
2500 2499
2501 2500
2505 2501
2496 2502
2502 2503
2499 2504
2492 2505
2495 2506
2528 2507
2494 2508
2515 2509
2517 2510
2516 2511
2511 2512
2512 2513
2516 2514
2508 2515
2510 2516
2509 2517
2519 2518
2520 2519
2521 2520
2522 2521
2523 2522
2527 2523
2526 2524
2524 2525
2523 2526
2509 2527
2488 2528
2484 2529
2503 2530
2530 2531
2531 2532
2534 2533
2532 2534
2536 2535
2537 2536
2538 2537
2539 2538
2545 2539
2541 2540
2539 2541
2544 2542
2542 2543
2541 2544
2532 2545
2547 2546
2548 2547
2549 2548
2550 2549
2557 2550
2548 2551
2551 2552
2556 2553
2555 2554
2553 2555
2552 2556
2540 2557
2561 2558
2558 2559
2559 2560
2578 2561
2560 2562
2565 2563
2565 2564
2571 2565
2564 2566
2555 2567
2567 2568
2568 2569
2569 2570
2574 2571
2573 2572
2579 2573
2572 2574
2574 2575
2572 2576
2576 2577
2581 2578
2568 2579
2581 2580
2603 2581
2583 2582
2580 2583
2583 2584
2589 2585
2585 2586
2586 2587
2589 2588
2584 2589
2593 2590
2592 2591
2594 2592
2592 2593
2595 2594
2601 2595
2597 2596
2598 2597
2599 2598
2600 2599
2602 2600
2588 2601
2595 2602
2566 2603
2533 2604
2606 2605
2608 2606
2615 2607
2607 2608
2610 2609
2612 2610
2614 2611
2613 2612
2620 2613
2613 2614
2611 2615
2619 2616
2662 2617
2619 2618
2617 2619
2616 2620
2622 2621
2623 2622
2624 2623
2625 2624
2626 2625
2643 2626
2621 2627
2637 2628
2628 2629
2632 2630
2630 2631
2634 2632
2644 2633
2635 2634
2636 2635
2644 2636
2633 2637
2639 2638
2630 2639
2639 2640
2642 2641
2640 2642
2638 2643
2645 2644
2646 2645
2661 2646
2660 2647
2649 2648
2655 2649
2656 2650
2650 2651
2651 2652
2652 2653
2657 2654
2647 2655
2655 2656
2648 2657
2657 2658
2658 2659
2645 2660
2609 2661
2683 2662
2667 2663
2669 2664
2682 2665
2669 2666
2668 2667
2666 2668
2665 2669
2672 2670
2670 2671
2668 2672
2674 2673
2675 2674
2681 2675
2675 2676
2676 2677
2679 2678
2680 2679
2971 2680
2679 2681
2673 2682
2664 2683
2690 2684
2684 2685
2689 2686
2693 2687
2684 2688
2688 2689
2691 2690
2692 2691
2702 2692
2686 2693
2692 2694
2697 2695
2698 2696
2715 2697
2715 2698
2698 2699
2701 2700
2763 2701
2696 2702
2704 2703
2710 2704
2706 2705
2712 2706
2711 2707
2711 2708
2706 2709
2705 2710
2710 2711
2713 2712
2726 2713
2716 2714
2700 2715
2699 2716
2718 2717
2719 2718
2720 2719
2725 2720
2722 2721
2724 2722
2722 2723
2718 2724
2714 2725
2719 2726
2716 2727
2764 2728
2740 2729
2740 2730
2730 2731
2734 2732
2734 2733
2735 2734
2729 2735
2737 2736
2733 2737
2739 2738
2736 2739
2728 2740
2755 2741
2743 2742
2744 2743
2745 2744
2749 2745
2731 2746
2748 2747
2741 2748
2746 2749
2752 2750
2761 2751
2751 2752
2757 2753
2762 2754
2742 2755
2759 2756
2760 2757
2753 2758
2758 2759
2754 2760
2756 2761
2747 2762
2732 2763
2658 2764
2766 2765
2972 2766
2765 2767
2767 2768
2773 2769
2769 2770
2770 2771
2770 2772
2765 2773
2844 2774
2778 2775
2775 2776
2776 2777
2774 2778
2777 2779
2784 2780
2780 2781
2781 2782
2782 2783
2779 2784
2786 2785
2787 2786
2788 2787
2789 2788
2790 2789
2791 2790
2793 2791
2771 2792
2794 2793
2792 2794
2802 2795
2797 2796
2798 2797
2799 2798
2800 2799
2801 2800
2809 2801
2794 2802
2810 2803
2808 2804
2804 2805
2810 2806
2806 2807
2803 2808
2804 2809
2795 2810
2825 2811
2813 2812
2811 2813
2813 2814
2816 2815
2817 2816
2842 2817
2816 2818
2843 2819
2819 2820
2824 2821
2824 2822
2805 2823
2823 2824
2820 2825
2843 2826
2840 2827
2829 2828
2827 2829
2829 2830
2836 2831
2834 2832
2832 2833
2826 2834
2834 2835
2833 2836
2835 2837
2831 2838
2838 2839
2841 2840
2837 2841
2814 2842
2822 2843
2772 2844
2846 2845
2847 2846
2848 2847
2851 2848
2882 2849
2853 2850
2849 2851
2855 2852
2852 2853
2853 2854
2851 2855
2858 2856
2845 2857
2857 2858
2856 2859
2859 2860
2868 2861
2861 2862
2864 2863
2865 2864
2866 2865
2867 2866
2862 2867
2854 2868
2868 2869
2877 2870
2872 2871
2870 2872
2881 2873
2873 2874
2874 2875
2875 2876
2880 2877
2879 2878
2876 2879
2878 2880
2867 2881
2805 2882
2884 2883
2889 2884
2884 2885
2890 2886
2886 2887
2891 2888
2896 2889
2896 2890
2892 2891
2893 2892
2894 2893
2906 2894
2887 2895
2888 2896
2900 2897
2897 2898
2897 2899
2905 2900
2905 2901
2969 2902
2932 2903
2903 2904
2902 2905
2901 2906
2908 2907
2909 2908
2918 2909
2908 2910
2910 2911
2894 2912
2915 2913
2913 2914
2912 2915
2914 2916
2907 2917
2915 2918
2921 2919
2919 2920
2924 2921
2942 2922
2921 2923
2935 2924
2929 2925
2943 2926
2926 2927
2929 2928
2927 2929
2934 2930
2930 2931
2931 2932
2932 2933
2928 2934
2937 2935
2937 2936
2938 2937
2939 2938
2940 2939
2968 2940
2960 2941
2920 2942
2942 2943
2947 2944
2947 2945
2968 2946
2946 2947
2951 2948
2948 2949
2949 2950
2945 2951
2879 2952
2970 2953
2953 2954
2956 2955
2954 2956
2956 2957
2955 2958
2967 2959
2961 2960
2962 2961
2959 2962
2966 2963
2966 2964
2961 2965
2965 2966
2958 2967
2941 2968
2904 2969
2952 2970
2785 2971
2521 2972
2136 2973
2975 2974
2977 2975
2983 2976
2982 2977
2976 2978
2978 2979
3000 2980
2980 2981
2983 2982
2987 2983
2989 2984
2994 2985
2990 2986
2995 2987
2995 2988
2985 2989
2991 2990
2993 2991
3026 2992
2992 2993
2988 2994
2986 2995
2997 2996
2998 2997
2999 2998
2981 2999
3001 3000
2979 3001
2981 3002
3007 3003
3003 3004
3004 3005
3002 3006
3006 3007
3015 3008
3010 3009
3011 3010
3012 3011
3017 3012
3014 3013
3018 3014
3009 3015
3018 3016
3013 3017
3025 3018
3024 3019
3024 3020
3023 3021
3021 3022
3020 3023
3114 3024
3019 3025
3016 3026
3029 3027
3029 3028
3033 3029
3031 3030
3043 3031
3049 3032
3031 3033
3037 3034
3036 3035
3042 3036
3038 3037
3040 3038
3036 3039
3048 3040
3039 3041
3045 3042
3032 3043
3045 3044
3046 3045
3040 3046
3044 3047
3050 3048
3035 3049
3022 3050
3062 3051
3051 3052
3052 3053
3053 3054
3054 3055
3057 3056
3058 3057
3059 3058
3082 3059
3061 3060
3058 3061
3056 3062
3072 3063
3055 3064
3074 3065
3074 3066
3073 3067
3071 3068
3068 3069
3069 3070
3075 3071
3064 3072
3065 3073
3072 3074
3063 3075
3078 3076
3083 3077
3081 3078
3078 3079
3113 3080
3077 3081
3113 3082
3090 3083
3085 3084
3086 3085
3087 3086
3088 3087
3097 3088
3087 3089
3098 3090
3092 3091
3094 3092
3201 3093
3093 3094
3094 3095
3095 3096
3096 3097
3091 3098
3100 3099
3101 3100
3103 3101
3111 3102
3104 3103
3112 3104
3102 3105
3109 3106
3106 3107
3110 3108
3105 3109
3107 3110
3104 3111
3098 3112
3079 3113
3076 3114
3116 3115
3117 3116
3131 3117
3119 3118
3120 3119
3121 3120
3132 3121
3124 3122
3115 3123
3123 3124
3115 3125
3125 3126
3128 3127
3129 3128
3126 3129
3117 3130
3118 3131
3133 3132
3145 3133
3136 3134
3142 3135
3135 3136
3141 3137
3139 3138
3140 3139
3141 3140
3144 3141
3137 3142
3147 3143
3143 3144
3134 3145
2398 3146
3152 3147
3152 3148
3154 3149
3153 3150
3150 3151
3151 3152
3149 3153
3146 3154
3151 3155
3159 3156
3166 3157
3157 3158
3158 3159
3163 3160
3162 3161
3165 3162
3183 3163
3165 3164
3163 3165
3164 3166
3168 3167
3156 3168
3174 3169
3200 3170
3170 3171
3171 3172
3172 3173
3173 3174
3173 3175
3199 3176
3178 3177
3179 3178
3181 3179
3182 3180
3182 3181
3176 3182
3199 3183
3185 3184
3186 3185
3187 3186
3188 3187
3189 3188
3190 3189
3198 3190
3180 3191
3193 3192
3194 3193
3195 3194
3197 3195
3191 3196
3196 3197
3197 3198
3169 3199
3138 3200
3157 3201
3206 3202
3204 3203
3207 3204
3210 3205
3216 3206
3205 3207
3207 3208
3208 3209
3211 3210
3212 3211
3213 3212
3215 3213
3215 3214
3238 3215
3209 3216
3218 3217
3224 3218
3220 3219
3237 3220
3220 3221
3221 3222
3222 3223
3223 3224
3231 3225
3236 3226
3225 3227
3229 3228
3232 3229
3227 3230
3234 3231
3234 3232
3324 3233
3235 3234
3233 3235
3230 3236
3226 3237
3228 3238
3273 3239
3239 3240
3240 3241
3241 3242
3242 3243
3243 3244
3246 3245
3243 3246
3245 3247
3253 3248
3253 3249
3249 3250
3252 3251
3250 3252
3247 3253
3255 3254
3258 3255
3257 3256
3260 3257
3263 3258
3258 3259
3259 3260
3256 3261
3256 3262
3264 3263
3271 3264
3272 3265
3265 3266
3268 3267
3269 3268
3266 3269
3269 3270
3248 3271
3264 3272
3223 3273
3275 3274
3276 3275
3279 3276
3276 3277
3277 3278
3281 3279
3279 3280
3289 3281
3285 3282
3284 3283
3288 3284
3286 3285
3287 3286
3288 3287
3310 3288
3283 3289
3292 3290
3290 3291
3294 3292
3294 3293
3296 3294
3297 3295
3298 3296
3305 3297
3295 3298
3300 3299
3308 3300
3299 3301
3301 3302
3302 3303
3306 3304
3306 3305
3309 3306
3309 3307
3304 3308
3323 3309
3299 3310
3312 3311
3313 3312
3318 3313
3318 3314
3314 3315
3315 3316
3316 3317
3319 3318
3322 3319
3319 3320
3320 3321
3392 3322
3311 3323
3293 3324
3326 3325
3327 3326
3328 3327
3329 3328
3330 3329
3335 3330
3439 3331
3337 3332
3331 3333
3333 3334
3332 3335
3345 3336
3334 3337
3345 3338
3338 3339
3331 3340
3343 3341
3336 3342
3342 3343
3343 3344
3332 3345
3347 3346
3367 3347
3349 3348
3339 3349
3353 3350
3365 3351
3351 3352
3352 3353
3353 3354
3354 3355
3355 3356
3359 3357
3359 3358
3346 3359
3358 3360
3437 3361
3361 3362
3364 3363
3362 3364
3357 3365
3437 3366
3349 3367
3370 3368
3374 3369
3369 3370
3370 3371
3389 3372
3372 3373
3373 3374
3377 3375
3372 3376
3373 3377
3379 3378
3380 3379
3381 3380
3382 3381
3383 3382
3386 3383
3386 3384
3384 3385
3387 3386
3388 3387
3436 3388
3387 3389
3391 3390
3393 3391
3396 3392
3438 3393
3390 3394
3394 3395
3378 3396
3398 3397
3402 3398
3398 3399
3405 3400
3366 3401
3405 3402
3404 3403
3400 3404
3401 3405
3407 3406
3415 3407
3407 3408
3406 3409
3411 3410
3423 3411
3411 3412
3408 3413
3419 3414
3410 3415
3414 3416
3416 3417
3417 3418
3413 3419
3403 3420
3420 3421
3421 3422
3424 3423
3422 3424
3420 3425
3428 3426
3433 3427
3427 3428
3428 3429
3429 3430
3430 3431
3431 3432
3434 3433
3424 3434
3425 3435
3409 3436
3360 3437
3396 3438
3167 3439
3441 3440
3443 3441
3463 3442
3442 3443
3443 3444
3444 3445
3447 3446
3448 3447
3449 3448
3450 3449
3996 3450
3452 3451
3462 3452
3452 3453
3453 3454
3456 3455
3461 3456
3543 3457
3456 3458
3458 3459
3489 3460
3453 3461
3446 3462
3451 3463
3466 3464
3464 3465
3471 3466
3466 3467
3467 3468
3468 3469
3469 3470
3487 3471
3478 3472
3488 3473
3473 3474
3474 3475
3459 3476
3459 3477
3486 3478
3472 3479
3481 3480
3482 3481
3483 3482
3472 3483
3482 3484
3484 3485
3477 3486
3488 3487
3479 3488
3476 3489
3491 3490
3457 3491
3493 3492
3495 3493
3490 3494
3494 3495
3495 3496
3496 3497
3497 3498
3500 3499
3501 3500
3497 3501
3514 3502
3507 3503
3626 3504
3512 3505
3503 3506
3502 3507
3502 3508
3626 3509
3511 3510
3509 3511
3506 3512
3508 3513
3498 3514
3517 3515
3541 3516
3523 3517
3516 3518
3523 3519
3519 3520
3520 3521
3521 3522
3518 3523
3499 3524
3542 3525
3531 3526
3530 3527
3529 3528
3525 3529
3526 3530
3528 3531
3531 3532
3535 3533
3533 3534
3532 3535
3539 3536
3539 3537
3534 3538
3538 3539
3535 3540
3529 3541
3524 3542
3460 3543
3545 3544
3546 3545
3547 3546
3504 3547
3549 3548
3560 3549
3553 3550
3546 3551
3554 3552
3551 3553
3556 3554
3559 3555
3553 3556
3558 3557
3555 3558
3560 3559
3552 3560
3585 3561
3564 3562
3565 3563
3565 3564
3561 3565
3562 3566
3574 3567
3569 3568
3570 3569
3567 3570
3569 3571
3573 3572
3571 3573
3563 3574
3610 3575
3577 3576
3580 3577
3584 3578
3578 3579
3581 3580
3583 3581
3581 3582
3579 3583
3572 3584
3556 3585
3587 3586
3589 3587
3587 3588
3590 3589
3598 3590
3592 3591
3597 3592
3591 3593
3593 3594
3596 3595
3594 3596
3588 3597
3602 3598
3602 3599
3601 3600
3599 3601
3603 3602
3625 3603
3605 3604
3600 3605
3604 3606
3604 3607
3609 3608
3606 3609
3576 3610
3612 3611
3613 3612
3622 3613
3607 3614
3614 3615
3615 3616
3624 3617
3617 3618
3623 3619
3623 3620
3620 3621
3619 3622
3618 3623
3616 3624
3575 3625
3503 3626
3628 3627
3632 3628
3631 3629
3635 3630
3630 3631
3631 3632
3634 3633
3635 3634
3653 3635
3652 3636
3640 3637
3639 3638
3640 3639
3641 3640
3651 3641
3647 3642
3639 3643
3643 3644
3644 3645
3642 3646
3648 3647
3649 3648
3726 3649
3678 3650
3646 3651
3637 3652
3636 3653
3655 3654
3660 3655
3657 3656
3679 3657
3656 3658
3658 3659
3659 3660
3671 3661
3661 3662
3664 3663
3665 3664
3666 3665
3668 3666
3666 3667
3725 3668
3668 3669
3669 3670
3667 3671
3662 3672
3678 3673
3673 3674
3674 3675
3675 3676
3676 3677
3672 3678
3663 3679
3681 3680
3682 3681
3683 3682
3685 3683
3694 3684
3684 3685
3687 3686
3688 3687
3537 3688
3693 3689
3689 3690
3692 3691
3690 3692
3995 3693
3691 3694
3696 3695
3697 3696
3698 3697
3702 3698
3716 3699
3723 3700
3716 3701
3699 3702
3724 3703
3703 3704
3704 3705
3705 3706
3706 3707
3707 3708
3708 3709
3709 3710
3713 3711
3710 3712
3712 3713
3722 3714
3700 3715
3715 3716
3721 3717
3719 3718
3720 3719
3717 3720
3723 3721
3713 3722
3714 3723
3690 3724
3696 3725
3650 3726
3728 3727
3733 3728
3732 3729
3737 3730
3734 3731
3727 3732
3734 3733
3735 3734
3736 3735
3756 3736
3729 3737
3743 3738
3840 3739
3786 3740
3740 3741
3741 3742
3742 3743
3745 3744
3750 3745
3745 3746
3746 3747
3747 3748
3748 3749
3741 3750
3753 3751
3753 3752
3739 3753
3752 3754
3752 3755
3751 3756
3766 3757
3757 3758
3758 3759
3759 3760
3760 3761
3763 3762
3761 3763
3765 3764
3762 3765
3746 3766
3841 3767
3675 3768
3768 3769
3769 3770
3773 3771
3774 3772
3772 3773
3775 3774
3767 3775
3777 3776
3778 3777
3780 3778
3784 3779
3785 3780
3783 3781
3792 3782
3782 3783
3783 3784
3779 3785
3754 3786
3789 3787
3840 3788
3788 3789
3787 3790
3799 3791
3798 3792
3798 3793
3795 3794
3793 3795
3795 3796
3794 3797
3791 3798
3773 3799
3803 3800
3802 3801
3804 3802
3806 3803
3805 3804
3806 3805
3814 3806
3810 3807
3807 3808
3808 3809
3815 3810
3812 3811
3796 3812
3815 3813
3808 3814
3811 3815
3817 3816
3818 3817
3819 3818
3825 3819
3838 3820
3826 3821
3823 3822
3824 3823
3825 3824
3820 3825
3834 3826
3821 3827
3839 3828
3830 3829
3831 3830
3828 3831
3829 3832
3832 3833
3831 3834
3833 3835
3835 3836
3821 3837
3827 3838
3811 3839
3780 3840
3769 3841
3845 3842
3844 3843
3846 3844
3843 3845
3848 3846
3850 3847
3849 3848
3851 3849
3889 3850
3847 3851
3842 3852
3854 3853
3855 3854
3856 3855
3858 3856
3859 3857
3857 3858
3852 3859
3858 3860
3868 3861
3875 3862
3860 3863
3872 3864
3870 3865
3865 3866
3866 3867
3875 3868
3861 3869
3869 3870
3872 3871
3862 3872
3874 3873
3864 3874
3863 3875
3845 3876
3884 3877
3853 3878
3877 3879
3883 3880
3879 3881
3881 3882
3882 3883
3878 3884
3880 3885
3887 3886
3885 3887
3884 3888
3890 3889
3891 3890
3892 3891
3938 3892
3718 3893
3994 3894
3896 3895
3894 3896
3896 3897
3897 3898
3906 3899
3903 3900
3900 3901
3911 3902
3904 3903
3899 3904
3904 3905
3898 3906
3908 3907
3909 3908
3910 3909
3912 3910
3901 3911
3902 3912
3937 3913
3920 3914
3916 3915
3918 3916
3918 3917
3922 3918
3928 3919
3913 3920
3922 3921
3914 3922
3926 3923
3923 3924
3924 3925
3921 3926
3930 3927
3917 3928
3932 3929
3919 3930
3936 3931
3931 3932
3936 3933
3933 3934
3934 3935
3930 3936
3907 3937
3895 3938
3942 3939
3944 3940
3993 3941
3941 3942
3940 3943
3945 3944
3939 3945
3940 3946
3954 3947
3949 3948
3947 3949
3949 3950
3948 3951
3950 3952
3952 3953
3945 3954
3943 3955
3955 3956
3970 3957
3957 3958
3958 3959
3959 3960
3970 3961
3968 3962
3953 3963
3962 3964
3968 3965
3965 3966
3969 3967
3963 3968
3964 3969
3956 3970
3972 3971
3961 3972
3992 3973
3976 3974
3974 3975
3977 3976
3982 3977
3977 3978
3978 3979
3981 3980
3979 3981
3971 3982
3984 3983
3985 3984
3989 3985
3990 3986
3980 3987
3991 3988
3991 3989
3988 3990
3987 3991
3972 3992
3905 3993
3893 3994
3687 3995
3184 3996
