steiner points
802 50
556 50
358 50
284 50
121 50
358 82
802 98
376 216
376 660
94 745
245 869
233 869
285 826
563 524
684 524
1317 743
1452 743
376 524
1274 77
1195 302
1274 302
1452 302
1497 302
1595 302
1082 333
1027 775
860 775
687 775
1452 488
1126 775
233 1134
582 1170
158 1480
137 1484
137 1580
83 1848
83 1876
83 1647
814 1268
807 1268
324 1170
884 1318
884 1344
1272 1477
1170 1477
936 1810
874 1822
833 1852
833 1925
833 1966
729 2011
958 1622
324 1369
493 2269
145 2368
602 2058
602 2148
505 2257
493 2339
477 2351
707 2339
354 2351
184 2351
476 2606
299 2606
477 2544
477 2606
897 2339
897 2424
928 2472
928 2555
973 2604
897 2464
505 2172
1606 1270
1508 1254
1440 1254
1648 1843
1272 1851
1327 1851
1648 1851
1006 1419
1327 2211
1494 2348
1635 2348
1384 2593
1635 2456
1505 2670
1384 2670
1326 2699
1635 2670
1327 2064
1006 1477
94 869
669 2944
295 2929
299 2929
602 2929
669 3208
428 3414
507 3414
647 3414
647 3482
669 3190
477 3762
554 3762
647 3762
650 3762
825 3762
191 3839
229 4078
229 4204
179 4216
647 3704
1525 2936
1316 2936
1187 2936
1525 3000
1525 3079
1524 3229
1408 3531
1008 3777
1214 3825
1273 3825
1408 3825
1549 3953
1454 3953
1009 4255
1145 4255
1296 4255
1549 4043
1549 4255
1376 4255
1497 3514
229 3839
299 2782
2176 256
2227 323
2408 383
2703 383
2229 526
2868 57
2868 71
2761 312
2868 312
2890 325
2229 383
2229 618
2316 693
2204 636
2070 636
2014 636
1963 899
2242 965
1963 965
2210 916
2242 923
2111 965
2387 1002
2401 1073
2401 1203
2275 1218
1891 992
1834 1445
2192 1400
1922 1445
2049 1445
2192 1445
2204 782
2976 779
2616 829
2756 829
2976 829
2802 829
2415 1073
2401 1218
2534 1302
2534 1391
3110 1099
2904 1185
2988 1099
2988 952
2920 1214
2861 1266
2920 1266
2534 1266
2920 1185
2656 1266
2204 693
1813 1684
1813 1843
2244 1898
2189 1898
2149 1898
1813 1898
2189 2448
2189 2480
2189 2086
2656 1717
2506 1717
2543 1717
2919 1777
2506 1922
2506 2082
2552 2200
2920 1609
2919 1777
2850 1777
2928 2010
3106 2059
3106 2308
3126 2407
3250 2029
2506 1902
2333 1902
2920 1771
2431 3183
2283 3183
2253 3183
2152 3200
1974 3200
1969 3200
2152 3363
2819 2909
3171 3183
2819 3183
3171 3393
3171 3456
3011 3456
2516 3183
2272 3798
2357 3798
2357 3864
2397 3873
2635 3873
2650 3873
2714 3881
2352 4339
2260 4339
2397 3966
2397 4128
2456 4137
2540 4137
2605 4137
2432 4339
2233 4339
2432 4137
3031 3770
3045 3770
3072 3770
3229 3770
3031 3956
2914 3956
3031 4021
3031 4247
2723 3881
3011 3564
2670 2787
2189 2085
3463 158
3447 195
3816 265
3389 394
3976 334
4400 99
3840 265
3447 265
3840 331
4165 334
4556 99
3976 439
3976 457
3446 394
3513 627
3905 702
3829 702
3634 836
3634 1037
3634 1122
3488 1122
3425 1199
3990 473
3634 702
3637 702
3722 702
3939 707
3990 625
3939 845
4054 905
3934 1138
4132 1123
4054 975
3856 1153
4054 1123
3939 707
3990 707
4207 99
4358 99
4556 278
4645 279
4519 422
4639 484
4521 487
4595 487
4595 584
4595 608
4910 299
4928 299
5012 299
5133 299
4645 299
4707 693
4707 776
4853 878
4747 878
4707 878
4747 1097
4433 1177
5530 931
5581 931
5219 1116
5029 878
4747 924
4201 334
5590 7
5966 203
5946 203
5634 203
5966 237
5927 541
6118 484
5987 422
5856 550
5856 601
5842 633
5760 636
5364 931
5799 914
5760 914
5760 750
5219 931
5928 943
5997 994
6090 994
6373 884
5997 1119
5833 943
5219 1068
5987 484
6516 28
6425 28
6396 352
6651 28
6824 53
6727 53
6824 234
6824 410
6861 418
6425 217
6373 632
6479 884
6642 886
6656 930
6726 1109
6837 1171
6373 834
6213 994
5581 1158
3373 1673
3381 1673
3537 1705
3403 1673
3407 1673
3528 1673
3537 1742
4144 1805
4018 1542
4018 1547
3539 1805
4018 1805
3392 1989
3421 1989
3106 2029
3403 2168
3654 2179
3917 2251
3857 2251
3757 2251
3539 1923
4433 1339
4433 1356
4433 1533
4292 1664
3738 1805
4346 1943
4346 1980
4334 2066
4292 1805
4346 1903
3857 2370
3857 2414
3857 2476
3813 2476
3633 2476
3405 2476
3915 2481
3345 2901
3661 2991
3424 2947
3366 2947
3661 2828
3675 2991
3488 2947
3441 2947
3661 2947
3345 2657
4502 2558
4618 2558
4549 2719
4549 2963
4246 2963
3995 2963
3857 2342
3675 3132
3579 3255
3675 3255
3838 3375
3526 3697
3553 3722
3595 3725
3622 3725
3912 3509
3735 3869
3622 3836
3734 3869
4307 3614
4427 3264
4307 3374
4307 3510
4307 3520
4307 3535
4187 3614
4021 3614
4329 3632
4021 3869
3583 4139
3734 4139
3838 4139
3558 4143
4126 4136
3980 4139
4022 4182
4126 4182
3734 3912
3734 4139
3798 2991
5003 1551
4883 1746
4883 1769
4883 1848
5143 1551
5270 1551
5176 1551
5143 1608
4883 1551
4988 1887
4853 2066
5325 2144
5173 2144
4988 2066
5210 2144
5029 2144
4747 2488
4747 2558
5210 2471
4934 2565
5096 2565
5151 2565
4934 2664
5151 2672
4934 2729
4858 2565
5210 2314
6535 1428
6703 1449
6535 1449
6351 1513
6274 1513
6844 1467
6844 1566
6534 1513
5727 2020
5768 2020
5898 2159
5641 2465
5890 2493
5824 2493
5824 2586
5824 2717
5967 2868
5898 2389
6090 2868
6274 1746
6274 2209
6274 2401
6207 2571
6207 2672
6429 2672
6138 2676
6274 2510
6711 2563
6634 2667
6662 2667
6662 2779
5824 2804
6138 2868
6274 2409
5513 2049
4846 3357
4889 3404
5046 3474
4894 3568
4894 3474
5469 3193
5109 3465
5846 3399
5006 3728
4806 4034
5070 3892
5186 3924
5201 4084
5447 4113
5407 4251
5293 4251
5201 4251
5407 4308
4894 3728
4704 4102
4806 3806
5850 3069
5939 3069
5812 3095
5850 3095
5850 3202
5850 3334
5846 3465
5523 3465
5469 3465
6521 3055
6521 3269
6623 3139
6521 3139
6402 3269
6402 3350
6361 3381
6361 3478
6361 3567
6394 3716
6597 3716
6757 3549
6757 3516
6624 3716
6177 3269
6159 3202
5771 4000
5771 4116
5771 4213
6157 4027
6051 4027
6157 4087
6157 4196
6117 4242
6677 4023
6482 4023
6394 4023
6309 4033
6309 4087
6246 4087
6008 4000
6394 3891
5911 3500
5967 2979
4618 2697
4292 1541
3392 2029
125 4530
173 4530
173 4596
104 5084
173 5084
514 4570
514 4596
514 4717
522 4778
1091 4471
1091 4733
672 4859
1091 4859
953 4859
819 4859
1178 4988
953 4942
929 5037
1162 5156
929 5208
991 5208
1162 5208
929 5033
580 4859
273 4596
162 5403
274 5683
162 5683
1127 5331
647 5331
647 5394
647 5444
696 5609
481 5668
641 5668
696 5668
698 5708
707 5591
338 5683
912 5331
1127 5541
1127 5581
1144 5599
1219 5599
1337 5721
696 5591
647 5236
60 5943
64 5943
215 5943
332 5975
469 6002
628 6100
509 6100
348 6427
286 6427
286 6542
509 6221
766 6122
710 6122
777 6257
766 6257
756 6342
373 6427
1290 5903
1171 6007
1022 6134
1155 6134
1155 6393
1155 6490
1302 6515
1155 6343
961 6257
286 6760
286 6585
109 6760
68 6769
314 6808
380 6808
427 6808
286 6760
580 6680
675 6805
580 6805
542 6805
675 6823
542 6878
542 6940
464 6805
542 7215
448 7215
352 7215
82 7215
660 7280
542 7059
1303 6656
867 6691
896 6691
1124 6691
1216 6691
1238 6691
867 6758
1009 7018
1021 7044
1209 7099
1125 7099
1209 7194
1209 7429
1197 7482
1216 6783
759 6758
305 6808
1337 5721
1978 5012
1827 5133
1574 5297
1574 5332
1978 4679
1978 4768
1978 4839
1721 5012
1574 5012
1827 5012
2126 5012
1978 4884
1574 5181
1890 5688
1544 5562
1544 5626
1890 5856
1890 5911
1793 5626
2746 4763
2838 4763
2872 4975
2506 5085
2506 5120
2838 4427
2517 4763
2506 4853
2872 5059
2872 5227
2506 5082
2596 5607
2400 5607
2389 5607
2609 5683
2635 5718
2720 5718
2872 5314
3008 5514
3008 5645
2963 5718
2635 5829
3008 5425
2310 5120
1853 5961
1669 6372
1669 6377
1669 6532
1937 6495
1708 6665
1669 6665
2399 6443
1858 6665
1678 6930
1669 6930
1669 6726
1540 6934
2399 6302
2557 6302
2399 6366
2198 6443
2405 6475
2436 6610
2498 6727
2475 6861
2498 6824
2795 6302
2988 6302
2988 6331
2988 6520
2050 6443
1648 7281
1648 7403
1843 7423
2207 7423
2119 7322
2119 7423
1747 7423
1747 7542
3034 7232
2854 7232
2772 7423
2772 7232
2384 7423
1678 7157
1669 6113
1472 5721
23 7890
527 7931
103 7955
80 8091
80 8126
120 8141
527 7837
527 7922
527 7955
327 7955
103 8063
582 8602
580 8689
352 8689
761 8689
582 8297
1613 7627
1600 7714
1408 7853
1621 7734
1600 7734
1600 7853
1291 7852
967 7973
967 8029
967 8050
1004 8224
1034 8224
1408 7952
1178 8224
1178 8404
1375 8197
1538 8201
1538 8201
1538 8439
1442 8466
1535 8466
1163 8689
1408 8197
582 8689
265 9100
32 9163
113 9163
32 9187
31 9312
31 9375
131 9375
31 9583
31 9669
545 9783
391 9783
31 9651
580 8931
845 9164
788 9361
845 9361
788 9378
788 9450
1193 9450
689 9642
97 9783
31 9783
776 9521
1290 9190
788 9433
1261 9530
1261 9805
1261 9852
1369 9915
1389 9941
1261 9450
689 9783
845 8948
2488 7996
2100 7996
2096 8207
2072 8225
1810 8225
1702 8201
2772 7965
2887 7965
2717 7966
2598 8038
2645 8038
2717 8038
2749 8066
2769 8196
2769 8256
2769 8321
2769 8297
2096 7996
1843 8715
1924 8715
2164 8715
2164 8949
2250 9084
2025 9292
2254 9292
2254 9132
2254 9273
1989 9292
1989 9365
1800 9606
1914 9606
1800 9632
1800 9706
1989 9501
2769 8638
2795 8638
2638 8638
2795 8810
2795 8835
2884 9091
2808 9091
2808 9130
2808 9132
2756 9132
2702 9322
2866 9457
2702 9457
2808 9268
2795 8994
2499 9721
2702 9637
2702 9721
2713 9789
2881 9858
2904 9956
2455 9759
2353 9132
2795 8893
2096 8225
1600 7697
3391 4595
3349 4595
3203 4595
3391 4667
3401 4713
3449 4796
3904 4926
4140 4926
3772 4483
3878 4643
3797 4643
3781 4643
3496 4926
3781 4836
3597 4926
3468 4926
4339 4926
4507 4575
4392 4674
4389 4737
4339 4867
3781 4926
3904 4943
3230 5304
3259 5333
3259 5394
3259 5451
3404 5602
3904 5077
4041 5187
3990 5187
3904 5187
3730 5408
3699 5645
3699 5716
3812 5716
3616 5775
3526 5844
3259 5602
3699 5602
4284 5116
4284 5186
4284 5422
4377 5609
4300 5609
4103 5422
4503 5640
4377 5640
4377 5673
4284 5609
4284 5786
4284 5330
4284 5867
3730 5197
3349 6167
3383 6266
3165 6266
3349 6266
3383 6466
3383 6512
3389 6671
3389 6786
3278 6786
3218 6786
3452 6571
3832 6016
3837 6060
3763 6104
3818 6104
4011 6196
3858 6196
3818 6196
4151 6198
4151 6291
3818 6289
3818 6377
3811 6729
3706 6736
3621 6736
3452 6671
3706 6884
3840 6918
3706 6897
3765 6918
4105 6785
4167 6785
4090 6789
4182 7080
4090 6926
3944 6925
4016 6926
3818 6723
4507 6248
4507 6420
4549 6427
4606 6427
4549 6553
4494 6698
4307 6774
4265 6774
4549 6651
4331 6774
3561 6736
3837 6054
5423 4518
5127 4707
4972 4628
5219 4569
5420 4569
5013 4707
5013 4896
5306 5020
5413 4956
5218 5020
5013 4979
5374 5020
5790 4952
5686 4956
5306 5160
5016 5020
5948 4741
5954 4741
5954 4743
5954 4942
5743 4956
5306 5409
5180 5580
4974 5610
4974 5708
4923 5824
4923 5959
4923 5985
5306 5195
5306 5378
4870 5415
5284 5620
5623 5412
5623 5565
5623 5602
5416 5620
5427 5745
5427 5812
5427 5977
5416 5677
4974 5580
6136 5671
6100 5671
5981 5671
5979 5671
5865 5671
6136 5780
5865 5786
5851 5602
5284 5580
4925 6456
5104 6151
5104 6378
4810 6456
4694 6456
4856 6456
5104 6478
4988 6478
5080 6920
4988 6830
4988 6920
5928 6370
5479 6630
5479 6718
6077 6523
5835 6523
5928 6523
5714 6523
5835 6718
5811 6720
5335 6308
5694 6858
5811 6822
5811 6858
5479 6523
5104 6308
6770 4484
6678 4549
6597 4556
6640 4556
6640 4732
6547 4753
6347 5067
6458 5067
6640 4753
6547 5260
6547 5315
6649 5315
6649 5540
6814 5549
6547 5067
6846 5684
7074 5684
6492 5921
6846 6023
6863 6051
6863 6215
6457 6478
6554 6478
6554 6531
6692 6531
6863 6433
6554 6673
6560 6777
6747 6785
6648 6785
6554 6762
6833 6531
6846 5921
6175 5853
4711 6456
3088 7222
3287 7222
3551 7458
3307 7222
3483 7222
3551 7474
3317 7925
3617 8063
3551 7581
3551 7948
3617 7952
3617 7979
3617 8003
3500 8063
3624 8079
3551 7775
3317 8063
3551 7947
4143 7080
4143 7157
3812 7378
4019 7378
4143 7452
4143 7390
4086 7390
4129 7760
4143 7654
3940 7760
4129 7880
4102 8074
3820 8146
4122 8212
4102 8212
3820 8209
4129 8021
3926 7775
3732 7775
3548 8786
3955 8945
3458 8958
3556 8945
3762 9011
3769 9061
3769 9097
3548 8945
4122 8433
4126 8467
3955 8837
3974 8838
3955 8838
4126 8703
4126 8724
4079 8838
4079 8917
4141 9010
4026 8838
3762 8945
3252 9402
3293 9402
3343 9402
3382 9402
3391 9429
3655 9246
3769 9129
3769 9233
3632 9362
3769 9246
3567 9540
3408 9527
3769 9450
3536 9540
3536 9623
3884 9855
3458 9855
3207 9855
3207 9929
3536 9855
3884 9965
4230 9373
4230 9450
4152 9757
4230 9671
4230 9626
4152 9920
3930 9965
4230 9757
4094 9965
3753 9540
3940 8212
4815 7379
4955 7466
4955 7615
4955 7686
4915 7686
4915 7781
4915 7814
4944 7814
5119 7814
4771 8028
4771 8184
4771 8315
4944 7914
5387 7423
5446 7423
5590 7416
5387 7571
5225 7730
5387 7873
5387 8041
5506 8041
5349 8135
5892 7782
5892 7943
5762 8041
5831 8041
5831 8284
5831 8303
5525 8041
5387 7730
4771 8007
6222 7258
6835 7296
6486 7296
6704 7296
6263 7718
6038 7782
6153 7782
6263 7782
6303 7844
6704 7558
6704 7581
6657 7708
6657 7773
6729 7793
6657 7793
6610 7794
6729 7807
6657 7730
6610 7886
6420 7886
6704 7528
6610 7905
6610 8061
6236 8298
6388 8298
6398 8298
6610 8286
6520 8298
6022 7782
4927 8724
4727 8724
4604 8724
4727 9031
5225 8669
5283 8669
5333 8669
5422 8669
5422 8767
5422 8992
4727 8963
4505 9609
4524 9623
4856 9623
4809 9434
5052 9453
4890 9453
4890 9534
4690 9623
5052 9378
5052 9434
4942 9453
5080 9511
5098 9564
4856 9702
4524 9674
5307 9951
4856 9928
4936 9934
4749 9973
4856 9934
4757 9220
5808 8724
6071 8724
5667 8724
5651 8767
5651 9027
5651 9078
6134 8724
6098 8724
6134 8786
6147 8953
5651 9003
6520 8574
6531 8702
6582 8702
6586 8679
6529 8953
6582 8809
6795 9025
6582 8953
6397 8953
5927 9431
5786 9431
5927 9538
6020 9550
5762 9875
5709 9875
5681 9937
6035 9634
6035 9749
5957 9912
6035 9861
5880 9912
5987 9912
6345 9636
6230 9749
6256 9749
6345 9749
6409 9760
6661 9556
6795 9293
6648 9556
6795 9556
6563 9636
6604 9963
6459 9826
6497 9963
6166 9749
6648 9636
5571 8767
6520 8482
4386 8724
4090 7080
2634 7423
2893 4396
7229 260
7180 260
7138 260
7055 260
7349 102
7349 177
7572 223
7428 256
7349 256
7512 256
7233 256
8275 271
8106 240
8106 87
8106 190
7747 223
8019 240
8196 271
7940 303
8858 132
8454 260
8346 271
8774 221
8563 260
8454 271
7940 240
7342 716
7661 950
7198 950
7198 1031
7198 1223
7237 1268
7062 1645
7237 1490
7237 1645
7328 1773
7989 665
7944 665
7947 665
7802 665
7947 762
7947 948
7342 950
7836 1007
7717 950
7947 1007
7965 1012
7947 818
7886 1260
7886 1304
7892 1441
7977 1441
7977 1507
7977 1533
7964 1553
7964 1602
7823 1747
7886 1441
7965 1067
7965 1007
8202 632
8202 698
8454 541
8477 637
8676 750
8641 750
8477 747
8460 747
8410 741
8441 741
8274 1026
8165 1026
8300 1288
8378 1288
8380 1288
8300 1606
8300 1623
8300 1646
8300 1396
8676 845
8676 1054
8845 1128
8595 1288
8676 1138
8760 1138
8595 1175
8595 1415
8637 1519
8938 1692
8595 1519
8415 1288
8676 1028
8074 1007
8477 626
9553 55
9625 55
9641 55
9861 55
9861 88
9345 488
9315 488
9262 488
9974 588
9814 588
9625 488
9984 629
9801 588
9625 237
9275 1013
9156 1013
9579 1063
9533 1331
9579 1212
9600 1212
9439 1331
9482 1013
9801 803
9921 1186
9898 1186
9733 1192
9404 1618
9144 1665
9339 1665
9144 1753
9439 1484
9801 1186
9075 1753
7070 2161
7922 2286
7070 2233
8083 2286
7205 2276
7377 2384
7377 2488
7070 2276
7823 1823
7823 1975
7823 2138
7606 2230
7823 2230
7521 2230
8055 2286
7377 2276
7302 2940
7377 2940
7773 2854
7574 2624
7779 2854
7929 2854
8041 2854
7540 2926
7574 2854
8522 2042
8522 2132
8815 2228
8522 2228
8491 2299
8118 2286
8865 2167
8725 2228
8522 2299
8694 2690
8500 2669
8522 2330
8500 2820
8492 2857
8429 2907
8429 3033
8766 2878
8954 2931
8522 2669
8323 2299
7051 3295
7292 3411
7292 3422
7064 3411
7292 3675
7383 3741
7318 3741
7292 3741
7318 3902
7164 3902
7092 3949
7092 4152
7092 4177
7189 4282
7318 3815
7292 3542
8041 3188
8124 3237
8451 3448
8041 3143
8121 3525
8121 3656
8451 3352
8637 3448
8478 3448
8362 3493
8272 3493
8642 3558
8645 3609
9017 3589
8855 3609
8645 3626
8124 3493
7892 4103
8037 4151
7874 4288
7668 4319
7679 4319
7753 4319
8271 3812
8364 4151
8364 3915
8364 4148
8197 4151
8413 4177
8770 4177
8617 4177
7892 4151
8127 3783
7874 4319
7866 3188
9501 2000
9501 2188
9501 2285
9515 2345
9764 2469
9616 2531
9841 2414
9214 2823
9257 3017
9660 2531
9660 2629
9893 2735
9697 2761
9660 2761
9697 2862
9697 3033
9483 3033
9747 2531
9483 3485
9213 3615
9063 3589
9304 3643
9329 3686
9373 3744
9483 3280
9483 3343
9576 3587
9610 3592
9944 3592
9610 3657
9627 3731
9757 3765
9627 3765
9610 3672
9483 3587
9297 4088
9183 4088
9183 4214
9627 3827
9622 4054
9921 4154
9856 4154
9816 4154
9363 4370
9428 4451
9408 4451
9363 4451
9183 4366
9622 4154
9672 4154
9856 4363
9317 4154
9627 4014
9304 3615
9139 3615
7893 1975
7535 4624
7327 4738
7122 4756
7151 4756
7300 4756
7300 4799
7440 4624
7579 4624
7619 4840
7342 4624
7300 4916
7300 5149
7143 5204
7143 5247
8197 4683
7989 4721
7827 4721
8026 4721
8398 4564
8365 4655
8398 4655
8473 4657
8473 4712
8581 4712
8457 4876
8581 4834
8520 4849
8599 4893
8599 4904
8820 4904
8026 4796
8453 5134
7943 5218
8347 5301
8453 5155
8347 5162
8347 5278
8061 5301
8229 5301
8382 5319
8159 5301
8366 5319
8308 5162
7755 4840
6918 5684
7384 5684
7489 5695
7489 5695
7725 5695
7504 5935
7507 5957
7507 5990
6987 6175
7322 6200
7058 6332
7160 6332
7201 6332
7322 6332
7507 6073
7507 6200
7680 6500
8012 6239
7646 6285
7489 5845
8559 5756
8559 5834
8556 5834
8061 5513
8402 5834
8316 5834
8061 5834
8212 6239
7913 6239
7822 6239
8244 6345
8291 6383
7646 6239
7974 6508
8495 6383
8421 6383
8495 6542
8012 6139
7913 6436
7234 6993
7266 6993
7266 7055
7239 7209
7165 7209
7160 7209
7062 7209
7266 7267
7266 7209
7760 6712
7681 6712
7734 6712
7681 6715
7866 6755
7681 6855
7866 7118
8348 7234
7849 7278
7567 7317
7621 7317
7621 7317
7552 7357
7866 7018
7407 7357
8198 6774
8198 6783
8198 7080
8182 7195
8367 7229
8203 7234
8135 7234
8182 7234
8182 7082
8654 7137
8433 7195
8598 7195
8598 7397
8598 7382
7866 7234
7866 6785
8012 5956
8838 4816
8906 4816
8581 4849
8843 4999
8990 5033
9034 4771
9015 4920
8857 5033
9015 5033
9082 5033
9662 5074
9094 5128
9108 5128
9108 5191
9074 5089
9337 4874
9661 5074
9480 5074
9074 5033
9855 4536
9855 4647
9855 4736
9210 5033
9279 5052
9337 5052
9855 5074
9108 5345
9158 5426
9108 5426
9057 5438
9057 5680
9610 5487
9410 5487
9903 5566
9675 5566
9610 5566
9574 5680
9536 5741
9328 5426
9057 5532
9466 6015
9338 6015
9295 6015
9106 6015
9455 5864
8989 6064
9753 6086
9483 6086
9338 6355
9181 6355
9544 6481
9333 6570
9338 6481
9845 6421
9785 6421
9568 6485
9743 6524
9683 6524
9582 6524
9153 6570
9338 6198
9162 6887
9204 6896
9588 7191
8942 7215
9582 6667
9582 6699
9582 6768
9582 6851
9925 6971
9925 6909
9824 6971
9582 6971
9543 7212
9605 7191
9757 7191
9268 7212
9468 7212
9780 7376
9588 7136
9204 7212
9582 7009
9455 6015
8838 4904
7107 7671
7262 7766
7398 7789
7493 7789
7273 7779
7294 7859
7297 8236
7294 8098
7603 7689
8019 7702
7294 7789
7621 7938
7919 7943
7770 7943
7770 8070
8003 8156
8003 8189
7780 8189
7780 8184
7770 8102
7603 7789
7333 8694
7780 8694
7780 8470
7780 8694
7981 8756
7780 8756
7671 8939
7539 8939
8065 8756
8014 8756
7730 8939
7123 8826
7321 9242
7527 9326
7527 9201
7527 9242
7233 9242
7233 9407
7527 9477
7507 9510
7233 9611
7754 9862
7396 9887
7233 9787
7359 9822
7251 9923
7103 9942
7251 9822
8129 9302
7901 9327
7901 9731
7865 9786
7624 9887
7527 9142
6989 8826
8717 7771
8451 8106
8692 8106
8776 7870
8776 8039
8451 8149
8451 8202
8904 8315
8776 8106
8940 8439
9250 8359
9210 8359
9199 8439
9641 7944
9568 7944
9440 7944
9641 8120
9641 8168
9641 8359
9332 8359
9222 8359
9014 8439
8742 8677
8556 8718
8697 8718
8544 8809
8544 8954
8462 9032
8427 9032
8394 9057
8394 9134
8480 9223
8394 9223
8277 9296
8728 9039
8791 9070
8791 9235
8791 9412
8791 9154
8544 9032
8670 9521
8426 9521
8755 9488
8559 9521
8670 9608
8670 9637
8779 9476
8998 9662
8998 9805
8998 9412
8426 9801
9023 9412
9362 8607
9362 8788
9469 8801
9721 8826
9601 8826
9539 8826
9811 9083
9918 9083
9573 9075
9177 9040
9539 8887
9145 9194
9539 9040
9413 9359
9520 9383
9661 9428
9807 9428
9811 9352
9832 9479
9937 9479
9969 9480
9816 9496
9811 9428
9816 9626
9846 9787
9897 9855
9846 9855
9663 9891
9846 9689
9816 9479
9127 9262
9199 8516
7901 9662
7621 7494
9855 4688
6731 5921
edges
2259 594
2352 1879
2324 218
2141 242
2324 1524
2001 1139
3386 1895
2264 1425
3464 721
2269 579
2350 1790
2349 486
3380 1614
2296 855
2353 174
2004 716
2003 788
2018 1620
3461 1134
2000 1346
2326 1711
2354 1559
3463 1811
3461 1409
2023 875
2141 791
2142 1163
2018 878
2005 819
3371 533
3380 1931
3465 1148
2006 1544
2297 324
3371 790
2265 1691
3378 1030
2136 806
3386 617
3387 946
2259 1344
3382 154
3372 308
3465 349
3381 1607
2006 518
2260 549
2309 1120
2325 712
2004 1615
2007 821
2358 1576
3389 804
3373 125
3368 644
2327 1080
3370 1869
2355 971
2328 758
3474 17
3383 1348
2136 336
3377 1078
3367 383
3390 1356
2261 158
3388 861
3376 1946
2298 419
2299 597
2308 1709
2022 422
2307 1389
2019 69
3385 517
2143 1732
3385 1714
3374 925
2137 1087
2145 952
3370 1482
2267 1447
2024 661
2268 620
2351 258
2023 351
3384 1839
2323 85
2306 1470
2138 1311
3369 1360
2262 981
2356 1629
2300 1230
2357 1484
2272 1423
2300 1128
2331 1762
2262 30
2024 784
2270 1798
2145 1283
3468 1436
2271 1085
2151 35
2281 75
2014 1072
2357 683
2139 231
2301 27
2330 334
2302 1054
2028 295
3468 641
3466 243
2013 1939
3469 727
2140 175
2329 1472
3429 1064
3467 312
3427 1171
2332 993
3404 205
2304 1578
3470 1458
2333 1021
2305 1047
2147 1701
3406 642
2286 737
3460 111
2273 1057
2273 655
3472 67
2359 948
3427 352
2334 1952
2150 106
2335 1905
3430 228
3403 12
2330 279
2009 825
3472 1852
2309 1497
2148 1433
2275 322
2015 625
2008 1008
3403 1624
2274 1010
2170 31
2025 1101
3393 1459
2148 576
2311 76
3428 1936
2283 354
2151 387
2285 1692
3406 581
2295 931
3393 1065
3431 299
3436 1382
2016 333
2009 1390
3434 1688
2339 834
3432 1011
3435 677
2169 1342
2284 1400
3407 772
2313 1976
2026 1930
2312 1083
2169 1438
2168 1023
2318 1367
2173 1627
3483 64
2027 1206
2029 1835
3414 908
2012 929
2171 289
2365 572
2276 1828
2287 250
3446 1082
2170 1245
2341 1546
2152 1205
3411 46
2010 1522
2321 1153
2360 783
2361 1520
2152 1593
2093 1996
2315 564
2288 1903
2337 441
2155 129
3395 1402
2156 1422
2322 304
2362 1299
2336 1295
2346 1106
3408 575
3394 1878
2181 532
3459 635
2157 1287
2291 1408
3482 1533
2162 694
2343 1652
3437 724
2158 482
3410 787
3413 1963
3475 1086
3476 535
3438 585
3458 173
3396 390
2366 1957
2277 1883
2162 1129
3447 1849
3477 427
3425 274
2174 423
2347 117
2174 1995
3484 1651
2316 359
2178 542
3448 1713
2363 849
2320 1451
2345 316
2279 843
2290 513
3448 867
3476 864
2030 817
2289 1973
3451 1200
2278 1110
2292 555
2075 565
2367 1293
2031 941
2364 1594
2367 1066
3452 337
2317 68
2179 1621
3484 51
2364 380
3486 1300
2345 1353
2179 1908
2280 616
2160 936
3480 768
2182 321
2178 1143
2161 1755
2038 1626
2280 1693
3397 281
3440 434
2320 664
2290 743
2292 73
2076 829
3415 764
2183 1049
2039 1703
3398 459
2074 1427
2187 1838
2074 254
3457 1339
3441 1145
3485 301
2176 1236
3416 1694
2041 877
3481 303
2389 1776
2042 735
3478 1381
2376 839
2390 1013
2372 1780
2052 315
2483 1886
2177 536
3445 917
2164 395
2165 378
2177 732
2487 1372
3453 552
2081 1040
2163 646
2483 65
3417 690
2462 973
3418 1440
3424 153
2163 1856
2484 1695
2167 848
2488 1605
2166 1882
2044 1725
2032 487
2033 412
3491 1379
3400 251
3419 473
2456 1176
2486 253
3454 736
2461 1674
3456 341
2391 1968
3420 235
2583 831
2376 910
2377 430
2464 1538
3421 754
2489 815
2490 1302
2034 1424
2461 680
3422 1947
3442 1569
2463 1555
2205 544
3487 170
2051 374
3443 1554
2373 798
3399 599
3444 292
2037 1439
2368 1308
3399 212
2392 636
3488 1003
2369 609
2368 1892
2189 1992
2489 1657
2189 1077
2200 1650
3455 1185
2191 121
2198 1496
2370 1249
2199 1608
3489 0
2371 756
2374 1748
2463 83
2457 1588
2502 221
3423 1727
3490 1490
3493 25
2458 143
2215 799
3402 1058
2206 1282
3444 1401
3402 90
2375 1819
2045 697
2046 474
3502 899
2393 1036
2207 211
2077 41
2035 729
2459 302
2078 1284
2047 310
2036 1266
2193 1822
2465 686
2194 394
2214 358
2398 1393
2202 926
2388 702
2036 323
2048 1289
3519 1848
2080 596
2394 537
2049 188
3590 604
2380 1568
3645 1868
3645 1998
2395 1721
2381 869
3494 1286
2491 373
3590 837
2208 1801
2050 134
2492 856
2212 778
2466 1253
3519 749
2517 61
2055 1749
2209 1706
2091 1441
2396 455
2466 1234
2468 953
2203 36
2258 1242
2197 1696
3520 1723
3504 1417
2467 339
3508 435
2056 116
3507 1846
3525 1786
2493 300
3494 530
3525 340
2383 921
2396 714
2073 123
2384 190
2471 1448
3591 947
3596 305
2062 1186
2204 1933
2385 1562
2503 1069
2082 214
3526 632
3505 777
2067 1675
3496 891
2387 1956
2385 495
2057 1521
3524 1799
3521 457
2084 730
2053 1026
3498 1309
3592 171
3497 747
3523 128
2210 1461
3538 443
2482 996
2510 268
3530 621
2060 771
2422 255
3593 915
2083 672
2061 1251
2494 841
2054 1676
2399 1446
3499 1772
2500 1256
2504 448
2211 1944
2472 1345
2516 160
2211 1154
3495 844
2400 523
3596 1160
2068 1488
2404 1770
2416 114
2054 366
2195 1642
3501 88
2086 1270
2072 1116
2494 345
3594 662
2474 704
2069 1455
2403 972
2196 1043
2405 145
2472 904
3500 1854
2405 1089
2495 1416
2196 1641
2509 1906
3595 1932
2085 216
2065 1535
3597 220
2070 32
2402 1500
3607 342
2416 219
2476 1063
2510 850
2481 1452
2505 1151
2064 1889
2497 1880
2085 524
2071 309
2066 296
3513 1606
3600 883
3601 629
2415 1679
2478 838
2511 1130
3529 1337
2087 1919
2479 1324
2507 912
2479 1913
2508 1268
3528 1813
2090 773
2582 1769
2089 1918
2071 246
2089 1318
2498 320
2063 1193
2418 239
2480 363
3601 1321
3516 1168
3510 266
3603 695
3514 1343
2513 1622
2135 1812
2257 492
2410 1517
2514 499
3531 1294
3597 1843
2410 1224
3515 1859
2480 1019
2513 902
3532 1304
3604 244
2501 1800
3535 1261
2515 132
2406 1596
2114 1873
3533 400
2116 1499
2223 227
2097 608
3517 833
2095 260
3536 1809
2115 307
3511 472
2095 1207
2094 1464
2412 1851
2408 1570
3512 1414
2421 1478
2409 1623
2419 734
2581 252
2221 779
2413 162
2420 1870
2407 1515
2117 1857
3510 698
3598 1893
2548 548
3534 649
3605 1978
2455 1782
2548 1577
2539 26
3534 591
3536 785
2518 1802
2217 1894
2540 405
2118 1744
2541 1915
2550 1467
2541 693
2224 1397
2423 706
2550 451
3558 118
2436 198
2523 886
2218 1761
2229 663
3589 1756
2103 1387
2523 1542
2220 1531
2563 109
3539 937
2098 865
2116 522
3561 828
2119 859
3556 510
2424 319
2436 1305
2216 93
2562 1115
3614 1537
3618 1196
2221 54
2549 107
3539 529
3589 74
3562 1561
2544 715
2424 1665
3615 1865
2553 653
2099 1784
3561 1573
2518 913
3540 1223
2222 1174
2437 1229
2426 13
2554 1254
2222 895
2226 1055
2525 1579
2519 33
3542 464
2099 574
2100 593
2560 818
3541 199
3563 338
2228 1760
2227 882
2524 237
2520 328
2555 1566
3610 1540
2102 1169
3608 1645
3565 1099
2580 465
2431 631
2438 1332
2133 1806
2560 1940
2439 460
3559 446
2120 138
2440 156
3554 980
2559 560
3566 18
2256 66
2546 23
2556 1793
2521 1383
3616 86
3568 360
3618 261
2580 1970
3569 967
2441 808
3609 1119
2427 1233
3570 1029
2443 1598
3564 379
3611 1162
2235 104
3560 1987
3570 970
3619 1231
2231 684
3623 717
3543 1934
3612 1660
2427 1655
2113 1111
3544 888
2250 481
2558 91
2428 876
2430 270
2526 192
2108 587
3620 1923
3544 458
3613 1429
2429 498
2104 193
3621 347
2561 1192
3546 813
3613 1124
2249 1653
2107 1338
3621 1102
2248 1136
2121 420
2443 1170
3587 847
2230 103
2105 272
2230 1983
2538 595
2250 1980
3578 1217
3553 669
3644 1376
2109 1990
2123 1914
3628 1067
2433 1837
2109 553
2232 652
2122 1942
2432 1374
2444 977
2125 1068
2234 1961
2236 1006
2255 1671
2579 1603
2528 1743
3548 1413
3547 479
2453 1656
3580 1020
2531 1316
2529 1543
2567 628
3549 1131
2126 757
2252 1183
2573 1638
2239 739
2578 1814
3572 1277
2564 1670
2445 1845
3642 1126
3626 1394
2253 102
2572 692
2568 141
2575 1032
2527 77
2243 1349
2130 1587
2450 407
2449 1779
3629 1901
2110 1336
2530 1687
2577 1937
3625 1002
2537 1117
3572 1403
2572 1572
2531 1365
3630 1863
2565 1563
2242 1551
2240 1750
2127 889
2449 1074
2241 746
2446 1377
2448 1352
3581 561
3632 1519
3582 1210
3550 1864
3573 1042
3630 1491
3584 1758
3641 284
2576 353
3551 355
3584 463
2451 1420
2570 857
2128 1410
2111 1147
2566 1276
3627 1735
2112 369
2447 658
2448 115
3639 24
2238 711
3583 1597
2537 1167
2571 1263
2243 1347
2566 1861
2254 1526
2534 606
2533 835
2129 842
2127 1194
3552 1301
2452 376
3574 1742
2535 1052
3576 267
3575 688
2571 983
2245 317
3588 5
2244 640
2131 1630
2112 643
2237 1406
2245 293
3640 1639
2535 1351
3637 1989
2132 1829
3633 1871
3577 1225
3366 1516
3021 1900
3097 879
2594 196
2585 1781
3024 1156
2722 1571
3634 1
2590 81
3635 1469
3634 1454
3585 976
3636 827
2594 1090
2925 1248
2925 1805
3097 20
3099 1204
3021 1244
2586 1734
2702 1728
2585 1509
3789 150
3664 229
3098 1449
3655 1232
3662 1017
2934 1202
3099 290
2919 1993
2918 633
3664 1361
3023 210
3025 1166
2590 386
2934 1818
2917 1951
3646 654
2609 725
3653 1523
2926 1368
3023 241
2927 588
3790 437
3665 410
3667 493
2723 911
3652 306
2920 1702
2935 385
2702 286
3660 1481
2919 569
3996 656
2926 1580
3022 1135
3037 1155
3668 9
3669 415
2921 975
2592 896
3775 1107
3661 1831
3649 1188
3101 602
2595 1888
3791 774
2936 155
3647 1613
3771 755
3038 449
3037 892
3039 1896
3102 966
3770 1891
3648 1046
2717 1527
2703 402
3785 666
3775 963
2593 1297
3648 421
2922 417
3676 269
3651 1051
2599 1177
3105 969
3771 769
3671 675
2930 1984
2704 1697
3654 169
3672 1364
2724 884
3689 752
2596 1016
2937 1465
3785 1045
3670 951
2709 297
2597 726
3673 1658
3027 1631
3675 528
2608 1189
3676 1272
3656 551
3776 1962
3674 404
2924 191
2931 108
2601 1114
3040 1678
2939 1991
3033 1306
2932 1075
3029 172
3034 860
2929 480
2933 1681
2600 708
2708 126
2719 182
3031 919
2600 1979
3773 1033
2705 1972
3041 1018
2706 687
3792 232
3030 1103
3032 1081
3103 1783
2607 1260
3779 614
2602 1004
3786 1431
3793 1787
2725 1350
3104 1385
3774 1070
3795 890
2945 1821
2727 1022
3787 1797
2588 34
2720 1105
3784 1724
2588 436
2957 1661
2957 1700
2740 780
3781 626
3782 811
2699 1788
3677 956
3036 372
3103 1460
3657 3
3680 56
2603 1924
3035 275
3777 1149
3688 1434
2589 1456
3688 562
2710 1633
2946 949
2958 47
2947 1550
3783 527
3049 332
3780 1884
2970 1617
3658 1435
2605 1071
2940 1950
3678 1715
3678 907
2606 1733
2726 566
2631 933
2699 1954
3659 1704
3659 1858
3106 1958
3682 1512
2721 1246
3686 1285
2700 1322
3684 438
2940 1407
2734 1275
3108 1396
3685 1201
3051 845
2624 1592
3685 1005
2968 163
2613 1867
2701 1184
2941 802
3796 1471
2610 137
3053 1994
3107 119
3050 1014
3801 1187
3687 713
2615 429
2942 1329
3808 151
2610 1824
2949 1698
3042 1556
3053 943
3051 1785
2962 955
3063 1591
2739 770
3797 846
3799 1741
2963 1890
2616 478
2943 161
3802 881
3803 1092
2728 1975
3713 1335
2735 1834
3809 998
3109 1144
2625 233
3110 1842
2712 1310
3054 1357
3803 1808
2730 1161
3043 1508
2626 406
3804 1988
2622 803
2628 1326
2961 1647
2622 470
2627 1271
2944 80
3069 120
2729 411
2617 923
2960 1773
3044 1534
3052 311
2716 1048
3064 740
2955 1926
2963 428
3113 1505
3710 45
2736 742
2950 38
2618 1815
3694 1031
2619 1948
3062 330
2965 1955
3060 1817
3800 485
3806 248
2965 1581
2611 1076
2731 1034
3690 1943
3691 1298
2711 766
3693 872
3694 1636
2623 368
2621 147
3045 1411
2952 1567
3065 1911
2737 823
2612 149
2629 348
2730 389
2621 1959
3800 880
3807 325
3057 1498
2733 1056
3710 131
2953 1307
3067 1736
2967 1212
3068 504
3058 531
3714 1560
3046 1214
2738 745
3712 1662
2954 381
3709 541
2783 1221
3130 546
2714 367
3068 824
3814 1716
2969 547
2969 776
2954 1689
2649 1619
2715 19
2633 720
2634 748
3114 327
3813 501
2738 1611
3715 1035
3695 918
2632 905
3816 1582
3769 667
3696 461
3047 1362
2741 1179
3997 1745
3711 43
2635 1255
3059 1426
3059 605
2632 139
3048 965
3697 1104
3812 994
2636 1443
2650 201
3810 1445
2982 1586
3115 810
3116 63
2643 1312
3020 1252
2983 718
3815 741
3704 1493
3816 1912
2984 1705
2637 40
2984 1473
2782 932
3817 335
2644 1833
2651 1269
2971 4
3698 294
3727 89
3072 1024
3815 1369
2971 1327
2754 570
3698 1680
3009 897
2986 1037
2987 1025
2989 1514
3830 1479
3699 1616
3117 794
2642 362
3719 1462
3717 511
3724 477
2767 1181
3009 326
2973 1175
3702 1737
2645 650
2657 1820
2972 873
2973 288
3708 1386
2991 469
2990 701
2764 586
2763 58
2755 958
3091 1182
3119 985
3071 671
2765 763
3700 509
2990 624
2647 944
2656 1683
3720 1635
3819 1746
3823 590
3082 800
3819 753
2756 215
3082 94
2742 1240
2743 909
2992 619
3073 1247
3721 1545
3703 1997
2653 1257
3824 676
2640 1152
3010 927
3823 1699
3725 1380
2639 1088
3012 365
3118 1243
2648 1682
3122 1977
3728 42
2757 568
3076 1640
3075 812
3074 1127
2975 1340
2758 1643
3077 488
3118 29
3820 1685
3701 1981
3825 1239
2654 1483
2745 1146
2647 607
3706 516
3723 1418
2976 1015
2655 1618
2766 935
3088 580
3085 497
3827 648
2655 1259
3121 1477
2744 1757
2766 110
3826 1986
2641 176
3726 571
3723 1558
3013 1684
3128 1610
3829 840
2981 796
3821 49
2659 16
3726 1644
3131 1453
2759 822
3829 1667
3083 52
2680 1965
3017 113
2680 1094
2746 1898
3085 1673
3835 247
2749 1007
2666 1549
2977 1971
2682 265
3123 1985
2666 502
3738 101
2683 1291
2681 159
2660 556
3014 1073
3836 1836
2685 950
3740 71
3741 403
3084 1095
3089 234
3090 1910
3008 1157
3001 1041
2752 370
2760 72
2993 1612
2663 432
3084 55
2995 1584
2980 610
3742 960
2695 1922
2658 991
3016 194
3127 1215
3831 512
2686 6
3753 494
3837 519
2661 1274
2661 28
3015 166
3753 59
3124 1395
2694 1529
3754 1109
3002 852
3125 329
3768 1378
2978 750
3003 185
3840 1530
2979 534
2673 1909
2662 515
3125 767
3019 440
3093 665
2670 1475
2762 1091
3080 1492
3838 1241
3743 484
3092 1405
2761 1899
2761 1000
2670 914
3730 456
3094 589
2980 942
2671 600
3743 1751
2997 195
3831 1830
3832 1258
2999 920
3126 611
3840 1038
2664 223
2998 612
3079 731
3006 807
3007 1999
2750 508
2696 1466
2753 50
2672 900
3018 263
3079 489
2753 157
3841 471
3729 1677
2687 178
3000 1874
3851 426
2687 893
3751 1320
3729 797
3092 1173
3004 398
3081 1262
3839 858
2688 1659
3731 1953
2679 344
3762 505
3364 1552
3755 1437
3761 563
2690 1384
3004 1907
3136 1504
3744 1325
3132 1917
3735 206
3849 964
3762 673
3845 392
3252 670
3135 974
3152 357
2677 668
3747 1949
2781 961
3151 968
2676 371
3844 592
2691 500
3253 959
3756 1710
3763 1860
3846 1132
3733 1314
2777 1897
3732 416
3843 520
2675 256
3834 1391
3133 124
3757 1112
2779 79
3759 97
3236 1226
3252 1753
3745 623
3736 1228
2772 1199
2776 1929
3746 862
2678 1840
3734 264
2768 1649
3234 208
3253 558
3221 240
3748 836
2772 1093
3834 1789
3254 1729
3750 1328
3848 1375
3153 1941
3221 1198
3766 15
3752 1803
3156 490
3765 1887
2769 1133
3236 814
2780 445
3235 1763
3758 1589
2692 1646
3848 226
2770 238
2778 696
3765 1190
3154 1768
3735 987
3134 1159
3847 545
2677 1536
3222 1690
3137 775
2771 1722
2693 1719
3365 1885
3995 1009
3152 1585
2678 938
3272 204
2693 1096
2775 346
3854 1195
3910 539
3261 262
3237 453
3140 1672
3262 1125
3256 164
3223 133
3863 277
2800 37
3158 826
2790 1398
3854 112
3225 95
2784 168
3224 681
3862 1053
2916 916
3863 1235
3263 213
2801 1969
3256 870
2803 1825
3238 179
3269 48
2803 1098
3159 1432
3855 343
2806 1290
3910 183
3264 135
3168 100
3856 397
3858 851
3257 866
3226 954
3243 1967
3280 1208
3857 87
3265 997
3267 1717
3167 1506
3268 503
3227 122
3138 928
3229 224
3268 298
2874 1632
3925 1600
2790 868
3260 554
2806 10
2805 1494
3859 1237
3913 1766
3239 543
3160 245
3271 1501
2784 1866
3258 603
2864 1084
3273 414
2863 1273
3233 1371
2791 1227
3138 396
2785 894
3865 1634
3924 514
3244 679
3866 1759
3923 557
3149 92
3141 399
2812 639
3142 1712
2793 1039
2857 393
2864 1313
2865 22
2807 1027
2807 582
3925 1669
3143 1392
2858 1778
3144 186
3162 1331
3251 1060
3166 466
3230 1487
2808 1525
2866 978
2867 1602
3245 982
3914 957
3249 1841
2809 1720
3911 809
3274 439
2794 1862
3148 1628
2869 177
3868 820
3161 391
3145 1250
3146 659
2787 1738
3275 14
3861 573
3873 442
3912 853
3146 1354
3869 1489
3926 1118
2788 1412
3242 1511
2789 1557
3162 930
2862 1428
3915 760
3869 1795
3242 962
3927 291
3276 1528
2789 979
3231 1180
3872 1415
3870 793
2870 230
2815 660
2817 1648
3916 1982
2859 874
3165 703
3163 795
2811 1765
2915 887
2860 181
2810 1960
3860 1142
2871 1059
3860 759
3916 84
3247 761
3278 384
2799 863
2861 283
2873 1791
3277 1213
3248 447
3232 1601
3917 1771
3232 1916
2872 1938
3241 1718
3220 1832
3921 1296
3930 1495
3248 584
3920 1463
3275 467
3929 1486
2814 1927
3928 1595
3177 940
2818 450
3919 144
2819 1138
3931 1216
3178 1663
3877 1355
3362 1731
2819 408
3993 1754
2797 728
3875 433
3319 1100
3169 452
3286 96
2893 62
3315 491
3324 382
2820 577
3288 1541
2795 1267
3962 988
2875 1319
2877 765
3932 781
3883 98
2892 236
3283 259
3285 1668
3287 1218
3327 331
2893 1468
3932 1876
3327 350
2798 314
3878 1513
3313 197
3325 689
3182 1165
2876 249
3933 682
3363 1518
3314 601
3879 1358
3965 1935
3320 538
3934 805
2797 990
3883 1966
3361 209
2821 1747
3169 287
3321 1359
3963 1807
3179 674
3964 1140
3329 1590
3935 637
2894 425
3281 282
3909 657
3966 1172
3909 462
2895 685
3179 567
3180 356
3187 184
3965 744
3882 1219
3972 678
2914 1609
3886 1028
3185 70
2836 1044
2875 187
3881 1197
3172 691
2856 1238
2878 999
3328 1804
3936 1209
3171 361
3291 1323
2824 388
3332 1945
3170 1902
3290 647
2905 1388
3884 762
3938 1574
3323 1444
3186 995
3173 1303
3186 550
3322 1315
3330 901
3317 1904
3284 180
3937 707
3171 906
3944 1740
3885 140
3971 1399
3969 719
3939 285
2825 521
3174 989
3945 1430
3970 278
2896 1150
3318 1485
3969 127
2879 1330
2896 832
3175 1476
2824 167
3290 1333
3195 526
2898 1826
2913 2
3940 1281
3908 733
2900 1121
3948 409
2880 11
2826 1564
2837 1625
3318 1850
2847 202
2827 622
2847 507
3973 1507
3190 276
3889 651
3312 1370
3941 1419
3196 222
3946 1203
3891 1442
3887 1097
3194 871
3992 984
2904 782
3941 801
2883 1767
2884 1637
3352 431
3943 401
3903 130
3210 1974
2838 1726
2881 1847
2828 146
3300 148
2901 1666
3888 1583
3904 638
3979 99
3975 53
3981 57
3975 1796
2839 1777
3197 1764
2885 1739
3192 78
3210 525
2830 496
3197 1654
2840 1211
3300 634
3976 939
3189 1334
3333 934
3189 318
3191 1823
3892 722
3961 1792
2830 444
3978 1707
3193 1373
3334 1964
2848 39
3295 1827
3301 1844
3334 1288
3977 1264
2842 1191
3201 1775
3211 583
3302 1752
2902 618
2902 1137
3346 413
3292 1457
3956 1553
3893 627
3980 271
3982 578
3951 1599
3351 1604
3952 377
3983 1539
2890 1279
3894 1532
3303 786
3982 1877
2846 705
3953 1404
3200 1548
2849 82
3298 1502
3335 1575
3894 830
3199 1280
3336 1872
3353 699
3304 1178
2831 203
3219 1480
2886 200
2887 1164
3954 468
3292 476
3895 217
3354 1925
3203 1686
3299 280
3214 630
3985 1503
2888 142
3340 1730
3355 225
2907 792
3955 613
2843 1220
3360 1881
2835 1012
3304 1113
3994 789
3957 273
2832 189
3213 1061
3306 1920
3955 1079
3990 816
3347 1050
3305 700
2889 1708
2906 986
3905 1292
3337 710
3359 709
3212 136
2912 1816
3217 540
3350 1141
3306 1122
3206 1474
2834 60
2844 424
3906 1774
3898 1421
3986 898
2909 7
3204 1510
3960 854
2850 418
3958 1664
3348 1855
3899 1547
3357 1222
2889 8
2833 364
2851 738
3205 903
3987 1001
2910 1853
3343 885
3960 21
3896 723
2845 165
3338 992
3897 454
3989 44
2855 751
3958 1062
3342 1366
2852 483
3215 1108
3344 1875
3900 1450
3308 1921
3207 615
2912 506
3309 945
3339 598
3987 1317
2853 1363
3901 375
3345 257
2853 1794
3307 559
2911 1565
3989 1158
3356 475
3216 152
3907 313
3310 922
3307 1278
3358 207
3356 1810
3310 1928
3901 924
3207 1123
2911 105
3218 1265
3209 1341
3339 645
2001 2000
2002 2001
2005 2002
2002 2003
2003 2004
2007 2005
2000 2006
2017 2007
2012 2008
2093 2009
2011 2010
2030 2011
2010 2012
2017 2013
2013 2014
2029 2015
2015 2016
2008 2017
2020 2018
2020 2019
2021 2020
2028 2021
2021 2022
2022 2023
2019 2024
2026 2025
2027 2026
2014 2027
2016 2028
2025 2029
2040 2030
2039 2031
2052 2032
2032 2033
2033 2034
2037 2035
2035 2036
2034 2037
2041 2038
2038 2039
2031 2040
2042 2041
2081 2042
2078 2043
2043 2044
2051 2045
2045 2046
2046 2047
2047 2048
2048 2049
2049 2050
2092 2051
2040 2052
2057 2053
2062 2054
2050 2055
2055 2056
2073 2057
2053 2058
2058 2059
2058 2060
2059 2061
2061 2062
2066 2063
2063 2064
2059 2065
2065 2066
2060 2067
2067 2068
2072 2069
2069 2070
2070 2071
2068 2072
2056 2073
2075 2074
2076 2075
2043 2076
2190 2077
2079 2078
2080 2079
2077 2080
2092 2081
2091 2082
2082 2083
2083 2084
2088 2085
2084 2086
2090 2087
2087 2088
2088 2089
2086 2090
2079 2091
2044 2092
2011 2093
2097 2094
2096 2095
2135 2096
2096 2097
2103 2098
2100 2099
2101 2100
2098 2101
2101 2102
2094 2103
2105 2104
2106 2105
2113 2106
2106 2107
2107 2108
2134 2109
2134 2110
2110 2111
2111 2112
2102 2113
2117 2114
2114 2115
2115 2116
2118 2117
2119 2118
2133 2119
2124 2120
2108 2121
2121 2122
2122 2123
2123 2124
2126 2125
2124 2126
2128 2127
2129 2128
2132 2129
2125 2130
2130 2131
2131 2132
2120 2133
2104 2134
2064 2135
2137 2136
2146 2137
2146 2138
2138 2139
2147 2140
2142 2141
2144 2142
2139 2143
2143 2144
2144 2145
2140 2146
2149 2147
2188 2148
2188 2149
2149 2150
2150 2151
2154 2152
2158 2153
2157 2154
2156 2155
2153 2156
2153 2157
2159 2158
2160 2159
2175 2160
2175 2161
2154 2162
2165 2163
2161 2164
2166 2165
2167 2166
2164 2167
2155 2168
2172 2169
2171 2170
2173 2171
2181 2172
2172 2173
2159 2174
2185 2175
2185 2176
2176 2177
2180 2178
2186 2179
2186 2180
2180 2181
2184 2182
2184 2183
2205 2184
2187 2185
2182 2186
2183 2187
2168 2188
2190 2189
2194 2190
2214 2191
2191 2192
2192 2193
2193 2194
2197 2195
2195 2196
2258 2197
2200 2198
2213 2199
2199 2200
2207 2201
2203 2202
2204 2203
2257 2204
2215 2205
2201 2206
2198 2207
2201 2208
2382 2209
2209 2210
2210 2211
2382 2212
2202 2213
2213 2214
2206 2215
2229 2216
2216 2217
2217 2218
2218 2219
2219 2220
2220 2221
2219 2222
2225 2223
2226 2224
2224 2225
2227 2226
2228 2227
2256 2228
2225 2229
2231 2230
2232 2231
2233 2232
2234 2233
2235 2234
2236 2235
2255 2236
2244 2237
2237 2238
2233 2239
2239 2240
2246 2241
2241 2242
2242 2243
2246 2244
2238 2245
2240 2246
2251 2247
2247 2248
2248 2249
2249 2250
2253 2251
2251 2252
2254 2253
3366 2254
2252 2255
2247 2256
2223 2257
2192 2258
2260 2259
2266 2260
2265 2261
2272 2262
2268 2263
2269 2264
2267 2265
2261 2266
2263 2267
2323 2268
2298 2269
2263 2270
2270 2271
2266 2272
2282 2273
2294 2274
2274 2275
2282 2276
2276 2277
2277 2278
2278 2279
2279 2280
2271 2281
2283 2282
2284 2283
2275 2284
2295 2285
2281 2286
2294 2287
2287 2288
2293 2289
2293 2290
2288 2291
2289 2292
2291 2293
2285 2294
2286 2295
2297 2296
2264 2297
2299 2298
2310 2299
2302 2300
2303 2301
2303 2302
2304 2303
2305 2304
2311 2305
2310 2306
2306 2307
2307 2308
2308 2309
2301 2310
2312 2311
2315 2312
2314 2313
2322 2314
2314 2315
2317 2316
2389 2317
2336 2318
2318 2319
2347 2320
2313 2321
2316 2322
2296 2323
2327 2324
2328 2325
2325 2326
2326 2327
2331 2328
2332 2329
2348 2330
2348 2331
2333 2332
2334 2333
2335 2334
2339 2335
2340 2336
2338 2337
2319 2338
2338 2339
2321 2340
2346 2341
2341 2342
2342 2343
2366 2344
2342 2345
2337 2346
2340 2347
2329 2348
2350 2349
2358 2350
2359 2351
2349 2352
2354 2353
2352 2354
2353 2355
2355 2356
2356 2357
2351 2358
2365 2359
2344 2360
2360 2361
2361 2362
2362 2363
2363 2364
2344 2365
2343 2366
2319 2367
2369 2368
2371 2369
2374 2370
2372 2371
2373 2372
2370 2373
2378 2374
2379 2375
2377 2376
2379 2377
2388 2378
2393 2379
2584 2380
2380 2381
2208 2382
2584 2383
2383 2384
2386 2385
2387 2386
2384 2387
2381 2388
2390 2389
2391 2390
2583 2391
2397 2392
2378 2393
2398 2394
2394 2395
2395 2396
2375 2397
2397 2398
2422 2399
2399 2400
2400 2401
2401 2402
2402 2403
2403 2404
2401 2405
2415 2406
2414 2407
2409 2408
2406 2409
2414 2410
2407 2411
2413 2412
2408 2413
2412 2414
2404 2415
2417 2416
2582 2417
2419 2418
2420 2419
2421 2420
2455 2421
2386 2422
2411 2423
2425 2424
2423 2425
2425 2426
2428 2427
2429 2428
2430 2429
2433 2430
2426 2431
2444 2432
2434 2433
2432 2434
2441 2435
2437 2436
2438 2437
2439 2438
2440 2439
2435 2440
2442 2441
2431 2442
2435 2443
2442 2444
2446 2445
2454 2446
2454 2447
2445 2448
2452 2449
2447 2450
2450 2451
2451 2452
2434 2453
2453 2454
2411 2455
2464 2456
2458 2457
2459 2458
2465 2459
2456 2460
2462 2461
2460 2462
2460 2463
2457 2464
2469 2465
2469 2466
2470 2467
2470 2468
2471 2469
2482 2470
2468 2471
2473 2472
2417 2473
2477 2474
2481 2475
2475 2476
2476 2477
2475 2478
2477 2479
2478 2480
2473 2481
2474 2482
2485 2483
2485 2484
2490 2485
2487 2486
2502 2487
2484 2488
2488 2489
2486 2490
2517 2491
2491 2492
2492 2493
2496 2494
2500 2495
2495 2496
2496 2497
2497 2498
2514 2499
2493 2500
2499 2501
2503 2502
2504 2503
2516 2504
2506 2505
2508 2506
2506 2507
2515 2508
2505 2509
2512 2510
2507 2511
2511 2512
2512 2513
2498 2514
2501 2515
2509 2516
2467 2517
2519 2518
2522 2519
2524 2520
2522 2521
2520 2522
2547 2523
2547 2524
2544 2525
2536 2526
2538 2527
2526 2528
2528 2529
2529 2530
2532 2531
2533 2532
2534 2533
2530 2534
2532 2535
2521 2536
2527 2537
2536 2538
2540 2539
2581 2540
2542 2541
2539 2542
2542 2543
2543 2544
2525 2545
2545 2546
2546 2547
2551 2548
2552 2549
2551 2550
2549 2551
2562 2552
2552 2553
2553 2554
2554 2555
2555 2556
2556 2557
2557 2558
2561 2559
2559 2560
2558 2561
2563 2562
2543 2563
2578 2564
2564 2565
2565 2566
2569 2567
2567 2568
2577 2569
2569 2570
2570 2571
2573 2572
2574 2573
2579 2574
2574 2575
2575 2576
2576 2577
2568 2578
2557 2579
2545 2580
2499 2581
2418 2582
2392 2583
2212 2584
2586 2585
2587 2586
2609 2587
2589 2588
2587 2589
2591 2590
2592 2591
2593 2592
2608 2593
2595 2594
2597 2595
2599 2596
2598 2597
2601 2598
2598 2599
2603 2600
2607 2601
2604 2602
2606 2603
2631 2604
2604 2605
2605 2606
2602 2607
2596 2608
2591 2609
2612 2610
2623 2611
2611 2612
2625 2613
2624 2614
2614 2615
2615 2616
2630 2617
2619 2618
2620 2619
2617 2620
2620 2621
2630 2622
2618 2623
2613 2624
2626 2625
2627 2626
2628 2627
2629 2628
2697 2629
2616 2630
2614 2631
2633 2632
2634 2633
2635 2634
2636 2635
2638 2636
2644 2637
2637 2638
2648 2639
2639 2640
2640 2641
2638 2642
2646 2643
2643 2644
2657 2645
2645 2646
2646 2647
2642 2648
2697 2649
2649 2650
2652 2651
2650 2652
2656 2653
2653 2654
2654 2655
2652 2656
2651 2657
2665 2658
2641 2659
2658 2660
2660 2661
2696 2662
2662 2663
2663 2664
2659 2665
2668 2666
2668 2667
2669 2668
2673 2669
2667 2670
2669 2671
2671 2672
2664 2673
2679 2674
2674 2675
2675 2676
2676 2677
2674 2678
2672 2679
2685 2680
2686 2681
2681 2682
2682 2683
2683 2684
2684 2685
2695 2686
2688 2687
2690 2688
2694 2689
2689 2690
2689 2691
2691 2692
2692 2693
2684 2694
2667 2695
2665 2696
2783 2697
2707 2698
2707 2699
2701 2700
2712 2701
2703 2702
2704 2703
2709 2704
2706 2705
2710 2706
2705 2707
2698 2708
2698 2709
2700 2710
2714 2711
2713 2712
2716 2713
2715 2714
2741 2715
2711 2716
2723 2717
2717 2718
2718 2719
2721 2720
2740 2721
2718 2722
2724 2723
2727 2724
2719 2725
2725 2726
2720 2727
2731 2728
2728 2729
2729 2730
2732 2731
2733 2732
2737 2733
2726 2734
2739 2735
2735 2736
2736 2737
2732 2738
2734 2739
2708 2740
2782 2741
2743 2742
2744 2743
2747 2744
2749 2745
2747 2746
2752 2747
2757 2748
2746 2749
2781 2750
2750 2751
2751 2752
2751 2753
2756 2754
2754 2755
2748 2756
2767 2757
2748 2758
2758 2759
2759 2760
2762 2761
2760 2762
2755 2763
2763 2764
2764 2765
2765 2766
2745 2767
2769 2768
2774 2769
2773 2770
2780 2771
2773 2772
2771 2773
2770 2774
2774 2775
3132 2776
2776 2777
2779 2778
2777 2779
3365 2780
2768 2781
2742 2782
2713 2783
2786 2784
2792 2785
2793 2786
2794 2787
2787 2788
2788 2789
2791 2790
2785 2791
2799 2792
2792 2793
2786 2794
2823 2795
2823 2796
2796 2797
2821 2798
2795 2799
2775 2800
2916 2801
2805 2802
2804 2803
2801 2804
2804 2805
2802 2806
2808 2807
2809 2808
2810 2809
2811 2810
2813 2811
2802 2812
2815 2813
2813 2814
2822 2815
2822 2816
2816 2817
2817 2818
2820 2819
2818 2820
2814 2821
2812 2822
2798 2823
2826 2824
2827 2825
2825 2826
2828 2827
2829 2828
2831 2829
2829 2830
2835 2831
2845 2832
2855 2833
2833 2834
2832 2835
2796 2836
2856 2837
2839 2838
2837 2839
2838 2840
2848 2841
2841 2842
2846 2843
2834 2844
2844 2845
2841 2846
2854 2847
2840 2848
2854 2849
2849 2850
2850 2851
2851 2852
2852 2853
2842 2854
2843 2855
2836 2856
2858 2857
2874 2858
2915 2859
2861 2860
2862 2861
2816 2862
2865 2863
2863 2864
2868 2865
2857 2866
2866 2867
2867 2868
2868 2869
2869 2870
2870 2871
2873 2872
2871 2873
2859 2874
2876 2875
2877 2876
2878 2877
2879 2878
2882 2879
2881 2880
2883 2881
2913 2882
2882 2883
2880 2884
2884 2885
2887 2886
2890 2887
2886 2888
2888 2889
2885 2890
2872 2891
2891 2892
2891 2893
2892 2894
2894 2895
2897 2896
2905 2897
2897 2898
2898 2899
2899 2900
2904 2901
2903 2902
2901 2903
2899 2904
2914 2905
2908 2906
2903 2907
2907 2908
2908 2909
2909 2910
2910 2911
2906 2912
2900 2913
2895 2914
2860 2915
2800 2916
2920 2917
2917 2918
2918 2919
2921 2920
2922 2921
2932 2922
2939 2923
2923 2924
2928 2925
2927 2926
2928 2927
2930 2928
2931 2929
2938 2930
2938 2931
2929 2932
2924 2933
2935 2934
2936 2935
2937 2936
2933 2937
2923 2938
2945 2939
2941 2940
2942 2941
2943 2942
2955 2943
2956 2944
2948 2945
2947 2946
2948 2947
2970 2948
2956 2949
2951 2950
2952 2951
2982 2952
2951 2953
2953 2954
2944 2955
2950 2956
2958 2957
2968 2958
2962 2959
2961 2960
2966 2961
2946 2962
2964 2963
2960 2964
2964 2965
2959 2966
2966 2967
2959 2968
2967 2969
2949 2970
2974 2971
2975 2972
2974 2973
2972 2974
2976 2975
2981 2976
2996 2977
2977 2978
2978 2979
2979 2980
2996 2981
3020 2982
2985 2983
2985 2984
2988 2985
2987 2986
2988 2987
2991 2988
2986 2989
2989 2990
2992 2991
3008 2992
2994 2993
2997 2994
2994 2995
3019 2996
2999 2997
3006 2998
3000 2999
2998 3000
3002 3001
3016 3002
3001 3003
3150 3004
3003 3005
3007 3006
3005 3007
2993 3008
3010 3009
3011 3010
3012 3011
3075 3012
3011 3013
3017 3014
3018 3015
3015 3016
3013 3017
3014 3018
2995 3019
2983 3020
3025 3021
3026 3022
3026 3023
3022 3024
3024 3025
3027 3026
3031 3027
3035 3028
3032 3029
3028 3030
3036 3031
3028 3032
3041 3033
3029 3034
3049 3035
3030 3036
3038 3037
3039 3038
3040 3039
3033 3040
3034 3041
3070 3042
3070 3043
3061 3044
3044 3045
3045 3046
3046 3047
3047 3048
3050 3049
3042 3050
3061 3051
3056 3052
3054 3053
3055 3054
3069 3055
3055 3056
3060 3057
3057 3058
3058 3059
3056 3060
3043 3061
3067 3062
3062 3063
3063 3064
3064 3065
3065 3066
3130 3067
3066 3068
3066 3069
3052 3070
3078 3071
3048 3072
3096 3073
3076 3074
3131 3075
3071 3076
3073 3077
3077 3078
3081 3079
3078 3080
3080 3081
3087 3082
3095 3083
3083 3084
3087 3085
3088 3086
3086 3087
3095 3088
3086 3089
3089 3090
3096 3091
3094 3092
3090 3093
3093 3094
3091 3095
3072 3096
3098 3097
3100 3098
3100 3099
3101 3100
3105 3101
3111 3102
3104 3103
3111 3104
3102 3105
3107 3106
3108 3107
3109 3108
3110 3109
3112 3110
3106 3111
3129 3112
3690 3113
3997 3114
3129 3115
3115 3116
3116 3117
3119 3118
3120 3119
3121 3120
3128 3121
3117 3122
3120 3123
3127 3124
3126 3125
3124 3126
3123 3127
3122 3128
3997 3129
3114 3130
3074 3131
3133 3132
3135 3133
3137 3134
3136 3135
3134 3136
3140 3137
3148 3138
3144 3139
3147 3140
3149 3141
3141 3142
3142 3143
3143 3144
3139 3145
3139 3146
3168 3147
3145 3148
3147 3149
3364 3150
3150 3151
3153 3152
3156 3153
3155 3154
3151 3155
3155 3156
3158 3157
3154 3158
3157 3159
3157 3160
3166 3161
3165 3162
3164 3163
3161 3164
3220 3165
3160 3166
3159 3167
3167 3168
3176 3169
3181 3170
3176 3171
3188 3172
3188 3173
3173 3174
3174 3175
3172 3176
3163 3177
3177 3178
3181 3179
3187 3180
3180 3181
3178 3182
3182 3183
3183 3184
3184 3185
3185 3186
3184 3187
3170 3188
3190 3189
3191 3190
3192 3191
3193 3192
3200 3193
3198 3194
3175 3195
3195 3196
3194 3197
3196 3198
3219 3199
3202 3200
3198 3201
3199 3202
3202 3203
3208 3204
3208 3205
3205 3206
3206 3207
3203 3208
3204 3209
3211 3210
3214 3211
3215 3212
3217 3213
3213 3214
3218 3215
3209 3216
3212 3217
3216 3218
3201 3219
3164 3220
3222 3221
3223 3222
3224 3223
3225 3224
3226 3225
3227 3226
3228 3227
3229 3228
3238 3229
3251 3230
3230 3231
3231 3232
3228 3233
3237 3234
3234 3235
3235 3236
3250 3237
3250 3238
3240 3239
3241 3240
3249 3241
3240 3242
3280 3243
3243 3244
3246 3245
3244 3246
3246 3247
3247 3248
3245 3249
3239 3250
3233 3251
3254 3252
3255 3253
3255 3254
3272 3255
3259 3256
3258 3257
3259 3258
3260 3259
3271 3260
3262 3261
3263 3262
3269 3263
3266 3264
3266 3265
3267 3266
3270 3267
3265 3268
3264 3269
3273 3270
3270 3271
3261 3272
3274 3273
3278 3274
3276 3275
3277 3276
3279 3277
3279 3278
3362 3279
3257 3280
3282 3281
3283 3282
3363 3283
3291 3284
3281 3285
3285 3286
3286 3287
3287 3288
3288 3289
3289 3290
3282 3291
3293 3292
3299 3293
3298 3294
3312 3295
3302 3296
3295 3297
3297 3298
3294 3299
3301 3300
3296 3301
3297 3302
3296 3303
3303 3304
3294 3305
3293 3306
3309 3307
3305 3308
3311 3309
3311 3310
3308 3311
3284 3312
3315 3313
3313 3314
3316 3315
3361 3316
3323 3317
3317 3318
3320 3319
3314 3320
3319 3321
3321 3322
3316 3323
3325 3324
3326 3325
3329 3326
3326 3327
3332 3328
3331 3329
3331 3330
3328 3331
3322 3332
3335 3333
3333 3334
3336 3335
3340 3336
3344 3337
3337 3338
3338 3339
3341 3340
3359 3341
3345 3342
3341 3343
3342 3344
3343 3345
3355 3346
3348 3347
3349 3348
3346 3349
3349 3350
3354 3351
3330 3352
3351 3353
3352 3354
3360 3355
3358 3356
3350 3357
3357 3358
3347 3359
3353 3360
3289 3361
3324 3362
3183 3363
3005 3364
2778 3365
2722 3366
3377 3367
3367 3368
3368 3369
3369 3370
3372 3371
3375 3372
3382 3373
3376 3374
3374 3375
3373 3376
3375 3377
3388 3378
3384 3379
3381 3380
3379 3381
3392 3382
3379 3383
3378 3384
3392 3385
3389 3386
3391 3387
3391 3388
3390 3389
3387 3390
3429 3391
3383 3392
3409 3393
3411 3394
3409 3395
3395 3396
3396 3397
3397 3398
3401 3399
3398 3400
3400 3401
3401 3402
3405 3403
3405 3404
3407 3405
3404 3406
3414 3407
3412 3408
3394 3409
3412 3410
3410 3411
3426 3412
3425 3413
3408 3414
3416 3415
3424 3416
3418 3417
3419 3418
3420 3419
3421 3420
3422 3421
3423 3422
3502 3423
3417 3424
3415 3425
3413 3426
3428 3427
3435 3428
3460 3429
3433 3430
3446 3431
3431 3432
3432 3433
3433 3434
3436 3435
3434 3436
3438 3437
3459 3438
3437 3439
3439 3440
3440 3441
3445 3442
3442 3443
3443 3444
3439 3445
3458 3446
3450 3447
3451 3448
3457 3449
3452 3450
3450 3451
3449 3452
3449 3453
3456 3454
3454 3455
3453 3456
3441 3457
3447 3458
3426 3459
3430 3460
3462 3461
3474 3462
3462 3463
3463 3464
3464 3465
3471 3466
3466 3467
3467 3468
3470 3469
3473 3470
3473 3471
3469 3472
3483 3473
3471 3474
3482 3475
3475 3476
3479 3477
3481 3478
3478 3479
3479 3480
3491 3481
3477 3482
3492 3483
3485 3484
3492 3485
3480 3486
3489 3487
3490 3488
3488 3489
3493 3490
3487 3491
3486 3492
3455 3493
3496 3494
3506 3495
3501 3496
3508 3497
3509 3498
3500 3499
3513 3500
3498 3501
3503 3502
3504 3503
3506 3504
3507 3505
3505 3506
3509 3507
3495 3508
3499 3509
3511 3510
3517 3511
3514 3512
3518 3513
3515 3514
3516 3515
3558 3516
3518 3517
3512 3518
3520 3519
3522 3520
3526 3521
3527 3522
3538 3523
3497 3524
3521 3525
3522 3526
3523 3527
3537 3528
3537 3529
3527 3530
3529 3531
3531 3532
3532 3533
3533 3534
3528 3535
3535 3536
3530 3537
3524 3538
3542 3539
3541 3540
3554 3541
3540 3542
3546 3543
3545 3544
3553 3545
3545 3546
3548 3547
3549 3548
3550 3549
3551 3550
3552 3551
3575 3552
3547 3553
3543 3554
3556 3555
3571 3556
3563 3557
3555 3558
3571 3559
3559 3560
3557 3561
3566 3562
3562 3563
3557 3564
3564 3565
3567 3566
3569 3567
3610 3568
3568 3569
3567 3570
3565 3571
3586 3572
3582 3573
3586 3574
3576 3575
3577 3576
3588 3577
3587 3578
3581 3579
3578 3580
3580 3581
3579 3582
3579 3583
3585 3584
3583 3585
3573 3586
3560 3587
3574 3588
3555 3589
3591 3590
3592 3591
3593 3592
3595 3593
3607 3594
3599 3595
3594 3596
3598 3597
3606 3598
3600 3599
3603 3600
3602 3601
3604 3602
3602 3603
3605 3604
3606 3605
3614 3606
3599 3607
3624 3608
3643 3609
3644 3610
3643 3611
3611 3612
3612 3613
3615 3614
3608 3615
3617 3616
3619 3617
3617 3618
3623 3619
3622 3620
3622 3621
3628 3622
3620 3623
3616 3624
3641 3625
3625 3626
3626 3627
3642 3628
3638 3629
3631 3630
3640 3631
3631 3632
3637 3633
3635 3634
3636 3635
3633 3636
3627 3637
3639 3638
3632 3639
3789 3640
3638 3641
3629 3642
3624 3643
3609 3644
3503 3645
3653 3646
3655 3647
3649 3648
3650 3649
3647 3650
3650 3651
3646 3652
3654 3653
3689 3654
3652 3655
3651 3656
3656 3657
3657 3658
3658 3659
3665 3660
3663 3661
3661 3662
3660 3663
3666 3664
3666 3665
3667 3666
3668 3667
3669 3668
3671 3669
3677 3670
3772 3671
3670 3672
3772 3673
3673 3674
3674 3675
3663 3676
3680 3677
3683 3678
3684 3679
3681 3680
3682 3681
3679 3682
3713 3683
3686 3684
3687 3685
3683 3686
3679 3687
3681 3688
3662 3689
3112 3690
3113 3691
3691 3692
3692 3693
3693 3694
3709 3695
3695 3696
3696 3697
3700 3698
3705 3699
3701 3700
3702 3701
3703 3702
3699 3703
3697 3704
3704 3705
3708 3706
3718 3707
3722 3708
3692 3709
3711 3710
3712 3711
3714 3712
3716 3713
3715 3714
3716 3715
3769 3716
3707 3717
3719 3718
3722 3719
3717 3720
3720 3721
3705 3722
3728 3723
3725 3724
3721 3725
3724 3726
3707 3727
3718 3728
3730 3729
3731 3730
3737 3731
3737 3732
3732 3733
3733 3734
3734 3735
3752 3736
3736 3737
3740 3738
3706 3739
3739 3740
3739 3741
3738 3742
3741 3743
3751 3744
3758 3745
3767 3746
3748 3747
3749 3748
3746 3749
3747 3750
3768 3751
3750 3752
3754 3753
3755 3754
3761 3755
3760 3756
3745 3757
3760 3758
3767 3759
3759 3760
3756 3761
3764 3762
3757 3763
3763 3764
3766 3765
3764 3766
3744 3767
3742 3768
3727 3769
3853 3770
3770 3771
3672 3772
3853 3773
3777 3774
3776 3775
3778 3776
3773 3777
3774 3778
3788 3779
3786 3780
3784 3781
3781 3782
3782 3783
3788 3784
3794 3785
3787 3786
3794 3787
3778 3788
3790 3789
3996 3790
3795 3791
3779 3792
3792 3793
3793 3794
3780 3795
3783 3796
3798 3797
3796 3798
3798 3799
3809 3800
3802 3801
3808 3802
3804 3803
3805 3804
3801 3805
3805 3806
3806 3807
3797 3808
3799 3809
3852 3810
3852 3811
3811 3812
3812 3813
3807 3814
3813 3815
3817 3816
3810 3817
3830 3818
3818 3819
3822 3820
3822 3821
3818 3822
3824 3823
3826 3824
3820 3825
3827 3826
3828 3827
3825 3828
3821 3829
3811 3830
3832 3831
3850 3832
3849 3833
3850 3834
3828 3835
3835 3836
3836 3837
3837 3838
3841 3839
3839 3840
3842 3841
3838 3842
3833 3843
3833 3844
3844 3845
3847 3846
3843 3847
3845 3848
3851 3849
3846 3850
3842 3851
3814 3852
3675 3853
3855 3854
3858 3855
3857 3856
3874 3857
3864 3858
3864 3859
3861 3860
3859 3861
3995 3862
3866 3863
3856 3864
3874 3865
3867 3866
3865 3867
3867 3868
3870 3869
3871 3870
3872 3871
3873 3872
3868 3873
3862 3874
3876 3875
3877 3876
3871 3877
3876 3878
3880 3879
3878 3880
3885 3881
3881 3882
3884 3883
3879 3884
3880 3885
3875 3886
3890 3887
3890 3888
3908 3889
3889 3890
3887 3891
3891 3892
3888 3893
3893 3894
3892 3895
3907 3896
3899 3897
3895 3898
3902 3899
3902 3900
3900 3901
3898 3902
3904 3903
3994 3904
3906 3905
3896 3906
3897 3907
3882 3908
3886 3909
3913 3910
3912 3911
3918 3912
3914 3913
3918 3914
3911 3915
3915 3916
3919 3917
3917 3918
3931 3919
3930 3920
3922 3921
3993 3922
3926 3923
3923 3924
3924 3925
3927 3926
3928 3927
3929 3928
3920 3929
3921 3930
3922 3931
3934 3932
3935 3933
3933 3934
3936 3935
3949 3936
3938 3937
3939 3938
3940 3939
3942 3940
3942 3941
3943 3942
3903 3943
3949 3944
3944 3945
3948 3946
3946 3947
3945 3948
3937 3949
3952 3950
3953 3951
3956 3952
3950 3953
3950 3954
3954 3955
3947 3956
3959 3957
3957 3958
3947 3959
3951 3960
3959 3961
3963 3962
3964 3963
3967 3964
3966 3965
3967 3966
3972 3967
3970 3968
3968 3969
3974 3970
3973 3971
3974 3972
3992 3973
3971 3974
3976 3975
3977 3976
3978 3977
3984 3978
3968 3979
3991 3980
3980 3981
3981 3982
3991 3983
3979 3984
3983 3985
3990 3986
3988 3987
3986 3988
3988 3989
3985 3990
3984 3991
3961 3992
3962 3993
3905 3994
3749 3995
3791 3996
