steiner points
406 108
334 108
227 108
92 280
41 280
967 30
735 92
967 207
953 223
858 223
735 223
895 418
858 303
1144 207
1386 260
1210 267
1210 267
1339 267
1022 207
546 92
189 617
572 692
572 737
468 737
271 729
657 1126
760 1126
657 748
472 1435
311 1435
173 1435
472 1470
817 1451
610 1484
798 1493
683 1493
683 1574
683 1566
984 1114
817 1126
1355 665
1444 680
1392 680
1392 804
1348 834
1280 935
1280 959
1176 961
1348 875
1507 1087
1330 1110
1039 1102
1176 1102
1176 1032
1190 1198
1190 1382
1106 1488
1190 1110
817 1230
1210 487
161 1911
704 1782
483 1827
485 1827
485 2056
395 2072
463 2072
485 2072
300 2065
463 2122
456 2406
456 2518
676 2518
46 2639
410 2705
410 2712
410 2893
238 3021
676 2395
732 2395
676 2496
512 2518
410 2639
456 2364
1106 1623
1259 1885
1106 1774
1106 1885
1103 1947
1103 1961
988 2145
915 2160
1103 2077
1338 2317
1338 2356
1338 2389
1340 2427
1340 2545
1103 2145
1338 2151
1017 2847
1340 2745
1340 2750
1340 2788
1256 2847
1256 2998
1256 3007
1017 2891
1340 2577
844 2287
378 3438
318 3559
152 3559
188 3559
464 3438
965 3614
991 3510
559 3438
693 3438
632 3938
705 3724
188 3778
1161 3267
1179 3385
1185 3449
711 3614
1025 3510
1248 3515
1185 3515
761 3614
1185 3392
1405 3337
1112 3515
1374 3515
1265 3754
1218 3754
1057 3754
1465 3817
1351 3817
1265 3817
1265 3827
965 3726
711 3670
1017 3031
1103 1898
1976 60
2074 60
1976 269
1976 361
2046 501
2159 501
2046 614
1816 708
1653 708
1521 708
2438 251
2245 392
2438 392
2646 401
2791 403
2996 403
2996 622
2996 736
2984 739
2984 895
2729 401
3634 142
3496 142
3369 142
3315 421
3357 421
3369 421
3304 624
3304 769
3406 805
3746 639
3567 885
3406 885
3304 622
3173 622
1839 1165
1857 1165
1839 1174
1839 1249
1810 1263
1810 1339
1903 1106
2012 1106
2012 1207
2364 1210
2382 1315
2364 1315
2551 1295
2382 1410
2611 1178
2583 1279
2444 1315
2012 1210
1875 1657
2109 1657
1808 1754
1808 1912
1808 2109
2264 1488
2196 1751
2196 1812
2606 1821
2606 1716
2606 1786
2474 1845
2196 1986
2334 1986
2491 2167
2474 1986
1808 1657
2196 1657
2984 1039
2934 1094
3107 1245
3530 1291
3321 1291
3117 1291
3530 1312
3220 1916
3220 1983
3035 1984
3108 1984
3035 2146
3035 2243
3530 1488
3558 1798
3587 1830
3587 2064
3587 2154
3364 1795
3530 1795
2691 1094
2984 1094
4262 185
4359 185
4652 185
4972 185
4262 81
4753 185
5016 161
4262 225
3951 470
4098 470
4262 309
3927 752
3892 470
4304 530
4584 744
4665 744
3892 639
4135 962
3942 831
4097 962
4514 744
4323 649
4323 597
4801 744
4229 991
4408 1134
4410 1134
4423 1134
4498 1134
4757 1173
4293 1134
4262 470
4576 1490
4495 1490
4423 1490
4423 1523
4423 1561
4423 1618
4015 1852
4212 1766
4161 1852
4161 1903
4179 2164
4522 2165
4620 2165
4522 2226
4161 1984
4423 1721
5012 1702
5012 1892
5012 1962
4217 2165
4870 2165
4870 2182
4423 1344
3682 885
1684 2841
1763 2966
1778 2966
1896 2966
1763 3023
2035 2857
2063 2857
2035 2921
2029 2966
2035 2966
2253 2857
2246 2857
2142 2857
2380 2857
1684 2966
1892 3232
2016 3258
1996 3258
1893 3258
1893 3358
1799 3111
2921 2398
2912 2485
2912 2512
3003 2512
3083 2512
3110 2512
2559 2654
2559 2997
2871 3041
2737 3041
3028 3152
2891 3270
2891 3152
2777 3270
3167 2985
3000 3152
3144 3152
3167 3152
3436 3236
3296 3236
3287 3236
2777 3388
2559 2923
2451 2923
1702 3664
2022 3674
1996 3674
1911 3664
2022 3690
2022 3872
1999 3942
1940 3674
2360 3714
2419 3714
2563 3714
2606 3714
2706 3714
2706 3800
2706 3923
3164 3873
3152 3938
2853 3938
2233 3690
2777 3553
3803 2607
3695 2805
3803 2805
3539 2814
3803 2637
3590 2805
3840 2876
3840 3060
4003 3060
4035 3015
3572 2814
4242 3188
3520 3233
3834 3147
4035 3060
4133 3344
4165 3473
4165 3709
3991 3825
3725 3233
4486 2596
4343 2804
4429 2804
5000 2512
5024 2512
4996 2512
4801 2670
4801 2965
4698 2512
4964 2512
4801 2512
5024 2706
4793 2512
4601 2516
4684 3145
4457 3252
4684 3009
4840 3145
4920 3145
4267 3252
5001 3264
4613 3283
4613 3437
4378 3252
4742 3469
4661 3660
4661 3750
4621 3882
4742 3657
4613 3252
4133 3188
3185 3236
2930 2330
2046 708
585 4149
277 4143
585 4048
422 4149
55 4500
19 4576
422 4475
422 4500
422 4571
494 4609
671 4609
701 4609
494 4733
233 4500
422 4207
494 5054
231 5251
586 5179
231 5306
586 5297
468 5448
352 5448
231 5448
586 5448
494 4919
1075 4258
1399 4296
1275 4296
1122 4296
1075 4296
1026 4296
957 4296
1122 4504
1122 4609
1273 4645
888 4609
1011 4609
1122 4419
1742 4237
1638 4373
1638 4311
1638 4576
1773 4576
1794 4611
1850 4611
1782 4611
1427 4311
1037 4860
1156 4860
986 4975
986 4996
986 5124
1022 5219
1022 5326
1022 5358
1591 5521
1590 5521
1022 5356
1591 5207
1884 5207
1591 5240
1591 5459
1339 5521
1188 5521
1022 5521
1778 5639
1156 4645
817 4609
2520 4178
2706 4178
2706 4268
2706 4289
2649 4291
2152 4735
2528 4926
2152 4915
2045 4915
2649 4492
2775 4492
2785 4475
2775 4711
2775 4753
2353 4926
2575 4984
2775 4814
2775 4984
2775 5048
2353 5084
2649 4318
2310 5226
2310 5379
2247 5379
2449 5380
2470 5609
2417 5432
2417 5609
2679 5609
2968 5448
2749 5604
2856 5604
2930 5604
2310 5633
2417 5380
3204 4193
3204 4312
3423 4343
3423 4447
3385 4447
3204 4447
3385 4699
3376 4760
3084 4850
3085 5008
3376 4983
3394 4983
3320 5008
3385 4629
3776 4295
3776 4307
4064 4216
3916 4295
3776 4604
3776 4610
3776 4793
3621 4872
3972 4793
4075 4793
4185 4793
4268 4793
3851 4793
3724 4872
3570 4983
3320 5157
3320 5224
3320 5431
3464 5468
3587 5468
3320 5583
3603 5420
3320 5468
3320 5661
3648 5420
3941 5420
4121 5420
3320 5259
3058 4753
4549 4158
4549 4184
4549 4205
4764 4205
4817 4205
4821 4303
4448 4414
4873 4335
5055 4376
4448 4524
4770 4737
4448 4610
4448 4832
4726 4860
4503 4860
4503 4939
4554 5201
4611 5311
4554 5311
4500 5347
5088 5181
4874 5262
4811 5471
4811 5311
5088 5262
5086 5262
4655 5311
4503 5162
4294 4832
1911 4915
422 4299
5817 67
5515 241
5817 131
5587 241
5447 416
5447 524
5711 67
5587 67
5872 334
5957 338
6006 344
6286 382
5447 246
5295 856
5295 908
5325 908
5351 908
5558 701
5472 701
5472 765
5472 908
5461 908
5351 1031
5305 1113
5305 1175
5305 1280
5449 1280
5305 1337
5305 1428
6021 1193
5755 1193
5644 1280
5351 1099
6086 1193
6119 1193
6130 1193
6552 1171
6261 1243
6261 1382
6326 1193
6261 1193
6481 1193
5755 1280
5528 945
6923 135
6923 271
6923 393
7044 581
6961 581
7061 772
7166 924
7367 924
6938 978
7367 770
7367 834
7075 924
7367 997
7385 1058
7459 1302
7075 978
7044 661
6481 1221
5769 1679
5762 1709
5650 1709
5974 1729
5866 1729
5762 1729
6123 1762
5944 2116
5442 2302
5520 2302
5918 2216
5762 2149
5918 2149
5987 2116
5803 2149
5762 1939
5552 2265
5762 2265
6027 2547
6201 2547
5660 2565
5660 2661
5504 2661
5677 2665
5832 2547
5762 2547
5293 3028
5473 3059
5677 2885
5435 3059
5828 3089
5985 3089
5677 3059
5761 3169
5744 3106
5744 3089
5762 2511
6528 1644
6460 1644
6481 1644
6424 1644
6460 1865
6541 1894
6679 1894
6808 1894
6470 1935
6445 1936
6460 1822
6888 1883
6944 1883
7005 2058
7088 2084
7410 1829
7410 2020
7005 2084
7388 2181
7410 2181
7632 2247
7169 2181
6470 1894
6477 2783
6675 2543
7252 2504
7102 2504
6675 2577
6624 2666
6675 2666
6201 2763
6477 3115
6683 3153
6509 2783
6943 2504
6804 2504
7402 2504
7276 2621
7255 2504
7496 2571
7496 2579
7496 2692
7496 2698
7496 3019
7483 2352
7555 3100
7276 2504
7483 2504
6327 2783
6481 1529
7864 264
7719 264
7761 530
7761 591
7761 857
7748 869
8078 192
7761 264
8170 515
8187 515
8357 512
8361 754
8298 754
8187 754
8170 915
8134 926
8134 1024
8134 1111
8396 1129
8187 577
8287 754
8078 264
8904 165
8904 301
9034 326
9066 326
8865 439
8690 466
9097 522
8904 326
8766 756
9097 700
8912 910
9403 877
8728 1040
8728 1069
8728 1169
8868 790
8868 910
8728 1054
9295 910
9436 227
9599 231
9529 231
9529 434
9529 447
9590 473
9723 641
9926 877
9757 877
9647 877
9205 910
9926 1050
9723 877
9097 910
8560 754
8116 1403
8116 1510
8116 1516
8311 1615
8233 1711
8233 1746
7981 1810
8427 1458
8370 1520
8233 1615
8374 1648
8370 1615
8728 1188
9052 1403
8636 1536
8636 1648
8536 1648
8934 1403
8728 1403
9052 1494
8820 1710
7788 2274
7738 2274
7788 2280
7914 2280
8043 2131
8043 2258
8280 2313
8260 2313
8292 2391
8324 2483
8292 2483
8043 2280
7914 2441
7888 2728
7759 2833
7888 2833
7924 2833
7995 2833
8292 2604
8340 2889
8292 2833
8820 2174
8820 2264
8665 2450
8795 2450
8820 2381
8513 2469
8820 2450
8820 2524
8810 2621
9051 2168
9209 2288
9179 2288
9051 2288
9216 2336
9234 2428
9233 2428
8971 2381
8806 2788
8657 2835
8755 2835
8755 2851
8755 2962
8948 2962
8810 2778
8654 2469
8820 2042
9789 1367
9502 1516
9739 1516
9739 1710
9810 1751
9810 1833
9531 1873
9810 1984
9563 1984
9531 1984
9739 1678
9531 2047
9522 2227
9724 2327
9921 2327
9921 2364
9522 2327
9921 2817
9770 2915
9770 2986
9721 3106
9417 2428
9233 2639
8636 1442
7483 2247
5356 3587
5356 3709
5397 3786
5200 3831
5397 3863
5279 3863
5409 3993
5409 4146
5409 4178
5392 4226
5406 4287
5451 4287
5406 4409
5406 4496
5392 4197
6353 3332
6272 3332
6087 3321
6144 3321
6272 3321
5893 3668
5893 3688
5770 4038
5829 4038
5959 3865
5959 4038
6114 3995
5884 3765
6298 3541
6346 3565
6346 3759
6346 3810
6198 3995
6346 3995
6628 3995
6346 3784
5650 3988
6272 3435
5829 4232
5741 4335
5801 4377
5801 4335
5801 4414
5904 4558
6087 4549
5920 4681
5997 4750
5801 4558
6167 4478
6437 4478
5920 4558
6028 4038
5571 4335
6678 3751
6678 3915
7137 3445
7137 3536
6898 3619
7137 3706
6785 3715
6898 3715
7036 3714
7012 3977
6921 3811
6921 3715
6825 4330
7279 4330
7034 4076
7206 4385
6734 4404
7265 4603
7265 4632
7214 4591
7433 4330
6288 3995
5115 5390
5247 5390
5246 5390
5997 4803
6047 4984
6125 5017
6028 5281
5840 5281
6028 5193
6051 5281
5840 5429
5840 5579
5524 5429
6273 5025
6454 5155
6331 5155
6273 5107
6693 4875
6912 5012
6693 5094
6912 5125
6911 5125
6748 5125
6599 5094
6454 5297
6454 5349
6536 5369
6712 5369
7004 5406
6482 5548
6482 5584
6712 5456
6845 5456
7004 5456
7047 5627
7020 5652
7047 5543
6482 5369
6047 5017
5997 4943
7555 3377
7808 3391
7620 3391
7986 3821
7937 3586
7942 3859
7758 3909
7617 3932
7942 3821
8162 3543
8131 3615
8131 3650
8545 3701
8328 3733
8269 3733
8131 3733
8311 3733
8545 3422
8412 3701
8527 3701
8370 3733
8479 4002
8195 4073
8195 4094
8230 4094
8479 4094
8182 4139
8545 3920
8025 3821
7602 4274
7556 4274
7724 4274
7206 4330
7433 4402
7724 4564
7730 4657
7730 4670
7730 4842
7663 4860
7663 4881
7724 4602
8128 4182
8170 4426
8128 4362
8128 4426
8459 4305
8537 4443
8627 4443
8688 4443
8358 4464
8300 4464
8242 4736
8128 4736
8084 4736
8242 4747
8128 4624
7981 4842
8128 4565
7643 5072
7485 5236
7485 5103
7574 5072
7530 5072
7485 5072
7485 5448
7485 5676
8512 5264
7966 5361
7966 5264
8322 5264
8322 5300
8190 5264
7966 5501
7967 5574
8013 5574
8137 5574
8171 5574
7966 5574
7851 5676
7663 4911
8887 3590
8939 3659
8898 3659
8898 3788
8998 3659
8972 3659
9096 3697
9239 3697
9056 3770
9056 3697
9477 3373
9477 3536
9477 3650
9453 3697
9735 3650
9149 3697
8731 4097
9256 4046
8823 3860
9215 4213
9115 4213
9048 4213
8879 4174
9338 4213
9256 4213
9048 4294
8816 4443
9001 4458
9001 4600
9382 4707
9300 4707
9140 4643
9001 4443
9661 3995
9661 4046
9661 4117
9661 4511
9926 4566
9825 4566
9756 4566
9688 4566
9688 4673
9661 4236
9538 4046
8823 4097
9105 4995
8842 5106
8842 5138
8842 5351
8894 5383
9166 4996
9175 5044
9400 5113
8842 4995
9383 4868
9383 4871
9887 4951
9423 5014
9400 5209
9591 5143
9400 5143
9242 5209
9618 5258
9175 5209
9400 5345
9423 4951
8459 4443
7034 4330
7555 3244
5397 5429
78 5958
107 5988
196 5988
465 5988
562 5988
633 5988
680 6063
260 6428
325 6497
455 6538
505 6538
899 6261
680 6157
680 6258
680 6261
752 6522
724 6572
752 6572
724 6607
680 6445
546 6572
752 6461
1492 5893
987 6282
1147 6320
1215 6320
929 6282
1277 6320
1384 6117
1384 6320
1018 6320
698 6789
349 6859
248 6877
397 6789
1447 6857
1086 6992
1329 6857
1201 6857
1086 6857
881 6992
703 6623
703 6789
776 6992
2022 6215
2079 6215
2184 6215
2310 5755
2310 5854
2310 6053
2310 6175
2310 6213
2301 6213
1837 6215
1855 6857
1813 6857
1679 6857
2291 6651
2413 6669
2389 6669
2424 6658
2413 6811
2255 6908
2567 6901
2585 6901
2634 6794
2413 6901
2585 6953
2305 6908
2211 6908
2424 6350
2028 6857
681 7425
681 7513
121 7513
69 7513
700 7558
121 7890
608 8051
121 8201
608 7897
674 8051
613 8051
510 8268
246 8268
121 8268
121 7788
1112 7182
1112 7276
1112 7425
1081 7425
967 7425
1430 7447
1315 7447
1315 7545
1153 7434
1315 7719
1315 7600
1188 7719
1327 7753
1327 8004
1333 8005
1503 8005
1150 8090
1333 8137
1389 8005
1508 8219
1532 8254
1333 8090
1327 7824
843 7425
510 8382
510 8500
187 8649
510 8712
510 8649
252 8649
706 8712
572 8983
510 8925
386 8925
315 9015
929 8683
1026 8519
1190 8519
1269 8519
1298 8623
1298 8772
1159 8779
1298 8779
879 8712
1124 9113
879 8766
879 8967
894 9113
510 8473
1921 7419
1763 7450
1763 7526
1763 7608
2504 7336
2587 7379
2530 7379
2504 7379
2430 7379
2143 7395
2604 7395
2418 7395
1890 7722
1724 8002
1792 8002
1890 7780
2080 8282
1985 8244
1724 8232
1724 8109
1778 8232
1856 8244
2422 7833
2422 7938
2315 7938
2422 7970
2422 8116
2389 8176
1986 8282
2181 8282
2219 8282
2669 8116
2221 8282
1890 8002
2094 8531
1986 8497
1986 8402
1852 8497
2113 8547
2137 8652
2291 8763
2068 8786
1820 8981
1820 9206
1820 8836
2455 8664
2137 8697
2414 8763
2414 8945
2363 8982
2363 9136
2363 9149
2395 9149
2414 8886
2137 8763
1830 8543
1613 8254
262 9352
353 9490
63 9530
262 9490
262 9396
138 9593
138 9697
623 9812
138 9530
765 9365
1129 9308
826 9457
765 9457
733 9460
1065 9521
896 9687
735 9812
444 9812
587 9812
896 9812
138 9812
1414 9337
1216 9308
1403 9308
941 9457
941 9521
1152 9649
1222 9678
1632 9307
1430 9337
1583 9337
1603 9372
2073 9523
1707 9523
1707 9809
1815 9839
1603 9337
2116 9523
2116 9579
2116 9697
2228 9852
2322 9852
1707 9771
1129 9615
1129 9521
1086 7139
3110 5768
3189 5768
3302 5768
3317 5830
3110 5959
3317 5890
3064 6292
3064 6386
3064 6513
3117 6513
3313 6513
3313 6517
3313 6578
3110 6165
3313 6771
3313 6665
3240 6771
3105 6771
3413 6781
3484 6781
3240 6960
3240 7028
2975 6933
2813 7345
2813 7395
2880 7395
3249 7254
3328 7212
3325 7227
3325 7254
3182 7229
3240 7110
3104 7229
3325 7287
3461 7303
3502 7455
3447 7287
3009 7395
3240 7229
2975 6771
4459 6012
4537 5945
4002 6012
4633 5945
4429 6012
3964 5982
4459 5945
4002 6059
3888 6345
3776 6345
3917 6544
4404 6305
4147 6505
4286 6505
4147 6552
4147 6552
4517 6757
4165 6648
4306 6863
4165 6863
4517 6863
4084 6552
4459 6205
3993 7081
3993 7139
3943 7139
3851 7139
3927 7331
4180 7358
4329 7358
3822 7346
3821 7375
3680 7390
3684 7390
3943 7331
4180 7532
3943 7277
4533 7122
4626 7122
4626 7218
3822 7331
4626 7358
4119 6896
3588 7455
3089 7848
2851 7947
2945 7947
3089 7947
2851 7998
3094 8349
2936 8349
2851 8098
2906 8346
2851 8346
3383 7808
3638 7676
3638 7724
3878 7731
4223 7592
3753 7825
3638 7808
3670 7825
3670 7926
3664 8133
3512 8145
3493 8145
3466 8145
3417 8145
3512 8287
3512 8535
3512 8670
3670 8087
3878 7825
4576 7731
4223 7731
4088 7825
4088 7986
4088 8077
4165 8230
4165 8378
4165 8500
4174 8613
4627 7886
3232 7837
2828 8973
2930 8973
2986 8973
3869 8889
3844 8889
3635 8745
3751 8868
3389 8936
3635 8868
3595 8936
4149 9080
3924 9080
4191 9080
4416 9080
4416 9126
3219 9208
3389 9208
3501 9567
2806 9584
3646 9747
3164 9777
3501 9747
2806 9777
3968 9542
3829 9747
3968 9747
3968 9799
4030 9799
4360 9477
4189 9891
4231 9891
4360 9891
4231 9939
4149 9799
2955 9777
3389 9285
4088 7896
2731 7395
4979 5998
4800 6160
5264 6208
4979 6208
5558 5961
5369 5954
5323 5916
5351 5957
5483 5954
5369 5954
5558 6010
5609 6087
4913 6208
5787 5961
5917 5992
5917 6068
5917 5961
5335 6208
6064 6068
6981 6442
6452 6068
7070 5844
7228 5957
7035 6032
7035 6138
7018 6138
6577 6187
7197 5957
7070 5957
6480 6187
6480 6200
5194 6804
4803 7269
4953 7269
4803 7281
4803 7307
4806 7368
4806 7421
4809 7434
5260 6609
5260 6804
5194 6832
5194 6991
5194 7170
5194 7269
5523 6991
5523 7068
5627 7068
5685 7068
5695 7157
6140 7245
5445 6991
5221 7295
6304 6635
6304 6719
6266 6924
6304 6924
6482 6933
6160 6946
6261 6946
6218 7195
6261 7174
5879 7245
6140 7268
6352 7466
6075 7485
6264 7485
6352 7485
6140 7407
6140 7485
6261 7195
6666 6491
6662 6491
6777 6491
6732 6491
6958 6491
6723 6928
6627 6936
6641 6936
6641 7024
6641 7130
6691 7130
6843 6987
6867 6987
6832 7130
6987 6999
7013 6999
7139 6999
7139 7082
7101 7306
7139 7243
6732 6803
6472 6933
5802 7245
6958 6613
5051 7729
5051 7770
5051 7786
5051 7950
5161 7983
5161 8097
4977 8162
4778 8184
5137 8236
5493 8097
5161 8031
5470 8097
5137 8162
4993 8458
4792 8458
5137 8411
5137 8458
4993 8522
5437 8873
5322 8898
5167 8898
5065 8898
4993 8898
4900 8898
5322 8989
4870 9207
4733 9312
4870 9312
4917 9312
4733 9505
4733 9512
5513 9302
5065 9391
5513 9440
5400 9440
5262 9440
5066 9440
5066 9616
5157 9949
5066 9655
4939 9391
5065 9148
4993 8569
6513 7714
5971 7819
6618 7899
6504 7900
6415 7925
6221 7925
6157 7925
5796 8182
5859 8231
6415 8034
6421 8162
6421 8266
6300 8307
6421 8307
6050 8307
6421 8182
6781 7967
6513 7899
6681 7967
6913 7915
7154 7915
7156 7915
7156 8149
6681 8014
6700 8098
6260 8638
6045 8726
5996 8870
6045 8870
6045 8638
6527 8638
6565 8726
6565 8855
7028 8561
7162 8561
7095 8561
7062 8561
6882 8705
7062 8651
6891 8703
7037 8703
6698 8726
6565 8837
6527 8465
5980 9226
6551 9108
6045 9285
6045 9502
5986 9656
5986 9838
5986 9912
5986 9643
6565 8998
6565 9072
6325 9194
6551 9293
6551 9320
6872 9487
6660 9527
6958 9109
6958 9140
6958 9241
6958 9394
6892 9478
6729 9527
6660 9582
6660 9666
6660 9700
6850 9847
6883 9847
6660 9847
6045 9226
6423 9108
5716 8182
6368 7596
7467 5950
7480 5950
7522 6217
7544 6217
7522 6286
7522 6365
7614 6776
7559 6834
7601 6834
7541 6859
7541 6955
7893 6365
8602 5822
8512 5822
8356 5943
8492 5822
8390 5822
8035 5943
8602 5882
7893 6287
7976 6409
7702 6365
8356 6144
8219 6370
8354 6370
8356 6239
8218 6395
8143 6409
8085 6409
8143 6495
7944 6972
8282 6727
8484 6850
7975 7025
8363 7141
8050 7119
8035 7119
7896 6972
8602 6850
8484 6894
8484 7141
8166 6575
8356 6370
7702 6524
9083 5817
9116 5922
9116 6153
8932 6231
9116 6239
9110 6239
8956 6239
8975 6557
9153 6568
9110 6568
8975 6795
9353 6568
8975 6568
9110 6481
9885 5796
9904 5801
9904 5874
9904 5933
9904 6066
9733 6346
9652 6346
9654 6486
9620 6480
9652 6449
9761 6506
9761 6611
9652 6480
9640 7036
9761 6631
9684 7006
9761 7006
9904 6190
8851 6795
9037 6943
7419 7342
7419 7418
7419 7474
7419 7495
7419 7672
7884 7468
7886 7468
7966 7468
7882 7473
7966 7533
8363 7266
8363 7600
8044 7824
7747 7824
7967 7824
7901 7824
8010 7604
8278 7600
8496 7601
8496 7827
8084 7708
7967 7905
7253 8240
7523 8300
7683 8300
7947 8082
7855 8121
7855 8223
7855 8223
8065 8258
8240 8258
7624 8300
7830 8451
7830 8465
7830 8680
7695 8764
7788 8409
8297 8117
7855 8258
7788 8300
8275 8429
8403 8493
8883 8493
8648 8493
8334 8683
8212 8700
8240 8362
7967 8050
8970 7360
8970 7421
9024 7549
9241 7612
8929 8105
9017 7887
9017 8105
9031 8129
9031 8146
9031 8230
8964 8245
8883 8538
8883 8609
8883 8643
8275 8493
8923 8114
9243 7528
9242 7578
9171 7612
9024 7612
9645 7736
9599 7736
9555 7736
9437 7736
9415 7736
9669 7737
9936 7709
9737 7737
9394 7736
9305 8000
9372 8000
9455 8000
9555 7838
9628 8194
9642 8194
9642 8294
9874 8135
9874 8162
9642 8311
9373 8418
9641 8599
9724 8609
9641 8418
9555 8000
9241 7644
8403 8641
7695 8872
7461 9133
7388 9133
7695 9133
7759 9263
7759 9422
7759 9441
7759 9618
7831 9718
7831 9875
8528 9019
8339 9104
8491 9114
8376 9114
8330 9474
8118 9714
8118 9718
8129 9823
8491 9115
8603 9326
8744 9411
8472 9288
8538 9326
8330 9288
8777 9572
8777 9837
8777 9515
8330 9664
8491 9288
7969 9718
9365 9017
9291 9026
9291 9038
9291 9204
9251 9344
8939 9515
9106 9500
9219 9500
9251 9361
9251 9500
9199 9684
9237 9684
9251 9627
8939 9505
9507 9485
9486 9485
9486 9530
9486 9627
9838 9724
9683 9724
9512 9724
9355 9627
9240 9684
8777 9568
7759 9152
8084 7604
7321 8300
4674 6102
2310 5700
edges
2005 361
2006 166
2145 795
2597 482
2634 1225
2243 961
2242 1529
2781 1070
2005 160
2146 1024
2002 1542
2244 409
2166 330
2590 1771
2168 541
2146 1399
2596 1370
2242 1696
2013 102
2019 203
2761 558
2001 114
2155 709
2592 1332
2634 381
2014 1766
2167 721
2740 546
2780 1569
2244 1863
2761 38
2000 1703
2745 763
2239 338
2745 1358
2018 1644
2010 1746
2245 308
2780 1497
2240 262
2781 485
2591 729
2166 481
2739 1125
2602 611
2155 616
2241 665
2593 156
2014 655
2740 319
2016 1173
2008 1315
2147 1287
2635 1058
2004 640
2762 50
2012 780
2248 759
2764 1436
2160 1980
2763 739
2003 25
2017 1552
2598 237
2599 194
2600 1633
2749 913
2148 547
2601 470
2156 1051
2636 1104
2165 195
2159 1385
2169 1380
2246 1725
2594 1817
2011 892
2171 1553
2004 1755
2783 1741
2765 1132
2784 561
2170 1778
2250 17
2766 232
2247 1258
2011 484
2785 1815
2059 1556
2158 1033
2150 1539
2261 1406
2749 1967
2747 1491
2767 769
2595 123
2251 1113
2741 877
2766 1202
2601 1871
2758 1929
2637 1680
2742 805
2638 1384
2260 1430
2151 1220
2020 852
2020 375
2179 511
2021 1341
2172 1188
2175 1590
2786 65
2259 1467
2607 781
2650 1322
2040 559
2041 1677
2153 1888
2021 68
2770 587
2607 451
2154 307
2253 1448
2643 1642
2750 1776
2024 870
2162 1578
2023 250
2163 1941
2258 99
2027 98
2249 1189
2751 1351
2794 1349
2769 321
2609 1037
2173 403
2643 1523
2639 1509
2776 305
2759 1705
2043 874
2174 1413
2772 761
2603 1726
2256 1382
2044 1517
2644 1752
2152 129
2787 372
2261 1138
2603 663
2743 1639
2252 791
2744 569
2048 749
2789 1837
2605 1672
2176 881
2177 1706
2164 1228
2611 1657
2771 645
2744 549
2604 11
2779 1470
2753 1966
2640 1044
2754 280
2045 783
2633 1854
2293 179
2412 1949
2046 1290
2047 130
2255 1619
2633 923
2257 634
2642 382
2788 1859
2262 363
2646 1457
2649 857
2755 373
2624 1182
2612 1704
2053 736
2216 953
2773 1638
2791 1424
2778 1383
2647 111
2049 1389
2774 1710
2790 27
2236 1872
2187 1462
2049 1699
2217 886
2622 1580
2051 1086
2186 1986
2050 649
2756 827
2613 14
2038 717
2025 1101
2266 1660
2264 455
2757 937
2026 842
2263 300
2180 221
2219 122
2620 167
2181 324
2629 284
2757 990
2775 1897
2626 1893
2267 1099
2182 540
2614 627
2194 1525
2619 1401
2791 882
2807 1934
2625 683
2054 988
2188 1155
2189 943
2651 1369
2058 526
2268 1942
2267 1645
2616 124
2627 204
2218 1438
2183 1355
2184 723
2195 628
2621 1216
2220 53
2192 1503
2648 778
2222 1235
2191 1328
2623 599
2196 911
2617 529
2863 1360
2185 1414
2029 1723
2292 483
2863 1781
2632 1939
2197 1611
2795 1634
2185 860
2808 712
2055 383
2628 60
2648 364
2795 1623
2812 1540
2193 642
2802 1849
2628 1306
2618 593
2270 1239
2030 1907
2028 1416
2886 1835
2032 1937
2802 235
2221 1166
2618 836
2031 1174
2033 512
2056 1493
2203 1229
2229 1209
2271 1895
2030 1057
2034 1431
2814 863
2796 1952
2270 1343
2797 1079
2864 1617
2803 1146
2273 1889
2738 1433
2809 1643
2864 1445
2701 106
2652 1735
2274 1313
2037 674
2036 601
2036 790
2692 1715
2654 229
2286 544
2798 1585
2214 633
2275 1441
2689 1185
2084 1869
2198 211
2655 1102
2692 1013
2805 651
2199 1140
2811 466
2873 1933
2652 192
2689 832
2207 1194
2814 941
2286 659
2654 1932
2815 756
2866 1697
2799 537
2207 1116
2285 1972
2656 1678
2800 1985
2060 1548
2204 1466
2867 909
2200 1023
2061 1618
2658 608
2277 1018
2086 1676
2061 1577
2208 406
2704 1689
2085 1922
2658 473
2234 287
2230 1679
2276 1254
2801 163
2205 973
2206 826
2699 1456
2062 434
2062 242
2704 824
2231 1664
2868 1544
2801 1994
2869 956
2209 1263
2276 48
2693 949
2869 1852
2700 465
2085 821
2694 26
2287 1107
2696 1989
2144 147
2279 1353
2060 777
2201 688
2223 1993
2697 1626
2698 607
2695 898
2667 1311
2088 516
2225 1798
2089 1147
2288 1792
2224 1494
2226 1527
2284 768
2871 1535
2211 1474
2210 1742
2282 1956
2870 411
2705 379
2862 1071
2874 270
2064 1620
2702 1979
2659 495
2232 248
2068 1121
2065 1307
2067 794
2092 1905
2703 1904
2706 879
2665 1082
2202 1402
2665 1268
2820 1162
2069 1009
2698 1900
2820 1951
2090 1179
2227 518
2666 1393
2099 1192
2233 853
2846 684
2091 735
2280 1177
2289 467
2212 785
2846 872
2837 264
2877 1449
2660 583
2707 1551
2291 902
2291 1065
2816 1883
2662 1392
2662 1581
2233 1283
2283 279
2875 480
2710 784
2228 1898
2709 812
2847 585
2821 475
2202 1936
2838 415
2668 933
2212 398
2817 282
2283 1068
2822 1159
2818 1266
2109 613
2848 982
2661 1165
2823 871
2093 1790
2876 58
2411 1769
2850 1152
2733 1654
2094 1873
2083 508
2878 513
2660 648
2853 193
2095 1098
2824 845
2078 502
2079 1303
2320 1186
2839 596
2315 1292
2070 1005
2391 1554
2387 1747
2096 1583
2851 1506
2727 471
2828 849
2840 690
2294 1988
2842 413
2359 632
2825 1624
2724 885
2316 914
2080 808
2715 201
2828 1573
2382 793
2714 1047
2725 963
2884 894
2383 1075
2861 291
2688 59
2318 1631
2388 630
2392 1208
2081 286
2384 762
2319 1608
2844 1737
2676 1964
2713 1953
2097 420
2671 1215
2670 810
2320 289
2672 1954
2728 948
2108 893
2716 1534
2729 1938
2379 1878
2834 856
2073 15
2359 454
2726 1260
2845 185
2299 1171
2363 1913
2073 965
2885 172
2321 1821
2674 62
2675 385
2717 1809
2829 1656
2385 1280
2718 388
2885 157
2726 866
2730 1788
2731 890
2074 417
2390 829
2674 1002
2075 1600
2829 878
2307 698
2390 1999
2101 70
2102 1288
2364 521
2719 710
2723 899
2860 1564
2722 1224
2072 974
2830 1982
2103 1969
2854 288
2855 873
2380 1841
2360 1538
2380 1879
2362 514
2880 618
2833 1319
2855 1374
2369 336
2294 213
2305 1602
2737 590
2100 989
2857 776
2306 140
2300 292
2381 614
2365 918
2680 1298
2835 1062
2329 240
2107 758
2076 1437
2362 164
2881 527
2301 1733
2368 752
2338 1377
2830 1415
2835 1346
2296 452
2859 643
2386 726
2297 396
2302 1801
2678 1759
2303 1899
2859 823
2329 408
2882 1717
2308 1270
2322 145
2105 1641
2106 897
2395 329
2304 1753
2323 1372
2368 228
2683 1668
2732 1050
2077 246
2298 818
2678 474
2077 602
2106 1042
2143 1855
2324 51
2679 82
2367 553
2682 1108
2734 1335
2325 352
2686 880
2883 1838
2681 1917
2314 1487
2832 520
2720 697
2883 1484
2397 588
2858 49
2683 423
2396 876
2372 234
2331 1193
2721 1926
2334 1305
2394 1914
2721 1714
2685 141
2685 1191
2370 597
2330 1217
2309 620
2371 489
2333 760
2335 1095
2310 219
2131 1890
3151 1970
2398 1805
3083 1716
2311 942
2399 1063
3020 274
2122 1844
2328 1432
2310 1636
3093 669
2326 806
2400 962
2905 236
2410 940
2907 295
2906 958
2378 1344
2903 126
2131 707
2374 422
3012 1170
2112 1407
2313 81
2118 1232
3093 226
3003 891
2117 1320
2123 957
2336 980
3004 20
2130 1141
2903 747
2402 1943
2888 746
2313 964
2943 1223
2905 215
2110 1806
3020 1916
2399 64
2925 1876
2401 904
2114 706
2943 636
2116 1516
2124 177
2403 1603
2375 343
3005 247
2126 309
2127 144
2133 1376
2944 1940
3094 1458
2916 115
3012 1658
3090 1338
2358 302
2112 1492
2917 1892
2111 525
2908 225
2945 184
3007 187
2888 1206
3083 1948
2132 1489
2129 1105
3013 1646
2945 239
3014 297
3097 539
3097 834
3087 2
2407 39
2348 1347
3084 624
2342 24
2340 952
2404 1793
2339 1757
2908 579
2142 1485
2341 146
3021 770
3088 169
2909 405
2357 312
3089 263
2891 1570
2346 536
3022 107
2946 966
2376 149
2889 838
2350 198
2949 416
3019 562
2947 743
2120 1066
2354 654
2141 1158
3016 135
2135 1533
2339 1368
2349 1946
2405 1651
3023 1419
3098 1363
2941 764
2134 294
3017 847
2918 722
2915 1196
3091 1199
2121 1515
2138 189
2923 33
2890 1622
3086 802
3091 479
2352 1734
2347 1257
2919 1482
2951 314
2137 148
3096 813
3006 1010
3031 765
2377 1901
2140 751
2891 77
3008 1350
3101 692
2893 1745
2912 245
2140 1157
2344 1366
2354 1425
2406 1124
2406 277
2377 491
3009 680
2136 1242
2942 666
3030 1000
2137 143
2353 134
3010 293
2914 199
2119 1181
2355 822
2345 1508
2345 400
2121 1327
3116 47
2924 386
2950 1137
2924 369
2894 1505
3100 664
2920 1049
3116 626
2356 1588
2962 340
3024 446
2922 281
2910 414
3126 425
2415 830
3025 929
3025 1724
2955 619
2939 905
2414 517
3027 927
3099 1460
3010 1247
3099 991
3028 858
2530 333
3118 444
2482 162
3103 1400
2563 197
2516 57
2532 1465
3029 1729
2559 1826
2414 332
2895 1252
2413 647
2559 112
2481 1692
3105 1285
2439 1683
2481 1271
2896 1915
3044 1314
2438 1479
2560 412
2516 301
2902 0
2954 1572
3032 1008
2562 552
2427 1784
2451 650
3106 1304
2518 835
2532 1054
3048 1921
2897 926
2926 399
3102 1330
3125 32
2451 298
3034 772
3106 572
2438 90
2483 1077
2936 573
3033 1455
2899 693
2484 788
2440 1685
2485 1241
3108 267
2533 1422
2444 1326
2589 1722
2564 1397
3048 1857
2531 355
2459 1411
2517 1962
2501 1213
2443 1278
2953 441
2566 1123
2940 1965
2927 1702
2518 1302
2444 1088
3046 566
3120 1774
2452 350
3050 43
2567 1015
2928 1135
2956 1789
3036 1736
2957 700
3051 724
2900 1606
2565 1908
2930 855
2450 1451
2567 445
3045 1238
3109 1265
2519 222
2521 1669
2957 1927
3110 22
2492 800
3052 554
2419 1976
2492 209
2417 1115
3053 108
2937 1412
3049 532
2490 1275
2448 1267
2901 1434
2426 1627
3036 424
2445 1504
3119 1918
2568 426
3121 727
2424 995
2932 586
2931 78
2486 1682
3112 971
3037 449
2937 801
3060 1874
2935 365
3122 359
2421 1545
2418 1276
2455 864
2457 8
2454 1796
2960 1605
3111 1652
3043 433
2958 220
2534 1919
2480 492
2535 915
2570 168
2456 1442
2423 571
3058 1160
2529 165
2959 861
2457 576
2541 117
3114 766
2447 23
2449 139
3038 1249
2458 1128
3039 1996
2418 121
3124 1514
3120 889
2933 1321
2901 1428
3124 360
2959 1750
2522 216
3113 1169
2493 1340
2569 1289
3056 35
2425 888
2486 1630
3054 378
2569 1848
2538 419
2447 714
3057 1861
2934 74
2558 440
2523 868
3057 1364
2540 814
2542 1463
2460 370
2966 670
2539 1471
2497 1997
2587 1011
3059 374
2524 820
2461 1204
2572 241
3041 510
2980 1488
3137 622
3138 256
2537 1423
2980 97
3042 296
2543 686
2588 1659
2981 1089
3082 1418
2489 306
2437 31
2487 1568
3128 1782
2574 1300
3002 56
3139 1334
3139 1259
2462 55
2527 745
2496 560
2967 612
3136 84
2463 401
3133 1594
2544 581
2525 1481
2981 1021
3140 175
2968 744
2976 1175
2580 1454
3134 1154
2499 907
3066 158
2428 103
3065 376
3061 1647
3069 346
2471 1176
2500 1524
2986 1823
3064 1379
3063 4
3129 786
2979 95
3071 831
3135 1731
2499 615
2464 1373
2983 1592
2985 1518
2984 732
3130 1856
3142 1163
2978 1323
2545 987
3074 1501
2586 1891
2579 939
2430 447
2579 577
2971 523
2429 1607
2575 1928
2472 391
3144 1197
2465 1161
2546 1240
2502 543
3062 564
2970 1459
2473 1110
2429 453
3145 1650
2557 657
2584 1558
3069 1367
2972 702
3146 1187
2432 1061
2987 1975
3073 85
2431 1945
2576 1222
2556 998
2466 30
2990 919
2554 1555
2585 44
2964 389
2505 316
3147 528
2578 79
2988 1968
3131 328
2470 335
2467 73
3070 1014
2972 1139
2991 695
2989 1281
2504 934
2505 1357
3132 565
2510 1198
2965 1059
3073 1250
2991 1767
2551 1133
2555 1779
2975 920
2547 1164
2504 366
2507 912
2578 1069
2963 804
3145 71
2433 1031
2510 1293
3067 935
2475 1718
2995 1667
2474 1740
2548 954
2581 54
2434 1359
3152 1836
3147 1935
3075 862
2994 1478
3079 1090
3132 773
2469 1324
2476 505
2581 1981
2512 1246
2999 29
2992 132
3077 740
2556 938
3076 1156
2974 1686
3078 509
2550 1221
2993 1114
2974 1977
2436 1732
2511 1218
2509 1496
2993 1721
2997 841
2506 1513
2514 507
2478 1316
2549 1052
2435 1245
2998 947
2478 1923
2553 1739
2998 1738
3068 691
2513 1589
2477 1884
3079 1571
3081 1764
2553 1081
3997 625
3779 101
3562 799
3200 1296
3767 448
3393 1214
3394 1536
3392 1834
3783 244
3782 458
3811 1596
3575 1681
3825 671
3825 1822
3826 825
3811 40
3780 313
3560 682
3395 128
3437 1567
3554 555
3784 1973
3175 936
3158 496
3575 701
3201 9
3155 349
3827 869
3785 515
3397 387
3175 299
3785 227
3576 1195
3153 816
3438 1093
3433 504
3560 113
3567 1483
3812 1909
3828 1122
3768 755
3784 501
3435 36
3767 741
3563 580
3561 1331
3581 1787
3153 545
3396 341
3570 435
3206 120
3437 1421
3157 89
3568 1475
3576 1294
3554 1701
3564 1117
3436 380
3154 265
3156 900
3577 1586
3202 1074
3397 1019
3574 1671
3439 635
3159 392
3829 839
3572 1207
3439 1560
3565 1783
3996 1597
3181 494
3197 1046
3579 535
3814 901
3578 578
3789 1695
3813 1017
3176 75
3165 18
3555 617
3569 443
3405 1212
3203 1744
3580 450
3842 1561
3786 19
3584 803
3770 844
3454 1807
3556 1375
3205 792
3571 344
3199 1167
3770 875
3206 1039
3565 1700
3814 357
3792 1190
3815 731
3584 1797
3166 1129
3164 589
3178 1127
3440 1006
3179 718
3771 1853
3786 1925
3398 105
3566 1286
3817 977
3198 1408
3443 1439
3180 1464
3831 809
3163 1468
3441 994
3830 476
3223 1886
3772 457
3790 605
3791 972
3182 928
3183 1812
3177 1096
3399 439
3793 1365
3787 1
3441 311
3160 1593
3402 993
3160 223
3444 1910
3795 503
3573 644
3172 254
3834 410
3174 925
3833 1830
3824 191
3832 921
3627 1244
3625 1530
3796 883
3161 997
3626 999
3445 1279
3835 322
3401 1991
3403 1078
3168 80
3810 1971
3818 1777
3607 1041
3593 1362
3162 348
3442 1020
3809 133
3446 154
3453 1043
3818 208
3822 1811
3173 1814
3170 609
3808 1111
3404 1461
3207 1395
3400 631
3210 704
3819 210
3171 230
3593 656
3836 1203
3648 1318
3194 1612
3839 354
3607 1894
3449 774
3210 259
3218 1978
3213 345
3407 76
3212 1816
3648 1390
3608 1635
3448 468
3798 459
3431 1329
3448 960
3411 575
3187 150
3585 427
3409 52
3773 271
3410 1022
3184 568
3191 557
3218 1291
3804 1032
3843 1896
3224 342
3645 1604
3594 1649
3214 1012
3599 1761
3209 1472
3595 1818
3411 884
3774 1410
3805 1902
3192 1541
3188 456
3775 91
3185 1931
3776 986
3452 1282
3190 984
3186 1045
3186 136
3450 1036
3806 594
3474 582
3216 1145
3222 61
3215 152
3602 243
3609 771
3630 1502
3414 1317
3611 1272
3208 266
3631 713
3844 1839
3612 437
3220 190
3637 719
3640 1053
3777 96
3412 45
3797 186
3636 1666
3804 118
3605 950
3193 1210
3641 153
3639 1387
3220 1963
3840 992
3414 170
3221 1007
3633 661
3800 1621
3413 1251
3838 779
3612 895
3196 530
3838 1730
3600 1576
3601 1728
3458 1100
3469 3
3470 1003
3455 1060
3642 1547
3423 1230
3646 930
3802 1262
3469 1947
3844 1765
3635 1880
3777 460
3391 1151
3456 1526
3419 326
3807 1974
3638 1565
3603 1444
3803 1866
3597 285
3615 1550
3240 641
3458 257
3614 1381
3624 1775
3419 1711
3586 182
3471 1403
3424 1959
3420 432
3422 603
3841 1092
3644 673
3616 1333
3293 689
3418 125
3855 358
3617 116
3587 1490
3241 188
3468 910
3588 1130
3428 854
3606 272
3426 304
3643 815
3589 1584
3647 775
3228 16
3415 224
3459 1819
3244 362
3472 1559
3245 678
3293 1628
3845 1957
3845 1097
3415 1405
3462 1727
3893 807
3461 394
3294 464
3893 21
3590 1810
3851 1828
3463 1532
3618 1673
3297 34
3606 629
3909 178
3473 750
3643 6
3464 1027
3465 1256
3298 1632
3553 500
3299 1312
3622 218
3852 1845
3225 1773
3846 705
3289 979
3591 652
3894 725
3263 127
3243 493
3248 676
3592 733
3295 906
3429 1786
3634 1629
3245 728
3290 595
3427 1833
3618 1760
3850 968
3425 1339
3853 1862
3847 390
3919 205
3619 978
3853 730
3417 1885
3620 69
3848 1829
3592 1850
3228 331
3619 917
3291 658
3909 1987
3467 550
3854 1469
3300 1028
3247 1345
3475 789
3895 1609
3229 1143
3229 1763
3910 490
3490 367
3766 1234
3250 716
3862 1354
3863 1440
3861 428
3292 1219
3911 1336
3913 1342
3937 848
3711 1944
3487 1762
3849 1707
3487 1743
3693 1391
3865 161
3919 567
3489 174
3649 1984
3914 1906
3692 1048
3251 1073
3301 1655
3488 1557
3916 623
3649 1881
3505 180
3489 1148
3251 1055
3921 1398
3918 86
3920 275
3252 429
3713 681
3650 151
3304 339
3651 819
3860 782
3239 1864
3311 261
3917 1637
3658 1662
3486 1255
3693 563
3262 538
3857 327
3491 1648
3864 531
3311 1211
3515 1846
3864 677
3925 1870
3476 1998
3233 1813
3514 687
3898 1912
3230 1284
3858 694
3552 1237
3233 395
3694 486
3695 469
3477 1106
3866 1477
3712 497
3698 1087
3494 138
3313 742
3313 1804
3478 1361
3652 985
3923 711
3708 1112
3314 1675
3302 217
3922 1693
3653 94
3508 1770
3514 551
3697 1670
3480 1183
3924 1178
3255 1274
3303 255
3499 1961
3253 320
3258 1847
3922 1563
3715 1142
3659 110
3234 843
3701 1800
3322 1599
3892 646
3235 1748
3234 1080
3882 142
3497 472
3509 1269
3870 969
3503 93
3256 442
3479 1480
3660 1200
3483 88
3716 1591
3929 276
3897 7
3308 1614
3908 522
3320 696
3882 1808
3871 1150
3900 28
3495 1661
3929 1519
3257 498
3257 1521
3498 159
3901 1253
3714 672
3499 1144
3908 851
3655 944
3702 347
3930 1498
3320 1352
3305 859
3716 290
3316 1450
3699 840
3707 903
3656 767
3656 817
3926 83
3232 404
3259 1799
3872 1004
3873 1960
3765 1665
3510 1653
3902 1507
3700 214
3309 1325
3657 269
3867 1754
3306 959
3903 1417
3260 1446
3310 317
3868 1543
3874 606
3703 970
3237 1719
3345 12
3318 397
3321 1094
3500 796
3256 356
3928 1875
3238 1531
3869 109
3704 867
3876 1243
3931 1038
3481 1153
3319 63
3995 1386
3484 1851
3482 639
3891 584
3706 1486
3511 1950
3264 548
3325 273
3881 1720
3664 1231
3932 1709
3485 1756
3885 1684
3663 92
3877 1867
3665 1785
3735 1420
3878 1640
3288 100
3277 1083
3663 1566
3726 591
3888 315
3907 1427
3326 946
3265 183
3512 738
3278 1712
3276 1227
3666 1579
3727 945
3323 155
3501 685
3904 534
3344 487
3327 436
3725 1546
3725 1029
3334 621
3932 668
3726 1511
3691 598
3933 488
3905 1803
3934 1955
3717 916
3513 703
3269 1016
3344 1865
3279 1026
3513 955
3721 1396
3938 896
3906 212
3266 1887
3730 574
3328 737
3934 1452
3334 1248
3502 1499
3879 1184
3275 811
3889 828
3266 1348
3335 1273
3481 1582
3890 393
3731 1688
3729 283
3270 202
3890 1520
3718 66
3733 334
3669 1598
3521 119
3667 1126
3329 303
3880 1168
3285 1601
3280 1825
3281 1758
3906 1409
3330 1443
3282 1277
3333 131
3734 1085
3517 1119
3281 371
3519 41
3724 87
3522 754
3719 67
3939 278
3667 318
3732 1528
3528 1072
3342 1694
3520 1574
3720 1924
3523 1840
3672 1625
3518 1992
3273 258
3719 996
3525 1842
3337 137
3969 407
3529 1860
3949 268
3286 37
3516 981
3331 1131
3338 1500
3271 10
3516 1749
3673 708
3744 592
3672 1429
3274 506
3969 887
3949 1674
3970 734
3971 983
3673 757
3271 1040
3950 1180
3274 1473
3745 1084
3751 556
3527 171
3950 462
3764 797
3751 975
3284 351
3952 753
3957 667
3941 1310
3530 1301
3940 402
3339 206
3752 1308
3690 1067
3341 1920
3993 252
3341 1495
3674 325
3680 787
3340 207
3530 720
3746 1076
3287 1394
3972 1795
3332 1858
3332 653
3674 1616
3531 660
3526 421
3736 1882
3753 104
3736 1056
3369 1751
3943 1562
3551 13
3738 1512
3962 1103
3960 72
3747 1447
3374 499
3675 1832
3383 1575
3680 1035
3374 610
3368 1687
3677 200
3346 1030
3958 1698
3376 1297
3748 1120
3961 1149
3367 384
3941 638
3355 519
3973 368
3346 249
3977 976
3355 1791
3684 600
3375 1780
3377 1820
3689 337
3754 1610
3350 542
3959 1226
3944 1337
3370 1827
3544 1877
3682 1025
3945 181
3983 1001
3534 1134
3357 1299
3359 1264
3539 1663
3984 1772
3953 1091
3544 1510
3755 1453
3983 233
3749 1768
3347 418
3359 1824
3975 967
3976 798
3739 662
3678 1708
3982 1426
3679 463
3974 748
3360 1690
3378 715
3756 310
3348 1911
3985 1435
3539 1404
3348 1109
3987 699
3533 323
3992 1295
3963 477
3384 1537
3757 260
3534 570
3347 438
3351 932
3389 1309
3686 1995
3946 377
3990 1064
3683 1802
3743 42
3372 846
3688 238
3740 1713
3979 850
3966 46
3758 478
3373 1587
3980 1261
3361 837
3979 1476
3352 431
3385 1236
3759 1378
3954 353
3968 1615
3987 1831
3364 1983
3540 675
3373 196
3549 922
3988 533
3388 231
3535 461
3538 1868
3536 908
3679 1794
3353 251
3542 1930
3761 637
3380 430
3362 931
3956 176
3964 1356
3741 5
3381 1522
3760 173
3387 1958
3543 524
3761 1843
3948 1371
3366 1691
3387 951
3550 1172
3363 1903
3545 1205
3989 1990
3547 1233
3742 865
3956 1201
3742 1549
3365 1118
3991 833
3548 1613
3964 924
3687 604
3548 1388
3381 253
3762 1595
3948 1034
3386 1136
3687 679
2019 2000
2000 2001
2001 2002
2002 2003
2003 2004
2007 2005
2010 2006
2018 2007
2007 2008
2008 2009
2009 2010
2012 2011
2009 2012
2015 2013
2017 2014
2059 2015
2015 2016
2016 2017
2013 2018
2006 2019
2024 2020
2022 2021
2027 2022
2022 2023
2023 2024
2026 2025
2039 2026
2025 2027
2031 2028
2028 2029
2029 2030
2033 2031
2058 2032
2035 2033
2032 2034
2034 2035
2037 2036
2035 2037
2051 2038
2038 2039
2042 2040
2042 2041
2043 2042
2044 2043
2048 2044
2046 2045
2047 2046
2053 2047
2045 2048
2050 2049
2057 2050
2052 2051
2057 2052
2052 2053
2055 2054
2056 2055
2084 2056
2054 2057
2039 2058
2040 2059
2068 2060
2063 2061
2063 2062
2064 2063
2067 2064
2066 2065
2069 2066
2066 2067
2065 2068
2083 2069
2071 2070
2081 2071
2080 2072
2082 2073
2082 2074
2074 2075
2075 2076
2076 2077
2079 2078
2109 2079
2078 2080
2072 2081
2071 2082
2070 2083
2086 2084
2087 2085
2087 2086
2144 2087
2089 2088
2092 2089
2098 2090
2090 2091
2098 2092
2094 2093
2095 2094
2096 2095
2097 2096
2108 2097
2099 2098
2093 2099
2107 2100
2102 2101
2103 2102
2104 2103
2100 2104
2104 2105
2105 2106
2143 2107
2101 2108
2091 2109
2114 2110
2110 2111
2113 2112
2111 2113
2117 2114
2129 2115
2115 2116
2118 2117
2125 2118
2415 2119
2119 2120
2113 2121
2123 2122
2130 2123
2128 2124
2142 2125
2116 2126
2128 2127
2132 2128
2125 2129
2124 2130
2133 2131
2126 2132
2127 2133
2135 2134
2136 2135
2141 2136
2138 2137
2139 2138
2134 2139
2139 2140
2115 2141
2120 2142
2122 2143
2088 2144
2147 2145
2145 2146
2148 2147
2149 2148
2151 2149
2149 2150
2412 2151
2153 2152
2154 2153
2041 2154
2157 2155
2150 2156
2156 2157
2157 2158
2165 2159
2159 2160
2160 2161
2161 2162
2162 2163
2163 2164
2158 2165
2167 2166
2168 2167
2171 2168
2178 2169
2169 2170
2170 2171
2178 2172
2172 2173
2173 2174
2293 2175
2177 2176
2174 2177
2179 2178
2161 2179
2181 2180
2186 2181
2180 2182
2182 2183
2183 2184
2184 2185
2187 2186
2188 2187
2197 2188
2191 2189
2196 2190
2190 2191
2195 2192
2190 2193
2236 2194
2194 2195
2192 2196
2189 2197
2199 2198
2215 2199
2214 2200
2200 2201
2201 2202
2193 2203
2215 2204
2204 2205
2209 2206
2208 2207
2206 2208
2213 2209
2205 2210
2210 2211
2213 2212
2211 2213
2198 2214
2203 2215
2164 2216
2237 2217
2237 2218
2220 2219
2221 2220
2218 2221
2219 2222
2234 2223
2223 2224
2226 2225
2224 2226
2225 2227
2227 2228
2222 2229
2235 2230
2230 2231
2231 2232
2232 2233
2235 2234
2229 2235
2217 2236
2216 2237
2245 2238
2238 2239
2239 2240
2243 2241
2238 2242
2240 2243
2241 2244
2248 2245
2250 2246
2246 2247
2269 2248
2254 2249
2254 2250
2269 2251
2258 2252
2252 2253
2175 2254
2257 2255
2249 2256
2256 2257
2259 2258
2260 2259
2251 2260
2253 2261
2255 2262
2268 2263
2263 2264
2264 2265
2265 2266
2266 2267
2262 2268
2247 2269
2271 2270
2272 2271
2292 2272
2272 2273
2273 2274
2274 2275
2278 2276
2285 2277
2277 2278
2278 2279
2284 2280
2289 2281
2281 2282
2281 2283
2279 2284
2275 2285
2287 2286
2288 2287
2290 2288
2280 2289
2282 2290
2290 2291
2265 2292
2176 2293
2308 2294
2296 2295
2297 2296
2302 2297
2295 2298
2300 2299
2306 2300
2299 2301
2303 2302
2301 2303
2307 2304
2304 2305
2305 2306
2338 2307
2295 2308
2314 2309
2311 2310
2312 2311
2309 2312
2312 2313
2298 2314
2411 2315
2315 2316
2316 2317
2317 2318
2318 2319
2319 2320
2317 2321
2337 2322
2324 2323
2322 2324
2330 2325
2327 2326
2323 2327
2326 2328
2332 2329
2327 2330
2325 2331
2331 2332
2334 2333
2335 2334
2410 2335
2328 2336
2321 2337
2337 2338
2342 2339
2343 2340
2340 2341
2346 2342
2357 2343
2343 2344
2344 2345
2341 2346
2348 2347
2349 2348
2350 2349
2351 2350
2358 2351
2351 2352
2352 2353
2355 2354
2356 2355
2353 2356
2347 2357
2336 2358
2363 2359
2361 2360
2365 2361
2369 2362
2361 2363
2360 2364
2366 2365
2372 2366
2366 2367
2373 2368
2364 2369
2409 2370
2333 2371
2378 2372
2367 2373
2409 2374
2374 2375
2375 2376
2376 2377
2371 2378
2392 2379
2381 2380
2379 2381
2384 2382
2382 2383
2388 2384
2386 2385
2395 2386
2391 2387
2389 2388
2385 2389
2383 2390
2389 2391
2387 2392
2408 2393
2402 2394
2393 2395
2393 2396
2396 2397
2370 2398
2397 2399
2408 2400
2400 2401
2398 2402
2401 2403
2407 2404
2404 2405
2405 2406
2403 2407
2394 2408
2373 2409
2332 2410
2228 2411
2152 2412
2416 2413
2416 2414
2413 2415
2427 2416
2426 2417
2417 2418
2420 2419
2421 2420
2422 2421
2423 2422
2424 2423
2480 2424
2422 2425
2420 2426
2589 2427
2437 2428
2431 2429
2428 2430
2435 2431
2430 2432
2436 2433
2433 2434
2434 2435
2432 2436
2425 2437
2442 2438
2440 2439
2441 2440
2450 2441
2441 2442
2442 2443
2443 2444
2446 2445
2479 2446
2479 2447
2449 2448
2446 2449
2445 2450
2453 2451
2453 2452
2459 2453
2452 2454
2454 2455
2458 2456
2456 2457
2455 2458
2439 2459
2462 2460
2460 2461
2463 2462
2464 2463
2465 2464
2466 2465
2470 2466
2477 2467
2474 2468
2468 2469
2467 2470
2472 2471
2588 2472
2471 2473
2473 2474
2469 2475
2475 2476
2476 2477
2468 2478
2461 2479
2448 2480
2482 2481
2483 2482
2484 2483
2485 2484
2501 2485
2488 2486
2495 2487
2495 2488
2488 2489
2491 2490
2493 2491
2491 2492
2494 2493
2497 2494
2500 2495
2487 2496
2498 2497
2496 2498
2498 2499
2502 2500
2490 2501
2503 2502
2515 2503
2503 2504
2515 2505
2508 2506
2508 2507
2514 2508
2506 2509
2513 2510
2509 2511
2511 2512
2512 2513
3997 2514
2507 2515
2517 2516
2521 2517
2519 2518
2520 2519
2529 2520
2520 2521
2523 2522
2526 2523
2558 2524
2524 2525
2528 2526
2526 2527
2525 2528
2522 2529
2531 2530
2534 2531
2533 2532
2530 2533
2535 2534
2536 2535
2543 2536
2544 2537
2542 2538
2538 2539
2539 2540
2540 2541
2536 2542
2537 2543
2527 2544
2528 2545
2545 2546
2557 2547
2552 2548
2548 2549
2552 2550
2549 2551
2547 2552
2550 2553
2551 2554
2554 2555
2555 2556
2546 2557
2494 2558
2560 2559
2561 2560
2565 2561
2561 2562
2562 2563
2563 2564
2568 2565
2564 2566
2566 2567
2570 2568
2572 2569
2571 2570
2587 2571
2573 2572
2571 2573
2573 2574
2586 2575
2577 2576
2575 2577
2577 2578
2583 2579
2582 2580
2582 2581
2585 2582
2584 2583
2580 2584
2576 2585
2574 2586
2541 2587
2489 2588
2419 2589
2596 2590
2602 2591
2590 2592
2591 2593
2595 2594
2608 2595
2597 2596
2593 2597
2592 2598
2598 2599
2599 2600
2600 2601
2594 2602
2604 2603
2605 2604
2606 2605
2612 2606
2608 2607
2609 2608
2610 2609
2611 2610
2606 2611
2622 2612
2614 2613
2615 2614
2616 2615
2621 2616
2615 2617
2617 2618
2623 2619
2619 2620
2632 2621
2613 2622
2624 2623
2625 2624
2630 2625
2631 2626
2630 2627
2627 2628
2631 2629
2629 2630
2651 2631
2620 2632
2610 2633
2635 2634
2636 2635
2638 2636
2650 2637
2637 2638
2645 2639
2645 2640
2640 2641
2626 2642
2644 2643
2641 2644
2649 2645
2641 2646
2646 2647
2647 2648
2642 2649
2639 2650
2738 2651
2653 2652
2657 2653
2653 2654
2656 2655
2657 2656
2667 2657
2655 2658
2664 2659
2661 2660
2668 2661
2664 2662
2669 2663
2666 2664
2659 2665
2663 2666
2663 2667
2669 2668
2688 2669
2671 2670
2719 2671
2677 2672
2672 2673
2673 2674
2673 2675
2670 2676
2676 2677
2681 2678
2684 2679
2675 2680
2679 2681
2687 2682
2682 2683
2680 2684
2686 2685
2687 2686
2684 2687
2677 2688
2691 2689
2699 2690
2690 2691
2690 2692
2711 2693
2695 2694
2696 2695
2700 2696
2711 2697
2697 2698
2693 2699
2701 2700
2702 2701
2706 2702
2710 2703
2705 2704
2708 2705
2703 2706
2708 2707
2887 2708
2887 2709
2707 2710
2694 2711
2722 2712
2724 2713
2727 2714
2714 2715
2713 2716
2718 2717
2716 2718
2737 2719
2712 2720
2720 2721
2717 2722
2715 2723
2723 2724
2736 2725
2735 2726
2735 2727
2729 2728
2730 2729
2731 2730
2732 2731
2734 2732
2736 2733
3151 2734
2725 2735
2728 2736
2712 2737
2691 2738
2760 2739
2746 2740
2746 2741
2741 2742
2742 2743
2743 2744
2760 2745
2739 2746
2748 2747
2758 2748
2748 2749
2794 2750
2750 2751
2759 2752
2752 2753
2753 2754
2754 2755
2755 2756
2756 2757
2752 2758
2751 2759
2747 2760
2762 2761
2768 2762
2764 2763
2767 2764
2768 2765
2765 2766
2770 2767
2763 2768
2776 2769
2793 2770
2777 2771
2779 2772
2778 2773
2775 2774
2807 2775
2777 2776
2773 2777
2774 2778
2790 2779
2782 2780
2782 2781
2783 2782
2784 2783
2785 2784
2786 2785
2792 2786
2788 2787
2792 2788
2772 2789
2793 2790
2787 2791
2789 2792
2771 2793
2769 2794
2796 2795
2797 2796
2804 2797
2806 2798
2804 2799
2799 2800
2800 2801
2803 2802
2806 2803
2798 2804
2811 2805
2805 2806
2813 2807
2812 2808
2810 2809
2815 2810
2810 2811
2813 2812
2886 2813
2808 2814
2862 2815
2817 2816
2709 2817
2816 2818
2818 2819
2821 2820
2827 2821
2823 2822
2827 2823
2822 2824
2826 2825
2824 2826
2819 2827
2819 2828
2831 2829
2831 2830
2832 2831
2833 2832
2836 2833
2826 2834
2836 2835
2834 2836
2838 2837
2841 2838
2861 2839
2839 2840
2843 2841
2825 2842
2840 2843
2843 2844
2844 2845
2849 2846
2848 2847
2849 2848
2853 2849
2847 2850
2852 2851
2850 2852
2841 2853
2860 2854
2856 2855
2854 2856
2856 2857
2857 2858
2858 2859
2845 2860
2842 2861
2837 2862
2865 2863
2865 2864
2873 2865
2867 2866
2868 2867
2870 2868
2872 2869
2871 2870
2872 2871
2874 2872
2866 2873
2875 2874
2879 2875
2879 2876
2876 2877
2877 2878
2884 2879
2878 2880
2880 2881
2881 2882
2882 2883
2851 2884
2852 2885
2809 2886
2733 2887
2889 2888
2890 2889
2892 2890
2893 2891
2894 2892
2892 2893
2895 2894
2896 2895
2902 2896
2898 2897
2899 2898
2940 2899
2898 2900
2900 2901
2897 2902
2904 2903
2925 2904
2906 2905
2907 2906
2904 2907
2909 2908
2915 2909
2911 2910
2926 2911
2913 2912
2911 2913
2939 2914
2912 2915
2917 2916
2918 2917
2923 2918
2921 2919
2914 2920
2962 2921
2921 2922
2919 2923
2910 2924
2916 2925
2929 2926
2929 2927
2930 2928
2928 2929
2935 2930
2938 2931
2938 2932
2934 2933
2966 2934
2931 2935
2932 2936
2936 2937
2933 2938
2913 2939
2927 2940
2942 2941
2922 2942
2944 2943
2946 2944
2948 2945
2949 2946
2941 2947
2947 2948
2952 2949
2951 2950
2952 2951
2948 2952
3150 2953
3035 2954
2950 2955
3035 2956
2953 2957
2960 2958
2958 2959
2956 2960
2954 2961
2920 2962
2583 2963
2965 2964
2963 2965
3002 2966
3001 2967
3001 2968
2970 2969
2973 2970
2969 2971
2969 2972
2975 2973
2973 2974
3152 2975
2968 2976
2978 2977
2979 2978
2976 2979
2982 2980
2983 2981
2986 2982
2984 2983
2985 2984
2982 2985
2977 2986
2977 2987
2987 2988
3000 2989
2989 2990
2996 2991
3000 2992
2992 2993
2990 2994
2994 2995
2995 2996
2999 2997
2997 2998
2996 2999
2988 3000
2971 3001
2967 3002
3005 3003
3007 3004
3004 3005
3031 3006
3011 3007
3011 3008
3008 3009
3009 3010
3006 3011
3013 3012
3014 3013
3018 3014
3030 3015
3023 3016
3019 3017
3017 3018
3016 3019
3015 3020
3022 3021
3015 3022
3021 3023
3028 3024
3026 3025
3029 3026
3026 3027
3027 3028
3044 3029
3024 3030
3018 3031
3033 3032
2961 3033
3032 3034
3150 3035
2961 3036
3034 3037
3043 3038
3038 3039
3039 3040
3040 3041
3041 3042
3037 3043
3046 3044
3047 3045
3047 3046
3060 3047
3149 3048
3149 3049
3049 3050
3050 3051
3053 3052
3045 3053
3055 3054
3056 3055
3059 3056
3054 3057
3055 3058
3040 3059
3058 3060
3082 3061
3063 3062
3066 3063
3061 3064
3064 3065
3065 3066
3062 3067
3067 3068
3072 3069
3075 3070
3070 3071
3074 3072
3072 3073
3071 3074
3080 3075
3080 3076
3076 3077
3077 3078
3078 3079
3081 3080
3068 3081
3042 3082
3085 3083
3085 3084
3086 3085
3101 3086
3088 3087
3084 3088
3092 3089
3098 3090
3092 3091
3087 3092
3094 3093
3095 3094
3096 3095
3090 3096
3095 3097
3089 3098
3127 3099
3107 3100
3127 3101
3103 3102
3104 3103
3108 3104
3104 3105
3107 3106
3102 3107
3115 3108
3051 3109
3115 3110
3110 3111
3113 3112
3114 3113
3111 3114
3109 3115
3117 3116
3126 3117
3117 3118
3125 3119
3121 3120
3122 3121
3123 3122
3119 3123
3123 3124
3118 3125
3100 3126
3105 3127
3133 3128
3136 3129
3129 3130
3130 3131
3131 3132
3134 3133
3146 3134
3140 3135
3128 3136
3112 3137
3137 3138
3148 3139
3148 3140
3143 3141
3143 3142
3135 3143
3141 3144
3142 3145
3144 3146
3141 3147
3138 3148
3052 3149
2955 3150
3003 3151
2964 3152
3154 3153
3155 3154
3156 3155
3157 3156
3158 3157
3159 3158
3165 3159
3161 3160
3162 3161
3163 3162
3173 3163
3167 3164
3166 3165
3167 3166
3172 3167
3170 3168
3171 3169
3169 3170
3194 3171
3174 3172
3169 3173
3168 3174
3181 3175
3179 3176
3183 3177
3177 3178
3164 3179
3178 3180
3182 3181
3180 3182
3176 3183
3195 3184
3187 3185
3185 3186
3184 3187
3209 3188
3192 3189
3188 3190
3190 3191
3191 3192
3189 3193
3195 3194
3196 3195
3193 3196
3198 3197
3199 3198
3205 3199
3997 3200
3200 3201
3201 3202
3202 3203
3203 3204
3204 3205
3197 3206
3224 3207
3207 3208
3208 3209
3212 3210
3213 3211
3211 3212
3223 3213
3211 3214
3221 3215
3219 3216
3216 3217
3217 3218
3214 3219
3217 3220
3219 3221
3215 3222
3204 3223
3222 3224
3263 3225
3225 3226
3226 3227
3227 3228
3226 3229
3239 3230
3236 3231
3230 3232
3231 3233
3235 3234
3231 3235
3237 3236
3238 3237
3232 3238
3227 3239
3391 3240
3240 3241
3241 3242
3242 3243
3243 3244
3246 3245
3248 3246
3246 3247
3242 3248
3250 3249
3247 3250
3249 3251
3249 3252
3262 3253
3253 3254
3258 3255
3261 3256
3261 3257
3254 3258
3255 3259
3259 3260
3254 3261
3252 3262
3244 3263
3236 3264
3288 3265
3269 3266
3268 3267
3265 3268
3268 3269
3267 3270
3272 3271
3267 3272
3272 3273
3273 3274
3283 3275
3275 3276
3276 3277
3277 3278
3278 3279
3279 3280
3282 3281
3280 3282
3270 3283
3287 3284
3283 3285
3285 3286
3286 3287
3264 3288
3290 3289
3291 3290
3292 3291
3301 3292
3296 3293
3295 3294
3296 3295
3297 3296
3300 3297
3289 3298
3294 3299
3298 3300
3304 3301
3308 3302
3302 3303
3322 3304
3317 3305
3310 3306
3345 3307
3307 3308
3307 3309
3309 3310
3312 3311
3314 3312
3312 3313
3315 3314
3316 3315
3321 3316
3306 3317
3305 3318
3318 3319
3315 3320
3319 3321
3303 3322
3324 3323
3325 3324
3317 3325
3324 3326
3323 3327
3327 3328
3343 3329
3343 3330
3333 3331
3331 3332
3330 3333
3336 3334
3328 3335
3329 3336
3342 3337
3337 3338
3338 3339
3339 3340
3340 3341
3336 3342
3335 3343
3326 3344
3260 3345
3350 3346
3349 3347
3354 3348
3354 3349
3349 3350
3352 3351
3366 3352
3362 3353
3351 3354
3358 3355
3284 3356
3370 3357
3357 3358
3358 3359
3390 3360
3371 3361
3365 3362
3364 3363
3353 3364
3361 3365
3363 3366
3369 3367
3356 3368
3368 3369
3371 3370
3360 3371
3389 3372
3372 3373
3382 3374
3367 3375
3375 3376
3382 3377
3379 3378
3377 3379
3388 3380
3380 3381
3376 3382
3378 3383
3383 3384
3384 3385
3385 3386
3386 3387
3379 3388
3390 3389
3356 3390
3189 3391
3396 3392
3392 3393
3393 3394
3394 3395
3405 3396
3395 3397
3399 3398
3400 3399
3401 3400
3402 3401
3403 3402
3404 3403
3407 3404
3398 3405
3408 3406
3406 3407
3412 3408
3408 3409
3406 3410
3410 3411
3413 3412
3423 3413
3431 3414
3416 3415
3553 3416
3416 3417
3430 3418
3420 3419
3421 3420
3418 3421
3424 3422
3430 3423
3429 3424
3421 3425
3428 3426
3426 3427
3425 3428
3417 3429
3422 3430
3409 3431
3454 3432
3438 3433
3436 3434
3433 3435
3432 3436
3434 3437
3432 3438
3434 3439
3442 3440
3440 3441
3453 3442
3445 3443
3446 3444
3444 3445
3447 3446
3449 3447
3452 3448
3451 3449
3451 3450
3474 3451
3450 3452
3447 3453
3443 3454
3456 3455
3457 3456
3468 3457
3457 3458
3472 3459
3466 3460
3460 3461
3463 3462
3465 3463
3475 3464
3464 3465
3459 3466
3460 3467
3466 3468
3470 3469
3471 3470
3473 3471
3462 3472
3461 3473
3455 3474
3427 3475
3515 3476
3478 3477
3479 3478
3476 3479
3477 3480
3482 3481
3484 3482
3480 3483
3485 3484
3483 3485
3492 3486
3488 3487
3492 3488
3504 3489
3467 3490
3504 3491
3493 3492
3491 3493
3493 3494
3503 3495
3495 3496
3496 3497
3497 3498
3498 3499
3496 3500
3500 3501
3501 3502
3494 3503
3507 3504
3506 3505
3490 3506
3506 3507
3552 3508
3508 3509
3509 3510
3510 3511
3511 3512
3512 3513
3505 3514
3486 3515
3517 3516
3518 3517
3531 3518
3520 3519
3522 3520
3502 3521
3524 3522
3525 3523
3521 3524
3524 3525
3527 3526
3519 3527
3526 3528
3528 3529
3529 3530
3532 3531
3523 3532
3551 3533
3538 3534
3537 3535
3537 3536
3533 3537
3550 3538
3541 3539
3535 3540
3540 3541
3541 3542
3542 3543
3547 3544
3549 3545
3545 3546
3546 3547
3546 3548
3543 3549
3536 3550
3532 3551
3507 3552
3299 3553
3557 3554
3996 3555
3557 3556
3566 3557
3562 3558
3563 3559
3559 3560
3571 3561
3559 3562
3561 3563
3558 3564
3564 3565
3555 3566
3558 3567
3570 3568
3568 3569
3567 3570
3556 3571
3569 3572
3629 3573
3572 3574
3582 3575
3581 3576
3578 3577
3579 3578
3573 3579
3583 3580
3582 3581
3577 3582
3574 3583
3583 3584
3595 3585
3587 3586
3598 3587
3586 3588
3588 3589
3589 3590
3590 3591
3591 3592
3594 3593
3585 3594
3596 3595
3605 3596
3596 3597
3597 3598
3600 3599
3601 3600
3602 3601
3603 3602
3647 3603
3614 3604
3599 3605
3598 3606
3608 3607
3610 3608
3610 3609
3646 3610
3631 3611
3613 3612
3609 3613
3624 3614
3613 3615
3604 3616
3604 3617
3621 3618
3623 3619
3623 3620
3620 3621
3617 3622
3622 3623
3615 3624
3626 3625
3580 3626
3628 3627
3625 3628
3627 3629
3645 3630
3632 3631
3630 3632
3632 3633
3633 3634
3634 3635
3638 3636
3636 3637
3635 3638
3637 3639
3639 3640
3640 3641
3641 3642
3644 3643
3642 3644
3628 3645
3611 3646
3616 3647
3629 3648
3650 3649
3651 3650
3652 3651
3653 3652
3659 3653
3660 3654
3661 3655
3655 3656
3661 3657
3765 3658
3654 3659
3658 3660
3654 3661
3665 3662
3662 3663
3657 3664
3664 3665
3662 3666
3668 3667
3669 3668
3670 3669
3671 3670
3691 3671
3671 3672
3668 3673
3676 3674
3676 3675
3677 3676
3689 3677
3675 3678
3678 3679
3682 3680
3690 3681
3683 3682
3684 3683
3685 3684
3681 3685
3685 3686
3688 3687
3686 3688
3681 3689
3670 3690
3666 3691
3766 3692
3698 3693
3709 3694
3709 3695
3695 3696
3696 3697
3697 3698
3700 3699
3706 3700
3696 3701
3701 3702
3707 3703
3705 3704
3703 3705
3704 3706
3702 3707
3710 3708
3692 3709
3694 3710
3708 3711
3711 3712
3712 3713
3713 3714
3710 3715
3715 3716
3722 3717
3721 3718
3720 3719
3718 3720
3717 3721
3735 3722
3722 3723
3734 3724
3728 3725
3727 3726
3728 3727
3730 3728
3733 3729
3732 3730
3729 3731
3731 3732
3723 3733
3723 3734
3705 3735
3763 3736
3745 3737
3763 3738
3738 3739
3743 3740
3740 3741
3741 3742
3739 3743
3724 3744
3744 3745
3764 3746
3737 3747
3747 3748
3756 3749
3748 3750
3752 3751
3753 3752
3754 3753
3755 3754
3749 3755
3750 3756
3750 3757
3757 3758
3758 3759
3762 3760
3760 3761
3759 3762
3746 3763
3737 3764
3699 3765
3621 3766
3768 3767
3769 3768
3771 3769
3769 3770
3772 3771
3788 3772
3810 3773
3775 3774
3773 3775
3774 3776
3776 3777
3787 3778
3780 3779
3782 3780
3789 3781
3783 3782
3781 3783
3781 3784
3779 3785
3778 3786
3795 3787
3778 3788
3792 3789
3793 3790
3790 3791
3809 3792
3794 3793
3796 3794
3794 3795
3808 3796
3800 3797
3799 3798
3806 3799
3803 3800
3855 3801
3801 3802
3802 3803
3797 3804
3799 3805
3807 3806
3801 3807
3798 3808
3791 3809
3788 3810
3812 3811
3813 3812
3815 3813
3817 3814
3816 3815
3824 3816
3816 3817
3823 3818
3820 3819
3823 3820
3843 3821
3819 3822
3821 3823
3820 3824
3826 3825
3827 3826
3828 3827
3829 3828
3842 3829
3831 3830
3834 3831
3837 3832
3822 3833
3837 3834
3832 3835
3835 3836
3833 3837
3840 3838
3836 3839
3841 3840
3839 3841
3830 3842
3805 3843
3821 3844
3846 3845
3847 3846
3848 3847
3849 3848
3858 3849
3851 3850
3852 3851
3854 3852
3850 3853
3861 3854
3856 3855
3862 3856
3859 3857
3860 3858
3866 3859
3859 3860
3994 3861
3994 3862
3856 3863
3863 3864
3857 3865
3892 3866
3714 3867
3995 3868
3876 3869
3871 3870
3872 3871
3873 3872
3883 3873
3883 3874
3874 3875
3868 3876
3881 3877
3877 3878
3878 3879
3879 3880
3884 3881
3875 3882
3884 3883
3869 3884
3891 3885
3907 3886
3888 3887
3886 3888
3938 3889
3889 3890
3875 3891
3870 3892
3894 3893
3895 3894
3912 3895
3911 3896
3899 3897
3899 3898
3900 3899
3901 3900
3902 3901
3903 3902
3887 3903
3887 3904
3904 3905
3905 3906
3885 3907
3897 3908
3910 3909
3896 3910
3912 3911
3898 3912
3914 3913
3915 3914
3916 3915
3917 3916
3921 3917
3913 3918
3920 3919
3918 3920
3937 3921
3923 3922
3924 3923
3936 3924
3915 3925
3936 3926
3926 3927
3927 3928
3930 3929
3927 3930
3928 3931
3935 3932
3935 3933
3933 3934
3931 3935
3925 3936
3896 3937
3886 3938
3880 3939
3942 3940
3940 3941
3939 3942
3993 3943
3943 3944
3944 3945
3945 3946
3946 3947
3947 3948
3951 3949
3952 3950
3957 3951
3951 3952
3966 3953
3955 3954
3968 3955
3955 3956
3967 3957
3961 3958
3958 3959
3962 3960
3967 3961
3953 3962
3992 3963
3963 3964
3959 3965
3954 3966
3960 3967
3947 3968
3970 3969
3971 3970
3972 3971
3973 3972
3977 3973
3965 3974
3982 3975
3975 3976
3978 3977
3976 3978
3980 3979
3991 3980
3978 3981
3974 3982
3984 3983
3985 3984
3986 3985
3990 3986
3988 3987
3989 3988
3986 3989
3981 3990
3981 3991
3965 3992
3942 3993
3865 3994
3867 3995
3435 3996
