steiner points
352 213
352 421
696 576
761 326
774 416
827 478
352 555
1044 451
1044 195
1044 202
774 478
603 555
1468 218
1434 451
1231 451
774 576
696 675
661 834
365 876
559 876
649 876
362 878
362 1072
362 1011
122 1179
41 1288
41 1377
41 1523
193 1523
568 1523
594 1634
568 1426
250 1523
362 1162
1322 1262
718 1426
1002 1262
795 1407
406 1523
642 1634
780 1700
1002 1339
703 1652
486 1072
1415 893
1576 893
1613 893
1786 893
1576 1153
1346 1262
1063 1262
1322 1291
1322 1459
1506 1598
1506 1638
1576 1243
981 1407
696 828
2324 193
2315 301
2315 316
2315 360
2376 360
2450 360
2315 421
1917 813
1892 820
2023 611
2280 718
2447 742
2280 742
2243 817
2280 611
2315 568
2622 314
2786 314
2853 314
2786 420
2786 511
2698 511
2645 511
3045 52
3045 169
3045 202
2735 314
3032 424
3032 613
3032 314
2905 792
3014 778
3014 656
2883 810
3014 792
2883 975
3123 867
3118 855
3038 855
2491 337
2017 1155
2166 1155
2492 1155
1982 1508
2663 1640
2282 1584
2089 1584
2663 1527
2352 1584
2732 1640
2646 1697
2417 1697
1982 1298
2883 1016
3185 1499
3093 1499
2947 1249
2978 1614
2928 1640
2877 1640
2947 1345
2594 1697
2978 1499
1718 1243
273 2014
515 2295
273 2295
771 1908
804 1908
841 1906
478 2295
515 2383
704 2383
804 2199
515 2383
759 2424
759 2494
804 2360
759 2383
218 2349
1081 1920
1112 2005
1112 2070
1526 2241
1424 2257
1288 2257
1112 2257
1288 2395
943 1906
58 2987
58 3183
166 3186
103 3186
58 3186
489 3305
188 3305
486 2777
753 2525
595 2663
506 3112
749 3202
489 3293
188 3417
689 3202
506 3202
805 3302
749 3239
486 2910
188 3476
1290 2736
1229 2736
1402 2736
1196 2736
1174 2736
1174 2779
1135 2938
1326 2736
1556 2736
1562 2914
1562 2922
1557 2922
1562 2768
1532 3384
1076 3127
1292 3381
1076 3302
1076 3381
140 3551
140 3929
297 4026
140 4026
267 4281
140 4248
41 4248
39 4298
39 4306
561 3726
561 4026
549 4026
561 3731
549 4130
549 4314
706 4407
569 4407
662 4026
1043 3899
952 3899
1321 3899
952 3928
1478 3899
1478 3724
1478 3765
1150 3899
1507 4001
1150 3986
1143 4116
1132 4351
1446 4471
1132 4471
1132 4344
858 4013
414 4026
140 3852
753 2663
1819 2053
2084 2155
1954 2158
1922 2206
1819 2206
1720 2239
1827 2392
2223 2129
2108 2155
2210 2202
2210 2232
2219 2271
2290 2271
2210 2155
2008 2445
2008 2633
2135 2725
2540 2605
2020 2725
2367 2725
2020 2789
2040 2833
2909 2360
2705 2386
2553 2605
2705 2566
2662 2635
2662 2704
2928 1806
2970 2085
3232 2122
3103 2085
3190 2122
3275 2122
2928 2330
3131 2382
3131 2415
3036 2415
2968 2386
2909 2386
2818 2386
2992 2415
2662 2605
2367 2798
2040 2896
2040 2994
2100 3061
2225 3118
2024 3108
2295 3118
2382 3118
2100 3108
2225 3231
2002 3560
2230 3621
2225 3621
2488 3621
2298 3621
2426 3621
2426 3666
2225 3265
2140 3902
2311 3902
2527 3902
2312 3902
2423 3760
2574 3975
2590 3997
2040 3914
2423 3902
2054 3621
2883 3318
3204 3361
2883 3413
2930 3413
3022 3413
3204 3413
2883 3639
2770 3639
2883 3598
2883 3503
3116 3652
3210 3652
3210 3663
3210 3828
2939 3652
2727 3639
2677 3639
2267 4228
2144 4228
2312 4068
2312 4216
2312 4309
2360 4309
2461 4309
2060 4372
2830 4192
2794 4235
2540 4309
2850 4462
2794 4309
3181 4462
2312 4228
2100 2999
1819 2239
2928 2085
3760 210
3963 210
3760 268
3760 473
4473 76
4245 148
4411 269
4260 149
4411 149
4411 374
4360 609
4289 616
4197 642
4411 548
4034 148
3487 992
3494 1068
3984 1080
3686 1118
3530 1118
4126 818
3984 953
4126 824
4169 1004
3988 928
3743 1080
4038 1195
4072 1220
3947 1080
4379 916
4286 970
4379 970
3701 1118
4126 928
5286 77
5159 77
5696 67
4793 77
5655 77
5655 288
5749 288
5644 295
5530 336
5655 77
5110 565
5110 676
5101 688
5053 688
4822 688
5053 1042
4971 1042
4875 1042
5053 925
5647 570
5452 510
5526 432
5526 510
5715 762
5846 766
5813 565
5824 565
5914 565
5825 766
5914 766
5914 666
5946 1239
5946 1135
5659 762
5980 1259
5153 676
5452 676
4628 76
3421 1470
3529 1504
3619 1767
3902 1987
3751 1993
3619 1993
3535 2122
3848 1993
3619 1734
4480 1549
4450 1549
4283 1549
4260 1652
4046 1987
4592 1945
4724 1945
4260 1945
4150 2040
4181 2134
4260 1725
3848 2138
3848 2292
3848 2383
3770 2634
3770 2501
3713 2634
3942 2708
3635 2752
3969 2847
3949 2847
3635 2687
4151 2560
4115 2849
4257 2990
4257 2596
4216 2990
4168 2990
4115 2990
4257 3003
3949 2897
3770 2404
5076 1490
4823 1490
5076 1611
5210 1611
4749 1886
4369 1945
5076 1612
5303 1887
5247 1887
5238 1887
5070 1886
5253 1985
5253 2074
5247 1942
5076 1886
5216 2259
5481 2476
5143 2409
5677 2476
5253 2181
5009 1886
5980 1393
5980 1410
5818 1458
5724 1458
5724 1633
5690 1952
5784 1974
5940 1974
5998 2086
5724 1952
5690 2255
5841 2320
5690 2320
5216 2409
5300 2533
5690 2125
5677 2503
4808 2781
5044 2781
5044 2857
5044 2902
4966 3116
5216 2533
5216 2756
5216 2857
5368 2956
5200 2857
5872 2698
5734 2927
5872 2927
5615 2956
5368 2899
4150 1987
5963 1458
3876 3433
3783 3433
3761 3433
4205 3406
4234 3406
4341 3406
4363 3406
4129 3468
4427 3619
4432 3651
3937 3468
3379 4014
3622 4189
3414 4189
3622 4262
3787 4286
3583 4363
3570 4424
3881 4180
3622 4286
3860 4383
4129 3868
4396 3991
4401 4046
4401 4098
4401 4383
4275 4383
3860 4286
3985 4383
4129 3933
4738 3521
5131 3526
4513 3686
5015 3262
5210 3526
4678 3521
5015 3521
5131 3643
5069 3791
5133 3796
5605 3787
5131 3791
4678 3686
5739 3787
5556 3787
5389 3787
5482 3904
4678 3797
4893 4297
4924 4297
5379 4297
4715 4110
4715 4297
5739 3700
5739 3777
5793 3867
5864 3867
5945 3383
5967 3571
5967 3678
5482 3787
5747 3867
5967 3867
5254 3796
4715 4325
4966 3179
3190 2224
489 5050
403 5050
113 5050
492 5071
610 5159
252 5344
482 5234
419 5344
910 4837
910 4960
872 5159
910 5159
931 5195
492 5159
196 5530
181 5886
119 5903
119 6008
583 5794
842 5836
456 5794
842 5937
844 6063
491 6158
599 6258
727 6258
755 6190
844 6120
844 6190
231 6078
599 6307
709 6549
1065 6549
878 6549
599 6549
599 6603
591 6631
599 6601
181 5681
1203 4936
1203 5097
1203 5125
1244 5128
1297 5266
1698 5401
1495 5401
1406 5401
1757 4743
1748 4968
1747 5236
1747 5263
1406 5326
1337 5442
1267 5815
1351 5815
1514 5721
1279 5815
1377 5931
1594 5615
1698 5610
1698 5541
1846 5736
1884 5839
1764 5906
1764 5943
2291 6013
1377 5815
1846 5610
1402 5990
1393 6185
1326 6382
1184 6549
1326 6549
1326 6458
1326 6796
1699 6344
1651 6452
1699 6452
1699 6506
1709 6542
1709 6622
1709 6713
1709 6804
1571 6804
1402 6154
800 6549
270 6961
407 7083
69 7125
270 7083
196 7154
196 7210
196 7408
591 6854
544 7090
569 6968
569 7090
644 7258
723 7266
196 7125
1196 7098
1033 7266
1067 7266
1196 7266
1033 7391
961 7515
1033 7515
808 7266
812 7919
330 7930
330 8021
723 7775
583 8232
515 8232
330 8232
1227 7860
971 7929
1227 8003
1128 8012
1195 8012
1195 8168
1195 8249
723 8223
723 7919
1864 7001
1864 7180
1864 7337
1578 7461
1764 7461
1864 7461
1873 7534
1851 7787
1755 7787
1403 7787
2014 7947
1973 7879
1947 7914
1973 7914
1851 7914
1873 7720
1851 8064
569 7258
2815 4773
2502 4785
2505 4946
2309 5024
2502 4946
2358 4946
2189 5116
2535 5231
2535 5259
2535 5153
2596 4773
3040 4905
2832 4773
2832 4855
3142 5059
3185 5114
2937 4855
2452 5330
2372 5461
2372 5505
2440 5567
2440 5711
2440 5888
2597 6013
1884 5905
2083 5905
2141 6013
2440 5635
2877 5524
3261 5667
2877 5652
3087 5667
3087 5739
2877 5739
2970 5739
3108 6037
2130 5905
3180 6057
3108 5788
2764 6037
2372 5440
2494 6486
2198 6366
2332 6366
2494 6430
2475 6497
2473 6608
2764 6183
2762 6390
2628 6486
2602 6486
2704 6566
3010 6587
2704 6486
2397 6643
2397 6767
2588 6818
2674 6818
2684 6818
2684 6867
2684 6898
2684 6907
2397 6818
2585 6818
3120 6578
3115 6587
2861 6587
3115 6607
3115 6699
3093 6716
2987 7043
3093 6848
2981 7043
2712 6587
2352 7349
2382 7349
2352 7498
2987 7125
2591 7254
2987 7215
2785 7412
2591 7349
2674 7352
2987 7412
2885 7671
2971 7600
2909 7670
2807 7689
2940 7711
2940 7670
2756 7352
2519 8112
2423 8112
2182 8112
2593 8210
3120 8108
2899 8210
3086 8210
2818 8210
3120 7794
2987 7517
2764 6324
2440 6013
101 8446
920 8525
128 8598
128 8677
118 8989
1005 8525
332 8525
766 8525
569 8525
550 8525
501 8525
906 8952
550 8952
678 8952
739 8952
550 8734
128 8525
289 9308
402 9308
544 9308
256 9322
544 9403
544 9592
739 9403
739 9027
725 9403
868 9505
624 9403
457 9899
544 9899
655 9899
747 9899
544 9717
868 9438
1362 8550
1556 8613
1425 8614
1533 8614
1533 8780
1533 8992
1490 8992
1381 8992
1362 9059
1327 9068
1575 9036
1948 8431
2032 8431
2150 8431
2150 8602
2150 8668
2092 8835
1863 9036
1754 9036
2092 9036
2092 9102
2468 8501
2468 8668
2468 8670
2367 8668
1854 9036
1564 9352
1279 9596
1623 9312
1698 9312
1817 9312
1460 9352
1284 9352
1616 9557
1616 9584
1616 9671
1768 9684
1574 9462
1564 9394
1768 9821
1698 9924
1768 9924
1698 9978
2092 9258
2092 9315
2092 9383
2248 9383
2868 9412
2035 9648
2035 9702
2116 9707
2116 9821
2128 9841
2010 9821
2116 9766
2177 9841
2464 9841
2464 9976
2313 9841
2056 9511
1925 9821
2092 9204
3086 8368
3046 8371
3046 8421
3046 8446
2941 8540
2941 8606
2941 8930
3098 8930
2941 8762
2786 8955
2961 9200
2961 9214
2387 9412
2670 9412
2868 9445
2941 8955
2969 9725
2868 9676
3099 9725
2868 9725
2969 9933
2941 9148
2961 9412
1059 9596
3086 8336
3415 4817
3911 4967
3923 4870
4181 4870
3757 4817
4042 4870
3874 4967
3594 4817
3761 4967
3331 5175
3424 5254
3424 5284
3476 5313
3286 5667
3606 5344
3476 5344
3467 5667
3346 5667
3728 5344
3760 5354
3781 5496
3911 5091
4043 5293
4282 5309
4399 5309
4024 5582
4117 5444
3967 5582
3760 5496
3312 5667
3911 5208
4628 4784
4476 4784
4628 4929
4909 5002
4665 5002
4604 5085
4500 5103
4399 5444
4669 5580
4645 5592
4517 5592
4428 5592
4117 5309
4090 5582
5027 4818
5027 4900
5377 4900
5050 5127
5057 5180
5246 4900
5027 5002
5542 5248
5542 5155
5264 5556
5513 5294
5379 5583
5284 5583
5497 5619
5497 5583
5902 4896
5906 4896
5902 5155
5902 5361
5902 5430
5902 5629
5959 5629
5649 5155
4665 5040
4211 6012
3982 6012
3785 6012
3785 6076
3755 6099
3491 6393
3491 6495
3491 6593
3548 6617
3849 6304
4119 6494
3849 6494
3817 6494
3765 6658
3653 6658
3755 6195
3765 6690
3950 7045
4122 7045
4196 7045
3711 7065
3765 7045
4543 6280
4543 6014
4473 6280
4819 6284
4592 6284
4543 6284
4543 6358
4331 6494
4734 6672
4553 6583
4553 6672
4609 6672
4721 6672
4705 6889
4705 6892
4705 6938
4696 7016
4609 6815
4543 6494
5284 5877
5582 5933
5377 5988
5317 5988
5284 5919
5582 5988
5977 6242
5169 6267
5016 6415
4869 6415
5019 6415
5268 6756
5213 6756
5019 6749
5019 6536
5032 6749
5195 6798
5195 6756
6106 6242
6450 6242
5836 6600
5836 6618
5836 6782
5836 6833
5836 6960
6540 6242
5377 6064
5169 6415
5639 5988
3569 7327
3341 7110
3428 7369
3544 7369
3341 7417
3318 7504
3306 7631
3820 7253
3684 7253
3820 7253
3820 7440
3889 7440
4150 7354
4160 7375
3995 7253
3780 7654
3820 7643
3820 7484
3921 7698
3927 7782
3954 7802
3953 7867
3954 7831
3921 7643
4095 7253
3588 8406
3592 8406
3584 8432
3446 8460
4045 8036
3930 8046
3998 8059
3982 8059
3982 8124
3982 8157
4074 8036
4177 8036
3713 8406
3855 8514
3982 8268
3784 8557
3982 8514
3784 8514
3930 7910
4551 7592
5064 7592
4931 7592
4881 7363
4931 7363
4960 7363
5124 7363
4696 7592
4853 7592
4650 7592
4608 7592
4931 7504
5074 7713
4354 8049
4537 8280
4379 8307
4515 8307
5032 8207
4650 8207
4926 8207
4650 8234
4515 8412
4515 8543
4704 8543
5118 8079
4816 8207
4650 8280
5032 8335
4650 7887
5523 7245
5523 7501
5312 7564
5330 7623
5523 7623
5615 7623
5330 7700
5843 7733
5632 7733
5708 8023
5330 7857
5502 7992
5898 8059
5746 8059
5746 8109
5747 8120
5752 8323
5752 8468
5665 8494
5482 8494
5674 8494
5330 7992
5266 8062
4208 8049
3504 8754
3523 8754
3784 8623
3628 8754
3670 8754
3705 9071
3504 8924
3683 9039
3757 9205
3504 9039
3796 9266
3459 9713
3796 9368
3614 9713
3653 9713
3796 9713
3653 9863
4282 8729
4244 8729
4282 8963
4402 9038
4402 9096
4482 9196
4402 9196
4074 9266
4402 9266
4402 9300
4282 8830
4260 9769
4509 9500
4509 9578
4629 9662
4498 9696
4488 9752
4260 9890
4403 9890
4488 9890
4402 9464
4002 9266
4960 8727
4865 8727
5155 8812
4988 8812
5299 8862
5223 8862
5155 8862
5155 9252
5155 9095
5155 8980
5149 9252
4841 9252
5656 8829
5792 8884
5446 8868
5609 8999
5719 8884
5871 8712
5871 8884
5719 8999
5536 8999
5676 9240
5769 9240
5842 9413
5536 9082
5536 9240
4837 9665
5064 9751
5162 9872
5266 9872
5723 9936
5924 9844
5858 9585
5782 9925
5376 9936
5266 9936
5858 9844
4509 9662
3761 8754
3341 7369
3108 6037
4715 4655
6490 406
6517 406
6538 406
6781 227
6216 559
6259 559
6216 624
6216 670
6477 546
6490 546
6657 546
6490 511
6477 580
6477 739
6320 546
6980 115
6905 115
7142 85
7176 85
7389 85
7056 165
7056 254
6905 188
7126 85
7471 140
7056 115
7414 299
7378 402
7313 402
7414 140
7378 595
7496 713
7378 713
7211 829
7138 829
7378 829
7378 885
6674 406
6262 1395
6507 1395
6515 1585
6515 1586
6357 1774
6347 1774
6515 1774
6265 1774
6689 1774
7047 1139
7151 1265
7268 1433
7170 1433
7151 1433
7051 1538
7151 1538
7425 1411
7151 1616
6720 1959
6912 1986
6791 1986
6912 2099
7152 2070
7168 2070
7265 1690
7335 1776
7335 1900
7205 2032
7335 2032
7349 2079
7152 2106
7027 2106
7335 1884
6265 2006
6588 2299
6314 2370
6314 2438
6314 2578
6314 2742
7027 2236
6314 2299
6811 2276
6881 2276
6881 2532
6936 2650
7234 2726
6881 2650
6746 2299
7486 2402
7674 2402
7486 2409
7486 2586
6971 2726
7430 2726
7430 2806
7430 2855
7027 2145
7138 1139
7957 169
8039 435
8087 435
8310 411
7957 435
8232 498
8310 498
8224 525
8224 498
8396 761
8224 719
8324 752
8234 752
7848 1192
8025 1250
8234 869
8234 1256
8177 1256
8397 1256
8067 1256
8829 191
8757 194
8616 194
8597 194
8757 312
8961 326
8852 586
8778 591
8802 591
8802 746
8802 835
8793 835
8436 835
8992 561
9178 662
9178 732
9178 561
8731 1143
8731 1210
9142 1062
9080 1062
9080 1143
9024 1143
8946 1143
9086 1196
8946 1221
8877 1143
9080 957
8961 561
9841 188
9833 288
9541 288
9397 288
9833 398
9833 538
9657 732
9671 547
9671 732
9671 820
9634 1084
9480 1125
9724 820
9335 732
8793 903
8037 1462
8037 1549
8037 1723
8037 1805
8037 1837
8620 1586
8473 1623
8473 1654
8215 1837
8473 1837
8306 2101
8356 2101
8661 2109
7906 2135
8678 2109
8294 2101
8037 2101
8306 2315
8200 2402
8123 2539
8144 2658
8472 2665
8472 2732
8483 2861
8123 2571
8037 1946
9086 1288
9056 1403
9120 1749
9056 1749
9056 1606
8899 1886
8579 2101
9120 2110
9214 2110
9080 2118
8899 2109
8899 1784
9516 1828
9443 1828
9395 1828
9443 1954
9459 1985
9459 2130
9294 1828
9869 1678
9869 1726
9907 1878
9948 2049
9907 2049
9869 1828
9207 2417
8909 2547
9124 2547
9167 2547
9603 2407
9482 2417
9459 2417
9459 2417
9668 2792
9438 2417
9603 2417
9080 2110
9086 1403
7796 2259
6256 3191
6188 3191
6256 3267
6256 3373
6392 3528
6273 3528
6256 3528
6817 3181
6838 3184
6759 3584
6638 3584
6525 3588
6484 3588
6838 3609
6838 3718
6838 3345
7009 3345
7299 3355
7190 3355
7188 3443
7136 3443
7066 3443
7188 3632
7188 3677
7188 3593
6838 3584
6216 3617
8041 3105
8002 3105
7778 3451
7831 3451
8041 3451
7538 3451
7778 3503
8041 3358
7778 3665
6862 4014
6520 3953
6726 3799
6726 3953
6492 4074
6507 4368
6507 4522
6507 4547
6789 4646
6507 4781
6567 4847
7012 4350
7012 4355
7218 4531
6701 4547
6833 4646
7053 4531
7037 4646
7037 4531
6507 4727
6492 4165
7612 4122
7733 4122
7971 4122
8173 4139
7561 4156
7561 4311
7561 4459
7322 4557
7561 4567
7472 4567
7470 4574
7322 4574
7431 4754
7470 4696
7470 4754
8049 4697
7797 4749
7812 4758
7857 4758
8049 4758
7586 4567
7704 4567
6916 4646
6492 4097
9167 3076
9121 3076
8768 3089
8959 3105
8942 3235
8815 3235
8768 3235
8536 3650
8563 3706
8942 3516
8942 3625
8856 3782
8856 3925
8817 3986
9146 3625
9453 3625
9454 3770
9654 3770
9796 3770
9454 3785
9407 4008
9369 3935
9369 4008
8942 3706
8856 3706
9945 3271
9945 3287
9938 3547
9189 3625
9796 3957
9796 3965
9819 3965
9369 3811
8707 4357
8694 4374
8614 4374
8500 4374
8824 4210
9005 4230
8883 4315
8883 4357
8883 4446
8804 4357
8847 4611
8847 4725
8847 4482
8883 4230
9376 4230
9376 4391
9376 4644
9548 4719
9376 4719
9376 4362
8817 4154
8408 4218
9167 2965
6448 5206
6418 5206
6370 5206
6370 5441
6370 5533
6659 5035
6670 5044
6792 5206
6670 5206
6869 5348
6839 5348
6814 5692
6839 5385
6839 5692
6472 5206
7206 5165
7092 5327
7206 5327
7206 5408
7234 5408
7369 5432
7561 5432
7297 5432
7385 5432
6981 5327
5521 6242
5836 6242
6552 6294
7191 6112
6847 6219
7191 5924
7191 5968
7243 6112
7286 6112
7054 6124
7054 6204
7297 6381
7004 6124
6864 5871
6832 6294
7475 6457
6864 6124
7818 5197
8320 5268
7769 5568
7633 5556
7810 5568
7975 5297
7828 5297
7975 5531
8002 5268
8186 5268
7975 5568
7975 5748
7975 5815
7835 6027
7788 6184
7788 6299
7788 6452
7975 5921
7798 5568
6715 6742
6715 6742
6835 6742
6715 6833
6626 6900
6626 7041
6626 7109
6941 7161
6605 7285
6827 7161
6626 7161
7277 7392
7069 7392
6342 7740
6506 7740
6559 7740
6607 7740
6692 7740
6921 7740
6986 7740
6921 7488
6626 7285
7512 6655
7215 6642
7273 6642
7475 6532
7631 6655
7475 6642
7829 6735
7932 6735
8047 6735
8153 6735
8313 6735
7512 6768
7715 7044
7644 7044
7362 7316
7604 7183
7392 7188
7480 7188
7601 7188
7601 7301
7601 7409
7029 7392
7883 7049
8176 7049
8176 7089
8176 7280
8274 7338
8176 7338
8172 7477
8105 7491
8172 7380
8203 7049
7372 7832
7475 7832
7372 7986
7372 8234
7858 7710
7907 7710
7733 7733
7693 7782
7693 7832
8105 7579
7736 7710
8264 8034
8105 7710
7693 7951
8264 7721
7715 6916
6941 7392
7715 6735
8848 5468
8686 5038
8555 5038
8688 5317
8555 5209
8555 5317
9018 5187
9027 5187
9018 5461
8941 5468
8688 5468
8688 5693
8600 5707
8600 5850
8600 5899
8600 5977
8534 5995
9072 5710
9009 5827
8853 5899
8894 5899
8894 6047
8894 5990
8688 5528
9855 5038
9351 5396
9468 5534
9254 5573
9739 5247
9739 5470
9435 5534
9500 5608
9500 5656
9569 5656
9739 5656
9351 5534
9569 5913
9856 6061
9573 6061
9550 6143
9701 6061
9827 6061
9573 6125
9827 6175
9569 5824
9216 5663
8860 6460
8841 6460
8860 6328
8770 6486
8752 6545
8429 6753
8714 6753
8714 6849
8714 7019
8967 7111
8866 7154
8765 7154
8726 7154
8752 6753
9941 6588
9831 6588
9702 6588
9232 6596
9678 6707
9634 6707
9297 6707
9341 6992
9498 6992
9431 6992
9431 7146
9282 6961
9678 6992
9784 7048
9784 7204
9784 7139
9678 6898
9171 6961
8601 7588
8508 7588
8508 7741
8627 7900
8792 7900
8627 8021
8627 8190
8580 8192
8866 7552
8508 7787
8933 7901
9143 7902
9050 7902
8991 7902
8866 7900
9641 7564
9452 7534
9364 7534
9329 7534
9364 7695
9641 7534
9400 7818
9496 7870
9577 7870
9143 7870
9400 7870
9604 7870
9364 7753
9143 8131
8866 7371
8941 6470
8373 6735
6231 8641
6231 8707
6231 8787
6238 8903
6297 9011
6443 9011
6238 9011
6238 9033
6231 8872
7000 8517
6552 8593
6684 8593
6737 8535
6761 8535
6811 8938
6743 8938
6684 8782
6684 8938
6638 9168
6638 9247
6638 9011
6238 9102
6517 9603
6344 9603
6344 9623
6344 9719
6553 9569
6553 9603
6344 9621
7224 9589
6681 9697
6780 9697
7044 9679
6553 9333
7280 8330
7372 8291
7611 8635
7211 8753
7373 8419
7611 8683
7453 8779
7495 8799
7272 8753
7674 8349
7611 8419
7696 8683
7829 8890
8339 8890
7453 8753
8349 8450
8349 8473
8354 8476
8354 8717
7696 8890
8056 8890
8354 8890
7325 9236
7713 9236
7679 9244
7552 9244
7524 9244
7990 9111
7990 9236
7990 9257
7990 9339
7990 9384
8043 9384
8250 9240
8354 9240
8354 9025
8250 9316
8173 9257
7939 9236
7829 9591
8013 9666
7044 9589
7480 9589
7829 9666
7752 9698
6962 9697
8254 9531
8148 9666
7923 9666
7960 9666
8029 9666
8029 9927
8029 9928
7774 9698
7960 9489
8193 9240
7638 9698
8735 8396
8643 8396
8570 8396
8910 8460
8842 8460
8786 8460
8533 8940
8567 8962
8580 9014
8746 8972
8910 8701
8910 8972
8658 9186
8658 9240
8658 9315
8658 9368
8658 9558
8743 9558
8658 9516
8915 9653
8915 9877
8989 9910
8658 9670
9231 9580
8658 9014
9814 8370
9814 8552
9569 8585
9814 8585
9870 8796
9870 8873
9684 8983
9870 8983
9814 8716
9383 9244
9304 9299
9304 9428
8915 9580
9684 9065
9684 9226
9554 9347
9554 9417
9554 9520
9637 9654
9304 9244
9554 9841
9637 9836
9637 9754
9392 9871
9645 9836
9554 9244
9233 9580
8401 9240
7372 8330
6592 4918
5377 6242
edges
2364 166
2332 1940
2081 45
3362 951
3265 1469
3263 500
2081 819
2058 971
3342 1100
3365 110
2364 599
2362 1269
2399 1818
2366 1009
3262 1453
3269 672
3264 916
3391 560
2365 637
2342 1851
2000 232
3261 273
2008 1250
2012 1432
3394 1038
3270 1656
3270 1712
2333 1375
2335 443
2328 806
3266 398
2082 847
3342 1882
3268 626
3391 1356
3362 1609
2058 82
3365 730
2008 987
2009 1174
2083 1484
2329 583
2000 1619
2012 1213
2363 364
3249 846
3364 891
3267 348
3345 488
2084 1794
2330 73
2334 175
2368 1860
3393 199
2369 561
2074 653
3272 1581
2059 909
3394 351
3366 1449
2076 1345
2060 229
2003 1865
2003 993
3367 1280
2370 1721
2097 952
2368 1824
3247 69
2063 415
3274 1286
2337 539
3246 337
2062 1669
3395 267
3274 6
3248 1039
3345 1538
2004 1228
3283 70
2077 674
2001 783
2064 1933
3344 357
2085 1919
2383 1588
3343 18
3267 47
2013 515
2331 732
2080 391
2005 1737
3347 129
3348 427
2388 381
2372 1845
2382 1406
2079 1764
3257 1472
2331 1110
3349 189
3346 184
3250 1462
3260 121
3375 314
3396 296
2011 755
2376 693
2389 1097
2014 983
3256 736
3398 1149
2341 620
2006 297
3369 1346
3251 1355
3378 216
2372 519
2387 1452
2073 851
2381 576
2015 280
2080 328
3258 1167
3368 1928
3369 1361
3276 1155
2387 918
2338 438
2067 1734
2086 1647
2339 126
3252 698
2078 177
2340 1920
2090 1044
3256 1122
3376 1389
3277 1264
2392 744
3253 1638
2016 1625
2397 635
2376 696
2374 251
3277 1610
2068 1347
3352 1217
3397 729
3259 31
3404 896
3280 636
2069 1879
3371 1969
3353 1648
2069 1670
3351 1902
2385 290
2390 60
2395 984
2089 475
2386 165
2088 1917
2091 1951
2398 972
2065 1106
2071 1912
2348 408
2066 740
3403 1749
2350 1947
2057 1393
3279 450
2018 141
2017 1124
2357 489
3372 996
3403 654
3374 775
2095 1748
2094 1379
3357 1602
2019 336
2020 1878
2021 167
2094 1595
2046 876
3282 1628
2044 469
2071 894
2044 1800
3405 1175
3405 1007
3282 275
2357 1884
2380 534
2352 852
2096 355
2047 673
2349 550
3389 742
2379 1943
2358 1080
2343 1319
2093 659
2353 350
2343 1691
3259 1205
2351 1314
3253 392
2023 1292
2111 1352
3381 1240
2377 633
3381 412
2344 817
2043 1689
2043 1239
2356 44
3401 1791
2100 185
2099 1136
3384 107
2346 618
3402 1604
2360 563
2378 1786
2394 638
3379 1431
3293 1962
3388 1024
2359 1394
3355 1955
2048 590
2098 784
2036 262
2033 1985
3293 709
2024 1189
3355 1082
2354 1987
3386 1658
3285 1271
2050 1508
3380 1720
2100 1651
2355 496
3387 234
3380 1663
2393 53
2121 863
3360 1458
2114 1477
3356 1880
3402 782
3360 1907
2355 1327
2396 186
2049 1559
3361 1253
3294 572
2031 181
2379 1603
2347 1054
3359 344
3387 151
2025 1235
3432 1596
2051 1575
2110 854
3300 1337
2121 949
2041 809
2118 1262
3284 406
2026 663
2462 641
3406 837
3284 1640
3433 1464
2465 1165
2037 7
2463 188
3300 1059
2112 1956
2411 527
2035 1486
3469 1913
2442 315
3296 517
2056 969
2400 1422
2464 907
2052 1775
3406 8
3295 178
2441 215
2400 1679
2105 490
2495 1785
2038 1428
2442 605
2113 901
3298 745
2106 1844
2401 1410
2101 1397
2410 1853
2028 685
2105 645
3451 932
3298 1885
2409 363
3407 1212
2112 462
3411 389
2409 249
2103 1118
3286 581
3287 1154
3411 844
2027 747
2444 1263
2053 239
3436 306
2444 1564
2447 404
2115 21
3301 1057
3412 820
2466 1450
2039 140
2030 248
2054 1332
2117 793
2107 87
2042 1848
2412 172
3413 1121
3451 1028
3308 1780
2109 1242
2040 1916
2119 609
2108 910
3408 1412
2419 665
3452 1301
3289 1068
2408 566
2032 1198
3434 592
2040 1049
3291 1546
2402 37
2054 551
3292 731
3309 487
2104 1649
3443 436
3446 922
3409 956
2250 1855
2469 1445
3288 1996
3444 118
3414 192
3415 1058
3450 735
2461 634
2448 749
3453 1849
2122 202
3316 1107
2445 1419
3437 1863
2450 1006
2146 1061
2125 1360
3310 1008
2127 1297
2125 1688
2245 529
2448 942
2138 1438
2446 1858
2451 1667
2454 1789
2414 858
3431 764
2252 332
2467 1600
3447 180
3302 384
2468 1713
2452 293
3448 1724
2403 457
3303 978
2413 762
2223 573
2404 905
3304 342
3421 1751
2139 339
3317 283
2122 307
3438 410
3311 1037
2222 1101
2417 1562
2415 38
2253 1693
3454 1383
2222 1897
3455 1349
2229 1909
2140 889
3306 1890
2453 1777
3317 1265
3307 369
3313 1958
3313 1090
3454 931
2251 375
2470 884
3305 706
3440 501
3417 176
3314 379
3420 274
3439 1696
3441 1481
2406 1578
2477 324
2229 183
3449 899
2418 1114
3419 962
2420 1706
2470 1164
3340 906
2230 1415
2255 359
2224 335
2460 240
3441 1046
3440 333
2131 1630
2231 77
2123 941
2225 1830
2562 1539
2232 1408
2562 362
3318 562
3323 902
2418 1176
2227 1799
2141 1353
3332 40
2472 821
2142 542
2456 521
3470 1005
2234 245
2234 1726
2144 1516
3325 35
2421 958
2128 1439
2473 41
2233 310
3324 761
3461 1483
3423 1043
2473 10
2256 1930
3331 677
2458 1545
2137 9
2135 1010
2244 1627
3319 1305
3418 1893
2257 950
2257 483
2129 1838
2130 421
2422 1498
2260 1170
3466 1437
2228 954
2145 1700
3333 1227
3424 1634
2440 187
2145 570
3461 719
2458 1011
3334 1065
2259 108
3457 643
3464 1974
2133 1695
3320 148
2236 1949
2431 228
2262 419
2137 191
2457 1672
2132 1572
2134 1016
2258 666
2424 904
2478 136
3462 1593
2263 857
2478 158
2155 156
3327 913
2476 1442
3458 1078
3425 823
3458 502
2431 751
2247 1632
3459 1812
3430 878
2239 1219
3321 390
3335 1868
2434 526
2246 1064
2237 1810
2425 1659
2248 1318
3328 1843
3330 1343
3426 1334
2167 1268
2156 982
3427 1783
2175 1221
2171 741
2489 1506
2430 1277
2489 553
2249 1660
2426 223
2479 1444
2480 1434
2169 825
2238 71
3329 1797
3428 606
2170 1284
2249 1703
3322 254
2168 1629
2427 608
2485 380
2179 777
2154 714
2172 1158
2174 948
2221 1302
2479 1965
3336 1060
2242 1190
3465 1002
2265 794
3322 1196
3465 168
3338 1326
2243 278
2428 1654
2432 1270
3339 476
2488 1184
3429 617
2427 479
3429 46
2265 1573
3339 1921
2266 269
2439 739
2493 382
2482 212
2165 933
2176 1192
2178 1470
2177 531
2490 670
2173 1427
2147 512
2436 1881
2487 923
3607 1512
3554 114
2147 432
2435 122
3471 1529
2267 650
2294 612
2439 1468
2325 721
2438 1686
2438 779
2492 1019
2272 1211
3577 292
3553 765
2437 1814
2268 679
3498 1233
2158 414
3552 1012
3554 944
2178 1309
3478 327
3499 1624
3555 320
2270 1130
2491 518
2157 276
2483 27
2271 1753
2181 757
3472 1402
3499 19
2272 934
2149 558
2561 1281
3478 594
2148 623
3479 1463
2150 955
3472 1497
2293 1146
2161 799
2151 24
2274 720
3557 1864
2164 778
3558 42
2270 1682
2529 832
2282 1847
3473 1900
3577 340
3488 1429
2502 1421
3578 1140
2159 1825
2163 746
2553 1806
2152 1067
2293 717
2500 989
3487 961
3489 708
3505 271
2294 1736
2497 883
3474 1391
2182 1051
2553 869
2180 1743
2499 662
3501 1757
2501 345
2297 873
2296 424
2160 843
2498 1000
2180 1910
2496 1698
2530 571
2298 803
3492 1995
3503 1639
2506 610
2275 305
3491 373
2166 1823
3475 1491
2184 294
2278 160
2302 1238
3504 1673
2531 1022
3561 440
2498 1540
2526 1779
2530 723
3481 452
3476 1489
2303 959
3579 1294
2185 1209
2275 1465
3559 712
2304 1746
2554 405
3480 1944
3483 211
3495 657
3580 0
2301 509
3484 1191
3482 1742
3497 815
2504 796
3567 1550
2279 661
3566 1784
3502 1451
2308 1954
3493 871
2309 1709
2540 207
2533 200
3559 1143
2505 164
2307 386
2208 811
2305 1972
3506 1207
2281 1358
3506 1978
2549 1362
3494 1252
2555 1141
2528 789
2194 602
3497 999
2549 1534
3560 549
2292 752
3575 774
2276 1729
3485 484
2208 1621
2194 102
2197 428
2541 1001
3494 1395
2203 727
2287 648
2209 1336
3569 303
2550 703
3563 613
3571 1473
2536 1017
2534 466
2535 1741
2543 1872
3509 1380
3584 1666
2300 511
2306 860
2559 700
2220 1273
2204 1323
2551 481
2557 503
2517 400
2283 1316
2552 1202
2205 655
2284 1934
2285 1502
2542 1554
2290 903
3564 1417
2206 397
2186 1495
2525 1618
3529 1937
3573 258
2542 582
3508 1966
3581 664
3583 1267
2288 1246
2306 859
3582 656
2212 1990
3565 840
2558 1767
2518 93
2289 1652
2211 1414
2507 396
3572 861
2219 585
3572 1324
2218 101
2507 726
3507 89
2187 1822
2211 495
3583 981
3574 1488
2508 758
2534 154
2290 1255
2519 915
2289 1328
2312 1641
3511 1088
3507 1423
3530 1230
2202 1678
3551 554
2520 1066
2547 1733
2213 1178
3528 544
2198 1766
3531 1571
3605 433
3532 724
3527 115
2514 1623
2514 1859
2318 798
2509 680
2318 1788
2311 938
3599 1755
3589 850
2313 867
3606 190
2310 279
3590 370
2319 1105
2191 990
2510 1033
3585 486
2189 385
2511 675
2546 1399
2545 1260
2544 1306
2192 1210
2193 569
2314 1883
2316 1582
3533 1310
2199 366
3591 321
2560 1471
2315 2
3518 1556
2217 788
3518 1096
2214 1467
3519 1036
3594 1871
3604 1904
2512 1608
3512 586
2317 580
3588 1303
2522 1811
3600 1960
2546 3
2200 1377
2201 131
2193 771
2513 1973
2200 1296
3587 238
3586 716
2513 1635
3593 1877
2524 770
3534 309
2323 272
2215 88
2216 1939
3597 1062
2516 144
3549 1231
3520 1728
2320 288
3513 1430
3523 62
2321 1527
2215 1643
3521 395
2521 1126
3535 1076
2323 213
3537 600
3539 801
3595 367
2317 1103
3548 1817
3601 83
3543 442
3522 477
2189 1555
3245 1137
3524 1055
3515 1607
3541 1802
3550 1195
3543 895
2717 1147
2929 1826
2974 1744
3602 1258
3596 1125
3526 1633
2610 1295
2961 1710
3596 34
2715 644
2610 1075
2931 1861
3544 146
3540 1923
3545 399
2705 1173
3540 1964
2571 1889
2602 814
3516 701
2961 61
2706 1015
2564 1093
2989 760
3546 1111
2933 1131
3547 1139
3603 1730
2976 994
2929 1895
2974 973
2571 1047
3542 135
3517 614
3602 622
2721 1193
2934 1045
2932 1083
2936 1963
2710 1684
2990 882
2990 72
2979 196
2932 1759
2716 338
3996 1084
2962 291
2602 128
2707 1218
3765 879
2572 1378
2718 1161
2935 50
2611 1040
2565 619
2937 568
3743 124
3650 1182
2963 924
3742 388
2708 1455
3613 241
3742 826
3765 1908
2997 1148
3614 243
2563 478
2719 833
2566 1203
3610 1894
3747 195
2965 1104
2950 431
3623 1510
2603 1925
2966 1132
2720 669
2711 1768
3615 1526
2604 1315
2977 1388
2605 1570
2567 287
2720 1300
2714 1396
2938 235
2996 1699
2573 13
3623 445
3609 1574
2938 455
2978 1405
2565 1875
2711 1308
3748 1809
2575 1517
3748 652
3650 870
2575 748
3651 1374
3622 1501
2959 538
3745 217
2978 1289
2712 201
3608 1261
2569 835
2612 1537
3769 1577
2981 1085
2939 159
2713 616
2613 625
2606 1340
2947 112
3658 150
3659 1565
2940 1365
2951 401
2984 855
3656 1846
2952 1072
2941 834
3629 66
3744 194
3632 1266
2614 1493
3624 707
2722 231
2568 953
2943 1288
3746 639
2570 441
3617 1092
2948 411
2992 1128
3631 587
3620 1523
3766 1129
3766 1795
2608 797
3627 1980
3626 1048
2993 1522
3628 255
3651 1988
2745 1079
3611 1366
2615 853
2955 1229
2967 1413
2615 1606
2723 1518
3749 439
3741 1560
3750 32
3630 960
3770 686
2733 1701
2949 1494
2724 63
2957 1557
3767 492
2733 1704
3764 264
2577 763
3657 449
3612 1152
3771 928
2983 1981
3612 565
2623 1400
2983 1511
3653 365
2968 868
2725 1590
3654 1976
3768 1702
3652 1936
2968 1373
2956 536
2985 1675
2971 781
2736 1961
3772 1984
2630 1833
2954 1197
2973 695
2621 1363
3668 1685
2987 1866
2994 1500
2995 127
2732 642
2734 690
2958 1528
2735 67
2970 754
3773 111
2987 48
3786 548
2942 473
2601 1236
3775 1325
3619 30
3752 795
3619 1490
2581 1778
3753 1021
3758 471
2726 575
2618 236
2583 1214
2969 1946
2624 1094
2738 233
3661 1561
2616 1188
2945 326
2995 1386
2741 1099
2946 1342
2739 1986
2743 1278
2583 1957
2617 1304
2616 1460
3662 163
3785 1459
3759 849
2582 733
2625 927
3754 1901
2619 1671
3646 418
3039 621
2578 1620
2727 1819
3760 1166
3040 649
2579 1932
2730 1392
2626 1150
3638 965
3777 596
3043 5
3667 318
3638 1291
2620 1098
3040 831
3000 174
2584 1237
2627 1089
2627 246
3639 480
3756 1756
3021 1168
3067 393
2631 322
3763 387
3757 541
2999 257
3067 1745
3757 988
2580 892
2998 925
3778 242
2728 426
3021 341
3663 1694
2998 1384
3042 1333
2740 992
3781 885
3762 1224
2628 170
2742 1631
2742 1331
3778 1646
2585 974
3065 1617
3001 1898
3064 1531
2592 711
3641 498
3002 523
3640 524
2590 39
3645 1948
3783 1348
3780 1145
2647 627
2586 1206
2731 78
3784 1387
3784 464
2752 822
3664 1856
2632 1251
3023 347
2589 753
3013 1499
3643 506
3633 880
3045 1127
3637 1369
3780 1924
3057 1116
2591 1854
2638 804
2588 908
3046 1683
3022 1371
3022 220
3024 75
3643 513
3635 1357
3665 331
3007 1707
2593 319
2806 1563
3789 1722
2748 149
2638 552
3026 1665
3047 86
2747 1950
3003 85
2747 1433
3647 607
3644 453
2633 1247
2753 611
3003 59
3027 1738
3066 260
3058 597
2639 15
2749 155
3048 1763
2639 302
3666 671
3802 1544
3648 1073
2636 1081
3788 173
3849 1457
2755 1942
2754 372
3790 1307
3666 824
3010 1424
3004 1245
2750 532
3849 1027
2641 316
3804 460
2595 459
2648 890
3694 1274
3053 282
2642 681
3791 667
2594 311
3801 1598
2769 543
2757 946
2756 1070
2769 1650
3008 1401
3029 1828
2771 182
3803 1580
3850 497
3005 986
2634 750
3804 1687
2778 939
3059 1138
2600 1123
2598 737
2772 1642
2751 1169
3028 684
3006 887
3060 1254
2643 780
2599 1222
3693 1282
3692 169
2759 577
3050 926
3695 383
3012 1705
3700 1615
3670 1938
3032 1416
3028 1454
3698 787
3014 1243
3030 1887
3692 11
2773 1827
3807 705
2596 120
3806 360
2644 1994
2774 1888
3671 1816
3697 1031
3669 209
3054 1793
2763 1159
3800 1034
3051 624
3052 1135
2760 1532
3702 317
3061 651
3801 1216
2637 1771
3055 940
3671 28
3699 1256
2645 574
2762 1514
3037 691
3050 874
3792 830
2761 1367
3702 334
2768 1873
2646 1790
3062 1941
3672 1335
3701 203
2776 559
3794 555
2656 595
2764 584
3033 785
3034 1474
2765 266
3817 1013
3673 97
2766 997
3738 1657
3017 92
3035 1313
3812 728
2649 1063
3063 856
2649 1441
3818 1276
2766 1112
2658 957
2767 704
3809 1225
2687 472
3808 55
3722 123
2687 1014
3016 1403
3036 330
3795 446
3036 579
3674 91
2777 361
2777 152
3704 1350
3015 1613
3017 289
3814 1760
3713 1133
3722 1535
2651 900
3018 79
3055 743
3063 1761
2650 943
3715 1181
2657 1874
2663 52
2663 494
3676 985
3707 768
3675 1979
3069 1029
3796 1160
2651 58
2782 865
3816 1931
3811 1530
2653 1163
3798 1115
3678 1601
2783 329
3082 416
2688 247
3706 1697
3708 1330
3117 423
3092 546
3815 1004
2654 1747
2784 113
3799 1053
3811 225
3076 1018
3141 376
3141 1653
2670 756
3077 1476
2783 1935
3815 912
2660 29
3118 1376
2665 734
3716 1750
3677 1999
2666 929
3710 937
3677 1762
2779 1899
3705 422
2704 1583
3068 917
2689 1299
3681 1548
3717 766
2780 451
2795 1815
3115 800
3080 103
3717 1541
3118 1584
3070 109
3848 828
3115 429
3081 1820
3081 1676
3721 1120
2667 1636
3712 818
2690 286
2655 697
3711 84
3711 980
2785 1095
3071 402
3072 493
3079 897
3079 864
3839 505
3122 1876
2787 578
2690 1515
3690 1558
3680 1185
3719 252
3143 921
3085 1655
3689 1086
3720 301
2781 1409
3142 491
3073 1344
3123 687
2668 157
2805 1808
3820 1836
3837 20
3835 1200
2693 1997
3837 193
2691 1982
3827 1952
3113 343
3119 1283
3819 106
3143 1032
3834 1466
2669 270
3732 465
3819 1285
3112 1052
3148 1831
2790 1475
2655 1204
3146 1194
3112 284
3074 98
3091 179
2668 1134
3083 914
2781 304
3682 1035
3685 1162
2791 1644
2789 49
3733 1870
3727 23
2792 1329
3838 138
3086 81
3147 435
3834 1426
3728 540
2793 848
3124 1983
3683 1926
2702 1244
3737 1102
3148 226
3729 1157
3688 90
3120 881
3821 1390
3684 647
3083 567
3846 564
2792 1298
3149 1566
3723 407
2695 888
3124 530
2674 153
3087 718
3730 1829
2696 377
3828 80
2804 535
3088 964
3840 1248
2698 1716
3074 1971
3688 886
3090 349
3724 227
3842 1553
3151 805
2678 786
3843 1953
2672 1589
3089 836
3845 16
2698 593
3140 456
3823 1903
3829 133
3831 458
3111 94
2699 1
2671 1918
3686 1026
2679 448
2672 646
2697 522
3736 1892
3832 197
3845 1077
2697 54
3725 33
3153 1690
3152 409
2680 970
2681 936
3097 277
2673 99
3824 1576
3150 827
3734 1664
3104 1792
3103 829
3098 1850
3125 1172
2798 1547
2797 205
3099 1840
3153 499
3163 1599
2703 1186
3841 1754
3136 68
3734 556
2800 1220
3155 1461
2796 1041
3164 378
3156 1911
3101 1989
3847 1714
3736 1614
3137 792
2703 1896
3102 210
3847 130
2683 485
2798 1752
3093 17
3825 1069
3826 1259
3682 998
3131 682
3826 1524
2801 772
2685 1975
2675 206
2677 1782
3132 1551
3726 725
2803 353
2684 105
2676 1287
2799 1290
3107 1592
2684 547
3126 1435
3886 660
3943 1436
3127 1177
3863 1056
3157 640
3894 1692
3885 533
3944 145
3139 1279
2928 516
3860 259
3967 601
3894 1841
3105 1440
2842 434
2904 1998
3967 352
2905 776
3138 1662
3942 699
3885 615
3094 1805
3133 312
2863 1929
2853 22
3889 1492
2906 1020
2855 403
2854 966
2808 1354
3095 1869
3945 132
3900 537
3861 504
2808 1411
2815 1241
2907 1215
3900 1425
2814 1731
2813 1485
2843 1727
3096 1579
3946 1311
3160 1142
3158 454
2853 447
3901 1003
3902 1180
3947 1443
3159 1257
2863 1509
3096 1320
3139 1381
3106 1321
3944 598
3860 413
2816 508
2813 628
3864 842
3160 467
2908 1622
3161 354
3134 36
3135 1050
2818 219
2809 1891
2842 425
3968 525
3108 1674
3135 1616
3109 977
3969 221
3851 143
3861 261
2810 96
2856 1835
2909 808
2843 104
2844 1507
3167 1549
3888 1906
3887 437
3851 1249
2866 1977
2865 1456
3216 394
2811 1156
3969 171
3896 308
3204 1087
3205 813
3168 198
3952 1803
3221 1338
3182 1945
3852 979
3221 1568
3975 632
3903 1552
3205 692
3206 1680
3183 1605
3208 430
3165 1993
3183 295
2823 1857
3888 1862
3166 208
2912 603
2819 1151
3891 1030
2846 1109
3905 417
3867 676
3242 224
3853 358
3971 256
3892 1447
3169 722
3948 1223
3207 967
3892 1482
3216 1681
3192 1611
2858 1787
3209 1677
3865 1171
3893 142
3218 1992
3859 1293
3972 1959
2849 147
3222 56
3898 26
3854 1832
3217 1420
3904 629
2821 1317
3171 920
3897 839
2911 838
2860 237
3866 1740
3948 591
2911 25
2865 1487
2819 76
2820 125
2913 1536
3949 1448
3184 1735
3855 1781
2913 630
3865 1199
3951 1144
3213 12
3973 100
2812 1569
2848 323
3219 1769
3974 1023
3856 1351
3950 1772
2812 253
3223 1922
3920 631
2832 1404
3858 1382
2859 1119
3185 1503
3172 1905
2850 300
3980 1927
3953 689
2851 1645
3170 1398
3228 1594
3215 604
3212 767
3186 1732
2862 1359
3872 325
3912 1717
2852 1715
3912 668
2867 1813
2851 4
2925 420
3940 688
3986 1275
3869 1711
3908 1991
3187 74
3954 1542
3187 161
2914 812
2903 520
3174 1723
3173 1661
2915 95
3981 1108
3907 1567
2871 1368
3907 875
3923 976
3226 1480
3225 119
3994 285
3872 1801
3911 514
3976 268
2874 1626
3870 545
3229 816
3909 1113
3211 947
3922 65
2885 281
2826 841
3214 1478
2827 162
3189 204
2872 995
3203 1914
3910 1407
3977 1341
3191 1725
2825 1183
2870 898
2886 713
3956 1533
3921 368
2828 1915
3921 214
3884 1042
3915 678
3982 1520
2873 1612
3177 1804
3957 1591
2888 371
3917 1117
2880 694
3917 975
2835 468
2833 1852
2917 866
3215 1587
2926 702
3227 930
3983 1668
2916 683
3978 137
2872 807
2841 117
2918 1776
2879 1312
3202 557
3874 218
3939 116
3194 250
2834 1232
2901 313
3931 991
3924 299
3960 1739
3984 222
3931 1372
3880 244
3926 1513
2828 710
2875 1719
3959 738
3877 1025
3195 1967
3965 1834
2876 845
3236 482
3927 790
3924 1091
2830 791
2869 1758
3193 1208
3873 346
2927 911
3879 1837
3875 470
3993 1839
3178 14
2890 1708
3961 510
3985 919
3196 769
3925 43
3230 57
3932 139
3176 1637
3964 1585
2877 1370
3933 474
2921 1179
3883 1774
2878 935
3197 759
3882 1385
3929 1418
2891 134
2892 773
2922 1586
3176 1867
2840 588
3938 444
3876 1272
2922 1074
3930 298
3231 1968
3198 1821
3989 1519
2896 1234
3193 263
3881 945
3180 230
2902 64
2923 1765
2898 1339
3991 507
2897 1479
3987 1525
3991 1521
3235 1153
2900 463
2839 963
2836 265
3181 1071
3964 1842
3235 872
3233 1886
3990 1322
3232 528
3962 374
3199 1505
2839 1187
3181 1201
3201 1970
3963 1770
2882 1807
3237 877
2894 1496
2883 715
3936 1718
3937 461
2924 893
3238 1796
3963 1773
3990 1504
3239 1597
2924 1364
3937 862
2899 1798
2884 1226
3200 1446
2895 658
3941 356
2884 968
2836 810
2899 802
3234 1543
2838 589
3876 51
2001 2000
2006 2001
2016 2002
2004 2003
2010 2004
2010 2005
2011 2006
2005 2007
2009 2008
2007 2009
2015 2010
2002 2011
2013 2012
2014 2013
2007 2014
2002 2015
2057 2016
2020 2017
2021 2018
2018 2019
2019 2020
2023 2021
2033 2022
2022 2023
2025 2024
2026 2025
2027 2026
2028 2027
2032 2028
2031 2029
2029 2030
2035 2031
2038 2032
2024 2033
2049 2034
2037 2035
2050 2036
2056 2037
2029 2038
2030 2039
2042 2040
2036 2041
2039 2042
2022 2043
2045 2044
2046 2045
2047 2046
2066 2047
2045 2048
2055 2049
2034 2050
2034 2051
2051 2052
2052 2053
2053 2054
2048 2055
2041 2056
2017 2057
2059 2058
2060 2059
2061 2060
2062 2061
2063 2062
2097 2063
2061 2064
2067 2065
2065 2066
2072 2067
2072 2068
2070 2069
2068 2070
2070 2071
2073 2072
2064 2073
2084 2074
2076 2075
2087 2076
2075 2077
2077 2078
2078 2079
2079 2080
2082 2081
2083 2082
2087 2083
2075 2084
2086 2085
2090 2086
2085 2087
2091 2088
2092 2089
2089 2090
2093 2091
2088 2092
2111 2093
2095 2094
2096 2095
2092 2096
2074 2097
2110 2098
2098 2099
2099 2100
2104 2101
2107 2102
2106 2103
2103 2104
2102 2105
2109 2106
2117 2107
2102 2108
2119 2109
2101 2110
2114 2111
2113 2112
2120 2113
2118 2114
2116 2115
2250 2116
2116 2117
2120 2118
2108 2119
2115 2120
2055 2121
2124 2122
2129 2123
2128 2124
2126 2125
2127 2126
2146 2127
2123 2128
2132 2129
2136 2130
2126 2131
2130 2132
2136 2133
2133 2134
2131 2135
2135 2136
2124 2137
2139 2138
2140 2139
2144 2140
2227 2141
2141 2142
2142 2143
2143 2144
2143 2145
2138 2146
2148 2147
2151 2148
2153 2149
2149 2150
2150 2151
2159 2152
2152 2153
2156 2154
2134 2155
2221 2156
2165 2157
2161 2158
2162 2159
2153 2160
2162 2161
2157 2162
2164 2163
2158 2164
2154 2165
2160 2166
2168 2167
2170 2168
2174 2169
2171 2170
2172 2171
2173 2172
2181 2173
2167 2174
2169 2175
2179 2176
2176 2177
2177 2178
2175 2179
2182 2180
2183 2181
2184 2182
2163 2183
2183 2184
2166 2185
2220 2186
2188 2187
2186 2188
2190 2189
2188 2190
2190 2191
2191 2192
2192 2193
2197 2194
2196 2195
2219 2196
2195 2197
2196 2198
2198 2199
2201 2200
2199 2201
2195 2202
2204 2203
2206 2204
2210 2205
2218 2206
2205 2207
2209 2208
2207 2209
2203 2210
2207 2211
2210 2212
2212 2213
2217 2214
2216 2215
2214 2216
2213 2217
2202 2218
2187 2219
2185 2220
2155 2221
2226 2222
2224 2223
2225 2224
2226 2225
2326 2226
2326 2227
2236 2228
2235 2229
2223 2230
2235 2231
2231 2232
2232 2233
2233 2234
2230 2235
2237 2236
2240 2237
2241 2238
2246 2239
2238 2240
2239 2241
2240 2242
2242 2243
2256 2244
2262 2245
2264 2246
2245 2247
2264 2248
2248 2249
2327 2250
2253 2251
2255 2252
2254 2253
2252 2254
2406 2255
2327 2256
2258 2257
2259 2258
2263 2259
2261 2260
2244 2261
2261 2262
2260 2263
2247 2264
2241 2265
2243 2266
2266 2267
2325 2268
2273 2269
2273 2270
2269 2271
2271 2272
2268 2273
2269 2274
2292 2275
2277 2276
2282 2277
2280 2278
2276 2279
2279 2280
2280 2281
2274 2282
2284 2283
2286 2284
2291 2285
2291 2286
2281 2287
2285 2288
2288 2289
2283 2290
2287 2291
2277 2292
2295 2293
2298 2294
2302 2295
2295 2296
2296 2297
2297 2298
2300 2299
2308 2300
2299 2301
2301 2302
2307 2303
2303 2304
2304 2305
2305 2306
2299 2307
2309 2308
2278 2309
2324 2310
2310 2311
2286 2312
2312 2313
2324 2314
2314 2315
2315 2316
2311 2317
2319 2318
2322 2319
2316 2320
2322 2321
2320 2322
2321 2323
2313 2324
2267 2325
2228 2326
2251 2327
2329 2328
2342 2329
2328 2330
2330 2331
2399 2332
2335 2333
2336 2334
2336 2335
2332 2336
2334 2337
2341 2338
2338 2339
2339 2340
2337 2341
2333 2342
2344 2343
2347 2344
2349 2345
2360 2346
2346 2347
2340 2348
2352 2349
2348 2350
2361 2351
2361 2352
2356 2353
2345 2354
2354 2355
2345 2356
2359 2357
2351 2358
2358 2359
2353 2360
2350 2361
2371 2362
2362 2363
2371 2364
2363 2365
2367 2366
2369 2367
2367 2368
2370 2369
2383 2370
2366 2371
2373 2372
2397 2373
2373 2374
2374 2375
2375 2376
2380 2377
2377 2378
2378 2379
2375 2380
2395 2381
2384 2382
2384 2383
2381 2384
2390 2385
2391 2386
2388 2387
2389 2388
2392 2389
2386 2390
2394 2391
2391 2392
2396 2393
2393 2394
2385 2395
2462 2396
2398 2397
2382 2398
2365 2399
2401 2400
2408 2401
2405 2402
2413 2403
2407 2404
2404 2405
2405 2406
2403 2407
2402 2408
2410 2409
2411 2410
2412 2411
2419 2412
2494 2413
2415 2414
2445 2415
2446 2416
2494 2417
2417 2418
2416 2419
2407 2420
2420 2421
2421 2422
2424 2423
2440 2424
2423 2425
2423 2426
2430 2427
2429 2428
2426 2429
2425 2430
2434 2431
2428 2432
2435 2433
2433 2434
2436 2435
2437 2436
2432 2437
2433 2438
2429 2439
2422 2440
2443 2441
2441 2442
2447 2443
2443 2444
2461 2445
2414 2446
2455 2447
2449 2448
2454 2449
2449 2450
2455 2451
2453 2452
2460 2453
2452 2454
2450 2455
2475 2456
2476 2457
2475 2458
2457 2459
2456 2460
2451 2461
2463 2462
2495 2463
2465 2464
2466 2465
2471 2466
2477 2467
2471 2468
2468 2469
2469 2470
2467 2471
2474 2472
2474 2473
2459 2474
2484 2475
2484 2476
2472 2477
2459 2478
2480 2479
2481 2480
2482 2481
2483 2482
2561 2483
2485 2484
2486 2485
2488 2486
2493 2487
2481 2488
2491 2489
2492 2490
2490 2491
2487 2492
2486 2493
2416 2494
2464 2495
2506 2496
2496 2497
2497 2498
2500 2499
2501 2500
2502 2501
2504 2502
2499 2503
2505 2504
2528 2505
2503 2506
2509 2507
2510 2508
2508 2509
2515 2510
2523 2511
2515 2512
2512 2513
2523 2514
2511 2515
2524 2516
2503 2517
2525 2518
2518 2519
2519 2520
2520 2521
2521 2522
2516 2523
2522 2524
2517 2525
2531 2526
2532 2527
2538 2528
2532 2529
2527 2530
2538 2531
2526 2532
2527 2533
2537 2534
2537 2535
2540 2536
2533 2537
2543 2538
2536 2539
2556 2540
2559 2541
2556 2542
2547 2543
2548 2544
2544 2545
2545 2546
2548 2547
2560 2548
2550 2549
2539 2550
2557 2551
2551 2552
2554 2553
2555 2554
2558 2555
2541 2556
2539 2557
2552 2558
2535 2559
3245 2560
2529 2561
2254 2562
2566 2563
2563 2564
2564 2565
2576 2566
2576 2567
2577 2568
2570 2569
2568 2570
2572 2571
2574 2572
2567 2573
2573 2574
2574 2575
2569 2576
2601 2577
2579 2578
2580 2579
2592 2580
2582 2581
2584 2582
2581 2583
2585 2584
2590 2585
2587 2586
2593 2587
2587 2588
2588 2589
2591 2590
2589 2591
2586 2592
2597 2593
2648 2594
2634 2595
2595 2596
2594 2597
2600 2598
2598 2599
2597 2600
2578 2601
2603 2602
2604 2603
2605 2604
2606 2605
2614 2606
2623 2607
2607 2608
2608 2609
2611 2610
2612 2611
2613 2612
2607 2613
2609 2614
2609 2615
2619 2616
2629 2617
2621 2618
2617 2619
2629 2620
2622 2621
2630 2622
2622 2623
2625 2624
2729 2625
2729 2626
2626 2627
2807 2628
2618 2629
2624 2630
2620 2631
2647 2632
2632 2633
2635 2634
2636 2635
2633 2636
2635 2637
2640 2638
2640 2639
2641 2640
2642 2641
2643 2642
2644 2643
2645 2644
2646 2645
2637 2646
2631 2647
2596 2648
2652 2649
2657 2650
2662 2651
2650 2652
2662 2653
2653 2654
2654 2655
2599 2656
2659 2657
2656 2658
2658 2659
2704 2660
2660 2661
2652 2662
2666 2663
2670 2664
2664 2665
2665 2666
2664 2667
2669 2668
2667 2669
2661 2670
2686 2671
2673 2672
2677 2673
2661 2674
2685 2675
2675 2676
2676 2677
2680 2678
2671 2679
2682 2680
2679 2681
2681 2682
2682 2683
2683 2684
2686 2685
2674 2686
2688 2687
2689 2688
2692 2689
2691 2690
2692 2691
2693 2692
2702 2693
2695 2694
2696 2695
2678 2696
2700 2697
2700 2698
2701 2699
2699 2700
2694 2701
2694 2702
2701 2703
2659 2704
2715 2705
2709 2706
2714 2707
2710 2708
2707 2709
2709 2710
2708 2711
2713 2712
2722 2713
2712 2714
2706 2715
2721 2716
2705 2717
2717 2718
2716 2719
2719 2720
2718 2721
2745 2722
2724 2723
2725 2724
2732 2725
2727 2726
2807 2727
2744 2728
2730 2729
2741 2730
2628 2731
2726 2732
2735 2733
2942 2734
2738 2735
2734 2736
2736 2737
2739 2738
2737 2739
3244 2740
2731 2741
3244 2742
2737 2743
2740 2744
2723 2745
2755 2746
2748 2747
2749 2748
2746 2749
2746 2750
2750 2751
2744 2752
2806 2753
2758 2754
2754 2755
2758 2756
2771 2757
2753 2758
2751 2759
2759 2760
2768 2761
2761 2762
2762 2763
2763 2764
2764 2765
2765 2766
2760 2767
2767 2768
2770 2769
2757 2770
2778 2771
2770 2772
2772 2773
2773 2774
2776 2775
2774 2776
2775 2777
2756 2778
2780 2779
2786 2780
2779 2781
2775 2782
2786 2783
2782 2784
2788 2785
2787 2786
2795 2787
2784 2788
2791 2789
2805 2790
2794 2791
2789 2792
2794 2793
2790 2794
2785 2795
2799 2796
2796 2797
2797 2798
2803 2799
2804 2800
2802 2801
2800 2802
2801 2803
2793 2804
2788 2805
2752 2806
2728 2807
2824 2808
2815 2809
2824 2810
2810 2811
2811 2812
2809 2813
2818 2814
2816 2815
2817 2816
2823 2817
2817 2818
2822 2819
2821 2820
2822 2821
2832 2822
2820 2823
2814 2824
2826 2825
2827 2826
2829 2827
2825 2828
2835 2829
2829 2830
2841 2831
2831 2832
2831 2833
2927 2834
2833 2835
2837 2836
2840 2837
2837 2838
2838 2839
2830 2840
2834 2841
2844 2842
2845 2843
2845 2844
2846 2845
2847 2846
2852 2847
2847 2848
2848 2849
2849 2850
2850 2851
2860 2852
2854 2853
2855 2854
2856 2855
2857 2856
2858 2857
2861 2858
2861 2859
2867 2860
2862 2861
2903 2862
2864 2863
2866 2864
2864 2865
2857 2866
2859 2867
2880 2868
2874 2869
2868 2870
2870 2871
2871 2872
2868 2873
2873 2874
2876 2875
2877 2876
2878 2877
2881 2878
2875 2879
2879 2880
2902 2881
2883 2882
2881 2883
2882 2884
2886 2885
2887 2886
2888 2887
2916 2888
2926 2889
2901 2890
2890 2891
2891 2892
2896 2893
2893 2894
2893 2895
2892 2896
2894 2897
2900 2898
2898 2899
2897 2900
2887 2901
2895 2902
2885 2903
2928 2904
2904 2905
2905 2906
2906 2907
2907 2908
2908 2909
2912 2910
2910 2911
2909 2912
2919 2913
2925 2914
2914 2915
2917 2916
2889 2917
2889 2918
2910 2919
2923 2920
2918 2921
2920 2922
2921 2923
2920 2924
2919 2925
2915 2926
2869 2927
2802 2928
2936 2929
2950 2930
2930 2931
2934 2932
2937 2933
2931 2934
2930 2935
2933 2936
2935 2937
2939 2938
2940 2939
2941 2940
2944 2941
2958 2942
2947 2943
2943 2944
2944 2945
2945 2946
2948 2947
2957 2948
2956 2949
2959 2950
2972 2951
2953 2952
2966 2953
2973 2954
2972 2955
2954 2956
2949 2957
2946 2958
2951 2959
2962 2960
2960 2961
2964 2962
2980 2963
2963 2964
2997 2965
2965 2966
2953 2967
2969 2968
2970 2969
2971 2970
2967 2971
2952 2972
2955 2973
2975 2974
2979 2975
2982 2976
2980 2977
2977 2978
2976 2979
2975 2980
2984 2981
2981 2982
2986 2983
2988 2984
2986 2985
3039 2986
2988 2987
2985 2988
2991 2989
2989 2990
2996 2991
2991 2992
2992 2993
2993 2994
2994 2995
2982 2996
2964 2997
2999 2998
3000 2999
3001 3000
3002 3001
3013 3002
3004 3003
3005 3004
3006 3005
3012 3006
3009 3007
3027 3008
3008 3009
3009 3010
3010 3011
3011 3012
3007 3013
3011 3014
3019 3015
3015 3016
3016 3017
3019 3018
3014 3019
3025 3020
3020 3021
3020 3022
3048 3023
3023 3024
3024 3025
3025 3026
3038 3027
3032 3028
3038 3029
3029 3030
3030 3031
3031 3032
3037 3033
3033 3034
3034 3035
3035 3036
3031 3037
3026 3038
3043 3039
3044 3040
3065 3041
3041 3042
3042 3043
3041 3044
3634 3045
3997 3046
3049 3047
3047 3048
3066 3049
3051 3050
3056 3051
3053 3052
3049 3053
3052 3054
3056 3055
3054 3056
3045 3057
3057 3058
3634 3059
3059 3060
3060 3061
3061 3062
3062 3063
3058 3064
3997 3065
3046 3066
3044 3067
3071 3068
3018 3069
3243 3070
3070 3071
3243 3072
3072 3073
3073 3074
3076 3075
3068 3076
3075 3077
3077 3078
3078 3079
3092 3080
3080 3081
3075 3082
3084 3083
3085 3084
3078 3085
3091 3086
3086 3087
3087 3088
3090 3089
3088 3090
3084 3091
3082 3092
3094 3093
3105 3094
3093 3095
3095 3096
3099 3097
3111 3098
3100 3099
3098 3100
3100 3101
3101 3102
3097 3103
3103 3104
3110 3105
3109 3106
3102 3107
3110 3108
3107 3109
3106 3110
3089 3111
3122 3112
3114 3113
3120 3114
3116 3115
3123 3116
3116 3117
3117 3118
3121 3119
3119 3120
3140 3121
3121 3122
3114 3123
3113 3124
3164 3125
3128 3126
3125 3127
3127 3128
3131 3129
3132 3130
3137 3131
3138 3132
3128 3133
3133 3134
3134 3135
3129 3136
3130 3137
3126 3138
3129 3139
3130 3140
3142 3141
3145 3142
3144 3143
3147 3144
3144 3145
3145 3146
3151 3147
3149 3148
3146 3149
3152 3150
3162 3151
3162 3152
3154 3153
3150 3154
3154 3155
3155 3156
3156 3157
3157 3158
3161 3159
3159 3160
3158 3161
3163 3162
3136 3163
3104 3164
3166 3165
3168 3166
3108 3167
3169 3168
3242 3169
3172 3170
3165 3171
3174 3172
3170 3173
3171 3174
3173 3175
3178 3176
3175 3177
3179 3178
3180 3179
3177 3180
3179 3181
3192 3182
3182 3183
3185 3184
3186 3185
3188 3186
3188 3187
3190 3188
3203 3189
3189 3190
3190 3191
3184 3192
3199 3193
3202 3194
3194 3195
3241 3196
3241 3197
3197 3198
3200 3199
3201 3200
3198 3201
3191 3202
3175 3203
3207 3204
3204 3205
3210 3206
3206 3207
3218 3208
3208 3209
3209 3210
3212 3211
3213 3212
3210 3213
3211 3214
3214 3215
3220 3216
3220 3217
3224 3218
3224 3219
3223 3220
3222 3221
3217 3222
3219 3223
3228 3224
3226 3225
3227 3226
3236 3227
3229 3228
3225 3229
3196 3230
3230 3231
3231 3232
3232 3233
3238 3234
3240 3235
3240 3236
3234 3237
3239 3238
3233 3239
3237 3240
3195 3241
3167 3242
3069 3243
2743 3244
2960 3245
3247 3246
3248 3247
3283 3248
3268 3249
3251 3250
3260 3251
3250 3252
3252 3253
3255 3254
3257 3255
3255 3256
3246 3257
3254 3258
3258 3259
3254 3260
3271 3261
3261 3262
3264 3263
3265 3264
3275 3265
3271 3266
3266 3267
3262 3268
3263 3269
3275 3270
3269 3271
3273 3272
3276 3273
3273 3274
3272 3275
3278 3276
3278 3277
3281 3278
3280 3279
3341 3280
3279 3281
3281 3282
3249 3283
3285 3284
3286 3285
3287 3286
3290 3287
3290 3288
3288 3289
3292 3290
3289 3291
3302 3292
3341 3293
3297 3294
3296 3295
3297 3296
3299 3297
3299 3298
3301 3299
3295 3300
3308 3301
3304 3302
3305 3303
3303 3304
3315 3305
3314 3306
3306 3307
3309 3308
3316 3309
3312 3310
3307 3311
3311 3312
3312 3313
3315 3314
3340 3315
3310 3316
3291 3317
3331 3318
3324 3319
3319 3320
3320 3321
3321 3322
3326 3323
3318 3324
3326 3325
3327 3326
3330 3327
3336 3328
3337 3329
3328 3330
3325 3331
3333 3332
3470 3333
3332 3334
3334 3335
3329 3336
3335 3337
3337 3338
3338 3339
3323 3340
3294 3341
3346 3342
3344 3343
3350 3344
3348 3345
3343 3346
3350 3347
3347 3348
3352 3349
3349 3350
3374 3351
3354 3352
3351 3353
3353 3354
3356 3355
3361 3356
3354 3357
3357 3358
3358 3359
3358 3360
3359 3361
3363 3362
3366 3363
3363 3364
3364 3365
3367 3366
3390 3367
3390 3368
3370 3369
3368 3370
3370 3371
3371 3372
3372 3373
3373 3374
3378 3375
3377 3376
3389 3377
3376 3378
3388 3379
3379 3380
3382 3381
3383 3382
3386 3383
3383 3384
3384 3385
3432 3386
3385 3387
3385 3388
3382 3389
3375 3390
3392 3391
3395 3392
3392 3393
3393 3394
3396 3395
3398 3396
3404 3397
3399 3398
3397 3399
3399 3400
3400 3401
3401 3402
3400 3403
3377 3404
3373 3405
3407 3406
3408 3407
3409 3408
3410 3409
3431 3410
3412 3411
3413 3412
3415 3413
3410 3414
3414 3415
3417 3416
3438 3417
3420 3418
3422 3419
3442 3420
3416 3421
3421 3422
3416 3423
3423 3424
3424 3425
3430 3426
3426 3427
3427 3428
3428 3429
3425 3430
3422 3431
3469 3432
3436 3433
3450 3434
3434 3435
3435 3436
3443 3437
3418 3438
3468 3439
3439 3440
3468 3441
3437 3442
3435 3443
3445 3444
3447 3445
3445 3446
3448 3447
3449 3448
3463 3449
3446 3450
3452 3451
3456 3452
3456 3453
3455 3454
3453 3455
3444 3456
3460 3457
3459 3458
3460 3459
3607 3460
3467 3461
3463 3462
3464 3463
3466 3464
3467 3465
3457 3466
3462 3467
3442 3468
3433 3469
3419 3470
3473 3471
3471 3472
3474 3473
3477 3474
3483 3475
3475 3476
3476 3477
3479 3478
3486 3479
3496 3480
3480 3481
3481 3482
3482 3483
3485 3484
3509 3485
3496 3486
3486 3487
3489 3488
3490 3489
3491 3490
3492 3491
3487 3492
3495 3493
3493 3494
3490 3495
3484 3496
3477 3497
3505 3498
3498 3499
3503 3500
3500 3501
3501 3502
3488 3503
3500 3504
3502 3505
3504 3506
3510 3507
3511 3508
3510 3509
3508 3510
3551 3511
3513 3512
3514 3513
3526 3514
3521 3515
3517 3516
3996 3517
3519 3518
3525 3519
3523 3520
3514 3521
3515 3522
3525 3523
3550 3524
3524 3525
3516 3526
3512 3527
3532 3528
3528 3529
3529 3530
3530 3531
3533 3532
3534 3533
3536 3534
3520 3535
3537 3536
3538 3537
3539 3538
3535 3539
3542 3540
3538 3541
3541 3542
3547 3543
3549 3544
3544 3545
3545 3546
3546 3547
3536 3548
3548 3549
3522 3550
3527 3551
3553 3552
3555 3553
3558 3554
3556 3555
3561 3556
3556 3557
3557 3558
3560 3559
3576 3560
3562 3561
3575 3562
3564 3563
3565 3564
3605 3565
3562 3566
3580 3567
3567 3568
3568 3569
3569 3570
3568 3571
3574 3572
3584 3573
3573 3574
3576 3575
3563 3576
3578 3577
3579 3578
3570 3579
3566 3580
3570 3581
3581 3582
3582 3583
3571 3584
3586 3585
3587 3586
3588 3587
3606 3588
3598 3589
3598 3590
3592 3591
3594 3592
3592 3593
3585 3594
3597 3595
3595 3596
3593 3597
3591 3598
3590 3599
3604 3600
3600 3601
3603 3602
3601 3603
3599 3604
3589 3605
3531 3606
3552 3607
3622 3608
3608 3609
3609 3610
3610 3611
3611 3612
3614 3613
3616 3614
3618 3615
3615 3616
3618 3617
3620 3618
3621 3619
3621 3620
3646 3621
3616 3622
3625 3623
3632 3624
3624 3625
3625 3626
3626 3627
3630 3628
3631 3629
3627 3630
3628 3631
3617 3632
3997 3633
3633 3634
3064 3635
3642 3636
3647 3637
3639 3638
3636 3639
3636 3640
3640 3641
3645 3642
3642 3643
3641 3644
3649 3645
3649 3646
3635 3647
3644 3648
3637 3649
3656 3650
3659 3651
3653 3652
3629 3653
3668 3654
3657 3655
3655 3656
3660 3657
3655 3658
3658 3659
3654 3660
3660 3661
3661 3662
3667 3663
3663 3664
3664 3665
3665 3666
3662 3667
3652 3668
3672 3669
3669 3670
3670 3671
3673 3672
3674 3673
3675 3674
3679 3675
3739 3676
3690 3677
3676 3678
3678 3679
3705 3680
3680 3681
3683 3682
3684 3683
3685 3684
3686 3685
3687 3686
3689 3687
3687 3688
3739 3689
3679 3690
3696 3691
3693 3692
3696 3693
3648 3694
3691 3695
3694 3696
3740 3697
3697 3698
3698 3699
3699 3700
3700 3701
3691 3702
3738 3703
3703 3704
3707 3705
3704 3706
3708 3707
3709 3708
3706 3709
3709 3710
3710 3711
3681 3712
3703 3713
3713 3714
3714 3715
3715 3716
3718 3717
3716 3718
3721 3719
3719 3720
3718 3721
3714 3722
3724 3723
3731 3724
3723 3725
3725 3726
3728 3727
3735 3728
3733 3729
3729 3730
3730 3731
3720 3732
3727 3733
3737 3734
3732 3735
3731 3736
3735 3737
3740 3738
3712 3739
3695 3740
3751 3741
3743 3742
3745 3743
3751 3744
3746 3745
3744 3746
3749 3747
3747 3748
3750 3749
3741 3750
3764 3751
3753 3752
3754 3753
3755 3754
3760 3755
3755 3756
3756 3757
3759 3758
3761 3759
3761 3760
3763 3761
3789 3762
3762 3763
3752 3764
3769 3765
3776 3766
3771 3767
3786 3768
3770 3769
3775 3770
3776 3771
3767 3772
3772 3773
3773 3774
3774 3775
3768 3776
3785 3777
3782 3778
3777 3779
3783 3780
3779 3781
3781 3782
3779 3783
3782 3784
3774 3785
3758 3786
3788 3787
3790 3788
3787 3789
3791 3790
3800 3791
3850 3792
3792 3793
3793 3794
3794 3795
3797 3796
3798 3797
3799 3798
3795 3799
3793 3800
3802 3801
3803 3802
3805 3803
3807 3804
3817 3805
3805 3806
3806 3807
3812 3808
3810 3809
3808 3810
3810 3811
3818 3812
3809 3813
3813 3814
3816 3815
3814 3816
3813 3817
3796 3818
3820 3819
3821 3820
3828 3821
3823 3822
3833 3823
3822 3824
3824 3825
3825 3826
3848 3827
3822 3828
3833 3829
3831 3830
3832 3831
3829 3832
3827 3833
3839 3834
3836 3835
3838 3836
3836 3837
3846 3838
3835 3839
3844 3840
3844 3841
3841 3842
3830 3843
3843 3844
3842 3845
3840 3846
3830 3847
3797 3848
3787 3849
3701 3850
3852 3851
3853 3852
3859 3853
3857 3854
3856 3855
3871 3856
3855 3857
3857 3858
3854 3859
3864 3860
3862 3861
3867 3862
3862 3863
3863 3864
3866 3865
3868 3866
3868 3867
3871 3868
3870 3869
3884 3870
3869 3871
3858 3872
3878 3873
3873 3874
3879 3875
3875 3876
3878 3877
3881 3878
3874 3879
3927 3880
3882 3881
3930 3882
3926 3883
3877 3884
3995 3885
3726 3886
3895 3887
3893 3888
3995 3889
3887 3890
3899 3891
3891 3892
3899 3893
3895 3894
3889 3895
3890 3896
3904 3897
3905 3898
3890 3899
3901 3900
3902 3901
3903 3902
3906 3903
3896 3904
3897 3905
3898 3906
3911 3907
3923 3908
3908 3909
3909 3910
3910 3911
3913 3912
3914 3913
3922 3914
3914 3915
3915 3916
3916 3917
3919 3918
3920 3919
3906 3920
3918 3921
3940 3922
3913 3923
3928 3924
3934 3925
3880 3926
3941 3927
3933 3928
3938 3929
3883 3930
3932 3931
3935 3932
3934 3933
3939 3934
3925 3935
3935 3936
3936 3937
3928 3938
3916 3939
3918 3940
3929 3941
3947 3942
3942 3943
3943 3944
3952 3945
3945 3946
3946 3947
3949 3948
3950 3949
3966 3950
3966 3951
3953 3952
3951 3953
3955 3954
3994 3955
3955 3956
3956 3957
3960 3958
3958 3959
3957 3960
3979 3961
3961 3962
3962 3963
3958 3964
3979 3965
3954 3966
3968 3967
3970 3968
3970 3969
3975 3970
3972 3971
3974 3972
3980 3973
3973 3974
3971 3975
3986 3976
3978 3977
3993 3978
3959 3979
3981 3980
3992 3981
3992 3982
3982 3983
3983 3984
3984 3985
3977 3986
3988 3987
3989 3988
3985 3989
3987 3990
3988 3991
3976 3992
3965 3993
3919 3994
3886 3995
3613 3996
