steiner points
113 67
276 93
234 93
117 93
117 145
117 264
129 464
253 629
140 629
129 629
117 422
703 48
714 74
877 232
601 232
448 232
836 232
1002 242
675 232
946 627
881 627
880 735
717 735
675 425
675 735
714 232
355 1411
231 1411
64 1411
410 1411
669 1411
640 1411
880 769
874 1089
969 1167
960 1178
874 1178
728 1354
434 1411
573 1411
669 1603
669 1661
650 1698
960 1291
898 1337
734 1343
898 1528
898 1617
888 1337
960 1337
410 1476
874 1044
1903 146
2014 146
2107 146
1655 174
1655 326
1363 801
1403 801
1408 801
1700 410
1700 525
1262 801
1700 982
1700 801
1700 939
1103 1337
1735 1240
1700 1240
1700 1207
1700 1119
1548 1240
1486 1240
1430 1378
1299 1631
1382 1669
1460 1669
1495 1669
1548 1763
1860 1849
1722 1849
1548 1849
1860 1890
1460 1586
1460 1378
2294 146
2548 146
1807 146
2956 183
2548 291
2876 330
2822 330
2548 305
2107 170
2327 519
2389 551
2494 711
2389 711
2389 809
2357 810
2247 810
2505 670
2631 670
2377 1014
2291 1014
2275 1014
2137 916
2377 1017
2377 1063
2750 1019
2819 1019
3025 1053
2500 1017
2247 916
2876 658
2882 757
3377 924
3199 924
2593 1017
2937 896
2611 1019
2937 1019
2611 1164
2956 330
2322 1454
2322 1468
2322 1524
2298 1527
2261 1561
2183 1603
2236 1654
2236 1729
2236 1603
2653 1390
2591 1390
2575 1374
2755 1413
2575 1390
2468 1425
2560 1610
2587 1610
2649 1452
2653 1413
2545 1707
2921 1506
2522 1425
2575 1425
1655 146
4021 302
3884 302
3804 302
3612 302
3563 302
3804 353
3824 447
2937 757
3040 757
3135 757
3546 924
3824 522
3824 692
4046 794
3824 794
3620 924
3757 924
4255 250
4550 298
4376 298
4255 298
4255 322
4255 328
4255 418
4336 923
4372 923
4385 923
4429 923
4336 609
4286 923
4187 328
3434 1208
3277 1208
3262 1208
3434 1282
3542 1303
3542 1439
3766 1303
3594 1303
3407 1460
3265 1816
3407 1665
3407 1816
3560 1886
4046 1037
3622 1303
4234 1384
3882 1406
3958 1538
3964 1538
4234 1538
4303 1718
4370 1718
4449 1718
3852 1303
4234 1170
3377 1000
1296 1378
118 2034
268 2086
78 2362
69 2386
69 2485
562 2238
509 2238
314 2238
268 2238
268 2347
636 2238
779 2274
966 2274
966 2346
774 2274
929 2737
806 2773
509 2450
509 2836
363 2836
637 2836
213 2347
1164 2185
1164 2249
1164 2346
1064 2346
1563 2286
1525 2315
1383 2401
1525 2401
1542 2539
1540 2862
1542 2649
1321 2401
637 2954
1115 3104
760 3105
441 3135
884 3105
680 3260
579 3301
547 3065
637 3065
884 3237
694 3220
694 3105
2615 2307
2249 2307
1888 2312
1838 2312
2015 2352
2036 2389
2036 2550
1992 2649
2049 2592
2049 2649
2039 2996
1880 3096
2119 2802
2119 2991
1943 2996
2119 3046
2119 3175
2119 3335
2119 2996
1660 2649
387 3743
261 3743
193 3811
88 3811
579 3422
494 3769
579 3650
579 3769
579 3852
530 3982
204 3811
413 4337
437 4155
413 4309
110 4309
757 3557
1079 3947
1019 3947
966 3947
903 3947
895 3947
741 3947
1019 3746
1276 4042
1074 4194
1020 4215
1020 4235
1020 4325
983 4527
1079 4003
671 3947
413 4678
230 4841
382 5032
389 5221
382 5221
873 4892
782 4939
782 5146
731 5221
382 4841
1591 3780
1802 3803
1637 3803
1591 3803
1559 3803
1329 3803
1321 3831
1452 4042
1315 4042
1303 3876
1725 4072
1303 4042
2087 3649
2266 3649
2087 3803
2087 4116
2173 4116
2173 4193
2173 4227
1951 3803
1470 4422
1402 4433
1402 4450
1320 4528
1393 4528
1402 4528
1320 4569
1320 4765
1725 4374
1660 4418
1725 4418
1761 4718
1468 4984
1369 4984
1358 4924
1619 5005
1487 5005
1358 4984
2289 4604
1825 4718
2104 4731
2185 4731
2289 4731
1988 4785
1988 4731
1725 4319
1079 4042
579 3947
2655 2076
2660 2111
2667 2111
2771 2111
2481 2307
2353 2307
2660 2265
2824 2159
2924 2162
3137 2071
3084 2162
2924 2249
2582 2683
2582 2734
2634 2755
2812 2755
2924 2755
3055 2755
2812 2955
2924 2493
2898 3100
2768 3386
2811 3386
3166 3345
2935 3345
3166 3465
3166 3528
3135 3589
2898 3345
2967 3791
2983 3791
3124 3687
3124 3791
2898 3386
3492 1968
3365 2071
3529 2102
3422 2071
3492 2071
3529 2246
3991 2337
3510 2449
3510 2484
3507 2493
3403 2493
3637 2522
3632 2484
3632 2522
4067 2337
3834 2337
4128 2205
3529 2337
3903 2337
4369 2172
4243 2172
4347 2172
4397 2189
4409 2284
3510 2392
4067 2625
3386 2984
3736 2965
3483 3027
3386 3027
3597 3027
3736 2868
3597 2965
3597 3125
3597 3467
3753 3587
3597 3589
3378 3766
3753 3506
3676 3589
3634 3589
3378 3594
3597 3189
4281 2786
4224 2786
4120 2821
4067 2821
4120 2901
4120 2940
4100 2965
4100 3050
4100 3090
4095 3239
4134 3239
4134 3209
3986 3239
4301 3323
4307 3339
4301 3339
4283 3526
3986 3270
4301 3247
4134 3137
3888 2965
4067 2715
3137 2162
3046 3962
3015 4084
3015 4264
2695 4299
2878 4299
3015 4299
2480 4896
2445 4896
2695 4449
2716 4636
2895 4859
3180 4859
3256 4859
3321 4859
2823 5141
2716 4859
2589 4926
2695 4628
3699 3990
3449 4089
3457 4089
3584 3990
3396 4174
3508 3990
3901 4161
4289 4258
3699 4123
3945 4610
3911 4610
3796 4610
3697 4610
3638 4610
3466 4610
3466 4672
3396 4440
4505 3980
4498 4051
4273 4283
4050 4283
3901 4283
4273 4560
4498 4241
4498 4199
4533 4241
4629 4431
4428 4258
4533 4431
4279 4607
2823 4859
3949 5026
3911 5026
4385 5026
3685 5037
3796 5154
3796 5210
3565 4926
4254 5026
4032 5026
4310 5026
4310 5043
4310 5198
4220 5246
4142 5260
4390 5026
4510 5139
3796 5037
3911 4728
2641 4926
3046 3791
2015 2312
3492 1886
460 5475
451 5564
451 5578
251 5584
228 5584
228 5690
228 5690
256 5870
594 5938
453 5938
373 6025
317 6025
256 6025
161 6084
228 5772
513 6434
387 6471
201 6529
282 6529
282 6608
282 6619
521 6883
282 6683
282 6883
161 6257
1132 5560
1049 5601
1049 5679
1049 5736
1049 5774
670 5938
870 5938
1049 5938
1129 6294
1059 6405
1109 6405
981 6734
1109 6496
1080 6558
1109 6558
1109 6734
1109 6670
1278 6778
832 6734
1011 6734
1129 6065
1129 6276
176 7236
316 7300
316 7373
316 7411
220 7747
356 7713
316 7459
316 7713
623 7411
729 7411
747 7560
747 7666
674 7699
747 7699
917 7397
1155 7509
1020 7509
1020 7634
1020 7666
1020 7713
1085 7717
1130 7766
1219 7822
871 7666
553 7411
176 7077
1810 5348
1949 5348
1751 5446
1483 5558
1483 5645
1483 5699
1440 5797
1483 5797
1609 5797
1440 6397
1440 6294
1527 6397
1432 6416
1432 6584
1432 6654
1530 6711
1753 6397
2022 6167
2022 6212
2022 6328
2104 6391
2022 6391
1631 6397
1440 6000
1463 6911
1530 6911
1796 6927
1822 6990
1947 7090
1822 7090
1763 7098
1763 7122
2133 7167
1516 6911
1739 7195
1666 7298
1525 7284
1445 7298
1525 7298
1872 7506
1973 7716
1938 7716
1739 7298
1686 6911
1352 6911
174 8247
197 8248
204 8248
514 8180
356 7966
197 8388
197 8440
250 8515
250 8587
473 8743
250 8743
335 8743
250 8444
156 9215
366 9316
156 9316
122 9602
488 9001
650 9001
843 9001
488 9077
750 9124
488 9316
546 9606
658 9651
546 9651
668 9897
527 9358
122 9416
248 8845
1055 8224
1096 8224
1147 8224
1264 8224
1570 8224
1614 8266
1717 8266
1753 8266
2068 8266
2068 8294
1614 8337
1375 8224
1014 8631
1218 8873
1256 8873
1308 8873
1298 8873
1030 8873
1030 8888
1056 9011
750 9001
1926 8624
1804 8624
1994 8697
1994 8824
1994 8987
1462 8997
1651 8997
1670 8997
1614 8520
1056 9278
1056 9216
1048 9278
1078 9500
1036 9541
1463 9436
1279 9446
1417 9446
1004 9757
1036 9569
1522 9827
1469 9901
1369 9901
1036 9757
1469 9947
1112 9901
1960 9323
1964 9330
2008 9698
1807 9763
1775 9763
1985 9767
1985 9827
2008 9557
1985 9763
1078 9446
1030 9001
356 8180
2556 5347
2556 5685
2260 5710
2362 5710
2613 5801
2714 5801
3006 5766
2822 5801
2556 5710
2892 5766
2929 5766
2861 5801
2613 6040
2708 6040
2815 6040
2842 6040
2708 6273
2613 5923
3490 5746
3034 5814
3630 5746
3178 5919
3284 6263
3178 6225
3178 6127
3178 6263
3178 5814
3896 5502
3896 5538
3826 5538
3630 5538
3306 5746
3672 5812
4255 5359
4292 5514
4292 5631
4178 5631
4292 5703
4245 5835
4292 5835
4421 5703
4340 5703
4245 5871
4457 5780
3944 5631
4245 5920
4282 6209
4125 6216
3782 6337
4090 6337
4113 6262
4245 6209
3306 5814
3002 6595
2642 6595
2642 6622
2642 6635
2581 6635
2471 6635
2663 6698
2339 7030
2339 7042
2339 7098
2663 6860
2663 6892
2663 7007
2663 7011
2663 7086
2663 7098
2663 7133
3008 7017
3008 7056
2877 6860
2420 7011
2663 6788
2280 7402
2280 7459
2280 7459
2280 7538
2268 7621
2183 7716
2268 7774
2559 7301
3054 7498
2559 7494
2988 7498
2767 7538
2826 7498
2826 7403
3095 7454
2559 7538
3059 7850
2767 7650
2767 7910
2985 7921
3059 7921
2904 7987
2767 7921
3298 8018
3168 8018
3298 8018
2826 7987
2375 7538
2856 8324
2795 8324
2683 8324
2642 8324
2608 8324
2520 8324
2298 8324
3223 8324
2826 8127
2826 8324
2638 7217
3728 6618
3639 6489
3505 6489
3505 6663
3488 6793
4078 6774
3794 6634
3951 6803
4404 6632
4404 6753
3915 6803
4404 6774
3915 6949
3915 7118
3915 7200
3891 7273
3812 7273
3812 7388
3587 7537
3587 7558
3709 7558
3812 7558
3662 7695
3709 7695
3843 7695
4383 7684
3909 7695
3632 7768
3632 7905
3474 7905
3474 8018
3683 8212
3770 8300
3553 8199
3709 7615
4221 7362
4285 7539
4544 7618
4489 7647
4285 7684
4085 7684
4383 7916
4383 8060
4521 8115
4035 7695
4383 7832
3893 7273
3474 8092
3728 6489
2506 8943
2290 8943
2290 9057
2290 9202
2290 9257
2290 9329
2953 8775
2831 8925
2815 8943
2815 9032
2815 9092
2703 8943
2449 9526
2449 9654
2449 9783
3236 9634
3072 9634
2938 9634
2924 9654
2924 9718
2599 9654
2341 9434
3424 8649
3770 8501
3852 8617
3729 8662
3678 8662
3678 8905
3868 9046
3887 9025
3678 9139
3629 9222
3542 9222
3850 9222
3678 9222
3678 9222
3678 9301
3678 9046
4177 8691
4258 8691
4177 8847
4283 9025
4177 9025
4115 9025
4418 9123
3978 9025
3486 9512
3486 9534
3474 9634
3717 9534
3982 9534
3894 9534
3982 9761
3722 9534
4269 9632
4489 9672
4335 9672
4278 9672
4278 9792
4113 9534
3722 9355
2924 9944
3770 8617
2268 7716
4142 5289
4890 220
4900 425
5181 456
5181 244
5181 364
5181 421
5206 511
5206 591
5140 591
5002 560
4900 560
5299 1091
4933 1091
4811 1114
4725 1270
4722 1341
4722 1468
5294 775
5294 801
5299 881
4831 999
4831 1091
5299 1129
5299 1307
5294 808
4722 1748
4846 1748
4779 1748
5087 1853
5314 1748
5309 1766
5115 1888
5115 1959
5226 1959
5289 1959
5289 2004
5289 2073
5289 2201
4846 1853
4846 1989
5630 492
5630 554
5624 707
5609 950
5609 966
5609 1023
5844 1050
6025 102
6025 219
6025 360
6132 564
6025 416
6055 564
6073 752
6055 686
6526 192
6526 396
6342 531
6480 531
6480 641
6156 993
6055 993
6393 918
6393 993
6262 993
6251 849
6401 1029
6509 1124
6660 1049
6538 1124
5609 1050
6251 993
6055 1050
5392 1392
5617 1414
5788 1414
5540 1414
5788 1513
5815 1520
5832 1520
6054 1485
6054 1520
5657 2111
5567 1970
5910 2111
5567 2111
6525 1520
6516 1520
6284 1598
6378 1598
6263 1598
6456 1731
6456 1598
6481 1940
6527 2014
6456 1867
6079 1598
6055 1195
5540 1451
4719 2367
4916 2367
5167 2605
4719 2501
5255 2605
4982 2817
4982 2832
4959 2910
4959 2999
4982 2367
5436 2443
4982 2605
5347 2443
5347 2605
4959 3059
4959 3195
4984 3394
4984 3415
4984 3500
4984 3561
4984 3569
4984 3665
5696 3500
5195 3500
4990 3293
4959 3243
5958 2622
5943 2622
5748 2622
5735 2622
5943 2722
5872 2847
6096 2847
5872 2955
5843 2995
5843 3039
6426 2445
6426 2715
5943 2847
6392 2944
6237 3002
6190 3002
6190 2847
6404 3014
6426 2740
6917 3081
6392 3002
5843 3182
5551 3500
6417 3523
6059 3535
6059 3619
6513 3294
6513 3328
6513 3502
6456 3502
6216 3523
6299 3523
5824 3500
5824 3523
6059 3523
5347 2249
7251 71
7251 164
7137 232
7137 460
7372 460
7472 482
6906 670
6906 1006
6864 1191
6864 1219
6864 1342
6823 1396
6823 1562
7912 1150
7429 1095
7398 1095
7333 1103
7200 1103
7200 1363
6906 1103
6906 832
8944 67
7976 198
8022 354
8115 354
8599 443
8811 217
8811 354
8645 369
8645 409
8324 443
8115 443
7892 728
8082 728
7707 1150
8082 1150
8082 888
7650 1150
8200 1387
8179 1387
8014 1387
8179 1317
8203 1150
8900 777
9038 732
9032 732
8992 732
8923 751
8599 753
8599 492
8739 753
8764 791
8416 1212
8517 1248
8489 1248
8421 1248
8764 1001
8764 1586
8694 1248
8978 1401
8764 1248
8570 1248
8764 1401
8310 1150
8764 777
9231 281
9367 360
9623 360
9858 360
9324 932
9136 871
9324 908
9491 992
9184 932
9215 1407
9302 1407
9381 1426
9453 1426
9630 1426
9730 1426
9302 1108
9813 1652
9367 786
9324 992
8179 1150
7112 1857
7112 1942
7112 2002
7098 2062
7490 1767
7429 1778
7429 1930
7429 1942
7429 2023
7375 2145
7267 1942
7918 2508
7800 2525
7375 2275
7514 2589
7409 2589
7606 2525
7169 2786
7084 2786
6997 2786
6864 2806
6864 2916
7142 3081
6691 3081
6864 3081
6864 2923
7409 2746
7595 2803
7527 2803
7409 2786
7651 2813
7837 2813
7651 2868
8087 3112
7405 3123
7412 3169
7554 3169
7651 3020
7651 3112
7771 3112
7640 3210
7640 3169
7341 2786
6984 3538
6984 3643
7356 3653
7319 3653
7128 3648
6984 3648
7632 3480
7595 3523
7203 3653
7595 3653
7637 3330
7375 2589
8511 1871
8452 1985
8181 2091
8440 2120
8313 2120
8287 2120
8440 2155
8441 2388
8287 2346
8287 2388
8261 2532
8851 1705
8864 2044
8864 2155
8864 2207
8864 2249
8864 2488
8872 2611
8864 2511
9199 2058
9199 2141
9198 2176
9198 2207
9198 2286
9047 2207
9590 2286
9668 2359
9837 2359
9922 2359
9383 2286
8763 2155
8360 3037
8231 3077
7994 3112
8087 3202
8102 3460
8431 3037
8579 2826
8477 2826
8431 2932
8295 3037
8872 2617
8805 2706
8839 2977
8936 3148
8839 3148
8619 3148
8508 3379
8670 3379
8747 3379
8508 3241
8508 3148
9199 2725
9199 2915
9199 2988
9367 2988
9381 2988
9194 3060
9731 2862
9454 2977
9731 2977
9760 2981
9216 3327
9216 3365
9216 3388
9216 3521
9815 3662
9475 3662
9297 3662
9070 3148
9194 3148
8805 2861
8087 3327
8864 1757
6688 3081
4714 4071
4714 4173
4714 4255
4714 4277
4714 4396
4714 4431
4714 4520
5343 3879
5436 3879
5339 4079
5412 4401
5339 4314
5457 4499
5457 4619
5156 4737
5253 4737
5407 4737
5457 4737
5457 4603
5339 4401
4928 4609
5253 5094
5215 5121
5142 5121
5097 5121
5215 5184
4840 5258
5253 4871
5794 3831
5834 3893
5845 3893
5923 3893
6363 3918
6154 3918
6015 3918
6608 3976
6363 3968
6394 4148
6394 3976
5834 4331
5947 4472
5935 4472
5834 4472
5834 4499
5733 4499
6249 4186
6248 4472
6248 4606
6294 4606
6173 4472
6047 5007
6197 4810
6005 5007
6193 5007
6567 4343
6474 4534
6483 4561
6714 4582
6586 4582
6483 4580
6580 4580
6714 4645
6474 4445
6714 4836
6714 5054
6793 5157
6714 5088
6294 4730
6248 4539
6806 5287
6984 3773
7027 3834
7121 3834
7174 3882
7465 4126
7454 4141
7174 3907
7095 4242
7250 4141
7174 4104
7095 4104
7454 4218
7095 4213
7507 4563
7137 4627
7137 4511
7335 4563
7552 4698
7137 4563
7137 4735
7054 4952
7182 5061
7182 5085
7069 5101
6998 5303
7225 5085
7546 5052
7415 5080
7517 5052
7246 5085
7723 5052
7137 4856
7137 4952
6881 5303
5579 4499
8048 3890
7948 3890
7948 3961
8252 3907
8448 3941
8419 4060
8384 4060
8292 4060
8292 4107
7948 3912
7858 4647
8146 4450
8225 4450
8292 4294
8108 4460
8108 4598
8108 4621
8108 4642
7866 4647
7767 4896
7807 4896
7858 4850
7858 4793
7984 4850
7984 4948
7984 5211
8619 4508
8806 4635
8292 4450
8901 5043
8759 5184
8901 5184
8628 4958
8759 5282
8628 5184
8628 4635
8486 4508
9493 4086
9493 4161
9493 4164
9493 4244
9493 4357
9564 4357
9620 4357
9892 4040
9823 4096
9823 4309
9705 4314
9755 4314
9853 4691
9117 4751
9493 4751
9674 4751
9853 4644
9539 5086
9495 5086
9674 4932
9651 4932
9604 4953
9604 5086
9676 5131
9495 5122
9674 4807
9493 4457
9763 4751
7546 5277
6984 3834
4891 5549
4679 5639
4782 5639
4782 5697
4891 5639
4801 5639
4792 5855
4792 6022
4895 6135
5151 5918
5524 6043
5183 6067
4966 6135
5016 6135
5183 6135
5016 6259
4782 5838
5890 5577
5650 5577
5515 5577
5456 5577
5967 5724
5895 5724
5890 5724
5241 6043
5639 6043
5657 6043
5753 6043
5770 5904
6710 5690
5964 5724
6238 5749
6708 6005
6373 6005
6257 6005
6226 5724
5183 6043
4933 6687
4802 6776
4933 6776
4961 6776
4802 6934
4802 6983
4770 7213
4802 7054
5121 6546
5154 6596
5154 6647
5302 6672
5154 6672
5469 6575
5528 6651
5469 6651
5381 6672
5608 6776
5089 6776
5696 6963
5561 7199
5398 7199
5245 7199
5675 7215
5561 7220
5622 7220
5696 7164
5071 6776
4840 7449
4889 7484
5222 7520
5273 7530
5561 7350
4946 7520
5031 7800
4994 7865
4994 7930
4994 7962
5031 7673
5031 7520
5115 7520
5427 7689
5427 7764
5710 7941
5427 7941
5561 7530
4921 8443
4994 8443
5142 8443
5204 8443
5439 8443
4994 8242
5427 7530
5868 6499
6238 6624
6147 6688
6220 6688
6111 6670
5962 6670
5901 6670
6147 6871
6147 6893
6401 6538
6521 6538
6530 7048
6802 7062
6586 7062
6530 7062
6514 7104
6521 7015
5999 7425
5999 7462
5999 7565
6029 7595
5999 7595
6123 7693
5830 7601
6512 7613
6213 7679
6327 7624
6327 7679
6615 7403
6514 7304
6637 7403
6512 7546
6327 7613
6123 7693
6029 7693
6123 7796
6119 7987
6119 8025
6119 8180
6040 8214
6088 8214
6046 8214
5886 8214
6040 8519
6040 8592
6045 8627
6040 8362
6517 8020
6450 8119
6450 8180
6450 8240
6450 8371
6982 8301
6501 8559
6764 8301
6450 8559
6764 8476
6340 8180
6119 7923
6514 7403
5809 7601
5107 6439
5142 8907
5026 8861
5142 8861
5128 8922
5097 8927
4943 8999
5097 8957
5058 8999
5173 8907
5564 8898
5401 8898
5324 8954
5324 9006
5362 9081
5362 9136
6017 8896
5498 8898
5324 8907
4815 9259
4815 9322
4815 9360
5044 9486
5151 9589
5064 9589
5064 9657
4967 9657
4815 9397
4999 9821
4999 9870
4815 9657
5552 9453
5362 9453
5362 9203
5662 9510
5462 9453
5662 9650
5662 9745
4999 9657
5362 9589
6017 8860
6274 8896
6152 8896
5783 8896
6836 8875
6773 8959
6171 8896
6778 8875
6560 9091
6606 9200
6773 9200
6502 9091
6406 8896
6606 9314
6606 9462
6684 9462
6390 9523
5971 9721
6135 9729
6257 9729
6390 9729
6717 9462
5631 8896
5142 8734
7355 5612
7844 5746
7381 5746
7255 6169
7064 6200
7101 6272
7189 6272
7255 6272
7477 6276
7533 6400
7533 6449
7310 5968
8044 5440
8049 5446
8049 5546
7866 5745
8049 5592
7886 5592
8062 5759
7782 5746
8214 5846
8138 6073
7961 6158
8088 6158
8178 6374
8122 6374
8088 6334
8088 6220
7871 6403
8022 6334
7820 6495
8406 5986
7381 5825
7107 6929
7092 7069
7107 7069
7198 7071
7092 7134
7341 7071
7550 6935
7382 6935
7382 6978
7293 7071
7341 7150
7341 7200
7802 6629
7802 6792
7802 6826
8039 6826
7981 7032
8064 7012
7993 6994
7993 7012
8064 7176
7577 6935
7993 6826
7341 7354
7264 7439
7197 7640
7003 7650
7003 7760
7131 7760
7174 7760
7174 7836
7174 7952
7174 8057
6951 8093
7169 8093
6982 8093
7174 8054
7745 7491
7976 7585
7745 7733
8036 7803
7976 7803
7965 7803
7873 7803
7853 8174
7853 8141
8003 7998
8003 8084
7784 8174
7960 8174
8003 8174
8064 8374
8003 8252
8003 8374
7641 8174
7965 7957
7535 8054
7264 7620
8828 5486
8967 5486
8611 5545
8558 5607
8558 5675
8759 5402
8809 5478
8982 5500
8468 5767
8634 5986
8583 5986
8406 5846
8728 6012
8406 5899
8728 6199
8590 6311
8507 6311
8994 6464
8507 6421
8507 6529
8994 6338
9046 6464
9113 6504
9046 6504
8994 6314
8971 6861
8773 6844
8971 6844
8573 6850
8728 6311
9361 5543
9361 5649
9746 5735
9361 5836
9482 5836
9746 5836
9655 6158
9482 6158
9379 6158
9379 6235
9379 6338
9298 6338
9380 6467
9399 6467
9399 6424
9363 6714
9399 6714
9611 6714
9613 6714
9663 6714
9399 6598
9482 5955
9161 6338
8573 7069
8722 7218
8722 7267
8722 7522
9046 7580
8897 7580
8722 7580
9156 7877
9041 7877
8897 7580
9069 8102
8982 7990
9002 8100
8525 8254
8879 8276
8982 8100
8575 8276
8698 8276
8982 7877
9457 7287
9811 7380
9376 7423
9605 7345
9605 7380
9511 7380
9457 7380
9811 7635
9657 7636
9889 7380
9592 7766
9577 7831
9646 7753
9577 8117
9577 8077
9577 7910
9598 8194
9598 8248
9638 8248
9598 8304
9356 8117
9255 8117
8573 7137
8328 6054
7042 8526
7042 8624
7042 9029
7138 9146
7143 9464
7237 9592
7035 9694
7214 9694
7237 9694
7284 9700
6997 9738
7969 9518
7138 9346
8252 8581
8539 8621
8003 8581
7908 8743
7908 8854
7988 8881
8199 8581
8003 8453
7858 8664
8055 8902
7981 9045
7965 9110
7981 9097
7965 9180
7882 9180
7969 9379
7511 9518
7237 9518
8190 9497
8215 9325
8190 9391
7943 9518
7724 9180
8084 9808
8269 9808
8321 9808
8084 9915
7943 9595
8055 9010
7999 9518
9056 8818
8758 8832
8773 8832
8978 8832
9360 8607
9341 8607
9311 8607
9616 8638
9503 8661
9503 8638
9503 8829
9410 8916
9410 8998
9672 8638
9939 8638
9939 8855
9939 8931
9257 8607
8783 9438
8917 9438
8917 9475
8917 9623
8917 9701
9011 9701
8801 9769
9410 9289
9410 9394
9403 9521
9403 9561
9627 9561
9823 9561
9823 9669
9156 9475
9403 9475
8355 8621
7908 8664
6756 8559
8759 5478
4732 4609
edges
2000 374
2147 460
3148 694
2011 1768
3013 429
2149 1410
3021 1856
3192 23
2011 678
2001 254
3127 897
2088 641
2000 1633
3148 1258
3127 1984
2012 443
2087 219
2086 1228
2002 1441
3013 1112
2165 1222
2053 542
2966 766
2013 620
2969 1031
2004 529
2085 851
3149 559
3128 639
2152 22
3006 323
2093 1034
2055 754
2088 1953
2148 1867
3021 1082
3194 1204
3149 1551
3153 1563
2014 245
3014 618
2966 1350
2016 291
3129 492
2015 47
2017 1651
2969 671
2052 1892
2165 1841
2005 1102
3192 1648
2166 332
2093 109
2017 1323
2089 1344
2167 1736
2151 1283
2092 1686
2169 34
2056 1679
2178 365
2123 535
2152 986
2091 1235
3151 1628
2166 544
2153 1519
3150 1708
3154 674
3015 1718
3195 369
2970 679
3155 1992
3022 362
3156 1940
2060 1009
3017 1229
2171 1237
2971 1573
2010 1782
2023 549
2967 1554
3157 1952
2154 507
2968 770
3131 77
2006 372
3158 194
3132 979
3006 312
3176 1089
2062 1608
2094 1636
2972 489
2019 1732
2094 906
2159 1946
2061 716
3023 667
2095 1739
3007 101
2975 1831
3016 1994
2974 1402
2007 53
2176 1496
3132 923
3195 1150
2020 130
2008 596
2976 1788
2102 664
3025 146
2007 910
2019 1074
2114 1052
2101 1850
3133 1502
2158 418
3173 853
3020 1836
3159 647
2160 1755
3008 119
2096 816
2057 231
2156 1178
3172 1389
3160 367
3171 1196
2022 1443
2024 1139
2009 1795
3174 1199
3019 1490
3159 253
3177 1272
2157 1029
2115 140
2032 683
2983 1724
3170 141
3025 1681
3209 1388
2100 163
3178 1141
2161 1920
3175 1238
2059 1086
2984 1304
2990 941
2098 533
2099 1596
2058 375
3147 1515
2062 636
2102 1274
3031 1822
2175 462
3197 771
2985 911
3163 1128
2119 581
3028 1425
3198 262
2106 1397
2173 1073
3028 214
2177 685
2163 1355
2177 930
2986 1726
2175 972
3200 476
2065 1961
2174 670
3142 712
3009 763
2164 788
2118 774
3010 629
2104 410
2117 1908
3027 1270
2063 1727
3199 720
3026 879
2986 420
2204 313
3183 1750
2103 1902
3134 450
2204 1848
2105 650
2112 84
2109 1375
2038 1735
2110 1351
3011 989
3034 1590
3032 405
2192 316
2106 334
2051 1663
3199 1303
3034 267
3012 1503
2111 246
2108 294
3161 150
3030 379
3190 1649
2033 1176
2978 589
3141 1337
3143 913
3207 301
2979 1835
3036 591
2070 1186
3033 560
2988 1180
3169 823
2034 458
3140 1018
3035 1407
2122 1036
2034 1772
2203 1828
2036 215
2028 63
2108 954
2179 276
3135 1370
3063 1294
3206 1982
2181 833
2069 399
2180 28
3179 174
3185 1088
3136 386
3180 1057
2111 1905
2072 145
2067 955
2071 1260
2202 178
3188 1996
2980 201
3182 1482
2193 1988
2182 843
2043 1862
2181 700
2186 1339
2989 1535
2066 964
3168 1374
2048 733
2981 1508
3137 1891
2045 340
2185 1629
3201 273
2037 1497
3167 1160
3055 1002
3145 120
3204 924
2135 1115
2073 41
2205 894
2194 10
2133 39
3165 1321
2027 1665
2134 126
3039 353
3138 1893
3186 1366
2031 702
2195 1133
3201 1832
3041 1194
2026 1974
2136 793
3040 799
2028 920
2067 1623
2138 404
2146 391
3205 1185
2145 296
2184 714
3052 626
2039 1068
3064 730
2141 1163
2124 471
2187 676
3186 1121
2125 691
2982 473
2050 1479
3145 784
3046 846
2144 1669
3165 1802
3043 1529
3045 359
3053 1152
2126 368
2127 659
2046 1999
3052 1179
2196 1886
3181 232
3164 682
2128 758
3139 1547
3203 1990
3139 1654
2083 708
3184 290
2074 1977
3054 1286
3167 42
2040 1919
2129 13
2139 772
2140 747
2047 900
2197 1844
3044 17
2074 1376
2129 1361
2992 469
3062 1387
3208 1756
2130 1208
3208 1442
2144 151
2041 1293
2189 1671
2077 1236
2047 1923
2042 1162
3056 1386
3278 383
2143 737
2201 995
2200 468
2995 318
2079 1749
2131 1692
3057 633
2042 1973
2075 1556
2199 306
2143 452
3212 935
2993 227
2995 787
2991 956
3216 1859
3340 1697
2078 1313
2050 1211
2996 546
3216 566
3286 1587
2201 994
3217 1371
3269 486
2188 465
3267 545
2080 449
2188 1320
2994 3
3212 1763
3061 792
3267 455
3292 1683
2131 1051
2081 57
2191 1182
2997 872
2082 1328
2082 574
2191 904
3218 1607
3059 1652
3222 1597
2999 1616
2395 729
3049 1959
2228 985
2415 785
3268 1641
3005 738
2998 266
3214 1004
3001 1213
2398 1465
2206 1650
3060 1189
2232 1097
3220 1564
2364 517
2370 501
2206 80
2218 610
3279 908
2361 1866
3286 37
3215 1035
3005 1855
2396 1879
3002 1798
2361 755
2416 796
2207 1527
3215 1738
3269 385
2253 1789
3050 1725
2397 456
2363 1525
3050 110
3271 721
3048 997
2211 1437
3060 394
3287 890
3221 1594
3297 1008
3273 104
2368 1609
2371 487
2460 454
2414 1094
3288 181
2228 1314
2417 849
3051 1943
2216 199
3003 1637
2411 384
3291 1965
3295 1457
2213 1061
2400 223
2229 681
2372 825
3126 1613
3282 184
2365 789
2255 977
2367 893
2217 1426
3225 139
2418 1501
2232 840
3290 666
2366 8
2401 1514
2254 161
2233 765
3223 601
2220 1364
2410 1292
2255 1333
3074 1512
2219 1966
2231 506
3275 1206
2227 1464
2256 164
3065 1801
3296 1166
3293 1912
2208 570
3066 451
2209 1195
3091 1433
3274 282
2257 188
2419 1729
2215 284
2234 1450
2252 99
3075 834
2239 669
3295 1042
3101 1557
3075 1617
3101 259
2402 1360
2223 87
3274 1895
2413 1225
2405 132
2407 701
2210 1288
3283 1799
3228 70
2380 628
2404 1017
3068 984
3223 1191
3285 93
2406 863
2406 860
3224 696
3094 1305
3277 640
2236 1909
2258 1183
3294 1601
3068 1972
2418 1498
3226 728
3277 704
2260 189
2210 1511
3067 1106
2405 536
3078 1138
3266 395
3284 463
2408 1093
3308 877
3093 16
3091 1016
2420 1537
2373 1332
2259 1113
3069 1571
2271 660
3094 756
2373 1168
3309 1480
3319 149
2378 1377
2459 442
3102 801
3231 1960
3095 539
3319 1078
2221 432
2374 1507
2221 477
3109 371
3238 225
2438 1116
2378 1485
2439 1753
3230 1827
2222 1400
3325 153
3107 381
3239 1445
2438 1347
3229 1951
3305 1187
2264 1151
2375 1135
3240 1647
3232 1524
3304 1638
3243 85
3243 1968
3070 122
3254 1572
2441 1932
3304 1174
3096 481
3071 1682
2225 1745
3097 687
3338 224
2237 241
3325 485
2426 1259
2426 220
3244 421
2237 209
2225 656
2442 125
3072 1889
3320 1477
3233 459
3237 1771
3306 1620
2443 831
3104 512
2427 537
3307 89
2240 406
2379 48
3098 1504
2458 1748
2421 1581
2266 29
3310 490
3326 814
3328 965
2421 1198
3323 1261
2265 1234
3099 1883
2262 344
3073 1210
3106 240
2241 129
3322 909
3108 1618
3249 1591
3300 1257
2423 1809
3298 1353
3100 20
3105 1814
3246 0
2267 1694
2445 928
3079 709
3324 707
3328 444
2247 942
3234 1778
3299 311
3235 1576
2446 1604
3110 256
2263 1403
2381 658
2241 1047
2242 790
3251 242
3246 884
2428 1705
3341 478
2243 1003
2457 61
3336 191
3313 364
3311 795
2424 1438
3248 1405
2268 649
3112 1666
2437 206
3080 1144
3301 1039
2449 115
3252 1657
2450 1839
2243 1491
2250 1670
2249 1677
2447 1631
3317 1001
3090 203
2456 808
2245 303
2455 951
2263 916
3117 508
3089 929
3117 1610
2249 419
3247 1
2246 133
2384 135
2451 1926
3234 1954
3339 940
3329 524
3118 212
3265 195
2269 1087
2452 773
3316 830
2452 760
2385 1701
3330 270
2269 661
2382 518
3314 355
3087 505
2383 1548
2455 1330
3331 1216
3315 142
3081 973
3082 144
2433 331
2276 402
3255 1913
3302 1063
2394 475
2386 583
2429 1415
3261 198
3122 1906
3088 275
3120 1759
2433 348
2318 1127
2273 333
3332 619
2314 427
3124 94
3121 1516
3262 1779
2454 1255
2387 1155
3115 1880
3316 1660
3255 1271
2287 409
2287 1872
3084 1494
3114 200
3085 105
2382 1214
2430 1170
2325 530
2388 1100
2435 1530
2436 734
3333 1894
3116 775
3116 204
2326 1024
3257 309
2434 1957
3113 1290
3256 1362
3259 1781
2326 1384
2278 360
3264 4
3335 1818
3086 822
2392 630
3334 1242
3263 1983
3333 653
3119 680
2275 229
3302 1365
3086 761
3258 44
2272 1674
2294 1807
2454 777
2432 88
2277 1044
3412 1466
2313 103
2313 1928
2390 1019
2391 1000
3370 1075
2332 1546
2274 1803
3448 987
3349 393
3414 197
2317 1584
2315 1746
2432 18
3373 1719
2319 488
3370 1117
2293 1394
3413 1306
2291 752
2390 932
2393 1451
3350 1157
2282 1224
2280 102
3513 1181
2322 907
3350 1689
3415 686
3447 1808
3372 732
3451 745
3418 975
3450 558
2288 1578
3375 638
3456 624
3374 249
3451 1711
3376 1212
2302 338
2496 278
2290 1099
3449 960
2461 218
3378 68
2484 1390
3377 1615
2496 1619
2281 1287
2482 1069
2479 336
2292 1728
3342 95
2301 613
3491 1734
2275 1488
2320 1221
3484 1021
3491 780
2321 1751
3449 1249
2497 523
3371 880
3453 289
3452 864
3342 1463
2323 408
3377 136
3351 1941
2462 351
3484 1643
2480 1553
2481 950
3492 1126
3422 1870
3455 1685
3416 1979
2329 895
2487 1518
3416 835
2328 568
3420 1599
3379 571
2464 271
2284 603
2485 616
3485 366
3486 1356
3343 1373
2483 798
2295 839
3387 1823
2330 1770
2296 627
2503 1487
3424 339
2297 548
2486 1704
3423 482
3423 983
2331 953
2298 585
2504 1140
3419 1369
2331 65
3487 24
3381 1062
3344 1342
2506 1262
2463 6
2286 933
3345 1646
3396 768
2499 826
3460 1698
2465 1645
2286 74
3493 1520
3353 90
3494 1192
2358 1107
2466 1837
2299 35
3381 1630
2283 11
3396 837
3490 433
2500 307
3489 111
2341 196
3495 243
3346 1865
3352 1266
2342 79
2333 1335
3458 1096
2505 1976
2334 1603
2495 510
2507 1226
3404 1522
2469 439
2335 800
3459 248
3383 1948
3510 357
3461 1284
3361 1468
3391 564
3446 1359
2336 881
3473 1263
3427 1276
3348 1881
3386 690
2300 1684
2337 230
3385 1493
3397 1612
3410 1900
3399 337
3483 1667
2300 1907
3428 1417
2501 356
3398 1448
2490 1733
3425 1884
2351 1311
2339 213
2338 288
2488 974
3402 593
3400 117
3462 611
3360 1007
2351 1901
2491 1930
3389 1561
2508 966
3362 1188
2488 349
3355 1598
2492 1811
3463 1098
3457 1327
3426 172
2478 1805
3500 874
3474 1275
2470 1680
3464 1624
3500 361
3403 552
3465 1758
3997 1218
2494 1668
2303 625
2494 56
2508 1495
3496 417
3429 430
3358 250
2352 1161
2344 1589
2354 483
2527 403
3409 1091
2353 1329
3382 672
3431 1790
3359 168
3497 1326
3511 1268
2340 1586
2472 892
3429 1253
2356 1331
3469 541
3356 1849
2304 809
3509 515
3393 1312
2474 1278
2308 358
2512 1744
3405 735
2304 1429
2471 1265
3470 113
2467 514
3443 401
2473 753
3466 446
3369 1568
2355 326
2308 742
2468 804
3467 179
3440 236
2347 605
3504 1570
2477 1764
2516 255
3503 237
2309 1114
3432 1917
3471 1244
3432 970
3505 392
3479 1540
2528 1460
2517 1885
3394 663
2345 1838
2346 1916
2348 607
3394 1852
2349 577
2518 608
3476 1453
3395 1634
2524 1280
2305 261
2513 1864
2520 783
3476 424
3442 1939
3406 158
2468 1006
2510 55
3433 1316
3502 1378
2356 1079
2348 1784
3439 1934
3437 668
3501 1171
3408 828
3365 740
3363 934
3435 1846
3366 106
3508 235
3507 547
3508 480
2525 778
2475 662
2310 1899
2525 1145
2514 1122
3407 1673
3441 695
3392 1714
3367 990
3481 1167
2521 1368
3478 1048
2515 1084
3367 912
3472 1858
2306 1245
2311 166
2350 416
2307 1013
2515 797
2522 327
2475 25
3368 277
2523 652
3512 578
3480 623
3411 107
2965 565
3368 739
3436 1131
3512 1812
3472 1440
2606 1775
2738 1227
2738 968
2605 1169
3507 1824
3445 1740
2771 1767
2747 1921
2532 27
2606 655
2557 1281
3825 1473
2765 576
3741 1125
2536 1690
3741 1173
2607 1676
3742 1452
3821 274
2532 1791
3515 1446
3826 205
3514 441
2768 1424
3820 1431
3850 216
3852 1877
3827 1408
2765 484
3534 1481
2772 1101
3532 1687
2767 1710
3729 1277
3850 1233
3531 901
3822 1806
3743 586
3514 856
3543 1143
2608 1156
2557 1132
2533 247
3534 185
2534 815
2535 49
3549 643
3746 750
2740 1338
2558 1439
3823 423
3729 848
2774 1834
3519 382
2782 527
3515 1223
2609 345
3851 963
3824 786
2559 749
2778 1459
3533 263
2739 1712
3518 1888
2537 1706
2538 373
3543 684
3827 883
3517 123
2610 30
3535 265
2779 1786
2769 617
2741 1944
3536 1164
3852 1489
2560 1469
2748 821
3744 717
2756 389
3748 713
3730 1412
3544 1120
3545 1816
3747 1080
2744 1971
3828 269
2546 1273
2561 457
2781 1492
2613 19
2611 1108
2743 896
2745 1012
2770 73
2757 1478
2776 1533
2749 1399
3761 208
2740 602
2777 1420
3855 1090
3530 426
3853 726
2781 1851
3749 648
2541 824
3520 279
2770 341
2790 782
2539 1656
2780 1279
3833 1153
3523 948
3542 868
2562 1868
3523 1793
2613 885
2759 590
2783 521
2755 33
2540 818
3871 1956
3829 285
3740 876
3540 157
2563 321
3830 1769
2628 1134
3546 1931
3832 513
2753 1295
3538 1876
3547 915
3521 31
2543 1644
2542 1737
2752 543
2750 1672
3539 1910
3915 1202
2577 415
3525 1193
3750 1401
2545 1398
3751 1592
3526 842
3733 597
3858 407
2762 1606
3524 114
3541 502
3528 1010
2622 767
3522 1434
2753 528
3751 186
3856 746
2622 1324
3732 1595
2784 594
2786 1111
3548 192
3834 522
3733 869
2784 335
2623 1583
3836 59
2785 1716
3756 1918
2761 76
3859 1723
2556 1177
3529 5
2788 673
2760 998
3734 819
2754 154
2760 1427
2578 1406
3737 1785
2754 1043
2565 651
2615 1203
2763 58
3835 1688
3844 1904
3735 926
3856 936
2624 1532
3758 557
2787 280
3872 1379
3861 555
3753 925
2566 1567
3754 138
2547 939
2625 532
2616 1049
3738 347
3757 1404
2566 1357
2621 699
2617 1534
3838 1220
3864 78
2547 180
3665 398
3739 1050
3753 805
3564 813
2853 519
3841 719
3862 736
2548 1149
3862 1757
2854 820
3604 1020
3759 239
2569 320
2796 1486
3604 1301
2792 1066
3842 959
3739 330
3843 1372
2627 1950
3613 162
2549 1310
3839 1030
3614 1307
3839 993
2860 1722
2575 741
2570 1215
3559 1820
2570 887
3842 1857
3564 1095
2618 595
2791 72
2791 1159
3560 325
3870 12
2551 91
3609 1085
2852 1317
2552 1588
3551 1523
2793 1761
3605 882
3774 988
2860 847
2858 169
2796 167
2795 743
3561 635
3565 1774
3869 1267
2619 1653
2855 606
2573 865
3608 461
3562 976
2625 317
3777 710
3567 944
3610 257
2554 1506
3551 1285
3607 1172
2797 346
3769 226
3865 1898
2620 1765
3867 1505
3865 413
3552 1890
2568 827
3868 370
3762 1949
2861 322
2575 1700
2857 1205
3578 1432
3568 520
2574 1955
2812 1318
3775 233
2856 1985
2859 1804
2863 1240
2856 1929
3777 1766
3554 511
3846 422
3848 744
2648 495
2810 1813
3845 1348
3611 1147
3569 494
2553 870
2802 354
3612 812
2629 21
2576 1027
3768 806
2649 1046
2631 905
3762 7
3555 1783
3783 1254
2553 124
2864 411
3612 414
3869 315
3845 561
3570 1454
3770 286
3556 1975
2638 947
2632 1315
3780 1246
3616 1602
2803 1980
2811 838
3779 438
3620 1569
2808 922
2798 222
3778 1461
2887 1871
2799 1475
3615 861
3558 1336
2809 297
3616 173
3778 551
3763 1059
3873 1118
3765 1662
3573 1796
2604 969
2805 1291
2633 569
2635 1661
2800 1843
2806 706
3617 127
3619 855
2809 1065
3771 329
2865 1392
3571 967
2636 903
3892 1070
2807 1200
3766 1817
3914 1721
2800 1986
3772 1544
3766 1963
3577 1300
2637 878
2637 400
3782 376
2639 604
3572 1060
2866 1978
3773 1456
2588 1696
3557 1358
3574 81
2851 1605
3874 867
3576 1289
3901 759
3557 688
2579 657
3782 1346
3573 1821
2868 832
3875 727
2867 298
2641 193
2641 1033
3892 1600
2642 497
2580 1896
2820 26
2593 1709
3633 554
3895 526
2827 599
2640 654
2898 1575
3895 531
3583 705
3785 540
3632 1989
2887 211
2587 665
2581 1510
2826 858
3897 82
2889 697
2869 556
3877 609
2813 1053
3901 299
2593 69
3621 499
2813 342
2826 1136
3634 1232
2594 1123
2603 1474
3894 152
3621 1915
3579 128
3634 866
3786 1935
3636 550
3579 1614
2827 1760
3581 634
2585 962
2814 295
2815 572
3622 1981
3580 40
3799 1933
3799 1860
2822 1833
2823 51
3591 1083
2870 1197
2644 1038
2594 850
3584 175
3876 1110
2821 1449
3894 575
3582 1962
2642 1558
2870 86
2840 1349
2888 946
3635 1396
2871 1914
2873 32
2589 1436
3623 1484
3800 841
3878 945
3800 1695
3788 981
3624 397
3664 1715
3628 378
2886 644
2889 472
3819 1282
2817 862
3630 996
2596 563
3899 642
3900 1297
3787 888
2890 260
2830 677
3788 1582
3877 147
2602 305
3589 1322
3629 1319
2892 1713
3879 45
2874 1154
3592 715
3637 731
2876 1655
2591 182
2584 1874
2598 1878
2645 470
2599 143
2818 1064
3638 1032
2646 1251
3801 467
2829 927
3627 100
2583 425
2591 803
3904 1252
3631 1621
3790 961
3593 844
2600 1579
3902 496
2879 165
2819 931
3789 1416
3639 1560
3585 1165
3802 723
2896 794
3805 1340
2601 1703
2583 1528
2878 917
3903 675
2897 899
3792 919
3802 1521
2829 328
3880 1938
3586 1308
2592 131
3881 1555
3880 1947
2881 1693
2880 1611
2601 380
2831 292
3907 1691
2893 1792
2835 1447
2832 1499
3662 1627
3587 66
2819 1658
3594 1395
3651 1458
3793 1381
3817 177
3588 621
2654 1639
3795 1142
2834 1625
3640 937
3884 1040
3808 751
3646 971
2836 1471
3651 918
3641 491
2837 1041
3594 1936
3818 1854
3794 1363
2894 1997
3595 1500
2684 764
2838 1470
3906 637
3809 1343
2899 1414
3795 1887
3885 431
2688 829
3883 1028
2895 1593
3913 1352
3807 1184
3652 810
2849 264
2681 75
3807 252
2686 1158
3811 1409
2653 1298
3661 724
2895 1383
2683 1903
3908 67
3886 1071
2885 1325
3645 1699
2680 898
3796 1882
2883 1730
3646 817
2691 1819
2650 902
3910 1863
3654 412
3602 1422
2682 308
2650 614
2652 1092
3910 1622
3816 500
3814 914
3886 324
3644 980
2687 1124
2653 1299
2847 221
3810 845
3912 1130
2846 1873
3889 725
2843 1345
2689 314
2884 1958
3658 1483
3911 1777
3890 1137
2680 952
3601 1256
2848 999
2842 1925
2847 1720
2690 943
2689 1552
2844 1969
2841 622
3650 148
3655 580
3813 957
3656 1545
3887 43
2655 1731
3600 1517
3813 1472
2845 1081
2848 272
3911 1250
2656 390
3597 1826
2662 1742
3936 1219
3660 1231
3597 587
2924 1659
3916 875
2657 1302
3647 479
2709 857
3601 62
3916 852
3964 1787
2939 836
2701 1927
3657 116
3973 1911
3929 160
3659 96
2901 498
3935 396
2658 921
3648 1175
2923 64
3976 50
3972 436
3963 978
2925 1129
3930 992
2702 1538
3917 1531
3649 1566
2692 92
3965 1148
2692 854
3649 631
3966 1562
3995 228
2923 1585
3967 1945
2926 343
3937 1119
3937 1800
2940 503
2925 1830
2940 1201
2703 1542
2659 718
2693 646
3728 14
2659 159
3932 1217
3727 1105
2661 538
2907 698
2907 1025
3993 234
3705 437
3676 98
3667 493
3959 584
2704 1077
3969 1924
3960 387
3717 1565
2679 1998
2941 1011
3682 293
3933 889
3974 464
3709 319
2695 1230
3705 1462
3667 304
3712 52
2696 1411
2694 1209
3709 1037
3934 645
3711 1513
2698 1239
3707 1752
3675 1382
3706 1423
3938 693
2928 1776
3962 1455
3674 1640
2902 238
3970 1334
3708 1702
3669 1825
2908 445
3670 592
3975 210
2667 97
2669 1428
2912 1536
2946 1664
3677 1842
3672 466
3710 1467
3975 567
2705 873
2707 388
3971 1810
3671 1354
2668 1845
2942 1247
3678 811
3957 207
2699 281
2930 779
3918 258
2910 38
3961 1707
2706 1741
3939 1296
2929 991
2903 121
3671 711
2708 1309
2670 1072
3713 1022
3679 1580
3951 1642
3716 588
2911 1797
3941 1526
3673 300
3940 1248
2911 525
2945 632
2671 1476
3680 244
2931 769
3919 891
2671 692
2944 748
3943 54
2933 428
2934 757
3715 1847
2904 183
3698 582
3951 171
2663 350
2711 1987
2932 1853
2934 1341
3948 1875
3684 251
2715 202
2905 871
3684 1380
2945 534
2933 612
2712 108
2712 1509
3984 176
2937 363
3718 776
2664 1435
2726 1264
3685 1146
2726 474
3948 1632
2906 722
2727 958
3989 938
3928 1717
3978 1430
2961 1014
2677 1964
3686 1815
3944 15
3700 689
3949 703
3985 134
3692 1970
2678 600
3726 1754
3977 352
2922 435
2715 187
3977 1103
2716 310
2952 1243
3696 1574
3726 1626
3920 448
2947 1549
3991 1413
3687 1995
3720 1559
2956 1743
3687 434
3947 1241
2713 217
3722 762
3699 562
2947 1444
2960 982
3945 137
3986 1635
2717 1861
3721 598
2913 1869
2950 1967
2714 886
3958 1675
2918 447
2733 1045
3987 1550
2719 112
3688 453
3921 1026
3956 1076
2666 949
2917 516
2673 268
3922 1190
3980 579
3988 1367
2955 1005
2949 1207
3701 440
2674 509
2921 1056
3704 807
2666 1678
3691 781
2675 1577
3990 1023
3690 1780
2957 1840
3695 71
3923 1794
2728 60
3925 377
3982 553
2920 1762
3722 1747
3724 156
3926 1393
2729 190
3702 287
2718 46
2953 1104
2730 302
2718 1942
2731 1269
3983 1385
3723 1391
2956 504
2915 573
3954 615
2959 1054
3702 118
3954 1015
3693 83
2720 36
2732 1773
3953 1937
2916 283
3925 1897
3982 1419
3694 1543
3990 802
2676 1922
2915 170
2722 9
3955 1055
3725 791
3983 1421
2725 859
2953 1993
3926 1829
2962 1418
2732 155
2724 1067
2724 1541
2959 1109
2676 1539
3694 2
3955 1991
2962 1058
2003 2000
2015 2001
2001 2002
2002 2003
2003 2004
2004 2005
2010 2006
2008 2007
2009 2008
2006 2009
2005 2010
2012 2011
2025 2012
2016 2013
2018 2014
2014 2015
2025 2016
2013 2017
2023 2018
2020 2019
2021 2020
2032 2021
2021 2022
2024 2023
2022 2024
2018 2025
2029 2026
2026 2027
2027 2028
2038 2029
2037 2030
2030 2031
2051 2032
2036 2033
2035 2034
2043 2035
2035 2036
2045 2037
2039 2038
2031 2039
2030 2040
2040 2041
2041 2042
2049 2043
2049 2044
2048 2045
2044 2046
2046 2047
2044 2048
2066 2049
2029 2050
2033 2051
2053 2052
2054 2053
2085 2054
2147 2055
2055 2056
2058 2057
2059 2058
2064 2059
2056 2060
2060 2061
2057 2062
2065 2063
2061 2064
2064 2065
2205 2066
2068 2067
2069 2068
2070 2069
2063 2070
2068 2071
2071 2072
2084 2073
2075 2074
2076 2075
2083 2076
2076 2077
2077 2078
2080 2079
2081 2080
2078 2081
2079 2082
2084 2083
2072 2084
2086 2085
2089 2086
2052 2087
2123 2088
2092 2089
2114 2090
2090 2091
2091 2092
2054 2093
2095 2094
2097 2095
2097 2096
2098 2097
2099 2098
2100 2099
2113 2100
2096 2101
2101 2102
2107 2103
2103 2104
2104 2105
2113 2106
2112 2107
2107 2108
2110 2109
2121 2110
2121 2111
2118 2112
2105 2113
2115 2114
2155 2115
2158 2116
2116 2117
2120 2118
2155 2119
2109 2120
2119 2121
2120 2122
2090 2123
2138 2124
2124 2125
2125 2126
2126 2127
2127 2128
2132 2129
2132 2130
2130 2131
2128 2132
2134 2133
2137 2134
2122 2135
2142 2136
2135 2137
2145 2138
2140 2139
2141 2140
2142 2141
2133 2142
2139 2143
2136 2144
2146 2145
2137 2146
2087 2147
2149 2148
2150 2149
2153 2150
2150 2151
2151 2152
2154 2153
2159 2154
2156 2155
2157 2156
2117 2157
2163 2158
2160 2159
2162 2160
2192 2161
2161 2162
2164 2163
2162 2164
2168 2165
2167 2166
2168 2167
2169 2168
2170 2169
2178 2170
2170 2171
2176 2172
2172 2173
2173 2174
2174 2175
2171 2176
2172 2177
2148 2178
2182 2179
2179 2180
2180 2181
2183 2182
2184 2183
2187 2184
2193 2185
2183 2186
2189 2187
2190 2188
2190 2189
2531 2190
2531 2191
2203 2192
2186 2193
2198 2194
2202 2195
2195 2196
2196 2197
2197 2198
2198 2199
2199 2200
2200 2201
2185 2202
2194 2203
2116 2204
2073 2205
2207 2206
2214 2207
2227 2208
2208 2209
2209 2210
2216 2211
2211 2212
2212 2213
2213 2214
2214 2215
2220 2216
2218 2217
2219 2218
2231 2219
2217 2220
2222 2221
2226 2222
2212 2223
2223 2224
2224 2225
2224 2226
2215 2227
2229 2228
2230 2229
2239 2230
2230 2231
2233 2232
2235 2233
2235 2234
2236 2235
2238 2236
2238 2237
2271 2238
2234 2239
2226 2240
2244 2241
2251 2242
2247 2243
2242 2244
2250 2245
2245 2246
2248 2247
2240 2248
2244 2249
2251 2250
2248 2251
2367 2252
2366 2253
2530 2254
2254 2255
2530 2256
2256 2257
2257 2258
2261 2259
2258 2260
2260 2261
2270 2262
2266 2263
2261 2264
2264 2265
2262 2266
2270 2267
2267 2268
2268 2269
2265 2270
2259 2271
2277 2272
2272 2273
2282 2274
2274 2275
2246 2276
2279 2277
2276 2278
2278 2279
2279 2280
2360 2281
2273 2282
2285 2283
2281 2284
2284 2285
2285 2286
2294 2287
2289 2288
2290 2289
2291 2290
2292 2291
2293 2292
2302 2293
2289 2294
2359 2295
2359 2296
2296 2297
2297 2298
2298 2299
2299 2300
2288 2301
2360 2302
2283 2303
2312 2304
2312 2305
2307 2306
2305 2307
2309 2308
2310 2309
2311 2310
2306 2311
2303 2312
2316 2313
2315 2314
2316 2315
2317 2316
2318 2317
2319 2318
2322 2319
2321 2320
2324 2321
2324 2322
2320 2323
2295 2324
2327 2325
2325 2326
2332 2327
2327 2328
2328 2329
2329 2330
2330 2331
2314 2332
2342 2333
2333 2334
2334 2335
2337 2336
2338 2337
2335 2338
2336 2339
2339 2340
2358 2341
2343 2342
2341 2343
2343 2344
2346 2345
2350 2346
2340 2347
2349 2348
2345 2349
2347 2350
2355 2351
2344 2352
2357 2353
2353 2354
2354 2355
2357 2356
2352 2357
2323 2358
2301 2359
2280 2360
2362 2361
2363 2362
2364 2363
2368 2364
2252 2365
2365 2366
2362 2367
2369 2368
2372 2369
2460 2370
2369 2371
2380 2372
2374 2373
2375 2374
2376 2375
2379 2376
2376 2377
2377 2378
2381 2379
2377 2380
2389 2381
2383 2382
2394 2383
2386 2384
2384 2385
2387 2386
2388 2387
2392 2388
2385 2389
2391 2390
2529 2391
2393 2392
2529 2393
2389 2394
2399 2395
2370 2396
2399 2397
2396 2398
2398 2399
2397 2400
2413 2401
2419 2402
2402 2403
2403 2404
2404 2405
2408 2406
2403 2407
2407 2408
2401 2409
2412 2410
2409 2411
2400 2412
2410 2413
2416 2414
2411 2415
2415 2416
2414 2417
2417 2418
2412 2419
2409 2420
2424 2421
2458 2422
2425 2423
2423 2424
2427 2425
2422 2426
2422 2427
2425 2428
2437 2429
2434 2430
2429 2431
2436 2432
2430 2433
2435 2434
2431 2435
2431 2436
2428 2437
2439 2438
2440 2439
2441 2440
2459 2441
2440 2442
2442 2443
2443 2444
2444 2445
2445 2446
2448 2447
2449 2448
2457 2449
2447 2450
2456 2451
2453 2452
2451 2453
2453 2454
2450 2455
2448 2456
2446 2457
2444 2458
2420 2459
2371 2460
2462 2461
2463 2462
2466 2463
2469 2464
2464 2465
2465 2466
2477 2467
2467 2468
2478 2469
2476 2470
2472 2471
2473 2472
2474 2473
2516 2474
2509 2475
2509 2476
2528 2477
2470 2478
2487 2479
2481 2480
2484 2481
2479 2482
2480 2483
2482 2484
2500 2485
2506 2486
2485 2487
2489 2488
2490 2489
2491 2490
2492 2491
2493 2492
2495 2493
2493 2494
2483 2495
2497 2496
2503 2497
2486 2498
2498 2499
2499 2500
2498 2501
2504 2502
2502 2503
2507 2504
3347 2505
2502 2506
2505 2507
2501 2508
2471 2509
2511 2510
2527 2511
2519 2512
2526 2513
2526 2514
2514 2515
2513 2516
2518 2517
2510 2518
2517 2519
2519 2520
2520 2521
2521 2522
2522 2523
2512 2524
2524 2525
2511 2526
2489 2527
2476 2528
2461 2529
2253 2530
2395 2531
2533 2532
2534 2533
2535 2534
2536 2535
2537 2536
2538 2537
2546 2538
2544 2539
2562 2540
2540 2541
2541 2542
2542 2543
2543 2544
2544 2545
2539 2546
2548 2547
2550 2548
2556 2549
2549 2550
2550 2551
2551 2552
2555 2553
2552 2554
2554 2555
2545 2556
2558 2557
2559 2558
2560 2559
2561 2560
2564 2561
2563 2562
2564 2563
2577 2564
2567 2565
2567 2566
2569 2567
2576 2568
2571 2569
2571 2570
2573 2571
2574 2572
2572 2573
2649 2574
2568 2575
2572 2576
2578 2577
2565 2578
2604 2579
2579 2580
2580 2581
2581 2582
2586 2583
2586 2584
2582 2585
2585 2586
2603 2587
2587 2588
2588 2589
2589 2590
2592 2591
2590 2592
2595 2593
2595 2594
2596 2595
2597 2596
2602 2597
2597 2598
2598 2599
2599 2600
2600 2601
2590 2602
2582 2603
2555 2604
2607 2605
2605 2606
2608 2607
2609 2608
2610 2609
2612 2610
2628 2611
2611 2612
2612 2613
2617 2614
2614 2615
2614 2616
2618 2617
2619 2618
2620 2619
2630 2620
2627 2621
2623 2622
2624 2623
2626 2624
2626 2625
2621 2626
2616 2627
2615 2628
2638 2629
2648 2630
2632 2631
2634 2632
2634 2633
2635 2634
2636 2635
2639 2636
2633 2637
2630 2638
2647 2639
2647 2640
2643 2641
2643 2642
2640 2643
2646 2644
2818 2645
2645 2646
2644 2647
2631 2648
2629 2649
2651 2650
2652 2651
2737 2652
2737 2653
2584 2654
2651 2655
2655 2656
2662 2657
2657 2658
2661 2659
2658 2660
2660 2661
2656 2662
2679 2663
2665 2664
2663 2665
2678 2666
2670 2667
2667 2668
2700 2669
2672 2670
2700 2671
2664 2672
2677 2673
2675 2674
2673 2675
2674 2676
2672 2677
2665 2678
2660 2679
2681 2680
2682 2681
2683 2682
2691 2683
2685 2684
2690 2685
2685 2686
2686 2687
2687 2688
2688 2689
2709 2690
2684 2691
2697 2692
2697 2693
2693 2694
2696 2695
2694 2696
2698 2697
2736 2698
2736 2699
2668 2700
2703 2701
2701 2702
2704 2703
2705 2704
2708 2705
2695 2706
2706 2707
2707 2708
2702 2709
2711 2710
2699 2711
2710 2712
2735 2713
2713 2714
2717 2715
2735 2716
2716 2717
2723 2718
2714 2719
2721 2720
2722 2721
2725 2722
2719 2723
2721 2724
2723 2725
2727 2726
2733 2727
2734 2728
2730 2729
2720 2730
2734 2731
2731 2732
2728 2733
2729 2734
2710 2735
2669 2736
2654 2737
2739 2738
2746 2739
2741 2740
2746 2741
2743 2742
2745 2743
2757 2744
2749 2745
2742 2746
2748 2747
2744 2748
2747 2749
2755 2750
2750 2751
2751 2752
2752 2753
2751 2754
2742 2755
2758 2756
2764 2757
2768 2758
2764 2759
2763 2760
2762 2761
2759 2762
2761 2763
2790 2764
2766 2765
2782 2766
2766 2767
2767 2768
2756 2769
2758 2770
2965 2771
2771 2772
2772 2773
2773 2774
2773 2775
2777 2776
2775 2777
2779 2778
2775 2779
2776 2780
2778 2781
2774 2782
2780 2783
2789 2784
2789 2785
2787 2786
2788 2787
2785 2788
2783 2789
2769 2790
2792 2791
2793 2792
2794 2793
2797 2794
2794 2795
2795 2796
2812 2797
2811 2798
2798 2799
2799 2800
2802 2801
2803 2802
2804 2803
2805 2804
2806 2805
2807 2806
2851 2807
2810 2808
2808 2809
2801 2810
2804 2811
2801 2812
2814 2813
2815 2814
2816 2815
2840 2816
2816 2817
2964 2818
2964 2819
2822 2820
2823 2821
2828 2822
2825 2823
2830 2824
2824 2825
2825 2826
2821 2827
2824 2828
2833 2829
2831 2830
2835 2831
2833 2832
2837 2833
2832 2834
2839 2835
2882 2836
2838 2837
2836 2838
2834 2839
2828 2840
2850 2841
2850 2842
2842 2843
2843 2844
2844 2845
2845 2846
2846 2847
2841 2848
2839 2849
2849 2850
2820 2851
2900 2852
2900 2853
2853 2854
2854 2855
2855 2856
2859 2857
2852 2858
2862 2859
2861 2860
2863 2861
2858 2862
2857 2863
2862 2864
2864 2865
2865 2866
2898 2867
2867 2868
2868 2869
2871 2870
2872 2871
2873 2872
2869 2873
2875 2874
2886 2875
2875 2876
2891 2877
2876 2878
2874 2879
2879 2880
2880 2881
2881 2882
2885 2883
2883 2884
2899 2885
2872 2886
2888 2887
2891 2888
2890 2889
2877 2890
2892 2891
2896 2892
2897 2893
2893 2894
2894 2895
2878 2896
2877 2897
2866 2898
2882 2899
2786 2900
2902 2901
2903 2902
2904 2903
2905 2904
2906 2905
2922 2906
2908 2907
2909 2908
2912 2909
2909 2910
2910 2911
2901 2912
2914 2913
2921 2914
2914 2915
2949 2916
2916 2917
2917 2918
2918 2919
2919 2920
2919 2921
2913 2922
2927 2923
2884 2924
2963 2925
2963 2926
2926 2927
2927 2928
2938 2929
2929 2930
2938 2931
2935 2932
2932 2933
2936 2934
2931 2935
2935 2936
2936 2937
2928 2938
2941 2939
2939 2940
2943 2941
2943 2942
2944 2943
2946 2944
2942 2945
2930 2946
2948 2947
2950 2948
2948 2949
2954 2950
2952 2951
2954 2952
2951 2953
2961 2954
2960 2955
2957 2956
2958 2957
2955 2958
2958 2959
2951 2960
2937 2961
2920 2962
2924 2963
2817 2964
2523 2965
2967 2966
2976 2967
2972 2968
2970 2969
2971 2970
2968 2971
2973 2972
2983 2973
2973 2974
2974 2975
2975 2976
2978 2977
2987 2978
2980 2979
2981 2980
2982 2981
2991 2982
2984 2983
2990 2984
2977 2985
2987 2986
2979 2987
2977 2988
2988 2989
2985 2990
2993 2991
3004 2992
2992 2993
2997 2994
2996 2995
3000 2996
2998 2997
2999 2998
3000 2999
3001 3000
3002 3001
3003 3002
3126 3003
2994 3004
3004 3005
3007 3006
3008 3007
3009 3008
3010 3009
3011 3010
3036 3011
3038 3012
3014 3013
3015 3014
3017 3015
3018 3016
3018 3017
3020 3018
3031 3019
3019 3020
3022 3021
3024 3022
3016 3023
3023 3024
3024 3025
3027 3026
3038 3027
3029 3028
3030 3029
3037 3030
3037 3031
3029 3032
3032 3033
3035 3034
3033 3035
3012 3036
3026 3037
3063 3038
2989 3039
3042 3040
3040 3041
3039 3042
3041 3043
3043 3044
3044 3045
3047 3046
3045 3047
3051 3048
3064 3049
3048 3050
3049 3051
3053 3052
3058 3053
3056 3054
3054 3055
3062 3056
3058 3057
3055 3058
3061 3059
3059 3060
3057 3061
3047 3062
3046 3063
3042 3064
3066 3065
3074 3066
3076 3067
3065 3068
3067 3069
3071 3070
3072 3071
3073 3072
3079 3073
3076 3074
3077 3075
3070 3076
3078 3077
3069 3078
3080 3079
3090 3080
3082 3081
3083 3082
3088 3083
3083 3084
3084 3085
3085 3086
3123 3087
3113 3088
3081 3089
3089 3090
3092 3091
3095 3092
3092 3093
3093 3094
3103 3095
3103 3096
3107 3097
3096 3098
3098 3099
3099 3100
3102 3101
3109 3102
3097 3103
3111 3104
3111 3105
3105 3106
3106 3107
3341 3108
3104 3109
3236 3110
3108 3111
3100 3112
3087 3113
3122 3114
3125 3115
3115 3116
3118 3117
3119 3118
3120 3119
3114 3120
3125 3121
3121 3122
3112 3123
3123 3124
3124 3125
3077 3126
3128 3127
3129 3128
3130 3129
3133 3130
3130 3131
3131 3132
3147 3133
3146 3134
3146 3135
3135 3136
3136 3137
3137 3138
3138 3139
3162 3140
3164 3141
3141 3142
3142 3143
3143 3144
3144 3145
3144 3146
3134 3147
3153 3148
3150 3149
3151 3150
3158 3151
3176 3152
3154 3153
3155 3154
3156 3155
3152 3156
3152 3157
3157 3158
3160 3159
3163 3160
3140 3161
3211 3162
3162 3163
3161 3164
3166 3165
3168 3166
3166 3167
3211 3168
3190 3169
3191 3170
3172 3171
3173 3172
3174 3173
3170 3174
3177 3175
3175 3176
3191 3177
3183 3178
3182 3179
3188 3180
3180 3181
3181 3182
3187 3183
3278 3184
3187 3185
3189 3186
3189 3187
3185 3188
3184 3189
3179 3190
3178 3191
3193 3192
3209 3193
3193 3194
3194 3195
3200 3196
3171 3197
3196 3198
3210 3199
3197 3200
3202 3201
3207 3202
3202 3203
3203 3204
3204 3205
3205 3206
3210 3207
3206 3208
3198 3209
3196 3210
3169 3211
3213 3212
3222 3213
3213 3214
3214 3215
3217 3216
3218 3217
3219 3218
3220 3219
3221 3220
3225 3221
3219 3222
3224 3223
3228 3224
3266 3225
3227 3226
3238 3227
3226 3228
3254 3229
3229 3230
3230 3231
3231 3232
3232 3233
3110 3234
3236 3235
3237 3236
3233 3237
3241 3238
3242 3239
3239 3240
3240 3241
3244 3242
3242 3243
3249 3244
3300 3245
3247 3246
3248 3247
3253 3248
3250 3249
3253 3250
3250 3251
3265 3252
3252 3253
3241 3254
3256 3255
3260 3256
3258 3257
3263 3258
3260 3259
3412 3260
3262 3261
3264 3262
3259 3263
3257 3264
3261 3265
3227 3266
3268 3267
3270 3268
3272 3269
3273 3270
3270 3271
3271 3272
3297 3273
3276 3274
3272 3275
3275 3276
3276 3277
3340 3278
3280 3279
3281 3280
3282 3281
3283 3282
3285 3283
3308 3284
3284 3285
3287 3286
3288 3287
3289 3288
3291 3289
3289 3290
3281 3291
3296 3292
3292 3293
3293 3294
3294 3295
3290 3296
3280 3297
3307 3298
3245 3299
3251 3300
3245 3301
3339 3302
3298 3303
3305 3304
3306 3305
3303 3306
3299 3307
3309 3308
3338 3309
3312 3310
3312 3311
3313 3312
3318 3313
3317 3314
3314 3315
3315 3316
3318 3317
3303 3318
3320 3319
3321 3320
3324 3321
3321 3322
3322 3323
3337 3324
3327 3325
3323 3326
3326 3327
3327 3328
3337 3329
3329 3330
3330 3331
3331 3332
3334 3333
3335 3334
3332 3335
3311 3336
3336 3337
3310 3338
3301 3339
3279 3340
3235 3341
3343 3342
3344 3343
3345 3344
3346 3345
3347 3346
3348 3347
3997 3348
3351 3349
3349 3350
3353 3351
3354 3352
3361 3353
3360 3354
3359 3355
3362 3356
3356 3357
3357 3358
3358 3359
3355 3360
3352 3361
3997 3362
3369 3363
3363 3364
3364 3365
3365 3366
3364 3367
3366 3368
3357 3369
3371 3370
3372 3371
3373 3372
3376 3373
3378 3374
3374 3375
3375 3376
3380 3377
3380 3378
3387 3379
3379 3380
3384 3381
3383 3382
3384 3383
3385 3384
3386 3385
3446 3386
3388 3387
3391 3388
3410 3389
3389 3390
3382 3391
3395 3392
3409 3393
3392 3394
3393 3395
3404 3396
3398 3397
3401 3398
3400 3399
3402 3400
3390 3401
3401 3402
3399 3403
3397 3404
3403 3405
3405 3406
3408 3407
3406 3408
3390 3409
3388 3410
3407 3411
3513 3412
3414 3413
3415 3414
3418 3415
3417 3416
3420 3417
3421 3418
3427 3419
3421 3420
3422 3421
3424 3422
3417 3423
3419 3424
3428 3425
3431 3426
3430 3427
3430 3428
3425 3429
3426 3430
3443 3431
3444 3432
3434 3433
3435 3434
3436 3435
3445 3436
3434 3437
3440 3438
3441 3439
3439 3440
3437 3441
3438 3442
3444 3443
3433 3444
3411 3445
3354 3446
3450 3447
3447 3448
3456 3449
3454 3450
3452 3451
3453 3452
3454 3453
3455 3454
3460 3455
3448 3456
3469 3457
3461 3458
3458 3459
3475 3460
3462 3461
3463 3462
3464 3463
3465 3464
3457 3465
3442 3466
3466 3467
3467 3468
3468 3469
3468 3470
3470 3471
3471 3472
3483 3473
3482 3474
3459 3475
3478 3476
3481 3477
3477 3478
3482 3479
3477 3480
3479 3481
3473 3482
3475 3483
3485 3484
3486 3485
3487 3486
3488 3487
3510 3488
3488 3489
3489 3490
3492 3491
3493 3492
3495 3493
3490 3494
3494 3495
3511 3496
3474 3497
3497 3498
3498 3499
3496 3500
3506 3501
3501 3502
3509 3503
3503 3504
3504 3505
3505 3506
3506 3507
3502 3508
3499 3509
3498 3510
3499 3511
3438 3512
3413 3513
3518 3514
3516 3515
3517 3516
3530 3517
3519 3518
3516 3519
3521 3520
3522 3521
3526 3522
3550 3523
3538 3524
3528 3525
3527 3526
3529 3527
3527 3528
3665 3529
3520 3530
3537 3531
3531 3532
3532 3533
3533 3534
3544 3535
3537 3536
3542 3537
3550 3538
3524 3539
3539 3540
3540 3541
3541 3542
3546 3543
3536 3544
3549 3545
3547 3546
3548 3547
3545 3548
3535 3549
3525 3550
3553 3551
3553 3552
3554 3553
3578 3554
3552 3555
3555 3556
3558 3557
3556 3558
3560 3559
3561 3560
3563 3561
3567 3562
3562 3563
3566 3564
3568 3565
3565 3566
3566 3567
3570 3568
3563 3569
3577 3570
3575 3571
3571 3572
3572 3573
3576 3574
3583 3575
3575 3576
3574 3577
3569 3578
3580 3579
3584 3580
3582 3581
3603 3582
3596 3583
3590 3584
3589 3585
3585 3586
3586 3587
3587 3588
3590 3589
3591 3590
3581 3591
3603 3592
3592 3593
3595 3594
3593 3595
3664 3596
3598 3597
3602 3598
3598 3599
3599 3600
3600 3601
3588 3602
3596 3603
3610 3604
3613 3605
3607 3606
3605 3607
3606 3608
3608 3609
3609 3610
3606 3611
3611 3612
3614 3613
3620 3614
3618 3615
3617 3616
3618 3617
3619 3618
3633 3619
3615 3620
3622 3621
3623 3622
3625 3623
3638 3624
3624 3625
3639 3626
3625 3627
3636 3628
3626 3629
3631 3630
3629 3631
3663 3632
3663 3633
3632 3634
3628 3635
3630 3636
3626 3637
3637 3638
3662 3639
3641 3640
3642 3641
3661 3642
3645 3643
3642 3644
3644 3645
3643 3646
3650 3647
3647 3648
3648 3649
3643 3650
3652 3651
3653 3652
3654 3653
3655 3654
3659 3655
3797 3656
3995 3657
3656 3658
3657 3659
3658 3660
3653 3661
3640 3662
3635 3663
3627 3664
3559 3665
3668 3666
3668 3667
3728 3668
3666 3669
3669 3670
3673 3671
3670 3672
3672 3673
3666 3674
3682 3675
3683 3676
3683 3677
3677 3678
3678 3679
3679 3680
3708 3681
3676 3682
3674 3683
3685 3684
3686 3685
3692 3686
3689 3687
3704 3688
3688 3689
3689 3690
3703 3691
3695 3692
3703 3693
3693 3694
3691 3695
3700 3696
3698 3697
3680 3698
3696 3699
3697 3700
3699 3701
3701 3702
3690 3703
3697 3704
3681 3705
3711 3706
3681 3707
3727 3708
3712 3709
3715 3710
3707 3711
3710 3712
3716 3713
3713 3714
3714 3715
3717 3716
3706 3717
3714 3718
3718 3719
3719 3720
3719 3721
3723 3722
3724 3723
3725 3724
3721 3725
3720 3726
3675 3727
3599 3728
3731 3729
3744 3730
3748 3731
3740 3732
3734 3733
3735 3734
3736 3735
3732 3736
3736 3737
3737 3738
3738 3739
3761 3740
3742 3741
3743 3742
3745 3743
3746 3744
3747 3745
3745 3746
3749 3747
3730 3748
3831 3749
3915 3750
3752 3751
3750 3752
3754 3753
3755 3754
3756 3755
3752 3756
3758 3757
3755 3758
3757 3759
3833 3760
3731 3761
3764 3762
3764 3763
3765 3764
3771 3765
3763 3766
3770 3767
3783 3768
3768 3769
3769 3770
3767 3771
3767 3772
3772 3773
3759 3774
3774 3775
3775 3776
3784 3777
3781 3778
3781 3779
3784 3780
3780 3781
3779 3782
3776 3783
3776 3784
3773 3785
3785 3786
3819 3787
3789 3788
3790 3789
3791 3790
3787 3791
3791 3792
3792 3793
3798 3794
3797 3795
3794 3796
3796 3797
3793 3798
3801 3799
3803 3800
3805 3801
3803 3802
3804 3803
3817 3804
3804 3805
3810 3806
3806 3807
3809 3808
3812 3809
3816 3810
3806 3811
3811 3812
3815 3813
3812 3814
3814 3815
3818 3816
3808 3817
3798 3818
3786 3819
3826 3820
3820 3821
3996 3822
3822 3823
3823 3824
3480 3825
3996 3826
3821 3827
3824 3828
3830 3829
3760 3830
3828 3831
3829 3832
3831 3833
3832 3834
3849 3835
3835 3836
3840 3837
3836 3838
3838 3839
3844 3840
3837 3841
3843 3842
3841 3843
3849 3844
3847 3845
3847 3846
3837 3847
3846 3848
3834 3849
3851 3850
3853 3851
3855 3852
3854 3853
3871 3854
3854 3855
3857 3856
3858 3857
3859 3858
3860 3859
3861 3860
3872 3861
3863 3862
3864 3863
3860 3864
3866 3865
3870 3866
3866 3867
3867 3868
3868 3869
3863 3870
3857 3871
3840 3872
3848 3873
3914 3874
3874 3875
3875 3876
3878 3877
3882 3878
3876 3879
3881 3880
3891 3881
3879 3882
3885 3883
3891 3884
3888 3885
3889 3886
3888 3887
3884 3888
3890 3889
3887 3890
3882 3891
3898 3892
3899 3893
3898 3894
3896 3895
3893 3896
3896 3897
3897 3898
3900 3899
3904 3900
3893 3901
3903 3902
3907 3903
3902 3904
3912 3905
3905 3906
3906 3907
3905 3908
3908 3909
3909 3910
3909 3911
3913 3912
3883 3913
3873 3914
3760 3915
3917 3916
3918 3917
3919 3918
3928 3919
3946 3920
3946 3921
3923 3922
3924 3923
3921 3924
3924 3925
3922 3926
3944 3927
3920 3928
3935 3929
3993 3930
3936 3931
3994 3932
3932 3933
3933 3934
3931 3935
3815 3936
3994 3937
3934 3938
3957 3939
3941 3940
3939 3941
3940 3942
3942 3943
3942 3944
3950 3945
3945 3946
3958 3947
3949 3948
3947 3949
3927 3950
3943 3951
3956 3952
3952 3953
3953 3954
3952 3955
3950 3956
3938 3957
3927 3958
3962 3959
3930 3960
3960 3961
3961 3962
3964 3963
3965 3964
3976 3965
3968 3966
3968 3967
3963 3968
3967 3969
3969 3970
3970 3971
3966 3972
3972 3973
3973 3974
3974 3975
3959 3976
3978 3977
3979 3978
3991 3979
3979 3980
3980 3981
3981 3982
3981 3983
3971 3984
3984 3985
3992 3986
3986 3987
3987 3988
3988 3989
3989 3990
3992 3991
3985 3992
3929 3993
3931 3994
3660 3995
3825 3996
