steiner points
356 174
275 174
207 171
58 892
545 797
193 903
89 903
89 1035
477 405
439 877
272 903
272 1190
463 1310
272 1250
272 1310
248 1500
545 877
1202 222
1330 222
1131 222
1331 222
1687 142
975 205
1458 222
1698 142
1565 142
1504 288
1504 333
1555 403
1865 54
1504 222
1054 222
1054 317
1351 711
977 639
1103 639
1089 795
735 877
1103 711
1237 711
1351 826
1317 984
1447 711
1317 1132
1341 1153
1278 1132
1598 493
1598 580
1598 650
1598 711
1458 711
1617 790
925 1528
890 1638
890 1670
890 1739
1174 1437
1341 1329
1219 1419
1105 1494
1341 1419
1347 1623
1494 1587
1494 1600
1507 1737
1507 1797
1507 1863
1443 1600
1140 1494
1347 1600
903 877
1973 54
2891 169
2753 169
2296 96
2012 171
2113 171
2113 270
2282 482
2113 447
2446 474
2392 482
2392 674
2392 808
2426 823
2529 879
2529 823
2529 1031
2651 1204
2529 1204
2650 1204
2529 1094
2348 1204
2181 808
2348 1358
2460 1646
2327 1757
2303 1759
2303 1824
2303 1843
2416 1855
2348 1646
1804 142
2994 23
2411 96
2470 96
2994 113
2994 169
3604 41
3294 208
3356 208
3393 208
3604 208
3653 345
3254 208
3080 767
3137 767
3137 829
3137 835
3366 1111
3257 1130
3137 1130
3005 1130
3257 1209
3259 1245
3137 1024
3653 731
3543 1111
3653 1111
3726 1207
3468 1111
3501 1602
3319 1602
3142 1754
3142 1830
3157 1847
3543 1498
3142 1491
3501 1662
3501 1731
3703 1691
3665 1731
3636 1731
3586 1731
3689 1731
3809 1476
3809 1603
3809 1679
3259 1441
3259 1491
3653 589
3022 208
436 2150
428 2150
379 2150
428 2220
722 2220
780 2220
886 2220
977 2232
722 2368
722 2402
722 2442
559 2220
63 3061
231 3061
296 3061
358 3061
731 2757
766 2757
865 2757
731 2836
731 3046
587 2836
865 2541
1129 2232
1162 2232
1285 2232
1162 2403
1270 2538
1162 2538
1767 2066
1767 2206
1606 2355
1559 2392
1559 2506
1779 2543
1559 2538
1566 2563
1694 2563
1718 2307
1474 2538
1456 2822
1251 2899
1251 2974
1251 3044
1364 3044
1209 3068
1694 2699
1738 2884
1738 2896
1738 3017
1330 2822
1694 2822
1162 2335
354 3550
421 3598
701 3516
502 3598
738 3379
889 3379
935 3379
738 3505
603 3598
285 3901
545 3905
757 3991
638 3998
567 3998
567 4032
567 4115
509 4115
240 3901
935 3777
662 3991
935 3940
914 3991
1500 3391
1232 3379
1291 3379
1476 3379
1232 3557
1232 3645
1314 3674
1679 3391
1955 3450
1351 3809
1291 3999
1639 3942
1291 3973
1351 3749
1601 3809
1655 4146
1291 4058
1270 3973
1148 3379
731 3250
2450 2002
2416 2002
2358 2080
2358 2102
2358 2144
2358 2220
2300 2572
2098 2571
2358 2572
2214 2571
2214 2519
2426 2572
2476 2584
2300 2759
2300 2817
2306 2960
2306 3075
2306 2947
2441 2584
2618 2584
2622 2657
2622 2761
2358 2344
3199 2125
2928 2125
3009 2125
3251 2144
3301 2175
3427 2192
3427 2280
2928 2530
2827 2657
2928 2657
3142 2762
3001 2672
3142 2782
3142 2903
3142 2989
3265 3118
3142 3016
3716 3027
3497 3092
3331 3120
3409 3120
3455 3120
3142 3118
3165 3118
3799 2419
3763 2816
3531 3027
3817 3147
3823 3151
3989 3151
4004 3151
3763 3027
3142 2672
2006 3712
2482 3822
2032 3725
2349 3914
2104 3802
2149 3802
2316 3981
2316 4080
2206 4109
2305 4109
2104 3929
2546 3675
2482 3719
2482 3845
2316 3914
2482 3914
2790 3675
2680 3675
2966 3878
2908 3878
2966 3979
2966 4030
2791 4030
2870 3781
2790 3733
2501 3944
3255 3579
3536 3644
3344 3644
3315 3837
3315 3852
3118 3852
3647 3644
3841 3416
3841 3536
3929 3631
3917 3631
3841 3631
4020 3642
4041 3696
3587 3644
3344 3710
3315 3884
3328 3992
3328 4091
3328 4113
3328 4154
3465 4276
3328 4276
3342 3992
3056 3852
3165 3342
1955 3648
2358 2303
4622 131
4623 131
4622 248
4622 319
4476 319
4844 37
4932 37
4975 37
5040 100
5040 233
4838 131
4440 579
4440 673
4350 954
4316 954
4189 954
4368 933
4440 774
4440 886
4449 997
4128 954
4392 886
4660 426
4521 569
4660 534
4660 607
4720 800
4781 800
4878 800
5017 800
5017 992
4692 800
4814 1386
4755 1386
4574 1386
4481 1133
4526 1386
4943 1408
4615 1386
4660 569
4233 1695
4801 1773
4385 1960
4385 2038
4385 2079
4385 2125
4615 1476
4557 1796
4385 1796
4924 1985
4769 1979
4801 1979
4801 1827
4847 1985
4843 1773
4392 2219
4324 2219
4234 2281
4234 2377
4234 2406
4235 2440
4747 2575
4490 2575
4424 2575
4747 2462
4747 2528
4767 2528
5006 2528
4566 2575
4392 2197
4523 2809
4282 2809
4559 2874
4754 2928
5173 2928
4559 2939
4708 2939
4559 2809
5053 2928
4938 2928
4708 3024
4566 2713
4628 3081
4585 3422
4230 3582
4472 3582
4585 3560
4585 3433
4678 3725
4678 3789
4719 3789
4780 3789
4413 3582
4678 3560
5055 3296
5180 3469
5107 3469
5055 3469
4955 3509
4955 3584
5145 3730
4948 3804
4955 3804
4955 3730
4898 3804
4832 3789
4404 4083
4317 4119
4404 4119
4414 4177
4618 4066
4562 4083
4665 4185
4618 4185
4618 4083
4902 4185
4719 4022
4585 3250
4615 1773
4121 3696
123 4406
100 4406
123 4428
125 4597
171 4786
171 4901
333 5068
171 5056
171 5068
98 5198
369 5068
171 4922
1417 4480
1087 4482
1260 4482
1329 4482
1087 4507
911 4875
1082 4626
768 4875
1015 4934
768 4982
1020 5021
1020 5089
1038 5371
1123 5375
1020 5268
1417 5390
1015 4875
584 5068
1662 4565
1833 4565
1877 4565
2096 4581
2127 4581
2271 4581
1983 4565
2565 4581
2565 4632
2535 4769
2444 4769
2629 4581
2188 5248
1987 5258
1970 5258
2434 5011
2434 5151
2471 5239
2605 5239
2691 5239
2009 5258
1544 5474
2434 5239
1417 5474
183 5618
183 5726
183 5804
183 5900
328 6062
231 6173
545 6199
328 6173
504 6199
329 6199
1213 5658
1209 5896
741 5915
733 6002
733 6155
733 6182
512 6450
109 6664
690 6679
187 6892
342 6892
512 6679
591 6679
500 6892
593 6679
1089 6654
1103 6724
1103 6740
1103 6786
967 6786
967 6933
817 6786
747 6679
504 6385
1383 5654
2021 5667
1859 5707
1859 5895
2210 5679
2519 5756
2451 5756
2391 5756
2254 5756
2451 5954
2451 6104
1783 5474
1679 6417
1743 6417
1810 6435
1836 6435
1662 6640
1836 6524
1796 6627
1635 6673
1635 6786
1602 6796
1443 6796
1602 6893
1602 7097
1836 6587
2308 6362
2911 6428
2707 6455
2308 6489
2329 6489
1972 6587
1972 6686
2014 6784
2460 6662
2519 6798
2476 6921
2405 6921
2604 6921
2519 6921
2297 6916
2460 6489
2163 6916
2308 6298
1859 5474
1859 5667
3245 4421
3149 4421
3245 4527
3245 4558
3245 4650
3206 4787
3132 4787
3052 4787
2921 4787
3218 4787
3218 5008
3218 4985
3218 4991
3235 5124
3235 5252
3288 5252
3139 5252
3420 5112
3526 5112
3028 5406
3138 5406
3028 5505
3028 5603
3050 5659
3134 5659
3139 5306
3235 5112
3708 4580
3609 4580
3609 4864
3767 5002
3609 5002
3644 5142
3717 5321
3438 5112
3609 5112
3157 5893
3262 5893
3348 5893
3388 5899
3157 6113
3157 6122
3101 6122
2935 6122
3317 6418
3157 6205
3353 6436
3077 6418
3034 6428
2781 6428
3157 6418
3093 6418
3585 6436
3317 6436
3241 6726
3241 6781
2901 6995
3185 6995
3241 6995
3377 7021
3093 6583
3157 5988
4198 4402
4109 4443
4198 4443
4258 4481
3933 4936
3933 4981
4458 5126
4258 4585
4258 4651
4729 4984
4458 4985
4502 4984
4261 4985
4458 5173
4401 5211
4193 5264
4206 5264
4458 5037
4301 5264
4258 4853
4525 5498
4340 5498
3933 5264
4301 5498
4301 5627
4004 5759
4324 5699
4060 5758
4358 5782
4324 5758
4425 5782
4301 5602
4803 4754
4863 4754
5014 4754
5014 4842
5035 4972
5181 4972
5277 5057
5014 4972
5134 5217
5084 5330
5134 5330
5176 5516
5167 5148
4273 4985
4065 6255
4065 6355
3956 6356
4032 6356
4356 6089
4356 6168
4124 6192
4203 6192
4218 6219
4848 6463
4218 6192
4200 6947
4226 6974
4200 6974
4142 6974
4066 6974
4352 7007
4324 7007
4200 6615
4805 6029
4805 6161
4848 6237
4805 6237
4848 6420
4760 6583
4760 6814
4761 6981
4964 6991
5076 7003
4843 7102
5076 6991
4860 6991
4860 7037
4574 6583
4218 6583
4358 5837
3849 4981
2721 6455
117 7489
459 7489
620 7489
108 7808
229 7841
108 7841
620 7315
117 7352
716 7548
716 7632
716 7684
716 7759
108 7662
978 7352
1166 7352
1166 7375
1189 7375
1381 7375
1166 7632
1166 7780
1712 7496
1504 7599
1642 7605
1634 7671
1634 7685
1595 7685
1518 7685
1487 7431
877 7632
354 8345
166 8173
280 8173
408 8345
354 8345
456 8345
346 8637
603 8345
711 8442
711 8559
967 8619
784 8698
897 8698
1038 8619
1370 8364
1339 8418
1218 8418
1166 8004
1166 8521
1166 8619
1162 8619
944 8698
711 8413
468 9041
583 9041
433 9128
433 9137
433 9199
646 8953
832 8938
784 8852
891 9019
891 9201
936 9246
1075 9256
784 8938
891 8998
1664 8222
1830 8282
1664 8282
1664 8364
1765 8499
1664 8499
1650 8595
1625 8734
1625 8825
1625 8833
1650 8600
1505 8364
218 9443
314 9469
546 9540
546 9785
546 9857
682 9857
1075 9307
969 9552
800 9656
885 9656
903 9654
969 9654
885 9721
980 9884
448 9857
885 9857
1123 9473
1446 9648
1318 9648
1284 9473
1446 9673
1635 9782
1394 9846
1920 9600
1845 9600
1760 9600
1760 9656
1760 9782
1446 9782
1767 9829
1284 9648
1075 9473
1166 8418
2434 7454
2604 7162
2580 7372
2393 7454
2312 7454
2217 7454
2539 7454
2539 7626
2539 7810
2539 7863
2525 7902
2326 7902
2320 7902
2277 7902
2539 7678
3147 7403
3147 7416
2937 7416
3147 7686
3337 7686
2956 7765
2775 7276
2164 8229
2108 8282
2108 8376
2108 8460
2108 8546
2227 8575
2525 8017
2545 8202
2820 8202
2886 8332
2886 8412
2924 8654
2924 8725
2886 8617
2298 8183
2525 8183
3553 7727
3565 7781
3565 7784
3565 7841
3565 7976
3565 8065
3453 8065
4206 7270
4234 7327
3877 7594
3877 7713
4104 7713
4234 7382
3877 7784
4076 8015
3950 8015
3877 7800
3877 8015
4234 7713
3706 7784
3504 8301
3838 8306
3770 8306
3721 8306
3676 8306
3676 8483
3676 8513
3784 8769
4036 8321
4036 8540
3864 8306
3838 8188
4530 7714
4895 7842
5006 7327
5049 7346
4996 7808
5069 7566
5049 7566
4996 7679
4530 7714
4788 7784
4862 7842
4788 7842
4862 7947
4862 8060
4665 8155
4700 8212
4665 8212
4700 8354
4700 8498
4811 8584
4665 8060
5046 8069
5193 8069
4862 8000
5193 8147
5193 8224
5186 8277
5005 8131
5005 8069
4379 7714
3078 7765
2207 8985
2503 9053
2503 9018
2431 9006
2304 9144
2395 9006
2304 9006
2503 9175
2636 9247
2503 9247
2236 9151
2795 9153
2795 9247
2873 9276
2502 9321
2897 9691
2733 9691
2691 9691
2600 9691
2600 9789
2354 9789
2502 9495
3395 8903
3263 9010
3307 9010
3307 9304
3126 9342
3560 9304
3491 9304
3397 9304
3307 9066
3230 9342
3141 9342
3098 9276
3585 9491
3585 9585
3585 9756
3532 9878
3282 9342
2992 9276
3719 8769
3784 8829
3823 8995
4159 9274
3888 9224
3851 9224
4386 9061
4313 9061
4313 9140
4016 9249
4090 9249
4118 9274
4313 9274
4159 9427
4159 9449
3701 9491
3730 9491
4066 9565
4159 9565
4248 9710
4477 9432
4448 9536
4448 9684
4717 9695
4448 9710
4550 9710
4289 9710
4159 9363
5053 8876
5053 8952
4950 9062
4836 9573
4935 9644
4889 9644
4836 9644
4935 9733
4935 9771
4836 9441
4597 9710
3917 9565
3784 8973
1980 8282
2604 7276
3286 4318
5339 256
5767 256
6326 175
6115 751
5601 867
5601 987
5698 987
5820 987
5827 987
5989 987
6151 256
6741 227
6741 79
6416 228
6876 221
6393 175
6552 296
6617 256
6576 296
6841 221
6933 221
6838 227
6767 227
7242 130
7064 277
7064 317
7139 317
7242 317
6933 277
6617 228
6576 601
6576 952
7143 997
7143 1091
6576 1091
6779 1091
6447 1091
6576 833
6151 721
5324 1424
5354 1527
5354 1647
5354 1765
5354 1811
5373 1896
5373 1909
5373 1998
5827 1308
5827 1414
5827 1458
5827 1527
5971 1639
5916 1632
5827 1632
5931 1632
6224 1639
6252 1652
6252 1805
6252 2081
6366 2081
6252 1959
5470 1527
5383 2379
5383 2452
5383 2549
5396 2617
5396 2757
5396 2780
5396 2937
5361 2964
6021 2341
5970 2364
5818 2379
5926 2379
5926 2494
6154 2508
6366 2208
6278 2451
6278 2454
5926 2508
5926 2699
5849 2706
5946 2956
5849 2830
5849 2956
5674 2379
6366 2221
6950 1492
6607 1492
7211 1438
7360 1507
6512 1492
6950 1626
7144 1571
7398 1318
7379 1459
7274 1507
7211 1507
6900 1646
7026 1626
6489 2208
6555 2303
6951 2303
6540 2255
6900 1726
7113 2025
6900 1913
6995 2138
6983 2176
6725 2303
6983 2303
6983 2231
6951 2436
6951 2469
7029 2469
6796 2501
6744 2303
7040 2303
7407 1962
7379 1972
7379 2373
7450 2444
7379 2444
7535 2444
7219 2469
6620 2778
6620 2857
6620 2928
6620 3041
6796 2636
6786 2895
6786 2928
6814 2963
6814 3024
6862 3024
6662 2928
7367 2826
7300 2826
7127 2826
7031 3024
6966 3024
6786 2753
6995 2025
6278 2221
7154 1190
7768 308
7835 308
8063 146
8063 159
8063 242
8055 308
7731 308
8151 542
8055 542
8658 174
8553 191
8417 191
8417 294
8535 344
8417 344
8535 399
8535 501
8305 542
8444 783
8371 834
8371 919
8529 710
8529 542
7894 1437
7938 1539
8069 1539
8070 1539
8137 1557
8007 1756
7938 1744
7938 1756
8778 1085
8778 1303
8778 1354
8749 1354
8233 1557
8778 1519
8650 1655
8420 1557
8420 1637
8778 1655
8619 1637
8375 984
9364 194
9162 307
9364 259
9179 259
9026 418
9026 581
9026 649
9769 292
9775 292
9908 292
9615 292
9908 478
9908 513
9908 656
9715 292
9026 795
9026 888
9026 1255
9402 938
9299 1255
9402 1255
9438 1276
9438 1323
9613 938
9824 938
9888 938
9824 1104
9824 1209
9824 1075
9026 1016
9003 1607
9081 1607
9344 1607
9003 1670
9025 1875
9546 1487
9484 1355
9496 1535
9599 1521
9733 1545
9733 1590
9733 1729
9733 1592
9003 1706
9496 1487
9192 1255
8912 1303
7853 2115
7853 2255
8001 2352
7853 2352
8189 2352
8551 2352
8001 2530
8006 2669
8214 2870
8006 2870
7834 3006
7746 3088
8388 2672
8262 2672
8196 2672
8262 2835
8106 2870
7834 2877
8001 2568
8686 2101
8729 2127
8729 2174
8422 2352
8901 2413
8725 2774
8725 2871
8674 2896
8674 3025
8674 3055
8729 2352
9118 1919
9201 2066
9396 2066
9363 2066
9303 2066
9163 2432
9550 2457
9340 2368
9297 2584
9576 2567
9297 2457
9340 2457
9326 2721
9326 2813
9361 3047
9297 2721
9363 2198
8734 2664
8734 2413
9118 2035
7540 2352
5458 3215
5653 3363
5515 3363
5458 3363
5303 3363
5515 3588
5524 3710
6101 3467
6101 3511
6116 3549
6101 3549
6101 3645
6101 3774
6157 3831
6633 3225
6633 3257
6633 3384
6569 3446
6371 3539
6261 3539
6491 3667
6491 3539
5823 3774
5434 4347
5594 4506
5873 4035
5640 4114
5777 4114
5785 4114
5785 4215
5785 4235
5785 4506
5785 4301
5701 4506
5434 4506
5661 4749
5770 4896
5496 4749
5358 4746
5402 4746
5996 4896
5547 5099
5529 5056
5661 4896
5715 5107
5715 5161
5277 5186
5277 5340
5225 5057
5434 4746
6330 4107
6157 3891
6263 4083
6411 4132
6101 4149
6089 4213
6374 4132
6411 4132
6374 4250
6841 4121
6737 4121
6374 4323
6446 4448
6265 4492
6332 4492
6374 4492
6433 4492
6332 4611
6340 4639
6647 4689
6562 4689
6374 4389
6343 4924
6157 4896
6487 4924
6436 4924
6343 5038
6266 4896
6559 4924
6649 4977
6790 4977
6705 4977
6562 4727
6319 5104
6319 5173
6319 5211
6319 5223
6319 5318
6376 5446
6640 5444
6667 5444
6426 5446
6406 5446
6562 4924
5547 5056
6157 4083
5552 5770
5512 5770
5481 5770
5481 5976
5542 5976
5481 5832
5336 6001
5336 6160
5377 6162
5425 6212
5336 6068
5425 6653
5527 6711
5527 6865
5542 7034
5425 6545
6096 5835
5704 5778
5816 5778
5816 5935
5937 5996
5816 5996
6013 6225
5937 6043
6376 5655
6609 5685
6581 5685
6539 5685
6512 5685
6452 5685
6236 6029
6533 6126
6680 5876
6685 5935
6236 6055
6685 6126
6685 6142
6685 6161
6675 5807
6223 5888
6121 6540
6121 6649
6121 6715
6121 6797
6121 6798
6243 6946
6121 6946
6685 6329
6569 6529
6569 6555
6569 6706
6585 6706
6778 6706
6804 6713
6514 6946
6564 6946
6569 6927
6414 6946
6384 6946
6685 6428
6027 5778
6376 5617
7257 3345
7268 3345
7394 3345
7257 3415
7257 3507
7257 3524
7246 3575
7246 3662
7246 3667
7257 3555
7688 3139
7650 3292
7688 3292
7730 3413
7730 3516
8120 3224
8189 3224
8040 3496
7940 3516
7989 3516
7989 3648
8137 3648
8312 3656
8347 3656
8218 3656
8120 3354
8218 3674
8365 3888
8347 3772
8347 3888
7873 3516
7557 3309
7175 4264
7130 4283
7130 4329
7325 4258
7508 4258
7552 4258
7618 4258
7130 4281
7276 4514
7130 4475
7130 4447
7356 4515
7356 4592
7356 4720
7070 4853
7275 4853
7356 4853
7531 4645
7747 4756
7859 4756
7635 4735
7859 4984
7356 4645
6986 4475
8179 4060
8317 3957
8036 4060
8269 4149
8269 4204
8364 4352
8556 4352
8364 4813
8364 4646
8298 4859
8298 4813
8237 4859
8326 4953
8368 4974
7859 4859
8296 4352
7709 4996
7006 5423
7069 5423
7107 5423
7695 5336
7006 5473
7006 5739
7695 5536
7472 5336
7261 5336
7695 5643
7603 5701
7646 5701
7997 5340
8054 5392
8054 5499
8054 5536
8056 5812
8399 5817
8137 5817
8056 5817
7988 5536
7152 5423
7803 5536
7709 5177
8269 4060
9288 3226
8844 3493
8844 3523
8875 3555
9152 3226
9290 3346
9667 3366
9394 3366
9292 3366
9292 3369
9777 3322
9777 3366
9442 3366
8844 3226
8666 3842
8875 3693
8812 3842
8875 3842
8905 4041
8905 4053
8996 4143
8905 4143
8606 3981
8588 4352
8758 4352
8733 4352
8629 4352
8629 4366
8861 4366
9083 4470
9197 4664
9083 4439
8758 4238
9814 4237
9407 4271
9397 4420
9397 4440
9439 4649
9397 4649
9397 4557
9337 4649
9083 4664
9814 3932
9814 4084
9814 4152
9605 4237
9705 4237
9814 4237
9847 4494
9407 4237
9337 4664
8905 3875
8725 4945
8801 4952
8801 5100
9270 5227
8801 5227
8760 5406
9270 5066
9497 5066
9270 5190
9179 5227
8932 5227
9257 5227
9257 5467
9342 5066
9653 5066
9771 5083
9751 5177
9691 5326
9751 5326
9884 5377
9751 5083
9712 5818
9852 5818
9625 5742
9625 5624
9625 5818
8760 5227
9342 4763
8364 4485
7413 6080
7413 6392
7323 6162
7413 6162
7413 6244
7258 6646
7364 6646
7413 6481
7086 6657
7086 6752
6979 6760
7012 6760
7413 6646
8137 5999
8168 6119
8152 6119
8137 6119
8168 6332
8168 6414
8168 6414
8097 6750
7923 6751
7983 6751
8012 6751
8078 6751
8078 6917
8078 6998
8168 6605
8837 6324
8650 6324
8552 6324
8473 6324
8837 6324
8919 6324
8857 6844
8650 6809
8650 6538
8607 6850
8607 6877
8607 7097
8608 6809
8326 6332
7637 6751
9471 6151
9724 6189
9630 6203
9471 6203
9332 6233
9200 6233
9484 6203
9471 6233
9471 6269
9518 6559
9377 6505
9471 6505
9514 6822
9320 6907
9518 6636
9514 6807
9421 6822
9573 6822
9609 6855
9750 6855
9819 6855
9320 6918
9518 6752
9518 6632
9043 6446
8137 5897
6916 4977
7730 3310
5511 7388
5538 7544
5642 7694
5538 7694
5802 7694
5656 7694
5564 7888
5609 7888
5564 8009
5564 8016
5564 8097
6007 7694
6143 7312
6428 7312
6488 7312
6007 7506
6069 7711
6577 7821
6460 7821
6175 7792
5428 7694
5946 7994
5979 8074
6041 8268
6085 8268
6290 7821
6780 8013
6645 8151
6468 8206
6538 8206
6645 8187
6645 8206
6645 8316
6294 8268
6645 8013
7015 7236
7134 7260
7388 7450
7232 7450
7232 7523
7232 7647
7232 7774
6796 7934
7058 7934
7232 7866
7232 8098
7232 7934
7405 8098
7174 8296
7006 7934
5642 7756
5774 8660
5774 8695
5862 8745
5774 8745
5749 8852
5736 8905
5730 9048
5649 9048
5533 9077
5349 9151
5442 9151
5533 9151
5467 9580
5925 9646
5773 9646
5723 9646
5723 9746
5862 9868
5723 9868
5442 9342
5736 9048
6531 8552
6233 8775
6431 8775
6531 8775
6099 8775
6629 9195
6431 8990
6431 9130
6570 9498
6515 9498
6431 9498
6399 9559
6296 9559
6294 9582
6676 9760
6294 9687
6294 9859
6650 9859
6400 9859
6294 9859
6294 9792
6431 9405
7109 8939
7367 9164
7109 9015
7025 9261
7109 9164
7201 9164
6992 9368
6992 9483
6992 9498
7367 9256
7248 9795
7414 9911
7369 9911
7225 9677
6835 9498
6431 9195
6551 8379
7709 7394
7728 7394
7989 7288
7709 7316
7989 7372
7882 7470
7882 7547
7882 7394
7718 7834
7718 8053
7718 8086
8206 7285
8304 7285
8461 7285
8064 7581
8199 7592
8184 7668
8561 7810
8476 7810
8603 7629
8184 7789
8184 7684
8561 7750
8206 7504
8369 7810
8249 8023
8249 8058
8249 8089
8249 7810
8184 7592
7777 8305
7824 8414
7960 8620
8068 8693
7985 8863
7985 8904
8275 8395
8320 8427
8350 8478
8320 8478
7985 8693
8320 8693
8482 8465
8687 8407
8332 8962
8332 8785
8400 8962
8332 8743
7986 9248
7836 9248
7699 9248
7986 9469
7986 9503
7986 9569
7986 9618
8599 9169
8599 9248
8562 9248
8393 9248
8284 9248
8094 9248
8284 9036
7718 8228
9085 7357
9035 7357
9090 7382
9090 7488
9145 7521
9090 7521
9090 7728
9326 7228
9550 7236
9550 7419
9223 7559
9353 7559
9763 7518
9277 7559
9277 7847
9522 8005
9579 7518
9277 7667
9689 7364
9744 7394
9763 7451
9610 7518
9915 7522
9903 7522
9840 7522
9579 7559
8832 8127
9177 8225
8832 8407
8982 8407
9422 8005
9304 8005
9036 8314
9182 8225
9522 8059
9304 8274
9305 8531
9305 8550
9466 8586
9867 8586
9903 8586
9554 8586
8654 8465
9304 8225
8982 8938
9086 8968
9207 8981
8901 9450
9092 9450
9144 9450
8827 9528
9396 9155
9368 9155
9256 9155
9256 9318
9408 9434
9256 9434
8822 9589
8985 9875
8985 9910
8822 9784
9716 9005
9716 9073
9909 9340
9716 9340
9714 9434
9714 9518
9714 9535
9773 9658
9773 9887
9773 9983
9773 9842
8982 8636
8982 8758
7709 7450
9320 7174
5181 5057
edges
3053 544
2018 751
2103 237
2108 1329
2364 1105
2363 1418
2103 1460
3207 1283
2104 769
3068 1345
2002 867
2029 719
2362 679
2108 1040
2358 1777
3065 1647
2071 363
2105 357
3065 806
3076 1535
3241 1986
2019 1657
2074 1047
2365 1698
2025 552
2106 1260
2021 1020
3209 1413
3076 1196
2357 114
2109 1249
2000 1562
2367 1858
2024 1513
3200 1627
3200 956
3067 506
3201 1665
2111 263
2073 1540
2002 1579
2075 1543
2001 1807
3207 759
3055 1945
3208 92
3241 1456
2022 1157
3072 292
2072 352
2022 267
2114 1721
3073 1186
3249 1886
2023 434
2102 881
3075 105
3066 682
2366 1331
3199 1534
2366 1650
3202 874
2359 1699
3054 301
3070 1605
3244 1024
2017 1711
3053 1753
3250 1145
2077 937
3204 1705
2020 1936
3077 1730
2026 1277
3248 1471
3210 1962
3069 857
3069 333
3242 1129
2151 28
3204 725
3081 699
2032 347
3078 659
2361 1864
2110 328
2027 1055
3211 281
2113 1640
3079 1107
3251 521
3255 1056
2361 1010
3213 1926
2028 723
2008 1367
3245 492
2379 1462
3212 1625
2080 993
2079 855
2032 1311
2080 1592
3252 631
2078 983
3198 1477
2046 598
3214 381
3253 213
2381 928
3205 642
3080 802
3074 1997
2380 1691
2368 1217
2047 1272
3246 1239
2150 988
2035 777
2042 1346
3083 34
3215 453
2382 51
3206 554
2034 1814
2034 1118
3247 1875
2048 1615
3254 863
2003 1185
2369 229
2082 89
2116 85
3254 126
2039 1555
3219 740
2050 1436
3091 175
2115 23
2126 1048
3056 418
2115 1455
2374 454
2386 778
3216 431
2051 259
2385 43
3057 349
2036 1789
3256 1080
2086 59
2004 346
2383 1883
2093 964
2084 1322
2040 517
2117 745
2377 1380
3090 309
3217 1081
2118 1707
2384 265
2388 1348
3057 1069
2009 1221
2085 216
2093 17
2378 1553
3257 1437
2003 278
2037 140
2005 350
3085 293
3264 1985
3218 257
2371 770
3266 752
2373 573
3259 331
3084 1266
2372 1520
3061 61
2041 712
2370 1842
3240 1082
3059 963
3266 1241
2387 1205
2376 423
3085 1004
2070 368
3270 72
2377 920
3062 1486
2125 611
3089 360
2087 743
3060 1339
2007 1440
2007 80
3269 1330
2387 1070
3229 649
2119 1231
3058 1368
3088 88
2091 1531
3267 1951
3089 724
2130 1935
3221 1414
2122 1050
2045 1724
2392 762
2044 559
2051 597
2088 122
2045 68
2011 65
3197 758
2122 1476
2092 727
2088 1063
2129 614
2123 675
3268 579
2127 1280
2090 567
2124 1501
2013 729
3260 966
2389 1619
3147 1929
3286 754
3100 1104
2129 1370
3262 1259
3141 95
3268 308
3287 1865
3100 1387
2012 1079
3147 698
3263 182
2057 574
3092 1937
3232 944
3232 985
3277 638
2094 1964
2391 416
2390 1228
3224 99
2393 296
2012 1491
3144 271
2394 844
3101 1768
2058 1044
2394 820
3092 1494
2056 1288
3221 1110
3142 1015
2148 582
3102 1928
3148 1995
2145 1851
2145 790
2403 1533
2136 1000
3236 667
3272 621
3276 1303
2137 1159
3140 345
2059 986
2136 542
2015 666
2062 788
3149 1042
2068 918
3143 1629
3234 1146
3279 273
3144 1096
3114 1203
2052 1443
3278 7
3223 870
3108 1002
3280 868
3233 561
3146 933
2062 1366
3281 115
3283 1595
3107 471
2067 1035
2132 824
2146 662
3225 1556
3271 939
2061 534
3152 1337
3105 1651
2397 203
3239 255
2053 764
3104 532
2411 969
2095 204
3151 1987
3094 243
3109 190
3235 1942
3237 773
2138 1726
2095 1137
2061 1472
2054 1391
3274 1448
2147 1850
2140 651
2397 1458
3273 1686
3284 148
2142 1746
3106 1837
3157 475
3282 562
2143 1978
3238 1212
2064 1596
2055 1250
2144 1719
3227 395
2133 1601
3226 1478
2096 1289
2097 652
3226 549
3095 405
2411 1715
2404 466
2065 289
3110 113
3096 102
2098 348
2409 362
2134 1538
2141 1616
2015 876
2099 1693
2135 279
2055 246
2100 1523
2066 501
3282 704
3228 834
3275 609
3097 351
2135 1459
3098 1725
3159 1382
2066 676
3318 864
2139 1621
3171 1744
3113 1327
2399 774
3171 120
3172 1451
2407 186
2406 98
2406 1971
3307 1939
3099 38
2247 707
2247 1706
3320 931
2407 272
2181 722
3158 872
3288 657
2271 627
3337 1868
2400 1189
2410 1676
3322 893
2181 537
3319 1849
2272 1046
3320 1220
2175 482
3099 1790
2401 1757
2249 118
3111 625
3112 435
2152 1832
3307 1086
2250 193
2154 93
3158 361
2157 1432
3288 239
2270 1685
2402 1509
3308 1529
3160 1682
2251 0
2273 1180
2152 1944
2154 702
2158 316
2177 1597
3309 569
2274 415
3161 1153
2275 1723
2426 1087
3334 1785
2182 151
3153 831
2413 29
2412 123
2163 485
2252 167
3196 1385
3139 393
3162 1755
3123 81
3164 502
2159 256
2294 710
3156 1664
3289 924
2276 188
2414 1410
3170 1600
2177 1990
2155 1977
2356 439
3169 1897
2190 568
2421 260
3170 1667
3338 1701
3310 1641
2204 1561
3115 677
3123 1947
2269 873
3292 5
2183 355
3293 914
3124 1927
2160 1445
3325 1743
3173 153
2415 344
3125 1925
2424 35
2276 861
2184 1969
3138 1593
2161 556
2178 215
2416 1767
3311 975
3154 775
2294 1113
2186 600
3323 456
3165 516
2417 1718
2162 890
3176 280
3130 510
3116 877
3131 1411
3174 127
3324 221
2421 1799
3167 1263
3127 858
3168 1591
2185 1424
3128 763
2266 227
2257 472
2257 895
2423 1237
2277 518
3294 960
2179 108
2174 1518
2186 253
3117 1138
2424 689
2188 1282
2191 1083
3327 898
3306 1796
2254 1805
2258 945
2420 1253
2419 1386
2259 708
3326 130
2265 1889
2180 1100
3177 1248
2418 940
3300 879
3118 1834
3302 1295
3182 885
2254 1400
2278 1343
3335 1465
3295 1406
2302 1025
3302 1393
2169 528
2198 601
3133 1763
2281 661
3134 1979
3327 989
2438 1588
2164 854
3330 1733
3178 842
3189 305
3194 214
2168 41
3119 1821
2260 1672
2268 968
2280 209
3300 610
3312 1374
3178 1759
2430 897
3120 1626
2282 571
3333 921
2170 1856
2202 200
2428 1166
3191 163
2268 1016
2428 64
3331 1604
2295 781
2261 1133
2192 1238
3189 1913
3136 1347
2431 977
3303 973
2173 919
2427 490
3190 244
3179 1489
3304 183
3313 493
2429 1499
3305 430
2199 135
3183 1988
2200 374
3314 1524
2296 1894
2193 385
2283 341
2436 1474
2431 1255
3188 1232
3121 849
2432 499
2264 808
2435 685
3135 909
2262 1111
3185 1511
3122 962
2194 954
2284 917
3298 1233
2300 1340
2286 1425
2201 789
2166 1453
3135 369
2437 668
3193 1644
3315 1036
2287 959
3122 995
3181 1602
2196 1265
3137 1089
2172 1027
3332 1516
3332 1517
3187 166
3316 942
3181 1783
2165 1433
2197 1898
2196 1399
3192 1059
2263 1279
2439 836
3299 1206
2288 1786
3186 192
2164 1826
2201 137
3296 1108
2285 519
2289 886
2292 1162
3316 565
3507 1143
2297 90
2290 497
2300 1510
2197 1559
2167 1426
3608 669
2299 916
2291 825
3595 563
3353 245
3512 655
3605 310
3339 238
3339 32
3513 998
3353 927
3599 150
2246 398
2474 63
3513 1475
3354 1126
3340 375
2263 1434
3607 1236
2298 1430
2451 1902
3498 535
3508 1147
2451 383
3346 1620
3528 1896
3746 1229
2229 1974
2230 1809
3605 681
3357 720
2210 1396
2354 1128
3497 299
3600 1589
3522 112
2336 1213
3343 382
3602 488
3604 755
3499 787
3601 1018
2245 1449
3355 1095
2234 1504
2452 1905
3340 1769
3510 1358
3500 1485
2336 46
2440 1299
2444 342
3356 496
2235 1258
2205 1165
3346 1713
2452 1760
3604 498
3596 1441
3514 304
2227 1103
2212 1709
2319 220
3501 1150
2455 785
3347 637
3606 1653
2207 177
3515 1836
2453 531
3597 1394
3502 761
2337 233
3343 967
3358 1012
3527 1946
2441 1176
3348 1835
2205 905
3506 938
3598 1324
2231 1660
2450 1172
3503 1309
2329 1710
2442 436
2456 827
3344 33
2206 1123
2338 1332
2330 201
3519 670
2339 1885
2341 69
2335 1537
2232 248
3350 835
2355 252
3518 1684
2208 1003
3520 1970
2449 1630
3504 134
3359 428
3505 1463
2213 1782
2233 557
3523 1772
2314 424
2320 426
3610 715
2342 1091
3517 71
2343 957
2457 1906
2344 1892
3345 505
2303 403
2315 290
2305 1191
2445 1824
2457 515
2327 822
2240 249
3359 230
3525 377
3361 442
2223 1014
3505 800
3523 1195
2326 396
2462 1887
2446 1335
2308 1364
2459 1901
2334 1101
2448 1762
2241 648
2461 1209
2304 586
3609 1496
3352 742
2332 511
3611 1139
2316 829
2476 739
2458 1825
2353 826
3646 713
2322 1435
3511 801
2345 1106
2222 1788
3524 709
3390 1683
3524 899
2214 1031
2215 1722
3637 412
2306 971
2222 6
2313 469
3637 923
2225 474
2238 380
2328 174
2224 1421
3554 1993
2244 399
2323 850
2309 1251
3617 1731
2244 1956
3399 1058
2216 1320
2352 1716
3644 1464
2217 1893
2237 462
2328 1067
2352 711
3617 1142
3364 359
2473 391
2313 356
2325 791
2219 732
3364 1073
3613 1822
3532 529
3535 36
3614 819
2243 75
3553 1305
3555 1975
2467 142
3392 1200
2468 590
2310 1197
2463 162
3391 896
3638 1572
2347 979
3389 639
2311 297
2348 195
3365 404
3366 1500
2221 146
2325 1717
2464 1094
3398 1804
2311 941
3392 1766
2472 1194
3615 338
2242 1390
3393 141
3556 57
3639 587
2349 411
3365 961
2220 932
2242 1029
2221 980
3555 768
2466 1506
3615 1649
2470 394
2226 330
2464 159
2243 1900
3534 866
3557 1310
2472 1181
3394 1565
3368 1065
3398 447
2312 1301
3640 1720
2466 1423
3369 1492
3642 1938
3627 1131
2469 440
3397 821
3533 1877
3529 1756
3629 613
2350 1563
3536 1290
3530 915
2324 658
2350 336
3371 476
3559 1844
3641 1234
3052 1334
3535 799
3400 1583
3362 1690
3531 443
3620 386
3362 1624
2477 1028
2639 1164
3618 815
2673 406
3394 1246
3568 1539
3622 907
3623 366
2518 660
3410 1427
2673 1098
2478 1578
2478 489
2489 119
2612 703
3630 1761
2612 683
2479 1702
3626 1742
2512 302
3631 268
2674 402
3401 1632
3539 1638
3401 1177
2508 82
2490 1077
3402 1224
3624 1838
3552 997
2489 1407
2676 1023
2491 1816
3675 1155
2674 1093
3405 636
2492 207
3643 1398
3643 1800
2705 1867
3363 318
2493 1381
3537 841
3540 1201
3402 432
2613 1737
2507 1193
3372 1728
3552 1175
3370 1973
2513 1352
3634 749
2614 1828
2507 786
2509 1033
3622 306
2638 76
2511 1072
2680 1636
3541 1148
2638 1318
2480 1981
3635 828
3408 100
3406 816
2518 1383
2495 1223
2515 1395
2707 67
3407 228
3548 1041
3546 1544
3561 1068
3632 1818
2615 814
2681 1210
3625 1915
3636 58
3408 706
2619 104
3632 843
2510 1614
3542 427
3421 1991
3543 315
3377 457
3549 1866
2618 1061
3378 767
3374 1751
3376 807
2706 180
3547 1182
3674 1780
2705 1313
2517 1051
2677 555
2481 1319
2616 1888
3563 84
3560 1428
2516 726
3377 1240
2708 1344
2494 1794
2617 413
2692 692
3544 796
2619 18
3564 947
2640 1447
3379 1983
3419 1910
2496 277
3416 894
3412 1576
3375 748
2482 1879
3413 530
2488 760
3417 1797
3647 20
2497 1854
2684 77
2677 1582
3414 1034
3647 445
2710 884
3661 170
3648 1416
3565 1696
2709 222
3566 124
3418 550
2755 1948
2498 473
2682 1316
3550 62
2622 784
2685 409
2623 1681
3569 578
2641 1613
2621 1392
2718 1739
3745 1847
2522 1764
3662 367
2499 972
3653 911
2690 548
3415 525
3420 1952
2484 83
3381 326
3387 1495
3566 1982
3654 155
2483 1921
3545 560
3662 624
2500 1914
2629 736
2526 458
3380 4
2689 1
3649 420
3422 982
3383 1661
2628 1188
2624 1378
2679 1140
2643 1959
2717 974
2523 634
2506 953
3384 603
2686 1831
3423 1308
3656 1141
3593 1918
3663 1291
3385 121
2627 1278
3655 1680
2486 878
2645 1609
2687 936
3424 397
2525 604
2713 1154
3673 688
3384 581
3425 97
3650 584
2487 196
3582 1286
2524 952
3657 812
2519 734
2626 487
2521 551
2526 1420
2520 733
2695 14
2503 1508
2626 1120
2527 448
2688 1230
3577 721
2636 818
3426 1551
2644 1745
3664 1884
2714 1554
3428 1957
2714 570
3578 1261
3386 875
3582 1519
2501 673
2502 830
2630 1924
3666 1817
2504 8
3583 1940
3571 1528
2631 906
3652 1546
2486 1122
3570 1633
3666 543
2528 307
3572 1727
3386 641
3429 687
3430 313
3431 1252
3429 1752
3659 27
3591 1163
3574 410
2576 701
2693 53
3652 451
3659 417
2694 231
2693 1298
3584 1585
2632 564
2716 650
2644 1377
3590 1558
3592 1262
2531 527
2704 1903
2633 70
3496 1256
2531 1242
3671 1694
3463 810
2697 1784
3435 1966
2570 730
3460 364
3579 860
2565 1943
3459 106
2541 1361
3495 856
2635 1457
2566 990
2634 700
2569 935
3462 1891
2699 319
3580 608
3461 888
3580 1117
2567 19
3437 1114
2532 270
2572 1267
3669 1006
3575 1765
3670 2
2570 1505
2700 1580
2698 771
3587 859
3575 1450
3464 1483
3436 39
2698 1890
3452 389
2703 797
2703 738
2533 117
2716 547
3473 194
3586 1859
3589 566
3672 165
3668 1603
3440 1174
3587 665
3451 523
3581 1758
2649 1612
2754 1132
2573 756
3669 1880
3467 232
3474 1570
2648 354
2568 536
2542 981
3744 48
2650 1297
2534 1598
2543 693
3454 1488
3468 111
2574 1066
2738 322
3439 1397
2650 1135
2654 908
2672 1064
3709 1700
3455 73
3689 629
3441 845
3456 1222
2544 1853
2568 922
2738 1171
3465 1373
3439 1161
3458 1545
3707 468
3469 1635
3676 1933
2535 1645
3445 1980
3719 1452
3676 1999
2723 1264
2575 1168
3690 930
2651 370
2536 691
3691 1431
2653 1049
3466 1409
3692 1439
3678 452
3471 1878
3724 910
3719 323
2545 10
3442 1852
2739 1819
3472 632
3443 1654
3678 1808
2724 1444
2536 16
2654 197
3720 1412
2546 26
2726 1899
3720 714
2725 96
2537 288
3725 128
2656 1735
3444 1257
2540 718
2727 1560
3721 1941
3457 1438
2740 999
3723 55
2741 1658
3680 1791
2719 1057
3704 1379
3724 1032
3457 1099
3727 1204
2608 1527
3706 158
3708 1996
3482 1353
2663 1149
3717 1375
2720 1372
2721 594
2591 978
2660 1575
2658 615
2564 833
3677 545
2577 1829
2578 1084
3695 1243
2577 1116
2655 24
2742 1968
2580 1670
2722 1714
2721 1178
2659 1022
3494 1646
3695 929
2579 353
2657 1076
2592 1931
3743 1663
2547 1748
2663 731
2593 1045
2756 585
2728 1792
2548 407
3683 616
3475 266
2594 695
2563 950
2664 592
2595 640
3729 60
2582 994
3483 283
3712 1642
3475 804
3450 912
3484 892
3728 169
2556 1679
2671 1648
2752 1167
2596 612
3681 645
3703 871
2587 1704
2737 1567
2583 672
3742 1827
3733 1300
2581 694
3682 792
3476 44
3698 1292
3446 626
2556 620
3684 1384
2599 129
3487 264
2548 865
2584 671
2555 779
2553 110
2597 1468
2549 1038
3486 138
3447 1039
3488 481
3477 131
3488 934
3697 839
3739 1695
2557 1775
2665 992
2558 869
3696 575
3699 1388
3685 1564
3741 1599
3686 1590
3687 1692
2666 54
2749 690
2598 1225
2562 1536
2585 401
3492 483
2587 298
3478 1955
2600 772
3479 1608
3734 208
3716 372
2744 1989
3735 1573
3736 1328
3710 217
3713 1326
3718 1202
3739 1342
2603 737
2734 87
3448 891
3738 593
3714 503
2559 300
2667 588
2551 599
2588 461
3732 419
2605 1917
3701 1019
3740 1771
2601 1666
3491 1920
2561 178
2561 463
3493 1954
2730 1922
2554 765
3481 109
2731 1873
3490 1503
2602 223
2733 392
2745 161
3480 1659
2746 1269
3710 1812
2668 1270
3702 817
2747 1198
2747 653
2735 133
2670 1314
3737 291
2735 254
2667 635
3449 1156
2751 282
2734 479
2736 1218
2670 766
2550 656
2607 1363
2589 1774
3715 512
2748 226
3489 378
3702 1776
3715 1911
2589 15
2748 1773
3449 477
3686 1389
2869 251
3996 1403
2774 438
2770 840
2940 1750
3928 42
3782 809
3782 520
3929 494
2913 1855
3761 470
2763 951
3783 205
3869 1574
3922 1287
2913 1984
3860 235
3871 1656
2889 1276
3871 365
3860 276
2771 157
3760 324
3921 735
3759 1017
3861 11
2763 1673
3861 250
3761 1092
3870 79
3747 654
2777 1577
2914 1085
2940 853
2883 149
3939 1908
2941 1226
2764 1284
2764 1487
2770 1293
3922 1208
3939 1550
2938 1075
2870 1369
3862 803
2773 1429
2918 524
3923 1304
3747 1469
3859 145
3940 744
2883 1712
2885 52
2871 1932
3930 509
2784 1678
2872 674
3784 1907
3941 643
2873 558
3863 1815
3924 1960
2758 467
2868 1296
2777 913
3881 1992
3762 1151
3943 1281
3942 1848
3925 400
3945 1158
3786 1846
3943 12
2915 753
3748 684
3864 1530
2765 696
2943 1770
3931 1481
3932 1895
2943 172
2873 852
3872 1183
3873 1227
2915 1622
3752 1323
2778 236
3944 883
2779 717
2875 198
3877 664
3877 1840
3946 1677
2785 206
3787 40
2769 1803
3938 1160
3874 1355
2780 1778
2882 1482
2945 644
2767 1173
3879 1053
2782 1121
2887 1787
3767 414
3751 1294
3767 1904
3763 949
3764 1008
2917 1998
2938 484
2783 74
2906 1484
3927 583
3882 1548
3880 678
3797 449
2768 1606
2967 247
2888 464
2880 798
3788 314
2776 1321
2907 1861
3927 1192
2925 1480
2947 1325
3878 1235
3766 780
2968 1833
2922 1419
2760 225
2942 837
2876 31
3876 1112
3772 1669
2768 1338
3866 958
2761 185
2909 607
2939 156
3935 1549
2781 1634
2881 1708
2877 540
3791 1994
3936 846
3753 45
3754 139
2761 805
3765 1341
2949 553
2888 851
2879 1843
3768 446
2881 103
3789 9
3790 1408
3875 1179
2762 332
2950 1354
2910 976
3796 1972
3768 160
2961 1211
2920 1749
2803 507
3951 541
3755 1860
3773 1869
2921 1302
3756 576
2896 340
3883 1631
2960 1144
3867 450
3884 622
3955 478
2958 848
2912 880
2959 1365
3769 1446
2788 647
2793 1871
2911 211
3868 379
3947 199
3885 1586
3757 589
3794 1806
2920 1795
2912 1552
3885 619
3947 1617
2965 1863
3948 329
2962 30
3774 1219
2952 455
2898 1874
2787 373
3955 1078
2787 191
3794 1090
2904 422
3777 500
2937 1306
2953 152
2823 107
2897 143
3775 1507
3776 1697
2954 1655
3757 1557
2823 1515
2965 1245
2963 371
3954 901
2926 633
3920 686
2890 387
2800 1350
2929 1359
2824 1315
3770 1490
3956 1541
2964 49
3050 605
3780 1779
3795 1729
2926 1876
3888 210
2936 1862
2964 1109
2791 1127
3953 1088
3779 21
2934 258
2899 224
2928 275
2790 1215
3894 1254
2955 832
2834 1021
3795 240
3771 1115
2892 1830
3857 1652
2789 433
3894 1949
3901 91
2900 218
2808 1823
3889 144
2802 1754
3895 187
3961 1271
2794 1102
2893 572
2801 747
3900 1953
3896 179
2931 285
2956 1610
2827 1360
2932 1594
3963 284
2804 539
2827 1569
3957 136
2935 1357
2894 1961
3798 1813
3958 1568
3819 1912
2795 1934
2895 320
2957 1052
3960 327
2935 522
3961 1005
2829 728
2833 1950
2903 1923
2796 628
2806 303
2805 491
3890 533
3993 1362
2792 262
2957 538
3962 311
2901 577
2895 1214
3798 823
2799 889
3959 1542
3891 1512
3799 697
2798 813
2933 1637
2792 1639
2902 1274
2902 630
2830 181
2807 1125
3905 926
3800 862
3994 1152
3820 1841
3009 1007
3822 1422
3903 1958
2969 444
3841 234
3037 1187
3823 1037
2831 1268
3010 1587
2991 1013
2832 741
2816 514
3802 783
2972 1688
3892 1963
3037 1062
2991 1793
3893 1525
3803 1071
2815 480
3965 1184
3841 1643
3893 991
3038 1870
2814 1349
3982 746
3904 358
3966 37
3049 1473
2980 171
3904 1417
3967 1802
2969 591
3016 47
3825 782
3011 1244
2822 596
3982 441
2974 1736
2992 1522
3807 1839
3015 421
3843 25
2971 241
2817 132
2832 1376
3805 1547
3919 1687
2809 1689
2810 1336
3842 618
3804 202
2992 1356
2970 1333
3015 1674
3039 1190
2999 580
3983 663
3806 887
3972 606
2811 925
3826 1916
3913 317
2812 546
3017 13
2973 1199
3908 1442
2979 1134
3809 1307
2980 337
3973 101
3846 1909
3913 173
2976 1466
2997 776
3807 504
3019 1247
3824 212
2813 1026
2818 1001
3824 1618
3972 66
3915 1502
3013 1074
3014 987
3002 1467
3907 1732
2813 335
2819 1521
2977 595
3918 1009
3018 1317
3914 838
2820 1781
3850 1623
3844 94
3021 390
3020 1801
2982 955
3818 1566
3984 376
2996 287
2998 948
2841 1965
3975 1119
2983 3
3001 219
3984 1402
2995 189
3817 1820
3007 1404
2835 602
3036 1401
3847 1703
3008 459
3908 1043
2854 1845
2979 902
3968 1857
3840 384
3029 1930
3022 943
3029 1415
3976 1461
3046 294
3850 1526
2835 125
3025 242
3023 22
3970 1798
3828 1738
2836 965
3909 261
2851 495
3000 1584
3848 795
3969 623
2860 1740
3024 1571
2990 1967
3827 295
3910 154
3987 1811
2859 882
3971 286
3811 176
3988 680
3030 164
2837 325
3916 1532
2842 1216
3831 508
3830 437
3026 1124
3911 1741
3040 1454
3810 269
3832 1054
3004 757
3855 1479
3978 425
2858 343
2852 168
2984 1810
3041 334
3912 465
2986 1470
2858 1498
2843 388
3042 1919
3812 1747
2853 847
2845 1671
2846 1628
2843 1976
2861 513
2865 86
3989 1097
2855 116
3854 1662
3031 339
3811 50
3834 984
2984 1881
3032 408
3035 460
3034 56
2847 1675
2985 1872
3044 1285
3833 1882
3814 274
3048 1668
3005 1497
3833 1493
3045 794
2856 526
3981 1275
2838 1130
2989 184
3045 312
3839 1734
3851 147
3912 1207
2989 1030
2864 617
3992 904
2857 486
3028 946
2849 750
2840 1273
3835 1312
3837 321
3815 716
3979 970
3006 1351
3836 1060
3006 1011
2848 78
3990 1611
3047 811
3838 1136
3980 646
3852 900
3980 1581
3852 705
2988 903
3853 1169
2848 429
2849 1514
3815 1607
2864 1405
3816 1371
2857 793
3991 996
3991 1170
2008 2000
2000 2001
2001 2002
2006 2003
2016 2004
2010 2005
2005 2006
2006 2007
2004 2008
2016 2009
2009 2010
2010 2011
2014 2012
2011 2013
2013 2014
2014 2015
2037 2016
2018 2017
2020 2018
2017 2019
2023 2020
2024 2021
2031 2022
2030 2023
2102 2024
2021 2025
2030 2026
2026 2027
2027 2028
2071 2029
2025 2030
2019 2031
2031 2032
2042 2033
2035 2034
2038 2035
2038 2036
2070 2037
2039 2038
2033 2039
2033 2040
2040 2041
2050 2042
2041 2043
2043 2044
2043 2045
2028 2046
2046 2047
2047 2048
2048 2049
2049 2050
2049 2051
2059 2052
2052 2053
2053 2054
2054 2055
2058 2056
2044 2057
2060 2058
2068 2059
2057 2060
2069 2061
2063 2062
2067 2063
2063 2064
2064 2065
2065 2066
2069 2067
2056 2068
2060 2069
2036 2070
2075 2071
2073 2072
2105 2073
2076 2074
2076 2075
2077 2076
2079 2077
2081 2078
2078 2079
2081 2080
2082 2081
2083 2082
2084 2083
2086 2084
2087 2085
2085 2086
2091 2087
2090 2088
2092 2089
2089 2090
2089 2091
2094 2092
2083 2093
2101 2094
2101 2095
2097 2096
2098 2097
2099 2098
2100 2099
2248 2100
2096 2101
2029 2102
2106 2103
2074 2104
2104 2105
2107 2106
2072 2107
2112 2108
2114 2109
2109 2110
2110 2111
2111 2112
2112 2113
2151 2114
2116 2115
2117 2116
2118 2117
2125 2118
2130 2119
2119 2120
2120 2121
2121 2122
2120 2123
2123 2124
2121 2125
2150 2126
2128 2127
2126 2128
2128 2129
2127 2130
2132 2131
2149 2132
2137 2133
2133 2134
2134 2135
2131 2136
2149 2137
2131 2138
2138 2139
2144 2140
2142 2141
2143 2142
2139 2143
2141 2144
2146 2145
2147 2146
2140 2147
2124 2148
2148 2149
2113 2150
2107 2151
2153 2152
2155 2153
2153 2154
2163 2155
2160 2156
2156 2157
2157 2158
2158 2159
2161 2160
2162 2161
2174 2162
2156 2163
2165 2164
2166 2165
2167 2166
2173 2167
2171 2168
2168 2169
2169 2170
2172 2171
2246 2172
2171 2173
2170 2174
2159 2175
2175 2176
2176 2177
2204 2178
2180 2179
2178 2180
2182 2181
2190 2182
2184 2183
2185 2184
2187 2185
2189 2186
2191 2187
2187 2188
2188 2189
2183 2190
2179 2191
2203 2192
2202 2193
2193 2194
2194 2195
2195 2196
2195 2197
2189 2198
2203 2199
2199 2200
2200 2201
2192 2202
2198 2203
2176 2204
2206 2205
2208 2206
2212 2207
2213 2208
2210 2209
2211 2210
2245 2211
2209 2212
2207 2213
2215 2214
2218 2215
2226 2216
2224 2217
2217 2218
2218 2219
2219 2220
2220 2221
2214 2222
2211 2223
2216 2224
2223 2225
2225 2226
2234 2227
2229 2228
2230 2229
2227 2230
2228 2231
2231 2232
2232 2233
2235 2234
2355 2235
2240 2236
2239 2237
2241 2238
2236 2239
2233 2240
2236 2241
2238 2242
2237 2243
2239 2244
2228 2245
2209 2246
2248 2247
2249 2248
2250 2249
2251 2250
2252 2251
2356 2252
2255 2253
2256 2254
2258 2255
2253 2256
2256 2257
2265 2258
2266 2259
2253 2260
2260 2261
2264 2262
2262 2263
2261 2264
2259 2265
2267 2266
2278 2267
2267 2268
2255 2269
2272 2270
2277 2271
2271 2272
2270 2273
2273 2274
2274 2275
2275 2276
2279 2277
2279 2278
2281 2279
2282 2280
2302 2281
2283 2282
2284 2283
2286 2284
2293 2285
2292 2286
2296 2287
2291 2288
2285 2289
2289 2290
2290 2291
2293 2292
2354 2293
2295 2294
2301 2295
2288 2296
2301 2297
2297 2298
2298 2299
2299 2300
2287 2301
2280 2302
2305 2303
2315 2304
2307 2305
2318 2306
2308 2307
2317 2308
2317 2309
2309 2310
2312 2311
2310 2312
2307 2313
2320 2314
2314 2315
2304 2316
2306 2317
2316 2318
2327 2319
2319 2320
2353 2321
2321 2322
2321 2323
2323 2324
2324 2325
2322 2326
2326 2327
2318 2328
2331 2329
2331 2330
2344 2331
2333 2332
2345 2333
2333 2334
2343 2335
2337 2336
2340 2337
2339 2338
2340 2339
2335 2340
2338 2341
2341 2342
2330 2343
2332 2344
2346 2345
2347 2346
2348 2347
2349 2348
2351 2349
2351 2350
3052 2351
2346 2352
2334 2353
2329 2354
2303 2355
2269 2356
2359 2357
2357 2358
2360 2359
2379 2360
2360 2361
2367 2362
2362 2363
2363 2364
2364 2365
2365 2366
2358 2367
2369 2368
2374 2369
2373 2370
2370 2371
2371 2372
2378 2373
2375 2374
2376 2375
2392 2376
2372 2377
2375 2378
2381 2379
2368 2380
2396 2381
2396 2382
2388 2383
2383 2384
2384 2385
2385 2386
2386 2387
2382 2388
2390 2389
2395 2390
2395 2391
2393 2392
2391 2393
2389 2394
2403 2395
2380 2396
2405 2397
2475 2398
2400 2399
2401 2400
2402 2401
2426 2402
2475 2403
2405 2404
2399 2405
2410 2406
2408 2407
2409 2408
2398 2409
2408 2410
2398 2411
2413 2412
2414 2413
2415 2414
2416 2415
2417 2416
2420 2417
2425 2418
2425 2419
2419 2420
2422 2421
2418 2422
2422 2423
2423 2424
2438 2425
2412 2426
2434 2427
2427 2428
2432 2429
2433 2430
2435 2431
2433 2432
2437 2433
2429 2434
2436 2435
2430 2436
2439 2437
2434 2438
2474 2439
2444 2440
2476 2441
2449 2442
2442 2443
2443 2444
2450 2445
2445 2446
2446 2447
2447 2448
2441 2449
2443 2450
2454 2451
2453 2452
2454 2453
2455 2454
2456 2455
2460 2456
2460 2457
2461 2458
2458 2459
2459 2460
2462 2461
2448 2462
2468 2463
2465 2464
2463 2465
2465 2466
2473 2467
2471 2468
2470 2469
2471 2470
2467 2471
2469 2472
2447 2473
2440 2474
2404 2475
2342 2476
2479 2477
2477 2478
2480 2479
2481 2480
2482 2481
2488 2482
2487 2483
2485 2484
2483 2485
2485 2486
2506 2487
2484 2488
2492 2489
2493 2490
2490 2491
2491 2492
2495 2493
2505 2494
2505 2495
2494 2496
2499 2497
2496 2498
2500 2499
2503 2500
2502 2501
2504 2502
2501 2503
2530 2504
2497 2505
2498 2506
2508 2507
2509 2508
2513 2509
2511 2510
2512 2511
2514 2512
2510 2513
2515 2514
2516 2515
2517 2516
2522 2517
2514 2518
2527 2519
2521 2520
2609 2521
2523 2522
2529 2523
2529 2524
2524 2525
2525 2526
2520 2527
2576 2528
2519 2529
2528 2530
2532 2531
2533 2532
2534 2533
2535 2534
2538 2535
2538 2536
2546 2537
2540 2538
2537 2539
2539 2540
2565 2541
2541 2542
2542 2543
2543 2544
2544 2545
2545 2546
2564 2547
2550 2548
2555 2549
2551 2550
2554 2551
2547 2552
2552 2553
2552 2554
2553 2555
2557 2556
2558 2557
2559 2558
2560 2559
2562 2560
2560 2561
2563 2562
2549 2563
2539 2564
2530 2565
2569 2566
2610 2567
2567 2568
2573 2569
2571 2570
2574 2571
2571 2572
2572 2573
2575 2574
2608 2575
2609 2576
2578 2577
2579 2578
2580 2579
2582 2580
2583 2581
2590 2582
2590 2583
2581 2584
2584 2585
2585 2586
2586 2587
2586 2588
2588 2589
2596 2590
2594 2591
2659 2592
2756 2593
2595 2594
2606 2595
2597 2596
2598 2597
2607 2598
2606 2599
2599 2600
2604 2601
2601 2602
2604 2603
2600 2604
2602 2605
2593 2606
2605 2607
2591 2608
2610 2609
2566 2610
2613 2611
2611 2612
2614 2613
2615 2614
2620 2615
2620 2616
2616 2617
2617 2618
2618 2619
2622 2620
2637 2621
2623 2622
2621 2623
2637 2624
2624 2625
2625 2626
2625 2627
2645 2628
2646 2629
2631 2630
2636 2631
2630 2632
2632 2633
2633 2634
2634 2635
2627 2636
2628 2637
2639 2638
2640 2639
2642 2640
2755 2641
2641 2642
2646 2643
2643 2644
2629 2645
2642 2646
2635 2647
2647 2648
2648 2649
2649 2650
2672 2651
2651 2652
2652 2653
2653 2654
2661 2655
2652 2656
2664 2657
2662 2658
2658 2659
2592 2660
2656 2661
2661 2662
2657 2663
2655 2664
2671 2665
2665 2666
2668 2667
2669 2668
2666 2669
2669 2670
2662 2671
2647 2672
2675 2673
2675 2674
2676 2675
2680 2676
2678 2677
2695 2678
2690 2679
2681 2680
2692 2681
2712 2682
2684 2683
2682 2684
2718 2685
2679 2686
2686 2687
2689 2688
2691 2689
2683 2690
2687 2691
2685 2692
2694 2693
2696 2694
2688 2695
2691 2696
2704 2697
2700 2698
2697 2699
2702 2700
2702 2701
2699 2702
2701 2703
2696 2704
2706 2705
2707 2706
2708 2707
2712 2708
2710 2709
3997 2710
3387 2711
2709 2712
2717 2713
2715 2714
2713 2715
2715 2716
3997 2717
2683 2718
2725 2719
2719 2720
2722 2721
2720 2722
2754 2723
2723 2724
2726 2725
2729 2726
2729 2727
2743 2728
2724 2729
2737 2730
2732 2731
2730 2732
2732 2733
2733 2734
2736 2735
2731 2736
2753 2737
2739 2738
2741 2739
2742 2740
2740 2741
2728 2742
2752 2743
2743 2744
2744 2745
2750 2746
2749 2747
2751 2748
2746 2749
2745 2750
2750 2751
2753 2752
2727 2753
2701 2754
2678 2755
2660 2756
2758 2757
2759 2758
2765 2759
2769 2760
2762 2761
2760 2762
2759 2763
2757 2764
2766 2765
2785 2766
2766 2767
2767 2768
2757 2769
2771 2770
2772 2771
2775 2772
2772 2773
2773 2774
2776 2775
2803 2776
2779 2777
2784 2778
2780 2779
2781 2780
2782 2781
2783 2782
2778 2783
2774 2784
2775 2785
2789 2786
2788 2787
2786 2788
2791 2789
2786 2790
2793 2791
2790 2792
2808 2793
2795 2794
2797 2795
2799 2796
2798 2797
2807 2798
2806 2799
2834 2800
2800 2801
2801 2802
2867 2803
2867 2804
2804 2805
2805 2806
2796 2807
2794 2808
2810 2809
2814 2810
2809 2811
2811 2812
2812 2813
2821 2814
2821 2815
2797 2816
2822 2817
2817 2818
2818 2819
2819 2820
2816 2821
2815 2822
2825 2823
3050 2824
2824 2825
2825 2826
2828 2827
2826 2828
2828 2829
2833 2830
2830 2831
2831 2832
2829 2833
2826 2834
2836 2835
2837 2836
2838 2837
2839 2838
2840 2839
2850 2840
2820 2841
2866 2842
2844 2843
2845 2844
2846 2845
2842 2846
2844 2847
2850 2848
2839 2849
2847 2850
2866 2851
2853 2852
2865 2853
2851 2854
2852 2855
2863 2856
2863 2857
2859 2858
2860 2859
2861 2860
2862 2861
2856 2862
2855 2863
2862 2864
2854 2865
2841 2866
2802 2867
2874 2868
2603 2869
3051 2870
2868 2871
2871 2872
2872 2873
2870 2874
2874 2875
2882 2876
2876 2877
2877 2878
2878 2879
2879 2880
2880 2881
2875 2882
2884 2883
2885 2884
2889 2885
2884 2886
2886 2887
2968 2888
3051 2889
2904 2890
2890 2891
2891 2892
2892 2893
2893 2894
2894 2895
2878 2896
2905 2897
2897 2898
2898 2899
2899 2900
2903 2901
2901 2902
2900 2903
2905 2904
2896 2905
2887 2906
2906 2907
2907 2908
2908 2909
2909 2910
2910 2911
2911 2912
2914 2913
2918 2914
2916 2915
2919 2916
2916 2917
2924 2918
2925 2919
2921 2920
2923 2921
2919 2922
2922 2923
2917 2924
2908 2925
2930 2926
2937 2927
2927 2928
2928 2929
2929 2930
2930 2931
2931 2932
3009 2933
2936 2934
2934 2935
2927 2936
2923 2937
2946 2938
2948 2939
2941 2940
2944 2941
2939 2942
2944 2943
2945 2944
2942 2945
2967 2946
2946 2947
2949 2948
2947 2949
2948 2950
2961 2951
2958 2952
2954 2953
2952 2954
2953 2955
2955 2956
2956 2957
2951 2958
2966 2959
2959 2960
2950 2961
2960 2962
2962 2963
2963 2964
2966 2965
2951 2966
2924 2967
2886 2968
2975 2969
2976 2970
2970 2971
2971 2972
2975 2973
2972 2974
2974 2975
2978 2976
2981 2977
2977 2978
2973 2979
2981 2980
2982 2981
3008 2982
2978 2983
2985 2984
2986 2985
2987 2986
2990 2987
2987 2988
2988 2989
2983 2990
2993 2991
2993 2992
2999 2993
2998 2994
3001 2995
3003 2996
2996 2997
2997 2998
2994 2999
3007 3000
3000 3001
2995 3002
3024 3003
3003 3004
3004 3005
3005 3006
2994 3007
3002 3008
2932 3009
2933 3010
3049 3011
3020 3012
3014 3013
3011 3014
3016 3015
3017 3016
3021 3017
3013 3018
3018 3019
3019 3020
3012 3021
3036 3022
3022 3023
3025 3024
3048 3025
3027 3026
3023 3027
3027 3028
3030 3029
3031 3030
3033 3031
3047 3032
3035 3033
3033 3034
3028 3035
3012 3036
3038 3037
3039 3038
3046 3039
3043 3040
3042 3041
3043 3042
3032 3043
3041 3044
3044 3045
3040 3046
3034 3047
3026 3048
3010 3049
2891 3050
2869 3051
2611 3052
3054 3053
3063 3054
3068 3055
3091 3056
3058 3057
3059 3058
3060 3059
3061 3060
3062 3061
3056 3062
3055 3063
3082 3064
3064 3065
3082 3066
3072 3067
3066 3068
3071 3069
3071 3070
3083 3071
3074 3072
3067 3073
3075 3074
3064 3075
3080 3076
3081 3077
3077 3078
3078 3079
3079 3080
3073 3081
3070 3082
3090 3083
3087 3084
3086 3085
3197 3086
3088 3087
3086 3088
3087 3089
3084 3090
3063 3091
3093 3092
3114 3093
3093 3094
3094 3095
3095 3096
3096 3097
3097 3098
3098 3099
3101 3100
3102 3101
3103 3102
3106 3103
3108 3104
3107 3105
3105 3106
3104 3107
3109 3108
3110 3109
3113 3110
3112 3111
3129 3112
3111 3113
3103 3114
3138 3115
3115 3116
3116 3117
3117 3118
3118 3119
3119 3120
3120 3121
3121 3122
3124 3123
3126 3124
3126 3125
3127 3126
3132 3127
3131 3128
3153 3129
3196 3130
3130 3131
3128 3132
3132 3133
3133 3134
3137 3135
3134 3136
3136 3137
3125 3138
3129 3139
3145 3140
3140 3141
3150 3142
3149 3143
3141 3144
3151 3145
3152 3146
3148 3147
3143 3148
3150 3149
3146 3150
3157 3151
3145 3152
3156 3153
3162 3154
3165 3155
3154 3156
3159 3157
3195 3158
3195 3159
3161 3160
3164 3161
3169 3162
3155 3163
3163 3164
3166 3165
3167 3166
3177 3167
3166 3168
3155 3169
3163 3170
3172 3171
3173 3172
3175 3173
3176 3174
3174 3175
3338 3176
3175 3177
3179 3178
3180 3179
3188 3180
3180 3181
3168 3182
3194 3183
3183 3184
3184 3185
3185 3186
3186 3187
3184 3188
3190 3189
3191 3190
3192 3191
3193 3192
3187 3193
3182 3194
3160 3195
3139 3196
3142 3197
3199 3198
3203 3199
3201 3200
3202 3201
3203 3202
3206 3203
3198 3204
3215 3205
3205 3206
3208 3207
3209 3208
3210 3209
3212 3210
3213 3211
3211 3212
3214 3213
3220 3214
3220 3215
3217 3216
3218 3217
3240 3218
3216 3219
3219 3220
3222 3221
3223 3222
3224 3223
3225 3224
3233 3225
3228 3226
3222 3227
3227 3228
3230 3229
3287 3230
3230 3231
3231 3232
3236 3233
3231 3234
3238 3235
3237 3236
3239 3237
3234 3238
3235 3239
3229 3240
3243 3241
3245 3242
3244 3243
3242 3244
3246 3245
3247 3246
3256 3247
3255 3248
3248 3249
3249 3250
3243 3251
3250 3252
3252 3253
3253 3254
3251 3255
3257 3256
3270 3257
3286 3258
3261 3259
3261 3260
3262 3261
3263 3262
3277 3263
3259 3264
3264 3265
3265 3266
3269 3267
3267 3268
3265 3269
3258 3270
3274 3271
3271 3272
3272 3273
3284 3274
3318 3275
3285 3276
3285 3277
3273 3278
3276 3279
3279 3280
3280 3281
3283 3282
3281 3283
3275 3284
3278 3285
3260 3286
3258 3287
3289 3288
3291 3289
3294 3290
3290 3291
3290 3292
3310 3293
3306 3294
3297 3295
3304 3296
3305 3297
3299 3298
3507 3299
3301 3300
3303 3301
3301 3302
3296 3303
3297 3304
3298 3305
3295 3306
3308 3307
3309 3308
3317 3309
3292 3310
3336 3311
3335 3312
3312 3313
3313 3314
3314 3315
3315 3316
3293 3317
3337 3318
3322 3319
3321 3320
3334 3321
3321 3322
3311 3323
3329 3324
3329 3325
3328 3326
3324 3327
3323 3328
3328 3329
3333 3330
3330 3331
3331 3332
3326 3333
3325 3334
3336 3335
3317 3336
3319 3337
3291 3338
3342 3339
3341 3340
3344 3341
3341 3342
3342 3343
3345 3344
3361 3345
3347 3346
3349 3347
3349 3348
3350 3349
3351 3350
3352 3351
3390 3352
3354 3353
3355 3354
3356 3355
3360 3356
3358 3357
3348 3358
3360 3359
3357 3360
3351 3361
3373 3362
3373 3363
3367 3364
3366 3365
3367 3366
3368 3367
3369 3368
3371 3369
3372 3370
3370 3371
3363 3372
3388 3373
3382 3374
3382 3375
3374 3376
3378 3377
3388 3378
3375 3379
3433 3380
2711 3381
3433 3382
3380 3383
3383 3384
2711 3385
3385 3386
3997 3387
3376 3388
3395 3389
3434 3390
3389 3391
3396 3392
3434 3393
3393 3394
3397 3395
3395 3396
3400 3397
3399 3398
3396 3399
3410 3400
3405 3401
3403 3402
3406 3403
3403 3404
3404 3405
3407 3406
3409 3407
3409 3408
3421 3409
3404 3410
3416 3411
3379 3412
3414 3413
3411 3414
3411 3415
3412 3416
3413 3417
3432 3418
3420 3419
3418 3420
3432 3421
3415 3422
3422 3423
3423 3424
3424 3425
3425 3426
3426 3427
3430 3428
3428 3429
3431 3430
3427 3431
3417 3432
3381 3433
3391 3434
3452 3435
3435 3436
3436 3437
3440 3438
3438 3439
3437 3440
3438 3441
3445 3442
3442 3443
3443 3444
3441 3445
3450 3446
3446 3447
3447 3448
3448 3449
3444 3450
3474 3451
3453 3452
3495 3453
3453 3454
3456 3455
3454 3456
3458 3457
3455 3458
3496 3459
3461 3460
3462 3461
3463 3462
3464 3463
3459 3464
3469 3465
3470 3466
3473 3467
3467 3468
3466 3469
3468 3470
3470 3471
3471 3472
3460 3473
3465 3474
3476 3475
3477 3476
3478 3477
3479 3478
3481 3479
3493 3480
3480 3481
3472 3482
3494 3483
3483 3484
3484 3485
3485 3486
3486 3487
3487 3488
3490 3489
3491 3490
3485 3491
3489 3492
3492 3493
3482 3494
3451 3495
3427 3496
3498 3497
3499 3498
3528 3499
3497 3500
3500 3501
3501 3502
3506 3503
3503 3504
3504 3505
3502 3506
3509 3507
3509 3508
3746 3509
3511 3510
3527 3511
3522 3512
3512 3513
3516 3514
3516 3515
3517 3516
3518 3517
3521 3518
3520 3519
3525 3520
3519 3521
3514 3522
3521 3523
3526 3524
3526 3525
3554 3526
3515 3527
3508 3528
3536 3529
3531 3530
3539 3531
3529 3532
3532 3533
3533 3534
3534 3535
3530 3536
3540 3537
3537 3538
3538 3539
3541 3540
3551 3541
3545 3542
3745 3543
3543 3544
3544 3545
3551 3546
3549 3547
3547 3548
3546 3549
3567 3550
3542 3551
3538 3552
3594 3553
3594 3554
3553 3555
3557 3556
3568 3557
3675 3558
3558 3559
3563 3560
3560 3561
3564 3562
3562 3563
3567 3564
3562 3565
3565 3566
3548 3567
3558 3568
3550 3569
3571 3570
3572 3571
3591 3572
3593 3573
3570 3574
3574 3575
3573 3576
3573 3577
3577 3578
3576 3579
3581 3580
3579 3581
3583 3582
3584 3583
3585 3584
3590 3585
3585 3586
3588 3587
3589 3588
3586 3589
3592 3590
3578 3591
3576 3592
3569 3593
3556 3594
3599 3595
3597 3596
3598 3597
3610 3598
3608 3599
3595 3600
3607 3601
3603 3602
3600 3603
3603 3604
3606 3605
3601 3606
3602 3607
3596 3608
3611 3609
3612 3610
3612 3611
3646 3612
3614 3613
3616 3614
3616 3615
3627 3616
3609 3617
3559 3618
3620 3619
3621 3620
3618 3621
3621 3622
3619 3623
3626 3624
3636 3625
3623 3626
3619 3627
3641 3628
3630 3629
3631 3630
3634 3631
3633 3632
3635 3633
3633 3634
3645 3635
3624 3636
3638 3637
3639 3638
3628 3639
3644 3640
3640 3641
3628 3642
3642 3643
3629 3644
3625 3645
3613 3646
3648 3647
3649 3648
3651 3649
3655 3650
3657 3651
3673 3652
3660 3653
3660 3654
3653 3655
3658 3656
3656 3657
3650 3658
3658 3659
3674 3660
3654 3661
3667 3662
3667 3663
3665 3664
3663 3665
3665 3666
3661 3667
3672 3668
3668 3669
3671 3670
3664 3671
3670 3672
3651 3673
3645 3674
3561 3675
3679 3676
3683 3677
3679 3678
3680 3679
3677 3680
3682 3681
3688 3682
3688 3683
3681 3684
3684 3685
3687 3686
3685 3687
3718 3688
3744 3689
3691 3690
3692 3691
3689 3692
3690 3693
3693 3694
3694 3695
3703 3696
3698 3697
3699 3698
3700 3699
3696 3700
3700 3701
3701 3702
3694 3703
3705 3704
3706 3705
3707 3706
3717 3707
3704 3708
3708 3709
3711 3710
3712 3711
3705 3712
3716 3713
3713 3714
3714 3715
3711 3716
3693 3717
3697 3718
3722 3719
3721 3720
3725 3721
3726 3722
3726 3723
3723 3724
3722 3725
3727 3726
3730 3727
3730 3728
3743 3729
3729 3730
3734 3731
3735 3732
3742 3733
3741 3734
3731 3735
3731 3736
3736 3737
3737 3738
3738 3739
3732 3740
3733 3741
3728 3742
3709 3743
3588 3744
3419 3745
3510 3746
3748 3747
3750 3748
3752 3749
3749 3750
3758 3751
3751 3752
3754 3753
3797 3754
3753 3755
3755 3756
3756 3757
3763 3758
3762 3759
3759 3760
3760 3761
3758 3762
3766 3763
3781 3764
3764 3765
3772 3766
3750 3767
3769 3768
3770 3769
3771 3770
3780 3771
3765 3772
3789 3773
3781 3774
3776 3775
3778 3776
3774 3777
3777 3778
3778 3779
3775 3780
3773 3781
3783 3782
3785 3783
3995 3784
3784 3785
3785 3786
3786 3787
3787 3788
3796 3789
3793 3790
3788 3791
3793 3792
3791 3793
3792 3794
3792 3795
3790 3796
3749 3797
3799 3798
3801 3799
3823 3800
3800 3801
3801 3802
3802 3803
3818 3804
3804 3805
3805 3806
3808 3807
3809 3808
3806 3809
3817 3810
3812 3811
3813 3812
3810 3813
3813 3814
3816 3815
3814 3816
3808 3817
3803 3818
3857 3819
3821 3820
3822 3821
3819 3822
3820 3823
3856 3824
3821 3825
3825 3826
3828 3827
3829 3828
3840 3829
3829 3830
3830 3831
3831 3832
3836 3833
3832 3834
3839 3835
3837 3836
3838 3837
3835 3838
3834 3839
3856 3840
3843 3841
3846 3842
3845 3843
3847 3844
3844 3845
3845 3846
3848 3847
3849 3848
3855 3849
3842 3850
3854 3851
3853 3852
3851 3853
3849 3854
3827 3855
3826 3856
3779 3857
3995 3858
3858 3859
3862 3860
3858 3861
3865 3862
3865 3863
3863 3864
3859 3865
3867 3866
3868 3867
3920 3868
3881 3869
3869 3870
3870 3871
3864 3872
3887 3873
3887 3874
3876 3875
3882 3876
3880 3877
3879 3878
3874 3879
3875 3880
3873 3881
3886 3882
3886 3883
3883 3884
3884 3885
3878 3886
3872 3887
3889 3888
3890 3889
3898 3890
3899 3891
3898 3892
3892 3893
3895 3894
3897 3895
3900 3896
3896 3897
3891 3898
3897 3899
3963 3900
3949 3901
3903 3902
3905 3903
3902 3904
3899 3905
3918 3906
3906 3907
3907 3908
3906 3909
3909 3910
3910 3911
3911 3912
3914 3913
3915 3914
3916 3915
3917 3916
3919 3917
3917 3918
3902 3919
3888 3920
3923 3921
3921 3922
3924 3923
3926 3924
3931 3925
3925 3926
3926 3927
3996 3928
3928 3929
3929 3930
3934 3931
3946 3932
3942 3933
3932 3934
3938 3935
3951 3936
3930 3937
3934 3938
3940 3939
3941 3940
3933 3941
3937 3942
3944 3943
3945 3944
3933 3945
3937 3946
3949 3947
3954 3948
3950 3949
3953 3950
3952 3951
3935 3952
3948 3953
3964 3954
3936 3955
3964 3956
3956 3957
3957 3958
3958 3959
3962 3960
3960 3961
3959 3962
3901 3963
3952 3964
3994 3965
3965 3966
3966 3967
3969 3968
3970 3969
3977 3970
3968 3971
3973 3972
3974 3973
3967 3974
3974 3975
3977 3976
3975 3977
3971 3978
3981 3979
3979 3980
3978 3981
3983 3982
3985 3983
3985 3984
3986 3985
3976 3986
3986 3987
3987 3988
3988 3989
3992 3990
3990 3991
3989 3992
3950 3993
3993 3994
3866 3995
3740 3996
