steiner points
379 536
432 814
432 1181
432 1355
432 1593
432 1719
1011 303
1391 303
992 499
1142 723
992 723
992 303
1602 454
1468 303
1926 949
1724 949
1675 949
1675 1027
1631 1110
1142 904
1142 1155
1270 1378
1321 1378
1631 1378
952 1593
1321 1661
1321 1593
918 1593
52 2559
238 2559
614 2559
645 2559
1004 2559
952 2559
872 2559
776 2559
352 2559
1474 2173
1551 2420
1551 2542
1551 2930
1094 2542
952 2026
232 3456
357 3684
232 3684
798 3590
758 3590
643 3590
576 3684
576 3862
372 3684
1468 3358
1294 3581
1468 3581
1294 3590
910 3590
665 4550
196 4677
459 4677
494 4677
631 4677
665 4677
1294 3964
1452 4396
1452 4555
1452 4605
1573 4605
1281 4712
982 4712
1452 4279
1551 3163
2079 622
2273 622
2000 676
2000 759
1767 949
2188 1042
2599 172
2599 311
3499 567
2491 592
2614 752
2614 902
2683 922
2614 567
3600 542
3502 560
3188 567
3433 567
2614 592
3469 972
3375 1014
3228 1029
3499 830
3499 732
2446 1773
2446 1904
2446 2142
2073 2249
2339 2249
2446 2249
2747 2628
2747 2693
2730 2693
2556 2693
2523 2693
2395 2693
2136 2693
2523 2390
3226 1269
3183 1669
3059 1669
3230 1715
3451 1719
3501 1719
3501 1887
3369 1719
3403 2216
3288 2216
3208 2216
3501 2028
3230 2615
3486 2516
3288 2489
2896 2635
2928 2635
3096 2635
3288 2516
2850 2628
3226 1669
4819 258
4859 258
4364 258
4364 716
4729 258
4442 258
5096 543
4364 393
4027 996
4364 928
4106 1362
3903 1362
4284 1362
4590 1362
4284 1404
4284 1431
4284 1678
4106 1056
5324 1124
5134 1124
5026 1124
5419 1173
4831 1272
5419 1651
5491 1746
3903 1501
4106 996
4284 1884
4017 1884
4017 2037
4017 2131
4017 2302
4039 2314
4039 2516
4039 2632
4151 2632
4195 2661
4335 2661
4532 2661
4195 2791
4039 2452
5298 2183
5121 2183
5121 2551
4971 2661
4812 2661
4409 1884
3776 2516
2989 3302
3188 3363
2827 3408
3188 3302
2827 3302
3212 3481
3311 3538
2777 3475
2360 3906
2217 3931
2217 4140
2097 4144
2413 3836
2777 3651
2744 4481
3167 4444
3389 4230
2857 4444
2777 3836
2595 4827
2696 4756
2696 4668
2595 4955
2696 4827
2777 4444
4178 3090
4447 3586
4178 3586
4178 3250
3893 3812
3819 4196
4267 4258
3936 4258
3819 4258
3539 4001
5226 3611
4907 3611
4950 3611
4818 3611
4616 3586
4907 3821
4907 3931
4907 4023
4864 4205
5131 4023
4721 3611
4040 4834
5061 4680
4864 4516
4550 4935
4729 4935
4790 4935
4498 4937
4298 4937
5312 4680
5376 4680
4838 4882
4864 4680
3819 4001
4339 3586
2000 949
132 5490
132 5634
288 5634
332 5634
489 5634
609 5634
132 5848
213 6240
386 6240
132 6022
386 6556
583 6765
583 7016
542 7036
542 7132
542 7248
684 7248
492 7590
405 7036
1060 6598
1226 5372
1226 5810
1821 6330
1638 6330
1449 6310
1082 6310
1226 5955
1226 6310
1082 6598
2595 5044
2723 5611
2651 5611
2723 5736
2723 5915
2047 6052
2313 6052
2461 6052
2595 5168
1579 6330
2313 6466
2313 6364
2434 6466
2612 6466
2261 6517
2612 6604
2526 6651
2612 6651
2002 6517
1520 6330
2313 6157
1821 6517
1815 7129
1972 7129
1707 7236
2261 6870
1707 7129
2294 7135
2323 7453
2268 7528
2620 7528
2085 7593
2323 7355
2261 6989
2903 7203
2819 7428
2323 7528
2819 7528
2261 7129
583 6598
3431 5300
3719 5300
3787 5300
3971 5300
3971 5332
3984 5483
3984 5676
3505 6032
3585 6050
3731 6050
3771 6050
3984 5784
3984 6050
5053 5455
4481 5483
4742 5483
4861 5541
4961 5541
5053 5541
5403 5453
5513 5453
4961 5782
4777 5961
4848 5961
4848 5964
4848 6326
5035 6326
5275 6326
5316 6483
4961 5750
4237 5483
3521 7144
3465 7144
3259 7144
3753 7264
4367 7170
3572 7264
4212 6934
4212 7094
4212 7170
4757 7081
4629 7176
4729 7176
4729 7282
4729 7441
4606 7170
5316 6640
5558 6934
5452 6934
5316 6934
5452 7230
5275 7301
4927 7441
5250 7441
3809 7264
5452 7101
3153 7198
492 7659
492 7842
623 8257
681 8344
681 8718
1207 8746
586 8726
455 8726
136 8726
492 8225
116 9201
285 9201
318 9201
455 9201
285 9618
285 9771
378 9824
455 9008
1326 8246
1480 8493
1465 8493
1772 8832
878 8746
1207 8938
1207 9039
1207 9247
1274 9381
1379 9714
1801 8931
2168 9172
1465 8570
681 8726
1465 8746
3229 8041
3089 8121
2491 8401
2935 8401
2996 8401
1954 9016
2380 9172
2168 9185
2168 9417
3193 9083
2891 9466
3104 9083
2996 9083
2891 9172
2917 9466
2891 9262
2891 9827
2891 9736
3447 9083
3447 9234
4079 9257
3447 9469
2598 9172
2996 8519
4379 7986
4606 7986
4606 8043
4606 8070
4062 8440
4184 8440
4606 8198
4602 8414
4602 8704
4209 8414
4059 8730
4059 8727
4059 8879
4079 9150
3697 9257
3903 9257
3447 9257
4298 9350
4079 9064
5355 8070
5355 8100
5355 8198
5355 8713
5355 9032
5355 9081
5355 9256
4885 8198
4217 9350
1954 9172
492 7939
2595 5382
6323 105
5940 204
6208 278
6092 278
6083 278
5940 278
6347 605
6486 605
6092 605
6206 605
5811 605
6486 488
5945 605
5945 886
6092 439
5978 1405
5945 1405
5707 1405
5701 1514
5656 1514
6021 1526
5945 1067
6021 1627
6466 2129
6131 2258
6021 2258
6021 2058
6466 2258
5945 2516
5909 2516
5909 2647
6248 2730
5909 2730
6263 2780
6263 2944
5945 2381
5945 2307
7200 253
7595 201
7474 335
7253 335
7253 420
7084 420
7566 492
8002 53
8002 85
7976 197
8002 197
8061 197
8255 197
7566 335
6855 849
6939 1051
6993 1068
7566 945
7816 1066
7566 762
7414 945
6991 1068
7822 1167
6991 1214
7412 1068
8655 311
8772 382
8655 382
8616 411
8849 463
8849 621
8616 1132
8616 913
9165 1132
9780 77
9568 463
9583 463
9780 463
9982 604
9541 463
8404 411
7020 1881
7020 2517
7126 2663
7020 2663
7402 2781
7173 2781
7402 2951
7957 2787
7020 2184
8083 2333
7870 2359
7957 2359
7957 2753
7482 2951
7788 2951
7957 2951
8589 1433
8589 1585
8589 1635
8589 1725
8509 1963
8285 2206
8509 2206
8742 2233
9101 2310
8570 2508
8364 2541
8364 2826
8400 2939
8589 1949
8570 2233
9594 1443
9431 1712
9947 2136
9417 2104
9622 2274
9417 2274
9417 2636
8897 2310
9417 2310
9737 2636
8616 1336
6818 446
5911 4119
5855 4412
5783 4497
5783 4634
5783 4762
5975 4762
6353 4762
6860 3616
6574 3616
6484 3616
7050 3697
6353 4494
6353 4550
6388 4762
6388 5037
6388 5094
7050 3965
6937 4788
6669 4788
6829 4352
6937 4881
6937 4953
7150 4978
6829 4788
6669 5094
6596 5094
7050 4192
6388 5151
7949 3411
7949 3581
7949 3589
7914 3688
7784 4180
7914 4101
7768 4317
7744 4376
7608 4741
8200 4814
7744 4795
7608 4795
7608 5003
7569 5143
7569 5143
7569 5070
7608 4594
7914 4180
8467 3462
8467 3518
8467 4064
8474 4237
8569 4237
9398 4237
9409 4237
9498 4237
8822 4237
8474 4533
7774 4795
8645 4875
8940 4963
9080 4963
8851 4963
8697 4963
9244 4963
9252 5184
9244 5007
8188 4814
8474 4814
7442 5143
7957 3318
6208 5718
6290 5718
6669 5321
6134 5734
6604 5975
6134 6124
5722 6934
5921 7074
5885 7074
5824 7075
5722 7075
5715 7083
6496 7002
5951 7074
6741 6736
6735 7002
6136 7002
7384 6424
7294 5479
7444 5494
7516 5632
7444 5632
7516 5785
8123 5658
8083 5658
7844 5785
7384 6195
6989 6424
7058 6424
7844 6098
7744 6164
7833 6174
7844 6174
7833 6444
8040 6444
7833 6397
7825 6699
7825 6475
7636 6164
7825 6815
7315 7021
7483 7236
7509 7236
7825 6927
7825 7225
7623 7225
7844 5899
8360 5658
8491 5728
8692 5796
9056 5412
9056 5597
8997 5796
8512 5796
9163 5939
9270 5939
9633 6196
9398 6196
9360 6196
9163 6151
8997 5939
8725 6771
9269 6771
8706 6771
8725 6973
9398 6398
9646 6414
9286 6771
9646 6504
9496 6934
9641 6752
9641 6800
9346 6934
9641 6934
8517 6771
9398 6282
8291 5658
6741 6424
5887 7607
6036 7681
6104 7681
6295 7681
6913 7543
6893 7681
6760 7681
7351 7897
6228 7681
6893 7897
6036 8294
5981 8589
5981 8712
5981 8896
5843 8959
7214 8360
7583 8478
7214 8478
6846 8507
6622 8548
6207 8548
6666 8855
6666 8959
6547 8998
6666 8548
6547 9505
5820 9688
6008 9688
6547 9656
6370 9688
6036 8548
7931 7286
8166 7638
8484 7822
8999 7594
8519 7741
8484 7930
8463 8053
8254 8053
8166 8053
8307 8494
8463 8112
8463 8494
9350 7459
8726 7594
9158 7594
9350 7594
9386 7765
9386 8161
9311 8332
9386 8332
9386 8455
9386 8627
8519 7594
8092 8884
8273 8961
8092 8961
7960 9126
8314 9153
7888 9275
8319 9533
8952 8678
8577 9536
8886 9536
8952 9224
9175 9741
9339 9865
9745 9865
9429 9865
9900 9865
9246 9865
8952 9536
7769 8494
7931 7526
6604 5718
5575 6934
edges
1254 661
1325 596
1298 270
1298 566
1255 228
1325 234
933 551
1299 133
1254 392
1303 558
813 163
878 638
878 712
806 617
1300 152
1292 556
872 463
1255 37
1291 20
932 136
1258 413
1291 474
936 472
935 475
931 557
1256 388
811 160
1259 3
1316 686
807 714
879 526
1316 359
1293 448
1327 438
1302 694
1317 138
938 145
1331 23
1296 107
1268 193
1374 32
812 755
1326 481
800 758
1330 493
1264 42
1265 187
1295 199
889 283
1297 379
808 408
886 122
800 132
886 632
937 614
887 442
888 709
881 797
1260 732
1329 269
1264 519
1321 115
873 697
1321 512
937 165
812 51
809 591
874 305
934 98
810 462
895 229
1263 747
882 27
875 297
1310 682
1305 564
801 240
894 384
1305 75
1267 267
883 783
819 258
1323 100
884 296
940 49
816 13
1311 213
876 316
815 57
891 142
814 657
939 385
892 383
1261 630
817 95
893 277
939 179
951 542
877 394
950 314
1306 260
948 440
1309 645
1275 434
1307 513
1329 565
818 436
877 486
949 465
1324 146
820 760
1324 402
1313 210
952 478
1315 531
802 510
884 338
1314 47
1313 29
1314 637
910 88
953 746
942 499
1373 8
1271 791
803 68
944 233
821 498
945 600
1269 756
946 589
1348 77
1363 341
1363 609
915 247
956 560
823 720
1273 320
1274 262
1272 727
1273 743
912 97
1349 108
827 110
956 639
1276 793
1350 125
954 60
825 243
911 216
1332 647
947 214
1364 725
913 642
805 599
914 655
825 777
1351 562
917 799
955 541
955 176
896 563
896 668
805 358
977 569
912 663
1332 773
959 744
916 61
897 608
977 748
1277 244
1361 255
1352 695
899 484
842 445
921 335
960 84
1365 0
1280 641
837 56
1366 536
920 53
973 672
1277 285
961 117
1365 209
898 222
1342 101
837 272
972 345
1340 311
1353 616
920 734
918 514
1355 381
900 185
1281 150
899 518
1367 175
962 6
1290 644
972 757
1356 404
963 567
1278 323
1341 261
1342 156
1370 497
1289 52
909 278
838 693
971 31
968 204
828 574
1283 703
924 587
1357 121
1336 685
835 135
978 457
1282 177
1333 54
908 106
1358 535
841 666
830 452
974 273
829 329
966 221
832 245
922 287
902 752
929 16
965 352
926 183
1372 678
1334 427
1369 581
1284 613
969 707
1335 226
905 753
903 1
828 679
834 726
925 2
1285 248
1344 691
923 620
976 520
1287 480
1337 344
975 103
1339 280
970 232
831 330
904 362
1286 505
1359 453
836 624
927 89
907 550
840 93
1346 749
1360 279
1288 503
1338 492
908 321
1372 225
1004 673
1360 238
871 654
1345 549
982 412
1288 376
1007 336
983 403
979 364
843 284
1443 733
852 390
980 80
847 731
1016 446
981 253
1403 571
1018 292
1421 482
843 275
1384 405
1421 250
986 603
984 466
1422 119
853 22
985 576
848 299
854 120
1404 410
1005 577
1405 178
856 64
1014 508
1017 495
1382 728
1383 63
985 643
1024 761
992 509
1014 224
1427 648
851 706
1406 236
1038 351
1385 378
846 162
844 669
1384 610
1375 48
1008 59
1019 78
991 242
850 332
850 339
987 11
845 395
988 139
1020 785
863 471
1391 540
1013 459
1023 237
1423 116
1408 606
1010 595
1375 687
989 99
990 26
1023 313
1425 282
1407 586
1401 17
1009 347
1022 621
995 306
1420 409
1428 792
1426 79
1012 775
1010 671
870 208
1011 422
1428 353
1409 254
990 511
1394 525
1410 583
858 368
864 500
1376 523
857 789
996 441
1429 21
1386 724
993 207
1386 289
1377 607
994 407
1027 522
1430 737
1025 660
857 10
1387 437
865 619
1419 623
867 104
860 554
867 167
1378 251
1000 787
861 140
1034 66
1033 15
1026 794
868 764
1437 705
858 169
1411 552
1433 327
1431 751
999 43
1388 662
1380 350
1393 137
859 559
1392 317
1413 779
1440 476
998 259
869 293
1028 585
1025 268
1379 377
1002 211
1034 328
1432 141
1395 688
1035 524
1030 631
1031 191
1029 602
1032 4
1396 796
1001 415
1434 469
1397 778
1436 776
1415 203
1439 264
1389 517
1069 295
1418 754
1412 36
1400 443
1109 113
1435 46
1416 640
1402 545
1123 528
1077 168
1040 667
1442 354
1417 521
1438 127
1112 40
1402 664
1438 360
1124 371
1045 634
1111 431
1110 325
1129 30
1446 159
1113 34
1060 294
1060 702
1253 304
1468 580
1494 548
1494 391
1128 109
1462 252
1122 231
1462 771
1139 18
1129 745
1040 96
1463 375
1109 762
1491 527
1127 92
1125 467
1070 200
1495 366
1071 144
1042 477
1464 612
1044 488
1465 326
1045 181
1467 319
1115 491
1520 148
1444 186
1043 24
1445 266
1492 157
1447 738
1072 276
1138 618
1130 372
1120 605
1466 318
1493 324
1061 597
1046 72
1116 729
1499 94
1490 718
1073 74
1131 449
1074 370
1499 357
1066 633
1131 411
1133 601
1448 114
1504 420
1118 765
1049 81
1116 553
1119 464
1074 124
1076 300
1473 340
1449 721
1503 515
1482 33
1089 393
1474 582
1497 544
1449 257
1476 456
1136 85
1500 516
1121 424
1078 396
1470 12
1502 91
1500 719
1048 454
1047 426
1082 356
1065 143
1519 197
1471 546
1117 439
1064 149
1062 380
1135 532
1063 118
1080 235
1479 198
1509 625
1510 123
1472 164
1134 205
1478 713
1081 723
1481 290
1088 489
1137 421
1461 348
1512 112
1087 192
1050 468
1059 615
1084 361
1507 784
1478 417
1155 82
1068 710
1085 590
1090 739
1086 182
1518 309
1480 180
1506 598
1085 19
1450 635
1458 588
1514 83
1051 715
1511 460
1156 67
1515 189
1483 788
1149 227
1460 346
1518 39
1140 772
1094 87
1146 44
1487 155
1146 288
1597 692
1516 479
1513 717
1142 399
1508 190
1517 212
1484 172
1102 628
1456 701
1052 5
1158 86
1484 173
1452 506
1091 202
1058 263
1459 646
1457 650
1453 780
1149 365
1455 665
1058 575
1147 651
1164 507
1095 337
1092 594
1054 741
1096 373
1141 126
1451 736
1154 750
1150 768
1508 656
1165 76
1103 333
1489 194
1159 790
1093 568
1486 153
1056 161
1145 485
1485 50
1152 653
1455 398
1163 766
1553 444
1160 742
1101 425
1056 223
1143 406
1525 239
1144 722
1104 151
1565 593
1153 331
1093 716
1097 658
1161 455
1565 71
1162 382
1526 196
1595 400
1098 584
1522 432
1526 201
1099 626
1575 134
1057 55
1100 636
1566 188
1567 675
1522 735
1100 374
1106 676
1530 265
1554 490
1166 111
1524 271
1557 683
1528 730
1569 14
1555 502
1167 677
1529 128
1556 129
1529 342
1242 206
1531 487
1558 629
1252 62
1223 430
1224 416
1223 171
1199 25
1184 740
1199 102
1225 795
1560 435
1561 302
1226 386
1242 363
1243 58
1201 494
1563 315
1200 301
1570 450
1249 241
1175 604
1227 451
1184 769
1168 699
1571 220
1532 414
1537 256
1571 246
1169 65
1537 184
1202 530
1174 708
1232 774
1228 154
1573 696
1201 684
1538 174
1185 218
1594 69
1562 249
1185 195
1540 537
1222 504
1541 349
1564 387
1542 423
1196 343
1533 35
1574 286
1583 310
1231 543
1534 312
1245 652
1170 73
1231 501
1172 397
1234 533
1233 9
1174 659
1188 41
1187 419
1543 770
1576 674
1235 401
1576 579
1535 170
1205 538
1194 690
1189 429
1536 555
1544 90
1577 428
1545 570
1183 611
1204 680
1246 217
1190 473
1217 274
1210 767
1241 322
1247 496
1208 483
1579 131
1236 158
1176 561
1580 291
1178 572
1221 389
1536 334
1206 45
1176 215
1586 592
1179 307
1218 704
1191 781
1248 547
1237 28
1214 798
1591 681
1251 698
1581 534
1240 147
1240 303
1192 7
1207 711
1238 230
1250 433
1207 219
1213 786
1220 578
1213 627
1547 529
1582 298
1585 539
1581 70
1180 38
1550 105
1548 447
1549 622
1193 461
1216 281
1220 418
1587 355
1589 308
1181 470
1584 649
1551 670
1193 458
1182 700
1215 759
1588 689
1248 369
1592 367
1215 130
1548 573
1591 782
1182 166
1590 763
801 800
802 801
803 802
804 803
827 804
804 805
811 806
806 807
810 808
819 809
809 810
808 811
813 812
807 813
1039 814
876 815
815 816
816 817
817 818
820 819
821 820
822 821
823 822
818 823
826 824
826 825
822 826
824 827
829 828
836 829
831 830
835 831
833 832
842 833
833 834
834 835
830 836
838 837
839 838
841 839
839 840
832 841
824 842
845 843
851 844
844 845
856 846
846 847
847 848
848 849
849 850
849 851
871 852
854 853
852 854
853 855
855 856
862 857
859 858
860 859
861 860
862 861
869 862
855 863
870 864
864 865
865 866
866 867
866 868
868 869
863 870
840 871
873 872
881 873
872 874
874 875
814 876
1039 877
879 878
885 879
895 880
890 881
890 882
882 883
883 884
888 885
887 886
880 887
889 888
880 889
885 890
892 891
893 892
910 893
891 894
894 895
897 896
898 897
901 898
900 899
901 900
909 901
929 902
902 903
903 904
904 905
905 906
906 907
907 908
906 909
930 910
930 911
911 912
917 913
915 914
916 915
921 916
914 917
919 918
924 919
919 920
918 921
928 922
978 923
928 924
926 925
927 926
922 927
923 928
925 929
913 930
935 931
931 932
938 933
940 934
936 935
933 936
932 937
934 938
957 939
957 940
943 941
941 942
945 943
943 944
946 945
947 946
958 947
941 948
950 949
951 950
953 951
949 952
944 953
952 954
954 955
942 956
948 957
959 958
960 959
961 960
962 961
963 962
971 963
965 964
966 965
967 966
970 967
967 968
968 969
1004 970
964 971
973 972
974 973
975 974
976 975
969 976
958 977
964 978
983 979
982 980
986 981
979 982
981 983
980 984
984 985
992 986
991 987
987 988
988 989
989 990
997 991
997 992
1000 993
996 994
994 995
1003 996
1003 997
1001 998
1002 999
999 1000
1069 1001
998 1002
993 1003
1007 1004
1038 1005
1008 1006
1006 1007
1037 1008
1037 1009
1011 1010
1012 1011
1009 1012
995 1013
1016 1014
1017 1015
1015 1016
1024 1017
1005 1018
1015 1019
1019 1020
1020 1021
1021 1022
1021 1023
1018 1024
1032 1025
1036 1026
1022 1027
1029 1028
1030 1029
1035 1030
1028 1031
1031 1032
1026 1033
1033 1034
1036 1035
1027 1036
1013 1037
1006 1038
875 1039
1041 1040
1046 1041
1041 1042
1042 1043
1043 1044
1044 1045
1049 1046
1048 1047
1050 1048
1047 1049
1108 1050
1108 1051
1051 1052
1052 1053
1053 1054
1054 1055
1055 1056
1055 1057
1053 1058
1068 1059
1061 1060
1066 1061
1090 1062
1062 1063
1088 1064
1067 1065
1067 1066
1064 1067
1065 1068
1077 1069
1072 1070
1070 1071
1073 1072
1076 1073
1075 1074
1089 1075
1075 1076
1253 1077
1063 1078
1083 1079
1079 1080
1079 1081
1081 1082
1094 1083
1082 1084
1086 1085
1084 1086
1083 1087
1078 1088
1080 1089
1087 1090
1092 1091
1107 1092
1095 1093
1102 1094
1091 1095
1101 1096
1105 1097
1105 1098
1106 1099
1098 1100
1097 1101
1107 1102
1165 1103
1103 1104
1099 1105
1104 1106
1096 1107
1059 1108
1110 1109
1111 1110
1112 1111
1113 1112
1114 1113
1139 1114
1114 1115
1117 1116
1118 1117
1119 1118
1121 1119
1115 1120
1120 1121
1127 1122
1124 1123
1125 1124
1126 1125
1138 1126
1126 1127
1122 1128
1128 1129
1132 1130
1132 1131
1133 1132
1134 1133
1135 1134
1136 1135
1137 1136
1155 1137
1130 1138
1123 1139
1145 1140
1140 1141
1141 1142
1163 1143
1154 1144
1143 1145
1147 1146
1148 1147
1144 1148
1151 1149
1151 1150
1152 1151
1153 1152
1161 1153
1150 1154
1158 1155
1597 1156
1156 1157
1157 1158
1164 1159
1159 1160
1162 1161
1160 1162
1148 1163
1157 1164
1142 1165
1057 1166
1166 1167
1175 1168
1168 1169
1169 1170
1188 1171
1197 1172
1172 1173
1173 1174
1252 1175
1177 1176
1178 1177
1179 1178
1183 1179
1177 1180
1180 1181
1181 1182
1173 1183
1186 1184
1186 1185
1196 1186
1198 1187
1197 1188
1171 1189
1189 1190
1190 1191
1191 1192
1192 1193
1187 1194
1251 1195
1198 1196
1170 1197
1171 1198
1200 1199
1203 1200
1202 1201
1203 1202
1222 1203
1194 1204
1195 1205
1195 1206
1206 1207
1210 1208
1214 1209
1211 1210
1212 1211
1221 1212
1209 1213
1212 1214
1216 1215
1209 1216
1208 1217
1217 1218
1238 1219
1239 1220
1205 1221
1211 1222
1224 1223
1225 1224
1226 1225
1229 1226
1234 1227
1227 1228
1230 1229
1232 1230
1230 1231
1228 1232
1235 1233
1233 1234
1241 1235
1219 1236
1239 1237
1237 1238
1218 1239
1250 1240
1236 1241
1243 1242
1244 1243
1249 1244
1244 1245
1245 1246
1246 1247
1247 1248
1229 1249
1219 1250
1204 1251
1167 1252
1071 1253
1256 1254
1259 1255
1257 1256
1268 1257
1257 1258
1258 1259
1261 1260
1265 1261
1263 1262
1260 1263
1266 1264
1374 1265
1262 1266
1266 1267
1262 1268
1270 1269
1275 1270
1270 1271
1271 1272
1272 1273
1269 1274
1267 1275
1274 1276
1281 1277
1279 1278
1280 1279
1276 1280
1278 1281
1289 1282
1282 1283
1283 1284
1286 1285
1284 1286
1285 1287
1287 1288
1290 1289
1279 1290
1294 1291
1300 1292
1304 1293
1293 1294
1294 1295
1295 1296
1304 1297
1299 1298
1301 1299
1301 1300
1302 1301
1303 1302
1331 1303
1292 1304
1306 1305
1312 1306
1315 1307
1310 1308
1308 1309
1297 1310
1308 1311
1307 1312
1309 1313
1312 1314
1311 1315
1318 1316
1318 1317
1319 1318
1323 1319
1317 1320
1320 1321
1373 1322
1322 1323
1322 1324
1328 1325
1330 1326
1326 1327
1327 1328
1328 1329
1320 1330
1319 1331
1340 1332
1335 1333
1337 1334
1334 1335
1338 1336
1336 1337
1345 1338
1347 1339
1333 1340
1343 1341
1343 1342
1344 1343
1339 1344
1346 1345
1347 1346
1443 1347
1349 1348
1350 1349
1351 1350
1361 1351
1354 1352
1341 1353
1353 1354
1362 1355
1370 1356
1362 1357
1357 1358
1358 1359
1359 1360
1352 1361
1354 1362
1364 1363
1366 1364
1367 1365
1368 1366
1368 1367
1371 1368
1371 1369
1355 1370
1356 1371
1369 1372
1348 1373
1296 1374
1376 1375
1377 1376
1378 1377
1379 1378
1380 1379
1381 1380
1388 1381
1385 1382
1382 1383
1383 1384
1391 1385
1387 1386
1381 1387
1389 1388
1390 1389
1400 1390
1401 1391
1398 1392
1399 1393
1398 1394
1392 1395
1395 1396
1396 1397
1393 1398
1446 1399
1399 1400
1394 1401
1390 1402
1404 1403
1405 1404
1406 1405
1408 1406
1409 1407
1420 1408
1410 1409
1419 1410
1414 1411
1440 1412
1414 1413
1415 1414
1418 1415
1417 1416
1442 1417
1416 1418
1411 1419
1407 1420
1422 1421
1423 1422
1424 1423
1430 1424
1424 1425
1429 1426
1426 1427
1427 1428
1425 1429
1441 1430
1413 1431
1441 1432
1435 1433
1433 1434
1436 1435
1432 1436
1434 1437
1439 1438
1437 1439
1431 1440
1412 1441
1397 1442
1403 1443
1445 1444
1596 1445
1596 1446
1444 1447
1521 1448
1447 1449
1597 1450
1452 1451
1453 1452
1454 1453
1450 1454
1454 1455
1460 1456
1451 1457
1459 1458
1456 1459
1457 1460
1472 1461
1463 1462
1465 1463
1466 1464
1464 1465
1469 1466
1468 1467
1469 1468
1490 1469
1461 1470
1521 1471
1471 1472
1476 1473
1482 1474
1474 1475
1475 1476
1479 1477
1477 1478
1475 1479
1481 1480
1477 1481
1470 1482
1480 1483
1485 1484
1486 1485
1489 1486
1483 1487
1487 1488
1488 1489
1473 1490
1520 1491
1491 1492
1497 1493
1495 1494
1496 1495
1493 1496
1492 1497
1504 1498
1498 1499
1501 1500
1502 1501
1503 1502
1498 1503
1496 1504
1506 1505
1511 1506
1505 1507
1505 1508
1519 1509
1509 1510
1516 1511
1510 1512
1517 1513
1512 1514
1514 1515
1513 1516
1515 1517
1507 1518
1501 1519
1467 1520
1458 1521
1523 1522
1532 1523
1523 1524
1530 1525
1527 1526
1528 1527
1525 1528
1531 1529
1524 1530
1527 1531
1552 1532
1552 1533
1533 1534
1534 1535
1535 1536
1539 1537
1594 1538
1538 1539
1539 1540
1546 1541
1541 1542
1546 1543
1543 1544
1544 1545
1540 1546
1545 1547
1549 1548
1551 1549
1547 1550
1550 1551
1542 1552
1488 1553
1595 1554
1558 1555
1566 1556
1555 1557
1559 1558
1560 1559
1561 1560
1554 1561
1564 1562
1559 1563
1563 1564
1568 1565
1575 1566
1556 1567
1567 1568
1568 1569
1569 1570
1572 1571
1570 1572
1572 1573
1573 1574
1557 1575
1578 1576
1580 1577
1577 1578
1578 1579
1582 1580
1579 1581
1584 1582
1574 1583
1585 1584
1593 1585
1583 1586
1593 1587
1592 1588
1590 1589
1588 1590
1589 1591
1587 1592
1586 1593
1562 1594
1553 1595
1448 1596
