steiner points
381 182
1224 200
79 732
307 768
547 417
547 494
547 625
486 670
486 719
350 728
121 768
350 768
486 637
350 960
350 1000
484 1215
350 1215
547 200
825 200
1723 779
1518 1012
1355 1012
1355 849
1355 307
1723 1012
1355 200
484 1802
223 1935
223 1971
223 2265
510 2387
386 2354
734 2387
496 2588
314 3053
314 3234
1751 1853
844 2273
510 2354
1296 2445
1173 2494
1059 2494
844 2387
1173 2771
1173 3103
1751 1662
1751 1755
1751 2115
1497 2115
1878 2123
1878 2442
1906 2480
1906 2733
1965 2480
1302 2115
867 2494
484 1355
2248 337
2641 337
2641 604
2641 696
2576 1271
2641 1271
2792 1271
2792 1373
2576 1442
2485 1442
3388 1493
2920 1493
2641 862
3388 553
3558 553
3388 664
3353 738
3353 827
3432 1081
3477 1081
3477 1106
3353 1081
3477 1215
3558 1465
3460 1493
3135 1493
3388 1671
3330 1699
3477 1465
2920 1710
2803 2148
2746 2148
2524 2148
3154 2913
2524 2480
2920 2148
2841 2878
2487 3091
2381 3162
3044 2913
3757 2165
3757 2434
3174 2621
3470 2621
2524 2878
2074 2480
383 3739
343 3907
583 4147
824 4147
343 4147
190 4238
1050 4067
190 4147
106 4059
824 4147
1030 4147
1583 3699
1311 3789
1583 3789
1311 4002
1556 4228
1962 4282
1694 4412
1513 4156
2249 3398
2249 3961
2249 4191
1694 4282
1902 4282
2143 4282
1242 4002
330 4806
803 4978
704 4978
461 4978
461 5087
803 5089
461 5190
255 5616
461 5616
686 5616
208 5756
187 6024
208 6024
476 5616
461 5413
208 5638
1288 5249
1525 5297
1694 4572
1857 4818
1874 5044
1856 5044
1782 4909
2415 5080
1856 5080
1647 5297
1782 5080
1337 5297
1337 5563
1337 5689
1337 5829
1601 6020
1337 6020
1054 5249
1782 4818
2791 3751
2803 3865
2929 4087
3238 4368
3537 3567
4103 3752
4225 3752
3677 4043
3677 4306
3516 4368
2929 4368
2794 4801
2621 5080
3294 4897
3577 4897
3483 4897
3030 4897
3577 5455
3599 5476
2794 4897
2664 5856
3035 5856
3054 5939
3054 6118
3338 6118
3599 5645
3599 5904
3599 6075
2971 6118
3599 5759
2794 4622
1737 5208
801 6565
801 6463
241 6463
281 6463
258 7070
258 7161
421 7261
653 6885
715 6885
541 6961
258 7261
541 7297
650 7388
541 7261
1096 6902
1131 7120
1131 7203
801 6781
801 6885
178 8080
542 8129
822 7709
982 7879
822 7879
300 8129
1348 8431
1029 8431
822 8129
823 8431
777 7544
533 9001
862 9001
966 9001
977 9039
1070 9039
1230 8786
977 9109
1195 9770
729 9869
1112 9869
1195 9869
1230 9039
1230 9716
2151 6479
1925 6479
1656 6479
1656 6663
1799 6857
1715 6857
1656 6857
2006 7627
1948 7747
1672 7747
1667 7747
2006 7047
2849 6475
2562 6511
2776 6511
2776 6704
3429 6440
3179 6440
2776 6475
2971 6325
3144 6422
2776 6770
2982 6935
3139 7287
2737 7181
2818 7263
3601 7435
3464 7435
3346 7684
3739 7334
3739 7423
3739 7435
3739 7631
3464 7590
3139 7435
2982 7263
2329 6511
1667 8273
1348 8382
1569 8839
1626 8971
2046 9168
1691 9291
2326 9168
1682 9291
2544 8644
2326 8950
2544 8921
2837 8921
1886 9168
2488 9605
2326 9335
2519 9605
2326 9605
1820 9291
3039 8605
2925 8829
3039 8829
2839 8848
2566 8921
2407 8921
3431 9318
3656 8504
3656 8723
3656 8874
3656 8993
3590 9046
3590 9175
3490 9175
3356 9318
3483 9490
3483 9885
2837 9226
3431 9383
3053 9318
1348 8786
1543 8799
2971 6422
2249 3891
4189 849
4031 849
4201 849
4189 977
4189 1117
4244 1117
4324 1117
4604 921
4541 849
5430 455
5319 556
5319 898
5498 906
5811 958
5138 1001
5382 1302
5231 1233
5231 1295
5329 1295
6082 246
5702 906
5875 958
5319 906
6080 958
6361 906
6255 560
5811 1169
6255 906
5231 1001
4667 999
4371 1690
4824 1830
4520 1830
4371 1830
4353 1832
4347 2008
4347 2163
4472 2525
4794 2625
4468 2751
4468 2963
4579 2625
5012 2625
4472 2625
4347 2320
4468 3236
4700 3352
4729 3352
4269 3752
3765 3856
3955 3856
4687 3788
4729 3528
4729 3788
4386 3788
4928 3821
4949 3900
4949 3940
4820 3821
4468 3323
5833 1851
5657 1851
5895 1851
5613 2096
5830 2131
5697 2131
5613 2131
6209 1851
6351 1895
5895 1977
5697 2363
5352 2605
5553 2605
5697 2605
5352 2782
5352 2782
6035 2804
6240 2804
6240 3145
6417 3145
5865 2804
5697 2318
5339 3809
6240 3259
6164 3588
5969 3588
6240 3588
6217 3774
6217 3829
5783 3783
5280 3872
6240 3650
5149 2782
4371 1444
4069 4519
4069 4899
4069 5096
4191 5096
4193 5418
4254 5418
4254 5622
4187 5970
4187 6077
4187 6220
4346 6406
4254 5635
5156 4336
5272 4305
5272 4336
5156 4504
5244 4864
4814 4504
5327 4869
4991 5278
4774 5415
4991 5415
5574 4571
5574 4824
6041 5114
5519 4869
6002 5355
5519 5149
5519 5355
5759 5355
6381 4934
6123 5017
6123 5114
6137 5687
6004 5712
5837 5715
5759 5715
5725 5715
5709 5715
5837 5874
5759 5533
5403 4869
5100 6629
5667 6133
5667 6247
5667 6328
6305 6328
6335 6372
5667 6567
6335 6791
5387 6629
5837 5937
4254 5853
5156 4864
6937 514
7094 721
7580 192
7652 192
7697 400
7697 452
7719 780
7697 780
7491 811
7240 739
7697 836
7697 811
7437 811
6936 1224
7078 1480
6936 1480
6890 1719
6876 1719
7437 1263
7990 1422
7751 1422
7437 1480
7632 1480
7632 1934
7124 1480
7312 2232
7632 2232
7723 2291
7215 2563
7244 2563
7437 1009
8463 433
8744 523
9250 523
8674 970
8674 1270
9878 246
9784 246
9482 246
8744 453
9482 523
9482 1086
9482 1250
8360 1663
8159 1836
8159 1890
8159 2001
8557 1500
8505 1511
8394 1663
8505 1663
8023 1555
8159 2395
8159 2574
8159 2654
8946 2005
8800 2085
8946 2085
9323 2104
9323 1959
9728 1772
9603 1772
9323 1772
9545 2478
9339 2310
9339 2478
9100 2104
8653 2085
8577 1411
8159 1663
7203 3480
7577 3480
7651 3480
7156 3678
7156 4164
7156 4248
7651 3351
7958 3351
8164 3351
6952 3480
8626 3659
7756 3669
7756 4074
7203 3580
9178 3258
9142 3343
9142 3450
8829 3450
8974 3450
9051 3450
8721 3567
8441 3659
8974 3736
8794 3450
9536 4055
9824 3149
9824 3268
9824 3268
9819 3482
9819 3506
9674 3894
9218 4055
9674 4055
8164 3659
7156 4523
7156 4781
7156 4653
6975 5191
6975 5470
6975 4781
7558 5137
7650 5179
7591 5179
7591 5308
7540 4841
7778 5232
7988 5232
7946 5547
7988 5360
7254 5953
7771 6287
7771 5864
7152 5953
7425 5953
7803 6271
8004 6271
7771 5953
7771 6271
7771 6407
7771 6656
7908 6683
7854 5697
8427 4931
9107 4794
8919 4794
8790 4794
8723 4960
8593 4960
8723 5227
8223 4931
8706 5404
8852 5529
8706 5411
8605 5652
8593 5777
8706 5529
9641 4950
9605 4950
9605 5177
9605 5222
9605 5254
9667 5254
9876 5254
9605 5308
9605 5694
9605 5084
9190 4950
8640 6402
8478 6402
9792 6397
9521 6397
9379 6397
9065 6397
9037 6402
9037 6600
8467 6689
9521 6028
8139 5232
7409 4841
8164 2869
6678 4781
4956 7047
4944 7331
4432 7669
4782 7669
4925 7669
4432 7798
4432 7886
4432 8051
4536 8195
4822 8211
4549 8435
4549 8479
4711 8211
4549 8211
5094 8226
4834 8211
5036 8211
4432 8171
4378 9207
4378 9370
4378 9440
4406 9760
4822 9128
5134 9128
4822 9207
4822 9333
4837 9336
4932 9450
5052 9652
4647 9207
4822 8805
5836 7220
5836 7269
6492 7333
5836 7394
6001 7621
6001 7624
5995 7687
5919 7766
6335 6808
6492 7260
6423 7525
6643 7333
6759 7333
6232 7525
6001 7525
6739 8342
5556 8363
5903 8406
5752 8406
5752 8478
5752 8644
5802 8714
6487 8342
6545 8342
6080 8342
6487 8614
6487 9004
6709 9004
5919 7932
5919 8342
7255 7028
7255 7255
7255 7802
7255 7884
7255 8093
7262 8610
7349 8807
7349 9190
7255 8353
6921 8353
6092 9586
5583 9586
5583 9819
5583 9858
6160 9612
6170 9648
6211 9701
6522 9757
5583 9796
7336 9776
7349 9322
6992 9776
7349 9624
7349 9776
6812 9757
7336 9958
6377 9757
6920 9776
7548 9776
5355 8226
8559 7416
7870 7416
8082 7304
8559 6970
8559 7071
8762 7451
8420 7416
8082 7416
8600 7451
8119 8146
7931 8291
7931 8425
7803 8434
8873 7809
9020 7809
8510 8006
8599 8146
8510 8146
8802 8277
8639 8277
8639 8479
8639 8343
7931 8146
8420 7619
9339 6962
9339 7324
9339 7470
9339 7686
9131 7686
9670 7692
9670 8020
9690 8149
9714 8329
9876 8362
9714 8362
9404 8546
9670 8108
8510 7809
7803 8657
7867 9009
8033 9146
8123 9209
8142 9240
8127 9787
8142 9587
8142 9737
8700 9662
8142 9775
7548 9875
7848 9877
8127 9877
8142 9737
9050 9292
8793 9293
9518 9292
8754 9485
8625 9662
9006 9292
8853 9293
9518 9524
9340 9782
9401 9782
9518 9782
9300 9878
9518 9503
8357 9737
7803 8940
7730 9877
6335 7145
3677 3856
edges
1304 564
800 381
801 501
871 131
1137 550
825 618
1297 415
1302 77
858 283
1268 653
800 504
1269 249
818 530
1137 745
1303 453
857 539
1268 797
1266 480
1302 323
823 773
1127 533
1120 277
857 528
1270 252
804 777
802 84
1297 72
1271 389
1305 541
1127 680
805 160
1266 117
1299 225
870 710
871 133
1128 717
1143 145
859 637
806 154
812 3
872 491
807 54
860 90
808 752
1267 144
809 51
802 663
819 340
873 735
1275 721
803 488
810 496
819 274
1272 562
1272 291
1126 677
1274 433
874 388
1276 380
1119 6
822 236
1119 294
869 103
1276 655
1138 723
1129 123
1130 75
1142 671
1125 95
1141 259
813 334
1300 746
1121 11
1124 507
1147 452
814 86
1132 516
1139 56
1296 317
821 161
876 357
824 681
875 143
1307 651
878 272
877 645
1122 400
1123 213
1279 24
1144 307
820 479
1144 787
815 331
879 190
1279 100
863 553
1134 753
1308 209
816 9
1284 385
1301 263
861 186
1136 621
1308 8
1133 333
1133 761
1285 372
856 174
864 626
1142 492
1334 418
1286 457
1135 276
866 725
882 770
865 451
1211 266
880 611
1290 751
881 731
1313 146
1280 325
1314 467
1328 305
866 105
1317 279
880 262
845 94
854 80
1327 430
845 767
1315 390
883 169
1148 720
1309 693
884 656
886 116
1178 744
1283 604
1282 253
1149 19
846 714
1326 368
1326 397
1179 522
1185 474
826 772
884 712
1149 82
1152 157
1310 718
1179 382
836 754
1283 471
1150 76
1311 792
1186 396
837 511
1289 624
827 212
1325 300
828 302
1187 532
1186 515
1312 156
1321 689
1321 89
1153 53
888 740
1181 513
1333 658
1181 639
1332 375
848 312
849 227
889 85
1182 587
892 688
897 379
1154 121
897 109
1184 26
887 152
1291 244
829 150
837 503
1293 290
1330 669
1199 184
838 446
1162 68
831 554
1188 702
1194 664
832 187
1318 232
1293 361
898 218
850 632
839 538
1329 27
902 444
841 138
1156 469
1329 635
853 569
1155 765
1294 592
1319 110
833 670
1295 250
1190 303
1189 192
1322 374
899 330
1160 353
1159 789
1320 542
1331 200
900 55
855 447
852 506
1157 43
1195 704
852 362
843 484
1192 417
1294 468
1198 748
1210 795
1435 615
893 114
890 243
1193 7
1158 536
1361 574
1197 203
834 111
1350 370
894 377
844 706
1197 10
1361 599
895 431
1353 251
835 140
844 188
1163 540
896 83
1350 633
1201 318
1362 571
1363 619
835 376
1177 760
1165 456
1342 425
1351 537
1343 445
1164 636
1355 434
922 352
1359 12
1345 350
968 280
1337 477
1345 159
1364 698
1352 756
964 139
1365 419
1170 552
1203 473
968 88
1356 667
1349 443
1202 97
914 790
969 132
1209 175
1357 525
1347 205
1339 235
914 465
903 344
915 268
912 284
970 545
1358 289
903 470
964 1
1166 724
1369 311
1205 354
1207 365
1169 223
916 142
1200 733
1173 687
1206 47
1346 580
1206 783
1167 627
965 762
1208 694
1117 125
1366 92
1174 269
1176 707
904 270
1168 130
1175 672
923 326
1175 526
1172 494
911 709
928 226
971 180
1360 37
911 185
909 691
1348 306
966 364
1348 584
1368 548
905 373
906 136
921 401
1340 337
924 749
918 314
908 678
1341 769
926 436
919 30
1225 628
972 527
1212 70
1224 695
1226 466
1367 198
973 483
927 585
920 659
1229 297
967 454
913 788
908 40
1229 204
1212 295
1370 610
1234 65
1234 607
947 428
994 299
1372 242
945 301
1400 197
931 594
1412 586
1436 15
1401 391
929 44
1399 642
975 711
948 34
929 163
948 234
1235 578
1380 199
1228 288
1253 392
1230 254
977 682
1405 502
979 464
978 137
1213 708
1434 256
951 247
1398 124
1242 313
1412 79
1403 598
930 98
1243 523
1422 369
949 490
950 359
949 423
976 127
1421 107
933 662
934 654
1215 409
1236 782
980 521
1376 194
1239 422
1418 258
1214 341
1414 421
1377 774
935 520
1373 620
1244 316
995 481
1415 319
1404 52
1381 347
1433 727
962 210
1417 261
1231 518
1418 462
946 486
954 408
1379 603
1419 332
952 351
1238 588
1384 697
1240 519
1406 560
1408 631
943 5
1232 450
1216 32
981 13
1374 74
982 342
1233 730
1379 426
1374 763
1407 371
1252 441
1407 62
1383 147
957 685
1245 346
938 661
936 414
1218 759
1223 561
944 336
942 293
989 36
1409 366
1245 403
958 572
1420 335
1397 189
1250 360
1246 544
1250 715
984 780
939 120
993 729
938 141
1249 58
1410 229
1410 565
985 785
959 29
1388 734
1264 193
984 45
1387 796
1251 690
990 683
1389 286
1263 172
986 320
1385 177
1219 119
960 581
940 728
1432 405
940 292
961 73
991 595
1220 500
941 524
960 310
992 173
1428 216
1255 101
988 61
1391 395
1388 69
1221 49
1256 246
1390 182
1424 703
1386 248
1425 741
1391 153
1058 738
1258 559
997 155
1057 617
999 113
1259 343
1427 739
1423 31
1222 25
1394 135
1059 582
1055 551
1056 429
1041 78
998 338
1254 455
1039 555
1051 716
1040 329
1425 201
1052 776
998 736
1075 779
996 757
1260 485
1055 176
1430 64
1254 71
1262 309
1395 128
1042 108
1396 386
1431 0
1430 18
1054 46
1222 245
1043 778
1396 22
1431 732
1060 647
1013 202
1261 602
1476 614
1045 593
1003 164
1044 383
1004 407
1010 324
1000 151
1061 33
1437 327
1531 623
1552 181
1005 206
1552 758
1531 60
1498 440
1468 296
1063 17
1498 742
1050 14
1437 406
1000 63
1532 42
1530 412
1480 719
1011 402
1596 546
1001 534
1063 219
1012 59
1068 99
1439 766
1468 328
1499 529
1477 771
1006 39
1064 287
1469 510
1062 566
1002 122
1007 4
1530 438
1553 747
1438 275
1479 609
1068 775
1480 755
1012 183
1008 285
1471 784
1529 726
1069 167
1065 221
1533 794
1533 57
1554 458
1536 499
1529 178
1073 679
1481 549
1025 398
1048 96
1072 606
1551 650
1472 475
1473 591
1046 543
1071 644
1440 267
1441 472
1067 240
1556 28
1474 106
1557 393
1478 666
1017 367
1049 442
1475 278
1015 424
1442 798
1500 339
1071 170
1541 23
1018 217
1018 575
1047 427
1501 563
1443 517
1542 239
1496 271
1067 162
1491 112
1543 460
1558 576
1444 165
1015 589
1550 508
1502 643
1564 577
1016 514
1452 168
1544 231
1559 512
1453 459
1454 616
1537 171
1445 641
1449 568
1527 315
1076 21
1546 439
1538 67
1546 265
1483 41
1560 673
1492 399
1549 657
1507 255
1561 461
1484 676
1077 558
1485 531
1020 214
1539 487
1022 281
1540 349
1447 48
1084 750
1487 764
1448 665
1548 211
1451 115
1024 228
1101 411
1101 207
1561 208
1563 799
1094 535
1563 195
1094 634
1548 786
1503 304
1493 793
1084 66
1488 91
1566 495
1489 348
1102 81
1095 118
1448 87
1031 509
1115 638
1467 600
1504 701
1096 404
1078 596
1097 384
1103 298
1099 134
1027 743
1594 505
1085 215
1079 158
1026 463
1104 613
1028 435
1494 224
1495 737
1567 264
1495 448
1030 497
1098 705
1105 20
1460 573
1489 700
1032 237
1460 413
1568 674
1088 684
1080 622
1107 597
1505 629
1455 660
1582 196
1466 166
1569 230
1111 282
1106 625
1570 356
1032 547
1585 363
1083 50
1081 791
1580 102
1581 692
1026 257
1108 648
1518 222
1462 420
1090 579
1463 713
1586 612
1456 38
1112 432
1457 416
1464 321
1583 149
1109 378
1592 355
1587 583
1522 2
1508 699
1091 345
1509 649
1572 781
1091 238
1512 590
1113 387
1520 104
1092 668
1513 567
1465 233
1584 556
1574 557
1514 129
1588 630
1038 241
1526 696
1573 605
1093 191
1515 322
1458 179
1033 308
1575 482
1519 437
1089 148
1589 394
1590 640
1034 93
1571 476
1516 652
1510 646
1524 608
1593 493
1511 768
1465 35
1034 273
1036 498
1576 16
1577 478
1591 449
1035 260
1110 601
1591 358
1458 410
1511 220
1595 570
1110 126
1523 489
1525 686
1578 675
1523 722
817 800
818 801
810 802
811 803
805 804
806 805
812 806
808 807
809 808
811 809
803 810
813 811
807 812
814 813
816 814
856 815
815 816
804 817
817 818
824 819
821 820
822 821
823 822
825 823
820 824
801 825
827 826
828 827
829 828
831 829
832 830
838 831
842 832
830 833
833 834
834 835
847 836
842 837
830 838
854 839
839 840
840 841
855 842
840 843
843 844
846 845
836 846
849 847
847 848
850 849
851 850
853 851
851 852
902 853
848 854
841 855
826 856
858 857
859 858
860 859
869 860
862 861
863 862
864 863
868 864
861 865
865 866
882 867
886 868
862 869
872 870
870 871
873 872
874 873
878 874
876 875
877 876
879 877
875 878
885 879
885 880
867 881
868 882
867 883
883 884
881 885
892 886
888 887
889 888
891 889
896 890
901 891
887 892
901 893
895 894
922 895
893 896
898 897
900 898
890 899
899 900
894 901
891 902
904 903
907 904
906 905
912 906
905 907
910 908
928 909
907 910
910 911
913 912
909 913
916 914
917 915
915 916
921 917
925 918
926 919
947 920
918 921
1117 922
924 923
927 924
920 925
925 926
919 927
917 928
932 929
934 930
930 931
931 932
932 933
962 934
933 935
937 936
943 937
942 938
944 939
941 940
939 941
937 942
935 943
936 944
956 945
954 946
963 947
963 948
950 949
953 950
955 951
976 952
952 953
995 954
953 955
946 956
956 957
957 958
958 959
961 960
959 961
945 962
951 963
965 964
966 965
974 966
973 967
1597 968
1168 969
969 970
1597 971
971 972
972 973
967 974
994 975
983 976
980 977
979 978
977 979
983 980
978 981
981 982
975 983
985 984
986 985
987 986
988 987
991 988
982 989
993 990
990 991
987 992
989 993
974 994
955 995
1013 996
996 997
999 998
997 999
1001 1000
1006 1001
1009 1002
1005 1003
1003 1004
1009 1005
1002 1006
1008 1007
1025 1008
1007 1009
1014 1010
1010 1011
1011 1012
1014 1013
1004 1014
1020 1015
1023 1016
1019 1017
1019 1018
1023 1019
1016 1020
1077 1021
1021 1022
1024 1023
1022 1024
1017 1025
1027 1026
1028 1027
1029 1028
1030 1029
1037 1030
1114 1031
1029 1032
1038 1033
1035 1034
1036 1035
1033 1036
1031 1037
1037 1038
1075 1039
1039 1040
1040 1041
1041 1042
1044 1043
1045 1044
1042 1045
1050 1046
1046 1047
1047 1048
1048 1049
1043 1050
1116 1051
1053 1052
1057 1053
1053 1054
1056 1055
1059 1056
1051 1057
992 1058
1116 1059
1054 1060
1060 1061
1074 1062
1064 1063
1074 1064
1066 1065
1073 1066
1072 1067
1069 1068
1070 1069
1065 1070
1070 1071
1066 1072
1062 1073
1061 1074
1052 1075
1049 1076
1076 1077
1115 1078
1078 1079
1088 1080
1083 1081
1080 1082
1079 1083
1086 1084
1082 1085
1099 1086
1098 1087
1093 1088
1092 1089
1082 1090
1089 1091
1090 1092
1081 1093
1096 1094
1097 1095
1095 1096
1087 1097
1086 1098
1085 1099
1108 1100
1102 1101
1103 1102
1104 1103
1105 1104
1106 1105
1107 1106
1100 1107
1113 1108
1112 1109
1109 1110
1087 1111
1100 1112
1111 1113
1021 1114
1114 1115
1058 1116
923 1117
1121 1118
1118 1119
1118 1120
1122 1121
1123 1122
1124 1123
1211 1124
1126 1125
1120 1126
1128 1127
1129 1128
1140 1129
1140 1130
1138 1131
1147 1132
1136 1133
1146 1134
1134 1135
1135 1136
1143 1137
1130 1138
1131 1139
1146 1140
1139 1141
1145 1142
1145 1143
1131 1144
1141 1145
1132 1146
1125 1147
1151 1148
1150 1149
1151 1150
1152 1151
1153 1152
1154 1153
1162 1154
1161 1155
1159 1156
1158 1157
1163 1158
1161 1159
1156 1160
1157 1161
1155 1162
1177 1163
1165 1164
1170 1165
970 1166
1168 1167
1172 1169
1171 1170
1169 1171
1166 1172
1176 1173
1173 1174
1174 1175
1171 1176
1164 1177
1180 1178
1178 1179
1187 1180
1184 1181
1183 1182
1199 1183
1183 1184
1180 1185
1185 1186
1182 1187
1191 1188
1192 1189
1189 1190
1190 1191
1193 1192
1210 1193
1198 1194
1194 1195
1195 1196
1196 1197
1191 1198
1188 1199
1207 1200
1196 1201
1204 1202
1202 1203
1201 1204
1209 1205
1205 1206
1203 1207
1200 1208
1204 1209
1160 1210
1148 1211
1213 1212
1214 1213
1215 1214
1216 1215
1217 1216
1232 1217
1217 1218
1264 1219
1219 1220
1220 1221
1221 1222
1218 1223
1226 1224
1208 1225
1225 1226
1224 1227
1265 1228
1227 1229
1228 1230
1265 1231
1233 1232
1231 1233
1235 1234
1237 1235
1238 1236
1253 1237
1241 1238
1237 1239
1239 1240
1240 1241
1243 1242
1244 1243
1236 1244
1246 1245
1247 1246
1248 1247
1252 1248
1248 1249
1249 1250
1247 1251
1241 1252
1230 1253
1262 1254
1263 1255
1255 1256
1256 1257
1257 1258
1258 1259
1257 1260
1259 1261
1260 1262
1251 1263
1223 1264
1227 1265
1267 1266
1275 1267
1269 1268
1270 1269
1271 1270
1273 1271
1273 1272
1277 1273
1278 1274
1278 1275
1277 1276
1274 1277
1296 1278
1281 1279
1290 1280
1280 1281
1281 1282
1282 1283
1287 1284
1317 1285
1285 1286
1288 1287
1286 1288
1288 1289
1287 1290
1292 1291
1289 1292
1292 1293
1295 1294
1291 1295
1284 1296
1305 1297
1300 1298
1298 1299
1301 1300
1334 1301
1303 1302
1304 1303
1306 1304
1298 1305
1299 1306
1306 1307
1307 1308
1335 1309
1311 1310
1312 1311
1318 1312
1314 1313
1316 1314
1309 1315
1315 1316
1335 1317
1319 1318
1320 1319
1435 1320
1323 1321
1333 1322
1322 1323
1332 1324
1324 1325
1327 1326
1328 1327
1325 1328
1331 1329
1324 1330
1330 1331
1323 1332
1316 1333
1313 1334
1310 1335
1349 1336
1336 1337
1337 1338
1340 1339
1341 1340
1370 1341
1338 1342
1342 1343
1343 1344
1336 1345
1357 1346
1338 1347
1347 1348
1339 1349
1351 1350
1352 1351
1355 1352
1359 1353
1353 1354
1354 1355
1346 1356
1369 1357
1354 1358
1356 1359
1367 1360
1362 1361
1363 1362
1364 1363
1365 1364
1366 1365
1368 1366
1358 1367
1360 1368
1344 1369
1372 1370
1375 1371
1371 1372
1375 1373
1373 1374
1436 1375
1380 1376
1378 1377
1376 1378
1378 1379
1434 1380
1377 1381
1381 1382
1384 1383
1382 1384
1389 1385
1393 1386
1397 1387
1385 1388
1392 1389
1393 1390
1390 1391
1387 1392
1392 1393
1386 1394
1394 1395
1395 1396
1383 1397
1405 1398
1400 1399
1401 1400
1402 1401
1403 1402
1398 1403
1402 1404
1433 1405
1404 1406
1411 1407
1406 1408
1411 1409
1409 1410
1408 1411
1413 1412
1422 1413
1421 1414
1414 1415
1415 1416
1416 1417
1417 1418
1416 1419
1419 1420
1413 1421
1399 1422
1429 1423
1423 1424
1426 1425
1432 1426
1426 1427
1427 1428
1428 1429
1429 1430
1424 1431
1420 1432
1382 1433
1371 1434
1344 1435
1242 1436
1438 1437
1441 1438
1442 1439
1439 1440
1440 1441
1443 1442
1444 1443
1454 1444
1450 1445
1452 1446
1450 1447
1447 1448
1446 1449
1449 1450
1527 1451
1453 1452
1451 1453
1445 1454
1466 1455
1455 1456
1456 1457
1457 1458
1467 1459
1459 1460
1459 1461
1461 1462
1462 1463
1463 1464
1464 1465
1461 1466
1446 1467
1469 1468
1471 1469
1477 1470
1482 1471
1482 1472
1472 1473
1473 1474
1474 1475
1261 1476
1596 1477
1470 1478
1470 1479
1479 1480
1478 1481
1481 1482
1491 1483
1486 1484
1497 1485
1485 1486
1486 1487
1487 1488
1488 1489
1492 1490
1490 1491
1497 1492
1490 1493
1493 1494
1494 1495
1475 1496
1496 1497
1499 1498
1500 1499
1501 1500
1502 1501
1506 1502
1506 1503
1503 1504
1504 1505
1507 1506
1483 1507
1512 1508
1508 1509
1516 1510
1510 1511
1513 1512
1514 1513
1524 1514
1522 1515
1509 1516
1521 1517
1505 1518
1517 1519
1518 1520
1520 1521
1525 1522
1517 1523
1515 1524
1519 1525
1521 1526
1484 1527
1534 1528
1535 1529
1535 1530
1532 1531
1528 1532
1536 1533
1551 1534
1534 1535
1528 1536
1550 1537
1539 1538
1540 1539
1566 1540
1565 1541
1541 1542
1545 1543
1545 1544
1537 1545
1547 1546
1544 1547
1549 1548
1547 1549
1538 1550
1565 1551
1553 1552
1554 1553
1555 1554
1556 1555
1542 1556
1555 1557
1557 1558
1564 1559
1559 1560
1562 1561
1560 1562
1562 1563
1558 1564
1543 1565
1594 1566
1568 1567
1569 1568
1570 1569
1572 1570
1578 1571
1579 1572
1579 1573
1584 1574
1571 1575
1526 1576
1595 1577
1577 1578
1575 1579
1585 1580
1583 1581
1580 1582
1574 1583
1593 1584
1586 1585
1581 1586
1592 1587
1589 1588
1590 1589
1587 1590
1588 1591
1582 1592
1573 1593
1567 1594
1576 1595
1476 1596
1167 1597
