steiner points
646 333
480 333
646 505
701 651
935 725
697 1007
472 1053
477 1007
159 1365
344 1383
344 1458
344 1665
412 1721
447 1772
482 2057
482 2266
75 2361
159 1064
1238 156
1238 467
1238 682
991 753
1238 753
1238 915
1228 920
2321 160
2658 160
2721 160
1860 552
1707 428
1997 552
1853 160
1707 160
1707 552
2053 747
2032 880
1592 915
1920 984
1999 984
1999 1161
2448 904
2111 861
2053 861
1847 984
1122 1792
1147 1792
1383 1792
1461 1792
1468 2024
1468 2069
1468 2338
1999 1332
1999 1510
1757 1841
1999 1684
2027 1880
2146 1929
1999 1841
1665 2069
1757 2069
701 725
2425 160
2810 108
3140 144
3101 144
2926 108
3151 144
3101 504
3101 646
3177 864
3177 869
3177 1016
3177 1336
2963 1336
3177 646
2810 2014
2963 2014
3173 2014
3248 2102
2963 1563
3885 225
4000 383
4000 447
4261 492
4000 492
3843 590
4281 338
4498 338
4000 590
3859 1152
3791 1280
3791 1369
3791 1647
4133 1722
4340 1722
3996 1722
4389 1722
4666 1722
4000 833
3431 646
2425 387
225 2943
1540 2818
1324 2818
1016 2902
834 2902
834 3065
834 3346
801 3383
575 3383
2146 2553
2146 2770
1324 2902
1680 3356
2030 2818
2030 3026
170 4014
446 4014
458 4014
601 4014
601 4132
678 4142
687 4638
481 4678
483 4765
665 4772
687 4772
840 4772
273 5194
665 5128
665 5200
510 5207
28 5621
397 5621
417 5621
397 5993
417 5207
613 5207
687 4458
1744 4023
1787 4023
1971 4023
1780 4245
1780 4426
1306 4458
1716 4458
1780 4458
1716 4566
1744 4181
1646 4746
1970 4839
1646 4824
1995 4839
1852 4839
1646 4839
1646 5142
1716 4693
1646 5678
1646 5712
1646 5823
1646 6051
1646 6164
1646 5245
1177 4458
1999 3729
2594 2808
2594 3106
2594 3389
2594 3536
2761 3594
2796 3621
2994 4026
3526 3050
3526 3138
3948 3338
4228 3105
3734 3338
3948 3363
3948 3463
4080 3463
4228 3463
3948 3484
3687 3338
3265 4071
3826 4107
3372 4227
3984 4065
3984 4107
4048 4166
4273 4173
4461 4173
4492 4173
3372 4107
3948 3769
2796 4026
2707 4853
2707 5049
3266 4311
3062 4528
2981 4528
3430 4552
3353 5065
3069 5218
2856 5063
3224 5275
3692 5298
3430 4882
2856 5218
3808 4685
3886 4685
4325 4685
4494 4685
4541 4685
3743 4804
3743 4896
3532 5298
3743 5055
4085 5366
4188 5480
3353 5275
3743 5298
2661 5851
2856 5561
2801 5851
3393 6099
3515 6145
3393 6145
3289 6153
3157 6153
3515 6243
3008 6153
4420 6132
3916 6243
3977 6243
4063 6243
4420 6243
3682 6243
2801 6153
3266 4528
2321 4839
200 6826
246 6826
329 6826
417 6826
497 6826
417 7496
417 7507
417 7601
417 7721
417 7920
417 7008
1088 6776
1491 6901
1127 6901
1491 7356
1709 7653
1512 7614
1491 7614
1880 7653
1389 7985
1491 7323
828 6776
409 8417
190 8497
190 8639
190 8665
889 8417
907 8427
990 8084
1099 8515
1288 8543
1319 8543
204 8417
990 8427
2603 6797
2603 6814
2271 7013
2380 7013
2603 7013
2185 7206
2151 7206
2185 7344
2253 7697
2253 7828
2253 7907
2220 8009
2193 8283
2489 8285
2673 8218
2592 8285
2220 8283
2592 8303
2117 8396
1661 7614
2185 7653
591 9444
648 9444
838 9444
581 9809
566 9908
1319 8826
1319 8990
1304 9400
1367 9155
1594 9155
958 9434
963 9434
1261 9434
1261 9589
1211 9675
1261 9675
1261 9523
648 9564
1904 9024
1975 9024
2192 9024
1373 9155
1894 9147
2279 9027
2171 9510
2171 9577
2019 9894
2466 9027
2279 9193
2470 9352
2279 9352
1738 9155
1319 9155
3515 6645
3279 6645
3219 6645
3219 7076
3219 7031
3116 7076
3099 7192
3082 7301
3082 7394
3152 7596
3022 7518
3022 7596
3099 7138
3691 6645
4206 6645
4325 6883
4352 7347
4325 6645
3005 7613
2869 7891
2869 7981
2869 8118
2929 8252
3187 8647
3333 8736
3187 8736
3126 8873
2994 9059
2947 8411
4142 8423
4059 8423
4046 8423
3600 8744
3886 8786
3790 8786
3790 8927
3886 8585
4446 8170
3886 8423
4446 8423
4472 8520
3790 9120
3167 9499
3740 9555
3740 9769
3537 9769
3499 9769
3385 9769
3167 9769
3790 9318
2869 8218
2584 8560
3515 6536
1999 3356
5136 337
5136 495
5136 842
5792 842
4969 1518
4715 1518
5385 1350
5388 1473
5388 1493
5390 1493
5820 1237
5939 1237
6230 1237
5711 1427
5549 1493
5140 1518
5792 1095
4667 1684
6888 68
6660 182
6813 182
6883 182
6883 343
6883 437
6934 470
7232 470
7267 470
6666 1012
6934 605
6230 1290
6230 1464
6268 1630
6323 1012
7067 1436
7067 1547
5792 1189
6934 1012
5820 1323
4776 2139
5170 2139
5356 2139
5520 2139
5591 2152
5720 2219
5591 2219
5580 2220
5815 2228
5318 2753
5580 2423
5438 2811
5412 2811
5412 2964
5826 2911
5915 2938
5801 2847
5580 2811
6057 2228
6268 2228
6506 2246
6169 2228
6346 2246
7184 2127
6791 2246
7184 2340
6791 2444
6870 2444
7184 2444
6696 2637
6346 2382
6346 2679
5472 3473
5236 3473
4878 3473
4770 3473
5157 3951
5125 3952
5125 4124
4820 4240
4896 4240
5001 4240
5688 3473
5099 3473
5915 3425
5722 3425
5688 3718
5688 3919
5236 3769
6423 3310
6195 3346
6195 3374
6149 3425
6149 3444
6195 3310
6653 3531
6602 3310
6681 3531
7219 3550
6858 3550
6564 4067
6479 4067
7020 3908
6858 3683
6858 3908
7127 4400
7011 4400
6827 4234
6827 4355
6988 4355
6293 4067
6827 4067
6082 3425
5915 3181
6268 1761
8790 137
8790 437
8345 451
8837 539
9316 539
7983 577
8837 757
8790 451
9693 596
9679 820
9679 838
9693 539
7918 1812
7918 2007
7918 2189
8048 2328
8048 2496
8048 2669
7797 2805
9679 1004
9662 1379
8672 1652
8672 1693
8672 1757
8676 2059
8676 2161
9054 2328
9209 2328
9622 1669
9262 2043
9262 2295
8733 2328
8676 2328
9262 2328
8733 2610
9237 2760
9411 2760
8733 2738
8826 2738
8596 2738
8452 2811
9126 2760
8980 2760
8733 2545
8275 2328
9679 1276
7670 3270
8061 3270
7570 3270
7670 3566
7647 3756
7888 3270
8061 3369
8368 3437
8061 3437
7647 3968
7647 4136
8183 4377
8183 4446
7696 4377
9391 3200
8796 3227
8980 3227
9006 3227
9083 3227
9280 3794
8962 3781
8906 3817
8658 3817
8777 3817
8777 4099
8777 4187
9338 4043
9439 4128
9083 3535
9083 3781
8522 3817
8980 3041
7283 3270
5142 4794
5470 4794
5493 4794
5672 4794
5689 4794
5019 4855
5507 5193
5390 5334
5507 5338
5390 5390
5404 5390
5507 5390
4967 5571
5493 4981
4967 5929
5030 6170
5592 6160
5290 6216
5080 6216
5592 6400
5592 6462
5757 6160
4967 6113
6574 4818
6882 5174
6817 5174
6574 5174
6359 5256
6158 6072
6732 6126
6203 6072
5368 6160
6069 6160
6069 6210
6977 5691
6895 5568
7327 6211
7075 6211
6489 6126
6888 6022
7152 6479
6245 6072
6888 6126
6895 5691
6069 6160
8248 4859
8376 4977
8248 4977
8414 5134
8414 5295
8414 5352
7995 5352
7618 5901
8138 6151
7680 6151
7490 6098
7618 5943
7618 6098
8318 6433
7791 6702
7152 6211
8414 5748
7917 6151
8318 6151
7917 6496
8414 5597
8723 5127
9145 5127
9177 5593
9042 5668
8723 5400
8723 5668
8936 5668
8703 5748
9814 4744
9814 4952
9740 4952
9740 5140
9740 5374
9740 5595
9616 5717
9311 5593
9740 5717
9400 5717
9148 6586
8991 6586
9719 6164
9524 6235
9710 6235
9719 6235
9759 6345
9367 6375
9759 6405
9367 6586
9740 5943
8658 5748
7388 6211
5083 7197
5365 7197
5609 7098
5609 7165
5586 7197
5526 7197
5586 7297
5672 7550
5083 7642
7266 7273
6649 7571
6019 7571
7441 7341
6145 7571
5602 8174
5475 8272
5370 8272
5202 8272
5370 8401
4967 8988
5122 8988
5370 8444
4967 9286
4967 9558
5296 8988
5613 9065
5673 9065
5748 9155
6201 9155
5296 9065
4967 9208
6260 8345
6160 8345
6455 8379
6271 8379
6455 8592
6487 8773
6201 9017
6514 9023
6514 9155
6286 9155
6052 9155
6712 9583
6712 9392
6514 8873
5748 9691
6145 8031
6840 7273
7485 7341
6649 7273
7672 7623
7141 7831
7725 7713
7441 7623
7364 7623
7364 7831
7725 8187
7725 7840
7441 7433
8318 6919
8485 7011
8353 7011
8318 7011
8060 7038
8809 7636
8808 7724
8353 7724
8327 7724
8327 7840
8186 7840
8353 7313
7885 7840
9513 7069
9594 7055
9728 7055
9513 7099
9242 7069
9222 7069
9481 7489
9481 7636
9481 7758
9513 7349
9126 7636
7497 8873
7443 8873
7814 8619
7725 8243
7894 8906
7820 8906
7649 8906
7940 9037
7820 8821
7940 9008
8227 9008
7743 9647
7551 9786
7420 9922
7940 9324
8677 9008
8352 9008
8677 8800
8677 8865
8973 8516
8973 8865
9074 8921
9406 8791
9445 8747
9673 8747
9866 9100
9074 8865
8819 8865
9074 9515
9074 9516
9074 9706
8965 9706
8583 9706
9897 9761
9840 9761
9603 9761
9433 9724
9074 9406
7894 9008
7725 8619
6145 7789
8318 6806
8230 4542
4389 1898
edges
832 523
880 585
1200 355
818 750
863 135
1200 513
826 647
865 114
862 242
831 565
1182 692
1295 376
1295 285
866 294
866 517
1202 798
818 461
825 429
1201 700
880 29
887 696
1306 94
801 411
800 188
827 181
801 419
1182 688
886 794
1204 739
1208 708
1201 220
881 518
887 186
900 747
900 584
829 600
1205 38
1296 97
882 383
1297 553
819 455
1207 484
883 363
1183 175
1208 373
867 471
802 378
1299 23
828 196
830 464
1300 715
833 101
885 115
1303 125
1210 209
1300 31
868 219
803 205
820 201
899 566
804 124
834 314
821 530
1301 528
1304 204
898 783
1305 648
1185 194
841 760
869 154
1214 36
870 404
1301 701
835 641
1184 235
840 267
836 30
824 402
837 438
824 421
1314 54
807 336
805 304
1209 399
871 425
840 422
843 779
806 702
817 89
1198 222
889 295
839 386
1217 703
1187 593
1193 574
1307 164
1340 50
890 751
1211 169
1188 610
1219 481
851 176
873 2
1188 733
808 752
891 670
1315 246
809 744
872 165
1195 351
1215 396
810 105
1212 199
1316 519
1189 682
1191 367
852 308
1186 617
1216 57
879 451
1197 483
845 478
894 211
1213 261
892 182
1316 755
1196 719
1216 319
811 55
1323 342
854 644
1199 318
1317 143
812 177
893 368
897 590
847 498
1318 93
1294 727
813 257
844 281
846 58
1307 467
853 102
895 448
855 85
844 542
1597 238
856 473
877 323
1243 639
1308 714
1223 273
1220 329
875 434
848 122
1324 213
814 562
1319 381
858 748
1222 137
878 250
859 185
1243 129
1221 782
1220 737
1241 695
1224 444
1320 466
875 791
1309 382
1240 302
878 187
1225 283
1227 508
1228 229
1244 208
815 595
1597 734
1238 635
1325 356
1321 111
1339 544
850 362
1245 388
1328 183
816 152
1250 90
850 500
1322 338
1230 13
1247 554
816 578
1311 299
1338 42
910 256
1329 37
1336 34
1249 259
1229 490
972 210
1312 632
1251 728
903 797
905 353
1333 587
1331 192
1334 286
1229 156
1330 651
1249 487
911 369
965 14
1251 697
1313 140
965 339
1231 524
1335 18
902 77
901 459
1313 536
1236 207
1331 745
904 580
1234 534
1335 665
1235 4
901 331
1233 357
1248 596
1233 753
915 195
975 334
1372 99
972 258
912 525
906 646
975 638
966 277
1355 674
973 424
1343 333
1293 35
1276 113
1274 10
1355 390
1373 328
1342 214
1263 531
1356 496
1358 443
1356 47
974 359
1346 387
1269 527
976 694
907 24
1270 320
913 515
1255 149
977 532
1265 72
1347 335
1271 255
908 545
913 309
967 552
1252 311
1292 784
1348 509
1273 20
979 640
909 98
1254 262
981 301
1277 633
1369 555
968 546
1278 754
1344 799
1273 158
980 193
969 761
1349 592
970 657
1255 771
1275 46
1283 765
982 43
1363 413
1266 332
964 511
1345 661
993 662
1268 766
1361 241
916 548
1360 198
1362 6
1371 683
991 637
1281 344
1282 171
1267 397
1282 671
1256 620
1257 681
919 535
1350 777
918 51
916 581
939 340
941 191
971 489
917 768
1367 678
940 740
1290 537
1267 789
986 163
1280 557
983 249
1365 232
984 218
994 788
1258 216
1368 570
920 412
1351 435
921 346
1368 28
988 687
989 609
948 795
1259 253
1366 231
990 360
985 16
1287 307
1259 343
942 227
1261 521
991 468
944 586
997 148
1285 60
1290 655
1289 221
1352 312
1354 446
1286 63
1260 290
943 790
1285 74
1288 685
1353 564
1366 602
1012 265
963 431
999 731
946 73
998 516
1596 428
1000 224
923 71
1008 775
947 134
1448 279
922 757
1010 17
1375 436
923 680
1377 166
999 514
1009 87
956 577
1011 539
1397 150
1374 128
1448 634
949 251
924 131
952 278
927 503
1378 415
1039 223
1013 405
1397 725
1012 40
951 248
953 161
995 502
1379 743
1419 41
1379 430
1378 510
927 243
1006 432
1450 180
1014 561
950 306
1449 300
1420 624
1399 759
1421 324
1387 456
1440 321
996 39
1016 66
1003 197
1001 705
1441 327
1441 68
929 626
1422 81
1451 497
955 623
928 364
1398 395
1380 507
928 597
930 549
931 26
1002 591
962 293
1381 426
1401 86
1004 439
1423 70
1015 361
1401 276
1381 659
1382 787
1005 236
1425 52
937 291
1017 337
1452 202
1384 141
1444 522
1425 540
1385 437
1442 330
1018 730
1018 642
1022 442
1409 345
1386 184
932 406
1455 690
1453 589
1439 15
934 579
1443 773
957 64
1408 78
1446 607
958 758
1454 139
1426 127
932 75
1469 136
1408 505
1457 666
959 62
1021 347
1447 372
1415 445
1426 274
1388 616
1430 656
1468 83
1021 151
935 245
1413 118
960 5
1404 108
1402 724
1395 454
1024 104
1429 485
1024 206
1396 449
1031 722
1405 126
1412 526
1031 663
1025 374
1427 110
1428 749
1030 453
1406 263
961 398
1460 460
1410 569
1389 303
935 541
1034 575
1037 190
1027 710
1407 793
1411 167
1391 538
1461 628
1462 226
1032 718
1036 370
1035 560
1392 629
1464 440
1033 288
1028 247
1470 423
1465 358
961 576
1403 512
1393 76
1466 393
1432 292
1394 474
1414 774
1466 746
1438 613
1180 25
1459 675
1145 457
1467 427
1141 462
1130 494
1129 96
1040 280
1051 275
1142 48
1459 266
1458 573
1414 631
1433 155
1074 408
1407 142
1433 677
1394 780
1061 132
1042 520
1074 506
1595 244
1075 723
1041 91
1076 764
1044 284
1143 416
1052 9
1544 465
1530 583
1548 212
1473 217
1531 354
1040 447
1050 650
1531 178
1077 377
1520 272
1132 88
1534 622
1545 53
1545 778
1547 287
1133 625
1473 732
1546 371
1078 480
1471 313
1548 107
1480 11
1140 1
1131 116
1053 704
1474 65
1080 716
1134 558
1476 254
1080 769
1534 679
1472 711
1518 8
1477 796
1135 417
1541 660
1060 493
1519 418
1081 672
1144 664
1552 341
1054 598
1519 614
1136 103
1529 669
1144 720
1549 556
1093 653
1045 776
1046 627
1138 130
1478 106
1482 458
1521 709
1137 146
1137 476
1047 781
1146 392
1056 3
1525 559
1535 479
1553 713
1479 785
1481 237
1058 305
1082 550
1523 27
1048 138
1538 120
1055 452
1551 654
1594 433
1083 119
1522 567
1479 79
1542 282
1526 296
1539 475
1147 729
1084 200
1165 533
1551 572
1049 488
1540 407
1148 615
1049 611
1059 168
1522 173
1085 582
1517 121
1068 604
1536 410
1488 95
1149 385
1165 741
1166 767
1485 414
1485 717
1527 605
1088 673
1557 264
1150 350
1486 636
1086 658
1087 172
1488 649
1091 612
1502 391
1503 49
1066 44
1504 234
1158 225
1092 317
1072 501
1489 269
1156 792
1062 7
1071 469
1157 260
1067 325
1492 160
1159 563
1505 606
1092 394
1573 621
1063 403
1069 652
1573 147
1168 472
1070 230
1168 594
1179 270
1164 599
1506 189
1578 543
1556 608
1064 491
1151 33
1065 684
1593 100
1065 117
1554 133
1152 441
1179 495
1160 643
1577 123
1507 676
1571 721
1161 379
1576 179
1571 310
1562 470
1100 568
1508 170
1581 153
1154 157
1515 233
1555 84
1564 348
1497 736
1558 145
1560 298
1113 738
1575 735
1490 352
1163 380
1115 693
1122 763
1555 772
1491 174
1101 762
1592 463
1508 482
1509 240
1114 529
1122 32
1561 59
1155 698
1570 691
1496 603
1105 162
1500 668
1569 297
1579 401
1169 667
1579 384
1104 686
1117 547
1103 486
1511 203
1116 588
1095 450
1123 742
1155 366
1501 289
1126 326
1493 315
1512 21
1177 82
1568 492
1124 551
1514 619
1102 707
1591 268
1106 499
1095 92
1097 756
1170 239
1170 400
1124 69
1119 19
1582 67
1583 699
1111 420
1171 618
1494 109
1112 80
1120 159
1586 271
1513 389
1108 375
1513 12
1565 571
1109 22
1516 477
1110 630
1585 112
1590 726
1109 322
1587 712
1173 706
1589 61
1174 252
1588 645
1175 504
1566 316
1516 144
1587 409
1098 45
1172 786
1494 56
1121 0
1099 601
1567 215
1586 689
1121 349
1567 365
1099 770
1176 228
802 800
800 801
803 802
860 803
821 804
860 805
807 806
805 807
817 808
808 809
809 810
810 811
811 812
812 813
813 814
814 815
815 816
806 817
819 818
820 819
822 820
822 821
823 822
836 823
823 824
861 825
827 826
862 827
833 828
832 829
828 830
825 831
831 832
829 833
830 834
842 835
843 836
838 837
835 838
838 839
841 840
842 841
834 842
837 843
845 844
846 845
847 846
848 847
849 848
858 849
849 850
839 851
851 852
857 853
852 854
857 855
855 856
854 857
859 858
853 859
804 860
826 861
865 862
864 863
867 864
864 865
863 866
868 867
874 868
874 869
869 870
870 871
871 872
872 873
899 874
876 875
879 876
876 877
877 878
873 879
881 880
882 881
884 882
884 883
888 884
888 885
883 886
886 887
898 888
890 889
891 890
892 891
895 892
894 893
896 894
893 895
896 897
889 898
885 899
861 900
909 901
914 902
902 903
912 904
904 905
905 906
906 907
907 908
908 909
856 910
910 911
903 912
1181 913
911 914
914 915
917 916
918 917
919 918
920 919
921 920
938 921
938 922
924 923
925 924
926 925
922 926
926 927
936 928
925 929
929 930
937 931
933 932
934 933
936 934
933 935
931 936
930 937
963 938
940 939
941 940
964 941
948 942
942 943
945 944
946 945
943 946
945 947
939 948
956 949
953 950
949 951
950 952
954 953
951 954
954 955
947 956
962 957
957 958
958 959
959 960
960 961
955 962
944 963
1181 964
966 965
967 966
968 967
969 968
970 969
994 970
983 971
973 972
982 973
977 974
980 975
974 976
978 977
981 978
978 979
979 980
993 981
976 982
992 983
992 984
997 985
987 986
984 987
987 988
988 989
989 990
990 991
985 992
986 993
971 994
1039 995
995 996
1038 997
1038 998
998 999
1006 1000
1019 1001
1007 1002
996 1003
1002 1004
1015 1005
1001 1006
1003 1007
1013 1008
1008 1009
1009 1010
1010 1011
1011 1012
1014 1013
1016 1014
1019 1015
1020 1016
1020 1017
1017 1018
1004 1019
1005 1020
1023 1021
1007 1022
1022 1023
1026 1024
1026 1025
1027 1026
1028 1027
1030 1028
1025 1029
1037 1030
1035 1031
1036 1032
1032 1033
1033 1034
1034 1035
1029 1036
1023 1037
1000 1038
952 1039
1041 1040
1042 1041
1043 1042
1044 1043
1061 1044
1050 1045
1045 1046
1046 1047
1047 1048
1048 1049
1043 1050
1053 1051
1060 1052
1052 1053
1057 1054
1058 1055
1093 1056
1056 1057
1094 1058
1057 1059
1054 1060
1051 1061
1066 1062
1072 1063
1063 1064
1064 1065
1067 1066
1073 1067
1059 1068
1073 1069
1069 1070
1070 1071
1062 1072
1068 1073
1075 1074
1078 1075
1079 1076
1076 1077
1077 1078
1081 1079
1079 1080
1094 1081
1083 1082
1084 1083
1085 1084
1090 1085
1090 1086
1089 1087
1178 1088
1088 1089
1087 1090
1089 1091
1086 1092
1055 1093
1082 1094
1096 1095
1097 1096
1105 1097
1112 1098
1098 1099
1071 1100
1100 1101
1127 1102
1127 1103
1116 1104
1106 1105
1107 1106
1102 1107
1111 1108
1110 1109
1108 1110
1107 1111
1096 1112
1117 1113
1113 1114
1114 1115
1103 1116
1126 1117
1115 1118
1125 1119
1119 1120
1120 1121
1118 1122
1118 1123
1125 1124
1123 1125
1104 1126
1101 1127
1180 1128
1128 1129
1129 1130
1132 1131
1130 1132
1131 1133
1140 1134
1134 1135
1135 1136
1139 1137
1136 1138
1138 1139
1133 1140
1128 1141
1141 1142
1145 1143
1143 1144
1142 1145
1139 1146
1146 1147
1147 1148
1148 1149
1178 1150
1156 1151
1153 1152
1151 1153
1153 1154
1154 1155
1150 1156
1158 1157
1159 1158
1166 1159
1152 1160
1162 1161
1160 1162
1162 1163
1161 1164
1167 1165
1164 1166
1157 1167
1167 1168
1163 1169
1176 1170
1177 1171
1171 1172
1172 1173
1173 1174
1174 1175
1175 1176
1169 1177
1149 1178
1091 1179
1029 1180
915 1181
1183 1182
1184 1183
1185 1184
1198 1185
1187 1186
1199 1187
1189 1188
1190 1189
1197 1190
1190 1191
1219 1192
1192 1193
1193 1194
1196 1195
1191 1196
1186 1197
1217 1198
897 1199
1203 1200
1202 1201
1203 1202
1204 1203
1205 1204
1206 1205
1210 1206
1206 1207
1207 1208
1214 1209
1218 1210
1194 1211
1211 1212
1212 1213
1194 1214
1218 1215
1215 1216
1192 1217
1209 1218
1195 1219
1221 1220
1222 1221
1223 1222
1224 1223
1226 1224
1228 1225
1225 1226
1226 1227
1238 1228
1232 1229
1227 1230
1237 1231
1231 1232
1232 1233
1236 1234
1234 1235
1237 1236
1230 1237
1241 1238
1294 1239
1242 1240
1239 1241
1239 1242
1245 1243
1240 1244
1248 1245
1244 1246
1246 1247
1247 1248
1246 1249
1242 1250
1250 1251
1262 1252
1252 1253
1263 1254
1254 1255
1268 1256
1256 1257
1257 1258
1260 1259
1261 1260
1258 1261
1265 1262
1253 1263
1293 1264
1264 1265
1262 1266
1266 1267
1253 1268
1274 1269
1271 1270
1272 1271
1292 1272
1272 1273
1270 1274
1276 1275
1269 1276
1275 1277
1279 1278
1277 1279
1291 1280
1280 1281
1284 1282
1279 1283
1283 1284
1286 1285
1289 1286
1291 1287
1287 1288
1288 1289
1281 1290
1284 1291
1264 1292
1235 1293
1213 1294
1296 1295
1302 1296
1302 1297
1299 1298
1306 1299
1297 1300
1298 1301
1298 1302
1304 1303
1305 1304
1314 1305
1303 1306
1308 1307
1309 1308
1310 1309
1339 1310
1310 1311
1311 1312
1312 1313
1340 1314
1323 1315
1317 1316
1318 1317
1319 1318
1320 1319
1327 1320
1326 1321
1321 1322
1324 1323
1325 1324
1328 1325
1338 1326
1326 1327
1322 1328
1332 1329
1336 1330
1330 1331
1333 1332
1337 1333
1332 1334
1334 1335
1337 1336
1372 1337
1329 1338
1327 1339
1315 1340
1343 1341
1346 1342
1373 1343
1341 1344
1344 1345
1341 1346
1342 1347
1349 1348
1347 1349
1345 1350
1350 1351
1354 1352
1352 1353
1351 1354
1359 1355
1357 1356
1358 1357
1359 1358
1369 1359
1370 1360
1362 1361
1364 1362
1371 1363
1363 1364
1364 1365
1365 1366
1360 1367
1367 1368
1370 1369
1361 1370
1348 1371
1357 1372
1278 1373
1375 1374
1376 1375
1387 1376
1376 1377
1377 1378
1374 1379
1382 1380
1383 1381
1385 1382
1386 1383
1383 1384
1384 1385
1388 1386
1380 1387
1396 1388
1392 1389
1395 1390
1405 1391
1391 1392
1390 1393
1393 1394
1418 1395
1389 1396
1400 1397
1409 1398
1398 1399
1399 1400
1400 1401
1404 1402
1416 1403
1415 1404
1390 1405
1418 1406
1406 1407
1417 1408
1417 1409
1470 1410
1434 1411
1403 1412
1416 1413
1434 1414
1412 1415
1411 1416
1413 1417
1402 1418
1596 1419
1421 1420
1419 1421
1420 1422
1422 1423
1423 1424
1424 1425
1430 1426
1437 1427
1436 1428
1431 1429
1431 1430
1428 1431
1437 1432
1438 1433
1410 1434
1439 1435
1427 1436
1435 1437
1436 1438
1424 1439
1444 1440
1440 1441
1443 1442
1446 1443
1445 1444
1447 1445
1445 1446
1469 1447
1449 1448
1450 1449
1451 1450
1452 1451
1453 1452
1456 1453
1457 1454
1442 1455
1454 1456
1455 1457
1467 1458
1458 1459
1468 1460
1462 1461
1463 1462
1460 1463
1463 1464
1461 1465
1464 1466
1465 1467
1456 1468
1435 1469
1429 1470
1472 1471
1476 1472
1474 1473
1475 1474
1477 1475
1475 1476
1478 1477
1482 1478
1471 1479
1483 1480
1520 1481
1484 1482
1529 1483
1481 1484
1486 1485
1487 1486
1489 1487
1487 1488
1492 1489
1491 1490
1495 1491
1495 1492
1501 1493
1493 1494
1500 1495
1497 1496
1498 1497
1512 1498
1511 1499
1496 1500
1490 1501
1503 1502
1517 1503
1505 1504
1502 1505
1504 1506
1506 1507
1499 1508
1515 1509
1509 1510
1510 1511
1499 1512
1514 1513
1510 1514
1507 1515
1498 1516
1594 1517
1480 1518
1483 1519
1518 1520
1523 1521
1526 1522
1528 1523
1521 1524
1524 1525
1525 1526
1528 1527
1542 1528
1524 1529
1595 1530
1532 1531
1533 1532
1530 1533
1533 1534
1536 1535
1537 1536
1541 1537
1537 1538
1538 1539
1539 1540
1532 1541
1540 1542
1546 1543
1543 1544
1544 1545
1552 1546
1543 1547
1547 1548
1550 1549
1553 1550
1550 1551
1549 1552
1535 1553
1560 1554
1554 1555
1593 1556
1527 1557
1559 1558
1562 1559
1559 1560
1563 1561
1556 1562
1592 1563
1563 1564
1568 1565
1565 1566
1566 1567
1561 1568
1570 1569
1564 1570
1572 1571
1569 1572
1574 1573
1581 1574
1580 1575
1580 1576
1576 1577
1577 1578
1578 1579
1574 1580
1572 1581
1591 1582
1582 1583
1583 1584
1584 1585
1585 1586
1588 1587
1589 1588
1590 1589
1584 1590
1575 1591
1558 1592
1557 1593
1484 1594
1432 1595
1353 1596
896 1597
