steiner points
145 583
547 625
354 625
164 625
164 660
969 135
1073 539
969 539
796 625
409 625
284 1999
388 1999
796 1126
1217 1126
1229 1418
1873 1418
972 1732
846 1732
795 1946
697 1991
795 1813
491 1999
796 908
2027 150
2168 150
2312 150
2483 167
2020 207
1697 428
1768 428
1768 605
1814 687
2838 369
2750 369
2544 369
1814 822
2143 1076
1873 1339
1424 1418
1706 1418
2454 1090
2583 1448
2583 1768
2583 1857
2340 1857
1972 1061
1873 1061
3447 190
3091 400
3200 400
3281 400
3447 400
3729 190
3867 190
3908 505
4117 688
4117 505
3447 985
3909 1238
3392 1269
3295 1415
3279 1435
3279 1481
3279 1608
3502 1712
3502 1868
3400 1214
3817 1238
3917 1238
3447 1214
2907 400
1229 1732
113 2777
388 2777
570 2777
821 2777
113 2843
113 3159
983 2845
1651 2984
1268 3132
1952 2447
1856 2447
1856 2765
1720 2984
1856 2984
2196 2984
2392 2984
1268 2984
1720 3220
1721 3314
706 3929
974 3946
1217 3946
107 3960
921 3713
921 3896
454 3929
107 3929
974 4114
974 4484
107 4135
1444 3714
1721 3478
1694 3691
921 3929
1369 3946
1518 4174
2178 4418
2311 4418
1518 4418
1518 4445
2803 3620
2469 3760
2234 3878
2327 3878
2469 3878
2327 4016
1716 4418
2311 4198
1941 4418
1518 4600
1369 4059
1721 3691
2822 2347
3306 2347
3470 2347
2773 2657
2773 3104
3112 3195
2773 3195
3112 3389
2773 3003
2976 2347
3633 2501
3782 2501
3965 2501
4235 2501
3782 2733
3782 2841
3782 3232
3546 2347
2635 3620
2469 3620
2969 3713
3067 3886
3203 3886
2839 4125
3585 3886
3186 3468
2969 3886
3186 3858
2968 4125
4163 3954
4130 3954
4130 4295
4130 4609
4201 4652
3186 3886
3779 3954
2969 3651
388 2140
264 5205
264 5704
288 5783
475 6157
231 6549
231 6655
239 6858
288 6157
1346 5060
1199 5060
1346 5120
1545 5294
1245 5566
1545 5566
1844 5566
2073 5566
1632 5566
1175 6004
764 6222
787 6340
990 6340
1175 6285
990 6991
990 6457
1085 6991
1637 7010
2077 6158
1829 6225
1829 6506
1718 6722
1718 6770
1718 6930
1639 6981
1193 7010
1245 5908
231 6446
91 7631
407 7631
600 7631
1736 7511
1839 7511
1233 7544
1107 7698
1047 7750
1689 7533
821 7544
1294 7533
1689 7701
1675 7720
1107 7544
1193 7175
1193 7544
172 8908
1047 8269
1047 8521
695 8556
797 8750
1412 8855
1715 8873
1621 8855
376 9206
298 9320
873 9634
376 9320
376 9437
445 9661
621 9661
837 9661
261 9602
376 9602
797 8855
867 8855
1356 8855
1855 9236
1990 9352
1990 9471
1990 9561
1820 9709
1629 9709
1533 9709
1837 9218
376 8908
797 8556
3394 4986
3947 5000
3507 5038
3594 5264
3785 5264
3886 5264
3594 5337
3124 4986
2971 5663
3027 5663
2623 5885
2800 5885
2485 5979
1829 6158
2342 6158
2719 6305
2995 6305
3080 6670
2836 5830
3594 5374
3594 5534
3584 5534
3661 5868
4141 6084
3926 6084
3661 6014
3661 6084
3777 6457
3777 6645
3638 6645
3777 6473
3841 6759
3841 6660
3661 6451
3288 6670
3661 5568
2586 7268
2586 7352
2586 7394
2586 7448
2730 7513
2586 7513
2586 7635
2526 7795
2586 7790
2526 8059
2526 8486
2526 8554
2540 8595
3270 7399
3882 7543
2929 7558
3270 7543
3874 6992
3882 7402
3570 7543
3258 7615
3728 8094
3956 8094
3151 7785
3558 8252
3402 8378
3545 8385
3545 8699
3558 8094
3956 8186
3956 8605
3545 8378
3151 8339
3151 7615
2585 9260
2742 9260
2927 9260
2927 9318
2927 9514
2799 9808
3188 9051
3188 9260
3286 9315
3365 9614
3365 9722
3402 9725
3856 9751
3283 9306
3987 9544
3987 9669
3429 9751
3987 9751
4066 9849
3355 8699
3882 7057
2342 6305
4201 4822
4397 597
4719 597
4719 839
5032 930
5252 930
5644 930
4719 930
4535 1766
4692 1101
4692 1766
5739 148
5739 269
5739 394
5724 540
5644 684
5644 915
4952 930
5761 1578
5619 1623
4692 1084
5961 1157
6531 58
6531 160
6531 236
6458 244
6263 539
6090 539
6136 903
6274 903
5963 1159
5969 1176
6276 958
6155 1177
5979 1177
6276 1001
6276 1177
6396 1348
6493 1504
6396 1504
6784 1504
6898 1504
7050 1453
7077 1453
7148 1453
6784 1777
6354 1325
6090 782
5761 1157
4773 2004
4577 2355
4566 2355
4773 2355
4842 2427
5557 2278
5613 2278
5706 2278
5390 2427
5557 2427
5115 2427
4698 2905
4807 2901
4842 2548
4698 3322
4798 3429
4497 3429
4453 3429
5135 3429
5606 3052
5173 3216
5606 3394
4698 3429
5256 3485
5452 3485
5514 3485
5173 3429
4619 2905
6014 2357
6173 2357
6186 2357
5977 2366
7072 2543
6285 2797
6562 2852
6562 3031
7072 2343
7072 2534
6772 2543
7072 2646
7072 2907
6562 2797
6562 3151
6536 3251
6622 3407
6714 3459
6444 3459
6436 3793
7049 3459
7265 3459
6562 3251
5926 2366
4825 4073
4905 4073
4659 4090
4629 4383
4629 4585
4629 4656
5311 4074
5548 4217
5576 4217
5708 4217
5427 4319
5404 4415
6011 4375
5427 4217
6011 4595
6162 4375
5616 4873
5968 4679
5799 4873
5112 4073
5914 4217
6436 3885
6436 4267
6418 4529
6828 4586
6865 4745
6901 4809
6640 4586
6418 4375
4842 2901
7548 234
8282 371
7905 424
8042 424
8282 424
7687 882
7616 882
8024 742
7905 742
7778 742
8202 789
8143 789
7399 876
7487 882
7687 1003
7905 494
8506 424
8900 424
8993 424
9350 138
9281 199
9797 387
9281 462
9281 697
9766 697
9797 697
9108 462
9281 1005
9712 1071
9423 1071
9281 1071
8944 1090
8777 1090
9892 1268
9281 754
8466 424
7940 1680
8102 1680
8102 1665
8102 1885
8175 1966
7378 2204
7509 2204
7529 2349
8016 2349
8420 1966
8175 2185
8844 1559
9004 1818
8866 1818
8844 1818
8726 1966
8683 1966
9249 1728
9288 1728
8962 1818
9156 1818
9305 2081
9499 2102
9521 2122
9156 2081
9438 2630
8813 2709
9156 2662
8752 2709
9438 2662
9226 2662
9471 2784
9497 2794
9020 2709
9156 2218
8093 2349
8777 1466
7685 3177
7467 3177
7616 3177
8279 3368
7757 3190
8216 3190
8172 3190
8553 3368
8581 3368
8218 4051
7484 4276
8111 4206
8000 4267
7599 4276
7905 4413
7905 4594
8037 4594
7905 4276
8718 4187
8581 3651
8718 3817
8718 3952
8453 4051
8456 4187
8649 4187
8649 4214
8649 4509
8649 4353
8388 4509
8183 4051
8718 3935
9179 3324
9252 3649
9761 3649
9200 3349
9252 3778
9252 3971
9211 4185
9276 4229
9463 4403
9276 4403
9889 4389
9889 4448
9518 4503
9622 4588
9765 4588
9765 4644
9765 4742
9070 4555
9252 4185
8948 4187
9020 2964
6622 3459
4424 5402
4424 5824
4424 5830
4727 6008
4826 6032
4895 6121
5707 6015
5336 6134
5172 6134
6245 5228
6471 5285
6800 5285
6496 5285
6862 5285
5359 6015
6496 5717
5847 6146
5779 6015
6378 6146
6496 6110
6130 6146
4646 6866
4965 6929
4754 6929
4648 6929
5076 7175
5025 7607
5112 7416
5112 7569
5112 7607
4878 7607
5562 7095
5562 7267
5499 7569
5562 7569
5289 7569
5478 8176
4804 8067
5025 8067
4688 8521
5478 8334
5138 8334
5335 8334
5138 8521
5025 7852
6726 6569
6668 6569
6538 6569
6522 6569
6184 6569
5965 7267
6625 7283
6030 7696
6231 7870
6030 7870
6184 7267
7008 7221
6833 7806
6823 7395
6184 7016
5733 7696
6130 6465
4311 8605
4741 8948
4560 9133
4481 9159
4481 9268
4596 9268
4481 9515
4591 9728
4926 9728
4481 9728
5626 9372
6320 9301
5708 9359
4690 9728
5170 9792
5330 9792
5515 9792
6504 9216
6568 9216
6759 9216
5896 9301
5991 9301
6446 9219
6320 9767
6320 9912
5732 9359
5133 9728
4560 8605
7273 5054
7273 5150
7273 5328
7879 4985
7879 5144
7827 5237
7445 5328
7819 5328
7819 5617
7891 5638
8386 5740
7891 5740
7599 5789
7380 5913
7819 5587
8273 5740
7891 5789
8547 5904
8386 5849
8431 5904
7268 6641
7123 6641
7268 6686
7268 6943
7268 7053
7268 7221
8060 6231
8070 6320
8175 6356
8175 6593
8175 6686
8175 6831
8202 6957
7689 6686
7891 6152
8952 5350
8960 5350
9472 5350
8920 5376
8798 5426
8798 5514
8798 5763
8917 6302
9047 6438
9362 6438
9386 6438
9439 6453
9793 6453
9047 6558
9047 6870
8798 5904
8684 5904
7291 7484
7291 7680
7486 7743
7291 7743
8202 7246
8202 7392
7990 7641
7950 7641
8202 7415
7816 7641
7804 7849
7539 7849
7452 8251
7804 8051
7613 8257
7452 8257
7824 8323
8646 8420
7855 8432
8563 8325
8290 8432
8427 8432
8639 8420
8563 8420
7855 8489
7314 9055
7445 9055
7718 8643
8123 9546
7814 9428
7923 9736
8123 9736
8329 9736
7805 9315
8832 9014
8665 9148
8660 9358
8028 9428
8660 9736
7718 9055
7804 8257
9541 7858
9767 7858
9450 7945
9318 7945
9197 7945
9541 8049
9926 7680
9791 7858
9541 7945
9655 8494
9542 8783
9258 8963
9542 8963
9605 9068
9605 9589
9542 8494
9112 9014
8202 7641
6823 7283
7879 5167
4560 8948
edges
805 249
1287 759
1159 402
1268 127
1269 633
1159 464
825 47
1148 427
848 716
853 330
824 294
805 349
1287 52
1148 776
823 85
1160 521
826 471
852 562
847 110
1288 787
827 235
1268 577
1161 103
1162 463
1149 569
1138 602
832 748
1289 478
834 280
1269 578
1286 433
1289 654
850 254
1150 255
800 132
870 793
1284 50
1303 678
828 112
1271 476
828 760
809 382
1294 187
1283 291
856 669
1285 167
1139 238
806 556
1164 51
1151 534
849 663
800 607
854 372
1138 62
806 30
1163 37
830 104
833 265
802 442
804 279
801 417
804 19
1152 323
831 459
855 513
1280 522
1277 652
1292 105
1293 398
1275 520
1302 656
1184 213
1278 555
1279 667
835 460
1140 712
1280 386
855 180
1274 740
1165 475
1166 290
1141 2
822 600
1153 599
1281 136
1142 651
1169 299
857 395
1181 384
1172 142
1282 231
1295 485
813 5
845 733
1297 344
1296 674
836 301
1278 92
1157 379
840 357
1300 657
1146 624
812 118
1154 10
868 720
1158 57
1167 268
1168 738
1170 766
1299 745
1282 640
866 432
867 381
858 313
1301 458
859 647
868 152
1183 642
1171 509
837 721
1174 223
1301 41
838 565
860 44
815 430
1179 285
861 170
841 504
1180 488
1340 269
862 645
1175 315
1178 465
1176 435
1306 220
1315 551
1155 229
817 450
839 664
863 609
1321 517
1156 319
1181 519
1304 723
1306 731
1304 527
864 80
1156 655
1322 293
1322 158
816 70
1145 311
842 174
1323 756
1182 385
820 247
1317 218
810 484
844 722
1316 90
865 523
865 734
1307 9
871 380
1145 144
1182 770
818 272
1320 193
1313 625
819 550
1319 491
810 511
1186 244
843 302
821 137
1310 141
844 795
1325 383
1326 35
1309 682
1327 505
961 232
1214 314
1327 245
1193 689
1314 683
1309 494
1338 423
941 579
1192 564
1191 526
933 498
1222 690
882 234
926 469
937 246
1216 55
1222 95
924 199
1312 172
1188 100
1187 155
1215 543
1237 429
925 325
881 20
1311 406
1196 17
881 606
1217 479
936 587
1329 397
1194 529
1339 765
875 710
934 597
1223 496
1224 455
1199 761
1332 143
1188 593
887 518
937 762
1329 757
1195 179
1225 200
927 304
1334 539
1332 696
872 620
938 750
883 151
874 215
1335 340
1336 438
1219 209
1330 87
1336 133
939 691
876 644
878 646
1220 69
1198 786
1213 139
1226 409
1205 641
1213 259
1267 74
879 732
1392 183
886 49
1342 228
932 338
1226 623
1206 425
1221 472
1205 453
887 353
1346 405
928 552
1343 742
880 572
1348 39
880 126
1228 392
877 665
1341 782
1347 687
929 611
1206 401
889 616
877 320
940 189
930 58
1229 7
940 236
1229 764
1345 605
890 487
1374 221
1200 499
1372 275
1203 145
1375 441
1349 649
931 437
1207 670
1204 581
1230 752
1202 29
1234 150
1344 296
1232 240
1231 613
1235 608
949 492
903 530
1209 66
1203 194
1210 431
943 6
898 176
912 225
897 367
942 48
895 101
1374 468
960 364
1360 590
1211 659
1201 60
904 739
948 448
895 610
944 515
902 205
923 614
913 163
1376 369
1233 207
914 434
1361 470
951 26
953 506
914 263
1259 574
945 362
896 297
946 97
891 452
1371 195
893 162
1362 113
953 456
894 4
916 13
1377 629
1363 361
917 799
1370 178
1258 627
1350 447
1257 300
922 595
1238 783
1239 3
1244 497
1240 202
899 28
947 436
959 25
901 531
952 324
907 282
1378 675
1364 545
1391 791
919 177
1245 777
1352 32
1366 528
1247 537
1379 138
1351 486
1260 196
1353 251
1246 694
1354 165
955 121
1248 343
901 289
1382 191
1368 270
1351 736
1253 735
1241 345
1382 393
1380 334
918 618
1355 779
1249 407
920 173
1249 781
911 615
1383 256
947 342
900 201
1384 677
1369 561
1261 15
908 424
1357 72
900 474
1389 585
1369 181
1242 576
1262 749
1385 680
1357 295
1252 309
921 798
956 560
921 660
1387 175
957 346
1243 457
1389 542
1255 557
1265 266
909 333
1388 700
1263 350
1243 216
1367 305
1388 532
1264 203
1137 326
1052 166
1254 668
1264 563
1254 329
962 541
1256 16
970 316
1487 477
1045 637
1046 462
1484 264
1047 146
971 287
1484 210
971 258
972 182
1405 797
1488 412
1403 794
1052 480
1485 358
1596 582
1394 575
962 771
1519 356
1521 53
1403 230
1489 284
1049 260
1050 335
1407 377
1404 592
973 709
1490 418
1051 547
1520 337
1064 348
1522 134
1486 278
1394 394
1523 673
1407 188
977 341
1524 679
1521 788
1066 81
976 198
1053 688
1066 544
974 568
1080 755
1498 117
1492 483
1493 413
1054 241
977 717
1494 681
978 746
963 93
1054 643
1409 164
1499 648
1525 288
964 707
1496 769
1395 546
1063 14
1396 31
1055 77
1502 507
1067 186
1056 773
1501 63
996 784
1497 252
1503 714
1497 27
1411 157
1535 400
1408 276
1057 140
979 327
1397 792
1070 128
1400 489
1398 184
1058 403
1068 388
1069 46
1413 536
1399 250
1401 224
1412 502
1518 718
965 725
988 83
1061 352
980 67
989 754
1510 68
1504 18
1402 322
983 253
1068 318
1410 332
1526 775
1060 40
1511 360
981 621
1512 292
1531 239
1529 227
1528 727
997 414
1078 94
1531 588
985 366
1072 153
1455 120
1075 622
990 728
1441 559
1530 780
966 106
1136 131
1415 549
1505 73
1440 363
1532 653
1439 206
1513 715
1505 261
1074 604
967 583
1077 355
1062 573
1517 123
991 11
1442 730
1416 796
1439 440
1076 538
992 0
1079 685
1515 156
968 586
1415 636
1533 737
1417 708
993 303
1507 768
1516 98
1425 59
994 473
986 351
1098 666
987 594
1453 354
968 495
1418 751
1081 114
1508 454
1135 168
1533 378
1425 396
984 662
1094 525
1012 389
1419 84
1450 524
1509 596
1540 88
1444 212
1081 444
1445 638
1001 370
1082 217
1541 233
1083 726
1452 281
1094 672
1099 321
1583 702
1544 426
1421 416
1002 744
1084 706
1424 439
1536 767
1536 415
1002 684
1085 328
1007 481
1008 368
1100 695
1003 612
998 125
1096 466
1429 422
1427 628
1543 639
1424 411
1101 589
1580 91
1000 719
1087 603
1545 533
1423 758
1095 558
1537 374
1583 336
1446 22
1004 365
1009 192
1010 65
1542 419
1538 553
1005 535
1454 274
1539 631
1104 111
1089 699
1577 371
1088 632
1451 410
999 109
1547 267
1438 566
1451 277
1584 23
1578 135
1447 516
1594 197
1581 317
1579 390
998 635
1010 446
1448 42
1102 701
1103 490
1582 208
1549 147
1090 129
1431 461
1431 312
1109 467
1430 408
1581 242
1430 243
1548 45
1110 107
1548 697
1105 161
1550 540
1015 512
1555 650
1552 34
1555 298
1436 54
1017 571
1113 71
1447 149
1434 789
1106 617
1107 661
1558 387
1553 226
1551 248
1556 306
1014 711
1091 785
1560 404
1586 428
1016 185
1433 421
1553 148
1557 705
1092 692
1017 704
1586 676
1437 96
1093 82
1456 211
1021 591
1111 713
1563 190
1093 130
1019 79
1134 283
1018 554
1587 122
1033 501
1108 99
1561 24
1020 686
1475 747
1014 273
1457 580
1457 222
1588 262
1034 169
1473 124
1570 698
1593 376
1477 508
1121 601
1561 204
1562 75
1590 237
1458 64
1116 76
1571 693
1459 38
1129 214
1022 257
1474 375
1042 373
1478 56
1035 78
1115 443
1461 219
1115 399
1461 449
1023 36
1476 12
1128 671
1123 763
1569 634
1118 514
1023 119
1475 308
1036 630
1572 89
1468 420
1466 310
1573 567
1481 160
1565 584
1026 500
1482 307
1037 8
1119 510
1462 1
1041 21
1129 619
1564 741
1038 86
1024 61
1591 626
1030 790
1591 753
1124 116
1024 548
1027 729
1130 451
1464 108
1041 482
1125 347
1126 159
1463 493
1566 772
1127 171
1465 43
1479 33
1029 391
1040 115
1470 154
1469 658
1120 724
1472 598
1030 271
1568 778
1133 774
1131 102
1133 445
1574 331
1480 286
1480 743
1028 570
1039 339
1471 703
1120 359
1566 503
803 800
808 801
809 802
802 803
803 804
807 805
807 806
808 807
822 808
801 809
811 810
961 811
813 812
814 813
871 814
839 815
817 816
820 817
819 818
821 819
818 820
811 821
812 822
827 823
823 824
824 825
825 826
829 827
829 828
830 829
831 830
835 831
833 832
834 833
826 834
846 835
845 836
815 837
814 838
838 839
836 840
840 841
841 842
842 843
843 844
846 845
837 846
851 847
870 848
848 849
849 850
850 851
847 852
852 853
853 854
856 855
854 856
851 857
867 858
866 859
859 860
860 861
861 862
862 863
863 864
864 865
869 866
869 867
858 868
857 869
832 870
816 871
873 872
874 873
875 874
878 875
872 876
876 877
888 878
884 879
888 880
882 881
883 882
885 883
889 884
884 885
885 886
886 887
879 888
890 889
903 890
905 891
893 892
906 893
898 894
896 895
905 896
891 897
897 898
892 899
899 900
894 901
906 902
923 903
902 904
892 905
922 906
910 907
909 908
919 909
918 910
910 911
960 912
943 913
915 914
916 915
913 916
915 917
920 918
917 919
908 920
911 921
907 922
904 923
927 924
933 925
925 926
932 927
930 928
931 929
929 930
949 931
928 932
924 933
941 934
934 935
935 936
936 937
935 938
938 939
939 940
926 941
912 942
942 943
950 944
958 945
948 946
952 947
959 948
951 949
945 950
958 951
950 952
954 953
955 954
956 955
957 956
1137 957
946 958
954 959
944 960
873 961
963 962
964 963
969 964
980 965
997 966
966 967
967 968
965 969
972 970
970 971
973 972
975 973
996 974
974 975
978 976
976 977
975 978
983 979
981 980
982 981
985 982
982 983
986 984
984 985
995 986
994 987
1059 988
1058 989
989 990
990 991
991 992
992 993
993 994
987 995
979 996
969 997
999 998
1000 999
1007 1000
1006 1001
1001 1002
1013 1003
1011 1004
1004 1005
1008 1006
1011 1007
1003 1008
1006 1009
1009 1010
1013 1011
995 1012
1012 1013
1043 1014
1005 1015
1015 1016
1044 1017
1044 1018
1034 1019
1021 1020
1019 1021
1043 1022
1025 1023
1029 1024
1022 1025
1025 1026
1031 1027
1027 1028
1028 1029
1031 1030
1026 1031
1018 1032
1032 1033
1033 1034
1042 1035
1035 1036
1036 1037
1037 1038
1038 1039
1039 1040
1040 1041
1020 1042
1032 1043
1016 1044
1047 1045
1050 1046
1048 1047
1051 1048
1048 1049
1049 1050
1064 1051
1045 1052
1063 1053
1053 1054
1057 1055
1055 1056
1059 1057
988 1058
1136 1059
1061 1060
1062 1061
1079 1062
1056 1063
1065 1064
1080 1065
1065 1066
1070 1067
1069 1068
1071 1069
1071 1070
1078 1071
1075 1072
1077 1073
1073 1074
1073 1075
1098 1076
1076 1077
1072 1078
1074 1079
1067 1080
1082 1081
1083 1082
1084 1083
1086 1084
1096 1085
1085 1086
1086 1087
1089 1088
1087 1089
1088 1090
1090 1091
1091 1092
1092 1093
1097 1094
1100 1095
1114 1096
1101 1097
1135 1098
1095 1099
1097 1100
1114 1101
1103 1102
1110 1103
1113 1104
1109 1105
1112 1106
1112 1107
1107 1108
1102 1109
1111 1110
1456 1111
1105 1112
1106 1113
1104 1114
1116 1115
1117 1116
1122 1117
1117 1118
1118 1119
1119 1120
1134 1121
1121 1122
1128 1123
1123 1124
1124 1125
1125 1126
1131 1127
1122 1128
1130 1129
1132 1130
1126 1131
1127 1132
1132 1133
1108 1134
1099 1135
1060 1136
1046 1137
1139 1138
1140 1139
1144 1140
1154 1141
1141 1142
1142 1143
1157 1144
1147 1145
1147 1146
1186 1147
1149 1148
1150 1149
1151 1150
1152 1151
1153 1152
1143 1153
1144 1154
1185 1155
1155 1156
1146 1157
1185 1158
1160 1159
1161 1160
1162 1161
1163 1162
1164 1163
1184 1164
1166 1165
1169 1166
1158 1167
1167 1168
1172 1169
1171 1170
1168 1171
1173 1172
1170 1173
1183 1174
1176 1175
1174 1176
1175 1177
1177 1178
1178 1179
1179 1180
1180 1181
1177 1182
1173 1183
1165 1184
1143 1185
1189 1186
1189 1187
1187 1188
1190 1189
1196 1190
1192 1191
1193 1192
1237 1193
1195 1194
1191 1195
1194 1196
1198 1197
1267 1198
1190 1199
1197 1200
1208 1201
1208 1202
1202 1203
1201 1204
1207 1205
1212 1206
1211 1207
1200 1208
1212 1209
1209 1210
1210 1211
1204 1212
1197 1213
1215 1214
1216 1215
1219 1216
1214 1217
1224 1218
1227 1219
1221 1220
1228 1221
1223 1222
1218 1223
1227 1224
1218 1225
1225 1226
1220 1227
1236 1228
1236 1229
1393 1230
1234 1231
1393 1232
1232 1233
1235 1234
1342 1235
1230 1236
1217 1237
1239 1238
1257 1239
1238 1240
1240 1241
1241 1242
1242 1243
1251 1244
1246 1245
1247 1246
1258 1247
1251 1248
1248 1249
1253 1250
1245 1251
1250 1252
1266 1253
1256 1254
1252 1255
1255 1256
1244 1257
1250 1258
1233 1259
1259 1260
1266 1261
1265 1262
1262 1263
1263 1264
1261 1265
1260 1266
1199 1267
1270 1268
1272 1269
1271 1270
1272 1271
1303 1272
1277 1273
1273 1274
1276 1275
1283 1276
1276 1277
1279 1278
1275 1279
1281 1280
1274 1281
1273 1282
1270 1283
1285 1284
1286 1285
1294 1286
1288 1287
1290 1288
1293 1289
1291 1290
1302 1291
1291 1292
1292 1293
1290 1294
1298 1295
1297 1296
1298 1297
1299 1298
1300 1299
1340 1300
1296 1301
1295 1302
1284 1303
1305 1304
1307 1305
1305 1306
1308 1307
1313 1308
1310 1309
1311 1310
1312 1311
1339 1312
1320 1313
1308 1314
1318 1315
1324 1316
1323 1317
1317 1318
1318 1319
1319 1320
1324 1321
1321 1322
1316 1323
1328 1324
1328 1325
1325 1326
1326 1327
1338 1328
1333 1329
1337 1330
1337 1331
1330 1332
1334 1333
1331 1334
1333 1335
1335 1336
1392 1337
1331 1338
1314 1339
1315 1340
1345 1341
1343 1342
1341 1343
1348 1344
1347 1345
1344 1346
1346 1347
1349 1348
1360 1349
1370 1350
1354 1351
1353 1352
1358 1353
1358 1354
1356 1355
1487 1356
1356 1357
1355 1358
1365 1359
1361 1360
1371 1361
1359 1362
1350 1363
1363 1364
1364 1365
1365 1366
1368 1367
1366 1368
1367 1369
1352 1370
1362 1371
1375 1372
1376 1373
1373 1374
1373 1375
1377 1376
1390 1377
1391 1378
1390 1379
1381 1380
1379 1381
1383 1382
1386 1383
1380 1384
1384 1385
1385 1386
1386 1387
1387 1388
1381 1389
1378 1390
1359 1391
1372 1392
1231 1393
1395 1394
1396 1395
1397 1396
1398 1397
1399 1398
1402 1399
1411 1400
1408 1401
1401 1402
1404 1403
1406 1404
1406 1405
1409 1406
1405 1407
1400 1408
1413 1409
1414 1410
1410 1411
1414 1412
1412 1413
1455 1414
1418 1415
1419 1416
1416 1417
1417 1418
1421 1419
1438 1420
1422 1421
1423 1422
1420 1423
1420 1424
1426 1425
1428 1426
1429 1427
1427 1428
1422 1429
1434 1430
1432 1431
1435 1432
1483 1433
1436 1434
1437 1435
1435 1436
1433 1437
1432 1438
1440 1439
1441 1440
1442 1441
1443 1442
1453 1443
1426 1444
1449 1445
1454 1446
1448 1447
1446 1448
1444 1449
1595 1450
1452 1451
1595 1452
1449 1453
1428 1454
1443 1455
1483 1456
1597 1457
1597 1458
1458 1459
1459 1460
1460 1461
1460 1462
1465 1463
1469 1464
1462 1465
1472 1466
1477 1467
1466 1468
1463 1469
1482 1470
1470 1471
1471 1472
1478 1473
1473 1474
1474 1475
1481 1476
1476 1477
1467 1478
1467 1479
1479 1480
1468 1481
1464 1482
1485 1484
1486 1485
1490 1486
1488 1487
1596 1488
1491 1489
1491 1490
1498 1491
1493 1492
1495 1493
1499 1494
1500 1495
1500 1496
1496 1497
1492 1498
1495 1499
1518 1500
1503 1501
1494 1502
1502 1503
1506 1504
1504 1505
1507 1506
1508 1507
1509 1508
1450 1509
1511 1510
1512 1511
1513 1512
1514 1513
1517 1514
1514 1515
1515 1516
1506 1517
1510 1518
1522 1519
1519 1520
1520 1521
1523 1522
1524 1523
1525 1524
1534 1525
1534 1526
1526 1527
1527 1528
1528 1529
1529 1530
1530 1531
1527 1532
1532 1533
1535 1534
1501 1535
1537 1536
1539 1537
1547 1538
1538 1539
1516 1540
1540 1541
1594 1542
1542 1543
1541 1544
1543 1545
1545 1546
1546 1547
1551 1548
1546 1549
1576 1550
1550 1551
1576 1552
1558 1553
1552 1554
1559 1555
1554 1556
1556 1557
1559 1558
1557 1559
1554 1560
1562 1561
1575 1562
1560 1563
1573 1564
1569 1565
1567 1566
1564 1567
1567 1568
1575 1569
1571 1570
1572 1571
1574 1572
1565 1573
1568 1574
1563 1575
1549 1576
1585 1577
1577 1578
1585 1579
1579 1580
1580 1581
1592 1582
1584 1583
1578 1584
1582 1585
1592 1586
1589 1587
1593 1588
1588 1589
1589 1590
1590 1591
1587 1592
1570 1593
1544 1594
1445 1595
1489 1596
1483 1597
