5202 3933
8094 8085
7568 8384
494 2597
1195 5179
336 6599
3346 2939
7615 3886
1384 9643
591 2935
54 7951
3557 1820
575 4248
6506 2827
3516 4012
1040 8805
2060 499
5340 712
5805 5498
1137 6504
1253 4092
463 7234
2066 3706
4411 2127
8331 9629
1767 6546
653 5088
8897 973
4805 5419
7623 2214
7162 7863
1641 7053
4106 533
6311 7193
7841 6314
214 9265
7764 3321
5357 8888
6247 4841
8985 5390
9557 8176
6940 4637
2265 4036
2945 3377
4381 356
1343 6739
6955 9375
4262 7885
4625 6238
9073 533
4339 7440
4430 9437
8426 1100
7258 1258
8796 1280
7847 7431
1701 952
721 8400
7100 3533
8189 4162
7627 2543
2767 6354
1589 3609
7380 3587
9091 4608
5386 158
6920 6501
5922 7646
5979 1337
4401 6615
2193 1289
7838 557
5633 8019
9689 6894
9289 4452
4481 6077
7491 3549
9780 3149
6483 8198
3032 1715
4755 3180
7735 3253
4618 1881
4628 9146
8854 1909
483 2722
6765 732
5053 6159
6100 7252
2441 981
9978 3231
7806 3560
8633 9763
5540 2988
8127 1437
6953 9270
6231 1710
6051 7741
7995 3514
9140 9051
7473 3954
6047 946
7009 9988
3828 6438
8538 9391
8291 8589
4873 8043
3324 6276
9257 4132
7868 804
4466 2780
4876 8057
3638 8290
7902 5784
1066 683
7597 3351
7567 9196
629 6451
632 3478
2410 2185
4512 6459
6817 6870
3669 4360
9718 9576
448 3626
1104 1716
1813 236
1384 8186
6270 3619
3535 4536
5625 8931
8854 2578
9256 4544
900 1675
5383 138
3160 8140
2063 1268
4196 4236
8891 8351
7437 2782
9562 9422
1375 1806
8767 718
6898 3071
1837 565
9234 4214
8957 6993
9339 3751
2757 781
2699 9498
7049 3725
7631 3586
2777 2602
6329 8759
2908 8040
1790 6896
6317 6826
9162 2919
9507 8704
4843 4186
3271 4165
470 6278
6935 3577
9520 2016
110 7036
9355 5564
8998 726
4308 8475
9503 5557
7339 2870
9844 7418
8802 1336
3646 8532
295 2606
6815 3953
9400 1151
1332 2105
7679 8308
5333 388
4595 1981
8312 5264
8107 8767
6256 3419
4331 1670
9122 779
6263 8144
1204 3514
3266 3161
5866 3349
6568 2638
7753 9443
8972 4730
6187 713
5924 5416
8580 1246
5276 3663
5707 472
5048 2484
8983 5688
1492 9933
2056 212
7083 4410
424 9293
2003 8706
80 4626
6521 8569
5506 7508
8156 9442
6973 840
581 1158
1472 9066
1124 9250
346 3488
5856 3178
1970 1731
7452 1112
3438 2063
8983 2938
8104 8366
9495 7808
8878 5774
1577 248
8255 4334
9971 1083
1125 9214
2551 9428
7577 9185
4145 729
9911 3185
2127 222
7030 3054
168 695
5888 3121
8666 4560
6706 9495
453 1093
2876 1249
9329 3678
781 3537
9948 5803
4868 6740
6664 4501
494 9850
6264 4549
735 8274
6731 3535
9242 3813
62 1738
7909 538
2281 1075
4008 1546
2844 106
4642 115
6458 2711
3111 8107
1053 9450
9625 7733
8046 4546
3268 5937
8893 9028
32 6581
9141 6399
9359 4910
1128 2301
3018 5929
2963 1136
3987 2273
2247 6824
9149 1244
6544 2100
252 4872
5975 1534
8730 4140
1287 3376
9592 3656
4933 6706
2843 1076
6537 5111
4863 1772
2004 3804
9818 1524
3179 2840
656 9535
3653 1466
561 2216
5567 2657
3992 5618
6354 663
8696 2444
5759 8111
1606 3394
3700 8079
8220 785
3655 9459
8534 9481
238 903
13 1706
437 2927
6772 4726
6728 7280
501 3604
769 4438
7553 7524
1523 619
5764 186
9347 5177
1567 2602
1252 3103
9880 3273
8366 5826
7758 9381
9377 4391
8481 7241
5062 8667
5492 9145
8912 1924
3654 7037
3872 9712
3760 6502
6220 1463
2205 927
6493 4111
6429 3452
2191 9403
7568 4152
2173 8851
5397 8080
9303 8081
3830 2680
7272 3354
9549 1995
6878 26
210 3292
1331 9942
5807 763
4852 4768
3282 2829
3775 3256
7463 1875
3163 5074
5749 1105
6024 379
9416 3951
4465 3693
6765 4035
7078 8040
342 4774
3791 3874
9163 2956
3545 1338
8331 2831
7177 7524
7688 9397
2976 2004
8099 2606
9418 5070
4890 1734
1292 1760
805 9059
5141 2884
534 3003
5683 1528
9308 8182
1694 8839
768 537
2512 3782
9508 9012
2033 3448
9353 5035
8257 3146
5613 8648
752 458
2414 1199
664 8320
6741 6013
9591 4198
6191 4167
9265 6499
6899 80
2892 3294
7877 2632
3880 2379
2063 3174
3882 3215
7948 2274
7748 928
9297 2942
9614 8647
628 8253
8317 5295
5981 9973
8824 791
1936 2315
1596 1990
6475 9560
9417 738
60 3460
5869 4655
105 5207
2745 6505
9846 3386
8289 8687
8031 1518
961 2904
6988 3131
8896 8870
6333 6852
7169 8692
6434 6266
8816 2458
543 7351
3933 1837
1087 8906
7636 844
6880 9330
9940 9274
9112 2209
4639 2268
9421 353
7878 4142
8015 3473
2519 1615
7278 489
8766 5126
5306 7408
565 6969
4371 8353
8977 7524
1606 3976
9484 5900
6202 9299
6861 3175
7098 3685
67 9111
6868 5703
6758 876
6231 393
2970 440
9956 7063
4916 3411
4468 1762
1060 8283
8748 494
4777 3918
5697 3887
9848 1611
4920 22
6339 1014
4049 4905
2669 5171
3761 6415
2876 3834
788 5078
3181 5611
2012 5059
6819 864
6713 3308
3142 7349
9938 705
8620 1760
660 7629
7074 8162
8605 9615
6000 3808
2885 6381
8571 3713
8556 7773
8984 6246
1068 4305
9231 1019
8850 4854
337 2694
1480 8023
118 502
7822 4525
9054 7577
8992 1896
5484 1685
9749 554
4665 4081
3795 9576
3194 338
1071 1853
1365 9390
8072 1774
9307 196
3134 6312
3514 3415
8643 314
6543 9955
3404 1078
4281 4658
8357 1012
7687 8128
4634 3604
9040 4825
5796 3879
4801 8309
5205 1568
5334 2774
8441 7507
2847 8708
977 2605
3140 5425
1920 8852
733 4868
7032 3694
3908 3994
4389 9124
4862 2644
6989 9501
8357 2427
7622 3388
8650 9999
6948 344
8321 4567
1007 1172
5587 8845
1300 9134
4670 8081
1514 8816
6843 1301
594 4142
9694 4787
2325 4336
1405 5800
6722 9651
7666 1234
1426 737
761 3254
8123 4695
4577 6080
5227 4099
6675 2000
5618 9326
9055 1947
1599 436
8525 3426
7090 4323
960 7103
662 5185
7017 6148
8377 1322
1301 3631
3450 7447
2179 8586
8851 3209
160 3248
5506 2696
5259 2748
5973 4971
824 9802
9773 4298
7071 2759
1968 3118
8734 2809
6820 8367
792 3610
2641 5071
6042 488
9657 3058
7320 3329
8955 4443
600 407
9658 906
4891 469
9620 5251
4952 6999
4291 6350
5518 3865
8931 4351
8331 1494
9827 6852
5262 925
3446 8500
938 9298
5565 2503
9180 3096
9141 3025
3291 2067
6820 9162
8269 4008
3062 3397
4527 2538
7715 4626
6810 3208
6429 3498
2126 9994
209 5091
1519 4837
7732 9819
9388 1697
7763 4401
1682 1862
5684 5861
8649 73
1217 8178
4860 230
4815 2541
2678 5204
9070 2192
7515 534
7417 6146
710 2111
5299 8005
7871 1886
1048 687
287 8829
6696 3725
1185 4457
5475 9924
9085 203
6467 2590
4655 1941
9748 8540
1123 6059
7114 5406
9952 1640
5772 4526
7446 3948
864 1634
6076 3644
576 2390
3876 6782
6748 8741
3772 8363
6279 705
8698 2041
3674 1143
4357 8128
6423 3297
5874 3783
518 1747
7165 7735
69 6103
8907 2169
6887 3004
4559 4416
5328 326
4129 2226
4248 102
1206 6479
4274 8651
4690 1247
1178 3528
224 3618
8069 2210
2011 994
8237 1556
9436 8534
8994 4793
5938 7452
4701 8166
9506 3247
7736 3507
5249 9432
4184 9108
7521 8961
6239 8868
6634 5605
7918 5061
9140 2659
5106 8498
2279 2062
1875 5127
245 2532
8120 5604
3807 737
6568 1724
1629 1697
5902 2528
7801 6498
1393 4449
2733 2259
6616 4244
4001 477
1705 2738
4893 235
9848 7925
1296 2301
2454 8851
7340 4055
1040 9542
4169 6449
4100 5950
616 1895
9190 8370
3537 5464
914 8270
6962 582
5168 3328
6686 9138
854 6907
6915 8225
4876 8907
2587 2326
7672 9992
1640 8639
5902 681
3390 5301
23 2567
7439 2074
6414 4761
1102 5693
2759 5663
7862 4886
9333 9870
6724 2223
4910 7126
5545 4101
4453 4806
6082 6264
1631 1216
939 6071
3252 1907
8245 1020
9596 2354
7995 1641
1682 9413
2007 8953
8268 9244
8792 7654
407 9615
1283 380
5228 2197
4894 4405
920 8034
8964 1857
3149 9426
1977 2136
8186 781
1217 44
4473 2264
5978 4760
1059 5852
1973 2251
7635 9336
7991 2546
9711 5345
5543 8453
5891 7748
6807 8367
8940 7701
6306 3417
7633 3750
7989 9950
474 5863
5790 5975
1167 3435
2817 3277
9303 5892
3230 7229
6291 4447
7008 9058
7297 4694
8743 7281
1765 1431
9914 8526
9878 1662
9946 4030
6843 9219
5561 1807
9518 4406
2526 3753
1014 6096
5165 513
4779 886
8280 4374
2024 6413
9136 5765
8584 6820
8921 80
6983 2324
7006 1243
3962 8486
7484 4022
8155 6841
8231 2797
6447 898
3189 6204
1949 1489
6666 2635
5475 1129
714 9879
8224 3166
7767 8669
4765 8657
6880 5075
4493 897
6573 3850
8409 1509
5689 7235
6000 681
911 746
4354 2944
1776 9428
4689 9210
147 1792
7833 1578
9517 5196
8009 6737
7313 4422
6342 4618
1489 3611
4710 9507
8008 6134
2325 7001
8738 6626
6494 8535
837 2522
9684 3085
2299 29
4448 638
1223 5465
629 2591
8325 9444
9943 1130
7862 2800
7578 5494
572 4430
7170 1099
6689 8621
609 7219
6764 6409
9293 9755
8177 8828
4897 469
9134 2299
7045 9335
9664 1818
6078 2563
8038 9243
2171 2225
7190 1040
9091 8866
9280 7722
2143 8124
6156 3669
6217 8365
599 1377
850 3372
2232 245
1494 9310
900 5682
6930 3300
2536 3652
6444 9859
5865 9401
9301 4510
4154 1574
9624 5429
3656 5251
9056 9914
5881 4897
990 1649
3231 934
6504 4796
5912 5388
8618 6003
391 1222
2882 1531
3551 5454
4206 1602
7958 7970
1480 4563
463 3233
2206 4002
514 9313
8849 9746
9799 3160
9135 3934
9269 6149
8550 6560
1293 9032
9824 471
548 3267
2257 3046
3217 1538
7572 2686
7872 3302
2414 9293
6686 8448
1215 3456
259 8143
9654 5676
7200 4895
6380 2096
7979 2372
1251 9547
5089 386
8177 2802
7341 6313
1736 1092
8504 8929
7482 6917
1721 811
5172 2873
6022 9218
8644 6694
9699 2556
9202 9316
8111 3759
2502 7303
5385 2846
7276 7760
1797 2755
2674 9215
9757 3558
6840 2638
8176 1628
8060 4315
4213 5532
6679 3169
3849 4105
4642 5956
8740 7866
693 1393
7466 5809
5326 2814
3550 2326
6464 239
194 7060
5202 9420
5589 811
8350 1938
7755 2394
2192 2423
1978 1667
259 1304
249 2840
4090 2693
4935 8792
8452 2327
2300 918
9646 846
1518 5065
1618 5152
635 9157
1383 5914
6892 3937
7751 577
4012 3304
6666 3365
6968 8780
8427 8277
1263 3383
2202 193
1923 2346
3842 4964
5308 9415
5259 3951
7092 6618
5951 7306
1167 5755
7788 8155
9585 9996
6520 2627
7256 1631
3805 908
8655 9726
8562 6618
5883 5063
1926 7222
8425 4663
8000 5054
8425 3113
9003 2434
5188 5998
7163 118
9276 9673
8588 4806
2709 9154
9120 4834
5377 757
8951 8421
8452 6132
5226 615
9421 7242
3590 537
8394 9663
5886 7306
6580 1069
6122 4304
8992 9361
919 572
2244 608
9352 884
2132 5471
3893 8787
5585 2219
6540 2192
7410 4555
2598 1222
9161 4578
9147 5308
9111 129
9418 9069
370 4023
3314 2880
8345 766
