9853 4567
7987 1296
511 206
1289 2572
5817 283
1338 3529
1870 3
9453 1982
9399 9092
2118 5837
8491 5933
876 7367
1550 1453
5998 3067
1454 1992
7129 731
578 2358
7392 5144
8946 991
7687 6144
8858 5821
7041 627
156 3141
4937 8738
912 5339
968 5527
4724 2843
6945 1571
2127 3554
6104 61
6298 439
8698 7674
2276 4046
5890 4665
9076 3931
2523 1186
7891 6004
402 267
4838 7914
9937 9638
1524 902
1379 8611
9623 3691
4633 4912
9529 6802
981 5996
7132 368
9457 9675
9705 9926
8088 4092
6884 9562
7934 3616
6678 4893
211 6352
6539 5223
9736 7378
9071 438
9858 7889
5005 3337
4298 8579
6465 1765
9257 1540
9395 3140
4510 1445
3954 5001
7839 5733
2786 3609
7465 4323
8346 963
6314 2346
7812 1825
6145 8059
9488 8072
7876 2493
9593 4729
1549 2126
7136 3348
7876 269
5578 9925
6948 417
2507 1075
6484 4105
8533 3269
8648 9681
6369 341
5817 264
7466 370
9313 519
4781 9608
1571 1875
5154 310
8230 2194
9891 1133
3921 2483
5596 2111
7902 1983
1486 7039
9017 7668
7784 5402
7414 3239
9518 4563
2217 3164
894 995
4017 5425
8818 5091
7533 5011
8061 3333
4362 5706
8769 3923
2874 5010
6576 4229
9871 1285
8856 1029
8935 2414
6162 1807
2501 5039
3302 249
5708 1655
3854 8548
8462 1892
8725 4755
1581 8089
7758 1467
108 579
5513 9647
9265 3564
8976 3034
1116 3132
6398 4838
9664 9317
7659 3258
9257 5942
5703 93
2162 6350
1281 3721
9665 1804
2122 8120
6274 6617
5903 4715
9627 627
3581 5792
7562 8676
4416 9357
2450 5761
3419 2761
998 1968
9074 600
6364 8344
7751 5332
8587 4435
9280 7996
3105 2003
620 8288
8401 71
1728 9257
2482 2549
9795 2867
5294 4881
4118 3009
1650 6067
1733 4524
8268 1393
5520 5062
7423 7061
6061 3979
2779 6713
5561 7485
6609 1462
2863 6307
571 9847
4499 8200
4704 2153
6144 7558
4666 7163
1533 2140
9888 4617
2893 157
9755 6586
376 8970
8269 6089
7295 352
7396 920
7319 947
1040 7082
197 736
7342 5815
6900 478
8805 2267
210 1856
203 1579
424 1965
3820 6810
78 1993
5797 2998
7277 2289
345 5464
3030 2898
7639 408
3489 5160
9341 8779
1707 7481
1581 6084
64 993
5978 822
4161 9363
2464 4491
7408 94
9147 7327
6663 3158
8815 3098
8645 8932
1467 4530
4285 7449
1519 9672
3584 1870
7872 2727
1384 9209
8015 3413
90 4056
3082 4796
8343 9789
1441 9847
1184 8217
2606 6255
9624 5069
988 4806
9545 2808
2118 402
3813 1833
8419 1255
3557 3048
9217 904
7671 6214
9307 9846
6511 7715
8935 3131
9682 1995
8077 5608
7628 9388
329 752
5376 9370
9472 3982
579 3825
627 9760
541 177
8930 5932
9792 4356
4058 8457
7990 346
7080 9201
8774 8830
4355 7295
4778 2120
9360 5098
8515 7923
6204 4692
6800 772
1063 1668
2517 394
9018 6557
5127 7448
1000 6316
7800 2702
999 9240
7249 4665
6719 2370
1778 5442
6239 9857
9799 2957
3290 7556
7753 4594
542 1035
7489 9341
3310 9996
7253 6361
6857 1922
1308 7380
8597 8751
2505 3421
4658 7917
1996 17
1090 3869
2147 2541
726 6881
7156 9546
6220 2542
6812 5962
4953 6788
6574 1960
201 1901
2164 647
8130 4019
6850 979
7659 4770
8841 8559
7233 1144
3753 4689
6863 9418
9332 1895
8575 1925
675 9395
8605 3345
1768 1964
5049 205
2344 2923
8752 264
5493 8485
9159 2488
3483 2735
6980 2122
3548 6736
5797 2718
9821 3367
7347 118
1226 741
2204 5020
455 5968
9487 4254
6653 4900
6210 3647
9507 7201
8510 6365
9605 2013
3925 572
9784 1112
4738 195
7040 1135
1154 8705
8829 92
9657 5595
9966 4871
5004 9708
5299 1678
8708 6703
379 6112
9850 2481
7286 638
4794 221
8949 6448
5267 2619
9048 5249
1383 2377
9939 5030
2335 5997
7773 347
7952 62
3425 3543
6039 8990
4825 5797
8291 9974
9839 8097
2027 367
2037 9695
7834 8283
6741 7613
7289 8632
358 679
9242 3268
7278 8730
5276 3234
8902 1353
8804 8289
6246 1520
607 7817
2101 2653
432 9106
212 3590
2658 9660
2214 2026
1196 1396
2347 3230
411 6679
2769 3606
5613 9268
3551 8727
9281 1794
5372 1895
1507 9251
8244 9462
9950 2316
5847 4776
1603 1073
3733 509
5137 9604
2577 8378
8101 28
3065 1142
3113 4071
2044 4598
9575 825
2921 5298
2916 9393
8083 4696
3200 3410
7291 4378
6059 3877
691 3160
8803 156
2950 6920
2739 1889
3610 5398
2542 1869
9329 9418
6526 2436
8551 3894
5697 9540
2974 2289
7759 1212
9858 3095
7101 5147
1402 7467
3699 3862
122 9442
4958 5948
1134 4296
6687 1980
9190 2672
953 7640
7204 7091
8255 2058
5051 5874
3934 3374
7428 5636
3340 2626
6793 1113
8310 26
2374 447
1118 8894
806 2877
8213 182
7170 2259
8294 8002
9307 2210
9985 1469
6817 1973
8755 2380
9399 743
8482 6908
7120 7362
5253 3470
5679 7105
5770 4672
7819 9834
755 2938
7345 4838
6777 5976
109 212
787 9306
8294 4749
9621 8776
6467 6811
9965 345
1518 2322
8006 4867
3442 2794
9957 3459
7615 4298
730 2639
9395 1904
4258 702
7852 5055
3232 2539
3982 4748
7439 9850
8300 8220
1162 6433
5792 1937
3576 1427
9180 4041
9927 8851
4047 1049
4724 2343
6327 9042
8884 4573
7668 8101
7440 2999
9776 3187
2143 5213
8401 2637
9578 4761
7988 9647
5802 3140
6565 5414
6611 8648
7900 1281
2343 8322
6533 2065
3835 6229
4428 507
6274 740
5046 3418
763 5920
6465 3871
8954 1888
2638 9923
6650 600
3692 1616
7072 3389
3606 682
15 3573
8632 3832
8610 8521
7611 1946
8213 4355
9878 942
2552 6460
4941 4402
1718 8116
6900 9707
8736 9667
5548 1553
3805 8094
7267 3960
5007 1989
4311 4253
5863 244
728 2947
2861 4204
9233 283
6414 6125
7526 5788
2053 8469
1434 8213
8936 2647
2169 3805
3466 9796
9664 2312
4886 2867
4692 8496
9492 5345
9944 3650
1643 9226
8595 1917
9257 9383
9163 321
8986 6296
8799 301
7387 3616
8991 1127
4099 4729
9046 141
9344 8057
9317 492
3900 8977
8487 9330
7495 1092
670 5058
8148 6612
9085 4953
8252 3304
2531 8983
9778 2436
6360 1463
7577 2064
7602 687
563 3220
6137 1543
2215 3651
392 4561
1253 1461
8816 9142
8157 8008
6344 6070
2881 2465
2438 2771
6110 3121
801 9293
2106 4256
1806 9913
6015 9119
797 710
9377 1319
9194 8117
248 9745
2423 4228
8968 6224
6505 2496
1860 6851
7089 7233
4685 6511
6388 1920
664 1852
5572 76
7705 4869
9300 6334
3003 2283
6111 3359
5432 5780
4106 2633
18 3397
438 57
8827 8872
6616 9749
6672 3512
7172 5537
2633 3912
9514 2977
7108 1190
4851 5923
1671 7213
4557 2416
4281 8269
1381 1623
8897 9610
6771 9012
8871 3959
9888 5146
8614 856
3662 392
1182 4806
7555 1604
7069 5246
9723 2616
794 2604
5789 3020
8567 2748
6924 8711
3916 8777
6319 7832
8111 6827
8554 7653
8778 8072
6246 1822
2130 3180
3971 6605
5369 5341
9230 7378
2613 2254
7443 4827
9949 4096
1017 3673
8660 4144
6204 6035
7755 5606
2967 1928
934 5243
7760 4134
145 4674
8387 8662
5481 5667
7434 2100
4343 5466
2521 1627
9448 1086
8484 3118
8449 2257
4039 5859
8037 9241
7070 1841
4372 2887
6099 2427
3111 6273
1116 2375
1234 8774
4454 4646
7693 9022
4804 1897
6586 7497
16 44
8509 9227
9410 1733
6465 6969
8851 5391
9456 528
5808 5100
3475 1976
8847 6580
3633 3078
5404 7091
2141 9173
7568 4179
4822 3855
6800 1845
7696 8386
2011 3483
1593 1082
1362 6183
8813 1599
7442 940
2056 2978
9831 8035
6398 8870
2966 2354
5916 724
6813 1640
8053 1349
6879 4227
4557 9078
5942 9758
5768 2704
7534 1962
903 4441
5 8395
4661 2329
8099 5266
9798 6145
6146 8114
7492 2212
3958 8517
8875 630
3214 7016
3649 2267
1504 5094
4478 2225
4216 2881
2675 8208
1059 4572
9011 3138
6976 7417
5096 1609
924 1885
8251 8643
7685 1321
7848 5369
3178 2129
5893 8055
4883 9705
6737 2961
3009 2994
7322 6360
6045 6611
6182 3718
1799 8119
516 9522
1763 3479
5145 9747
2904 1983
6852 5535
8701 9638
7989 4990
2980 2396
9419 6211
6901 2120
4896 1961
9297 1666
1261 1795
7072 8921
3986 7756
1836 5809
8376 1463
7492 9791
9243 1704
7944 9277
6187 2148
9343 7411
1663 1945
3438 3786
154 916
3646 127
6605 5361
7129 6032
3960 2141
7028 3923
1438 4334
5729 3341
3982 2812
2996 4856
8670 8874
6378 659
7701 4573
6787 6587
9636 2403
1606 2615
1367 8996
8299 150
920 8038
2465 9753
7611 4755
28 1077
9534 3322
2625 1507
6518 9562
3312 506
1329 1012
448 6367
867 7110
7842 2683
7098 935
6386 8615
3726 5325
6373 5662
9547 5866
7921 3650
3006 6195
1915 3756
138 1982
476 8146
6506 1981
1421 8288
569 1683
7777 725
218 2499
711 2023
3826 5277
7691 1741
58 1064
9403 1418
6647 9424
511 9680
2396 2186
8858 154
5397 4695
2155 7084
6815 386
804 9026
6831 7640
8010 5771
1719 4823
9942 4548
2824 3962
7679 7230
7900 962
5647 561
6096 3771
6186 5385
5010 8986
6934 7094
1398 1884
6870 3076
8123 1236
2175 4721
8686 9199
9409 783
4706 7946
9783 3486
7072 1960
9512 5723
3391 8997
2053 2489
9346 4397
8649 128
7928 8217
2630 6680
7231 9052
4944 8915
8669 353
642 2260
3963 7529
3573 1992
7325 2927
5403 4343
2459 6578
6936 7563
3281 9130
6935 288
1527 4868
5773 2228
5497 2800
6768 5126
4373 1505
2484 3224
1356 4897
7142 5852
1312 3640
1280 310
8652 2362
623 9583
8935 5621
1061 4589
6657 7635
6064 854
6205 1458
468 4996
6938 954
5342 1479
2541 7406
7634 1579
7891 6577
4561 783
6582 2604
7118 1842
7710 9939
6789 8595
377 6683
7995 8113
3367 5763
1154 1136
460 5909
6295 3193
5892 463
6268 3752
9151 2166
5060 1384
7605 9639
9270 326
250 9751
9294 4228
9627 3196
9464 8175
1883 5559
9075 245
4695 7387
398 8584
9257 3263
3665 3732
8485 2774
5136 979
5231 4783
9234 3139
8196 7595
1637 3962
9096 2537
9164 7510
7906 5797
1173 5584
4094 4677
7129 9678
1427 216
9016 805
1663 2311
8117 4714
1001 8446
9926 5474
1454 1481
7137 651
9817 4246
1250 1602
6917 4830
4410 1243
7652 7741
1383 6314
8912 851
5061 557
4651 3264
9268 6120
9522 9182
662 4726
2283 3300
7973 5599
4093 8226
1705 5785
6194 270
7649 4721
3432 9145
8806 6583
5669 1199
8876 5125
542 2531
2394 1428
7958 4015
3833 4879
8605 3835
7010 9936
7618 1197
8265 6396
9431 6555
5315 1488
7420 1734
527 3054
1586 2688
884 3081
5465 9160
5008 5101
6479 124
9222 9944
1407 1819
5017 5842
1623 1681
6956 2776
2621 5667
7208 773
5431 7791
578 9008
8559 4352
2215 5375
2771 8055
8545 3523
7254 1423
4547 3067
605 3787
653 6576
9630 4109
1490 7707
3915 2701
1523 2133
4932 3552
9112 4848
8747 387
8782 3234
7223 8098
6166 1362
8354 8705
1872 53
6480 4527
2000 8232
3272 5233
3836 7350
9098 3857
1278 6341
5184 7159
5990 2942
6383 9280
8412 3142
8153 816
32 8714
9230 647
4719 6171
4086 1392
1704 2415
4343 249
