4814 1304
6183 1792
8303 2844
772 3792
3197 8985
6330 4560
2130 9860
300 4071
6112 9325
9556 3404
881 666
2483 4385
7931 8481
6715 9920
3391 4097
5617 8098
8142 1044
1704 4513
144 5867
9711 2133
2015 9253
2423 3934
6147 8910
8354 9603
407 1658
279 5948
2236 2823
1544 8859
7716 4346
8889 560
1289 5829
8584 5217
9954 1558
5145 3129
9921 8462
9594 2734
4255 2001
648 1720
743 8819
260 6608
8061 2799
7873 7038
6242 1446
7721 6532
2156 3473
1293 2299
122 1301
2160 8538
3957 3573
457 5819
8137 5683
3459 8958
2521 1365
1607 774
6468 2975
806 4679
8232 5771
93 8669
5596 4861
443 9313
9110 7766
2558 2195
1752 9768
1488 9084
7613 1607
5801 958
1165 941
9000 6677
7756 3721
7723 5759
8261 4769
9301 917
3298 1425
6551 8854
4335 5223
195 3725
6930 3926
2353 7024
7020 4503
8113 1929
6435 3822
3380 3062
6676 4940
7298 3931
1368 9378
1477 1975
8016 9324
7365 9601
2442 9024
6452 5717
8251 8004
8678 1405
7165 3923
1907 1061
9582 9777
8174 6063
8450 5351
4152 2760
6466 3903
4138 2453
9495 1016
6288 635
1589 5446
2905 2383
8575 265
7734 827
7021 2355
3388 8111
715 9757
5324 7551
212 911
7829 9466
1929 276
6432 90
9751 9200
9028 9232
5809 9551
881 8114
9377 6240
7980 8988
8194 4469
4797 9202
6447 8230
7382 7959
8920 659
8723 6817
6896 1304
7812 2588
6644 958
1829 4911
8612 4069
284 9530
9682 1637
840 3341
5984 2089
8516 4528
469 4242
9616 6378
6249 5779
2449 7108
6433 9899
5015 5345
7439 1933
4560 8337
52 4039
3627 7894
5521 3109
966 3318
7182 3607
1228 4407
7119 5882
7711 662
6921 1589
1536 2546
1523 9270
9490 2891
6525 3584
5506 6336
462 38
7773 237
6497 215
9270 8239
6506 8684
7262 3981
5247 2707
1464 9449
1211 1294
9699 5127
2705 1139
123 5020
8242 4526
3891 1780
8797 6725
128 1590
1663 133
8797 1630
8013 9151
8453 9148
539 1673
5140 1970
8071 8027
4161 1887
923 8856
9344 2549
3463 8666
251 2456
1756 5330
7097 3778
6598 19
6102 9776
871 3323
7031 2530
8455 5267
8399 9954
6043 5782
412 8636
7887 8638
6048 6287
9418 3248
249 3663
1826 7725
667 3511
587 2746
5680 3106
6704 9957
9579 9513
7122 5375
8542 8300
1660 4651
2755 1629
9593 4723
1786 199
5588 2623
297 1134
3587 9506
1521 5795
6860 9594
2986 2581
1727 9674
1521 3589
400 5427
3514 1806
7550 9492
5421 2711
1391 4639
2141 8267
9105 8431
6309 4076
7797 3609
1072 5676
9493 4464
9903 2233
7471 6068
2017 1663
7219 9877
6004 7888
3895 847
6272 5991
1306 2465
114 9499
4163 1025
6595 1967
6342 1867
4648 1112
7795 4331
7386 349
354 1371
6860 4620
5219 2779
8036 9470
6533 2904
4950 6099
5357 452
6893 8436
2799 5584
9269 6018
6277 7121
9552 61
7053 279
8668 7989
4819 3940
3506 3514
1320 8146
5523 5862
3372 9948
8165 1775
256 2097
8307 9852
736 8183
5490 8183
4451 8909
7031 3688
1282 418
7392 787
8306 3602
1004 2112
5528 9216
3929 4748
6448 6589
8083 9024
7533 8221
1846 2293
5586 4647
7811 2585
6439 2437
7695 415
7882 4433
198 1984
5015 9481
894 7377
7534 983
360 2293
5891 682
9533 6980
7333 5441
679 3102
3486 6658
7291 8315
7695 7761
6651 806
6418 2014
7614 844
2366 220
8510 2299
1728 6065
7922 1500
8705 6586
7401 974
373 6716
3391 3235
9159 9407
9725 3003
950 4998
6141 5515
904 8436
8068 3280
1573 3576
7318 4768
1122 9400
853 9028
7455 5560
6017 6370
5207 3792
9917 6080
1184 6760
4214 2261
5871 2896
7651 2201
8642 3393
9838 3819
8366 7897
9275 453
9738 592
5955 8893
8274 1654
9858 4947
7556 3351
7501 3415
773 6664
4656 2749
842 4292
7113 9435
9508 642
1911 7884
7685 4017
9623 6212
899 4506
4644 4828
1313 4313
3825 4407
9875 9731
9615 5463
8485 1483
2749 9248
2563 1421
2446 2404
9976 365
7128 4096
2679 2535
419 5384
1695 2612
8956 3557
6506 1169
212 1128
239 7897
7663 7247
4916 8440
2700 3488
1327 4845
7567 6901
9006 2093
2204 9984
3516 8626
1836 548
8710 9953
3187 3691
1167 3004
4125 2043
6753 5606
3237 49
9688 2181
9049 4171
2873 5752
8942 8636
6980 2786
3822 1852
1681 866
2792 6828
3693 2543
5688 5547
28 2843
7056 3675
2912 6008
3440 5072
5252 2374
3537 822
7499 736
9661 7276
5230 1541
968 719
2340 1343
511 9501
5560 3649
9605 71
1498 5643
8121 9377
6640 5212
4645 7541
1414 8133
1416 6364
5098 5290
7826 3211
8216 1819
5156 5231
1438 335
8129 9884
4687 4276
1177 9883
7739 2797
2928 8963
636 2874
1902 6495
7483 4952
9325 7448
174 4515
8495 3970
618 7390
3262 5479
6125 4729
5004 2756
8935 5959
4446 9695
889 7206
3957 8573
2518 4890
6198 2345
1005 8082
2231 4311
8155 389
7414 3643
686 1373
7892 6
2341 665
2219 639
1965 4277
902 9921
1811 445
2602 1231
6273 7238
4107 2357
4735 4577
2478 8645
4629 9663
8956 2118
8536 1770
7969 1277
2529 6835
8302 1859
3665 6465
8178 9371
2488 1232
5525 1538
7764 9246
5798 9671
8303 5439
8603 404
7836 3093
9134 1742
5998 985
3374 31
5470 7111
5360 585
6360 4483
1822 989
1615 6545
3998 877
7018 9425
8626 899
170 3712
7895 9945
8124 8874
7255 3339
9662 6040
3233 8923
4740 2319
8500 4542
244 9506
2151 2854
1942 645
8949 3660
8986 5119
4978 1562
2322 7431
9862 8545
7841 1626
2803 3853
4439 8743
7197 4682
6195 1754
6196 1719
8648 3659
7026 8247
8837 8550
7913 7747
6516 259
8970 9726
5041 9998
3794 3181
1008 7421
8074 4573
5972 546
3612 9742
9262 7377
6741 1127
347 7928
9977 9565
8869 3501
203 1260
2479 4088
5148 2917
1603 2895
5037 1997
1721 2213
8222 3937
234 7084
6438 5191
7919 3005
5661 8753
9755 2160
5832 13
7012 324
3220 7532
7397 9443
9135 856
7071 1285
2198 6963
7532 8859
6492 8281
8967 2310
333 1729
693 3213
6564 9865
6616 759
4536 9564
2341 1944
6455 1992
7527 6376
9027 2100
8284 2065
9134 2464
3740 9868
9223 3423
8768 1867
6755 1704
3246 9225
9640 6244
7198 1218
3645 1094
9580 1611
5562 3931
7525 7391
247 5630
7883 683
8454 9413
6722 898
9038 2639
9068 7744
1106 1257
8982 9160
8360 5977
383 1289
7644 2890
1388 350
9623 934
8113 6496
1957 4272
757 5313
4282 8066
6879 4484
7221 7757
8544 8278
7723 419
2559 9975
8658 3186
7269 3861
5065 384
6331 5326
5 448
5884 8142
9035 1541
8099 3555
7271 4096
1550 106
7333 5212
8306 5044
4259 903
333 2254
4555 8373
448 7726
7494 9101
2222 8367
5992 6478
2759 340
7611 637
9248 3658
1488 396
9696 6018
9956 7793
9028 1785
2686 99
4988 2598
2821 9449
7874 9507
526 3984
8799 3121
249 548
9459 278
2006 4815
7046 1865
6844 9086
7482 9077
8416 2327
1182 1921
6419 2783
1455 93
9982 9516
6794 6116
9970 2479
1451 1798
606 3967
5386 1844
1748 9242
7422 6191
1742 2941
8195 2224
6324 8143
7673 5782
7086 1385
8660 3474
7997 3
2227 209
8612 9813
9183 4845
4733 381
2584 1795
8164 1828
8967 3634
1711 9607
3223 2267
2433 6977
2817 9712
5051 6158
4469 4518
255 3745
9296 4740
8309 9421
4384 111
696 2157
8053 1331
7774 3475
8485 1928
8391 1079
6619 970
3868 6363
555 4918
9781 6038
6984 1876
979 1947
8947 9030
4618 799
9459 9169
7337 9517
5871 5304
3067 3461
6854 3999
9001 8848
7920 4971
9346 508
8439 3501
1989 1962
1752 1232
675 9821
9451 1366
6047 956
8694 1247
9297 7705
7315 8680
3101 835
8389 3518
8089 8321
9039 1021
4390 9198
9272 4112
1334 7665
3534 9869
8989 3235
8465 1289
3585 9286
3031 1530
377 2008
640 423
7413 8959
1537 4574
8514 9385
7622 1624
2089 1276
2425 7089
9897 8752
8150 2036
8401 2045
8680 139
6073 1870
475 4749
2996 2758
5789 5229
4544 5451
1659 9294
2420 7666
1060 5835
3196 8036
1490 5419
5087 5577
6697 8644
9840 6380
3634 4097
5600 1781
8109 2129
126 8801
8093 5568
5196 9266
265 9252
9871 998
774 2704
8241 1521
836 8686
874 4777
8669 2493
6893 836
3196 1494
483 691
8851 1966
8891 8046
862 6865
3942 4182
8254 9322
3037 692
9302 2405
7823 2939
8894 225
9900 1555
2386 9380
8233 897
9162 2102
1216 461
8344 3047
7965 9704
374 2370
9769 3606
5634 1266
5249 5378
6537 2485
7222 4394
3371 6980
1814 4306
8589 3161
2344 8178
2440 2126
6660 615
6941 625
753 5938
2072 5513
5413 3670
513 4892
4816 4821
4562 6900
3417 4997
3483 7334
730 2257
8935 1192
3789 6446
8322 7619
9072 2994
7299 4250
8682 4493
196 4565
3183 4250
342 4768
406 722
153 3282
9257 2240
6996 29
7861 6097
7410 4086
6342 3953
4459 7692
3512 3141
6913 269
5250 228
3089 7150
498 7904
7136 2004
1911 1345
9790 4051
700 4094
8913 5584
3079 3649
371 8721
9904 3902
3093 960
8965 9652
5701 1808
7939 7688
8838 3433
7367 4255
9259 79
3106 3132
8700 1522
7059 2561
9804 3015
1714 2520
9799 1350
7476 7041
6749 1209
1380 5393
2609 4815
1033 65
1875 506
1558 3679
9047 1840
6780 4323
5354 3728
5732 5062
3909 5307
8572 5012
3307 8756
5461 2640
8908 2603
7518 6256
6027 3289
5473 5494
6572 2433
1674 7938
7754 53
7281 269
8396 2409
6058 4036
7666 8580
5871 7099
61 7745
4008 8174
7399 2238
7467 1070
1622 2405
9762 9671
5345 991
589 3709
5831 2425
9004 8839
6737 7600
6021 209
9247 9908
1727 6884
7312 3923
2350 2344
5204 4273
6129 5529
4136 8453
8522 73
9308 326
7670 8591
5099 1465
5788 635
2264 7399
9293 8824
6270 6138
4035 300
6830 6762
824 2658
9469 3415
5328 3935
7358 8477
7038 1189
5495 4448
2726 357
5505 9089
5431 9805
1980 1992
6873 4365
7634 9967
2796 2825
909 1408
9013 9547
9297 9980
306 7921
7262 3014
6502 9800
5401 3128
2835 2106
2456 627
1710 7738
823 6118
7945 7613
9283 5261
5235 9615
2462 697
5304 5523
1603 3676
5911 2677
8363 9950
9427 3566
8391 9365
5346 1309
2792 4642
603 7106
7274 8622
5144 2541
5593 4749
7036 5123
4857 4034
725 3452
6603 8682
9801 6211
2276 3697
4080 3021
9456 9236
1548 1646
3334 6376
19 2746
6962 1405
4149 1997
5298 3385
8072 5196
8651 195
4854 1004
4827 2308
7408 448
4212 3990
608 4071
3251 7092
8732 1032
9058 1849
9070 3562
9921 2218
3693 8785
9020 4882
9713 9764
3491 2271
2496 1606
5827 8847
7638 3390
9208 988
2263 6508
1258 8502
3723 8902
8317 2259
9632 8625
9611 3736
4043 9258
3426 2946
1101 7899
4799 7596
755 1502
9708 4172
8800 9564
439 8850
8105 5085
5914 2673
3200 1825
34 161
6496 9701
6066 2569
9430 8950
8509 4689
7848 8052
906 8739
7077 2940
383 8796
9853 9550
5819 9202
6520 2766
6544 509
9341 4262
829 6649
789 8181
1046 6098
6620 4421
9549 6533
3388 4114
8333 2751
1001 5309
4724 8626
6644 2429
5768 3414
8741 7677
7935 1277
9343 2074
777 6086
9890 6911
5842 3229
3779 2571
