232 117
248 8207
5508 8317
8555 1497
4715 9026
8978 9673
5063 309
4901 1052
8427 8011
1599 937
769 605
1012 6235
342 4046
3194 6603
9363 2610
4802 1186
1632 49
5656 1506
7711 1495
1798 508
9568 9385
6626 9564
9891 8745
433 5741
7830 2773
40 4745
3080 3737
9015 3827
585 1436
8365 3453
4771 8953
6662 2436
641 3811
9539 2673
177 7868
9254 344
6 1225
2185 4062
8160 3987
7744 216
7403 8325
1623 750
2008 1742
9722 4717
8352 7293
7852 2778
8817 6996
8223 1657
1156 4033
4496 9355
285 2500
1898 734
9971 8993
4077 3809
2081 688
8021 8114
6670 2817
1713 679
9503 7585
3010 5209
1789 1312
275 595
6877 4208
1828 4309
3576 2322
3453 6291
8580 6765
6667 3422
5193 1093
3825 8643
172 3489
7460 843
1312 8593
7542 4854
8453 9949
900 3154
8753 7218
229 3889
8949 8999
4800 2437
9085 3261
8006 4171
2908 3476
5055 1235
5682 9726
6651 2943
3110 8306
1690 9066
6383 9288
4378 5593
7711 8939
7225 582
5676 2085
5678 7397
4085 3897
6616 1929
9877 6064
7291 4975
3603 1261
3851 1097
4410 1726
973 901
7095 4682
3568 1303
8746 1701
6846 405
8343 4215
749 500
989 2157
5730 9924
5082 7735
8410 1999
3120 9106
8818 5509
3683 8954
8469 9642
9939 4175
3509 7907
3150 4927
9402 1188
6132 2328
5508 6860
5259 9008
9346 5247
7043 3924
8246 9871
9491 5076
781 1090
6293 988
8253 214
4842 1504
8601 3710
4424 7752
626 7461
5720 2267
5237 7403
6341 2614
1445 7662
3763 68
3299 7670
3443 197
9453 9030
9935 3121
475 2978
9286 3520
8948 7802
4561 7775
4908 4841
9915 2797
1730 960
9597 2079
5381 3740
5298 1994
2754 2869
1473 1182
4267 6498
9602 2422
1563 2158
9099 6277
6089 2389
3648 1919
7332 3128
479 8731
6855 5427
204 2376
6309 5281
1361 3210
9827 8138
9306 6984
6831 649
9274 2760
1845 4711
2970 9677
5762 956
9075 8149
6877 1686
9655 5853
3429 9590
6416 3942
481 4328
8167 2793
9922 7118
4646 6008
736 8508
494 3233
3832 7719
8215 7519
1172 3962
15 4269
4337 2122
8707 8503
1749 5026
2547 2126
2902 3266
1623 1750
5075 3628
5307 515
9247 8367
7398 5167
583 3832
919 1652
619 2833
6172 5936
1178 9231
7407 9453
9878 2995
5593 1942
5952 4559
8214 1525
7232 6739
8677 3421
9359 2970
7506 8937
8005 2205
6083 5836
9049 2893
5578 4797
521 2810
6953 3895
6412 7741
8978 2702
7993 6508
1455 5176
2167 147
5689 7108
5588 408
9611 4829
3883 7271
4895 44
522 4617
7547 9706
5290 4515
8881 8632
9368 9317
6103 1356
9300 381
1611 5990
6168 668
8516 3426
7369 8015
7747 6744
5590 6698
6522 2984
8796 6220
6845 9425
83 5832
680 727
1344 1939
8314 3355
8199 5165
3933 3210
6761 9193
9688 660
5914 8753
9160 2737
242 1175
8916 7728
2866 5018
782 365
8089 4661
8634 8158
9245 7894
9756 8369
670 5255
5140 2845
438 9973
5269 9909
7153 3255
9131 3469
8308 7188
5695 861
6528 4505
2036 1909
6154 3132
3704 744
3091 5239
7271 8598
7412 9113
2907 3865
646 1227
3711 4822
6273 3992
7700 9934
2246 2789
7102 2400
1481 7690
1698 4012
9754 3044
9461 3465
8511 1011
3169 432
6706 1780
2968 689
6610 3640
183 4894
5644 1699
9413 6826
1448 315
8554 5905
7832 420
4724 1860
3094 4068
3799 4665
6969 9347
962 1086
3150 1110
7282 2079
9162 6188
8718 9409
7377 123
2875 6751
6877 709
8740 7200
6298 4587
575 4060
4929 8501
9950 2429
9924 2956
309 2113
8132 1620
6305 4455
9764 9496
8939 7018
3820 5483
8425 4838
9099 4383
431 2730
4733 754
5473 2877
9155 1803
8139 8273
200 4304
9050 6324
3008 2715
8993 838
7837 8487
606 2219
5337 3111
8522 206
6153 2483
6335 5767
9840 9261
3442 2427
3084 733
8215 1339
1572 5282
1648 5695
757 1304
7574 1962
5064 9206
8700 9773
8867 3852
2880 9997
6397 9619
9752 2579
1166 2137
7070 470
7928 3762
3764 3902
3250 4166
9294 8144
9997 6822
8371 2629
6833 1051
5086 9913
3012 1759
305 133
5881 1507
8642 8056
146 2193
2191 7165
5523 6912
5582 3264
8610 9601
8409 7634
1819 3330
439 5722
2298 5799
7845 102
2458 2261
1680 5139
912 819
864 5883
7931 3152
6195 9403
6652 9886
2588 1562
8944 9720
7563 2186
8376 1791
7769 457
154 8078
7189 3189
7541 450
5497 3350
2470 5618
7678 4885
1333 7502
1744 6319
5088 7999
8887 9195
9186 4396
2417 1609
9911 9410
2877 3031
2524 4951
118 7755
1605 1136
5580 980
118 18
1968 1624
7002 5672
7521 5761
5469 3117
4913 6444
6326 797
473 7650
7826 2708
9380 856
6906 5155
6240 7945
5737 838
3093 9174
5493 9755
8309 2029
7867 4286
2657 8216
8694 6386
2942 9279
7008 8842
8841 3723
5614 5700
9318 889
7489 9703
5701 5866
6825 9961
6419 3788
852 5086
4326 5731
2682 3717
9037 9534
2486 2610
9165 1717
6178 7993
8067 1305
8359 9955
2238 5254
6376 119
7247 2734
2138 1878
1456 6786
9044 1701
7922 2747
9693 9969
8614 265
6067 2038
133 9559
8979 107
7168 8215
6831 2541
1790 5337
5229 1940
7917 6204
5787 272
8438 2757
9195 2876
358 9951
7771 2708
2336 1763
7171 9397
9605 434
7494 4556
4538 8852
2341 795
3060 6898
1816 3552
7570 8069
1199 4407
5555 1471
334 3025
8329 1067
6053 4326
8236 7920
9005 8093
6556 4547
5018 9434
449 9525
7411 5546
5297 1041
3526 9549
1777 8184
1586 7897
7511 7210
3757 4216
758 1887
6670 3723
7375 7713
5840 4950
9061 3051
6973 5338
3798 6221
6258 2741
8101 3652
344 7369
1666 3105
7052 2122
9860 9924
189 4713
6161 2826
9542 6249
9103 3965
3871 3685
3541 939
720 2799
5319 799
734 6099
8733 3617
572 844
7038 246
2221 1475
7722 1800
1480 6477
8607 9912
7183 5296
66 6332
6012 3880
8182 9768
4667 3520
526 8568
3903 5577
8847 2174
8391 3215
346 9940
1540 9493
7895 1071
3467 6843
3609 2735
5476 9754
2868 37
6863 4378
6745 2418
211 8830
3708 7720
8337 858
699 9807
113 4997
1814 7279
634 8375
4253 2019
8558 4380
8653 1280
1597 1670
3961 3061
3964 3722
938 9689
386 2540
9520 2015
6452 7827
8422 8257
4101 2165
3516 1246
8080 4374
9608 4370
1844 3600
7987 9906
8175 4355
4327 8097
3743 3521
8862 3214
9858 2257
8697 8223
9122 4058
8795 5021
2704 7216
3107 8006
239 3280
2234 762
6179 4806
4293 4586
9470 4930
2537 7624
8390 2339
9755 1216
63 2911
9997 2726
7524 2322
2096 2634
8291 877
3047 4842
7739 3024
1093 2779
7952 8757
1296 3614
4400 6661
25 6676
9847 1066
6797 5367
8844 9464
1942 2441
8341 1753
9155 429
8263 5635
9149 1298
1933 3295
7418 9753
5568 2158
941 133
6385 8653
5978 4366
7018 3632
634 9147
3929 8329
3035 3268
8802 8649
534 1472
6821 9601
7786 5557
3685 4841
2486 6741
2170 6761
6833 3586
8325 5713
385 2682
8296 9469
7200 3654
1369 961
626 5127
4225 361
4726 6552
1181 105
6856 2770
452 2857
9050 3768
7641 9632
8771 6967
7238 9516
656 2611
8884 617
1143 2729
9607 9701
7523 1274
344 956
3173 1233
6314 8759
2278 3297
6507 397
6987 2063
5052 4205
3791 2347
8899 1249
7256 4722
7133 576
4377 607
7616 2679
9819 6200
1403 5025
9637 549
6731 434
6429 6777
9259 4309
5523 2343
4708 2301
8719 5613
4920 4692
6194 1626
5664 8627
6833 3190
276 143
7531 3986
5388 4113
2680 9990
2346 3320
8673 2464
6463 6244
1661 2570
2095 9098
3233 4787
2309 3118
9449 2205
7446 3902
6363 1467
6998 3873
6736 2323
543 6386
2246 474
6679 5971
8685 4316
5107 6899
7797 2542
6341 2714
5373 2808
4860 1756
7328 2719
537 5506
9354 1689
7719 6396
9346 7445
2875 779
5568 6708
6778 1776
6509 1880
5016 6479
1760 9085
8413 595
2338 9071
8935 8795
58 1236
8589 4851
5834 4887
6238 7024
8784 102
9856 4007
3833 9793
706 9521
5571 2527
8310 588
6791 3462
7779 2529
9184 5981
6910 1186
3474 9293
8142 1129
9135 5558
7427 8484
2939 9296
370 4894
2755 6070
3075 9705
9834 2554
8431 603
5596 768
4234 7220
6910 8123
2786 172
3310 7649
2772 664
9839 1595
7038 8528
9586 493
9162 7076
687 8478
6772 3808
3163 8789
353 6247
2900 6838
5112 6591
8257 3833
8715 2335
7122 6828
9421 2110
9735 4521
3660 308
6984 4243
4242 4447
7568 6487
6232 8400
3060 667
19 80
1533 9950
6602 7701
8396 2990
2971 91
4272 8774
9822 1883
630 9368
9447 935
5336 9956
4903 1178
3160 2358
1742 5123
7045 826
1386 4930
7492 4682
7260 1141
4275 2530
4057 4693
917 7102
9813 1919
7688 4584
423 7204
3153 1272
3706 8874
8436 304
8866 3146
5643 4370
8770 805
9605 5035
881 449
6352 2570
3799 6725
2852 9682
6126 8643
7636 6388
8854 9834
4379 9533
8770 6174
8871 4819
4468 5190
2627 9838
6166 7156
8028 3870
6901 3651
1970 757
9955 6590
2445 6154
1130 7861
5499 2757
6791 8367
7451 4621
7335 2213
9237 4742
8880 4751
6964 8969
2445 6419
9324 3187
4615 1965
9779 1107
5474 890
5809 8706
6015 4106
2544 2187
9581 8599
6630 2573
41 876
8116 6197
7032 1003
4939 4505
7220 4101
5020 8798
7860 498
902 9143
9219 811
4470 9139
8310 8310
1782 1110
7473 3225
2422 4049
2636 9216
6060 1755
6573 174
7670 3083
3002 8794
7843 549
3613 478
8587 8685
7889 1181
9756 1927
9185 754
644 1128
1156 1834
7027 3013
8355 6340
7105 4244
7556 7298
8776 582
8282 8183
8048 1829
2161 8052
8906 5396
7056 443
9666 5929
63 499
7631 503
8499 2695
6990 2322
865 5446
1964 3193
2678 9617
8348 266
4054 1599
3434 3593
5745 7242
1729 8916
9261 4168
8305 3095
5703 3700
8496 9716
6331 9038
9186 2862
6987 1615
6510 3765
2366 6098
9761 2257
3272 7728
499 5086
25 328
4090 8867
904 3841
965 6737
8093 2641
4230 2620
9268 127
9358 695
9048 9011
6329 3609
4378 1444
78 8741
4956 7199
7818 7662
2373 80
7645 5775
2438 1378
5818 4710
270 9176
5574 6165
786 8912
6543 3174
2879 473
672 5400
1221 3000
7979 1873
9000 4006
226 2848
4413 2871
8126 3222
8401 7362
4364 6133
5767 4219
1026 5003
1361 4179
8184 2656
9317 253
7985 9784
1010 1608
3556 4220
5564 6928
5775 287
4557 8324
5217 386
7075 4696
4152 1859
9184 1458
7661 2471
5231 8781
976 3290
5866 3541
4929 7814
3446 5516
8164 575
9834 7556
8760 8962
5196 3319
2318 243
5140 8699
1256 5586
6540 4156
8012 2930
9202 4746
8696 2561
9464 9194
5085 2832
9639 168
8338 6469
5739 9363
8117 2723
2235 9113
1442 2167
5626 208
4428 8736
5678 493
6595 1885
9423 2764
7387 4940
9107 438
4530 5602
3555 7786
8961 3758
6631 1286
6622 9203
9715 8906
1321 412
9097 4265
48 3833
3627 3201
832 8268
9260 5482
1783 7057
1384 1273
7436 4828
9686 397
2698 8525
1284 539
7445 7546
9797 103
7140 8896
4495 5338
5557 580
1428 7341
9346 3968
7013 2793
3272 394
5927 1830
4634 8818
4831 7386
4942 1386
4670 5882
7471 895
3007 1915
5160 5328
933 2550
