7467 6383
9861 4400
6956 4101
7868 805
9642 6693
506 7010
3858 1012
4982 1571
540 2987
6246 4175
2829 3319
4951 1848
3787 3288
8585 4130
6243 2071
7710 2438
202 6231
2886 857
6675 8409
7166 919
7570 9899
6185 3972
9871 9791
9262 9747
9953 1113
6059 2255
9090 186
5391 1567
4141 294
9976 1627
860 876
7514 1372
5609 9639
2059 8519
7636 4861
9447 459
8105 3619
7943 7758
629 3423
3437 937
8123 7725
9788 4550
7880 1322
6979 3544
9701 9357
7753 9732
7368 9741
6053 3235
7171 187
6138 4511
2044 109
7024 928
4030 9709
8958 1621
5703 9394
1638 9894
4009 3206
1 1271
4808 4642
9908 2637
7124 4434
5460 5471
2483 1998
6510 3717
6050 5193
3801 961
97 7331
3849 7274
2930 9893
1543 2199
6551 7775
3461 2884
3528 1891
5380 788
7743 4304
3076 9803
38 9389
3105 741
6440 1564
4107 5066
4961 6784
8733 3321
5374 9088
2424 1431
5115 2003
8684 9701
9795 9912
8726 2644
8923 9574
2749 9300
5374 5417
8031 4190
5006 2626
6649 7011
964 9266
1993 9816
4516 3256
5899 8356
2493 1359
9612 5338
189 0
1270 863
96 8180
6345 9790
7829 4096
1993 8805
7467 4354
372 8874
1563 935
7714 3291
665 8681
9165 1392
4451 3927
3958 6389
5328 1082
6845 291
6703 5311
2805 30
2528 1213
2845 1823
7905 276
7470 3991
902 2515
9 3286
9199 4660
9881 673
8799 5184
7288 8300
9854 6955
3916 8764
7388 696
4714 9418
5795 4991
5232 2699
8679 9962
4042 6481
7119 507
7818 2580
4492 9310
8616 2065
7714 7626
4833 5847
3047 479
5947 2802
7653 562
909 6179
6358 8263
8876 5938
8716 2310
8414 8244
7747 6060
2204 3852
1600 296
7501 1717
2918 6987
3690 8815
4883 9962
2313 2828
3287 1722
6643 5600
472 2103
9453 7913
5832 7407
2332 217
2066 7157
8729 4175
1919 1625
5487 7983
1497 1078
7490 2094
8516 5379
4254 3910
3403 2463
4445 2129
6659 1299
9055 9565
7714 3824
2855 7173
9443 6034
8818 878
4035 3542
4157 8263
103 3180
7847 912
3041 883
9796 8638
6829 254
7203 5950
1910 4262
8833 8446
7107 9625
5655 8892
805 6053
5155 8983
5032 8769
6313 9800
8146 956
1219 939
503 7822
5403 4331
7366 4673
6821 8894
2981 9104
3284 2200
2548 4792
1155 8129
8910 5116
6564 4664
8084 873
121 330
1407 5726
1341 8670
506 9934
7519 2492
5228 3962
366 2461
7074 7740
453 4680
7403 2582
4071 9498
6364 6417
4521 429
9690 1147
6665 2738
611 314
1163 9049
8324 7921
3076 6321
7887 1095
4379 3993
6472 7303
6029 5156
9393 487
0 5386
9080 292
2401 2741
5925 8598
8588 1407
9885 5421
7881 9916
9625 3246
8340 8517
2628 6202
7454 7341
3702 7169
6900 5097
1901 9894
8072 9870
1018 507
8865 2861
6234 4491
1280 3401
1791 2830
9107 6680
5521 2605
5743 9622
1015 9519
9713 748
5491 6109
8486 856
7397 2124
1275 1372
3152 1611
8549 2373
8173 6897
1034 6615
9169 3249
9433 5919
5683 5906
2369 447
6840 1654
9464 2379
4570 1340
1622 3523
9621 2448
8446 9800
9426 3255
3362 6157
3621 2067
5017 4131
7962 7243
6915 1195
776 2685
9847 9441
9392 3564
1159 3389
7020 4860
1750 8260
3055 343
9260 455
2300 2805
9155 9478
5688 1568
8136 6726
9327 6143
1364 9801
9843 5013
6121 1535
2766 9630
3193 5682
6933 1858
7502 4001
769 2129
2312 1997
6492 4861
4094 5265
3531 1512
641 2882
7662 548
6519 8792
5517 4552
6329 8631
4051 6099
6469 3278
7702 3365
4599 570
6090 6664
6426 8685
6139 4836
7999 2425
6387 9776
1708 9974
1221 56
2727 5901
3440 5657
235 779
815 3160
4255 8615
8859 5125
4639 8986
5541 9581
176 3475
9644 9452
6770 4680
2970 410
3333 9853
120 9172
6579 1207
8385 7313
210 6850
1993 958
7498 3813
9031 7280
9757 1822
8497 176
8321 5463
7897 8928
2398 6232
8368 6972
6446 9291
6934 7913
5450 1864
834 4476
93 2635
2618 206
2046 7479
6859 9316
4626 2096
1931 4608
9582 9382
1456 4086
9706 9826
8188 6982
7922 2024
1239 9341
6052 6748
2282 3410
320 440
5734 2683
9002 9975
257 4850
3424 4628
3260 2045
8337 5420
9352 2100
3642 6922
5635 4775
9061 9917
1460 9839
3023 3386
3430 1409
459 5186
336 7330
5539 3611
1058 1838
7428 2661
869 9227
5266 4770
5662 7888
5523 6232
5336 9789
687 5314
7800 3063
7336 1122
8903 5665
418 3060
2253 6743
1320 9693
6822 6270
5 1838
4350 4361
3097 4740
1122 3786
2925 1924
5094 3503
3246 2882
3572 9319
8490 9409
9321 8254
1783 1847
8449 3629
6008 1564
9165 6465
161 1834
6806 3679
8096 1003
4636 3569
9151 7814
4527 1303
5246 9355
8993 4753
5332 4440
1063 7505
6764 5869
6529 2439
2884 3562
5723 3278
8293 1903
8136 3002
6479 8365
5394 4127
1218 4302
8199 9968
6840 1964
2783 2733
8888 772
5623 1362
1767 3025
7439 7741
3385 2658
8614 1063
9757 1864
7332 9192
6017 7036
9315 5311
7653 8115
8453 6707
2351 3835
7915 9692
7854 9682
980 4487
5991 6983
9403 850
8123 6316
6858 1091
429 7358
3428 9278
5973 7724
2186 1673
9508 3617
5272 443
8462 762
2693 3432
4239 4883
7453 9989
8071 2454
6409 9459
5333 2826
4105 3082
8597 2420
5086 6890
2409 411
6105 8001
6784 2431
1449 8591
916 3661
6450 9496
4384 9178
1163 1323
248 6765
6625 7627
2236 8561
3398 9263
9717 5425
1464 1665
6157 9773
8589 2686
7164 1641
4468 3700
8364 3916
7532 6912
7757 2155
8338 8702
8595 5060
9936 1038
2246 4037
8091 1771
3176 6302
4830 525
8749 4746
7434 2261
7755 281
6875 82
2735 0
2052 9275
8719 3182
5820 9342
3337 4126
7713 3667
424 5692
504 8919
9446 8242
3005 4735
8163 1243
1 2440
9229 8393
463 1339
4137 1442
7621 1305
961 3538
2274 8951
9670 5856
8257 3357
1694 8641
3001 9810
7822 1745
9330 1506
4998 2157
7182 481
3244 119
4985 2712
7859 351
776 2710
7365 5032
8447 3639
8308 1754
9306 5206
9822 2090
2044 8466
4575 9000
2327 3979
5437 7344
5611 8134
1759 7695
968 9417
7063 7820
9352 339
5784 9230
3075 1370
2551 9623
2664 6382
9995 6977
7102 614
2510 4603
5019 1555
8967 3767
3781 2471
3072 9330
216 7953
2635 173
1214 6826
6709 3773
4643 3375
8111 9938
5507 8813
7248 2775
4411 99
1561 7055
6783 4252
5684 6761
418 4044
9470 838
1463 1909
7599 8752
5315 9029
988 9758
3027 6532
9346 250
6844 7129
3014 5021
1230 8882
7109 7661
7073 5789
765 7650
6868 9557
6874 332
4043 3329
404 145
9478 1982
6735 5012
9121 3142
399 7040
1520 7790
8729 286
1487 2509
8631 9285
438 7642
6050 70
6379 8202
4720 9205
881 1688
7022 3585
7046 1727
1739 1682
1335 9851
6173 4691
8751 9587
4866 5773
7168 2512
749 8298
6193 4413
5364 5986
608 1385
8176 1664
6634 1266
5445 2533
6648 3236
1689 4197
9756 1679
8466 1911
8318 5131
9370 6339
6082 1018
4557 3153
7582 3405
958 6607
5557 9046
2231 5419
5606 2077
9020 9380
4509 9385
5774 4550
5082 387
8734 3918
9474 8503
9410 525
186 1144
8447 8291
6380 5793
832 5685
745 4634
96 8426
4677 9499
1070 6905
234 5358
740 6096
9609 5057
1350 1446
2082 3467
5839 5703
8960 4202
8480 4797
3912 4268
181 8469
4269 1945
5020 947
2949 19
6209 1751
98 3223
4507 3021
4686 8771
148 1094
7934 3698
7908 2477
9535 1701
4715 957
7249 3186
992 6590
9753 7113
523 5437
7669 245
1666 762
612 7092
7202 8623
4301 4651
6366 2838
6752 9326
94 3081
8558 4958
7203 3749
1021 4932
9178 8495
4117 9903
3089 421
9661 9366
1259 1951
4 7510
6784 912
7484 2572
7882 2087
5129 2443
6961 8538
6037 8153
5421 602
7068 5366
7369 6791
7385 2943
9402 2847
7888 6718
6921 364
7641 8418
8987 6546
8422 9657
9818 287
1049 806
2633 7882
6705 7012
9150 3571
2471 1324
6607 9335
2988 876
232 7988
6619 3827
9367 6394
2225 9490
9484 7473
3624 5674
3823 5883
5691 8288
5131 2587
7128 9307
7480 6491
9513 976
6899 4496
7910 9050
5889 3842
4355 9392
2195 4780
2540 8719
2367 2003
6841 210
5298 2736
6952 306
894 6400
4250 3862
1005 8482
4534 3392
5117 3218
981 6404
2543 2201
957 1351
724 4118
27 8391
7918 6587
8689 9731
8883 3446
4894 6794
9013 8888
6637 6458
3166 2450
1469 192
2765 4241
6947 2599
1433 8348
6164 618
7500 1585
9250 2048
7423 3961
9759 2828
6390 551
6282 7928
4954 7490
5211 2048
6770 8951
1475 6659
9673 9585
8153 6960
1620 1915
9200 1036
816 1366
9507 8326
8616 161
3202 1747
6763 136
4755 4369
7777 8142
7225 9472
2830 8785
6372 4717
5622 4219
8359 9437
8408 1565
8042 1099
8118 600
8424 2821
7323 3743
4338 3713
9218 3096
8018 1910
3551 5548
4979 9896
5870 1702
5569 5417
6085 9885
6419 196
8535 6113
208 6047
2096 7756
8349 1492
3906 1552
2368 716
2769 3046
9623 2484
8 2086
6594 9883
4653 8131
6159 2227
8642 698
6890 576
7089 7201
7314 4430
6575 1467
539 2741
9371 9889
7371 4183
7094 3380
5317 5788
9434 3120
9350 5601
8162 8733
5405 159
3250 321
3752 568
4273 5932
386 23
6362 1215
724 4448
5549 60
2189 870
964 2480
7419 7871
791 8559
7439 2187
8327 8019
9633 9372
5324 2013
9341 8297
7195 8099
5722 3105
8496 9108
9677 3227
6765 7239
9176 1404
204 289
5531 3430
6952 4212
4357 1069
5924 4529
3243 1872
888 368
7324 5517
6722 8301
6631 8708
546 2474
1998 9510
4694 9852
4546 303
4378 310
9549 1105
788 1485
8143 1620
4180 5286
5187 9232
5461 6582
5961 3750
7064 7404
5277 1168
3457 1665
3290 999
4918 2403
9164 337
3805 5157
4576 833
4070 7755
6557 5888
3795 4289
6830 9015
3266 1810
9531 2116
8245 5845
4680 4008
5833 5119
7318 8689
7946 9161
4336 7761
7602 4921
7904 2110
6686 9537
3777 1503
6858 3605
765 3405
9603 2491
8897 5483
8912 9255
6401 6255
2978 4044
4400 2799
8742 8843
7912 7339
3307 9552
8492 1269
4200 3942
2223 8391
78 3908
1019 8812
5164 1739
6469 1178
8606 9104
7914 4941
6498 2782
401 7078
6356 8476
1384 8680
1241 1541
8382 3553
1753 32
4807 1888
5884 2186
9435 1873
2288 8943
8341 2505
3919 5477
6225 1432
2789 1237
5618 2560
5443 9798
4091 1424
3451 1472
5820 2816
5847 6742
8058 882
5661 8421
4879 3955
3339 3338
1513 8514
3871 2036
4982 1344
3769 5960
8427 1624
5612 4220
4486 582
1135 5041
2361 4150
6976 4382
222 2450
6229 6519
6354 6779
491 9585
4936 2661
4283 2510
9342 8955
8602 1597
275 1186
8397 1722
3260 9587
3218 9441
9412 7329
8619 2180
29 1130
9739 2885
4241 5109
4126 3322
5192 6643
2872 9069
8545 8417
9684 9859
8422 4411
3752 8593
7440 3676
137 9150
7737 1010
3084 7676
4891 909
921 9640
1336 4635
8282 3204
9159 2574
4794 2819
8842 7742
8237 8651
5906 1826
6763 1892
1908 5471
696 9149
1805 8905
8038 7804
8105 1069
1205 9520
8280 7831
903 9218
8686 2103
1710 387
1289 9290
6891 9518
1370 9135
1228 9280
6910 2032
8330 8591
7562 4698
7713 5245
5416 4945
2548 4268
6357 9174
4592 2926
2870 2332
5384 7621
7641 9313
7050 2047
7496 2250
8249 910
571 6772
8253 4821
8702 4684
429 4473
8496 6385
6975 7996
8645 2609
215 5941
8853 243
5937 2558
5972 7769
7432 9934
6647 9893
4480 4339
9644 4564
9275 3535
1269 8772
9364 3347
6656 673
8077 1226
9659 1431
5441 6039
9632 1148
5352 8176
1540 869
1506 8949
2629 4210
5472 5617
4573 4359
9478 4244
405 8559
9052 4630
5781 4911
3160 9853
9265 7892
7465 7873
530 862
9305 6387
9390 8746
6466 6182
9688 8260
8417 9488
1841 838
8912 5037
8403 9998
6198 7270
6667 21
5350 7555
7064 8208
9495 9643
6401 9477
9648 9247
8755 8212
7805 2213
7770 9803
8115 9163
6944 4328
9761 9798
1336 9310
7526 8768
3177 9775
6918 6670
9588 1361
2429 8340
5841 7769
6302 8918
7950 3210
6480 2917
9489 3453
6956 1076
3693 1410
24 3079
7237 6199
8707 1733
6400 8671
9446 1663
4784 9492
5235 6130
495 7889
2649 8585
264 3446
2789 3232
4160 7683
2080 8550
8551 2774
9831 808
8284 6631
5198 3102
9519 721
6210 3685
5424 561
8290 9945
8379 977
2507 894
7458 8102
2990 261
8599 2563
4594 5180
5923 2724
6319 2810
5914 3133
7525 9180
8937 5447
8941 1625
7072 832
7719 3532
2700 5382
1230 2349
5166 2638
6983 8716
9132 783
925 3964
5533 36
9736 2618
5092 1605
8573 9078
539 8969
777 3019
4431 2390
5177 7198
1995 3850
1205 7517
7288 5946
2095 1722
9298 7352
7510 397
7749 2894
1893 1358
9314 4736
3286 9806
9270 7555
8224 3043
813 2833
2810 4714
7613 1699
6959 3124
7436 5184
8684 8253
3346 8480
9254 6276
8679 7765
3101 8834
7135 5457
8571 9480
5386 645
91 4546
2655 5077
6816 8974
9244 834
9714 5070
4298 8904
5477 2754
8630 3680
6096 8361
4939 2935
1296 2670
6902 882
2244 6121
4648 1596
8312 7805
8940 7145
6880 485
1513 3278
8987 9966
98 2167
2991 1705
8 5428
6568 484
3956 9855
1004 4340
7223 415
9741 76
8113 5911
5009 936
9551 9635
8204 516
6709 6466
1452 3569
3246 2116
7454 8197
5955 262
7351 6198
4900 2197
8225 2561
9140 5341
8348 1994
3243 1818
1178 4763
2301 1156
8082 7765
7978 6216
4667 5378
8724 6860
2813 7454
6413 7528
6162 9981
9653 7588
8040 7624
1358 8112
3885 1177
5496 1037
4458 9935
6518 5191
52 7518
8909 8832
308 9430
6936 3409
2493 1334
5409 3628
8062 1119
5548 9305
4652 6395
6190 8808
3442 3437
689 3501
9589 6088
8442 707
4981 419
2112 4881
9231 1950
2866 6395
9328 162
6308 9559
9417 9890
6080 1595
6266 1834
5501 3837
4829 406
8265 7877
6641 4600
3516 9142
4435 2767
3736 8507
6306 1125
3837 453
7755 2643
6985 8997
5207 5848
1004 7955
489 456
8186 7524
5678 1677
6651 1509
8963 9058
5059 4408
5278 8882
4344 490
6314 8276
1333 9972
2224 4667
6318 9972
7066 2812
7780 6356
7069 4129
6933 6303
9278 5893
1344 1621
8227 8213
2340 4060
6069 901
6684 122
6689 2452
6080 9398
3011 2315
4981 530
9652 4269
724 8444
61 5885
330 9951
6182 9530
9074 8206
8683 2722
8913 9829
8627 7257
7374 8948
9692 7352
4900 9473
8916 715
9205 6739
4435 8476
2190 2408
238 3573
1633 1328
6512 666
9265 9615
8655 1204
9480 7703
5341 4233
2548 6210
5860 1414
7616 2824
5227 3573
8022 7384
9141 2266
9559 8112
901 8468
8457 7083
4671 2043
6625 1482
5683 3300
8153 7988
8390 1027
830 5676
8138 8619
7636 2630
8236 8516
790 2750
8718 1731
7106 3898
5580 4985
477 1243
4403 9524
3248 267
4380 272
481 6317
7701 8250
1393 8125
9612 1046
7024 4066
9288 3731
3122 5496
6691 213
8721 2680
9374 8429
9448 9052
7400 2781
931 7663
5722 5311
8568 902
5485 5255
6101 240
5647 3596
9431 2439
9017 993
9698 8939
3774 66
5142 6843
46 9233
8495 7714
5870 2743
8841 8882
4191 619
2717 621
7813 1206
8182 1072
8679 337
1911 8041
2903 604
8429 8155
1004 7516
1988 9987
5600 5340
7281 9868
4004 770
2999 9473
2411 2212
95 8693
1950 8190
1568 6776
8903 8690
6922 5590
7749 5893
1993 6430
9569 3266
1754 2329
7321 878
7284 3354
8068 6554
1313 785
6961 3195
7207 6634
9213 342
2656 4537
8576 5419
6468 9714
6167 9457
1635 8685
4881 6541
7997 1956
5677 6560
3277 1558
3471 7988
6474 5183
3140 5610
2519 4014
7603 9091
9940 7737
9303 9697
3273 8125
5770 1805
7742 6662
6049 3700
7316 403
5515 7213
2894 6493
4927 218
381 9570
8044 9592
3408 972
9905 209
5514 3577
9400 3191
6306 9670
6056 333
5016 39
6915 3218
6216 2277
9147 2336
9430 4122
4197 5863
6188 6761
7212 8136
6116 1143
5327 8796
2900 8270
5808 3507
1586 1171
1001 1155
5032 7981
9617 48
1114 5382
268 895
4789 791
7907 6567
8752 9777
4794 4024
3824 4575
5031 1456
6037 9867
5741 9725
8029 3411
9175 7781
1409 6992
1505 2499
911 565
559 8399
5761 9294
5684 2402
2485 48
6896 822
9384 8305
2962 2825
6520 1325
9889 5588
3071 2094
4473 1435
5813 7885
9268 1448
5073 7846
5624 1453
6575 9928
6538 9372
9359 2655
5522 9807
9197 2327
6009 2054
8371 2105
2797 1567
6463 8411
6050 3812
35 1954
7526 472
1569 3171
7668 9452
7712 9724
6850 683
8994 9588
1757 9903
3381 2297
7779 8767
8867 1081
8484 3186
2932 6608
2660 3296
9950 821
7253 8922
8047 72
9204 479
5012 938
9408 9025
3377 1072
442 1388
1136 5103
7527 7849
1110 7854
5944 4381
5348 2815
4940 5501
8921 5379
4629 4934
9740 8222
7411 1932
6638 6146
408 6764
6664 9173
3912 9610
8807 820
9015 5953
2522 944
8908 988
5962 1029
3173 9801
7127 3426
5007 8915
248 6783
5919 3318
230 9215
3627 1525
8564 6812
9938 3870
1747 9699
5302 8868
7040 8274
2864 950
5753 5213
166 2261
4899 1811
6173 1634
7254 9896
8085 1751
8143 9011
7639 5685
2788 29
9187 7591
7560 4754
4782 9075
6441 2473
1159 386
2475 2278
6618 4995
6722 7447
5863 1041
9486 6166
8105 3507
4098 9839
9705 3092
6443 2784
6858 9033
7896 9111
8076 9981
5493 2526
6830 11
7946 337
2098 462
6836 6772
8570 3053
6420 6299
6631 3630
5160 632
9296 8643
6202 3602
8338 43
8026 4503
4890 7309
7661 9514
138 4139
6036 7361
49 3652
352 6542
1117 8331
3505 1201
8158 871
7731 160
2138 6928
6253 2227
2722 1386
5527 9591
5734 5082
967 1109
752 9672
3394 9628
9053 2
6265 5355
5390 8655
3841 7315
3738 3516
9470 9595
8181 1241
4587 8416
4890 4927
1531 2355
743 290
1834 9037
9045 7209
4116 1368
7286 6288
8696 7204
547 5339
8327 8012
8076 28
5025 2756
2853 205
2847 8304
848 6090
5955 7013
8364 1254
9306 604
7494 4632
6982 3783
8738 5107
9798 886
1895 9928
6291 1305
3955 80
7121 2320
2525 8374
4242 1076
851 358
7818 5223
8078 2144
9423 8184
4068 9182
3457 2054
6570 7257
8850 7504
328 5277
4087 2715
607 3380
4180 3208
579 694
9317 5551
6573 214
7622 5023
2350 8908
417 1535
8007 5130
4326 558
4738 4258
2553 2442
9871 8962
7878 9860
8300 4714
9559 4531
2779 1478
5187 4651
142 6183
7942 9966
8535 5147
8991 7084
8341 1340
1291 5194
6296 9596
8113 3059
5294 8016
2063 2183
6428 3744
4088 9639
9582 7524
7002 6002
6389 9680
9960 5261
3529 9532
5178 4543
6390 2585
4696 7243
7377 366
7913 5630
499 6312
5520 9118
8296 7991
7481 1246
6997 9306
3816 1982
9349 9658
8405 2650
2271 2189
8063 4347
8991 3799
9498 1006
462 9669
6378 602
9857 2107
521 1353
3981 4794
8192 9452
3081 602
3046 1547
4779 6351
4541 5805
9173 8650
2926 5423
7404 8884
4841 5508
4856 6311
6633 1013
3112 4237
9657 1565
1130 1029
8191 717
5824 1225
8446 5553
8694 9447
8747 3186
6436 5544
6119 1178
5944 9399
52 4005
536 1085
4577 4020
3952 3553
6392 900
2814 9517
6636 479
6442 7667
2322 1327
5280 994
9948 1052
720 9365
8451 2648
4506 4611
9206 1763
5486 9357
1469 2026
6138 4035
6312 7040
9244 4211
1158 3597
4783 430
8989 2300
9628 4093
9107 2521
875 1179
1994 7252
8336 1103
5300 9589
9830 5396
4748 6452
9655 7350
5309 6668
9060 230
2869 9178
7428 8655
7387 9557
7858 1823
7568 4119
6451 5262
6859 7451
8804 9694
9337 1792
8554 8765
2465 313
7135 9606
8767 8091
5274 123
3044 4312
8193 7038
4327 694
9482 4546
3588 3472
8470 750
8226 6168
6864 862
5600 9454
9227 320
8397 128
6864 224
8142 8011
5946 148
6791 5307
8766 376
8084 836
5287 7947
1516 2249
7364 1678
5367 62
1989 7765
6094 656
9316 1602
2121 1425
575 6506
4966 3775
576 7145
2983 8479
4201 4503
2027 2400
9231 1908
8045 1374
4616 2350
7317 5022
1770 7619
6983 6537
6644 2907
1477 1475
7243 1509
1075 7322
9837 2477
715 7833
179 5315
2644 6956
9186 2552
1349 2314
3734 9179
8622 115
8826 7084
1317 4496
6995 9787
6752 3235
9311 2259
5008 6643
8019 8797
7762 1593
933 161
9637 2136
1689 9858
8938 63
7916 9729
9862 39
7708 5270
8595 8705
4939 8507
1536 4517
3389 8105
4146 9365
7986 375
8751 5462
756 7187
7720 32
4107 9818
1323 998
3831 7668
7812 1921
8259 9551
4746 1259
9021 3192
8566 7078
4224 2122
2662 2878
2106 6861
7498 714
8615 9865
2022 711
138 3359
6621 7500
1129 7669
2654 2156
1225 6065
8907 1378
6432 9406
7875 1051
1164 84
8792 6644
9057 4849
1942 1892
7545 6020
7965 8937
7541 1327
7325 1294
7976 1404
1366 1997
667 4174
7122 31
4709 5002
8515 1389
9906 2966
7526 9425
5744 2221
6720 3519
1804 9254
2878 2636
3927 6399
112 2272
3666 4674
1892 8994
1879 2379
5591 9568
1621 1589
869 7849
1225 8679
4187 1901
4766 9979
8261 8948
5530 1186
9612 9671
3792 6597
726 6493
8053 3936
4237 7621
8282 2038
5337 4561
9463 5648
8338 6405
7564 1120
5068 9391
6541 7703
5358 4620
9565 7730
6745 6306
9700 8040
6217 1348
9179 906
9500 7228
4352 7356
1549 3770
6186 9847
8016 8991
6772 9190
7637 858
51 1168
6227 5949
688 2134
5753 4223
5470 7547
8096 505
625 7972
9589 8329
270 8827
3142 8571
7994 1360
599 2995
608 1094
2386 3309
8059 2285
4824 3880
1799 4159
1771 8527
1251 418
2130 5347
7368 8639
112 9944
3081 2796
6498 2669
408 9268
9393 2625
2247 3244
4 9974
1741 2883
5813 3999
6281 2118
638 7142
4240 9355
7120 9189
1852 3882
4481 8106
6766 2540
9067 8997
7502 5992
3603 1686
8429 1278
8690 9950
880 2330
6219 9726
4456 7380
986 1939
7276 3550
2492 9733
7272 3845
5735 6909
9222 8089
1051 198
8683 9946
145 4068
5674 1911
7455 668
6425 4619
8805 6265
7993 2940
5339 9425
2466 6189
4065 3823
5884 9899
3870 8724
5682 6502
9676 1103
6037 2794
942 1845
9346 6597
6185 3452
9557 9669
5587 464
5495 3270
5742 7577
5326 14
1951 7413
8745 5037
5395 824
3319 870
7265 3796
1112 2562
442 3342
1784 1234
7783 7285
5231 3052
5496 732
7582 4900
8573 7526
4839 1630
4253 6753
4054 7447
38 3788
7873 798
