6354 3996
4804 9256
4854 446
9750 2992
3836 9439
9193 2809
4133 5116
984 8132
6371 558
9941 9878
1212 1839
1864 9084
5466 1620
7147 6297
3006 8465
1217 2448
8338 5305
6558 9545
8052 3487
9499 907
4249 8337
9255 5385
7398 1943
3688 6320
4575 630
1692 8833
1988 875
5504 1624
2278 8521
6975 3273
8255 324
8007 4094
7937 1326
8702 226
7049 6642
5095 1461
4995 6069
7167 9486
7081 8022
6074 698
1617 2660
7055 1288
2641 9368
1056 6385
9952 1391
4992 1304
3157 1822
4449 6538
9806 928
6397 1733
5410 5084
841 7399
6301 6460
212 2358
8438 8495
8311 52
843 8119
4823 2556
6894 2660
4299 1238
8202 2482
9178 842
9530 7417
8176 803
3403 5009
8306 769
6405 8624
8062 3261
3441 3809
6196 9304
8052 1118
7499 7879
3114 5894
9913 1561
4221 1296
459 6938
8742 9557
4810 3088
8790 823
4716 9231
8529 8775
8460 2754
7813 1631
1627 449
5417 647
642 8227
6598 9441
32 1622
7630 7522
6185 3530
3613 4535
862 93
8717 6881
6765 5682
5028 170
1722 4923
8751 49
246 2341
9433 2069
6033 4829
447 6123
8342 7614
4557 9709
1361 1619
7896 2918
5613 945
496 6573
4068 807
5941 2616
1136 9350
6862 7950
6736 7582
5301 5144
9476 8833
8033 9460
7387 309
7230 1557
2711 8877
4134 6880
715 9212
4254 151
6803 294
878 8946
2956 2679
8186 2095
9 4598
8494 8255
5503 8819
812 9760
7034 1065
5503 5292
8163 7072
6327 4098
7845 1429
6015 9460
6143 9237
7167 7457
7074 1933
3130 1789
4885 116
8437 9153
9073 1752
6214 9791
6676 2417
2163 9063
7530 986
822 8655
5188 9049
8683 4720
4716 1362
3300 1418
257 5993
7859 7613
7521 1696
9554 4577
8608 9686
9093 5005
2056 3459
6731 2739
3379 1949
8207 1385
2348 7917
8801 1715
2421 439
8944 3341
4136 6915
898 8362
3264 161
8281 1685
1862 9457
6624 6404
8398 5913
7411 4834
7558 4624
7275 7045
8406 9529
5496 7049
5622 7942
6520 3988
1676 9037
7032 493
7501 1609
962 4446
8421 3915
3469 2408
4762 2888
3662 9862
7457 2856
721 484
455 5289
7334 5000
6275 2621
4429 6507
3366 9082
1531 4230
6927 8899
889 333
6351 6637
7433 6821
2073 3237
2646 7974
6156 3545
5802 3047
2320 490
5161 9143
2501 1850
753 7583
8966 6617
7437 905
6125 295
3820 5064
4834 647
4415 9294
9096 1106
7379 9307
9131 9020
8802 479
4180 6395
2803 2421
9282 2773
769 4158
178 1996
9359 3816
4762 9788
5479 5530
2362 585
5640 6121
4845 9264
3310 2904
7836 9114
2852 8707
3535 218
8083 211
8995 9518
7300 9027
1144 8133
5981 384
927 1459
5190 2106
4326 5973
5131 8881
7286 4518
7616 6379
2249 8943
6282 497
1638 1141
5069 9400
513 7039
859 3246
5951 4455
6503 4373
6674 5832
4295 5203
3713 3652
6478 8666
5887 4146
9185 7525
8976 212
7386 2367
3455 732
8114 3451
9240 1310
1301 221
286 7562
6390 2258
397 196
9242 5557
4654 6016
9375 9613
3109 3743
9313 778
9176 9403
2894 9453
1169 9199
2504 1948
9241 9011
7251 8715
5 8307
1999 2715
603 1468
5089 8280
5967 2956
2120 3535
6035 1406
6367 8115
3147 4506
1189 8480
2351 8099
5413 3686
5892 1851
8984 5274
81 4896
1906 429
502 1771
8167 5546
192 3717
3347 8508
9082 9903
966 5963
5451 3425
8177 2972
7082 1573
6442 718
6891 8278
4603 591
9604 6537
5213 2586
8228 1067
2662 8526
9727 1274
2260 6151
5791 3731
6053 204
2523 5478
5841 4900
6045 2335
9392 7742
6299 4466
3895 3744
3464 1571
8986 229
9539 1982
5300 88
8203 6793
429 4051
7864 4066
6128 1551
9013 8962
9871 1296
6443 9556
1057 358
8224 2507
1065 9868
3221 100
8812 3882
2425 1249
8609 1567
3790 2508
5512 7074
6563 2804
5701 1985
9093 8675
5221 1268
2627 8824
4121 4715
3358 6499
6644 9824
8576 3317
2346 8810
6667 273
9173 3572
3787 1693
4718 9027
9016 1001
8260 2973
3185 6054
5849 2800
6211 3790
5191 436
8354 5460
7280 3181
8313 9251
6251 6343
4836 9104
7311 6997
544 8393
3914 835
9816 272
7933 5997
9010 9593
2615 2001
5126 8039
8144 4868
2736 3459
7940 8107
1255 8935
4282 3598
4521 6769
6534 6752
5391 8086
4882 6897
9500 1356
8130 5500
8983 8385
8207 579
8125 9936
1969 1723
5002 2504
6302 6932
7465 5576
3213 9517
775 9736
6329 3651
7375 9066
4392 7419
8931 9807
494 9573
8899 1867
8016 8753
9177 5
2697 448
8471 5361
7817 9712
5396 41
3402 2106
848 4594
4560 4235
2089 1122
3539 5229
9435 2520
9231 2870
3114 2084
1540 8793
5158 105
9519 155
6914 6762
4377 2923
9199 5254
9273 2988
90 7431
6616 5383
2181 4889
8788 206
8192 935
730 823
6834 8580
6004 9816
119 1163
5257 1436
8618 1982
1531 3437
9849 6688
4533 1341
8279 1124
96 1481
9418 5189
9361 454
3949 1964
2347 469
3536 2320
5320 8896
2526 9251
2638 4059
288 3079
2202 2445
1682 8337
0 546
6917 778
7756 381
7562 1190
4550 2863
1744 849
569 2014
1475 7040
2000 9033
4716 536
695 3852
827 3105
5611 2026
7530 8418
5613 5599
9143 5492
9607 9239
7012 8757
6802 9930
4952 2097
8783 984
5577 4629
492 3236
8518 3310
732 3446
5153 4567
2699 4316
4624 8387
9120 5221
4212 2292
133 5109
9987 5331
3564 1433
4021 7307
366 8120
5407 1450
5696 1324
5351 7031
7590 6374
9752 2953
3577 4032
4367 8883
8850 8779
6628 2472
7008 2464
8256 3318
8065 2667
7169 8388
9608 4787
7416 2932
902 4545
1677 8068
57 1829
5341 1253
6237 2442
6083 5502
8045 2810
1211 2941
6763 9812
6900 1595
9353 2030
1213 1000
481 2951
7794 7141
106 1433
7292 9411
3414 3205
9009 8083
5185 2788
9623 1072
6228 6162
7379 6675
1317 2670
5454 963
4109 7266
4007 9204
4101 3884
8262 8684
118 8883
3356 877
1773 3825
8081 7068
7647 9579
4734 5224
5592 2366
6426 8190
2639 4354
7863 9734
7764 9346
4708 3365
5840 5585
7701 961
8318 4392
7466 11
8012 35
3598 1025
1948 5115
7440 1041
6550 8117
2937 6154
9352 8440
278 3256
5735 1897
8558 473
5306 7498
8875 4057
9146 5869
4447 2934
9845 9513
5457 3093
8974 8237
500 3835
8206 1046
463 1967
7914 7848
6773 820
5319 7445
8649 1737
5884 807
5322 3398
8835 7525
208 3375
212 2771
6600 1278
7410 9109
7013 4305
1872 271
7192 255
8074 494
3812 7131
3317 3396
8911 8953
9577 7465
8376 8300
6700 174
5341 9697
3350 1034
6958 7379
2670 143
1342 5038
6874 8963
6622 4806
1795 6152
5052 374
9131 3335
4746 447
7128 1416
1431 2119
787 2017
6282 1624
6129 3188
8169 7389
2694 69
133 3744
8174 2400
2688 3961
5569 2362
9731 1120
7075 7941
3669 5374
8466 6629
3072 4072
5891 921
9295 9980
7409 5571
6729 8966
6886 1222
6927 1748
7566 572
14 7556
108 7191
4036 1352
6357 4520
8336 9880
6950 6611
386 230
8800 1383
1541 3782
2224 3021
4618 1829
7882 3409
6915 359
7095 7874
9124 1071
8452 2219
8736 1749
9557 8537
4807 3342
1753 9299
7551 6018
8542 5001
7003 3971
2839 9453
4114 2188
6260 9296
4684 583
7160 1330
846 228
7457 3014
278 8029
1505 1770
6710 2033
372 345
6967 526
1692 1187
387 2688
2460 8760
7509 3146
3788 9872
7585 1478
7090 1127
4138 2931
638 2535
7835 277
75 7678
1715 1063
3216 7696
179 1728
3810 4642
8709 432
7168 2214
6751 205
6196 68
963 9128
5011 3700
5323 8316
7124 2000
5304 1249
9647 2005
6844 2620
9130 955
7616 396
7027 9157
6868 7672
6710 8812
5440 2686
8290 8190
3807 8177
2248 4163
1043 647
9635 80
3477 803
3452 7720
9308 216
2858 1319
8617 4383
9783 2544
9103 9466
5623 8670
5842 7811
6883 2179
1766 1508
7637 6174
4771 1894
4199 1848
3346 5953
1201 2373
4228 4126
487 4458
5950 9824
9441 8185
5969 7213
8417 5089
7756 239
2508 9814
5933 6244
4693 784
4977 314
316 789
7481 9345
6173 2927
5385 9264
7265 5785
7219 2371
9600 8708
1043 1419
1411 354
2100 9058
8773 1202
8055 2005
7592 4724
7403 3476
8259 5941
6096 4787
8313 5274
1708 5457
3640 8255
8524 7937
8019 711
7145 1761
5313 8992
8993 50
9669 333
7221 4151
2059 1455
8091 98
9603 8201
8137 3103
8228 1006
6557 5159
9333 1143
5796 3111
9202 9699
6193 123
8583 8903
8809 1896
1384 619
6564 480
8985 3964
6827 8667
869 6297
2959 2771
7334 8763
9612 2930
4679 2946
1262 2844
648 7231
7091 7172
4991 5055
7774 7314
8905 8666
5845 6507
3739 6116
8442 45
1568 6599
6429 2097
962 8366
817 5733
4415 9782
1408 8681
1757 4256
4437 7097
7826 9697
5577 7222
8461 2251
491 729
7515 8114
1497 2724
8331 6571
9438 921
4166 9873
4800 1788
8025 1311
6830 7602
2802 6858
8268 3104
2945 899
7721 2068
7737 1518
6269 1972
5684 7555
1533 1636
9366 263
5000 4033
9222 2464
7847 9648
1620 7382
8679 2185
7744 8323
2730 4101
8781 2318
2362 2771
4967 4386
3804 3347
7280 905
3063 5478
7783 2923
8092 7205
3183 4082
8528 7623
6396 1236
4126 2351
397 3560
5445 8598
4321 2675
5868 9338
8033 5285
7748 2592
8632 1858
5456 3243
7880 762
6257 8741
8572 8717
7480 4089
8553 8475
6204 4076
9097 6732
4214 7280
9228 2871
8085 7323
7277 5572
7679 484
4505 7837
5712 6475
5112 9189
7571 5417
5840 8201
2582 1331
2002 756
5867 5860
2596 3072
2499 21
1088 8823
6264 3955
6214 5495
9547 1204
4414 1949
7844 4873
6705 2614
6449 3591
7889 6193
6563 4516
9792 217
3815 4658
588 9790
2813 4619
9233 6117
2477 2455
4990 2904
686 1581
622 105
2295 8979
6206 3991
1444 1116
7737 932
8318 3458
2382 4782
8012 9947
1348 9815
3656 2921
6184 417
500 4177
8124 5928
7617 6506
9884 9065
7102 2304
2198 9288
399 1915
7449 8355
6128 7925
9144 2875
8320 2577
471 7389
5210 9048
9513 2598
615 4135
2368 9183
1278 5913
3638 9530
6696 7744
5709 7605
7367 8443
9189 7577
9165 2036
7557 52
7454 1537
4936 6980
8679 5031
4433 352
9077 3500
5193 4835
3995 800
7185 4795
6927 3039
6039 3251
8773 1633
729 9467
734 3840
815 8078
8802 4585
1240 5109
1001 8470
9386 1194
3007 7956
8921 9645
175 2506
2103 4022
5370 9320
1064 3607
7177 9872
7225 2221
1397 3487
2997 1940
7042 2099
665 9724
4893 8693
6502 550
3013 3461
6728 3602
7480 7550
4318 5200
7327 6819
5735 9044
9333 2742
2521 8862
8243 9680
3569 9133
8597 3347
755 6886
9835 2616
7134 618
438 2340
7195 2291
9253 390
1684 5219
4230 1681
8418 9653
4895 3117
6805 4356
3393 3435
6429 578
2539 1196
1865 6993
7411 3119
3964 514
5495 8896
9014 1132
8112 3575
5113 8565
7673 1398
1650 8353
2331 9797
2109 7475
5490 1992
9682 1712
9029 4716
5262 6042
8329 4862
8274 8718
8342 3340
7194 358
9929 7861
6960 5295
31 1067
4512 4417
6441 6127
9557 261
3878 8566
7538 549
9490 207
5895 9373
2494 4669
4291 9000
5691 683
265 6953
3566 8946
8472 5678
7236 368
9926 4651
4628 633
8623 6341
5178 6735
8213 5274
1063 3442
9014 7803
1922 54
813 1695
1650 5984
9893 2151
6570 2879
7327 1924
6243 1703
7166 3175
6212 3027
7038 1003
9407 3919
8585 4256
6243 9516
6832 1200
2576 8485
1110 1401
3663 8259
8496 391
4185 2822
822 5958
3042 8140
215 2247
4240 2348
1557 4871
9704 1559
8575 6812
318 5005
8396 3399
7641 757
7775 5712
5136 1709
4908 2519
2965 9362
7078 8264
7508 758
3363 3364
9189 8404
6938 1279
5142 9632
6365 5209
8570 9743
4106 9680
876 4486
9436 4381
9198 9168
9960 7505
3345 2570
9953 3853
8886 1699
9703 9685
9866 8400
5325 9057
4333 5419
6715 6468
5331 9625
8026 1600
8005 3792
7236 8534
9789 7924
5567 9264
3428 4266
6246 921
6781 5366
5499 7259
5109 657
7692 564
6842 9662
4117 2389
7973 1220
5013 1363
9699 4853
7395 3086
6720 4717
7237 1337
8304 9169
6851 1121
7354 8274
5512 2480
7241 2475
9416 8707
4959 5830
5321 6820
1318 1294
9862 1819
6947 9203
4142 2804
4783 7559
1624 1831
566 2449
9033 1479
6659 1337
8393 624
7517 6817
8834 9491
8271 1012
2003 2946
6440 1909
7271 3643
9960 562
8017 6236
5661 3110
9888 3017
9408 2300
8079 9594
2491 4956
6751 9390
7377 3516
2770 1896
8028 8995
2074 4789
680 354
4619 8754
6582 9590
8333 9716
7152 4193
8536 1710
8475 5864
8650 5487
1952 4539
5847 1758
2588 3325
5392 1506
5720 9939
6734 7099
7890 1454
7924 5617
5697 686
2149 250
8737 2229
7889 2743
3648 5790
1065 7577
2620 2495
2453 9637
7403 3523
4819 2376
4272 2881
1248 8781
710 475
5883 6676
647 3802
9709 8374
9801 6
7695 8246
6348 7944
4509 2564
5767 988
8309 5436
3959 3100
7715 6274
1028 4432
9090 9155
5590 802
5377 2644
4922 1197
7792 4544
5390 2205
8953 7465
7979 4635
2958 8065
9943 1909
9207 3301
5696 8525
7269 1591
6366 1000
7580 2127
6922 729
1656 2787
1707 654
5588 2324
3289 8034
4743 1594
1607 3052
8065 2441
7496 4356
8459 7850
5663 2174
6548 87
6380 4066
9023 460
2198 9908
6516 2763
3273 8970
4290 1998
6638 2905
7794 9912
3046 476
7762 7750
8565 9157
6015 1321
9801 9628
7043 2666
8852 3328
9416 5356
7488 313
992 8390
5394 9610
3903 6670
5627 8536
1249 8811
7021 3177
2151 6813
7597 5179
1047 2934
9690 612
961 3950
7010 251
9545 3119
7418 7809
7174 1936
2968 2726
8854 9766
5059 593
6077 1888
557 338
9765 8491
7213 3733
9036 654
9864 5352
4068 3193
7369 4246
4107 8368
4954 1559
1838 8136
5367 9870
4834 3894
4541 4544
955 1552
1961 9783
8389 1193
4983 2561
496 8033
8147 4405
6716 1363
8478 6002
8166 8439
4502 918
7489 1695
3756 2525
5505 1824
7519 7581
2663 1056
8468 4087
4294 5992
5175 8859
5780 9793
6698 155
1168 1264
3639 139
7377 3970
1020 9093
2205 214
6332 2132
3857 8211
7077 825
1266 752
6634 1796
3876 7852
3855 410
88 5857
2893 1639
6511 7360
5892 8514
1515 1429
5696 466
7150 3411
901 1535
7432 5195
9782 433
4889 522
9526 7683
5152 1161
9055 8735
2118 3075
7236 9606
3419 1955
7633 3271
3820 2415
7735 9289
7474 2689
9575 4542
7862 5952
717 9419
9053 6043
6844 9203
8664 2555
5334 5868
4165 9099
7183 4733
4697 1003
815 1588
3794 5516
5790 8070
7948 8471
824 3659
3614 2696
5491 869
426 3506
7951 4052
3151 3200
1296 3474
7479 7211
4719 4181
5883 2412
5950 6752
8241 98
5453 9738
612 2698
9069 1269
1337 1296
6598 5368
2452 7255
5146 6584
5363 166
7754 4827
5641 2591
385 7875
8148 2917
5738 574
8647 1697
7345 3990
6410 8471
8800 856
4158 7797
654 3346
1017 8502
6390 6277
2171 9465
4421 9046
7424 2189
3 617
7264 1413
7331 2635
4509 3911
8234 4803
6348 1563
3128 3961
8366 1166
4341 1968
8761 4176
5398 2882
6321 9538
9223 9948
5967 9720
7734 2917
6218 671
3694 3181
6559 9451
6337 1939
8361 1065
5358 5676
5767 5695
4845 3693
4624 2562
8037 6602
5557 1720
582 1999
7162 1500
7254 5784
4013 8946
5947 1088
8618 6175
761 1332
838 2226
2742 2302
6455 4123
2551 1459
5597 3045
4027 1911
2916 4589
8917 8169
5348 9022
5840 2394
4062 1231
55 5348
9891 6425
4524 8315
8272 5664
1401 6365
5698 1263
6978 3647
438 7337
5554 1664
6824 62
205 4362
657 6212
7749 3789
5568 1418
8413 1065
948 1293
2622 678
2429 9817
3524 1798
378 2568
135 1678
258 437
7381 1677
5385 2995
3892 7743
2447 5786
9345 1575
2107 6126
6837 3090
9575 6812
509 6736
9359 5122
7426 3899
5051 2188
7197 2206
8490 4709
6483 419
6414 8133
3684 7569
4583 8535
948 1944
1435 9610
6578 3954
475 8256
7243 372
4988 8669
9778 1928
3664 3920
6507 8445
7925 7532
8037 274
419 3521
3285 8704
5902 6272
4740 3392
8615 6029
905 3680
5797 2692
9002 776
2650 9770
5865 2418
2261 4067
8681 1135
8355 2920
7039 9775
49 9064
9180 8366
5233 377
5929 489
4603 4819
6957 931
4527 9147
7949 2762
4417 8192
8254 5878
7793 6572
7815 8280
2073 8832
9436 9267
5447 4393
6898 508
2233 2670
3227 1542
3306 8776
2026 3280
6749 2371
9881 4635
8293 6076
3767 7450
649 9859
1425 1449
9710 731
7807 3329
8055 5237
5074 8066
737 1691
6586 744
1999 3383
8697 9026
644 6603
4674 632
4118 4323
9556 2456
4152 672
4902 7028
8592 3612
1714 482
8686 1590
8098 3900
3022 75
125 8002
2721 6005
5923 8922
4760 2779
7727 3727
9771 8164
5448 3036
8000 8697
470 3575
8688 6968
7114 3091
711 7573
586 6230
8002 1945
7270 1767
3383 4934
9038 6034
6334 8089
3588 4399
2802 3347
4798 8116
6039 5813
122 389
6152 1552
6044 1461
7841 8830
5370 2685
2379 6367
1040 2622
5289 4417
8049 9353
177 706
4205 553
2757 3280
7029 8851
8582 8541
6647 6720
979 1888
9014 3439
9592 2778
7567 7745
8838 6022
8563 2785
58 2188
7798 8989
6128 6276
6721 8856
7426 1389
6672 2584
2028 8661
2782 8714
3220 315
7338 6465
3542 9225
7828 2802
4940 6119
9193 2255
8858 4108
9834 5586
6427 9619
3220 9476
8612 3292
8148 5409
8529 3294
8735 8732
3653 4784
5431 4635
4804 9497
7826 8103
9506 3281
9666 4402
6590 7897
6130 4120
3748 6189
8057 158
7447 2858
4565 3186
4576 1209
7600 8815
8878 6314
7855 5807
6128 5098
6888 8758
2063 5455
9701 4926
7709 4786
9463 3297
6636 8659
4565 2813
9413 3296
7517 1354
8284 5431
6414 3856
3977 656
1122 1755
8899 4014
9332 5293
5854 3375
3597 9676
5293 189
2097 6657
2833 8791
5129 3384
2415 401
9350 7040
7086 9510
6980 8180
5702 9698
9164 3386
8792 4646
182 6507
2377 9270
7351 624
9911 8653
5660 3401
9948 8800
9035 3357
3887 5700
6533 2886
397 2087
6181 8213
8637 8945
7483 2771
4327 1807
70 8373
8961 8517
9195 53
452 5814
1073 11
6911 3893
8478 7502
7783 1607
9844 5602
6211 3401
6855 205
6133 858
9250 290
6491 4587
4169 9447
7094 7397
9944 4642
9159 7570
9172 6606
8460 1827
6458 999
5552 1077
1092 1722
1503 4411
9587 6821
6785 7401
2734 666
7750 8461
7975 2837
1977 9928
6829 1585
9344 9579
7343 8487
8582 6669
5080 5934
7526 2192
7705 1377
1094 1480
8407 666
5078 1580
577 1778
3942 1461
7976 7618
6772 799
5470 2863
6452 9834
8923 1835
4809 4020
6808 9123
2525 7186
497 2056
6524 5163
2677 4431
4771 2187
8427 3325
4353 1116
9046 9224
7717 5938
3232 748
7153 612
8951 3101
3045 2053
7467 4042
1115 1287
7114 6398
9541 4858
5399 974
6602 2580
1405 3978
5118 3435
4455 1959
8016 9882
9037 257
165 8348
9368 9890
7176 1799
1179 5508
9651 7097
9449 8423
1845 6766
8226 9993
2183 7170
4141 4248
1225 7057
3528 5747
9614 389
9200 377
7911 159
7072 6414
9575 9559
5961 1593
11 3019
6625 4382
8761 5964
8281 372
6065 4310
9626 521
7783 4296
6708 7305
7777 3727
6877 4639
5748 9972
9821 1748
4334 2032
6747 2394
2332 1204
5205 7329
4038 5008
5814 2863
7558 543
6791 3897
7953 8620
7637 9961
1701 9744
4803 9313
4180 1457
724 344
4420 764
2802 1805
264 4035
441 4342
8925 8263
9777 1160
2973 3120
8913 9722
8905 7503
9131 1579
1572 8259
9313 5119
745 9798
7177 3802
6472 5856
918 9348
6895 8928
7476 3869
5924 7299
3510 7875
1298 1761
447 2529
5017 6774
3490 3881
9370 9795
1904 6940
620 3094
654 9917
1302 2899
5555 118
4973 9449
3477 4966
2772 7020
2601 48
8678 1323
7857 2262
2844 71
7258 2348
3678 4583
162 2293
6009 711
144 7837
5784 9489
8368 8192
4425 9212
6423 2687
6189 9430
4814 1036
9974 3097
4412 727
6648 1313
8271 4588
6499 5534
6560 971
7890 8014
7646 8328
3402 1098
1554 365
34 1712
5808 5393
1470 6638
9114 2131
2027 9444
3130 2890
505 2874
3593 27
9595 3752
5913 2562
8429 5411
8278 2618
3158 9898
265 3386
6579 1190
7034 9763
4021 2432
3489 1259
7810 6606
9091 404
8028 7997
2914 1702
8299 8311
1576 1857
7757 3827
6769 3952
7839 6377
4774 6052
4161 7780
7769 2754
6736 1187
6983 1436
5317 414
9795 5336
4568 4613
1382 6170
8796 1775
8379 9071
4819 9335
3567 9642
8997 8217
1286 9207
7114 6443
5528 2561
1695 6193
1196 8495
3633 5953
4018 8653
9622 2160
9155 293
5505 9523
5704 464
196 4072
9588 2512
3147 9442
9700 8989
7699 8651
6698 1258
8685 9276
8364 8961
8830 7299
3322 3817
7416 3789
6190 442
5903 2106
4124 2110
8020 4541
26 5731
872 275
9314 2393
4000 4146
9812 9022
6644 1817
1266 1217
7732 4668
7657 324
6095 1000
505 3901
4620 3481
8767 5414
6006 1416
2617 9784
8356 7128
7478 214
9262 7464
7162 8316
1310 7159
9935 8841
8565 9867
8108 5570
487 8025
7485 5033
697 1339
1261 7568
344 806
8105 8799
6203 2496
3691 6033
7584 9887
6046 3272
7954 1841
4868 2662
4843 3243
4320 1890
4855 5203
9260 9317
6801 357
9193 925
2350 1316
8124 567
9426 2295
8829 993
5621 8390
8673 5212
4224 1140
8702 1712
4243 1684
5727 5783
9309 7121
9428 2117
3099 1152
9294 2791
3091 5083
6809 9988
9695 5844
2820 1816
2965 8098
7686 1895
8889 383
64 5437
6699 673
7963 2963
8358 9234
3054 3336
4004 1644
9009 1467
4518 3851
6488 80
6795 1171
7569 8930
3652 7608
932 413
7093 7509
9960 9539
1734 772
1899 467
2226 1765
7688 750
6129 4055
9411 6098
7254 4430
5471 2020
7463 9299
974 8079
7342 4808
2961 5746
9794 8459
1707 6389
1871 6003
1504 6704
8373 480
7271 4784
1027 888
9296 5824
8284 8773
3813 8851
191 5082
8614 5646
768 5917
7659 9066
8169 9954
2904 8365
8033 8898
7872 3697
7126 2824
7335 374
6118 676
8922 2729
5052 2422
8896 870
1771 9685
7657 5205
9384 7900
9290 8530
241 1533
3210 9581
809 4843
2299 1438
4405 1649
1169 576
3144 2582
9444 222
6371 7478
960 6738
4943 2901
8556 7753
5473 3475
9159 9214
2097 5137
6457 1021
7096 5968
1142 2814
4657 449
8533 8909
2809 4411
2345 7574
8583 7863
8593 2135
2959 1237
6931 1183
9275 9259
844 5493
82 8813
2906 1347
2923 4783
9432 9916
