8867 3542
2700 6611
940 2693
7368 482
8780 1179
8106 2583
2772 2026
3711 2799
8405 4307
7046 1779
6522 8949
9011 2954
8502 4505
7142 2161
5416 1125
3151 2696
4236 7199
4818 9541
6790 9523
6158 1618
2079 2449
8530 1045
3045 9475
4305 4153
7820 9107
9594 8350
3920 2770
8782 9375
9182 2255
1615 3747
6856 320
8434 2361
8963 3528
5771 8389
9036 7570
9241 1523
8160 2652
6153 7667
5297 8240
6174 6414
8979 1379
8480 8785
8794 7749
2444 6495
7166 6939
5815 1642
6990 8928
2721 1147
9491 8765
7725 5590
5812 2247
6914 9283
4431 1394
750 9962
2053 2301
71 5918
8187 3256
6801 631
5061 7833
8750 9260
3412 5323
5301 495
2767 9606
4821 910
7891 526
8550 4103
7852 7328
2654 6732
3262 5011
8547 13
4404 7833
8698 5844
7391 8696
1272 8358
6239 756
7979 1398
7474 9893
9086 2542
5317 4761
700 2948
2443 892
5775 2463
3780 4792
547 7666
9060 1622
1122 6585
9023 1820
7876 3907
7054 1992
9370 6888
6396 3978
8747 1247
4932 9098
9902 7243
6477 1953
9918 4398
2967 2855
5451 9842
8972 6963
5990 8250
5871 1505
2115 8502
4650 488
4232 3618
3621 9737
6022 511
8061 6553
8966 1412
317 2787
3482 947
894 3851
8891 9082
8924 9933
3186 3694
4220 2453
7091 288
5418 2817
3867 6917
5369 3306
5410 863
6183 9072
8312 7460
8330 9580
12 587
3654 6665
8558 5651
7661 2251
9525 9790
5350 4497
7040 9897
7941 5045
5667 1809
6028 4066
5443 3412
9203 61
7699 4730
8390 6719
4709 5753
4285 1670
7557 4911
7402 7252
846 646
6278 9402
2236 4064
7659 7933
1391 1614
5364 2193
6779 155
8281 1420
8920 9400
651 937
9775 8193
9874 1899
6267 2231
5755 2465
9499 3599
8299 9546
7598 5334
3869 685
2944 3490
6340 7404
9377 8942
9568 6029
7863 8234
1947 1314
4074 7326
1372 7764
5951 7485
2441 9141
1601 2074
6708 1011
8084 5843
9460 2416
2965 4308
2147 3187
8310 1725
9926 9916
8244 3208
40 1519
8300 628
2153 1540
408 9005
7694 8137
3926 1
6003 8699
447 73
7576 9429
851 7481
8012 2677
307 443
3586 840
9142 5647
4051 8524
5087 3717
8536 733
8799 8691
9717 9670
179 4580
2157 584
1383 4079
7787 6881
1336 5990
7755 8426
3362 9210
3222 2634
1443 4624
3379 9150
1603 1086
973 3134
312 3388
7067 1572
4046 9878
7587 1873
8913 7485
7521 616
457 7418
6992 3155
1615 4443
1669 3776
6290 4131
9317 4164
6147 4497
7929 8928
4093 8125
6892 6945
7287 9955
344 3232
5385 6770
5438 9814
7012 3111
6150 7247
7402 1310
9237 2864
3022 8071
6114 5115
6634 8528
7783 9489
5721 4137
8433 2580
5873 2544
1411 9910
6624 3724
6389 4007
3643 9177
5388 629
9005 8749
925 8853
601 5611
9371 1673
2943 5046
7144 9394
934 307
8807 6591
708 983
4773 7573
9431 756
6436 1206
6715 6894
1001 9988
6810 3110
1902 9486
7986 3301
4163 8259
8651 2263
8791 6295
5077 9911
6189 404
731 6722
6481 1744
2902 3041
2252 6831
3508 9532
4738 767
5403 1566
6377 5564
1241 1459
9931 7737
8560 4826
1725 4318
7948 277
8248 2790
927 9936
1366 300
5284 418
2758 9304
9530 1507
9265 4879
8571 8483
8295 1000
7992 999
453 5213
3106 1886
9730 261
8665 840
9786 2636
7779 6983
7225 3199
2284 8495
9408 2461
5445 1926
3410 8011
9450 8959
4014 1215
8080 3569
548 3850
3588 1372
9887 4795
7328 3412
9953 4102
4065 3517
6840 1788
1390 1020
2024 9299
7408 4460
8294 123
1454 1943
7113 8712
76 8069
7118 4217
5293 8077
9491 9647
7688 8162
6942 1367
439 1189
8491 6270
5923 601
4161 5304
8752 8526
8581 6838
5157 6846
2936 1172
8824 4615
6215 9296
4192 2115
219 5242
8252 9264
7408 3655
9504 8776
4809 7452
4023 3245
4533 2938
7860 1160
1825 8815
1209 1227
1491 2145
5608 5069
6541 3925
5508 292
3945 8402
2417 9220
7554 6459
6654 4890
8138 9664
8462 3043
9 4708
5340 8228
4005 581
1483 7896
8750 3860
9008 2206
3364 3293
1113 449
7820 5912
9898 9322
6572 7309
2084 8121
234 3406
8025 1362
6183 7353
4877 1570
378 2861
6219 216
3760 790
858 9505
2455 76
141 1871
4954 7531
1631 1435
9741 8184
6129 3068
5377 7225
9614 1318
7541 1815
4481 8781
4661 8977
9387 0
531 3755
243 1216
6194 2006
4788 3195
5991 9231
2944 5550
154 771
6921 915
5311 5981
5977 7382
5198 3151
1590 4979
4644 1582
874 7741
5521 8945
1590 5244
8935 490
9328 3719
7238 1466
7277 3529
1437 6664
8753 3195
6197 947
4765 3161
6866 2799
6963 6487
4155 757
3416 454
808 3114
1166 1510
2147 7619
6182 9979
301 659
3812 2345
9295 8394
8283 9208
7427 7008
7193 654
8811 4754
9750 9697
7374 5281
856 7598
1379 9588
500 2975
2323 9393
6977 8879
358 8489
2417 6553
7117 5740
49 2666
1738 9233
5324 3631
4564 5749
9291 1018
7194 3665
8193 7836
3523 269
9425 3727
4101 6024
3100 9965
6790 4600
7898 1093
7382 3163
4719 4990
231 7751
8433 1028
2829 202
5237 5361
5688 1999
366 1825
123 4254
6220 3521
8195 5149
4371 9388
5011 2366
121 2115
967 594
5174 1755
6613 8327
4230 1657
1689 7525
2991 1031
4884 8188
9479 9345
7510 2278
1380 7938
7305 2812
7392 3720
5740 710
7858 5850
3170 7540
86 8959
5776 111
593 9141
8860 7731
9317 2314
2295 9936
685 9898
3502 3290
6590 6371
514 9787
1054 2561
3640 4163
6687 3679
7898 6043
9875 7601
9904 8302
8094 7824
7151 2996
8721 3492
7455 9414
7700 322
7830 3141
8123 8498
157 5060
3947 11
8210 6436
9918 5734
1931 8998
4227 6560
8616 6300
1330 2887
9489 6194
9410 3686
4653 5685
7361 8067
7877 6226
1153 567
566 9401
5978 9877
6997 1603
9879 4924
9080 1946
6314 4206
8648 6410
57 9645
8742 904
6190 9652
2094 2437
9048 9089
4876 6345
7598 8774
45 1979
1344 175
5234 1214
4200 60
9531 1365
5528 8113
3202 3518
6856 7764
6517 6232
8800 4678
2574 8415
8298 267
4882 9664
2748 86
2713 128
134 982
9208 1736
7963 4334
2295 3752
502 4904
5277 1153
7212 6995
9334 3538
6819 10
2579 658
3496 64
6770 154
9170 5501
323 8056
480 837
9154 7628
9825 9553
8742 3253
2686 9765
4053 3666
3608 7108
4533 3745
6943 575
7759 9091
4443 819
8692 399
1899 1694
1868 9025
2793 744
4215 5915
1448 860
6892 5569
1285 5677
5906 8018
6172 1838
7493 9092
1115 9583
5561 2767
6250 3069
9847 6436
7312 1618
6329 6022
2977 6544
2310 2065
1823 8442
4890 6067
8255 380
6416 7423
8331 1687
5628 5278
5497 1411
8194 1718
2794 1067
7145 6931
5557 6566
7224 9439
1226 7670
8051 7267
6692 8531
7921 9408
7555 8793
6514 6840
9682 4331
2317 4826
8307 5013
3078 2035
7124 698
8207 7635
5059 7578
8305 1562
9851 8346
8909 8321
9878 4656
9467 2578
8599 8281
7792 2819
2533 5474
7453 6013
7617 5447
9910 9456
4285 7524
8356 8675
6845 8759
6247 1225
5879 829
8899 1869
8606 2290
4883 3802
2905 7947
9381 1728
2180 4955
8505 9413
5850 6894
1467 4753
5767 8028
6114 8172
6427 904
2020 5576
3760 3249
1941 6335
7509 8636
3370 9187
6024 370
895 6369
744 9763
9490 8208
7570 3663
4282 2134
5855 9466
5876 9260
6971 1533
1033 9578
4741 9594
8894 347
5347 8012
466 9238
7845 8598
2025 8822
311 962
8496 7476
8897 1404
669 4871
3866 7301
6799 7141
7263 7833
2395 2991
5564 2613
6548 7150
147 710
3471 4556
8686 1486
5798 8787
7516 1454
7962 5821
9607 3522
5747 6526
4727 2089
7492 8043
1391 9300
7428 5398
2155 4034
5949 4611
2741 2208
3407 5187
8838 8794
7076 1977
7005 2591
5097 3384
5517 2924
6809 6179
6141 9921
8230 2086
8331 3221
9056 8235
7558 9421
2737 5328
2255 7131
835 7891
4058 5269
8688 1917
6733 3007
5449 2087
9644 3911
3230 2722
7454 854
1802 7041
6903 9202
7839 5211
90 1622
8731 9319
9223 7566
564 6911
4597 1583
9078 7822
5736 9620
7212 130
6609 5313
9415 8001
9817 4225
2370 1841
8189 526
3016 2510
3706 6600
236 5589
7692 6072
6867 625
8193 3650
7275 47
7584 4854
5454 4106
6087 1309
3058 7997
3683 7677
2205 5723
7381 6745
9030 6860
1721 133
598 1637
8007 2039
7250 8333
1312 8973
7964 2492
5815 2548
8206 1876
6118 4163
9385 2105
8900 41
9193 2658
2588 6893
4773 4050
6346 1546
7246 2477
3473 3414
7005 9324
8364 9637
4046 652
8432 6245
4459 5925
9927 9191
9031 502
5157 2705
7327 8593
3683 6463
3936 6414
3005 7073
8400 555
5386 1481
5890 1243
7646 1521
6776 9329
2726 424
2545 8405
9185 3570
1622 8739
7393 8659
9322 6693
9300 1607
8901 7194
5685 2981
8044 74
9795 237
606 3325
235 1575
8413 8953
8503 9521
7 8249
9142 1551
9684 2508
6884 1849
3984 1714
441 2439
8291 5176
7486 578
8942 8929
5123 3191
7947 7474
1610 8634
5966 8426
9881 8921
6931 4382
5881 1148
3871 5377
6001 1595
7277 445
8685 5718
2092 4069
1319 3853
6383 8341
8784 8994
4979 3712
1357 1112
4716 1352
9771 6286
6761 1504
8964 5025
2314 9258
7805 8041
201 4807
8985 8086
9620 1803
4668 1168
2145 3414
2909 2727
8816 9598
429 9365
8566 935
8880 3346
806 1395
9624 7556
9349 1201
6795 8119
9001 5707
3417 7599
4733 8737
5507 8131
4048 3
887 3948
7206 4311
9172 4133
2433 3184
9639 2058
8065 5878
3789 682
6370 9408
6473 1544
4642 2175
6864 5221
8011 1971
905 7910
943 9334
274 9584
2978 8618
8605 2337
1772 8663
6889 9042
8878 4567
2220 8530
3379 6045
2126 4438
1226 9514
4846 4691
7402 2658
6148 3301
6267 5653
6928 1692
4338 9919
8206 9250
6605 9669
9228 4657
6365 2926
4963 1605
9345 3521
7455 7135
4725 9806
1567 2874
5966 9718
5205 580
8892 9811
9264 1726
5976 1366
9815 4080
2730 508
9170 9154
7664 8413
8722 2611
1316 3005
2463 1970
4486 8742
777 9521
6781 5213
4844 1662
4904 8995
9791 52
7468 6408
5935 7865
275 6686
5936 7192
6596 3446
7359 350
6109 7794
1439 6759
4733 9234
8162 4731
9419 8523
1689 1012
3026 7573
2674 2804
608 7590
7444 286
9454 938
9625 2248
6618 2050
1781 8041
9603 9813
8833 9486
7758 5033
8898 9094
3509 4958
506 3004
6906 94
6608 9705
7609 1908
959 6104
7644 1520
3199 424
5481 5470
7450 1920
4848 2525
770 1249
7641 8541
7599 9856
9468 4870
5655 2590
8906 1082
3090 373
3398 7808
3272 9538
581 8265
7656 9837
5474 2434
6532 3765
6669 1147
4794 2037
1536 500
1583 203
4963 3535
6822 2328
1477 1613
1685 1791
7162 7846
8582 9895
8101 6818
8949 7293
573 6166
171 3828
2909 6610
7876 6556
2152 740
3702 7149
4653 7142
3297 684
3522 9433
6028 5822
9902 129
3860 7851
5079 834
4874 7492
2440 8202
8508 1435
7905 7787
7436 9703
704 1523
6741 9141
401 4411
7841 1386
8609 8019
8039 3702
5851 569
8986 4070
1449 7391
8300 9255
9576 9125
5872 628
7923 5970
4236 1089
1075 8232
7661 8859
9733 1609
6977 9246
9278 8384
107 9912
9727 662
3949 4824
6581 3653
3157 9928
4714 2906
5047 2966
3976 6211
9618 6475
9479 1850
9818 1316
3865 107
78 1375
3878 9580
880 1883
9511 341
7098 882
521 8217
7667 9032
3947 6189
5406 1219
6436 3800
8713 8210
4641 7243
7943 2407
2265 7931
3916 7778
8887 8103
2828 7779
7614 8467
5936 2287
8329 4806
8689 2754
9715 3266
301 2858
2621 2992
590 6487
9116 7818
4772 2716
3854 3494
8520 2014
2307 9217
7003 4944
2642 576
2598 5116
5326 2335
670 710
9356 7655
8022 9358
9258 3822
9779 7200
7821 328
26 9275
3942 9735
506 2035
4827 8551
9881 7333
5796 1768
2783 816
3523 4418
602 59
8339 9415
4132 2921
4823 6222
5363 802
2448 8266
7555 824
3420 1000
8463 9715
6977 9743
7117 332
9484 3882
8636 3901
3987 329
3569 6577
5799 996
4865 1092
8504 1795
5486 1439
9130 1254
1923 7290
6098 2720
8093 6627
4526 2565
9779 7972
5160 2931
5775 1398
5718 9000
643 3865
7356 9222
9771 3952
585 8964
3857 1917
7930 2669
8419 1585
743 132
990 3536
9801 1436
8970 1279
5312 9638
332 4618
6858 2979
3791 4833
7360 6344
8466 2010
9474 5772
4442 9867
2513 7074
3472 6922
2896 2525
768 575
6543 3992
9584 8798
6874 4128
6552 8278
1609 2502
6835 7663
7822 2246
7150 1030
2895 8572
5391 2324
5228 4661
5195 463
4723 3622
600 4001
4834 5933
3056 6576
2398 2289
4435 3340
6816 3749
5530 7478
5248 181
4735 5523
8462 9079
1832 8186
4461 853
489 764
8969 1942
7344 3990
6650 46
890 3668
3558 1696
5439 1065
2011 3843
7309 9401
4108 1116
7126 1817
6807 2366
6298 2080
9188 2250
7284 7098
6345 9739
1181 734
7011 6302
4482 1936
6557 7938
2219 7111
4087 211
9498 5072
2856 3647
6004 8399
9374 2498
5467 3850
6917 2358
6240 3507
4789 524
9944 8806
6236 7185
7885 6025
7283 7677
9263 6580
9095 1254
6479 38
5450 3280
8333 9827
8044 419
3093 1357
2022 1856
6172 2483
6744 7404
4618 1702
7006 7224
9956 392
5409 2051
268 3121
4801 331
793 4520
4347 835
6719 787
5542 8444
9642 6998
8439 6969
8182 8359
4702 9406
8753 5295
4183 5134
9696 4201
1200 714
2463 1059
96 8361
518 9024
7086 1869
9458 9927
9379 5204
4374 765
9208 2433
7581 9130
6823 3710
478 6327
889 5144
777 8875
6904 3518
3945 1262
1562 434
3057 8973
7780 1648
8502 8314
5271 7468
191 6270
6476 8855
8332 1715
2844 6470
9431 6647
4638 8580
8599 7205
8614 2489
9713 7830
2087 8104
9110 7500
4759 4525
4243 6595
8815 2744
2432 5743
6520 6538
8310 542
5323 6818
2205 9493
7504 8780
7746 2535
6214 461
5028 76
9326 1647
8592 9761
8598 7855
8431 2345
8687 5074
9390 4148
4397 4150
8734 9621
7752 8737
935 4162
7062 5029
9976 8037
7120 15
9042 4340
7583 1582
3334 7923
7976 4286
7506 8043
6916 1533
7368 7929
4148 7767
4508 611
8150 6918
7398 9040
113 7100
4327 801
3246 990
2661 71
6925 4506
7215 6560
2671 8374
7940 3846
875 9786
7715 1104
4985 3775
3438 3411
4872 9496
7464 1787
989 2425
3828 1238
2378 5353
7113 3515
5306 1651
7405 3952
8445 9207
2814 3031
625 5302
9681 2624
9393 7032
3048 4402
9885 7500
2754 1560
6201 9269
4621 8579
5692 8754
7459 2180
325 8429
3398 844
742 495
3109 2547
8195 2593
8405 5063
7567 7082
7132 8731
2716 9562
5459 7584
1753 2690
6132 888
9003 1082
8267 2883
888 3294
1849 6041
8276 2294
1806 5325
7148 8037
5958 5058
4425 9584
5234 942
6276 2631
444 8097
7097 7582
1250 6620
9911 2546
1886 8673
447 9945
1078 2120
4911 968
5059 1620
9409 7525
8458 2836
6842 9808
3074 7154
6591 2727
1631 5566
7470 4538
4362 9212
9946 3793
3621 992
2275 4590
6786 8457
7916 5792
8499 514
4109 666
6668 99
4672 663
4031 7162
2318 58
4197 3030
6401 3547
9001 2832
2829 7363
4823 9319
8977 8747
5631 3076
9294 726
3853 1126
8984 420
6164 1626
9662 1158
8831 9223
4257 5416
6022 9535
7193 9611
2378 3612
8594 1030
5970 8786
3231 1578
825 3964
5824 4796
6637 3507
6787 3860
5486 1539
6334 2014
8525 9682
2298 97
8160 5505
9728 2657
6679 736
7734 3676
5383 5849
1997 8507
9084 3000
7915 4999
6055 11
3613 4015
2619 8118
9666 1635
7701 6653
8382 3567
4582 7031
1281 2531
151 729
2455 6474
2908 8894
9667 3442
9330 373
7278 893
4528 6358
3387 3272
5378 2364
6686 9276
6890 524
6392 1559
4165 7623
47 7968
3646 2485
9626 3153
1938 2549
3420 1355
8958 744
5471 9623
8558 7598
645 2446
2851 7699
2996 9923
6509 2939
8673 8195
7999 8659
1214 2310
1481 588
6316 8222
1692 951
3524 8358
8016 3644
9024 5649
1053 3296
6804 3875
7047 4685
4700 296
10 4271
9904 9145
7173 2695
6046 2476
3660 1048
7810 506
9100 5415
6950 8544
9285 1933
2588 9023
9789 9954
5500 8989
7138 5333
2120 6065
110 5562
1862 6444
9421 8969
3375 1445
8726 7424
3580 1734
8812 6301
8024 1081
9720 2885
3615 7964
96 910
2973 2984
7716 2807
9489 9782
7732 7510
8901 752
545 98
2006 6429
7411 8852
9345 3129
5187 2355
9751 1044
1306 6877
3791 2914
7250 4590
7130 8609
4452 9341
6135 1147
1109 2018
2849 9570
9243 9389
6156 7213
2903 538
1511 4923
3716 5256
4330 8862
3235 7692
558 8532
8992 9892
8615 3755
7187 6497
8494 4548
7333 3433
7273 1841
7971 1245
9401 1810
5942 4192
7989 8289
9299 6903
7482 9684
2023 7784
9576 1555
6524 9571
8491 2793
155 433
2701 3045
6285 7721
6880 7750
4074 6639
2591 4341
8589 3486
8979 6381
4341 2144
466 6597
9420 9421
3938 744
8097 6029
5295 5526
9164 8906
3573 7561
5102 5396
1545 1119
3675 4427
7497 6118
8232 825
8694 2842
6273 1722
5223 6216
8242 3090
529 98
5367 6309
7401 3822
326 8931
1240 7923
1523 3287
4385 8091
2970 7468
5072 655
3779 7643
7550 1034
3815 4707
9055 1922
7483 5294
5652 9223
9285 4370
3654 1577
7197 8579
436 1833
4713 5533
2339 5428
4963 6382
2523 5737
9903 712
3555 551
8080 7620
9186 9702
4875 8749
7964 126
5807 1261
8684 1498
8491 4072
8280 4383
7688 1390
8802 5282
9865 1624
4158 1151
8885 8843
3641 8180
4382 6228
1708 4370
510 1796
9211 5157
934 137
6022 3033
9671 7393
2316 1071
2725 9641
5491 8321
1113 7952
1697 424
9844 8632
9208 9325
9231 4762
7915 9631
2004 1106
2305 1183
7659 4723
62 5927
8220 6974
5761 754
9022 4889
8727 8993
9067 5943
5469 811
7488 3040
9361 1322
6127 6409
2047 2091
6188 2749
7075 9222
3983 8279
1261 3784
8214 9797
9679 297
6988 9375
618 7
5478 2859
7399 7634
7558 308
8244 5102
5072 4571
6000 4252
8451 5809
9233 3221
1486 9621
7641 5037
7236 3182
7180 2347
3121 3007
7498 1052
9293 5980
7234 3486
9214 2834
6124 4259
8874 7461
9686 6585
6992 5795
8392 7192
4883 8404
3188 5698
9194 8719
2339 8382
5830 1868
2052 2690
8123 1527
4814 6769
4464 9625
8756 3654
7459 729
3028 6096
5833 2632
6256 520
9688 5211
9579 9505
1720 9657
8026 7457
9597 1682
6502 2009
2013 8863
9914 9431
9031 2582
7700 9278
139 7546
8526 3349
434 181
8859 669
7271 2047
7546 6187
1978 7858
8321 1488
7293 408
4143 2871
1463 9069
9515 3719
4414 8734
5673 3330
5299 1957
9248 6758
9832 7303
5480 4592
8361 7460
626 6515
843 2837
5739 242
4585 106
7656 4638
8394 3966
5851 605
4480 7228
4231 8738
2239 2893
4920 9113
9745 6903
6983 2006
2968 9683
4264 4198
9894 9326
9069 1781
5797 8711
8029 9443
8032 8020
5786 187
6666 4586
141 7093
6906 8705
7824 8521
5298 1308
7360 164
717 4107
2587 1252
7318 4713
2225 2562
4209 8031
6207 6079
7986 2548
8307 5901
7073 2587
8741 2981
9505 604
567 1171
5026 332
6476 9772
7645 799
3684 3226
1283 703
964 2155
6052 1078
1733 387
8089 8545
4233 6824
2020 9605
4614 1942
7434 593
1059 7797
8308 6224
5363 1800
768 9576
6051 3980
2238 7999
6732 1080
5701 3372
6291 434
1917 9490
2853 6545
6486 8523
2475 363
1827 2542
2805 9134
6940 4528
2645 5240
9147 620
2116 8917
811 1930
7502 5054
5988 3937
6405 9967
5212 863
2712 3285
6328 4121
2202 590
5185 5046
8340 1701
855 4983
6338 7963
6639 3381
961 2377
1301 2445
7798 105
2084 7257
5597 6652
6556 4371
8694 364
2111 9983
6656 6035
4619 9716
1477 1331
5249 8571
7535 1164
9151 50
6177 9829
7707 6460
7491 191
6651 7762
1353 9294
9824 7125
5313 9494
5340 7233
2998 4042
7878 2442
1145 2848
1087 1266
1701 671
6651 8966
489 679
8513 8142
756 4815
7536 2040
685 8318
2612 5668
7727 2394
6008 3203
9487 2871
8425 1878
6345 2479
7703 3205
4170 6684
9578 4566
6425 6380
83 8514
8427 5896
6883 9064
4922 9851
7320 3180
2888 2346
7842 7048
6719 7128
1682 6449
8729 8417
9977 7093
6573 8471
5712 1232
5910 6729
261 8641
2192 3667
9338 9995
238 1604
1518 8906
9374 2714
7222 1453
6563 8578
7831 2320
6163 2457
2180 2093
6590 8946
8304 3034
2830 3666
6181 3265
1315 5586
5978 2411
6616 9721
7431 4866
7441 8294
9830 720
4840 9687
8133 299
4252 5724
6998 2211
6934 469
8569 686
288 1554
3187 6648
1423 2122
2517 2918
8079 678
4771 9034
6982 7312
8399 9170
9486 3920
6768 8026
8073 109
2113 9515
5574 5602
1984 1228
1635 3209
8404 3134
5444 1291
7408 2352
9522 7671
7864 4438
5339 451
5978 2015
6676 2811
3669 1939
4400 9099
7818 1289
5203 5896
9263 8844
678 8775
4045 9810
4668 5737
6143 2698
8967 708
2287 2060
9406 9831
2369 2098
5761 9871
4208 9135
9160 3094
7133 4870
4518 1633
6833 3409
9095 4313
2229 9559
6014 6381
6863 399
5654 705
8792 8296
118 9727
5497 1395
3979 6724
3662 3899
6924 1354
1900 4895
5087 8852
1672 2407
6717 6473
6055 6948
6255 557
1873 2433
1043 9560
5917 2633
2308 7614
8781 716
2045 5663
5055 6015
1761 2377
6713 5312
1353 1765
7879 2341
8124 8933
5824 7545
6326 473
8005 202
4641 9938
6251 2285
1239 9327
365 2118
8294 5674
6427 9012
1944 4420
6313 7040
7034 6
8693 580
9764 1658
5102 8175
2167 943
9728 1326
7939 499
6652 6627
8580 3039
5532 5135
4249 5226
64 477
5447 8703
6480 1038
5476 7863
9846 1174
8025 3576
6132 440
8469 2012
922 7009
7261 5022
4084 3330
53 2431
5056 6989
929 9649
5976 9475
6815 1908
2238 8420
8145 2831
4224 1130
7500 5165
6701 6123
4256 7206
7828 8902
4912 3044
7149 1789
3689 297
7414 8359
8051 4221
4 3041
8172 2790
6187 6252
2579 2418
8406 2993
1085 2591
7006 55
5338 155
9234 2586
7374 2293
2695 2076
5406 2281
4040 8870
1428 5001
9584 4547
5126 8908
9377 3839
9185 1948
3545 5486
928 5882
8648 3406
1843 7350
4713 983
6164 9256
6505 4710
4907 9781
4513 7639
7329 1481
227 672
381 3390
64 7884
4376 7606
8329 283
6806 1296
8792 4065
5030 402
7572 6836
6943 8849
6889 1181
9731 2772
9997 3911
8087 7696
7157 1755
8347 3571
5706 950
9231 9216
6975 1598
7262 1548
673 8643
587 992
9430 1325
7182 3245
8568 1589
