8947 682
1094 3425
4593 936
5369 6935
2706 5873
6231 5359
2727 1466
9391 7376
8119 5261
7888 4840
4901 9804
6681 6089
2558 5336
5172 3244
4127 912
3069 1467
9594 2078
8247 3991
230 1491
87 5872
3790 2804
6585 1282
5592 1063
2445 705
8073 5006
8170 9405
8221 182
4736 3329
8868 6903
5861 2684
8253 3926
4773 8729
8871 2627
9610 8708
4631 6430
8762 2491
4966 6005
7020 2908
5444 4732
4367 1890
1693 2390
8295 481
4740 6193
9843 5505
7697 9279
6864 7126
7686 8366
1878 7661
6107 93
8072 3334
9268 9245
2812 1823
9518 9914
739 9868
7191 961
267 604
8257 8074
8759 7009
6911 3652
1968 2077
7935 2812
7722 3342
5889 1303
2678 9937
9524 432
5277 9263
1329 7459
5524 918
2322 5994
9860 6510
9690 9854
8836 7844
7585 8067
233 1262
8595 53
5793 404
2334 2032
738 3320
6973 5675
2075 2302
1022 5070
4146 5444
837 4121
3273 1843
761 1093
3828 3148
3519 443
7734 7615
3998 2921
6937 3924
7251 3180
3266 3826
9926 3170
5906 3067
5363 8152
9256 7805
6919 5861
9431 8560
1539 8980
5897 9636
6352 4667
8824 2146
4366 994
9350 5081
6328 1191
7346 686
9360 170
5700 2382
8459 183
8948 4283
4821 2068
7308 1333
3395 3279
9258 2230
5696 727
4728 8292
7990 2858
750 5499
6799 6038
6041 730
88 690
4146 739
243 3187
8331 4176
2049 1071
6563 4369
1497 8551
3160 8372
8808 3426
8193 8937
6457 4207
2327 8928
2805 5520
3722 6683
2199 871
7193 3574
4979 1435
7074 9481
9060 4177
9153 9509
7160 9175
4918 8286
1877 9487
6665 9727
7908 1606
5439 9040
7808 5540
7358 2451
9404 8718
6520 857
7216 9457
7968 5269
7957 2550
3344 9189
2025 318
4356 1959
4570 8447
8688 2211
4894 2537
3860 9190
4696 6344
3840 9806
2260 9116
5335 3447
1540 5794
7959 8230
1583 3132
781 8860
7612 9663
9992 6730
6444 5391
9576 256
6969 2652
5656 9396
7232 1305
3088 8831
9043 4222
3269 8763
6743 8841
1414 2621
9950 7672
2770 3337
6266 3174
5067 3524
238 4043
6940 9391
34 9497
182 5948
5932 7206
9285 3876
8878 1423
4768 6876
7147 4127
1041 839
7814 3624
2474 6205
2954 3395
2481 8581
3030 2752
3139 8895
3898 167
8615 5371
7899 4377
7745 8340
5057 2526
3614 9798
630 2939
8857 968
6169 7391
6064 959
7799 2160
6800 2010
1906 9224
6671 8052
5537 246
4602 2512
9887 4079
9628 2507
4224 5827
4452 7757
3521 3083
8714 1269
746 9916
7557 6311
6372 9189
5048 3092
7798 8243
883 8609
9594 4207
9396 4866
2185 7597
8306 7338
7855 9537
9569 7826
4589 8176
1092 7965
7111 2294
9834 2998
4958 430
1085 2678
2748 7832
7977 3082
3921 9824
202 4316
1267 210
7993 3966
5163 3315
365 7348
8329 3426
7105 8378
9285 1219
1594 8454
8162 5500
1784 2427
7122 2954
7633 9028
4687 4639
2728 3135
8371 9551
8004 718
908 1566
1176 3632
599 9707
551 362
7936 2505
7525 576
8489 768
8334 8064
9360 732
7876 2496
7129 6390
7030 9120
4549 4273
7438 3847
7286 3304
840 2873
157 5961
5159 5370
425 9833
207 76
4649 5155
1573 3546
9527 4269
7470 8875
5963 3596
7616 218
5962 6898
4610 6252
5476 6775
5971 9198
164 2185
3466 8344
5835 557
8896 4667
4142 2327
7035 1340
7115 5421
7100 1320
5904 6929
2294 1706
5174 8401
6506 2424
4415 7180
1000 363
4187 4549
5084 6112
6028 9444
5232 6801
5867 896
6870 1574
4808 9182
5316 6391
7674 2616
9766 2843
1904 8439
2359 2338
966 2557
9661 3809
285 7183
3761 1709
4195 2050
9584 2134
1303 3905
6082 4697
9569 9998
7922 3742
7161 37
4997 2939
8903 2711
5947 8337
2944 7844
2175 5123
5913 3999
3663 2203
563 4926
8624 528
1477 4443
4270 6258
266 1670
1389 9583
4468 5605
5124 6584
1582 9340
7240 1735
1092 6178
8498 159
1942 2184
6890 9844
741 8989
9489 7098
7063 4173
5676 4027
6071 4148
8069 9286
9681 5053
7492 3124
4329 278
9273 685
1255 435
3227 5670
3401 2030
7383 2664
8704 4405
9956 8039
8614 6354
1276 3239
9424 7476
998 4728
9565 8683
4522 6878
4127 9875
4671 1079
7374 8599
1172 9166
6167 314
1153 2508
3881 6817
9593 4702
373 559
9715 8563
6525 4488
7827 7793
4839 5888
3860 2040
7196 985
2485 9224
5586 9614
7525 8516
5250 4146
5934 6505
2579 1539
212 6626
29 6541
4822 3561
2942 3433
7400 3538
7850 2426
4565 1955
1580 8191
8402 4336
6166 3112
9637 2856
8069 105
4652 8640
4172 604
4044 647
385 2360
3943 8179
7908 2079
2015 1150
8377 8336
9060 7575
4795 6738
5471 2528
1798 7982
8176 1786
2738 7408
6872 97
5260 1032
5832 8168
7204 6285
1692 2487
6218 2053
9148 8712
1472 6276
647 1849
9125 3103
8248 584
5191 1957
4304 327
280 3080
6380 3664
9825 2287
9043 8667
6731 4681
6469 2695
6706 3196
396 6674
6202 3254
5425 2839
4550 5199
9027 3969
84 8659
5289 1337
4769 5917
4321 2343
308 2890
582 5079
6474 9081
1504 2916
2747 2523
1474 7503
6344 3724
1068 2385
1767 6444
4508 2470
6096 3738
6786 6845
245 4532
7029 9455
2517 1279
7634 904
6891 9082
2382 151
1024 6893
9349 2047
4529 808
4999 5798
5479 9553
2651 5794
7268 3177
4962 2761
7843 3414
2155 639
2400 964
4977 8030
6309 8060
2783 2193
4778 8315
6638 1554
5668 1202
7954 477
9244 9321
9268 5477
9573 3489
7955 7877
8686 777
6250 9816
8747 9683
7796 5409
6258 9411
8478 5214
7211 3852
7032 9708
6678 91
5423 3887
8426 328
5874 5629
4789 8445
3393 2917
5946 2356
7710 7821
9120 9677
3409 911
3617 797
4586 3511
6299 3827
8016 550
7739 5934
5180 9390
9391 313
9508 7808
6972 8358
1047 4099
9519 6505
4410 4346
109 2769
6906 1624
310 3576
6014 3443
8092 4638
9912 550
8771 9850
2942 1803
1476 9586
9612 3821
9256 7829
1454 8515
4128 8015
165 835
577 1188
2421 9392
5889 5338
4142 8974
9801 1334
9526 9617
6426 66
3861 3362
8928 1180
6080 5436
9293 3407
8159 9336
5739 9981
8595 741
7179 3952
8899 8737
2832 1356
7489 3354
9068 7346
6814 592
8056 9100
8461 1192
2375 1525
5096 1774
7636 3409
553 813
6129 3463
7716 665
9025 1764
4277 4071
6637 8628
5552 9229
5156 9229
6342 7893
6396 2680
9632 751
2597 4239
4203 1503
6821 1102
110 9669
3367 9075
1909 3838
7682 4585
7838 9528
9660 7908
3959 3888
6397 6409
7619 9340
5677 3459
518 8304
5054 2019
9170 289
3663 3108
7034 1367
5825 7006
921 9331
1566 1899
4784 9599
7739 9261
924 180
5980 5833
5174 5769
5296 9630
6939 3057
855 4812
5165 9592
1466 4557
5860 5687
4903 3176
5058 718
7054 1960
6821 1200
3713 1216
6105 472
7579 1180
3800 9771
8573 2792
8161 9083
4350 2037
8971 6593
3624 2082
6142 8882
7205 1877
9527 7225
2098 1857
8390 7636
4899 6831
9024 1766
884 1181
3393 7667
4232 2166
9909 7937
4022 9532
1913 8349
1756 1375
8879 709
7722 159
2610 7114
9203 1364
6991 1746
6069 1879
2162 1770
3840 3898
6329 4664
5989 3549
7268 2813
7766 8688
8396 224
1246 2822
1780 1035
315 7502
9134 9378
5938 5309
9062 1482
6530 8073
4760 4370
9518 6191
6008 1697
8258 7465
2935 5755
4624 573
677 9059
9340 708
3909 8441
68 5302
3795 8190
4691 1008
6472 6038
5164 5807
3336 9073
8523 571
8860 3045
6669 1335
5506 6675
1198 7454
6700 9544
7693 2035
5564 2335
8713 2882
9245 2663
8039 6501
8162 3682
2445 8757
5504 7690
2539 7489
1170 975
3553 9079
9056 9148
9066 7243
8979 5
481 2070
8056 8661
2382 9576
6557 9393
2410 4082
7117 4440
131 236
6974 9910
8023 5185
4985 6428
31 1991
1607 5420
8606 1112
573 962
571 6551
5315 8554
6189 7626
8321 5674
3324 5297
5173 9638
982 1548
6856 2198
5071 6472
421 9208
207 9248
3054 1500
2933 9841
6005 2706
8048 3120
6884 8681
345 1341
4477 7841
8793 6428
1840 122
6063 6066
3096 5001
7051 9733
5598 6115
9581 63
5543 3964
9757 2769
9852 148
1283 1107
6162 2023
2678 7084
1251 3375
8494 1908
9453 5777
6078 6724
7865 9958
1748 5349
2839 9783
9900 6353
8562 9626
1141 8054
7312 3106
194 9937
8500 6798
5728 3614
1405 8694
9835 78
7711 307
7234 5666
7280 8751
8434 2508
7211 8657
3390 1561
486 5391
8364 2449
9017 1696
4562 1373
2037 1673
973 4283
7635 353
7702 4315
6281 2752
8043 1841
9400 2373
8651 9308
520 8623
6915 8407
1430 1116
3585 1857
474 2505
5209 2882
221 9644
1493 418
600 4716
6650 604
3636 2991
1711 3386
9140 4224
8848 4461
6256 341
2364 3393
6599 5253
6894 3072
1373 1377
9255 683
1276 5645
8922 2725
1066 1225
6328 2022
6741 2569
4086 2939
1026 780
7150 8403
3002 1290
3080 8937
2533 1894
8808 4774
6310 8246
6886 2700
1807 4090
6800 2776
9607 4526
3812 3086
8315 6046
286 2668
1522 8652
8028 5872
5507 1218
7926 9653
7742 1201
6861 8362
8061 7253
7758 3280
4793 306
6678 3816
9529 2454
908 7832
6338 3109
6137 2939
9192 3479
1380 7498
7169 5746
9210 9912
4913 6908
874 9761
5380 7691
9119 7286
2116 3667
246 2092
2300 944
6440 9285
5973 1411
1104 545
7937 2212
6399 3325
6742 3319
8362 518
9918 9747
4114 2102
7463 9468
3478 3990
354 6734
4155 562
6713 3148
487 4899
8158 4925
7920 3147
312 7936
2041 4368
7707 3677
34 758
933 555
3771 8120
4703 9900
9984 4300
2057 296
1980 6874
5156 1925
7440 7655
4069 7669
194 602
1616 1987
9892 9851
5352 7843
9345 5926
8395 9195
8300 7237
8560 8445
5313 9083
8415 479
2808 7900
3183 9912
471 1755
9924 5165
8395 6018
7669 5914
5854 8476
7988 4090
2661 7248
1758 9812
4744 7592
133 340
354 2294
5310 5608
8693 5339
7816 456
4078 4060
9476 5541
8138 5696
1474 2675
6992 6201
5806 712
5769 9312
9512 9664
9321 419
8087 9671
8918 8287
7993 6253
6504 3615
8377 5461
8047 222
9766 1973
118 309
1850 1133
6327 7222
9252 7121
588 2824
3589 9772
4753 2670
6078 9635
8802 7415
5631 1367
6027 1303
1504 2423
736 8701
6913 4959
4365 9885
9018 2236
6798 6061
7682 9491
5261 4924
8111 1940
9156 974
9732 2073
3024 2280
9946 7960
6389 9919
1323 6404
3877 4181
8586 3194
8636 8564
9874 8959
7025 6309
1546 7500
1436 6057
9285 836
6571 8619
3869 1558
8981 9766
4122 9997
9390 400
1478 4369
2658 9518
2475 128
3541 2403
7213 4415
7046 8210
3230 2361
3617 8814
8201 5495
7629 6172
5693 8587
5656 483
6597 7602
4193 4665
8188 3017
3635 6323
1278 1283
1569 7237
6769 7156
6288 7606
8083 5969
1485 8406
5356 2033
9853 2618
6520 1167
43 9672
9250 5214
5401 9768
7394 2225
7497 660
279 7261
7474 3682
7334 2359
306 6640
6826 577
6178 3165
7373 7247
7763 6795
3655 5905
9351 1939
8643 1215
4895 1242
2521 4026
4601 1555
3167 1248
8310 2094
8160 9734
6943 5749
564 3880
4150 7546
2184 8398
7705 2365
7695 7684
7281 8453
7813 9891
1520 132
3985 3048
9512 8466
5416 9882
6433 1827
6158 2791
1923 3783
3611 3103
8116 4824
7206 8724
8185 8487
7155 1668
9301 9185
6568 8144
8794 4515
3430 552
3561 2878
5079 7757
4730 2356
9616 8235
608 2093
3618 9010
7868 5374
3711 8909
8590 2506
7456 999
138 1655
6712 2796
1853 5013
7236 2573
9355 502
3580 123
1608 5182
6153 5807
9119 2626
223 3419
4637 214
3748 9241
7115 6978
2919 9624
5719 712
3955 9692
1381 8293
8775 8270
112 3709
8166 8342
6188 3936
4963 5609
8801 451
7803 7356
9448 8026
9410 8408
6632 3195
536 5613
2152 4499
4757 1425
8137 9861
7569 2466
7176 5918
1704 8695
5217 213
7244 1363
9923 7357
4682 1775
8765 4298
9420 2572
6047 9307
8820 3596
1069 6499
6770 9967
8111 1478
6542 3278
1370 3952
7552 2503
2807 3424
2652 8591
69 1136
2172 784
8337 1497
7282 1861
9052 805
6062 2417
8218 7669
907 1453
9426 9124
5284 8358
6471 9611
9737 6542
7594 3789
3992 1347
5459 253
8941 3490
8894 2475
7991 3870
8036 2035
9549 191
3664 7488
9048 9214
4458 6860
5440 8498
6704 7868
9116 1886
6809 5706
9407 2178
7202 9020
6022 493
7709 7167
8709 600
4557 49
4209 8348
7567 2244
8928 1318
6784 3933
2683 2561
8858 7755
4206 7784
9624 1250
1592 4134
2348 9630
7452 8678
9801 6432
279 2778
8752 8267
8034 3786
9701 2000
3877 2891
303 2317
2099 7
8213 5859
6585 8576
8049 1061
6009 9283
7497 4111
8138 5047
1059 9920
7308 1328
2891 5312
1011 4367
2223 9728
3207 450
7952 9651
8488 7496
6918 7036
3725 2627
9564 1104
6268 3513
1997 5894
3284 3707
7433 1974
2111 9119
8530 709
7882 2739
766 8597
7916 7347
9047 7616
4433 4905
6984 542
990 8198
9991 1563
8854 805
5549 1933
7349 6827
8741 7466
8396 6379
1186 8783
4388 7270
6746 2741
2871 7423
1051 7426
7125 5361
3025 8384
302 7042
6977 5908
6623 8534
6017 3391
3633 2498
8376 1158
8487 9656
8531 6810
8509 7200
1670 2866
7964 1744
5529 9845
5674 7948
6191 9815
984 7642
3105 3137
2048 4474
5562 2559
269 3166
8724 2636
8171 7936
7381 2447
8287 7473
4691 4781
6799 1426
6094 325
5824 6737
4918 7947
308 282
4127 6285
1809 4
7015 2218
4806 2409
317 6374
1745 9410
9885 9506
2207 3168
8546 391
5831 6717
4236 1209
8610 3566
5873 154
4669 5005
596 168
6860 9375
6645 7235
7723 9106
8979 6932
322 688
5761 6514
8696 9990
9183 9062
1318 194
3207 8629
8335 5819
9598 8751
3107 9710
8714 6898
8942 9385
1638 1159
4870 1624
5785 9737
5085 1140
4853 8073
8570 1785
7833 4381
4625 6259
3421 8858
9737 8658
833 2573
1015 9789
6164 7182
2130 9067
8813 5276
2584 5481
7179 8853
7183 830
9980 9211
6559 4004
4973 1959
4063 3873
7507 2531
6614 9718
9638 62
9708 5719
8331 5803
6250 8883
6833 7806
9185 9241
6163 2993
7193 3359
7671 1708
5888 1333
4992 3670
6977 9104
7517 7019
7097 9843
399 5368
640 3179
6654 1545
6228 6626
6613 6733
9686 9914
8736 7033
807 5134
6579 4870
6804 4314
9811 905
277 9929
5659 9071
1019 7799
4798 8513
7053 2022
5780 1669
6812 5342
8270 264
6951 8920
9214 1301
7261 1269
9685 2198
5446 6869
5654 9787
9569 302
6544 1893
5827 4839
7117 4149
4708 868
1882 9084
8493 4780
9780 3905
7575 1851
4757 4967
1682 2908
7665 2153
8228 2230
7933 4039
6698 760
9656 3954
8041 5558
2200 1787
4017 9214
8788 1929
457 8538
4225 612
1529 8529
7103 2651
490 987
2958 9458
9388 7559
607 754
5494 213
4726 8892
9989 4141
1429 453
5801 9266
4133 241
5944 7588
6182 4527
356 2605
8207 463
398 4179
5911 9662
3806 1014
1801 855
6156 1622
7874 439
8414 5673
5715 7657
1695 1255
7442 1950
9175 109
8456 1325
7885 6577
712 1049
9744 903
6282 5000
9960 8557
9058 612
6709 5598
3721 2790
7083 9866
7152 8239
4973 3614
4459 7185
1841 1170
3875 6231
8832 3274
8609 8449
2270 1841
4161 3964
8248 8098
1948 1561
9979 698
442 1840
7291 3335
4608 3112
7099 7860
8195 9254
3663 346
4138 4511
9116 3563
7160 8135
7303 456
3397 9760
8142 2274
3674 3329
3768 6225
1449 2609
3936 1788
1862 9343
2186 278
2335 6265
4484 9061
8515 9093
417 1415
7062 1125
6944 2710
5454 9004
9713 8369
9733 3014
6553 7434
1331 294
7547 4320
7524 2912
4498 4916
8851 3650
1269 2390
2559 1175
8048 3146
9934 7
4858 5981
9601 1869
3593 4171
1508 8041
7662 2594
4605 818
345 3474
8452 9809
3796 5146
5351 5217
6679 5048
407 1090
5956 9528
5664 7928
8574 6918
5600 710
5145 8797
8602 2141
7529 2042
257 2957
5923 8533
8507 2398
6340 3897
66 7972
2664 7742
6829 1550
7545 3892
750 1959
6128 4886
8505 8480
1413 811
198 8127
3886 1224
7067 4612
448 9061
5274 9822
757 1445
3644 8786
649 1503
349 2523
6682 5710
8353 3363
7467 8640
6330 792
6741 4447
9192 4055
6377 8866
4133 8950
9820 3623
7648 2155
9248 6844
9147 5709
2892 4055
3168 841
1748 2126
8100 1354
4763 3725
9218 7840
5514 6662
8513 9894
4803 3160
7865 2390
680 12
2653 2991
8665 7404
186 7762
2545 3723
1453 7583
8503 8690
9145 2644
9087 3048
8570 1015
6551 7045
8298 7732
1214 592
4734 3001
2313 8822
5401 6762
6002 3604
8513 337
7721 782
7286 3743
5156 9411
4646 6945
3577 6242
2866 1800
971 52
5615 6169
5737 2897
2621 9288
1044 2782
7972 9296
6285 7577
7704 1488
4537 2613
1450 7490
3851 8552
3537 9445
5736 9469
9409 1949
8023 9346
3699 7228
2955 5907
5023 1576
2768 4769
8631 8299
8234 3379
161 75
8615 3107
7366 1470
4637 8041
1389 1630
8283 3127
795 5437
9168 667
9046 4991
4169 6516
4688 3963
6906 5398
9242 64
1927 2854
9901 9154
8579 537
1205 8611
9354 799
1273 8257
6935 1934
5230 4776
7075 8064
4588 205
8742 3160
32 8430
5508 6218
6473 1845
805 4332
761 3880
323 2751
7377 5369
7317 7490
9933 1121
5391 8378
7107 9566
5946 2364
4794 1743
9789 2425
8597 1960
5070 8179
5609 8048
1516 9160
9037 1105
1869 6129
8104 900
557 1318
8292 6729
7185 5734
2875 1299
4133 3924
5213 764
2545 8663
8473 6023
7457 9576
8564 1940
5368 9683
6333 3504
7534 2477
5641 15
6358 70
5328 1510
1602 1705
7032 7599
3377 8083
7358 4322
8710 9089
3357 9831
4586 7288
4022 13
7039 6182
7423 6028
8435 8332
3727 2984
703 7801
4420 7786
3369 127
177 3670
1018 6501
3035 2762
9618 9996
2704 8340
4998 6307
687 4451
3702 3835
887 195
9127 229
600 776
6371 6783
2245 3252
2113 738
2153 774
3864 8857
6287 4574
6859 9346
7427 4434
1112 9703
1238 1148
7340 2745
7993 8494
1010 5082
8484 9369
2507 2848
8510 1959
8760 5926
655 2639
3884 851
2522 649
1150 2352
4886 1155
8597 2192
6460 4623
3870 1855
9653 1075
1043 8498
87 2190
9935 6768
8986 5981
422 3083
2919 8283
7376 4594
6283 6274
5972 9945
236 3072
7087 8549
3183 8063
4964 4313
2592 7924
9380 4156
7220 6863
8769 1787
5132 2585
6427 1714
3920 4048
2567 8770
5424 9932
7779 1493
8738 9792
7149 6430
6453 8267
9784 9465
5547 3357
6431 1311
4703 6644
271 9572
9235 3809
1756 1213
8644 2816
379 6481
2718 3547
8528 8908
5187 3581
6804 5464
7924 1443
8808 2509
2418 6818
6525 4328
999 3601
7348 3498
1311 1887
7078 1279
9372 8594
812 2728
9434 1781
8057 776
9897 4660
9300 9020
2950 7995
7181 8955
8214 616
3746 174
9079 8908
3305 8308
4872 9324
5997 7713
7757 8333
9176 4639
9195 5821
4615 7682
5022 372
6382 7703
547 2780
6161 8229
1775 6694
833 1861
4372 4549
1956 60
8438 975
4678 1177
8749 3088
5518 7606
252 6695
852 7185
7063 3319
8849 6329
2596 9029
5867 3186
6774 8177
3940 7376
146 9539
5242 4903
8497 284
5753 9436
5057 693
8302 4246
2773 6977
7418 9675
8241 9074
7358 4148
6891 481
7408 2019
6452 4491
4720 369
6421 711
5049 1219
5321 1641
9196 9419
6234 7795
4993 4585
9550 2332
8520 617
7865 802
7009 472
8265 3402
1491 2724
5446 3255
9871 4489
7966 216
414 9861
5962 6963
7330 1546
74 865
6748 3033
9988 729
7871 9634
1202 4054
6947 9020
6113 7217
3638 2822
474 9322
6074 7554
6742 743
8736 7574
7676 1029
1002 2424
78 2942
5810 9695
4966 7204
4902 2201
7723 2537
7805 4562
9179 2294
173 1229
5814 3514
4729 9448
3878 4129
9436 2444
6010 1768
9930 7940
3253 8772
3417 1784
6386 7617
6634 3289
680 2350
37 932
3149 2384
8259 9054
7395 6505
7909 310
2422 4795
3149 7753
9404 7457
7903 2481
5088 4174
9597 1881
8479 3580
6336 3078
6725 6157
645 4764
2342 7925
8323 3225
3340 4552
9138 139
5616 4716
7631 3082
6787 4941
8804 7289
4111 1841
9438 1047
7825 8811
7465 920
528 1447
8440 9758
8795 4244
7297 6067
8339 437
5540 8899
9200 851
491 5442
6248 705
7485 5485
4276 1626
1048 3675
568 823
2241 7711
9261 7398
8 6004
1429 9373
8497 735
2309 563
6601 5029
9532 9438
9446 655
824 6526
2933 9286
5532 8463
9720 2026
6454 1339
7739 3127
4384 7058
4169 9119
5513 3382
8151 9753
1439 3388
9131 764
6461 9865
1380 8851
7594 9835
906 715
4106 2619
9629 6904
7663 1569
8523 1295
944 2520
8564 8093
8332 9656
8488 2441
4915 929
3762 1804
8434 929
987 531
5830 7272
3027 4589
7751 6763
8966 121
161 7893
6655 2775
1000 4756
6645 250
8107 2461
629 535
5375 6031
4917 1769
6912 6759
2360 1399
3199 6106
4188 9738
7714 701
488 308
6282 8397
3283 363
7664 8693
6811 7731
5524 9658
4168 8304
1102 8200
8862 9583
8966 5094
9084 3243
7935 6569
5144 2054
241 6559
3701 6702
7289 6048
8370 489
7321 8332
7544 6009
5331 4131
8580 2025
7379 5978
3669 9909
5131 5768
8226 8330
6241 4702
3476 2540
7131 2959
4331 6209
6769 1560
7740 1611
4327 7407
6895 4445
6234 6914
9494 1928
5565 4275
3818 1522
7375 5692
8583 4487
9297 5062
275 8376
9273 769
2503 8463
6664 9328
694 5735
976 7785
7587 4384
104 1031
4482 6912
9765 5288
1020 9548
8519 9993
625 882
2460 6637
7322 8021
8730 642
6575 7040
8896 2889
4789 8088
4963 805
4321 3553
5497 7271
4658 3992
8251 6651
6327 1233
5621 8884
5522 8496
4302 6428
1364 8167
6654 6960
6365 32
6358 1979
4165 8036
3486 774
8408 9608
8969 5740
699 4106
8141 9264
5844 2023
6842 8444
6329 2446
4564 7489
8374 2561
9155 4294
8813 4939
7831 6190
9254 9148
3781 7493
5857 213
5775 5284
8533 2791
9049 9129
2548 7414
8654 8450
4587 1936
6484 6354
572 9762
6955 2067
9604 2822
4437 2671
2355 2674
7388 8752
9073 5522
6246 6832
1926 955
5275 4974
8780 6846
5436 1630
9835 4273
6852 1394
130 2075
6835 6854
5528 1978
1245 6228
3012 8922
379 829
7630 4061
3916 9743
6510 6770
235 7874
9082 9669
1243 2102
780 126
3632 2256
1957 2497
6613 3484
1580 6073
6711 8751
7344 6937
9426 3178
862 954
4690 6634
3214 1980
9887 7859
8647 35
5645 9715
4742 7583
8527 9280
5410 5009
3250 5730
1429 9035
4232 9174
5982 8289
5280 1601
8765 822
