643 255
1198 1411
5818 4165
5183 2608
282 2836
5401 8163
2847 9748
3437 1248
7212 9805
9600 5564
1780 3721
6156 9795
5676 819
4215 7665
9708 1799
4772 3009
6076 4847
3771 8942
4414 1580
6015 1798
4268 3103
66 71
5264 4788
6562 3248
6123 2154
7546 8230
3790 8582
8010 6644
1539 8627
9207 2577
4727 9251
8282 9317
91 9145
8053 1092
4374 87
8138 4434
1137 8732
358 9754
7366 836
4475 175
8706 3350
6675 9289
7912 1503
8909 9191
6728 2507
9158 8849
7828 9762
4080 6937
3581 8156
3833 155
2414 1634
3930 582
5281 7041
1032 5017
456 4933
653 8861
6269 7675
2593 2660
1961 7816
8766 2560
8584 2583
8052 5548
7209 8040
88 9884
1632 4464
9071 7747
6896 266
5895 3161
4971 8963
9770 1597
8587 3352
4585 382
8752 1241
7570 3450
4377 6360
8078 1376
7189 869
4912 2991
7708 1205
2433 3178
96 331
2137 147
8529 3383
5073 7411
5537 8269
8794 3574
5382 4868
8822 1915
8861 6373
5265 6943
6644 4345
7344 3753
6988 7910
9643 2738
406 6535
6899 2621
6352 7327
7504 1532
2805 7902
4696 5824
3912 6682
5950 1654
4684 8330
7433 4626
8402 58
3011 2265
9872 4897
1587 4303
1219 7928
9225 2462
3657 655
9276 6448
142 9701
7745 8540
2404 8353
6114 1654
6170 1140
7493 8175
8755 6224
5530 1188
2794 9298
8293 537
5157 6196
5890 8670
5486 4565
6399 8547
9232 1130
5613 5509
5892 7813
6833 257
8537 8481
6147 6382
354 8429
7586 7441
8387 2880
835 7570
8497 7627
7731 9665
3328 5597
1875 2733
3074 2828
4177 3407
3119 9215
6440 7659
4869 2359
5308 2141
6285 8130
8429 145
2511 1932
2509 22
2166 2657
1731 6143
6771 6073
6564 6009
7233 8319
3250 6786
4588 2875
8953 3390
2630 433
6161 1948
2628 9628
6935 3557
2450 7412
3531 1853
6167 3047
7830 2194
8525 2719
262 4215
2521 2224
2780 9654
7324 7431
1202 937
6784 921
7020 9765
7640 8161
4319 2583
6615 9716
6328 6010
8891 1887
8404 8822
8551 5723
6930 5935
1481 9104
8857 7901
5565 6747
4425 2951
7911 5398
1148 3683
5039 4836
4337 9519
5441 3455
9443 2978
178 3596
9324 2011
2438 1012
5770 4533
3736 6791
2745 9385
4809 474
7113 929
1996 258
2713 313
8762 3933
6819 8332
5807 744
6350 763
4444 4927
1722 1186
7821 5338
6627 1831
6801 1867
7900 9423
9882 8695
4724 8364
6467 5405
7643 9123
8903 3127
134 8607
8963 2503
4328 8400
2496 8249
4200 2064
646 1993
8027 6467
8943 9880
7553 1852
6043 8088
3617 5392
5369 9306
6832 8248
4391 9624
6687 6432
1449 6783
5791 5508
8701 3558
758 9638
9526 7842
4674 7846
5599 319
6095 900
2145 4127
5268 9115
1028 9992
1444 7692
8496 6657
754 2061
1372 4060
7418 3999
7634 8764
745 929
522 1037
5004 9270
7999 9005
8796 5902
9844 2759
770 9324
9517 8408
9560 1688
1701 708
9364 730
9058 7714
905 100
7763 4155
7059 6811
5902 3631
9396 1967
490 531
1551 247
8903 6006
9281 8581
5435 6990
6714 7194
4754 770
4428 2326
5252 9534
6074 8968
8597 422
1024 9482
8970 933
9383 348
5501 8252
9763 1652
4680 1989
5630 440
8185 1417
8304 1746
8296 7520
9604 8654
2506 3077
8530 3406
9275 9647
6280 4090
2258 9656
8743 7836
9221 8400
6747 3412
1131 2123
4706 4764
2901 9734
84 1295
6281 2715
9927 7744
8567 5925
3830 2735
6063 6019
6907 9184
1840 8068
2022 231
4610 860
7699 3342
1031 4143
2682 5085
1584 7553
3922 9907
488 2403
7757 9210
9602 2964
1871 1352
7521 5412
1063 3393
8252 4206
9587 8326
2285 1076
2953 3607
7723 3676
8022 5141
9428 1248
7322 8621
6870 733
8949 841
7436 3130
7594 9803
7847 77
7394 5693
3622 588
7224 9074
5184 8808
6353 4414
1629 111
8618 7538
3281 560
823 9172
3127 7412
8877 1202
9688 3287
8499 9163
6445 5027
6589 6469
5486 7839
9334 3140
8299 1081
2074 1665
302 8947
4012 8973
34 1405
1816 6739
5171 8586
7965 2669
2041 1115
4353 1574
8678 8469
2686 9367
8053 9692
9961 1696
7358 1439
8602 6344
3956 7536
9195 5726
8789 837
1588 500
9965 7184
7956 8340
3376 401
5978 550
9442 9889
5680 2699
7433 162
8685 3610
4868 2820
5167 3610
7254 9208
5049 7154
3871 357
7459 457
8735 9366
7250 6470
6592 4398
5878 9192
7216 177
2493 9982
1182 32
1452 1613
4074 5941
3171 3364
7010 4358
5837 9870
8833 5183
4696 182
7680 1714
7819 2546
5921 6422
8965 2486
8693 9117
4566 9871
8984 104
6724 7011
4987 8652
5005 1058
5618 4699
31 3288
4489 1816
7638 9682
698 7431
3079 9530
1721 8432
8867 85
8289 3492
1105 993
1472 7611
5904 2554
27 7640
6023 2654
4669 327
1207 977
3522 1770
8091 6136
8720 2897
3290 8294
9372 7661
7326 1085
7539 8368
6239 1762
9086 1333
1202 5513
238 5092
9320 2403
5622 7535
3596 120
345 9584
9351 6182
7504 9615
7455 1091
3648 5499
5849 2106
9647 6711
7466 319
4208 9515
8981 8198
9444 8337
9807 1595
3097 4465
5188 1807
8048 9799
8640 1080
303 439
6852 8763
456 8000
8465 819
215 6333
6821 3671
1407 2368
8953 2888
3997 1051
4238 2080
9872 8756
9143 882
6362 5228
5292 5283
8211 1841
9295 378
3224 1020
5938 327
617 8749
6159 9829
6067 2018
8914 1589
7561 7888
8862 2598
7463 937
6017 8698
9853 1544
3818 8030
7304 1258
8267 1634
8481 1414
9522 5502
731 1015
5515 7404
3760 1529
9082 7710
9900 9734
6682 1625
9110 1621
1282 3783
8628 5935
9506 2115
3714 5290
3119 422
3550 4401
5503 9766
6264 3479
8037 3364
4958 9328
3559 1331
5775 282
2986 4853
2838 817
1662 8061
7761 3954
9744 2288
5819 2045
4445 2772
9910 8773
7856 1482
1994 9437
367 2436
7873 668
459 304
7885 7589
3241 160
2884 2
4527 4653
7979 4972
7346 2176
3819 9670
7542 4482
6109 5123
891 311
4437 823
6585 1705
3521 6337
7188 6693
4117 7414
6738 5590
3972 2566
6257 527
9111 897
7283 142
6494 8878
1892 8356
5130 3611
3867 9984
4974 1414
3442 3653
1560 9868
5657 8417
8697 7300
8342 7926
9725 1506
7240 3828
3886 3437
1584 4303
9833 8098
8203 7587
9320 2625
2521 3351
5581 1309
8066 3008
417 8928
7185 3030
9500 871
7269 1303
5536 8742
623 1039
6436 1859
8317 7959
7363 4730
9647 3370
22 8663
826 6588
5139 8813
6811 52
8616 1052
1456 8332
4891 80
4690 3065
221 8091
419 2148
7342 3480
6894 2121
7670 3574
6107 1396
532 893
6708 6869
9247 1220
9081 779
4059 983
7745 8034
9058 652
345 4715
9492 2421
6136 8485
5159 2761
9076 4986
618 9425
8812 7277
8795 1446
5804 1107
5534 6579
8582 1073
9561 4771
8303 4132
3537 4182
8434 3160
6405 3547
5083 8485
9295 3574
5050 8079
7643 2221
3163 1496
4275 7939
8803 784
6027 7881
6993 5788
8002 1027
8518 3015
5185 2238
2230 3628
3815 720
8113 4363
1195 2014
9020 1397
7159 3348
6274 1234
159 4808
9291 3697
7970 8780
8036 4524
8214 6108
1272 9409
5048 7723
692 4404
4491 8443
5979 8641
4621 8818
2841 7056
8869 6489
4606 7499
5207 4899
4586 3877
4858 8357
1371 1286
4477 71
7021 2048
7670 2085
1102 5942
113 7679
1045 3601
7971 8843
8199 2285
6994 346
8234 1525
8354 9663
8410 5659
3827 275
7998 1742
575 426
9361 2354
2938 9747
5208 8340
7436 992
3969 5319
7025 9085
8290 7405
4334 2479
2724 1272
8614 6742
9376 9014
7036 2306
3470 8417
988 865
2119 7550
7643 6281
6032 2077
18 1267
9485 3264
1952 2863
3948 8535
5092 8923
7517 1074
5235 5216
4807 1886
3503 7367
300 2041
6862 2274
4006 7987
4266 744
5385 1713
8669 8870
1819 2046
8913 3982
2708 1426
5495 5907
1341 1231
7648 4243
2416 3734
2832 3649
6894 5209
2309 984
3644 2135
8021 3707
9154 6826
7949 5259
8836 738
1609 8220
7472 2970
5629 9900
6113 6715
8240 2433
5905 8263
6289 7880
9991 646
3218 9992
285 5951
9062 6864
4155 8330
3792 959
7551 495
4536 2917
2661 5348
6114 156
4763 3490
2914 1220
3 4108
6113 3345
4681 3722
7826 9223
8785 9974
684 4851
5487 6037
6978 9013
9492 1959
8871 2578
685 4587
6060 157
4823 1676
1788 2542
7681 1256
7992 1972
6068 3809
3536 6199
139 7387
453 264
2391 3780
9786 7545
7842 6170
9272 7589
5022 9096
372 6728
4854 243
5597 287
4166 7570
8367 923
9256 8898
1417 577
2048 7470
7245 9190
7448 1147
5066 1267
6973 2760
721 7640
2838 541
3916 6088
3412 664
9352 7824
7174 9925
8212 3650
7045 8877
4364 887
1138 9361
2720 9566
8574 8963
2675 7874
2013 1604
3948 1847
1975 7090
7525 8848
989 2300
2572 7345
4185 6900
4840 1876
2432 8762
4446 9793
2196 5782
4461 7441
8850 7855
9965 8674
6988 2986
8011 8826
8495 3048
8324 7745
7088 4501
4717 8306
3602 8506
9234 6999
4952 1909
8206 7353
178 8779
6329 8017
7423 1494
4939 2240
4662 1437
896 1187
5229 5084
8189 889
7591 9156
6532 1407
9380 8528
7852 4910
8093 3661
7660 1033
6082 3013
1499 4082
5722 226
9390 3882
4612 1328
2994 6161
288 4988
63 1343
8970 34
9666 3264
268 9997
3655 9253
6351 735
7019 8333
5988 274
2235 3484
8592 2153
224 2199
6124 772
8696 5657
6735 3735
9515 9632
5971 7360
7123 9558
7710 8860
7096 3304
294 2564
6755 9921
1608 331
8364 6882
9266 9
7958 1764
126 7266
6336 7722
5873 3382
8145 1590
5675 6027
2056 606
5418 8994
7592 2695
3279 4405
4752 4969
3665 1588
6554 6934
7582 3584
6965 2304
9168 1953
9846 2017
9110 1603
7194 61
7304 9089
9476 1926
576 3014
8464 7764
2788 9164
2750 8872
6669 7531
8676 2021
6835 7563
8556 7209
7530 9931
5185 1710
2175 8268
8140 2800
7085 5379
8665 8140
4921 8546
1591 9272
5383 391
1325 6412
272 7082
8713 833
7851 7370
8685 5875
6285 199
1047 4863
1499 1317
6936 8531
8823 741
5805 7704
7523 105
2520 4752
801 9911
9739 2290
6666 9200
5405 1582
3794 1579
9308 3006
4752 794
3783 3147
7046 1464
7670 1557
6004 1618
6190 5155
3203 6364
330 4031
5592 5731
8801 1188
4876 8264
7485 4665
6997 152
8751 1632
2921 1546
1970 241
9382 8000
6294 3033
4255 9908
7433 1622
271 6955
9707 477
7944 4132
601 3154
6258 9239
7143 8958
6725 2029
8677 6154
4423 1391
5096 3405
4119 1882
226 2086
9897 466
9121 9550
2386 3988
6640 1963
7484 1007
9404 8855
6575 6263
4242 1580
7492 6380
1850 4395
5557 3921
3755 6565
2776 9399
3645 2349
8051 4802
1944 6653
7034 2877
7528 2137
5317 6419
3711 7663
9627 8984
8178 641
219 9257
5320 9957
5871 3415
4187 2933
9671 545
7842 957
8043 2704
7385 7542
2301 781
4763 3888
9637 259
6162 9341
8086 8263
8477 2672
214 2883
4508 8213
6595 9228
2814 2205
8801 9148
72 9889
9216 9247
6148 811
7711 2989
9565 1587
7958 3095
9703 734
6675 2957
506 8131
4600 9235
1271 9920
4327 3335
6194 2095
6005 130
9055 518
1856 896
7936 8296
9417 7552
8824 2757
6154 2553
8822 3730
4296 8451
5482 2569
1068 7202
6698 438
804 7012
1924 1710
6411 9155
6936 6008
4779 9358
5322 9377
924 2992
9597 9626
430 6020
8844 3201
5005 4193
544 3790
4892 8337
6082 1373
8847 3355
8665 7665
7471 3026
3747 7611
733 8686
1525 7274
3271 9982
5223 9906
8837 839
6708 8192
9094 4930
736 5923
5021 3211
7287 4494
6194 1182
3737 4506
7414 3106
7413 2095
1571 1540
624 6950
3848 6179
6822 9238
7969 8203
5454 3480
2417 4077
7623 8469
7389 3723
4600 5554
4432 2708
8367 6379
5906 8075
7715 3075
6969 8246
3081 3046
6398 4867
9585 7884
1941 9193
8546 8601
8884 9005
9271 3264
7728 8908
4336 9128
3268 9144
9807 8607
6656 9448
7218 1078
4828 1639
7934 4668
1231 8251
4164 8914
6795 2445
1380 3355
5210 1411
9172 4610
494 1312
3327 2117
7569 2741
5445 7586
9551 6449
8103 8947
4351 1
2525 73
4601 521
6589 2317
7237 1864
1886 9211
3798 6618
5591 182
6483 614
7394 7970
6840 4415
7299 4929
493 7108
1518 8033
3888 2203
5510 9534
225 9099
3011 438
471 1692
8563 3023
9232 5778
8313 7723
6366 1498
9753 9421
9980 9320
8710 2440
218 9998
4622 8555
6668 5368
5884 2928
831 3553
188 8700
1194 2293
9678 8874
7105 875
7490 9991
7204 854
6871 1382
6236 2003
3942 2910
2445 9079
7563 6305
80 2686
9793 8159
7469 1193
3295 7385
4719 508
2648 4276
9298 5821
8810 7315
6038 3902
5463 2502
7067 2317
7599 1015
8350 1966
5038 7170
9654 1705
779 4278
9502 6495
1218 8935
5352 2378
21 7080
5169 5560
8355 2611
9291 6168
6104 1573
8682 9358
7518 4445
2276 4646
5435 1594
7716 6761
6713 9121
5187 7127
3588 3040
2181 472
6682 9170
9075 2384
6302 9523
6899 882
6732 1708
8757 9164
8842 46
4211 809
3635 613
6941 7300
7633 9773
8110 1216
7846 203
847 984
6686 7949
4040 6970
570 5550
6711 314
8354 4321
7896 1228
3417 2497
8866 6833
8993 4393
5936 7901
7834 3733
458 7974
3098 13
7796 6250
1871 3828
7960 9507
7519 5563
8390 5942
3455 8243
4736 2895
2586 5350
1298 5857
7874 1451
1343 1434
8878 633
6107 4498
7000 923
6712 636
8337 6172
1350 5350
2087 6583
3284 9161
9985 7262
8721 2262
8524 4457
7168 6779
8768 882
9236 7552
5948 16
4420 3394
5278 4508
9920 1130
6749 681
1150 1919
9620 6467
982 3391
5319 1772
8243 1712
3720 9556
7923 4968
9119 9833
8247 8363
6063 2540
5255 5893
7997 2824
2507 8170
3583 1221
1277 7895
2859 8100
9554 757
290 3289
9516 8458
6077 5219
8527 9441
26 9186
96 391
6251 911
6823 1253
4374 2100
7004 5614
6742 510
6373 2450
7591 1884
7937 6169
7401 7995
6964 1907
9257 4159
3444 1798
9692 331
7567 192
2572 7732
7651 2177
8562 4163
1546 7744
1790 1051
4805 1109
623 6048
117 6591
6760 3402
5940 5698
4457 1185
273 3949
4314 5752
8680 2699
9854 4656
2946 3340
5685 1428
6324 5207
3961 730
518 5451
167 1321
6044 170
8847 6236
6798 903
5719 3613
1870 2346
1020 1352
2543 5300
579 1795
570 4715
7579 6428
4468 3958
6769 5836
8996 9863
634 5230
8989 4985
7845 841
3805 7262
7819 2509
3985 1859
5394 1764
8527 6653
2462 3811
4335 2359
5896 4756
9219 235
1707 3729
8456 2019
2382 7165
6772 4655
327 769
1420 29
6976 5882
4498 8100
7732 1844
9836 3028
5427 1015
4807 6411
4134 2490
6823 7711
3329 9524
7614 4448
9698 3063
5330 673
40 9199
7502 9231
2062 4343
9843 2780
9688 691
9278 7172
3447 9107
4737 6431
3802 1607
7064 5478
5704 5057
4852 4023
41 1472
5962 9373
9448 300
8960 3106
7047 141
5081 355
6826 1341
7889 8157
5469 7261
7993 666
5444 9568
1709 6676
1473 1710
2228 3040
5354 9760
9573 7362
8087 7768
6156 9481
9406 8008
1922 5333
1500 1848
3285 692
978 1888
8099 2759
6210 9344
4964 1589
9039 4400
9477 2002
1135 8373
176 8970
8868 9622
5803 703
2100 7563
2103 9029
7807 637
4243 8924
6515 6803
3068 9451
1812 4163
6609 1217
7436 4787
1296 7773
2556 1319
8139 9490
6627 9609
1039 6921
2624 6557
6434 5687
6548 7595
6471 995
5351 2770
4452 1957
4727 4111
6491 6571
6771 9594
6404 1844
7925 6240
6246 3213
5610 113
438 5662
5698 4692
5865 7987
5116 9706
6339 7763
5013 9204
471 1265
6215 2214
687 8208
577 837
5788 1854
3958 9540
2392 4584
6961 8950
9031 8335
3592 2509
354 9581
5167 6085
3713 5508
5178 9249
523 2299
4686 3045
5801 7836
7285 5254
4714 254
4624 4790
5629 4017
7183 6375
2790 6701
6860 8265
2345 7891
5624 8288
5308 849
2880 4608
8497 269
7553 580
9017 2370
1462 8483
6929 4428
9186 4808
2244 5220
6674 611
9104 4626
1699 1076
2505 1585
268 2989
2718 6653
9703 9091
3081 3443
2870 9001
6998 9869
2299 8920
6751 198
6577 7252
7212 1347
6752 5383
1273 8035
1104 6091
6687 4908
7739 2818
7543 9030
8466 1871
9517 3200
2180 1133
4944 9566
5327 2802
5592 1236
7098 8801
6040 1017
2180 3204
1208 2513
8274 6746
4496 7605
1898 1419
7180 9742
3166 8604
4250 639
8279 8667
7137 7831
2247 9237
6363 4681
5704 1598
3575 3704
1900 5257
787 2870
8945 1819
6621 8588
403 1483
9448 9758
8347 8923
7277 8255
7586 3757
4206 2639
7903 5764
5501 7775
9623 835
898 6
6658 4835
4864 775
2788 9452
5866 2885
9509 2283
3115 5273
3833 2026
7027 7154
257 1900
8926 650
9613 3423
4629 9544
9577 1892
443 6228
9527 2071
787 3148
542 428
7459 288
9483 51
244 2985
6866 2074
7928 2801
8778 8341
8036 8750
5643 9269
4779 4585
7424 9720
4679 7536
8002 5230
6656 2529
7700 1747
8736 7297
5738 1437
92 4406
152 1302
1462 8404
7577 4421
9787 668
8600 1895
3233 1570
7456 2181
69 2737
8402 2999
4362 4804
3740 2426
8900 9591
971 3857
1684 6093
905 5080
7558 2579
9226 1804
5872 9901
5753 5334
452 6531
7229 3199
9814 784
3965 2027
8280 2047
3268 8186
9092 2599
2716 6806
5512 9450
9361 3547
2205 2804
9103 3697
7510 4874
3453 1034
7620 9212
5954 9273
6820 3121
9929 1151
9019 8923
7724 3527
6885 5581
3350 1880
8053 5014
4454 3364
9341 3726
119 7158
8102 5401
6959 1365
5752 8505
5942 9011
7014 892
2909 4474
6589 2851
8127 7974
2602 7966
5595 3719
4433 7972
6269 8093
4855 1285
9293 3690
1847 2025
5105 413
9780 1679
6878 3075
5818 2829
6582 2933
3968 8551
5724 278
4233 2326
4340 3355
4331 2569
133 8467
3068 5936
7757 8003
1711 7017
1860 7863
9565 1237
9404 8230
7965 160
6756 237
1456 1888
4900 8768
7428 1798
4870 6036
2958 8894
8050 1552
4533 9914
4626 9962
465 8688
2330 3211
8794 7110
2239 7114
2363 2076
3683 9600
5893 7159
6923 1109
4935 3105
1929 9962
2596 3860
8374 8069
5352 769
8242 1470
7415 6796
8950 1327
3481 3435
6319 5438
5744 4038
119 7210
5478 5990
3145 3113
8580 4359
5851 2565
8047 2175
7864 2090
8142 7547
2865 8019
1719 8524
4521 4646
1797 5554
7426 8508
4761 6061
6428 9522
8535 9698
4019 4929
6102 5565
9137 6127
4739 1728
8574 5461
5647 5286
9341 3647
2521 7203
7399 2641
438 9047
4536 2042
5703 6880
9002 2002
8780 6239
9166 5637
4019 9516
5968 1787
4381 829
8676 9156
4843 4795
8111 487
8075 5525
1397 7524
6164 9431
6527 5578
9093 1078
597 2781
5594 1437
6409 7248
7399 2474
8773 8837
7683 7108
8374 9469
9359 3305
9456 2563
7843 3948
9887 8528
9950 4792
6488 7806
6633 6912
6518 6782
9172 3069
8923 8372
5713 5451
9263 5030
8832 8370
9520 3523
5350 5664
3834 4321
2820 2730
850 5418
3145 4778
4910 6825
7123 1649
3451 8496
6051 499
9444 5082
2800 1890
8506 9903
4670 4713
7966 4525
1745 3273
5003 9209
6652 2679
7957 6053
5845 2321
152 663
4381 2108
8710 6376
9324 1202
2346 4321
6645 9091
4475 9210
5479 1073
8542 4698
7682 9618
3788 552
1136 3551
1788 5426
5396 5770
6449 112
441 1597
3391 2838
9308 9457
7019 7324
6611 705
6419 7445
4820 8462
5782 1869
2814 876
6815 620
8435 6450
6050 1540
1376 4327
7018 9924
6523 4240
432 7002
8850 1709
6430 2062
6425 9037
1308 2062
6772 7015
6820 2253
2540 1516
7472 3341
8991 8222
993 2846
8025 4951
5979 3479
2544 174
4332 3782
7764 9605
5249 8329
3489 2833
9770 6238
8545 9797
189 1595
4356 8053
9789 366
8926 485
9118 426
7371 4175
2055 3932
8514 168
756 8774
6914 6968
447 2277
13 3217
9460 3838
5013 1533
4630 9316
1035 9622
6271 6983
6414 8609
1481 2389
1491 2848
8406 1250
741 4156
7851 8432
3704 5107
7032 5396
8645 9875
7008 3318
3740 7509
6713 1563
203 2423
9105 9221
9814 4
6076 8218
7422 9049
7864 7216
2011 990
8120 5744
1176 5558
9685 3236
1166 1572
7985 4473
9499 522
1113 2091
19 5316
1369 705
3100 624
4110 3147
9201 944
6201 1954
6698 774
858 7319
288 4839
4769 1019
5398 7228
4222 9597
1643 5410
4781 8837
4345 8913
3029 7546
5702 814
5696 6598
2127 7185
8336 772
8250 8576
9870 8893
6622 2333
8843 804
9753 3240
57 4129
4980 9432
1208 1029
1802 1359
5936 9360
5143 1093
3748 5144
7220 4395
5920 3085
5621 3692
6894 8920
7292 299
6931 5195
1310 524
7284 358
5450 8914
9479 9394
9217 4290
8288 9748
5151 9929
8928 4861
267 1207
5690 4056
9304 3391
9476 4257
1241 1183
7734 2751
9510 1918
2564 5106
6500 9559
1283 9258
6793 772
3580 2275
1350 5003
7552 7999
1552 2743
5107 1763
2085 4060
2562 3805
8822 8054
8069 1809
1832 3471
6769 2342
5549 8905
6465 4856
8747 3715
302 9548
6728 2197
881 481
8504 430
9211 817
6796 1806
2169 9364
4105 8526
1188 4918
7714 4362
1881 4387
1844 713
9280 9812
6984 9706
8525 1657
6001 412
7807 7564
9200 8019
216 3595
8741 9311
7180 3
3356 795
9640 9831
4328 1485
7445 917
1075 7233
6862 4617
9767 5478
9022 140
8671 6707
8444 8651
7363 9860
7032 1538
2943 4570
8505 4725
7062 3632
7409 8169
3429 9159
4684 8969
6938 3565
9272 287
9093 1188
7897 152
5079 1016
9385 313
1647 1429
7527 4899
2691 9723
5322 4157
9064 343
4611 884
7786 6062
13 1973
8040 5798
263 278
6711 297
707 2798
7495 9647
7625 1800
5251 197
4537 9979
7470 5389
4890 9725
9971 7441
6712 9008
7870 8477
9341 9260
3675 911
8577 6798
2613 1150
9358 2933
5687 9251
2526 2579
3407 113
8493 10
9533 9466
9185 5076
6736 447
7078 6483
8640 9599
8925 1738
7403 2338
3268 5632
8949 8368
8856 9717
1817 2240
9666 1220
2417 169
9890 9824
7398 4888
7187 7414
2702 8640
8617 5944
2460 4039
29 8467
5937 3368
731 5706
7895 4912
159 1379
3814 9983
1114 5098
6331 8633
253 6081
3823 1846
1892 441
879 1439
4892 483
7731 50
9644 3918
6615 26
5795 107
208 453
1269 3287
2362 8697
7498 2444
9979 8194
860 2221
9748 7803
506 5744
1422 6274
9568 8330
2153 7921
9824 1382
5302 9520
2044 4487
3711 8937
1861 2236
7791 8974
7668 8000
1431 3097
2412 2933
1794 6941
9067 8843
7596 8771
6465 7764
1186 3796
6019 9812
6382 3448
4423 8626
7207 2924
8878 583
7551 73
