6815 4620
9029 3906
5242 6220
9363 8855
1734 6494
6411 2171
9207 614
9491 1721
7115 9054
3782 6471
8315 4535
2683 2707
102 2352
3771 9616
8950 4371
7427 4072
8665 4653
6288 4702
6429 1672
7880 3380
1506 4887
1387 2343
7171 7529
6879 2811
4927 8931
7503 9845
9410 276
7169 8508
7430 4082
6040 2012
2930 3608
1692 2309
9727 2728
6613 189
6440 792
7726 181
5708 1889
7601 7011
5591 2307
4868 1009
9483 9543
659 9458
3018 989
7040 2513
8272 9021
8212 9873
746 3720
5814 6372
1988 479
9506 7990
4038 7470
7206 5290
1466 1422
9440 3960
4492 1373
4026 262
6919 1032
9069 9651
8329 3754
7066 1725
7994 2452
9850 453
5464 5971
7110 9086
6115 3982
5336 4101
9739 1790
4470 9090
6803 978
7454 9390
2545 409
1804 491
197 9381
7717 6502
7399 4386
7727 4709
188 6071
6443 1574
6471 6511
6843 641
8153 2602
7881 1011
6221 6714
1919 5581
5304 7573
1923 7128
931 3756
821 4378
6150 7300
8208 444
3586 5228
7609 7700
1173 9561
634 9512
847 9656
6090 3233
7891 3742
5117 2763
542 9694
2786 9201
2166 5206
8941 2402
8269 7751
9229 9779
5382 8143
1337 3517
8997 612
4483 2418
2778 4357
9738 3770
7669 9039
746 1328
3428 603
1779 2294
6869 2081
7437 4488
2006 3733
7990 3388
6871 4979
5784 3850
8530 449
8926 3189
4569 2355
1383 4629
7262 3445
5106 4545
196 5219
2299 1483
9320 52
2501 1209
7656 3075
7375 698
8390 2289
9538 1070
9383 7612
8775 9907
8607 4618
8521 2034
8969 5199
8953 3305
318 5222
8161 2810
8468 2064
1105 6504
8132 7362
7632 480
4983 924
6809 1755
2436 1205
5953 1919
4579 431
3880 5534
2504 4494
3855 6115
1898 9559
8088 8725
6751 4415
3774 6949
4833 7113
3426 2559
6177 3362
9336 7629
303 460
1743 1893
7488 5059
3283 1464
2170 1063
5265 2722
504 7131
7093 1756
4554 7176
2308 1707
7719 6913
6191 6270
8172 708
592 5150
7387 4310
7367 8453
7062 1517
9494 7145
572 1421
7739 8589
9537 6320
7167 3259
1337 729
5695 6718
1401 7395
3284 1441
9499 8019
833 4021
7282 8880
7075 8630
440 3946
2655 717
9180 4446
9731 39
5343 6122
7811 8406
7098 248
9808 9793
4759 4939
3144 4557
9281 742
6013 6856
4433 5034
6413 9041
8678 8522
907 8292
7264 3434
715 6401
5432 6730
1982 3333
2408 2767
6170 8007
5066 8366
9022 7922
8009 326
5508 2066
7056 817
7847 9389
6149 750
9591 796
8669 866
8678 8908
1503 9872
7039 1487
65 8777
7760 4810
8741 482
334 271
8545 6428
8985 8161
2509 6768
9679 2607
9863 3182
9939 4898
4469 2840
2175 4793
7088 5027
6600 5618
3086 2206
5654 8369
6811 2540
7290 1900
3731 7605
6222 3048
4295 8321
6075 9710
6645 1344
8499 6029
6371 3930
204 9708
7716 2767
7927 1144
5670 9926
7673 5020
5507 334
7761 4495
3263 1321
106 770
5206 9153
5451 1076
8858 198
6357 1034
5301 350
2426 2703
7497 9265
7833 6856
6679 267
1380 751
9052 3482
3405 1791
861 2141
2709 1944
8857 9170
6835 9267
5979 2521
3530 1153
4715 8749
2836 2579
7832 7012
1618 9969
6633 6428
2606 8389
4965 8780
2244 717
4802 1583
8348 5064
3061 6080
9243 4860
9127 1796
350 3480
1929 153
492 940
7049 1540
8794 7630
5242 542
6644 4609
7413 5874
7525 1505
4399 9572
5131 7392
2576 9915
6109 20
2477 8481
3507 9930
8060 3097
2366 2377
4888 5535
626 7333
6696 81
5322 8127
9006 5046
6602 8525
9246 2929
7182 9774
3255 6043
9284 151
7435 3803
5438 7520
3732 8677
3357 4370
6494 1645
934 2237
2163 9759
5127 8912
638 6790
7371 9502
4039 9916
8545 2822
1812 9272
4587 3076
7697 8885
1206 9053
9257 849
2445 3671
8876 2963
4568 5808
2837 7838
5839 1016
1817 3321
9572 1620
740 1674
5977 6090
7877 1388
8200 586
4773 211
7384 7233
6818 5137
4555 7572
4317 5385
6476 6425
5805 2056
3984 257
5908 1165
6648 3764
7664 6181
8676 5138
3676 4835
392 5183
1216 2820
7520 3320
5687 2221
7740 8427
6655 7042
8551 1207
2161 6791
2926 1261
4845 5023
9226 2248
8173 2918
6765 6950
8113 5905
8013 2062
4044 3582
1676 2139
696 5386
7436 3447
7120 7528
8930 8414
6574 1841
9783 1914
3586 1922
8858 1192
8172 7689
8494 9546
5686 6519
1870 2131
4634 5231
5671 5493
5905 5431
6837 121
526 8515
9991 114
930 4254
7221 6770
8093 957
5236 4490
4390 2367
786 1127
612 9462
5510 9308
8031 7290
527 2040
8853 8301
2754 5955
5126 6056
7794 1046
3798 8885
3486 1825
5842 3788
9620 1468
5525 3703
3458 5784
2490 1829
104 2324
7614 8254
4967 9531
162 9504
95 6067
6222 8969
1146 7804
9846 95
4288 239
5433 443
9140 7288
6318 4512
9027 1489
529 1834
9718 5315
6375 4079
157 5754
7109 8653
5142 2221
7924 9131
7467 7840
5941 854
9257 3793
6864 4163
2941 9442
1648 2515
6951 9500
649 4351
8503 3712
5152 7231
4347 3011
4056 4030
469 2205
324 6891
8858 2484
584 3440
1627 3925
3981 1757
3876 658
1872 2035
2520 1927
7135 1076
8846 3906
8578 1648
5030 8674
8941 8610
9216 1001
9326 607
7191 4885
5295 728
6235 2927
9206 807
9382 395
7651 3594
335 1693
7853 16
7707 865
6110 7033
4784 2238
7483 6490
6652 6333
5257 5051
8070 1591
1688 8607
9665 1586
8636 6060
6010 8177
9071 4676
9270 5788
272 7653
5275 4546
4634 9245
7356 1582
448 5254
9359 9694
8979 7158
9341 7016
6194 2048
2450 3049
5189 7633
2139 3007
8500 3632
9912 8121
2543 3887
4335 8926
7393 1590
8163 9236
8010 4564
8285 1385
773 6111
2249 7875
6003 2229
2914 9806
9783 3582
2364 4006
9571 9032
7236 6603
7290 8151
4219 4634
1416 6189
5354 7683
8112 6273
9349 8924
2755 1797
7665 4915
5173 8281
668 7463
3434 1856
5061 1166
5343 4936
564 5276
9458 5834
1507 3459
9873 563
4321 867
5206 2981
6792 941
5295 7196
5037 7309
4972 684
636 3988
6036 2769
105 2259
2928 1473
9568 6989
5955 1914
8038 1318
7719 698
2977 3171
8464 443
7131 1696
5559 1913
6800 7832
6231 7303
2457 6667
9224 9966
4540 9671
253 5103
4105 2015
5296 7582
9924 9410
2853 1126
1320 3852
4920 9668
4158 1882
3978 9005
8114 3806
4958 2725
4260 6741
3309 6896
5033 5644
6130 6186
8107 2719
2368 9204
91 5468
4284 7448
6681 812
8027 4453
6678 1072
5696 1091
9291 6563
9982 1376
6022 8351
6927 9211
7125 8701
4756 3507
510 9594
9932 5167
6765 7083
6192 131
1255 6035
8975 175
6822 9423
5107 9628
122 9368
659 8261
2359 4666
7304 3806
9286 189
3577 1970
7107 5772
2063 1262
6734 8528
6989 8260
9093 288
4266 1405
9443 666
4969 4531
141 9853
9090 2650
8491 4914
9224 7574
5539 9378
6232 7764
7317 1687
7621 2178
7664 562
6933 5596
9876 8110
4577 4722
7197 6954
7891 8454
9670 9353
3156 1810
8532 2629
6969 451
2063 1095
537 6563
5474 5354
6582 2787
5571 8670
4936 3958
9703 5450
7286 1411
5026 2045
4055 9578
3670 1514
1451 688
6718 8165
6748 9585
131 9528
9219 8002
8793 1743
1012 3126
6619 8653
231 5450
3942 5212
4692 4657
6655 9249
5990 1805
4811 2628
4080 194
1811 7424
8227 2127
8520 2343
1221 7213
5850 5065
8507 5644
1720 746
6882 373
5889 5550
7857 2035
9584 4959
6337 6729
9129 2429
4073 7738
8317 335
4026 200
3689 9883
6022 1362
5798 3454
835 4122
5608 1344
5036 8995
8326 8089
9979 7680
7361 3273
2580 8033
5826 7021
3447 1202
4248 8161
214 921
9294 4050
5916 678
6978 4789
433 1719
5881 9845
2100 8155
1251 6552
1666 3762
905 7047
9706 2718
8606 8035
1385 8703
4968 1518
995 3413
7944 7915
3685 8550
8798 6335
1090 6985
8884 8473
7746 617
7754 6299
811 1791
5139 2684
6255 7440
299 713
5441 282
7134 4784
2162 4580
7205 872
3938 6084
4577 1790
9291 5836
5482 2390
5113 3161
1048 958
565 3693
7492 449
3650 1781
1867 7822
7385 57
8261 9899
7135 8662
7175 104
9509 2159
6637 9468
5778 6180
6045 2094
8486 6347
7349 7575
8242 7298
8103 2673
7169 8547
1661 7429
524 4456
8085 446
3307 6523
7782 1162
5022 2382
7724 7493
7652 9045
7165 8518
8482 9243
8059 658
8592 1646
6057 1178
1738 2665
8822 3914
2793 4293
3488 2225
6441 1783
3053 4634
2529 9961
5033 7472
7129 1519
43 1392
7608 3094
6013 4756
9046 8767
3448 7643
4397 1031
6520 2457
6694 6551
1969 3478
6817 1288
574 1558
5920 7193
6115 8680
5182 784
5248 2306
4504 1888
384 881
4775 6552
7899 2725
9496 5948
5815 3176
6767 96
6655 8931
7506 2012
6385 1873
2422 1338
5787 8977
273 2
4997 2027
3201 3848
3301 1800
2079 1529
4587 1634
6399 8946
6881 7149
2964 5598
8888 7497
1136 4285
7108 2209
4155 3294
6538 924
2111 434
4849 364
5818 8182
7268 6398
5307 1178
6534 2238
4459 788
109 2882
8537 2850
4936 224
8370 7139
5246 2335
560 4889
9955 4646
6190 3601
8222 516
8056 9609
6831 5620
30 9089
5962 8060
8155 7107
5400 300
8422 1709
4838 4877
288 4811
6042 3330
6452 2182
7916 1986
2847 6459
4179 7950
9085 2812
2097 225
2075 3355
8758 9507
6075 9370
4809 654
4552 2835
3285 9924
8325 2306
9589 8092
1179 1576
8832 8495
5011 3614
4680 8618
3229 1168
4011 9691
178 226
9760 6491
6456 6824
8076 2891
9793 1829
1128 1014
281 9214
2547 2015
6702 1488
6820 4253
5951 9991
1944 4425
7688 8529
5125 4021
8592 8490
3260 1627
9925 2169
4045 1933
4114 6499
6294 8608
8660 673
7213 9323
7241 2826
9367 7067
4836 4125
5745 2395
3497 6679
8284 1999
2205 4852
7304 7083
5658 7122
7267 8476
559 1364
7260 9111
8136 9419
8353 8630
9759 8121
7662 9536
7103 3242
3312 1013
745 2542
8143 2935
2543 3391
4922 642
7431 483
6336 8847
2752 1206
8659 1624
19 982
4946 2841
6874 7512
7307 569
3993 1346
4330 6401
7024 3335
5740 6499
7731 4279
8336 2144
2188 696
3327 2955
964 1102
2748 4331
9168 8303
8343 6240
631 3293
712 9139
7575 4153
7812 6689
1404 8463
7561 9996
9135 9294
8378 8677
8593 874
6391 21
314 1257
4987 8453
9195 799
2214 2940
3607 97
2322 673
4014 7425
2792 7383
9140 3114
8337 3284
6183 4314
5221 7609
9875 1582
3318 6531
634 3311
1664 7878
3386 7340
147 712
9932 6811
4205 9249
9602 520
1801 3157
2830 8025
1136 31
9106 3093
2886 4170
4374 2196
5086 9263
2631 1665
5303 8703
5253 2695
7837 9620
7429 5890
7908 9500
9394 4813
563 5623
509 8770
3122 3070
9331 2658
7429 871
7439 9695
5600 2515
4979 8089
9287 751
9820 2297
2975 4219
7443 1363
7892 3261
4399 689
6522 3055
9558 5451
9037 761
8848 9047
1984 7429
7365 253
3382 643
81 901
7283 3454
9253 3884
9594 7066
8350 324
2166 909
7588 5896
4039 1586
9538 81
7158 2785
1039 9766
8542 1577
8335 7371
4005 8620
7654 9862
2343 3467
4584 1242
5199 1137
6258 8391
9765 7334
9172 7872
4769 2492
296 3921
4407 9309
2970 5815
2250 2048
8231 6653
2996 9745
8718 1487
4319 6312
6358 462
1451 2224
3419 8392
137 787
6811 1198
2013 2113
804 2153
8248 7092
7169 7587
1696 865
6642 6938
1600 7313
5626 4075
7126 8299
6018 4078
8698 732
6424 4320
8860 1813
5402 4833
7411 5520
9068 1209
9230 1387
900 2857
7875 1081
5739 6180
7852 14
3582 9716
4250 8009
6434 1229
8305 1079
9539 4213
3125 2795
5263 4121
6950 8729
8580 2595
1473 9701
2782 5052
2247 8012
2101 3528
7769 6962
572 180
7631 1070
8096 9163
1839 1276
8887 8201
2337 4787
1285 3728
6234 4968
139 9188
1942 5426
8550 4265
5249 8545
9671 963
1226 7995
6232 7029
836 1802
8265 1923
9430 5897
4915 7738
6657 3731
8619 9590
8406 9217
8213 8493
2409 9399
5837 205
5623 2082
2773 7317
1543 473
7442 8652
5612 5721
4559 7437
588 8359
8568 2984
2918 92
6208 8491
6864 165
9466 1446
7552 9053
7405 3750
6427 9209
6557 2494
7976 2821
8936 7180
7627 946
9173 182
3670 8713
5723 4253
6973 2673
6566 9079
3896 9586
6589 9099
5444 3382
7257 8295
7012 4592
828 7651
7782 977
8034 8926
7250 8701
3627 3130
4296 781
8864 3345
1372 5685
7699 6577
7686 3489
9028 186
381 3669
2644 7656
212 1682
3170 712
7011 8805
6336 3117
9181 4076
7774 1508
9399 9668
9299 950
9783 2869
2767 8665
3981 7391
5647 5115
5899 7173
1689 7584
5693 243
4711 1760
7340 9245
8765 1510
2073 1688
2840 1452
4356 3289
3121 9278
5497 1536
9727 5124
9073 9475
7479 256
7109 457
1138 7193
6655 3750
6428 95
7922 453
8344 7910
7788 7692
734 135
5876 8106
1408 7956
9619 2859
1339 9025
8498 5838
4537 8265
8823 3154
4700 9720
7010 6988
6201 3292
6875 3645
4428 3290
7531 4624
7354 1959
6002 373
1800 1628
8379 2884
427 4040
1118 9178
4411 9473
6617 9622
6270 2524
6625 9891
755 3204
8453 2015
7900 8813
436 9085
1324 2314
3221 1362
4409 6552
5047 4179
7926 3294
9077 6610
4585 3596
7021 3596
8981 77
7320 7541
8326 1808
8638 2074
6189 8556
1495 2847
1772 6502
4826 4682
7438 6751
7180 448
5451 718
1695 2090
4198 4215
2325 9167
9920 5262
8138 947
7279 7373
7530 3608
5965 1240
1172 8586
991 172
4614 904
7191 6887
6575 1285
5131 4397
5749 4181
7194 7944
2284 1973
4292 4501
9207 9275
4481 9392
8811 5928
7668 9440
7471 381
7845 9747
2364 3250
6438 8311
486 7067
2745 2941
6551 3758
7912 3915
7557 914
8335 2148
6094 5010
7218 7784
7695 2196
1434 3235
6906 2530
8157 3044
8829 5917
7892 1169
7669 8330
1147 1866
3826 7860
5976 795
8914 1042
8720 9021
7509 3130
3210 5907
6420 5152
2675 9684
755 4087
125 802
1174 8357
570 4041
7135 673
3946 1747
7994 1337
4536 529
8581 4517
6777 6334
6827 3711
6661 2861
1373 3583
5738 8070
6959 3457
4578 6919
1521 8441
8670 9182
1417 1330
71 1747
4578 768
2577 9247
8276 5844
9875 131
5041 535
7490 1408
6076 3231
7637 2330
790 2485
4934 817
773 4913
1059 2875
8716 2625
3819 6499
4385 7176
4251 5864
9407 1804
7527 8092
7117 9240
9912 8392
96 4032
6496 527
9230 2027
1498 4126
7139 5328
8866 8697
905 3468
8874 4616
8788 375
6702 8746
9532 2635
7479 301
9126 9266
7505 9744
1046 8138
9065 5909
5663 3721
4038 8887
5072 3545
8081 7316
726 2046
7560 6561
9002 1359
8307 9348
3299 9716
9580 8655
9401 610
167 9258
6816 4831
2770 8877
6309 9430
7977 2239
189 9950
4570 9161
1246 3100
5049 1139
9478 9317
6329 9673
1160 7643
2914 7286
7061 1751
6358 2417
2971 7411
1355 2863
4305 8979
3644 1160
4376 5067
2941 594
8387 6316
4540 2057
7599 6386
7942 2030
2402 4486
5335 7135
9051 968
6643 8794
839 5728
2229 9555
6350 7229
277 7272
9202 2979
7601 1449
2089 8842
8644 1525
6026 9770
3100 106
4053 8740
3487 7462
5703 9116
6389 782
8274 4960
7396 2593
9240 5607
6395 38
8525 377
4576 9985
6531 2299
8675 4373
13 9311
1386 2203
8510 4571
2848 8499
3590 5460
2024 5083
7103 8239
2033 1376
4719 2162
6596 5433
1951 928
8500 850
3442 1509
1895 4825
2602 1011
6431 9014
8113 7091
5496 2878
8108 9865
7979 7765
5900 2324
245 2090
2970 6919
5302 1435
8757 7687
2427 5588
8955 7931
4511 8255
9596 9425
2168 1807
5970 1830
9591 41
3346 3499
7867 2870
2883 6892
9069 1658
9346 8697
815 9911
354 9702
2560 2303
8988 5870
9619 9120
3223 9148
8057 2328
6712 7957
1524 3848
3973 7839
3410 114
6146 492
6744 447
6864 1037
4547 7553
5694 1005
6732 2315
7497 3164
4570 9262
3577 9272
2416 8831
8945 6789
7395 9834
6547 548
8708 4252
491 3942
1186 8376
5654 3979
8006 7629
1435 9754
5254 976
5828 5034
214 8773
2996 487
4274 3090
9432 4553
7980 293
455 2685
5782 8715
8530 3963
6351 4442
8930 7725
8274 595
697 8984
4925 8770
6441 399
458 9376
997 9770
8725 8869
9413 9392
9798 4129
1124 6729
6023 5600
6101 4653
6549 2677
9243 2155
5443 2172
2587 1469
5425 9888
8524 369
3478 7684
7492 8301
7112 4633
4129 8548
8178 8857
889 7096
3393 815
8008 718
1437 894
5954 554
5415 4446
688 7865
3669 9502
6310 5527
9433 7922
5641 444
6296 3822
5658 5637
2214 2512
214 1565
8295 6530
7864 6838
4351 7177
8666 3584
1071 3437
261 1088
3598 1606
6678 711
1203 8697
4861 868
8304 9769
3912 8154
3909 6608
2497 6814
2050 87
7217 6208
9656 3855
9104 2741
7589 374
5632 7282
170 2784
542 9337
6937 9430
9520 3213
8949 8465
4851 6164
5323 381
6827 4230
6071 2755
6408 2031
9005 9155
2114 5826
9756 4593
7981 812
7874 6082
3981 9843
4105 9470
6046 9873
1015 8600
1802 8830
1151 1321
9897 7085
6490 9806
1683 8766
346 1567
3935 1366
8170 6610
6389 2669
4384 8368
1970 8944
1399 5565
1538 6955
1847 7561
4246 4727
241 4375
2759 4939
8063 9903
9644 609
8670 9040
6112 4876
5908 7212
3530 7674
3550 715
9682 1251
6058 4383
9236 3156
9618 8707
5287 3953
8510 1331
6154 3538
373 8183
981 5330
9071 1484
8148 5036
2064 6754
4176 5584
7646 179
7546 2981
9922 6988
1127 2351
2189 3078
1366 9952
7419 2122
3334 7977
8304 35
7735 9003
7967 7031
3766 617
7061 464
9080 8743
9810 7951
8000 154
6291 8130
7960 4139
4920 8374
7796 8646
7840 430
8246 8437
8238 2017
585 5343
167 9934
6899 2064
8849 9755
3286 7569
1704 3163
2824 5143
9322 2390
2663 1928
8265 1747
5494 9255
9713 5515
95 6732
8208 9614
1161 9681
7457 2512
6505 4509
3720 7015
2296 980
3984 8751
5130 6439
6057 2548
8816 9591
3646 426
6944 507
799 4381
4006 2129
1220 2919
3697 2542
3131 2805
286 5638
6255 1867
6496 5456
1584 8564
6364 8046
5137 341
8017 5422
8132 39
7489 2822
4768 5956
5097 3651
4268 2637
8827 6315
326 8986
9268 544
553 3255
8072 9307
9190 7571
6245 374
7108 8068
7853 982
5993 8646
3244 1504
6033 2940
2502 787
2388 536
1897 2513
1718 6303
5993 1857
9136 5591
8201 8760
6251 9062
5550 5308
6076 579
6219 8435
1725 951
1512 4779
6533 8631
1981 3680
3914 8658
6629 7781
8710 4701
1744 3444
8140 6156
9317 2377
7751 3986
6552 8766
7538 2152
9681 2802
8051 7890
2699 4081
7197 6697
8948 1347
637 2830
6396 7700
4737 8294
6244 1451
2330 5733
5676 5051
9150 6298
7401 546
3007 90
8254 2219
8775 4285
8135 2384
3598 185
1842 3736
7036 6842
4678 3935
8135 6441
6881 3032
3882 703
6974 9267
6129 2610
5567 9817
4729 4102
816 9495
7573 1044
4915 9482
5836 4199
5684 7894
6215 9888
7443 2511
1250 1995
7317 7247
8465 3813
2287 42
8165 4338
9695 6339
7071 9320
6124 1978
9167 6894
9918 1429
221 9672
6605 3370
6021 3319
456 40
1185 2401
4584 1811
3104 305
4595 4035
9820 3193
7610 795
720 2566
2963 1205
2797 2750
4863 264
9618 2313
5102 1220
8250 868
8144 5725
8443 4826
2916 4283
3781 9686
8040 9051
9464 5372
98 1886
3449 5686
9836 6592
6237 6074
6825 9542
1009 4223
1445 769
3334 6458
6329 1992
6873 3813
1403 4793
8490 5702
5170 9325
7625 3188
1384 2070
814 1805
645 2670
4775 8386
8183 8290
1141 5546
8579 4992
7163 1930
7804 8379
7495 2031
4833 7838
9508 1376
5762 2267
5161 3884
6735 1345
2840 981
1831 143
8710 8571
6912 3000
4941 5686
6278 9358
6908 894
4930 5039
7373 585
9330 9218
5593 773
7877 1021
7069 6446
9788 2225
4724 3887
4971 4927
3027 7753
2028 6291
7185 9924
8255 3044
8350 3690
7485 1405
15 4816
5256 9611
9880 2164
4581 2648
34 7575
8042 721
6914 5790
9283 4654
7818 3802
6352 919
1376 1382
4323 3255
1991 3492
404 6061
1729 374
4057 3401
9938 8148
5550 9047
5810 1767
1368 1414
9023 2744
7158 759
7 1177
3036 496
8824 2275
2475 9468
1660 2574
5276 521
5496 710
7843 1801
4533 1416
4669 8745
9717 573
1591 6797
8638 7633
2153 9044
9975 9468
9121 139
8753 7327
1349 4267
9090 1499
6501 3355
5011 2330
2931 2406
8054 793
5218 1231
3649 5017
9568 8936
898 2530
3996 8099
2068 2790
538 9048
8661 3164
7010 5977
5574 8190
2105 7669
2592 846
7449 6024
8186 2790
7125 2665
859 7498
2006 7546
6535 9890
3676 2122
8008 6432
1988 2430
6514 827
8867 3798
144 9623
1269 4665
395 345
9564 5043
9902 6616
7808 4393
4236 8996
5670 4873
9785 9972
3131 1662
4044 4890
9350 2841
6653 8956
5260 1218
66 9681
8154 4742
7433 27
9615 4986
5672 2294
6794 1123
6462 3502
1586 9947
7660 5438
2561 8311
9910 3973
6731 136
3389 6364
5972 4025
2496 7809
6433 8700
389 2126
7213 818
6556 3523
5187 2150
3258 1455
3023 9811
9 5633
6077 406
3513 9000
8013 4672
9417 4727
2114 4077
1124 5441
4037 9536
2626 2010
5221 197
1259 9686
2216 534
4653 2485
2241 8175
5949 3990
6687 2298
7600 130
8536 2704
2930 8284
9579 1203
1004 541
3376 8599
2309 3098
2271 9896
3004 8318
7425 3926
9723 1332
4595 2372
3940 46
856 1731
9257 8098
6271 226
1167 540
9227 378
8781 6039
3267 856
9022 6510
1384 1068
1174 2278
8258 9906
1279 9353
1515 1524
9933 9292
7053 10
7730 5442
7625 7146
7366 1373
3527 379
2032 8315
39 8130
6748 2937
362 8491
5479 7887
5304 5820
8788 9847
3554 109
1860 251
4690 6909
7080 7696
1970 8870
4766 4158
9715 2280
7120 715
435 7019
5398 1253
7768 3905
9356 132
5437 5531
384 2135
4623 4640
8046 206
4360 1377
1199 7537
6549 2668
8325 1692
6778 9438
6781 2682
4276 9147
7689 9358
5774 84
8122 9771
1813 3680
9864 3549
501 6862
397 734
6356 3069
1825 9432
9502 9203
1791 2874
9233 7852
8379 1555
5014 5176
287 5706
5946 52
507 1508
6548 1140
6739 5695
3914 2499
6946 6662
7580 8526
5794 2663
8018 1289
5752 3978
9125 8291
9158 9520
5395 2365
7895 809
1502 1400
7291 2766
7511 9185
7378 3588
5605 4947
760 1437
8887 2497
6958 1424
5822 4015
8866 79
6670 1780
7681 4119
8256 9311
4895 622
9107 7460
1851 9811
9408 2204
642 5129
8339 2929
5694 2144
7906 3419
7425 1920
7053 2048
