3900 3862
2117 8362
352 1848
6014 2127
9607 4520
4030 9984
8338 345
9151 713
9565 5426
6350 2835
8738 7899
5432 5419
5303 1104
9741 3818
4491 2092
2650 3204
7818 2008
3 1592
5903 6581
5342 6019
6966 2322
3367 8708
8075 7182
6068 4964
7031 1368
5585 5862
1469 4102
2903 3097
2591 6537
7862 4679
6375 2756
169 1745
8869 223
5314 3305
5920 1049
4044 7945
8080 7912
7138 4849
8150 1820
886 3084
9041 4917
7347 4205
8083 1092
679 6434
7106 7562
6691 2179
1077 6709
9824 832
5051 7482
8845 4044
1614 3270
8728 606
8382 5216
9898 2852
7856 1988
40 3041
9804 2027
2782 5299
398 9430
7254 1367
9228 1193
8807 1694
2844 2098
4363 1609
9255 392
7634 3988
5432 691
4645 8268
1520 7786
980 2588
9500 6203
5488 33
1390 9024
4495 9348
4926 1578
9846 9356
117 763
5332 2531
272 9713
7129 4647
2901 9025
1482 3859
947 4518
3721 987
2248 243
8432 3716
592 5867
5840 6729
8724 5959
9205 8132
9166 7732
7287 2316
7207 257
2213 4873
4898 3479
7717 7647
7360 1402
1380 8398
5231 9366
3895 1000
8140 1184
9691 1847
5552 3859
8135 2683
5915 2599
2527 3464
7082 6763
3106 1599
9857 9692
7056 5578
9805 7732
1604 6872
7028 4433
8536 259
1013 131
7209 5756
2630 4909
2345 6317
3379 45
8296 4563
8452 2107
5552 7219
9159 4443
7804 8194
1078 2309
7259 5096
8645 1082
463 4256
219 2318
9778 9682
9849 2652
2366 4403
1278 9545
614 4052
2385 5176
9476 1625
6941 2469
534 9541
5701 4587
3718 8059
6598 116
9657 244
8770 4473
4651 9432
6217 9958
7671 2924
3913 8191
1603 2143
2179 8346
7733 3393
5351 129
1867 8754
9588 1807
8211 4594
2150 8813
6506 2863
6701 8880
3766 1877
3286 5590
4894 5933
5572 398
7430 2573
8293 504
7655 4534
6618 6078
9289 9624
5144 6080
7738 8589
5657 2958
3842 8638
9039 2773
5194 3542
5604 179
2789 8962
4834 9831
1151 6461
4966 4846
8784 8935
6569 2816
703 2658
6797 3577
9934 9403
6441 415
6179 3384
5942 2016
1308 4723
3086 1313
104 9919
7620 1291
3642 6226
7581 6812
3855 5961
7555 9240
181 5857
287 8090
4556 9800
5937 7800
5962 3921
7029 413
7879 3887
8360 8212
5690 7928
5993 3536
6308 9927
2404 438
3423 566
8547 755
1648 2935
4469 3537
9685 129
6641 6725
7245 8826
9900 728
5200 192
1200 8257
1074 3980
4462 608
7502 6910
5703 7875
8478 7427
8561 6787
4218 369
1798 785
405 9721
1224 2850
7738 4126
6361 6010
7791 8302
9578 425
1550 2525
7631 881
6315 2107
6160 4156
37 8543
7498 6215
7693 2927
5966 2978
1713 8940
9433 2788
2048 7060
7386 9722
9931 935
6302 425
387 1872
7219 1588
8129 7371
4989 6006
2757 6064
4204 4275
2284 2354
9791 402
832 8903
9592 1096
7303 5379
6996 3730
4163 6983
5635 5479
8037 3388
7832 4905
7115 1737
987 676
851 9532
6554 3161
6590 5973
37 684
3629 2444
5470 6207
854 7587
31 9011
3967 5328
9175 6828
393 1227
7768 9184
5625 2001
3607 1494
9895 8694
8066 804
8849 921
8546 6216
827 9597
6859 2282
5797 535
8883 654
6450 9582
7795 8154
9903 3450
3125 2164
8179 3835
8693 1841
3185 6581
865 31
5348 9312
5567 9765
3937 7268
9309 1292
9277 3963
7750 4597
8202 3940
7123 5896
5688 2592
7513 9874
6848 8846
2072 2689
8132 317
7485 3624
8065 672
7846 5180
8465 2714
3903 5297
7194 9195
891 3443
9754 2293
6255 9886
6634 5861
8109 1739
5968 4725
793 5882
1166 1023
8150 2185
8944 883
8921 9530
2461 3795
2296 3090
422 7552
122 758
1299 9811
1975 5744
9498 3391
9528 1693
3253 7938
3195 3238
5620 7775
1368 3839
1483 8930
8031 1568
7367 8727
6481 2218
7150 9632
7753 7630
1242 7820
5531 5487
577 227
654 1005
5693 9192
1165 3552
2 3559
4239 9029
796 1848
9972 3553
7854 9375
5541 8017
84 2960
7579 2611
8102 9971
4513 7840
9535 5995
3785 5416
5960 6400
6304 8950
7466 8309
3150 9456
6390 4263
7246 2793
1895 1280
8982 2189
5960 1417
2260 1521
6049 8027
6150 2597
4533 3566
3203 9095
9722 1935
8627 4441
6925 3496
1416 235
8714 653
8417 137
2549 5946
2478 8546
1451 5296
8454 3731
7423 8733
2485 6227
5003 9909
4182 3380
6309 5600
1564 2469
8631 5206
6185 7785
1381 4419
134 9159
6183 1588
6672 1487
9865 8785
4522 2932
4656 5901
6601 3943
197 4259
8615 544
1985 368
6837 6779
6331 1989
525 7215
3027 8329
8071 4208
8573 2096
5485 3365
7366 6118
7364 1053
7230 9375
8745 7312
9893 9211
9102 9764
5282 2633
6494 532
9584 9544
3526 3703
8274 7546
2975 3829
1273 4611
5828 6449
6220 2772
3200 5753
1716 9238
7841 1922
2904 9812
3085 2425
5333 9481
7020 1666
9324 9440
8347 598
852 389
4835 1131
9996 8935
9684 7882
6282 9549
7983 9037
174 5434
6784 82
7058 7412
5728 1384
5011 2906
463 469
9530 7451
2068 6399
9619 9249
7909 7812
1635 6782
9522 133
8219 6433
9617 5883
7102 2355
965 9059
1156 8361
6778 4217
442 5342
246 3301
7174 1822
3117 9645
8633 3268
3405 3367
3372 9377
1789 9176
6133 2349
90 1741
437 8795
76 4731
8055 4581
9633 8199
807 9087
7228 8186
564 9366
8485 1461
5977 910
9924 5903
6646 4159
5435 9639
3903 2430
7055 9956
9937 7190
7993 6569
7148 5345
9921 2981
9719 780
362 7173
348 7238
2911 4018
1413 1820
1191 7140
2193 7939
8642 1501
6008 1894
5524 798
9617 3285
8708 1302
580 5796
49 2633
3339 2365
5244 371
9203 4548
1176 2443
978 2687
5957 2378
698 949
408 4377
483 9246
123 9757
7199 943
5983 566
1348 276
9433 287
6531 7345
2887 9150
6163 3651
7491 9718
7913 3440
8381 1708
4193 7916
5833 2055
6941 46
9292 2648
9626 458
7615 1122
4760 5748
524 9139
5569 4983
3714 2139
8235 1361
7086 1532
7848 7251
4531 857
8292 7673
5417 3802
7339 9296
9547 6702
3020 8753
5592 2909
7791 687
3050 3119
2958 3710
8693 1
2363 4175
9673 7865
5698 3649
2840 7632
6381 8703
4303 826
7681 6678
677 62
1585 6738
5272 1856
5729 6647
4584 2916
5411 330
7873 7787
4857 1879
5137 8349
4512 3156
4291 1876
7590 3154
2111 9678
5732 421
2631 6712
5209 5484
4749 2610
6187 1904
3429 1853
7683 2680
1899 6762
5267 1754
9914 972
7299 7794
6178 7947
9483 8333
2157 9802
7406 3310
1810 3836
7915 1875
441 3595
7988 1716
8420 6068
1938 760
9883 6847
5570 192
7287 2199
3863 7720
9833 7175
1461 2083
8433 3154
1201 7785
2936 7711
6489 7179
7481 4284
5981 8578
7631 3405
729 7911
2396 5222
9451 3933
8148 1602
7309 7820
4778 678
7362 513
9279 9864
9150 6601
198 1077
7975 5322
5538 2208
3595 8556
9294 952
6090 2455
5265 2049
6587 7053
820 4134
2092 9812
7973 558
8594 9622
3625 1759
8352 591
8014 5291
3179 2346
5634 7666
7315 5253
9217 2467
59 7312
4759 8634
3239 2891
1848 7321
6425 4897
2571 3515
8156 8349
1007 3215
3168 4179
6252 1299
4990 3399
1348 884
9511 2126
793 1385
7899 9626
439 4191
715 5895
2834 3107
9208 2848
6572 9647
5072 4111
1996 1041
3902 2947
9698 1054
4490 4774
5610 9006
9027 4678
8976 511
7064 1074
1101 346
7076 2131
154 9777
8696 2448
659 4436
3995 8336
4986 409
9659 2797
5307 5419
7049 2644
7558 4736
8880 435
2027 4797
3451 8766
845 8992
8041 5378
8700 8052
6849 8333
2279 7269
238 1940
9440 1382
5085 8645
4328 2250
5688 1216
7208 4744
5532 8812
4569 7947
1943 1842
9208 7304
9700 8144
1788 8958
4988 4223
5703 2399
5003 2811
8851 4262
9713 9776
8889 6360
3031 2945
8832 3382
5032 5992
7379 6854
612 2917
6669 507
1335 3248
6149 3509
1445 3385
298 1939
4852 4376
8880 2905
157 4938
9319 3590
2532 3647
124 8733
9472 156
2204 2390
8605 8564
1171 8105
5382 111
2491 8161
6865 8187
6211 2293
42 1317
5208 9874
1549 9076
9643 2411
7772 1249
5442 9632
8997 3282
6388 4177
7252 3199
7257 16
9074 9658
6663 1492
8691 2192
1645 6425
6772 7177
6907 806
9463 6995
7693 5421
5679 3344
4242 1391
8632 193
8185 7955
7375 3391
2898 9725
42 6133
7019 9125
6025 6955
8520 854
6280 7739
6114 1965
3174 5055
9261 107
675 568
3094 1010
6109 574
8065 5270
1161 4928
3720 240
6028 4521
5254 3852
1719 3349
5264 7163
964 298
8902 3557
658 4801
755 3193
2885 2449
1686 813
6346 8744
5230 2676
8368 9221
7476 3864
1922 3304
3008 3422
574 1954
3436 7512
4811 9410
6142 9853
6169 5111
2368 1377
2040 263
9229 3026
3453 5651
7903 117
6225 5457
2989 2398
2861 9797
8316 9331
4984 4498
5087 3953
7699 8954
6035 1626
6710 3930
1968 2345
9671 2440
8260 1708
5715 7951
7921 9332
4795 1449
5971 7239
9076 8502
7768 5913
6052 4459
1793 9789
7219 1798
4754 8070
9040 6077
7621 9542
6501 3095
9589 2792
111 1625
5753 3875
5405 1471
2347 9301
2652 4424
763 6920
4283 878
7680 2808
5783 1130
9758 9861
3399 3046
4845 2832
7637 896
8275 1412
8003 2939
8702 2568
8594 3529
5586 8699
9990 1737
6146 7755
8367 7767
3511 5214
549 2129
1360 3360
4700 9774
4939 2737
4782 2116
923 9137
7697 8732
447 5910
5774 2864
7236 8257
1357 8166
7537 4578
3931 4689
3186 6707
5671 8406
5441 9750
4848 7695
1739 4560
1356 249
6880 7956
7952 6253
6919 7130
4223 6559
1819 4705
6910 7984
6301 2507
4997 6447
307 1791
1873 331
6358 1994
9031 1529
5857 251
7379 591
9390 9195
1533 3566
9177 7361
8309 4433
6571 5521
5594 6967
8797 7634
1008 2777
5461 1190
8127 1918
3618 6871
1523 8741
7181 2039
6248 4989
5704 2939
3907 265
7398 4108
8951 3383
9163 7812
3624 3625
9880 5509
6519 2190
7876 1639
8846 8141
4965 8499
9692 2685
2046 2752
8682 5940
8070 2443
8664 558
7351 1115
7157 8340
1617 359
4535 8478
4138 1343
8671 682
3429 7973
7876 484
1759 1876
1162 1657
7576 8179
5698 2728
6267 5100
3582 9383
9200 4860
1689 4935
2368 6801
610 363
2172 8732
8048 8259
3315 7434
506 6168
9618 6397
1572 9346
1387 8254
5315 6616
6368 3439
1643 9900
1666 3388
7787 877
3189 1063
741 2400
6799 3662
5387 6232
116 4154
2953 6421
5334 2284
8752 7077
1090 604
2247 2997
9021 111
9566 7904
7504 7885
8946 382
7306 581
8311 4975
5473 9016
5941 4166
8584 5893
742 5231
3902 832
7339 205
2974 3711
6283 8597
7337 9586
1801 3445
4792 2243
2740 1860
8678 9176
1082 3731
2615 925
6101 4361
6251 2908
614 1905
7873 3149
2055 9341
6615 9686
9111 7373
9353 1622
4221 2283
3512 1823
5375 8692
2626 9049
6670 2976
9385 6449
2182 1573
8156 9666
8132 2856
4967 7176
5491 1849
7336 4908
7875 198
7160 3779
2602 2806
6595 8171
4072 8023
9455 9375
2201 7306
6444 1330
9893 332
6938 6969
3865 261
16 8873
1653 5258
1201 402
3494 4640
1829 1548
9378 4846
5503 9528
9224 1526
4052 1785
1882 9223
7470 1065
7852 6463
7300 4446
4029 5859
3650 7489
6621 2171
5723 9014
2040 9845
6288 8643
7899 3133
4717 8596
7891 9810
8040 4569
4986 4147
2771 9362
7339 28
7778 6900
2558 1261
9301 9679
3297 2912
3286 3577
6265 4579
9064 8540
5848 126
4286 2868
8575 4885
8336 8661
6177 7212
7575 1100
3224 4361
386 8136
9811 6115
3945 7126
5934 2651
6175 6878
1801 3245
8507 2364
7087 8457
5361 8387
9011 3178
6842 1041
9499 5476
4672 8808
2522 9839
482 9951
4261 9582
9002 6772
6472 9092
6649 911
6857 4998
9007 7610
916 5075
5584 9420
8528 9598
1408 9478
8952 1523
4716 7129
8201 8943
5858 1586
5017 9192
5501 1577
9892 7514
1203 2895
7497 1916
8043 5504
4231 3444
9791 8859
8798 4210
8153 2257
4634 4737
5777 3174
598 834
6510 581
6654 329
5986 6057
4827 9598
2950 8047
8169 4007
8959 6527
556 990
6232 7546
8209 1492
1069 7667
6724 6818
8347 6795
6030 6895
4611 3944
7671 1673
8794 52
3085 9381
4927 6544
6226 2605
6961 8307
3736 482
10 8899
331 5687
791 1916
3025 9366
9785 3730
9179 802
5788 7254
5094 241
8315 8541
2387 335
1466 6786
7132 88
5962 6472
6162 9386
6638 5968
8674 8744
6059 5129
6507 5368
557 149
7292 8829
8102 2776
8289 158
3656 3584
6605 2120
954 1133
1008 21
9773 9245
7144 5961
1304 9059
7414 2258
536 4906
7809 838
2606 3510
4790 8250
8292 9064
4846 8639
9274 8636
8933 7111
5029 2115
8261 9341
6238 7444
4844 3503
7935 1714
7803 5350
9165 4240
4602 8027
9564 9578
4129 3148
492 7064
8109 7644
121 332
4373 2690
5042 9201
2538 8163
5210 5667
5448 6362
4425 1425
3580 201
8458 6485
1068 291
8033 5375
7213 43
6500 9641
8164 2188
4579 7755
8691 1588
9131 3172
9594 6051
9266 5203
6475 8681
7359 9896
3925 6364
1730 9571
8807 1247
653 8306
5176 1859
7398 8023
6933 3902
2425 2521
8318 9457
781 7445
898 2746
8209 3134
8425 2349
5535 7017
4953 3400
7402 3190
285 6868
4603 9437
3192 8147
5544 8679
6644 6895
9240 2683
3275 9084
3414 123
8581 4066
1379 3319
6795 9544
6026 5835
6541 502
9165 3857
5619 7137
9662 8455
6321 1667
653 4383
6811 8850
3307 6534
285 4630
7715 6516
2996 256
2148 1816
3902 1230
9438 1629
9407 2953
231 8716
9502 3599
9807 937
6936 4047
6906 9617
9679 8485
8984 3493
5290 1691
7363 3562
1403 2643
8903 423
9811 2224
444 8307
9318 9152
6643 4440
5541 1574
8568 1341
7871 4153
5412 8599
7282 3349
8574 4655
8342 5989
4162 2716
6657 7843
4686 6285
9754 2750
7770 2385
6715 7704
3022 6764
536 8367
7891 6992
5477 3745
4451 3349
7598 7233
5614 3750
7922 9954
4320 8378
6553 8544
5509 9820
4860 6293
5967 1021
9131 1431
5310 5855
150 4926
1355 2929
9290 292
7424 6564
4068 8464
697 8707
595 3097
6417 30
4220 8677
1057 1816
1358 7176
1187 9100
8469 1325
6441 2723
2972 8847
8621 4720
9227 4121
6841 3862
6035 9885
8700 174
4139 1676
7337 4968
6952 3320
8114 7140
830 9658
1443 2911
3967 517
7935 4514
4946 2787
1830 1630
2977 4653
6433 396
9652 8735
8944 1824
7473 812
7068 3881
7947 8581
1598 9587
554 9960
1680 1812
3952 8322
9223 9991
1023 1399
5638 9853
7772 8585
92 7427
2304 1383
5424 6711
9461 7195
8216 2145
7184 686
8475 2405
7760 1785
8822 2220
142 9090
1485 1465
454 7370
138 5184
9115 6414
5262 4290
5663 2419
6554 1687
5449 5199
5534 1514
5400 239
5840 2460
860 9900
9975 7537
2221 2638
5805 3033
9193 1085
5141 5842
4217 4703
6652 5907
6110 9496
3289 263
9376 1960
6674 2627
7884 2997
3936 2325
3428 2184
7477 1410
5174 8913
55 1105
5102 2508
4938 2894
7727 8531
8205 2679
2711 6414
7022 8041
6130 5430
4481 5135
7201 8866
4220 3553
2097 635
7229 9050
9557 6744
3926 1242
5318 8260
1779 9630
5492 7101
5044 7728
10 6938
3163 2909
3946 3026
8877 9056
3524 4465
1073 7783
5106 1552
4944 2313
1034 63
990 4981
752 4435
6488 2491
9778 682
865 8104
8132 721
9505 6302
1491 1247
7541 253
9410 2766
8331 7877
5094 7971
53 906
8075 1355
3372 552
7605 6955
3592 412
750 2905
8612 8649
8117 979
1540 6328
5280 1192
702 9695
4633 6305
7654 8918
9442 746
5611 1413
7075 4106
9545 5533
5945 1294
2420 3465
1638 6053
5024 9731
4819 6818
5545 8679
5793 9418
1812 4405
7212 4498
317 1724
6723 5502
7238 6356
9820 9565
8216 9421
4655 1876
9557 8517
39 6474
7646 674
6623 2153
9095 2601
1608 9715
8654 1281
7173 4017
2245 1110
7578 3428
8055 2041
9016 7003
8248 8592
7706 953
6879 946
7257 2555
8368 7196
9598 3715
8489 6848
376 8023
5324 1225
4024 2130
3786 3570
9193 7049
1164 9450
6259 536
7953 3197
7051 5460
425 8064
6122 3685
718 9220
8055 9746
1197 1490
6938 3862
3511 4619
3617 3096
5205 980
6894 7584
7004 1857
7291 1133
2766 9605
662 693
232 1634
5506 4620
8339 2307
7867 1823
4107 8063
6409 7920
7910 4790
2147 5697
6281 9577
6990 94
2900 4622
9579 2259
7462 5831
6826 2057
1440 1490
4823 4568
9774 1302
1692 9173
6563 1454
5361 1619
9233 2381
2397 7012
1925 3081
5047 7695
5201 9739
7503 62
8955 8968
984 577
528 5401
9134 8036
9729 634
9111 1609
2995 1080
6737 1467
7206 7953
8758 2882
5025 8322
6707 1332
365 7630
7815 4390
9974 4607
5842 9898
7080 530
8557 5494
2745 7442
7163 4994
5598 7996
5237 1309
9130 7112
5022 1649
4022 7807
8512 2080
5798 1461
6461 5826
9210 9441
964 8955
9818 3964
1041 9058
7492 2258
2619 8363
227 2016
2166 164
7883 5297
4700 178
1518 1111
5145 7884
6307 9452
6239 7597
9183 8040
391 3966
7536 1927
4322 5043
1631 386
7980 3401
9171 7922
6978 5168
8280 8208
7698 1436
4381 4576
4224 1623
2438 3574
9189 3710
779 1724
5696 766
8067 3526
298 4654
1437 5867
1117 4428
6619 7687
1857 8259
7664 368
4044 4028
3036 6161
3924 8658
7634 2597
4130 1938
5032 7408
8767 7670
9899 8987
2432 4181
9199 9021
3889 828
9423 247
6957 8397
7132 1833
9601 1718
7060 1170
5644 1226
3711 9574
8522 5480
7978 4333
9660 3493
9123 2322
3529 8142
379 4332
2148 7661
6069 5081
4756 5675
4271 7058
5570 9535
8663 1025
5555 8472
8869 9501
7159 1642
9153 2615
9786 9432
8305 4849
5657 9279
9710 9967
3626 5306
8118 9754
5578 9022
2827 379
7520 2300
5201 633
7960 7447
9462 7134
367 6177
4826 7553
6055 9855
9124 9210
1061 2164
4917 2981
4299 6580
9752 5925
6874 1528
8691 1370
9524 5280
7491 8113
6002 1454
9431 69
7743 5072
6907 370
2952 1825
6286 9062
8011 6872
7553 8209
7428 1124
369 1625
8488 4667
9584 6705
7627 9097
2549 4674
7727 6560
8882 1710
504 659
5572 1739
4513 8894
4667 9855
6807 8518
5364 3138
830 5115
3667 9368
185 1292
278 437
8831 2688
3271 4034
9551 9659
6416 2216
5956 1557
1804 3258
7020 7206
6645 1550
6384 3581
8543 6687
3171 6921
6768 2789
5560 3728
279 9679
6938 6992
9429 3289
8084 1419
3850 8792
7584 3842
2575 7197
153 3797
2516 466
535 9906
7687 3854
6247 1109
979 9128
9753 5685
7671 849
6855 3444
4449 2303
7074 4916
8151 3557
5978 1041
1473 9757
4631 4940
6413 2281
2888 8802
2871 9158
728 7308
7480 9130
1618 1135
7821 2635
6962 4451
4509 2555
7469 6762
9256 2906
1790 3169
1682 2324
1533 7714
5248 9804
7207 9767
3147 8396
9473 2531
7488 7571
5563 9852
4885 1535
8108 7364
896 5557
7852 384
1228 9859
7095 9567
6437 2916
7380 2460
6710 2257
6353 2248
2656 7382
1194 7093
9222 3415
5060 3903
9361 9092
213 5945
8872 5517
9759 13
206 3425
6721 316
5823 9523
7643 1643
498 2370
2288 426
6320 3684
8617 3197
264 1794
2745 4951
3600 1301
6892 8950
8805 1447
9962 8270
2771 8652
7858 6299
9604 9236
751 9353
3945 517
2642 779
4774 4685
5113 7269
365 8679
1348 1880
8478 1439
1934 2535
9191 4084
4286 3555
3589 100
5760 2506
6578 5762
652 4693
5172 8114
2490 1440
2492 4110
4961 2683
7035 610
9849 8406
6092 8470
5184 5320
6994 56
5627 5517
1192 3186
317 1153
174 579
7348 9858
9829 9717
8313 6159
4399 67
7577 7322
5031 9814
9106 6060
9518 9680
5874 6418
5695 6187
8711 4255
6651 4160
9856 2622
7594 3475
2268 824
4898 9406
4190 423
1609 3860
1034 6140
3547 3471
2328 5798
7507 2954
6578 8461
5257 5179
7913 3987
5366 98
8550 486
220 1727
7714 4006
9339 6833
7303 3160
6636 4503
4815 2475
7719 1497
1442 4105
8673 4241
1089 7221
5054 9257
2077 451
5865 8273
7365 6639
2129 9623
746 5426
7861 9286
2428 4586
1101 141
7254 2723
3254 9997
5847 3947
3284 7136
8153 1851
6375 1442
3956 9371
4388 9819
8341 8583
1849 5525
7402 8978
6290 1074
2846 3090
7609 39
7366 281
5378 291
5529 1921
7107 5390
458 5301
9826 9242
9728 9902
6323 7825
4390 1647
2401 5076
4753 4439
697 973
5619 1176
9014 961
6982 6972
6405 4336
1969 4255
6789 426
1358 2789
8028 1689
7489 508
6229 174
6524 6507
194 7563
1345 8076
4289 526
3169 9800
4034 1697
6601 6089
6402 367
5871 6329
7520 4409
1370 706
7768 6317
9211 994
3535 6070
4174 4336
4986 2036
8707 2629
9839 5932
7364 8856
2164 386
1089 4335
2811 499
4048 8168
3710 710
234 7878
6674 3920
409 3385
9808 1635
4148 1960
8596 29
4975 3724
6762 8499
1554 9516
111 9469
8935 3287
9141 274
1835 1801
1483 187
8489 4369
6306 268
9735 5299
9017 2947
947 1375
7899 7801
35 290
8445 8383
1997 6823
6087 2969
60 1057
1576 7324
1106 2042
9509 4843
778 7164
105 9058
5501 3631
1017 1969
3058 9778
2219 4513
110 9895
8047 4824
7183 140
9829 7943
4334 2594
5281 9378
8158 8712
4501 5480
895 258
4044 3169
4365 860
8810 352
82 1812
5639 8942
5534 3147
2123 6917
9055 3193
7760 3575
8083 8366
7187 8903
6810 1597
331 4888
9828 4842
3168 4006
2444 7209
8917 311
8309 8979
4716 5911
1360 8714
8896 5248
9080 8712
9064 2846
1122 9187
9815 3568
5012 167
9858 8225
843 58
6380 2371
6765 6154
7901 8753
61 3176
8260 3358
787 3954
8202 3353
9428 9027
19 2770
2069 7430
5895 2743
6170 7377
1098 7086
8310 4383
192 748
2595 7512
3639 1775
2143 32
6072 2497
8791 3231
7583 9094
9701 3272
2982 8717
6917 751
3570 8478
5646 8926
6008 382
4319 5038
6541 207
1125 8248
6439 1773
9739 4179
1097 8186
472 3030
8059 7752
9328 1984
9013 9062
8675 2996
5926 2685
5633 2203
1637 1491
8679 2886
8276 1715
6625 9632
7106 7870
5285 3856
9304 616
3053 3097
875 5081
2279 441
5446 8999
4877 3100
25 597
2796 1899
7370 2030
8436 778
6835 7613
8019 9614
1720 3079
8099 7428
8392 1494
3849 7474
5083 2157
153 5742
122 1437
1325 9459
6033 4486
2151 678
431 4029
8761 3319
922 9636
7011 9128
2612 69
8177 4845
9712 8007
5086 8440
6405 8680
767 393
7864 6865
499 6091
4953 2025
5996 8926
7094 3914
9526 125
8532 319
5731 220
2353 2968
8493 7826
8605 9199
969 649
3766 7718
9437 7371
