4418 1722
356 1882
2166 1951
9592 6198
9859 46
2973 5314
9651 2986
3191 8017
2692 685
264 2558
4431 4437
6341 4965
9093 1037
6466 157
5271 361
5281 9796
1537 8582
4456 9719
7275 6568
8282 3009
4550 3081
7659 6939
8633 2220
9511 9628
617 359
7673 2672
5820 1973
760 1836
8963 7464
7444 4655
7448 4805
9645 1262
8975 3911
7485 9796
8000 299
9096 7441
1274 2407
8788 414
9808 1490
8044 9121
5268 2520
2193 7817
8861 749
4271 7026
6188 3954
2747 526
8836 1101
8030 3481
981 6885
367 8154
2210 5919
8190 2386
966 2820
6624 6735
8257 4282
9834 5312
9037 6200
273 4848
7756 1227
9885 2245
9979 9342
2267 5263
3260 1955
8013 4681
7052 9024
5809 4838
7478 2042
6879 5389
5206 9612
4031 3229
9328 786
303 9013
7479 8130
7228 9451
8518 1820
6005 9593
2575 3285
1788 5529
9591 607
9196 9728
9372 7064
7940 122
9619 1608
6901 461
4546 418
1066 3823
5064 1018
9092 3748
6404 5253
6793 2999
8605 4978
2017 5330
8168 367
8208 3212
8978 7411
6204 1557
853 8001
5247 995
6655 2512
48 4046
517 2984
395 8062
7460 4602
9525 2746
5017 9730
5352 9391
9220 3538
5527 4733
7545 7046
1950 2284
3871 7288
2262 7883
9727 4128
5564 1353
4187 9739
5666 2798
6851 2284
8483 620
8549 2966
1987 481
1168 2513
557 1047
7549 8220
6867 1361
5630 9641
7350 1860
4869 5235
551 6458
796 776
7025 8335
8938 274
1036 8378
5257 9437
8647 8469
5498 1097
4187 74
4549 5265
8739 8143
5055 3825
8313 981
4781 7314
3389 8810
8837 8980
5044 634
5338 3475
5219 4198
7372 5387
724 1438
6978 509
2068 2000
6576 3912
9438 9470
9492 7720
2633 4603
4510 8060
683 1033
140 9236
5793 1287
9501 1718
2996 8892
1581 8684
9417 263
3236 5612
9967 141
9317 7086
202 27
7914 7935
7155 9832
3371 8774
9450 296
473 9008
8130 1817
3355 8686
1077 2478
3054 3999
6270 8657
3808 6304
7502 7846
5870 5834
8839 2887
9081 1108
3002 9443
169 3125
2917 5543
4936 3162
7220 8892
8310 9080
7045 3972
1830 477
2156 2188
8578 8193
153 4321
9501 2346
7951 3076
8238 545
9849 9853
8749 5307
3802 1367
5869 3078
3934 1294
5560 9153
4289 30
1694 594
5686 7917
9902 2253
2755 7629
7137 4441
9598 2628
8826 8793
7790 4820
2438 4395
7851 9791
8667 434
1256 1536
9174 7935
9545 6301
6072 7845
4047 1292
4134 1360
2750 3205
7583 6040
6758 3891
5095 1483
7710 9033
330 1083
8650 2043
6993 7177
7385 2268
5044 3997
3193 1681
8817 5683
5412 9268
8726 8454
1627 6259
7121 9806
6670 5211
8917 2014
8460 3316
7792 2399
3327 305
1920 626
2690 773
9573 3078
3 2157
7626 3126
5202 7593
2260 1368
8095 2701
7682 3435
7775 3105
9067 4294
5259 7983
380 1591
169 7823
6325 6093
9353 3461
8700 8823
6716 9855
6320 4522
5557 8292
5549 6073
8148 4676
7391 2482
49 3943
1135 5293
9336 1543
6076 262
6400 2946
8581 2693
6126 9653
1137 8865
2126 3080
2078 263
302 7017
6235 1603
1143 6401
7054 2423
9803 6792
1376 4308
8927 971
8920 2015
4739 1895
4627 1345
7152 1390
995 5110
7807 2782
3297 3426
8472 3172
9363 4283
6115 4102
674 5814
5343 5163
1954 3768
5331 4142
9540 9019
35 5189
1147 2247
6205 1408
9359 4663
8323 690
1377 723
9330 4370
1692 469
8672 1252
1259 1750
8176 8255
428 9586
7124 1534
2858 2947
7782 2028
7417 2610
7675 919
2169 7569
6580 6165
8319 8160
6019 355
1428 9822
5358 2861
6686 1838
5509 778
7349 461
3616 8790
8906 5862
6975 1976
3779 2257
6037 875
8899 8568
6330 7135
5053 3285
9427 2451
2067 746
9450 5180
20 8174
937 1689
5470 8762
1324 3038
7876 7724
5763 3273
4222 8698
2977 5783
7576 2178
6460 3615
5091 485
1397 1157
5784 5403
8872 750
5891 7335
418 1516
2153 8001
7955 2741
7564 9235
6943 1754
4782 9686
9684 3495
8894 5325
9707 4939
2192 3769
7725 7244
7946 9049
7679 7802
5006 6806
6975 101
7834 622
8164 2712
8016 6898
7037 1101
2324 662
8779 7859
986 2889
6298 8382
6961 4116
7781 62
270 3737
4620 5435
5812 2831
7663 9268
8131 9373
1283 1390
7585 2258
2566 2122
4825 2426
6762 8866
9662 456
1190 5140
2543 1172
9644 7083
3719 3498
8584 2529
5486 2064
8758 1333
2740 3070
811 2604
2903 553
3151 8940
7084 8629
8707 9775
3590 9741
5130 1727
8965 9432
2765 6137
1650 9190
7168 8484
7593 405
1341 1350
11 2034
45 7280
8136 1821
8963 5162
928 7483
3037 938
2192 703
9367 9569
7515 3316
8734 500
494 137
7034 9953
6239 5289
7222 4640
5734 7368
7051 2543
3062 1641
6274 1045
7326 2253
4485 4010
2221 6251
7665 672
6886 1694
3703 1005
7040 7759
7816 1335
5198 9580
5286 8381
5690 5990
7548 2832
6592 8013
284 3724
3039 2129
3079 1033
8063 165
4025 1851
8857 5773
7244 4003
5168 782
8675 1037
4944 8622
8995 1393
557 7036
9066 7869
1323 239
5782 1764
6148 4036
7414 6930
611 7128
5734 6684
4454 3137
7464 5475
940 5354
8210 4398
5917 1966
9702 2952
5081 7701
4988 154
6376 2251
740 1127
7059 8809
9351 4860
8602 9697
5209 2108
3491 5951
9233 8517
7819 3838
3138 4335
316 2642
6808 9312
8278 9721
2401 2092
557 2704
5948 8310
3230 2733
9221 2922
5863 3284
1297 7554
5226 2992
1375 1844
8853 5235
2495 4764
5031 9434
6596 8912
8777 9791
3631 5413
6543 2261
3271 4841
8714 2452
7917 976
1752 2477
2699 8098
8947 9075
4963 4316
5329 4639
2226 6948
2371 4297
7899 6296
5290 1004
6011 9691
4699 9575
8355 7744
2732 5098
895 9707
5101 1369
6574 6097
550 6820
5999 1436
5607 832
7117 6790
5883 3476
3447 9775
3387 9352
3301 7851
5975 2283
8842 9380
75 1086
3378 6270
9878 6708
7727 1736
7506 4513
8709 5216
6461 2935
9157 3277
9924 8108
8436 4649
689 4139
8462 91
6064 5636
7877 2061
8563 7233
440 3025
5533 6085
740 1071
1467 8755
3875 8630
6399 866
8847 8016
492 2519
7052 8112
654 9491
2345 1646
3232 1591
5236 1934
5066 3329
9298 196
4017 4261
4140 9844
7703 5570
9696 8235
5560 5297
3369 4719
5995 5899
8582 147
8632 413
6616 8955
8994 91
6929 5888
725 8072
5249 3427
8498 5638
8257 8464
7258 2838
1356 103
7003 4534
8113 54
7878 1728
8209 1190
2942 5153
6093 526
3889 646
682 2260
6445 8821
1499 6540
5304 9756
9444 2110
8241 4525
6738 5138
5563 7243
467 9776
4998 8517
9477 566
5601 853
1793 112
6242 7680
5446 5037
699 3337
5729 1533
4184 2033
4146 5942
8554 9716
8521 4057
7476 7058
2543 2761
7419 4080
2790 2638
9835 9966
7382 9876
7912 9467
6504 6525
6374 637
4111 708
7300 7484
6405 8883
67 1682
2931 439
917 540
5484 2007
1418 3711
6907 2979
470 3118
7167 2789
6307 5049
8354 5848
4746 6444
7335 5491
7206 2637
5019 4653
9418 2829
7688 282
9046 7158
4131 9294
8896 9959
5859 3174
9596 2463
7880 4918
589 9463
5029 2487
989 3426
7505 3400
8748 4059
7991 175
3067 5789
8351 1915
3963 7015
2486 4840
9367 9702
4656 6155
7112 7153
6615 8153
2783 8101
4661 8076
4858 3400
6231 9884
5460 207
208 852
1972 3837
2429 1867
1433 7501
5037 5028
5702 872
3706 4850
8158 6336
2753 386
6694 8338
8305 8606
3087 1808
4466 7283
7720 8590
226 1701
7593 7811
663 1818
620 4974
2770 6832
2999 7186
5546 229
9898 2525
1825 7858
9319 1686
562 3577
5784 1714
1994 3465
2711 3371
9180 295
7920 5968
1346 7450
4962 967
1504 425
670 4543
7142 2030
1929 7133
6067 2187
4482 4271
6202 4038
4149 7854
3559 4376
8819 6710
9892 9927
5749 4995
7967 8416
8952 8631
3808 507
8760 6660
3802 8569
2657 8890
5703 7853
1181 7620
5110 6176
6251 3786
7645 3791
2166 930
774 62
538 1103
6662 238
2706 3949
8452 478
3124 1838
709 612
8179 2534
4418 7238
3061 7380
7265 1067
7554 4059
7660 5123
8110 2965
6777 2561
67 8729
723 2847
4576 212
3939 9225
8098 632
400 5576
7957 2233
269 3695
3067 786
7669 2031
4655 9293
8289 7374
2791 7532
8154 5608
4002 9487
8570 4274
1244 9356
500 1619
8551 325
7189 9657
6783 2324
2929 4585
7538 393
6315 8900
1571 3599
1929 7136
373 9018
9543 3589
9735 3796
6730 8855
6849 9975
6558 8105
4414 1223
4378 9671
3205 5284
7440 4966
1409 1443
4321 3624
5283 5433
1119 4499
8476 9958
1344 3305
1965 205
5639 1131
9116 1629
8468 9321
2618 7716
3702 9630
9702 971
6099 1911
1064 2999
9082 854
5298 2536
5416 8944
5864 3850
8224 4651
9538 612
9484 9766
6715 4107
586 9646
8175 185
3378 8235
7702 3608
8705 8078
1354 7913
1528 4917
1605 3065
4260 1914
8015 168
9109 4082
9496 327
8596 299
735 3825
7553 2474
5874 8981
9776 4173
9442 9023
6609 719
3058 7182
9856 755
9307 5680
141 9358
2054 3692
9950 798
5097 923
1868 5896
192 1483
7765 1840
1392 9579
7904 4924
7913 4564
1117 4127
5352 8913
8302 9400
8676 5260
6159 905
3155 3565
9202 122
7879 9711
3174 9442
3835 62
9157 8458
2787 136
8699 1838
5381 2007
9404 9912
7801 7369
304 9514
3669 151
6439 3231
9749 1809
1781 3137
9506 9141
7917 9651
5303 6675
1085 7985
8420 6744
5193 1439
3849 4669
6744 7435
1040 2092
456 9503
6605 7994
3380 8391
7704 6919
798 838
158 2198
6765 6820
8540 6782
8370 5696
4156 2955
8080 1204
5568 6541
2889 3665
7094 5045
8601 1284
3239 5504
5023 856
9194 1011
2405 9250
6039 1818
7964 3100
8125 8795
2472 7964
9400 6076
4979 525
594 7845
9449 3228
1183 9966
5263 5653
296 2675
7845 3758
9435 9071
5847 8450
7609 5733
9499 870
3255 92
2341 8568
617 8508
6460 5644
9951 4234
3493 2215
7749 6121
8605 9260
7223 4879
8705 4508
7772 1042
1768 2640
7230 493
5808 8728
6636 8093
9170 7433
284 234
13 6830
5036 1832
6662 5341
9657 646
6632 2466
8288 4835
162 4414
3240 9776
5125 1351
9398 2457
70 7565
1439 7397
3965 5979
6232 6961
3022 8241
7150 707
2620 8081
7286 222
6805 4873
3483 7144
539 9706
9350 9363
8403 7417
7924 6665
8015 2582
6102 1603
9477 5351
2329 8175
3232 709
8148 6122
8395 4156
2518 8047
6044 8315
7201 2864
618 4643
8993 5539
4112 678
6704 5850
2530 1605
2784 2424
4231 3487
705 9751
8562 1910
856 2112
5747 1159
4249 9664
4573 865
5497 1887
8867 4388
5895 3245
5795 6276
6229 4402
7873 152
8734 746
9536 9327
1804 3055
8491 5305
399 9456
8790 1257
9284 102
8453 3063
5954 383
6012 7069
9922 6366
7701 2153
902 2959
5927 7339
5228 922
6140 9289
5158 7130
8296 7402
6598 6348
5338 6831
5496 3253
2015 8728
3011 1639
8517 2796
6672 6827
3472 5640
4847 2434
866 1436
5068 7586
9098 2698
2146 9598
7851 9244
9393 2731
1037 1848
1103 73
2647 3958
8468 3699
6736 8281
9159 3732
1665 4162
9659 757
8136 2587
6735 2543
9518 5885
4798 4621
981 2977
5672 538
3492 1430
7344 3297
9019 432
9924 1441
8962 2378
8796 2983
7288 512
9218 6010
6969 9512
8784 2371
9876 1666
4732 2173
1200 1330
3251 293
7279 9445
448 648
4678 3104
5805 3260
9330 7913
5198 6374
2744 7292
6711 6894
9897 1581
6408 9071
1173 7096
5238 6330
477 302
735 2440
9925 745
9010 8847
7743 7571
4174 7520
9215 850
7140 5471
8334 8420
909 4254
9318 8410
1716 1988
6822 6967
2883 3671
4319 295
8663 1770
6958 2806
9800 5188
9143 8414
8489 8335
7059 2220
8039 8364
3265 8733
4918 8324
6517 5958
5217 69
7776 2657
8074 9404
7146 8640
9205 6704
7184 9835
836 7279
5129 2356
8094 7661
5320 4813
9519 3044
6422 1412
2590 8908
9960 8156
8628 8471
2848 9963
428 925
3366 5230
549 3695
7287 2321
3813 702
4656 1062
7791 9322
9810 6118
6644 1726
725 7569
1254 1417
9546 4616
726 4681
6517 3347
6774 4437
6554 9272
4908 2221
7316 7609
4077 5182
8763 7769
3924 510
7692 3924
9077 6653
821 8826
6041 650
9508 4216
3989 2445
3700 5497
9715 1656
2476 6397
8657 9041
35 8676
8141 408
7379 8573
7266 1722
1561 2979
875 9476
6891 9838
3720 1655
9798 7288
5106 1131
947 721
825 5045
5848 6463
205 2973
2999 9219
161 1474
8059 2302
9704 6090
191 2256
2645 8806
2976 3084
6771 179
6867 1873
6585 2569
6967 1551
7452 842
5787 6875
1754 2569
5301 3863
6677 8924
8154 9601
6429 1094
7897 1314
1476 9305
6165 4282
6526 7708
5337 2739
5932 4754
29 4306
4452 9372
6899 6349
1255 4089
4082 1616
2432 8675
5384 9989
954 6721
4843 4009
8199 5672
9532 5093
2870 6542
167 1014
47 3801
54 8801
947 7212
7718 2860
4450 2887
4217 8872
8607 4456
1773 1512
5703 8286
651 654
2948 9472
7481 8960
71 6760
7771 7109
9966 1470
8348 1873
7091 5400
7533 2447
5111 1707
7712 2943
2919 9306
4473 1227
3913 481
2141 3004
7192 2418
3138 5408
9966 2530
6496 8838
3578 2827
742 7844
5462 6143
2137 6273
68 2008
6609 9803
1143 6992
7137 8876
4104 9294
7420 713
8121 8488
6074 4540
883 2571
1406 8799
3306 8496
293 670
1071 8140
9248 6577
8727 8828
6038 6316
4867 5645
1257 8532
5700 924
4717 9678
6011 5395
1685 7846
6567 8093
887 5471
8961 1946
4116 7030
9 6667
8739 292
7255 9518
7622 3304
3773 2791
374 6499
7956 4498
7623 2860
3233 8030
6415 5871
6284 6205
5245 2721
6321 3054
277 2401
8951 2776
5248 8733
5810 1446
1206 2312
7802 9399
5965 2637
1580 3950
1647 1645
7018 5912
6303 7507
9326 5992
2003 1545
898 776
6556 2705
7232 2579
7430 7024
6594 5971
8022 3903
6682 342
8066 37
7245 7509
8815 915
6013 8814
9895 8192
3885 3480
8538 1051
5354 403
9587 4176
2958 3965
8947 4602
4897 7217
6568 706
764 3269
8071 5313
8809 3850
7739 3182
5845 3236
9779 3973
1805 1169
8582 6697
531 34
7387 3225
687 6697
1313 972
9029 2169
5120 7612
774 6027
7 9418
1137 108
4033 3593
4991 9718
7681 3298
8660 2078
4149 4972
167 5476
9615 4256
1456 2835
3371 6776
9562 9205
710 7826
381 8553
6802 1236
8753 3410
6698 3659
7997 6285
6539 1042
7768 1883
1716 7117
2797 475
5661 8092
8143 9228
1183 6208
7507 5783
1936 704
1760 1152
8002 9517
8889 1240
9063 3491
9334 544
2683 2560
4360 5663
7712 6044
7392 2247
9954 1191
7577 4507
3721 9239
2443 4570
2238 9650
9414 9139
7051 9272
7096 6305
3225 4950
6405 2781
9087 6157
4418 6957
7841 8939
5175 2698
3981 3392
6514 8286
7304 943
1313 2660
1504 13
66 3428
7169 4690
9804 735
8155 2426
2269 453
2332 7154
916 5849
5804 5651
4390 972
4410 9289
3690 7013
6047 7480
5741 6650
4253 9341
3318 7635
6235 7945
61 352
8859 39
1565 2035
9522 1372
5484 2792
1748 1927
6450 2356
5430 8041
4697 2040
6753 2659
5504 9833
7940 1431
7810 9049
1544 2362
8168 8465
14 5465
9988 8727
3634 4
8972 8524
7137 9042
6798 7132
4102 3937
7512 4754
7491 6946
5708 1238
6472 551
7927 8788
9361 793
9063 1099
7798 8643
470 2195
2479 3407
7497 3089
6541 4329
8308 3533
6459 6331
7098 2153
4524 754
7480 2218
9204 6565
866 8848
9869 2897
7464 9678
2833 3122
8686 982
7658 131
8523 2007
4317 433
8446 6333
9964 3930
4089 4101
5805 8215
5068 5441
5661 3066
7984 682
1893 8777
4851 5592
9016 3080
8346 625
8495 339
6947 3165
5229 1050
1743 2309
4141 8061
5313 9185
9314 8929
8292 6023
8624 5450
7003 3676
1698 6215
8096 5559
3702 9038
4040 5470
4171 7122
1276 1912
8118 250
1071 6467
7283 8461
1267 6787
5446 796
8295 4083
6714 2382
4280 1143
3710 2747
9210 2024
8835 6693
8178 9541
9979 7984
1072 2648
9023 5926
7275 96
6306 5567
3652 1466
7875 9625
2118 5322
6422 674
5108 7453
8122 9502
5441 429
6644 6910
3530 2757
3244 36
7813 1055
8289 4282
6418 676
8149 8063
4634 2471
8666 296
9450 8780
9765 7623
7278 8709
5731 648
7123 1107
139 5574
5581 1612
2070 9051
2565 6958
8648 1223
2559 7967
3513 2416
8629 4062
4047 5621
8887 1325
1040 4520
3695 7942
5192 375
9347 7725
7418 8495
8073 582
4722 2677
6499 497
4976 1510
7127 969
9578 1623
5100 642
6854 4337
6558 8396
9421 8815
4312 2927
8798 2042
9971 3360
5933 9247
7590 2047
7377 4643
4987 5051
540 382
7626 509
3262 1765
7917 572
9869 6875
602 6486
533 1282
750 2937
8408 9031
8435 3572
9596 486
7160 3338
4365 9964
7147 21
8933 3785
5837 769
8255 7662
894 3252
4830 4587
7175 9510
5442 8578
7165 1094
3355 4593
8039 6582
8566 8951
582 7711
8776 4480
172 3346
402 3170
1220 6512
1155 3902
7477 1710
1842 4231
4087 664
8370 7705
7540 2180
3257 9777
7239 1020
9447 6462
5325 4628
8160 7644
2944 7717
6647 1531
6933 1070
8560 2595
6884 131
5537 1257
4443 2267
6369 6483
9356 3059
9048 728
9043 384
6699 1699
8974 9675
6356 5646
7962 1858
3549 2584
5427 2293
105 6586
8911 2830
1096 5154
8245 9650
645 9159
8432 2194
6798 630
2369 588
8376 7775
356 9959
5190 3405
6107 4388
3376 2813
1164 1129
197 2997
7694 1675
9277 1467
2388 1217
9689 2989
939 5068
7684 9066
1661 8207
2795 1720
5271 2696
1107 8938
6730 3590
3412 4779
7838 3238
1522 6178
9983 8395
5912 9001
4529 374
9660 8793
8074 1644
4158 58
837 6080
3291 6480
4962 6119
7055 5079
3130 9415
6123 6151
2947 5129
9193 5013
6848 2391
9260 3462
6018 1412
5508 2622
8516 75
4935 3743
527 4727
4310 573
3587 8729
8035 6798
2635 5393
9696 8724
4174 4998
5483 4636
7829 9703
5032 5294
4617 2571
7110 8146
4019 2207
3819 7286
8575 3256
7458 7697
7651 2728
4717 6944
1675 6002
9331 6882
6491 3563
7645 9365
6629 3384
4696 1115
9466 4339
1575 1161
3678 1626
7683 9068
7347 9936
4716 455
7648 9784
1326 4248
69 4248
9226 2556
3119 472
7184 4810
7904 1344
6967 760
1128 4943
1082 1529
716 9428
2535 1998
904 5952
1493 80
9262 9654
8188 5160
8654 1283
404 6834
7146 9249
8343 1427
6362 9927
263 8521
3750 6732
1607 4653
1317 9918
7009 1143
2050 8377
3972 6552
563 9572
8581 1420
2229 2866
6961 2680
6509 2928
3138 2039
3708 3244
6305 1328
6796 4418
1127 1284
376 9229
4238 6792
1243 1724
9325 3307
3948 5641
2507 3754
3773 1853
9186 2739
245 757
7179 3410
6475 139
9642 9371
4720 2077
4702 7807
6185 5446
1407 2218
5376 2647
4343 7725
519 8580
7966 6763
6157 4035
3040 5543
7372 691
4562 5468
8384 7950
5128 9263
1575 2970
7427 5847
7014 1068
1786 5139
91 2024
964 9088
2380 7949
7018 4601
9120 4204
6976 6819
2292 8510
6468 787
2870 3791
3885 4034
9017 6262
7883 4118
4566 8304
9923 7007
5901 6194
9892 1049
1528 9696
1187 8234
8366 3039
1167 528
5563 2379
8665 3372
8446 295
165 8482
6938 3157
2553 1352
6652 9890
9240 570
8178 8882
9354 183
1624 9376
9064 1247
8642 5310
612 3923
806 9158
7266 3898
8891 538
9025 8760
7181 9717
4869 5960
4929 9946
2286 8304
1791 5967
5789 9986
2829 3484
9 8742
4784 2739
2421 657
381 1523
4606 2589
9738 9167
7715 8316
6768 9525
248 4413
4360 5422
2546 135
8694 1928
8258 723
1329 9705
8970 1603
6207 9573
8931 2923
8179 3962
3080 2176
5406 8806
2506 5553
120 678
8845 7880
8797 6900
6319 3785
8673 714
7936 2370
6212 1178
5753 1567
2119 6949
3471 2182
3986 2448
955 8309
8793 9266
5152 2366
5608 6289
7071 1173
4909 1821
4490 2246
5102 150
2553 6014
6580 563
8645 9224
6031 204
9190 307
138 9749
2849 9539
7062 1326
8960 2325
7220 9002
2956 7981
9243 1859
6268 6340
8637 1900
7765 2794
5822 7422
7975 8611
5554 926
7002 8370
6426 9751
3514 516
7164 7910
6739 7358
1464 5984
7090 6798
3679 8991
3587 7596
8947 6713
6393 9201
8734 1730
914 7094
1450 3016
4881 2266
9286 7018
8978 8888
3995 7097
6236 3740
4193 7347
9520 5155
4820 7359
7848 1349
5504 300
1307 1813
8718 7621
8596 7924
5797 9970
5662 2692
5276 1833
4050 2315
8815 2077
8616 8921
4291 8299
7450 1461
6652 7488
9908 3816
6377 5010
183 3366
4778 9856
9789 9988
8376 1073
7305 7759
5527 2624
1367 5367
9475 3790
7132 1766
7616 9872
5627 2418
4590 3770
7284 9627
305 4087
327 2448
2771 2160
8257 3717
1952 1977
4850 4074
3362 9166
9379 9307
7709 6774
7759 9484
9090 573
5946 1044
5296 8855
7164 1955
2624 7824
7481 499
2953 43
8762 4648
6053 9328
9972 3935
3083 5256
6436 9803
7295 3234
2067 3104
4452 106
2777 8224
8122 5492
4407 8994
1884 9404
7610 7266
8982 9913
7173 95
6511 7969
1172 6165
9587 3836
4377 9502
5554 353
1947 648
2748 1228
6054 2396
1520 2009
4296 4409
4519 7227
8146 8450
5993 5949
4205 8348
9039 2431
9169 1494
5109 8754
5864 6966
7273 3573
5058 5819
5721 1819
1181 6227
3416 6323
7762 2309
2563 3783
2993 8700
7885 1333
9583 2158
9866 7699
9248 5700
7212 6573
8242 1835
7579 2574
1853 8732
8538 5131
8335 9647
651 1200
9868 4892
4517 4920
120 9148
378 367
6114 3304
4529 1632
4824 3615
8798 9758
2255 7701
397 4294
5950 3726
6482 4224
8340 8571
7143 9339
7508 8943
560 4177
5478 4935
8768 5426
8822 3182
2867 5725
3683 3804
6706 4095
8664 5225
4652 9264
6889 2261
9117 2461
2640 6436
8023 3916
8683 8621
5914 2962
7075 9855
9162 5623
1469 9105
9900 1122
1511 1639
2280 9814
8102 9142
9303 3877
9347 11
6931 663
8665 2314
6392 9919
2862 8777
8291 6453
9865 1550
1889 3023
9241 9536
5530 4261
5920 6173
6449 3893
8719 3718
656 8192
7995 6396
2463 7432
4979 3111
7593 2331
4054 4604
4449 2802
8997 3927
9154 1287
7029 2783
3628 7879
5449 5248
2774 4849
5428 8837
187 1418
8574 2554
779 2641
9735 1045
7451 3271
7652 2129
3207 1591
485 5398
1495 4803
5181 2320
8672 7146
870 4485
6267 3112
6893 770
5209 8919
8827 9536
2372 767
4294 9522
1157 8986
903 173
7853 8512
8955 5111
7576 7480
1862 8100
8792 5907
5980 6968
9867 2260
5726 4577
3329 6517
5719 1679
