6412 2280
1177 5000
3068 9487
7503 8291
1014 9323
6727 342
7972 2210
5516 9434
9982 381
7268 4717
7603 5610
5762 1618
5658 743
5880 1610
2049 3738
5315 8891
9981 129
7719 5412
7972 116
6913 5019
7416 8120
6989 7638
5835 1314
8347 1081
4937 2299
9205 7491
2734 435
1694 3173
7428 6818
6998 4461
6185 9691
942 127
9962 7
7363 5233
3585 6055
7471 2026
9051 5339
5250 1419
5802 4147
3308 7998
1148 9393
2467 9862
1029 9176
8650 830
440 5334
9439 7406
1811 3406
958 8972
9842 7796
3361 52
8272 9780
7018 7305
1908 5590
1706 6916
7841 2274
1683 633
3590 9674
5477 4248
5792 4260
5599 2633
8734 8678
5840 215
7190 2020
6099 2690
2224 2039
4927 254
204 5135
1551 1007
3038 4587
4896 9980
7127 9139
1729 9272
8978 5713
7432 1638
4273 8396
4030 9578
8140 412
6528 4794
3655 3773
6802 604
9476 104
8679 9622
7647 1827
9386 8023
8274 9802
9972 7595
8607 6601
5778 7227
715 977
9078 9075
6567 7732
8054 6802
8451 1779
7271 8644
2168 4722
3232 1554
4847 9175
7721 8291
6164 1089
6100 3548
5713 8243
530 6049
2485 1661
7044 7145
5338 9348
7459 2140
8244 9765
7562 5121
8436 8803
5393 5793
7601 2754
9021 8818
8315 785
8370 455
1890 1078
2221 540
7506 5225
1208 7545
9599 7074
5976 5970
270 2832
8433 22
5745 8697
7788 7311
5391 2463
4343 322
8937 9211
7165 4824
6752 6312
5313 7467
3785 179
3410 4174
1944 2194
6969 424
8770 6037
7490 9989
1223 5472
1060 6762
2446 8075
3551 3251
6178 1507
8141 4967
7313 7030
7449 7714
6486 9064
2067 2916
604 2811
1541 1000
993 2772
2875 200
7763 3825
2775 6120
64 1634
42 3718
576 1028
8812 4884
2376 409
674 776
6975 9227
7777 1513
5283 8253
5421 6762
5728 5979
4541 2511
254 8417
6841 7728
1353 8425
7900 6809
8670 9616
4231 9789
6261 5840
3446 6072
5017 8074
2969 5101
8785 413
1014 9754
9323 9622
5596 8806
6729 6704
5455 4400
9808 1414
6599 9892
5880 8866
93 4046
9441 3728
6770 4648
5218 4694
6620 7821
440 1237
8849 2132
6859 1458
1164 1682
2096 1104
2424 8517
4375 1157
7268 924
2736 5485
3264 9433
8141 2166
1002 7254
7636 2259
1421 4348
8039 9474
7998 7221
7292 8493
4512 8566
5050 922
6909 1930
4234 4537
3096 9476
8630 7434
2622 517
3199 6307
9210 4631
7391 2613
6765 4811
496 742
6684 1439
1415 2180
4812 6764
7770 7075
8297 7266
5585 9460
7662 7658
415 4316
9287 97
9963 1054
5940 5572
2819 3174
3112 1175
8921 6949
2292 2196
2301 2839
8013 9843
9416 3401
4345 1906
4887 7293
7061 994
9926 3997
875 1569
9047 3763
9590 664
154 3615
5135 2147
7970 2647
5449 9513
6200 9561
7138 3428
8402 3244
1344 7911
2639 7794
8187 7865
1752 7556
7012 8987
8328 7495
8528 3176
5146 62
8738 8009
9337 9766
9060 8963
7640 8756
9163 1098
8441 9070
6510 6353
9818 9666
4626 6075
2567 2269
8347 9822
437 9434
1266 1408
6683 7183
651 3881
4840 9158
2843 2209
5448 4053
7744 1386
4288 50
6726 9890
2537 8109
8146 7064
6315 7695
6065 4402
4825 4046
1385 9739
1689 1074
7166 4160
5570 9649
8307 8823
1268 9568
1419 4633
1747 9682
8015 1332
2107 6547
265 4316
7639 9568
4928 6776
7553 1050
4987 3447
8403 3026
9368 4086
8961 6966
5447 5354
8896 8822
4433 3391
8412 2967
6248 3166
4646 4703
139 9437
4030 9953
9078 7114
4674 978
8569 7502
3433 9999
3839 9189
2794 9863
8384 137
4913 9747
6443 2888
3155 685
2485 2468
7016 2786
327 1392
7804 2078
6497 9360
6749 47
9098 3951
7410 6617
8266 6947
7421 2691
294 4598
7642 4910
5555 4532
8777 4246
2798 7515
1736 5439
2840 8909
5941 3521
7407 9064
7275 2349
4897 4797
345 5704
5138 1247
2058 13
5799 2390
4657 3274
1584 8315
6896 7541
7698 9886
580 3248
5534 3812
984 5961
4806 3110
635 5026
85 272
6825 8276
167 985
818 2932
808 4279
7718 2108
3087 2611
7677 1438
7390 1116
2517 7450
8586 1780
3363 825
7342 7986
6177 3374
1374 8869
1727 4706
156 2524
7235 7630
960 9674
9591 3177
5640 9032
7208 2020
9024 4378
2266 9566
4815 8806
7037 8554
9175 6762
7656 9349
9517 9909
3566 8481
8550 4458
4786 5072
6202 8283
8177 7516
7053 541
1600 9747
7851 5625
2105 7784
2071 701
6211 9005
7671 590
3076 5211
4598 9343
9176 6438
184 8463
9728 4062
1435 8568
9814 5828
6765 6796
7009 66
8100 9604
3701 545
7616 780
9143 1049
8624 7660
9895 1816
386 2711
6000 9558
4972 1159
5552 4852
5085 8355
1556 4814
8759 9690
7317 8333
7181 9455
6052 70
9448 6236
5913 9037
6452 9431
8480 597
5692 932
6066 2979
6123 4416
9377 9595
1853 1515
5804 3653
5597 6292
9214 1989
5467 1344
6027 3661
4865 8329
5788 7437
8622 802
5944 1677
8740 1023
5058 9955
8707 8839
9694 118
886 4816
548 5086
7569 388
9737 5449
9414 5927
6855 2213
7672 8659
2695 7171
8705 283
8292 639
7169 719
6018 2278
2830 5940
7915 6250
57 3020
5124 1921
5798 288
9702 6744
4852 5254
9812 496
3033 642
5355 9108
9202 1475
6847 9685
9018 8219
4905 1589
9926 1277
6813 158
4895 3381
7656 4984
4508 1809
252 1924
4436 2049
6371 3690
3670 8294
7671 2605
9355 377
3710 373
4152 3458
4879 9385
102 560
3523 632
1935 6125
5953 180
2227 375
4975 6914
2148 756
8259 1090
1381 9251
7147 9056
7334 8208
9727 4162
6471 3260
7317 6435
8390 6534
9749 3283
4823 2292
8677 8024
2363 6544
210 1117
2378 7081
7320 1521
9708 9783
9668 1345
5917 8228
5610 3461
8337 1130
8058 4604
2706 2867
4680 9454
996 4956
5840 7980
8583 1572
6290 9348
7055 5130
9350 927
8220 357
5000 4067
4609 6397
7870 3213
7359 5132
8711 8524
6938 4550
1849 2629
5746 4122
6494 1163
6070 4362
2551 606
9934 1248
4535 8784
1815 2901
4150 5824
398 8770
2869 1037
6038 9110
8657 1355
5125 2498
887 7506
1989 3547
7567 974
4302 3742
5982 6176
4534 4250
125 7192
8892 3737
441 9792
5423 821
5075 2618
184 8675
8347 4059
99 2035
2360 3123
2263 9835
7290 2098
9878 426
1972 9622
9192 6631
5594 330
9393 4369
1665 2826
4726 6936
9045 8912
4902 9084
8073 2363
9464 8895
9762 8180
4954 2220
8990 5943
3454 513
9034 8264
2023 31
3674 8329
8395 8542
351 463
7927 3449
4563 3917
8627 9459
4595 9053
9271 1653
7856 9661
4330 2519
4683 3015
4387 4185
5509 9918
8083 7116
9542 426
2222 4419
9372 1555
5846 2635
2787 6262
4524 928
5436 3145
6740 3751
7598 1710
7699 1842
1310 7836
5023 7293
7884 3501
1916 1724
4582 6387
9262 6011
3513 2237
7308 6837
6055 2112
9265 1851
7766 5436
1486 1129
8064 8922
6630 2428
9655 2680
9264 2938
2749 3274
6153 3028
9248 7954
3537 1260
5997 3540
9070 3603
4742 2152
8045 8764
6236 8022
4566 1288
9204 3310
4618 2238
3276 702
9249 2643
8766 7779
6719 8786
6562 6062
5074 9693
2404 5059
5623 7391
2048 9067
3603 6960
2259 2871
543 5704
5770 4557
1884 370
9542 9433
2932 4168
2677 6
2814 8871
1206 126
4379 5231
4295 542
7403 9130
7715 240
2177 5546
8159 5766
306 6406
6362 1062
6681 6557
6463 4757
916 9569
9523 9805
1353 5671
8147 3963
5685 3937
6381 4989
4041 2445
115 22
5636 7873
5423 935
8240 9523
8846 6035
9956 8273
5120 345
7152 8743
7540 5770
1405 9100
6963 8727
565 5676
3123 3573
7056 9449
3957 9019
8512 7214
121 8674
5833 811
5505 2815
7069 1282
7653 2385
632 518
592 8704
1908 3951
7107 5186
6978 7930
3017 7993
7483 9643
2618 31
7510 1783
7239 9691
7975 3689
6887 4773
9086 782
1330 3570
5335 7894
8671 948
6275 9535
4605 3295
5736 7536
6339 516
8589 97
5989 3372
1910 6481
1542 2787
5910 4948
6387 8894
2896 8992
3539 6883
2105 951
4495 7071
241 731
9113 1679
9611 6502
6907 1238
6721 9184
5393 2299
5723 8361
6956 2033
6428 4766
9226 1821
9849 637
7966 2161
4607 343
9438 4337
1695 908
2216 4286
7006 7488
4189 1380
2778 1285
9015 1615
9831 3895
8780 6587
6242 4882
8405 9270
7019 6645
9729 1223
9273 9494
7653 6144
1969 779
7651 8435
5251 507
1354 6333
6303 9034
5208 6998
7675 7480
3442 7758
8402 8748
8359 1696
3676 2412
7418 8986
3936 4703
4656 9230
9945 6746
121 1479
7005 2666
7250 8212
1784 9485
1145 1276
5379 9710
4234 7816
4059 9770
3310 4282
1758 3053
8838 1851
6517 6905
3415 1711
8646 189
6503 1079
2339 8962
4377 3785
9537 5846
8322 8961
5630 5800
226 984
3017 7973
7060 2201
283 9740
6459 1194
1252 8177
3287 371
2569 234
7468 8676
9883 8590
1943 9900
3769 7433
6167 2599
2060 8844
913 1397
5572 9363
1095 2865
2717 2060
4796 856
3254 9992
358 7038
8586 3800
7568 8655
5368 3153
9899 8081
8386 1002
9693 1008
9592 6734
9618 6872
5875 9787
5592 9844
4214 8206
6258 1940
6098 8892
7773 8242
846 9457
5946 9438
5725 1971
4309 3110
1217 1636
3182 7241
9701 81
5270 1018
9427 1418
8450 1781
9143 6583
5403 9769
8990 7280
9675 8286
7840 9850
4570 5895
305 4092
9323 9295
3904 3447
4120 7501
8592 9606
5098 6401
4515 1650
2531 90
3465 4015
4105 9974
1267 4215
5752 2989
1289 856
7216 466
7831 1785
8646 277
9426 2863
3958 8234
7198 2632
6439 365
6916 3328
7978 8256
6643 8008
4091 9437
6784 6964
4943 2972
8112 3726
9709 2519
4770 5115
2473 8491
9690 699
1673 1497
4582 2849
3436 6589
6623 3605
7105 4511
275 8548
2284 5708
8029 8279
9767 5879
7912 8288
9014 308
6963 2068
7476 8889
5924 570
7930 3583
9152 7417
6502 583
2561 7943
7904 9717
9471 8073
4411 2944
7898 777
1196 2568
8705 3615
7551 144
9439 721
1581 2824
9770 6419
4237 6965
7497 8166
3989 1530
9025 35
5147 5874
2365 8647
7715 926
921 6277
296 9114
7242 9718
7458 74
8231 9186
5520 350
9891 4206
8015 1568
5243 2436
8449 6784
439 4180
4522 430
8071 7592
2783 241
4123 6691
9333 8530
7608 8276
9846 3538
6427 6285
9573 6003
9432 780
9126 2165
1894 380
4639 6585
7692 7573
8469 5544
6044 9637
5710 2967
2410 7212
21 1545
9135 8522
5554 8992
7098 3572
8040 182
9112 1485
9216 4840
5077 5769
4585 5832
3779 893
8963 458
33 7153
7444 5233
4631 1145
1287 6738
1125 3558
8662 5835
5844 549
5364 2801
544 5089
9354 6099
2150 9709
8441 4820
5835 5046
6903 2821
860 4199
6987 7101
1974 772
4371 3670
702 7554
1664 2532
3395 8873
8545 6948
4662 4227
5087 435
290 2361
3217 4256
2056 3141
2182 3137
5807 3384
7428 8950
7830 8930
6382 237
8935 3239
1309 1378
6783 2732
7436 1491
6860 1295
4491 36
2145 2553
4415 5410
5668 192
4770 3508
5239 8682
3292 1145
3224 4165
5736 5552
5890 1409
9310 4814
298 328
274 3534
3311 5072
817 3553
4858 3333
6619 1591
643 6555
9075 8071
6303 7770
6856 4801
5641 6833
9557 3006
1804 3176
4493 6740
5218 234
8707 2427
9279 6116
2180 3612
9213 694
9795 30
8081 1363
1465 1271
5617 3628
966 1029
3998 2223
1545 6978
6615 2092
6639 8227
6983 9986
4211 6653
6 89
9978 761
5357 3524
82 6351
613 6216
2220 5840
5019 2253
9028 7859
5043 9929
3643 4102
3256 395
6967 7768
7861 4189
7438 3189
8571 4056
1658 1270
7286 5162
1030 2195
3116 3739
7569 1923
2172 9569
8143 1292
6081 2548
8120 5738
5089 604
4494 7634
7359 6399
412 7636
7694 5486
8161 2099
8269 1144
1915 6156
5108 4903
3594 7871
6451 5766
4894 5883
8079 8302
6948 1617
401 9469
3294 9272
9763 1995
9971 1795
8476 9960
812 1082
8166 3238
8368 9200
5795 2055
4366 2092
7513 5159
7960 4158
8194 3342
6135 8396
2721 6871
7261 9404
9625 5709
8318 7429
4706 1230
7488 9043
6639 4896
5580 6452
3090 9599
5217 1116
7918 5594
1252 2643
98 6820
9023 5496
8532 1243
15 226
6482 109
1836 3193
4861 5431
3125 701
5627 8985
4144 9167
6866 9647
9273 8766
1928 9993
2037 4387
2916 828
7127 6160
5260 8266
1729 1009
205 2057
720 5275
6349 9621
1506 8170
9308 2200
5177 4741
7718 5023
6319 1233
8223 8579
2061 435
8243 8557
9230 3183
6544 2254
7228 3066
5980 6004
7277 9078
3919 7076
9798 7432
8201 5298
2716 222
8883 1311
4473 7784
6327 4247
5961 9782
1735 8528
8755 5146
702 7190
7694 1903
8351 5587
6275 3827
9709 6084
6561 1826
7498 3950
9258 635
7199 505
724 6161
9554 1042
9918 9052
2218 8245
900 6243
2094 9341
2072 1180
6354 9196
2731 6106
5023 6358
9152 6925
5616 9761
9318 2756
9 3798
4775 3488
4565 5930
377 5914
7262 309
5678 8774
7491 8354
4301 78
7566 311
9755 9267
1386 9497
6481 1815
6733 2933
7599 2968
7827 1743
1356 6356
6377 302
8733 3162
2363 7529
3924 8843
7857 9764
6557 9394
1536 8394
8609 1671
4707 7568
4754 8546
4349 9809
5075 4022
6534 8852
3535 7755
5509 9467
172 3014
1952 1663
6563 6700
7156 2110
4478 999
7867 3254
3407 2587
5450 1726
1238 5819
8078 8428
1088 4074
6896 4141
7325 2943
6215 3105
4754 2781
7725 7263
1112 1398
3293 8464
3971 8150
1152 9464
8050 4021
5215 9528
3488 188
2871 8591
9695 230
8114 5848
6961 9841
7314 6990
2988 7306
6731 7429
8985 2434
3815 2654
8732 1467
1315 8151
6933 4674
5069 964
4453 2681
3610 1732
5807 4047
7888 1870
7627 1420
5494 7873
1643 8711
4089 9170
2173 2295
7624 9115
2126 988
6615 2127
2865 9284
8487 8321
3329 671
4771 5857
3581 1646
5603 991
784 7445
8790 896
4273 2956
958 1739
4871 2353
6817 2346
5370 7061
47 9137
2016 3601
3638 6911
9441 3831
6963 2436
9658 1321
4597 3583
740 9594
8886 3959
9424 516
7603 932
6606 4535
9113 9254
5619 2144
9420 631
309 8626
2873 1838
9380 9491
2817 8322
3973 6878
877 9312
1190 1815
1729 5507
9728 6381
246 4112
6157 8356
845 1402
9976 5845
8905 157
800 2828
8401 6173
6517 5895
4227 9884
5801 8285
5628 2615
4007 841
9891 3527
4775 6985
9057 3710
9742 4716
4921 9025
9775 2269
9305 3811
6901 874
2337 3762
8583 7173
4087 5946
7721 3502
4779 9291
3757 7617
7369 984
7106 3234
609 7560
9483 9717
2791 3708
7339 9708
1580 1460
586 6758
7376 4671
5854 3959
9486 3985
6784 9985
8141 4101
4548 3514
1845 4216
7805 3923
8016 5418
8285 4231
7752 2190
2833 155
8555 9604
438 1504
6632 8697
3727 7049
9911 8828
8211 8338
1598 7614
2005 8267
5163 1543
7646 1512
4823 8305
7231 2990
9664 298
703 5571
477 1881
5898 456
2016 1981
2406 9077
4862 4705
7830 8624
7401 5063
753 9894
4152 9304
3997 1819
1152 9002
1220 4298
3894 6650
104 5140
267 9893
6664 9501
7951 175
8718 7895
9386 6188
6025 6661
2651 3143
5201 1933
8806 1448
4209 6783
3672 1245
7323 6060
6657 5827
9374 4794
4037 2017
6074 3440
4553 850
2607 9079
8520 4882
2073 7079
6148 2422
2352 2064
7479 3576
8076 268
8515 9126
6186 2799
6819 8490
2892 2050
993 9457
9424 3460
635 6222
5865 5638
5956 7971
4625 9334
2387 2408
833 2939
909 3572
4468 9536
4133 8234
2792 4937
9723 1806
3464 6827
2740 2303
2148 3294
5893 983
7136 7909
556 43
3811 2935
7504 2563
9585 1054
3388 8085
59 9710
9049 1345
6483 3593
6574 8141
8091 818
1830 1528
7765 1965
8916 9797
7660 3340
8156 7714
3993 94
5714 2858
403 5174
9404 5944
5664 8864
3399 4990
196 9427
1285 952
103 2029
6960 9157
8605 3640
6988 3477
592 4408
5740 6415
7288 9187
1312 2253
3456 2347
5986 1982
6944 8367
8054 4826
6185 98
8778 4857
5849 4084
1474 2967
8496 8405
7498 8745
5051 4040
3357 9930
7125 8154
1091 4068
8946 1322
5253 1551
4034 1169
7023 9275
3921 6216
2407 6783
6044 323
9536 7280
4142 293
6313 3931
1314 2312
4028 9432
7132 9748
7770 9739
9963 1467
2197 2372
5944 9253
2791 3897
9382 4719
7749 1430
5612 972
2345 3438
9154 1450
6574 9541
5156 9853
4865 5625
7244 9292
5954 7209
1648 2399
9770 7990
7429 1546
3925 1854
40 6751
6953 9430
9323 2840
9090 3621
3289 740
875 6798
4460 3217
9568 9023
5314 9773
7128 7252
4455 8471
8279 6596
3964 2226
9079 1024
9337 8867
1238 8543
5117 7507
3665 358
9427 8940
8035 85
9861 4851
892 8171
3723 973
4639 7770
9174 2609
7884 6713
7543 1050
1484 4110
4352 8994
7650 624
9012 1500
189 7381
6445 2849
6624 8184
5096 6409
4151 2560
9706 9909
6232 8519
7721 2346
7610 1346
6881 3043
7347 9603
975 45
3516 3896
7789 8788
8147 8353
6332 1264
4947 9826
692 372
1405 5677
5598 8889
1267 3757
7735 3834
5661 6056
1785 1059
2318 2233
3160 9193
9258 3846
5173 8718
8292 9880
6804 4843
710 2649
7859 1138
5818 3271
7804 7209
1321 2802
5767 9578
6778 2612
7297 2008
9614 2582
408 1120
2513 3352
73 492
5308 3407
5070 5830
4763 7628
2182 5058
7705 7882
1696 1000
1603 543
1795 5143
8768 8016
9730 4083
4906 5992
7574 1885
6573 9539
3187 3417
3827 5175
1690 5391
4907 9865
1059 829
688 8470
2345 6225
243 7296
4397 8451
7194 9513
4387 4465
8282 9820
862 5998
649 9826
2900 67
6254 9534
9924 9523
7280 1909
8464 304
9001 6250
4018 7794
9327 4056
3127 4962
472 9762
2828 2005
7226 9787
7041 1785
6329 1957
6890 5179
6332 5409
4293 3159
7181 9672
4862 6922
7647 4712
6724 9433
7355 1980
4642 6281
8865 8698
9448 6538
3979 5299
3957 9561
6795 2259
4622 1878
6014 3271
1074 9807
4023 795
7794 2408
7029 2196
5664 1580
6875 826
9039 224
7467 3447
5044 5515
2622 5562
6656 1282
194 196
991 9665
394 7460
1592 7819
3343 3781
6691 1419
8052 430
5433 3755
7382 8363
7238 3623
9585 4714
9977 2880
4517 2327
3879 1024
9029 1729
6609 4360
8800 2723
3005 1134
1812 4008
2962 6276
4509 4574
3969 2723
3658 4179
4723 2059
1956 2331
6264 5381
4201 3640
8356 3442
7303 7787
8325 4128
5489 8916
9365 7842
7192 1045
9314 2921
1040 387
5664 5506
497 3257
655 1857
7901 804
7829 1602
8057 2363
5624 6867
9840 4958
7790 3187
989 8908
8499 6356
3199 3843
8543 9697
8301 2207
7346 672
4730 2425
7943 6520
182 742
7331 9439
8405 9848
6813 7118
8480 9762
6797 6207
7237 9926
1922 9791
7762 3740
9360 7187
9914 3051
6783 9691
4891 6062
9449 1379
8532 2876
4082 3943
9208 1698
1593 9709
5906 2778
9818 989
8607 3171
5469 647
3356 397
7715 1835
9081 2910
5409 861
665 9969
7565 5539
505 4504
7718 119
4770 6652
7717 6576
7027 1928
1971 2319
4939 5972
5781 1034
2147 8143
6632 9019
6495 6124
2501 9165
3900 4181
78 616
7817 2125
6465 9781
6929 3383
5783 1839
7217 4015
9669 4634
7221 6008
690 96
84 1455
7196 9361
7147 8422
6055 2568
6774 40
1653 3154
7651 9618
869 2700
9122 2178
1580 6058
5557 3230
6124 6346
5717 3713
5538 3253
4849 9187
4527 7824
7975 1348
1240 4948
2169 1061
3855 3984
7162 2902
1622 9330
2290 75
6895 2149
4202 2370
9721 9245
1677 7316
2625 1462
9100 7622
7002 9221
7797 3125
3982 2753
9696 1990
5517 7758
12 2853
3871 3825
8998 8778
7899 8541
6982 733
7455 7710
7890 6506
4289 8130
168 8204
2898 3026
4002 1126
6633 3208
7844 468
7513 863
5526 6085
5728 7123
1524 4347
8737 865
9028 9416
1661 1957
5645 9605
8646 9234
3398 724
9143 3624
1108 432
6235 7606
7278 443
6876 1366
9935 5632
3388 9346
9343 4179
4182 841
3752 4146
4732 8978
6162 1321
9333 3088
3492 9668
7891 5746
7011 2844
9630 9727
4646 1735
4724 226
7124 2083
8742 813
4163 9580
9724 9016
4756 6976
2902 9201
5042 8501
9450 7437
6081 9739
7828 4944
6976 1695
6352 7875
6333 3395
7008 6459
4403 6564
5389 4529
2243 8454
1345 4680
5737 2094
346 8731
9667 9771
9344 6637
5855 8502
1498 492
2794 191
9524 9313
7334 4413
6506 6742
1814 319
9541 9402
6202 509
6850 9175
6564 6603
6765 6593
8552 1834
7415 3062
9163 9944
8555 3300
7109 9026
4122 9152
7215 2857
8920 9994
5059 3054
7301 1877
6587 1073
6793 275
222 9719
6034 3341
419 2011
3141 47
7700 9058
1218 6831
2710 3207
5820 528
6895 3297
6207 7469
2493 850
9166 7632
7946 869
7432 4669
5876 8803
2160 9191
7931 9340
9410 8666
5321 9712
7639 2523
5738 8954
7840 69
6869 8240
3745 8540
6178 7977
130 1778
6736 8241
5543 4842
5337 1476
3845 1164
9647 5209
8373 8238
8282 6393
8056 983
4622 1615
7455 2334
9101 983
4526 595
6042 2661
187 9343
6594 8278
3868 9225
903 9024
6382 8507
8467 818
6522 7880
4157 6475
5088 3372
6881 2040
9580 172
4206 9256
7370 1301
9574 7825
8371 6978
9647 2189
6040 498
6904 3721
9675 530
1986 9824
4591 5023
7035 4735
2358 3661
4068 7090
1054 2646
3429 3656
9990 577
6832 6074
5016 714
3148 4316
4849 4478
6145 9344
4311 5211
4411 7284
7159 7078
5957 1007
8008 3268
4770 1331
6122 6300
9350 4022
8587 2800
7309 2857
7971 3242
8435 9204
6430 4466
6058 1705
6284 885
6208 7391
1179 380
7977 9408
9273 625
1795 2720
5691 2707
460 177
2254 4582
4273 4559
231 8081
1402 6437
8186 8620
5271 9817
6729 7134
6159 8150
3438 2302
461 1569
4312 8199
8550 9692
100 2386
4925 4197
588 2289
8866 6816
6569 9338
4519 248
5772 1180
7431 4643
1103 2856
538 7922
6319 8152
7961 3038
6409 1135
7974 842
5433 2546
2815 8051
6289 8129
9297 8929
39 1184
8391 1130
5837 7739
6029 9221
5758 1030
4644 8478
5099 9467
7086 2896
3781 1198
2522 1354
8233 9625
6504 3479
3739 2220
9869 8983
8046 5454
6863 379
651 6415
6986 7954
7276 8510
3141 5425
8009 8052
549 2202
3766 6825
1961 9809
8747 4045
9121 1928
9442 7496
620 9028
6060 9194
6020 719
5972 4126
7414 7060
2135 3321
2232 8623
6971 1880
2498 191
6077 6213
9633 7184
1152 3646
7995 631
5989 9520
3157 5382
1604 7864
4259 9300
5219 1794
7162 9297
3701 4313
5586 5608
8606 9717
2293 474
6808 7901
9344 2592
5787 3648
8308 6612
9837 7714
1528 3645
7076 9149
6620 3765
8666 7717
7347 7742
