1244 624
1091 9650
7978 2132
8041 1514
9944 7058
9074 3383
5670 8733
3927 208
6739 9621
766 4382
6494 485
7712 5023
5060 1081
5010 8808
992 8337
7886 3976
6091 9256
844 6144
1525 1517
9410 7739
6881 3410
6717 5782
6725 2488
1112 2925
7368 7549
8923 6983
2772 5301
7937 1061
1528 9521
8022 4403
7357 2292
719 9611
8557 6404
9340 8619
6698 3001
5520 256
7861 1416
4496 1919
8422 437
8677 8949
5581 8228
6574 4771
1690 9704
4025 5308
249 1481
3701 4918
9221 3127
2986 7947
8427 1576
7360 7707
6640 7912
4635 6521
755 4443
6460 2203
229 7631
3787 2110
5807 9451
7432 2973
5101 20
2526 3272
1478 4020
2131 1955
9913 8759
3484 3240
2807 926
2128 9534
9040 3846
8013 1828
5963 7870
5487 6629
8975 6754
8747 9636
4017 2055
5212 9548
6690 4857
6861 7299
8549 8983
6871 4603
3336 1168
1130 461
14 7045
4889 263
8255 9704
8730 3926
5803 9350
249 3951
9006 9873
8690 9753
7234 9278
7743 8338
3952 1493
4138 866
4152 5868
1367 5863
2140 7656
7514 1195
6795 4334
3875 8485
1062 1965
628 2527
4818 72
6710 4146
9438 1402
9671 1753
5012 4138
3682 2019
6001 7478
7325 8327
8944 9911
3044 721
8499 9789
2409 8203
1981 9037
5486 1411
4024 39
612 1513
5499 6570
692 7894
2387 8156
4804 3713
2233 2585
5045 4679
7510 9252
4420 160
7613 5100
8209 9146
5966 1876
5406 4168
8794 2373
1729 7904
12 1467
6671 6508
4374 9326
2841 4696
6082 7541
4510 5809
9697 8827
9279 437
6376 2246
5186 3319
9885 661
6839 3733
7335 9678
2492 9359
4499 960
7580 735
7761 1384
1824 2255
9096 9891
4630 8061
1822 1162
8722 2065
6416 2174
7077 608
195 3286
5625 2993
3312 4704
4196 1569
5805 8064
8771 2860
8332 1766
5629 8741
9019 5298
4971 9414
8258 1035
8618 295
9801 86
3499 8443
4083 2981
3695 5874
5699 2016
4524 9368
8490 9420
2871 2952
7512 8506
3574 9376
581 9342
1478 4111
4454 2484
7636 8312
134 9147
9371 9928
7996 4274
3494 1804
9240 6735
6658 1805
7968 47
8889 6922
1815 2834
3649 222
8970 3060
103 8526
9275 4455
914 1013
4427 5778
7392 8868
8933 670
8835 247
6208 679
3040 6980
3222 2261
7310 6848
8401 1977
7167 6799
2757 7939
2230 960
5296 9200
7895 8935
212 453
9326 3229
2262 4555
5301 6282
9313 4315
5120 1777
355 6481
4375 9356
5999 3816
1290 1133
6124 9180
5239 9052
9172 7987
6403 7432
3914 3139
1318 8025
262 8769
6457 3467
9066 1297
5011 2256
4377 398
2553 1068
8466 9294
6591 56
9237 3924
4082 1038
8340 6531
7785 9835
7231 5197
8466 2060
2237 50
8683 2174
8520 2067
1766 5505
9730 8673
4645 9229
2264 6950
1776 2400
500 1484
5410 5914
3083 7541
5865 1210
8563 9469
8367 1946
9935 3156
1244 7536
743 9994
9658 1041
366 9253
7670 4498
3417 1909
6199 8819
9722 2374
6631 5066
3228 8166
8216 2536
7185 9673
853 331
2948 1058
957 9922
1255 985
442 2045
5722 3268
73 979
9940 6653
3978 1200
8994 2579
4122 9323
9784 3229
8867 8661
6982 6289
9894 2871
7588 8350
2224 6602
218 5166
8208 3368
399 897
6538 9057
2904 4231
8399 46
7201 2576
6978 3816
6552 5959
5710 1671
7723 7841
4677 4534
5466 9978
1313 4736
5522 6495
6682 9946
8313 1147
5367 6966
5964 2383
8003 432
1980 4943
9674 9382
9135 9333
4830 8689
828 1252
5020 2699
8853 9620
6596 200
6890 7508
9280 4997
5671 3828
575 2914
5487 709
7877 5697
6569 6784
6118 5716
8307 3444
436 6282
7425 469
6057 9870
5736 2087
2437 2764
7422 2120
7943 3549
7007 1124
6022 1812
9694 8779
5951 8433
6853 9962
6285 1893
7446 6126
1479 1110
7884 2187
8669 9287
4526 2140
8404 7326
9228 9659
4454 5827
549 1212
5950 3485
7632 2465
1338 734
5094 7292
5519 1577
4708 2152
9367 6857
9118 2180
1720 1415
2692 3268
8798 140
2000 1469
7120 8598
3946 9535
3065 9786
8073 9418
5461 9192
5889 8470
9608 9139
7297 273
2938 4088
6692 428
9509 3391
9121 1180
2320 8361
7081 999
766 1164
265 504
8145 1278
4664 1161
4925 9338
4401 7203
7284 460
3889 9422
805 9615
5489 1279
2768 243
8540 1785
7594 9783
9695 1693
4659 5260
9133 4141
4987 1827
9249 3678
3411 2456
7876 9474
1726 6439
9856 9231
5825 2554
3304 2967
3861 8254
9021 781
7434 7408
9044 1179
5914 8718
2982 2315
3681 1907
3015 2083
6314 2538
4798 6479
8887 1906
7163 1580
8494 7164
8781 8160
8237 9982
913 6048
5754 1159
4989 3162
1122 8373
4286 1055
5950 4368
631 5023
4351 3665
7455 5930
5358 2098
6838 9754
7239 1696
4275 3297
5964 6603
2720 2700
4869 100
9223 3409
5839 9869
9973 4252
3122 5834
2103 6380
9029 2088
4936 8268
985 9922
8735 7877
5909 7871
6448 2407
4018 2221
6863 8098
9190 7410
9125 9087
9313 656
7333 5545
825 7201
2510 8847
5091 2935
6849 2579
5700 8083
9551 2061
3997 9574
3633 3519
4785 1696
9332 2102
799 6919
4930 1031
7723 8030
5935 1569
7747 9857
8895 5669
6645 8037
3661 4376
4493 4269
7318 2998
4855 2406
4880 8061
9511 8726
5541 2739
6929 598
4584 2177
1846 972
3492 1570
7515 5799
4057 7880
5299 9743
7034 4299
4583 7437
7729 3140
2791 7242
7413 1034
8327 4752
6469 1265
899 2646
9151 8167
9326 620
1508 1564
5389 3341
2534 9953
5211 482
2139 4319
9506 3970
3298 9302
9216 2002
9395 6434
6191 6854
7795 5686
7874 7785
6541 5920
4937 1675
448 7855
9544 7236
8572 7040
6544 2813
8572 7714
4869 2151
7291 2253
3317 9665
8822 1589
7949 8983
1764 9374
7231 7571
9544 1579
9831 477
3814 7618
7559 203
8357 2312
6204 943
6413 150
9675 1132
9243 8003
8892 9237
9155 1474
6434 2982
3107 5663
4813 8527
1155 7316
7362 8670
4391 926
9783 3150
1386 6287
4247 1592
9020 6511
3656 184
4360 1240
4666 7811
6907 9824
5207 4788
8302 5364
7401 6503
6628 4667
9409 7411
3382 7830
5521 490
2305 9158
1684 7004
4441 9162
9695 3014
7087 1510
1022 1966
7488 8764
534 1474
6853 1608
536 1663
9389 234
7266 9999
2102 9508
558 1947
8156 677
4806 1568
7191 4083
892 9785
1222 8528
592 1945
3171 1436
3844 3142
7090 4445
6896 113
6982 4439
7562 3702
6255 9623
7433 3328
9905 6665
1390 96
9264 3190
6192 648
6077 9966
1569 4304
6161 660
1710 7132
8420 5839
7978 3657
9488 4139
6770 926
2648 7308
9322 8127
5537 2760
8146 8201
3530 605
4593 2088
972 4929
6607 1133
6208 6491
6141 9470
4505 2878
3409 1892
6270 8537
7319 3849
8984 525
6509 6604
5836 7787
5390 2862
9004 7041
9297 8834
1768 410
8125 8384
3728 6196
9705 1117
9133 3106
9805 8868
8495 3343
7307 325
3442 6512
9445 2325
8584 9464
2459 1504
1788 4008
647 5123
8333 433
9223 3794
125 4260
6939 6551
5871 6158
1771 2127
7548 1038
6642 9567
8095 4554
4464 2543
6209 1463
6188 8610
7616 1587
9524 8229
1338 3556
5341 3081
9843 5996
9966 1371
5032 7615
7489 6177
2610 1771
65 844
1416 1382
6969 3029
9983 5746
9921 9069
4502 9228
7884 2807
245 8624
385 2182
8315 1273
594 1309
6249 7928
266 8045
8243 1698
7189 1612
8142 8785
5903 1140
1299 2415
8239 910
6707 6155
9317 3010
9196 1817
245 3906
4943 8911
2187 6489
7758 722
2163 9695
9528 2555
5622 9873
8438 7916
7064 8792
787 1601
2806 8605
5399 9312
6174 937
5734 2508
375 9097
8623 355
9663 9811
9614 1696
6653 8376
8296 3078
5512 7419
5306 3378
6961 126
3992 6865
2946 7308
1367 8798
8650 2034
4196 3513
215 9080
7742 9358
1958 1920
7308 764
9114 3566
4488 7971
6774 9461
1025 3701
873 980
3530 7593
7984 260
7078 4359
5916 3279
5221 9956
695 713
5055 8468
2456 4389
8688 1400
1914 722
5823 6619
3658 9068
2245 5108
8876 7198
6407 7838
8987 5345
5391 9213
8784 7231
2422 2971
8502 5941
8954 329
6554 5004
3803 2368
956 3700
5152 4586
8069 4481
9174 9902
442 2432
9988 4902
5039 1038
9843 957
8444 8601
5186 5783
471 3398
4749 5894
773 9627
7805 6399
1853 51
8849 284
9006 9801
6700 5035
3427 2732
8009 801
8070 9936
5537 3996
4643 9561
493 9694
9379 7130
219 8142
8578 8164
6578 2341
6432 9277
2802 1898
5717 1195
8459 1158
5948 5557
1389 6983
7930 2880
4194 401
8110 861
2789 3770
7394 7186
5999 1703
7466 8608
8947 6286
8809 1248
453 2171
7154 9955
5684 357
1475 318
6650 1232
2184 7087
6555 9482
5597 882
3949 1635
6254 6256
4526 335
8942 321
6431 1724
8952 1799
8643 4985
7169 8743
2646 4493
5653 4053
4045 9717
1432 7689
2432 219
9917 2041
3544 3693
5537 3469
8272 8232
8554 1794
735 9338
7206 1347
9341 8297
9253 9316
8929 890
1664 1286
3130 9422
8867 4850
8198 9945
8680 9719
8374 4163
9607 953
6179 7752
9792 4153
5905 3348
3941 826
2119 1048
4833 7149
4425 8932
167 6414
522 5824
5797 9821
5648 2230
8969 8896
9119 1930
9263 9788
6347 812
2268 8059
7972 9201
5543 2478
7111 8792
3033 6055
8943 9288
8236 9804
9940 1255
9244 9365
7283 5228
5332 8158
4988 3918
9154 59
61 832
1660 6639
6524 714
919 863
6891 1856
7787 910
9846 1189
831 8743
782 6635
6982 9787
5953 1801
7495 4185
7371 214
8139 7899
9974 7152
28 2088
3980 3288
7211 2476
2076 9039
8134 4931
1109 2456
9633 9568
9834 1107
6824 1658
696 9048
4072 7837
6208 9611
5498 5808
1277 9853
3723 1123
1542 2050
363 5762
1200 8702
475 1244
194 62
911 3352
6643 5230
5687 8605
2980 8928
3648 985
4954 3321
6190 6336
804 3783
9463 4295
4716 1234
8277 1546
7234 715
9712 7659
563 9700
8274 5332
6221 2015
658 6819
855 7513
7980 3430
1879 4687
704 4720
3463 3275
9972 7591
269 7123
8124 8398
1740 9483
9814 5433
8975 4103
8 3332
1830 2286
1656 1761
4399 8185
3040 9486
4459 3248
9452 9253
3934 1297
9388 1361
5200 6778
2187 1433
9494 1262
2695 8484
7004 8115
8189 2125
959 1167
3555 6489
9722 1242
9897 5295
9934 6903
7687 4767
5140 4670
7397 8311
9305 8537
1804 5136
4087 464
4263 7371
2423 8182
7294 3990
5647 1324
8625 7880
8168 1485
4385 163
9358 8405
1217 9396
493 8584
8877 2475
9051 2511
1472 6918
770 3199
7153 8193
419 2218
9418 3207
4978 2635
5523 3481
8387 2467
1403 259
9741 2665
1869 8131
1542 5292
5650 3033
3620 337
8972 1436
5655 6791
3347 1490
4551 2158
7661 3680
9042 8670
5608 8256
7826 1389
1167 5616
1324 2073
8175 2180
3467 5463
829 9678
9865 1689
4293 178
8221 7925
9286 9152
520 1869
6766 3065
4630 8430
101 8975
5250 9715
8016 1899
470 2282
99 4441
1116 2802
8314 8503
7338 1426
3172 977
8747 9553
3872 7704
4218 4851
7211 8152
2601 6723
7216 3508
3477 1289
913 8751
208 4469
927 9589
641 1498
3182 3098
5964 3443
5577 4983
5837 4979
5541 1948
1009 7263
9247 3315
6655 1261
913 9510
6039 8168
1018 932
8019 7888
9300 1786
5754 9496
8872 3145
7824 250
6649 7602
1693 1744
6630 8263
1803 9609
2084 6361
6166 9211
4297 7601
1498 8744
4260 4681
8130 2019
4229 4348
8705 1167
7563 8324
7631 3583
6185 9166
7998 9563
4214 140
1381 3356
9379 9864
1071 390
9226 4172
2134 2547
1949 924
7617 1326
9546 7911
351 1763
4977 8649
4053 8264
9600 1237
9413 3217
9384 3419
5184 8304
8665 3094
2424 7309
710 11
4226 1138
4746 2336
8097 3921
8846 3105
1800 4220
721 8162
7827 6769
903 145
1205 8211
8501 8031
2672 1116
4842 588
7838 1042
5622 6966
8155 4132
469 8556
6420 7211
6849 6162
7014 371
8814 1967
9142 5067
6421 6538
5702 2650
7362 2137
2932 8632
6156 1545
5459 6306
8756 1504
5909 2836
139 400
1260 396
5456 1282
93 6211
7477 6669
2897 6086
6245 426
4050 2587
1859 3729
6127 290
8402 7778
9745 153
8622 8864
5082 1867
7018 2978
7031 28
1581 1691
8252 407
4173 69
4369 9249
3343 3669
6629 9963
8714 6179
4426 7690
9218 6206
8286 9938
9445 5876
4374 2166
9663 851
3854 330
3899 7800
5860 1765
575 4893
6439 4038
9634 829
5541 1496
4218 2534
748 8613
5249 6837
4536 2843
1123 5521
968 8616
4082 7777
6707 3071
3100 477
4738 4555
8395 4489
7768 392
8874 1571
9284 4178
784 5911
8740 8172
58 9748
5545 1358
7813 9704
7293 3810
9571 9497
3739 6183
7706 601
8115 620
2202 4817
7283 4556
1598 1441
6767 8575
2069 8674
7187 158
6914 7727
4198 2043
8535 461
9328 7645
2787 4954
1633 766
9619 7708
9263 1136
7876 2976
7 8218
7320 4335
6774 6642
9047 428
7031 4052
6084 9987
2324 7300
4010 6839
8578 5090
9458 8141
7782 8646
851 2163
2521 9571
2652 1131
6889 7876
6199 8890
8085 9772
415 5244
4639 4359
6894 1840
5157 7094
5749 9858
9427 3170
5880 2995
7519 7755
2575 4415
6589 3720
8330 2341
4669 4688
19 8699
5651 8275
6392 1305
710 1908
6415 5001
6381 2873
1577 6826
5166 3773
2775 5873
7025 2300
7630 8567
9713 652
4998 4454
4974 9201
9051 1090
3663 7918
6906 2730
3982 315
6022 352
1389 7979
1009 5443
9466 8215
8039 5818
4860 7494
519 9142
5189 8981
9452 2309
5570 8035
9868 2144
5033 6747
1270 2896
170 479
2649 5136
7780 1923
5624 3172
6826 2598
1473 1125
9207 4734
2719 8700
6013 2166
8897 2213
3849 4494
613 123
6368 1576
761 5354
3087 1547
8660 7984
159 7766
509 5255
6529 626
8337 6427
9012 8817
9740 1791
6679 5000
7894 8975
2870 8495
4219 8498
9754 3532
2037 4442
5503 2630
9005 5659
3412 678
6949 8015
7899 8272
6393 9783
8802 8454
6311 9713
4716 9160
6779 1187
7399 3641
2352 6933
9783 6340
2061 4691
4013 2220
5342 1076
7432 147
4565 7837
995 2272
8256 2251
8584 2345
5532 3653
975 7663
8707 9362
8699 4025
6646 4463
8871 6086
3233 7104
6092 7144
6997 9910
9027 8405
3541 8654
1099 6242
7126 606
4745 9056
1646 3379
3178 874
2353 5864
893 23
8231 8736
3000 687
513 9272
4395 7338
6556 7256
7016 8818
9222 2056
5878 3256
9177 4385
9706 1351
3737 5833
9210 9586
4670 2474
8078 392
9719 9957
1668 6412
5939 9952
9013 4547
8494 8943
7810 8719
3616 3184
6887 4623
5102 2518
4448 3980
5878 4316
758 9610
4902 9928
1443 8401
3122 7901
6809 1033
74 8160
9859 3822
7652 2476
8115 7490
8678 1188
4711 5378
8422 1082
9445 6693
6544 8957
7040 9044
7458 252
71 3023
6085 8034
6411 879
4089 9909
1892 3546
5346 2855
8773 3941
1548 9743
8077 2517
3069 2390
7311 8347
3954 3570
3923 4894
9480 2347
8682 497
66 2018
2486 1107
2786 3620
2552 2370
8103 7205
7849 7963
9605 1825
2915 8954
258 7328
4630 8376
6002 6147
602 5682
8765 1820
2991 1894
318 3528
7907 7536
6377 1636
7621 5983
163 6250
2086 9637
923 9910
2183 301
6187 837
5119 9075
3459 5158
7930 358
8331 8924
8682 2028
1444 3610
3967 1629
9463 1610
9275 9632
6030 108
1154 4859
8664 2653
1473 1952
9969 4944
7472 2862
8445 2385
302 7473
1242 3107
2499 5767
8068 714
8103 3524
7259 804
8398 6038
1947 4207
3852 227
1773 5074
4177 9817
3408 2173
1011 2164
7529 2736
8718 9691
2250 80
8800 8332
6352 7540
1834 9555
616 9892
8609 335
9466 2616
5444 3901
9438 1242
2952 9253
616 1346
9777 7352
6533 9722
9681 6481
7110 20
9699 8601
7746 5600
5258 6227
9397 77
2806 2081
1340 3628
9490 879
8834 574
7377 2615
9585 3511
208 8089
8116 65
2385 1270
8976 9145
4108 2682
6647 825
2558 6072
6421 6340
9780 7520
715 5008
8247 3415
4608 609
8026 1052
8953 2903
9636 830
9601 3878
5001 2117
9588 7700
7734 9696
6356 8058
3612 5461
4463 6499
1894 7955
9156 1397
8431 3064
5366 1693
1272 1412
8636 2041
1189 2546
5040 1299
3828 2991
8841 9994
2859 4706
9591 283
475 1189
6930 164
404 7581
4072 2197
4833 9083
3841 4479
6699 453
7583 1519
8875 8450
3364 3651
96 9456
9741 6615
1903 8696
6780 3415
8923 9286
5153 2730
7977 511
9904 2477
4749 1248
452 8681
1331 6520
8475 6880
7086 9730
7411 7275
8623 1153
9243 601
6435 5159
6086 2036
6716 3106
6155 1349
1878 538
7421 3798
8867 2007
4764 3484
3073 8705
5695 1513
5489 96
9227 4421
9204 1814
8485 3933
7038 8611
7608 1036
3484 9852
7629 8149
7360 8253
5877 6858
4899 123
3028 947
4195 415
2882 8328
8144 786
248 7552
9314 8631
1747 9071
5991 2535
3959 1227
908 7073
9183 1503
472 4593
699 434
3627 6495
3387 3890
4052 6638
7518 3069
1036 1108
498 938
7374 172
6240 2717
6213 9939
6973 8495
6977 243
6112 9627
7422 2808
8134 2785
8517 451
9765 7083
751 9498
9873 1661
7494 3098
8431 5488
4565 376
9420 1572
1517 1272
3258 8066
6554 2396
1291 1720
4613 4324
3969 9326
8938 2322
3445 3993
3005 3163
5904 9426
1508 4314
1185 1329
1327 1678
2223 2718
7288 7171
1468 2062
7864 4780
1072 521
5006 4376
6654 5349
8639 9471
9493 3195
3483 6742
383 5493
6053 2063
2681 4742
787 5991
9446 9392
1817 9103
7532 8713
7501 1815
9455 437
8491 4854
4699 3563
6945 3934
7392 4245
8652 4399
2162 1265
860 8433
6206 333
6267 3052
7599 9827
7931 2981
6603 1051
1994 1573
2747 6506
6738 49
501 3697
7824 990
6931 7274
7368 2696
3773 3002
1494 2540
1137 1628
7750 9564
4234 4910
395 3916
6022 4695
2804 372
4015 1982
3626 4910
3720 3871
5314 9154
7306 892
8979 5831
5560 9215
8749 3419
6538 2746
4085 850
4830 4122
1854 6243
2519 918
4638 9550
7239 2564
5123 8167
2779 8313
8267 8519
3334 393
8300 9599
6461 8914
6027 5275
7368 9475
5334 478
7561 8743
8898 7805
1300 4794
8781 2036
5475 6497
72 6398
7387 5939
9436 1329
8904 2780
3373 2878
9034 7585
705 5115
9693 8984
6849 9418
4440 4968
3944 9231
8845 2587
1877 8868
3941 8030
7305 7711
7432 9738
8348 5689
7278 1952
8454 3604
8453 1424
1776 2256
6799 1725
2638 9082
3071 4354
6042 1337
9429 5468
9869 5654
3920 6371
8103 6909
9134 9226
5931 8330
7812 9097
9152 4027
5044 6143
9479 3110
7004 4722
6460 3612
7921 638
8539 13
9556 4906
8974 9511
2505 9289
2026 9849
8653 5669
83 8698
3295 554
3635 1556
5155 8351
3703 8750
3925 8305
8986 1384
7883 6101
7322 5539
602 3786
8886 5089
2849 2309
6538 7974
8058 2691
3125 672
2684 7611
3228 7446
3190 5842
2211 6753
6793 8465
7535 1603
6203 7022
8856 8714
602 380
395 6991
2156 2243
3880 2389
7683 1474
8720 424
7796 2174
9812 2342
6500 8333
8863 2687
5661 1756
8046 744
5729 7934
1711 522
2349 7454
2696 1411
1694 6885
6853 2980
6154 8226
1593 4438
2828 3287
5325 3011
6878 1203
2627 4960
6253 211
4936 2641
2914 852
6759 2643
5147 5039
4267 2811
9118 181
4995 4798
7767 9034
6453 1324
4858 2986
3202 1749
7374 1640
7544 8238
840 1963
8506 8735
7745 4701
6553 2924
9270 1519
9764 4126
4404 2757
4268 3916
8370 3297
8840 2200
7939 8480
3969 3619
4411 9068
5287 8330
7210 197
7791 508
8374 9868
614 8867
7881 6817
9731 7102
9321 2774
3015 2430
1194 631
5970 8853
4669 9979
3128 5196
8906 1857
8225 1904
7416 4624
6348 1522
1674 4767
6886 9913
8181 262
8693 9333
4886 1318
4640 1851
7391 8099
7895 4743
5906 1410
6032 1257
1841 3079
8362 3311
375 3085
328 9389
7840 2448
4801 5416
1411 9618
9818 2510
8722 2836
1578 7580
8305 3716
4116 8876
5741 9717
8435 564
7189 4329
7947 7162
5017 466
4956 8858
9582 777
9728 4543
8173 765
2796 3693
7823 157
5605 1840
8198 1123
7740 2230
5819 7663
2203 6418
9522 3549
7802 2061
9418 1999
6299 9059
3840 2659
9760 6431
9257 8583
8083 2016
1823 9058
9142 2
8833 4234
7833 3976
7934 5865
5856 7671
2508 3239
7514 8280
2015 9493
9544 8761
6639 60
4584 4510
7368 5453
6312 1651
4989 8351
9750 1318
441 1564
9530 6764
6620 6462
997 9595
488 3976
2627 9239
879 3452
7629 17
8327 813
2916 8438
1536 640
3967 1810
8797 7034
6735 2140
3501 2797
920 1804
4588 27
5242 9856
225 7286
978 4634
6389 3345
8903 4513
4619 4975
8110 4913
1220 8719
4577 2125
9028 1511
1188 8766
473 3042
8331 42
11 3771
4757 9002
264 982
4957 9027
4936 9907
6221 849
8511 503
1464 4505
9754 4131
9197 7740
9792 7132
4941 5411
8224 9076
4330 1996
8752 8149
4711 641
9851 8651
8424 3853
6658 6191
7178 1913
3113 4777
5420 2763
2774 9103
6038 6110
156 580
3276 575
8297 7582
416 5760
2219 2815
5330 6517
1809 2422
9013 618
9563 762
9452 516
6102 9778
7069 8255
6725 1275
9414 754
1443 8758
4690 8794
7382 4815
3991 2785
7839 2287
7826 7421
104 7987
7578 9305
4135 2914
9747 5816
9061 9095
4282 3607
101 4570
9333 843
6371 4403
3339 5195
6350 6186
6934 9849
9189 7330
6298 4046
2899 4370
7967 3761
4601 1230
1104 494
3406 9427
7959 6795
3747 2895
4374 8506
7011 5415
6143 3470
5535 3879
6299 9379
961 5442
1527 9200
1546 9213
747 8371
7904 5632
5461 7493
1086 1012
8001 2074
5214 9836
8346 8982
7261 9583
9837 5313
4834 7974
8729 7471
6188 1527
4747 7597
2242 178
5433 2677
8949 1589
9320 858
8662 7008
7660 962
2602 7925
2636 7801
8395 6664
7536 2324
2161 7657
7054 7159
9546 797
5016 3678
910 125
2049 398
8693 1375
6758 1540
1708 1008
9057 4806
8304 8998
4825 2425
6556 3513
3676 2187
9973 4634
2178 6033
9608 340
7634 9819
4553 4711
3816 6404
3234 6048
9805 9781
8382 2393
2651 1383
1126 1303
5181 4136
5807 248
7789 917
7781 2145
165 2958
4741 947
1184 1365
9244 8522
6909 4287
6014 4640
4083 7399
691 5813
6789 2830
2135 6462
216 3045
526 4699
2274 9366
1051 6061
7049 5880
460 6825
3402 1938
8712 2546
6505 6310
2606 9323
3912 5688
9220 5963
6594 8346
6702 789
196 4392
8969 8187
5261 4644
9617 3304
9744 190
8815 4602
9342 970
9459 1226
161 6914
8457 7603
9829 679
3059 6945
942 4855
7692 5850
5991 6331
8621 9022
2943 3179
8410 5577
7913 3459
8287 9936
1333 3549
3324 9966
4145 804
86 8029
