steiner points
261 227
321 227
1175 227
1175 456
1175 540
738 969
2494 1164
1448 1340
738 1397
1343 1431
1148 1431
738 1431
1127 846
1343 1816
1445 1884
1343 1884
1602 1941
1773 2000
1343 1621
2494 189
2494 369
2205 1164
1522 1164
1858 1164
2676 1271
2676 1164
3472 671
3472 769
3472 816
3943 242
3943 519
3777 816
3943 816
4237 841
4076 841
2956 1549
3290 1686
3757 1587
3610 1587
3472 1259
3472 1587
3353 1740
3449 1911
3125 1946
3449 1740
3125 1686
5055 358
5149 358
5164 466
5164 710
5362 885
5362 1204
5381 1204
5362 910
5394 1441
5414 1536
5770 1569
4971 1204
4550 1204
2205 1609
241 2489
34 2694
326 2489
963 2784
1407 3053
1029 3053
963 3053
963 3200
963 2514
502 4097
532 4067
767 3894
404 4160
1161 4556
672 4411
672 4556
672 4778
672 4067
1995 2873
2205 2294
2393 2916
2147 2929
2147 3089
2292 3089
2393 3089
2414 3123
1587 2873
2427 3386
2427 3646
2095 3664
1930 3664
2427 3664
1930 3907
2996 3858
3719 2753
3550 2753
3607 2753
3404 3449
3189 3370
3189 2929
3085 3642
3455 3661
2541 3858
3455 4028
3807 4046
3770 4046
3770 4183
3085 3370
2427 3858
2288 4727
2097 5012
2616 5224
2110 5381
2110 5414
2570 5414
2616 5414
2097 5178
2996 4592
3144 4841
3253 4841
3253 4977
2815 5224
3177 5224
3253 5224
3177 5279
3177 5631
3737 5132
3547 5224
2996 4319
963 3507
5613 2735
5065 3083
5085 3199
5065 3199
4936 3199
4186 3199
5223 2735
5613 2858
5613 3013
5065 2735
4213 4046
4213 4201
4213 4700
4217 4704
4300 4775
4936 4208
4940 4208
5393 4208
4940 4763
4756 4781
4756 5478
4756 5275
4416 4781
4448 5478
4936 3940
4008 4046
2147 2873
6537 288
7015 300
6537 360
6780 452
6723 452
6537 452
6723 707
6761 707
6723 485
5946 992
6052 1353
6052 1569
5882 1569
6949 707
7240 1196
7237 1878
7235 2104
6702 2104
6279 1606
6396 2104
6396 2155
7240 1709
7087 2104
7240 1136
7862 82
7862 161
8109 161
8604 161
8321 1189
8829 1355
8347 1355
8347 1536
8347 1566
8347 1686
8655 1355
8845 1447
8845 1570
8274 1924
8109 854
9695 633
9695 760
9695 1305
9506 1570
9695 1570
9014 1570
7402 182
6387 2213
6387 2548
6387 2819
6189 2966
6168 2966
6258 3367
6006 3384
6006 3618
6006 3722
6214 3722
6630 3722
6358 2966
7380 3200
7532 3401
8037 3519
7234 3941
8197 2845
8172 3042
8037 3401
7380 3401
7234 3566
6759 3941
7018 3941
7018 4320
6408 4423
6794 4895
6387 4923
6387 5152
6387 5250
6415 5316
6408 4895
7692 4541
7456 4707
7692 4707
7751 4795
7999 4795
7441 4821
7422 4829
7934 5399
7999 5081
7422 4895
7018 4084
9136 2673
8942 2845
9927 2673
9794 2673
9579 2673
9794 2866
9794 3276
9794 3380
9558 3484
8942 3175
9045 3767
9537 3528
9186 3767
9186 4070
9186 4360
9849 4827
9186 4633
9417 4925
9712 4925
9712 5263
9239 5504
9712 5504
9186 4925
8595 2845
6358 3305
5414 1569
716 5997
971 5997
1062 6405
1701 6522
1062 6544
1540 6620
1062 6706
1408 6706
1449 6706
1062 6240
368 7677
368 7745
368 7904
535 7964
868 7307
868 7489
868 7885
368 7964
992 8406
1044 8449
1649 8568
1354 8568
1044 8568
748 7964
748 8274
1689 9106
494 9442
512 9479
1600 9479
1044 9479
732 9479
1044 8790
1689 9479
868 7137
3257 6194
2915 6194
2712 6194
3257 6649
3436 6663
2225 7230
2230 7360
2411 7387
3436 6939
2749 7047
2885 7450
2411 7450
2411 7538
2586 7828
2586 8014
2962 7252
3534 7498
3859 7641
2885 7252
2411 7721
3436 7252
2690 8449
2506 8526
2065 9022
2212 9022
2383 9022
2383 9174
2619 9174
3500 8865
3465 8953
3232 9174
2949 9573
3011 9573
3232 9331
3232 9573
3279 9652
3557 9652
2949 9740
3232 9652
2690 8208
1952 9090
5131 5987
4756 5987
4725 5987
4457 6155
5980 6329
5854 6349
5779 6349
5933 6329
5298 5987
6960 5951
6943 6064
6619 6106
6619 6262
6874 6262
6943 6198
7089 6198
6471 6262
4106 7641
3897 7641
3859 7641
4452 7747
4106 7747
4974 7186
4493 7822
5030 7242
5030 7904
5030 7846
4771 7904
4794 7904
4794 8045
4077 7902
5779 6578
5779 6540
5689 6825
5568 6914
5910 6911
5689 6914
5966 6687
5966 6816
5695 6914
6179 7717
6179 7819
5568 7846
5827 8115
5568 8115
6179 8062
5827 8233
5827 8397
5568 7387
6901 6957
6997 7006
6997 7047
6997 7349
6997 8062
6997 7738
6911 8062
7002 8174
6365 8062
5363 7846
5689 6578
4219 9433
5213 9332
4685 9530
4350 9530
4931 9559
4902 9791
4902 9913
4902 9559
6221 8655
5909 8655
6406 8655
6406 8791
6691 8921
6655 8921
6454 8921
6454 9051
5876 8655
5762 9419
6444 9419
5837 9419
6444 9192
6612 9722
6612 9860
5113 9332
5827 8523
8195 6525
8517 6525
7701 6672
7967 6672
8195 6672
7701 6988
7740 7199
7905 7333
7905 7333
8372 7377
7676 7765
7740 7333
8177 7333
8197 7377
8197 7469
8197 7739
7676 7677
7701 7082
9622 6204
9549 6204
9622 6514
9613 6779
9622 6685
8794 7451
9162 7506
9613 7115
9344 7269
9613 7728
9613 7269
9045 7506
7820 8374
7364 8374
7715 8374
8088 8374
8242 8374
8242 8955
8066 9072
8447 8955
8242 8765
7981 9072
7981 9128
7364 8737
7690 9349
7981 9349
8010 9349
7466 9442
8182 9816
8182 9976
8267 9976
7981 9180
9045 8114
9045 8414
8818 9275
9228 9071
9388 9078
9338 9078
8719 9075
9080 9071
9533 9087
9080 8781
8982 9248
9075 9248
8787 9275
9045 8593
7226 8174
3550 7641
4756 5713
edges
519 66
657 142
501 370
681 398
684 418
681 304
502 196
684 52
546 97
702 416
696 42
519 101
500 53
529 238
529 13
657 347
658 352
500 427
526 390
547 34
659 283
520 485
546 35
662 246
660 58
503 257
548 172
665 474
530 63
504 341
696 253
526 131
670 239
663 383
549 407
697 27
527 29
531 200
664 364
533 379
512 237
695 323
550 213
534 89
553 233
666 120
505 104
666 439
525 421
522 302
680 492
523 59
685 234
671 314
552 135
558 108
686 433
539 180
524 11
698 121
507 457
667 175
691 163
508 311
510 229
554 72
692 51
511 434
557 358
555 44
688 178
535 32
689 31
669 247
699 28
537 255
538 232
700 268
675 45
559 367
518 313
537 153
693 473
536 40
690 318
678 308
541 282
701 265
513 140
556 401
672 1
514 54
542 452
694 420
694 171
515 55
516 150
543 218
543 188
517 23
674 396
542 230
770 124
673 215
517 206
679 68
677 38
703 43
579 386
562 261
749 458
560 173
568 111
595 137
635 470
704 319
745 211
715 156
747 413
639 291
747 258
561 359
630 360
596 432
636 133
594 21
586 298
563 328
719 90
705 222
594 83
768 2
580 494
637 464
750 67
578 19
580 461
581 424
599 371
707 252
706 402
707 408
638 483
561 294
720 272
565 15
631 334
583 279
638 366
585 478
582 182
754 115
632 459
567 306
715 50
635 425
632 235
751 49
564 110
769 400
708 25
607 382
752 112
709 199
587 64
716 411
754 331
597 460
753 441
629 444
717 453
756 263
723 33
590 378
710 339
600 287
588 227
713 57
601 497
589 412
712 269
755 430
717 205
755 245
602 210
608 69
571 126
592 6
654 488
718 225
592 201
724 117
640 250
711 384
603 490
604 84
655 322
570 468
758 127
744 301
569 185
572 18
647 194
606 76
572 154
641 489
606 417
645 415
760 165
628 271
726 445
759 309
734 466
574 295
727 455
647 228
734 208
573 377
617 316
626 189
761 333
609 369
642 219
643 85
735 138
573 340
609 465
648 346
644 214
576 221
652 310
738 240
739 151
760 81
740 186
737 87
619 482
618 176
728 105
729 348
762 217
620 12
743 60
610 447
767 391
742 103
621 46
626 80
730 487
616 9
611 187
627 136
731 388
764 437
651 284
624 157
732 98
612 100
741 392
741 70
615 164
653 73
765 305
613 248
653 293
576 327
614 191
766 499
765 312
625 82
625 195
732 119
997 449
855 454
950 436
806 62
771 273
855 462
848 198
854 448
772 125
857 95
771 288
856 147
931 399
857 307
807 267
849 202
849 409
949 143
805 251
861 8
950 368
780 338
862 471
859 224
853 393
774 303
846 365
850 203
861 254
851 440
932 381
933 177
773 410
807 403
951 495
774 297
932 168
878 236
775 256
905 496
877 278
776 5
883 193
808 209
809 146
934 61
953 93
883 167
935 405
778 26
952 491
884 134
879 86
779 373
895 75
881 226
880 88
813 355
895 169
885 276
810 479
936 451
943 361
896 37
814 404
814 155
897 435
868 207
948 286
956 329
804 385
868 145
937 429
781 181
810 30
870 300
820 220
938 281
957 325
785 450
939 174
898 149
811 472
940 56
812 372
894 486
863 96
815 419
954 92
945 139
786 212
821 141
955 78
817 456
822 130
886 264
864 266
781 354
947 438
886 498
824 270
958 443
900 47
946 184
782 129
866 244
865 259
996 77
941 342
887 16
869 179
818 376
904 99
946 296
941 275
787 231
876 343
783 192
873 260
871 113
784 317
958 24
819 337
875 397
903 36
901 356
981 326
890 463
995 394
788 65
963 467
844 17
892 243
876 41
965 380
795 170
902 118
791 114
964 350
893 20
789 123
982 262
875 480
790 442
826 315
930 320
827 292
961 116
792 4
914 321
994 197
916 428
915 423
791 162
972 389
833 475
969 159
990 0
802 216
917 107
918 79
833 349
929 375
985 289
972 426
919 336
834 152
968 324
922 476
918 166
828 414
829 484
921 48
984 493
970 128
987 242
986 481
967 204
989 158
845 477
796 183
971 39
832 374
980 274
926 160
831 357
991 363
797 91
983 345
906 109
838 277
907 395
975 132
973 144
992 249
923 148
906 469
993 332
797 431
976 22
841 422
798 223
908 290
803 122
909 14
836 241
910 285
837 335
976 446
840 344
927 71
842 387
799 299
841 161
911 10
977 102
989 280
842 362
928 353
928 7
801 190
912 406
843 94
979 351
925 330
912 106
979 3
978 74
501 500
502 501
503 502
504 503
512 504
508 505
521 506
522 507
511 508
507 509
509 510
510 511
505 512
518 513
515 514
513 515
514 516
516 517
509 518
520 519
506 520
559 521
523 522
521 523
525 524
506 525
527 526
528 527
539 528
530 529
532 530
528 531
531 532
534 533
532 534
524 535
545 536
538 537
540 538
540 539
544 540
536 541
544 542
545 543
541 544
535 545
547 546
548 547
549 548
550 549
553 550
557 551
551 552
551 553
552 554
554 555
770 556
558 557
533 558
579 559
562 560
560 561
568 562
566 563
586 564
564 565
565 566
566 567
563 568
570 569
577 570
629 571
569 572
575 573
577 574
574 575
575 576
571 577
656 578
656 579
584 580
582 581
583 582
584 583
585 584
587 585
578 586
588 587
591 588
591 589
589 590
608 591
590 592
600 593
596 594
599 595
595 596
601 597
597 598
598 599
607 600
603 601
593 602
605 603
655 604
604 605
605 606
598 607
602 608
610 609
616 610
621 611
613 612
614 613
615 614
611 615
612 616
628 617
617 618
618 619
619 620
622 621
623 622
620 623
622 624
624 625
627 626
623 627
593 628
567 629
636 630
633 631
633 632
634 633
654 634
634 635
639 636
630 637
637 638
631 639
641 640
642 641
643 642
644 643
652 644
646 645
648 646
646 647
649 648
651 649
997 650
650 651
649 652
650 653
645 654
640 655
581 656
659 657
660 658
662 659
661 660
665 661
661 662
664 663
670 664
663 665
667 666
668 667
669 668
556 669
680 670
678 671
673 672
679 673
676 674
668 675
675 676
676 677
672 678
674 679
671 680
682 681
702 682
682 683
683 684
695 685
691 686
685 687
687 688
688 689
689 690
687 691
686 692
692 693
690 694
683 695
697 696
698 697
700 698
701 699
699 700
693 701
658 702
677 703
703 704
704 705
714 706
706 707
769 708
708 709
709 710
710 711
711 712
712 713
705 714
722 715
722 716
721 717
725 718
720 719
721 720
716 721
723 722
718 723
713 724
724 725
744 726
726 727
733 728
733 729
729 730
730 731
731 732
727 733
736 734
739 735
735 736
736 737
737 738
740 739
743 740
742 741
738 742
728 743
725 744
746 745
768 746
748 747
749 748
745 749
748 750
750 751
751 752
752 753
746 754
757 755
753 756
756 757
757 758
758 759
763 760
759 761
767 762
762 763
763 764
766 765
764 766
761 767
719 768
714 769
555 770
772 771
780 772
775 773
776 774
777 775
779 776
804 777
777 778
778 779
773 780
782 781
783 782
788 783
794 784
786 785
787 786
794 787
784 788
790 789
793 790
792 791
793 792
802 793
795 794
789 795
845 796
798 797
801 798
803 799
799 800
800 801
800 802
796 803
785 804
808 805
805 806
806 807
809 808
813 809
811 810
812 811
816 812
825 813
823 814
823 815
815 816
816 817
824 818
818 819
825 820
996 821
864 822
820 823
817 824
821 825
844 826
826 827
829 828
830 829
827 830
830 831
831 832
834 833
835 834
832 835
837 836
839 837
835 838
838 839
843 840
840 841
836 842
839 843
819 844
828 845
847 846
997 847
847 848
848 849
853 850
852 851
854 852
851 853
846 854
856 855
860 856
858 857
862 858
858 859
859 860
860 861
850 862
867 863
863 864
822 865
869 866
866 867
870 868
873 869
872 870
872 871
904 872
874 873
871 874
874 875
867 876
878 877
852 878
905 879
882 880
885 881
879 882
884 883
881 884
882 885
887 886
891 887
894 888
890 889
888 890
889 891
889 892
892 893
880 894
896 895
897 896
898 897
900 898
901 899
899 900
903 901
899 902
891 903
888 904
877 905
909 906
923 907
913 908
908 909
929 910
913 911
911 912
910 913
915 914
922 915
914 916
916 917
919 918
920 919
917 920
920 921
930 922
925 923
926 924
924 925
921 926
924 927
927 928
907 929
893 930
935 931
931 932
936 933
933 934
934 935
948 936
942 937
943 938
938 939
954 940
947 941
939 942
944 943
940 944
944 945
945 946
942 947
937 948
951 949
949 950
953 951
956 952
952 953
960 954
960 955
959 956
955 957
959 958
957 959
981 960
963 961
995 962
962 963
961 964
964 965
969 966
966 967
966 968
965 969
967 970
970 971
962 972
974 973
980 974
974 975
973 976
975 977
977 978
978 979
971 980
982 981
994 982
993 983
988 984
986 985
984 986
968 987
992 988
985 989
988 990
983 991
991 992
987 993
990 994
902 995
865 996
