steiner points
917 57
917 180
917 291
1064 291
1440 466
766 382
1217 466
1731 466
2438 473
1440 648
1440 781
1074 466
1440 905
1440 1133
960 1160
632 1160
1692 1325
537 1623
1692 1133
156 1993
286 1993
2089 473
1874 473
2438 570
2493 1310
2493 1659
2527 1920
2527 2120
2493 947
996 2569
1082 2569
1291 2569
1488 2569
1488 2665
996 2744
996 2907
296 3632
729 3742
652 3742
271 4114
271 4383
1040 3456
296 3742
930 3742
1040 3482
1040 3742
1040 3945
1808 3917
1693 3945
1471 3945
1693 4609
1693 4703
1430 3945
271 3808
1040 4336
2729 2906
2249 3010
2196 3147
2196 3207
2196 3393
3036 2906
3077 2906
2566 2303
2139 3605
2139 3917
2469 3932
2728 3932
2139 4227
2139 4420
2139 4569
2199 4806
2139 4806
2139 3932
1887 3917
2566 2906
4037 237
4072 237
4072 320
4072 419
4145 652
4145 688
4607 910
4877 374
5008 374
4784 742
4784 883
4145 910
4784 910
4784 1238
5984 38
5984 271
5949 363
5949 411
6421 842
5949 842
5657 363
3587 1685
3587 1784
3587 1878
3587 1911
3489 2175
3443 2193
4231 1843
3881 1878
3932 2056
3932 1878
3778 2383
3443 2340
3565 2471
3680 2471
3680 2534
3443 2562
3680 2742
3342 3011
3677 2821
3422 3071
3452 3290
3122 3011
3443 2471
4915 1592
4915 1605
4696 1592
4915 1249
5458 2035
5466 2476
5466 2514
6305 2514
5033 2520
5235 2938
5235 3075
5235 3166
5224 3208
5466 2520
6255 2514
5765 2514
6305 2875
6489 2981
5466 2804
5466 2133
4404 1592
3452 3817
3542 3817
4143 3830
5064 4115
4837 4115
3857 3817
5383 3789
5988 3789
6335 3894
6335 4043
6335 4351
6243 4531
6068 4531
5896 4531
4376 3830
4376 4115
3542 4234
5458 1682
3422 3011
563 5481
563 5683
563 5759
563 5947
699 5947
893 5947
1298 6045
893 6045
893 6326
1047 6585
1101 6598
1101 6857
1101 7085
893 6502
2341 5052
2536 5443
2341 5443
2222 5587
2153 5587
2570 6240
2300 6240
2570 6287
1944 6114
2222 5835
2597 6659
2705 6809
2222 6114
1612 6114
1944 6702
527 7654
972 8235
875 8235
578 8235
436 9080
737 9080
231 9225
345 9114
737 8915
345 9080
789 9421
918 9446
329 9225
1507 8726
1486 7579
1521 7828
1521 7756
1581 7756
1969 8085
1521 8053
1583 8507
1583 8085
2537 8358
3017 8170
2071 8358
1156 8726
1507 9307
1507 9468
1658 9468
2067 9439
2067 9083
2067 9366
2067 9468
2453 9602
2794 9643
2137 9602
972 8726
1507 9295
1436 7374
3371 5081
3371 5321
3371 5415
3803 5415
3805 5446
4085 5446
4643 5446
3805 5595
3805 6068
3725 6220
3546 6220
3805 6220
4751 5265
4117 5446
4751 5446
4855 5734
4855 6196
4855 5698
4405 6919
4234 6961
3805 6942
3661 6942
3805 6361
4132 6961
4550 6798
4242 6919
5020 7005
4550 6919
4655 7005
3236 7016
5420 5257
5814 5257
6467 5257
6467 5465
6467 5610
6314 5933
6274 6137
6274 6341
5960 6341
5838 6341
5688 6341
5666 6459
5508 6543
5445 6743
5445 6835
6314 6044
5150 7005
3762 7994
3703 8170
3406 8170
3324 8170
3110 8170
3703 8313
3650 8648
3492 8873
3143 9077
3343 9077
3474 9077
3474 9166
3703 8583
4655 7344
4547 7627
4547 7880
5001 8097
6246 7886
4689 8097
5098 8109
5888 7886
6384 7886
5876 8109
5302 8109
6579 7993
5303 8109
4367 8977
4188 8583
5027 8556
5024 8672
5024 8772
5024 8977
5847 8638
5412 8925
5478 8960
5804 8960
5538 8960
5303 8342
4540 8977
5365 9656
5534 9502
6369 9594
4621 9656
5228 9656
6049 9747
5630 9747
5541 9747
5534 9656
5538 9408
5303 8556
4203 8977
4547 7834
2772 8358
2341 4806
7144 404
7144 648
7354 971
7505 1079
8690 222
8690 469
9112 505
8100 1037
8639 1032
8424 1032
8301 1032
8073 1079
8698 505
8698 962
8650 1032
8639 1071
8825 1284
8639 1284
8639 1432
8698 976
7505 1491
9524 312
9524 332
9524 333
9524 446
9252 593
9492 593
9492 724
9492 770
9492 1033
9824 1042
8698 641
8776 1776
8651 1776
8639 1776
8081 2083
8159 2083
8594 1869
8302 2196
8594 2151
8453 2317
8453 2196
8453 2886
7568 3052
7938 3052
8158 3052
8158 3407
7030 4017
7030 4255
7098 4310
7669 3664
8158 3517
7907 3595
7535 4312
7535 4500
8191 4500
9209 4100
9459 4100
8797 4246
8797 4526
8742 4777
8492 4777
7345 4312
8065 3595
8453 2454
9618 2503
9618 2875
9576 3050
9551 3166
9551 3292
9032 4100
9545 3367
8797 4100
9545 4100
9687 4479
8639 1694
7535 4886
7480 5440
7480 5803
8099 5803
7413 6197
7413 5853
7373 6197
8147 5366
8147 5505
8147 5569
8282 5569
8611 5666
8100 5787
7557 5803
8099 5880
8099 6347
7413 6214
8057 6431
8057 6879
7234 7226
7081 7226
8057 6932
7744 7285
7452 7285
7798 7285
9668 5406
9211 5524
9550 5524
9668 5524
9668 5556
9211 5661
9668 6021
9668 6029
9668 6401
9559 6557
9559 6713
9559 6518
8663 5666
6913 7566
6913 7625
6913 7784
6993 7822
7536 7930
7045 8331
7045 8795
7609 7716
7798 7405
7580 7845
7649 7930
7580 7930
8015 7932
8052 8284
8072 8315
8196 8515
8072 8515
7820 8521
8015 8112
7045 7930
7059 9222
7482 9486
7059 9486
6747 9505
7831 9450
7790 9486
7790 9630
7790 9827
6873 9505
7059 8860
8877 7923
9827 7658
9614 7658
9282 7658
9827 7661
9827 7730
8601 7923
9115 7923
8562 8515
8946 8515
9115 8515
9115 8678
8912 8992
9115 8992
9138 9145
9115 8383
8537 9840
8578 9840
8738 9840
8905 9840
9138 9840
9138 9704
8274 8515
7798 7716
7480 5120
6873 9848
edges
589 499
828 423
589 34
500 335
500 32
582 283
575 157
849 102
521 494
501 414
832 417
576 317
832 149
575 408
590 230
503 403
849 73
577 216
850 476
851 235
595 122
583 324
506 467
505 62
828 236
592 7
578 76
852 393
507 238
833 297
508 491
511 139
834 253
523 254
853 390
859 473
509 478
829 487
579 214
522 380
580 469
855 479
584 247
856 462
505 114
510 153
838 287
593 174
594 234
585 86
512 384
581 343
528 116
841 176
830 307
847 277
837 339
586 396
842 371
857 496
835 51
858 95
593 472
843 270
515 299
839 36
518 453
514 375
588 82
622 232
858 452
844 471
524 241
516 353
844 233
846 29
848 178
596 182
848 255
639 244
621 416
620 87
517 58
525 128
516 172
657 331
596 318
903 311
860 263
861 160
597 127
602 112
860 184
865 237
603 245
599 323
526 20
893 388
519 372
864 71
863 398
623 497
604 373
520 419
863 180
604 329
527 463
638 465
519 163
867 30
600 490
601 39
866 64
562 498
868 9
607 447
606 72
606 107
892 439
608 0
624 98
633 196
893 43
626 4
634 171
530 219
627 298
532 218
610 280
529 286
611 326
531 164
627 269
611 302
561 45
533 57
612 274
534 250
871 273
637 278
614 450
635 431
894 374
533 360
870 38
560 401
535 195
555 117
628 475
636 404
556 306
617 314
613 96
636 434
895 342
871 175
615 420
629 192
557 208
630 405
896 327
558 435
631 83
872 42
631 78
616 332
897 282
899 44
559 79
874 483
541 260
544 10
645 21
879 259
880 185
563 267
536 35
536 59
878 170
537 492
898 194
891 488
547 252
646 26
543 392
654 369
549 316
647 69
553 460
640 264
642 68
538 395
875 336
566 48
648 477
573 90
565 65
552 300
875 198
884 427
649 251
566 449
900 325
885 25
539 106
644 110
567 415
656 201
886 37
643 228
656 92
876 365
877 191
890 229
554 89
650 81
554 256
540 188
540 134
653 119
568 334
902 88
883 5
887 446
653 120
569 382
651 445
655 387
550 56
551 113
827 220
652 424
551 240
888 361
902 6
571 309
570 166
889 489
904 354
727 221
759 268
673 304
659 85
757 60
727 305
996 225
739 295
929 46
758 406
739 291
930 400
728 15
911 173
911 143
929 40
730 362
740 258
905 189
674 486
732 91
757 455
760 158
733 50
659 399
912 454
729 377
931 138
933 428
914 378
677 370
734 443
761 265
677 394
934 341
915 308
660 77
744 74
674 129
742 348
661 226
916 28
917 368
664 242
682 391
941 109
909 75
918 385
762 484
663 132
766 183
662 14
935 215
737 105
936 12
772 321
665 322
735 397
686 19
678 8
763 209
910 156
743 421
910 266
920 213
736 24
767 412
679 203
737 485
680 115
743 133
667 425
765 231
919 358
749 379
920 328
937 135
921 61
764 63
768 145
672 204
940 212
769 151
938 290
668 293
669 100
683 141
687 262
751 426
939 294
770 126
687 190
939 205
751 144
684 246
752 355
771 346
670 470
922 411
745 152
925 459
748 137
746 148
773 292
756 131
671 285
684 67
923 177
753 93
756 349
924 386
924 223
926 288
750 389
927 168
787 206
726 413
950 289
688 432
711 210
797 103
942 249
794 159
973 276
942 217
975 41
702 16
943 243
788 422
688 319
974 47
976 52
949 320
705 49
977 167
791 495
995 402
705 409
944 418
945 457
703 22
825 464
951 80
978 340
789 275
795 410
972 23
774 142
952 101
954 474
946 481
790 227
798 125
774 54
798 436
777 1
978 193
707 2
706 222
792 17
796 364
960 333
793 111
977 104
776 13
778 211
689 155
690 466
691 197
955 70
779 18
956 271
947 303
811 338
710 383
987 239
712 199
981 482
708 108
994 312
826 344
959 352
802 165
806 27
801 31
806 248
980 136
780 330
803 202
983 123
957 140
959 33
713 257
804 437
948 351
971 456
781 94
696 186
807 121
697 147
808 441
783 448
800 480
718 357
984 281
809 381
805 179
984 66
782 261
692 200
718 376
812 438
824 310
695 356
986 161
785 363
785 337
966 366
962 154
694 468
694 451
725 181
714 118
782 55
719 296
822 359
698 313
717 187
699 150
966 124
715 279
963 301
814 461
965 99
816 162
716 347
813 444
815 146
721 440
968 272
722 493
817 315
700 97
993 442
820 345
818 367
989 169
990 130
699 350
819 284
969 430
988 207
997 224
816 11
992 458
722 429
988 84
991 407
997 433
969 3
723 53
501 500
502 501
503 502
511 503
507 504
502 505
504 506
522 507
523 508
504 509
509 510
506 511
510 512
512 513
513 514
514 515
518 516
515 517
513 518
520 519
517 520
508 521
521 522
528 523
525 524
526 525
527 526
562 527
524 528
534 529
529 530
530 531
531 532
532 533
535 534
541 535
542 536
543 537
537 538
553 539
539 540
544 541
538 542
545 543
545 544
546 545
552 546
573 547
547 548
548 549
548 550
550 551
549 552
542 553
546 554
574 555
557 556
558 557
559 558
563 559
555 560
560 561
574 562
564 563
572 564
572 565
565 566
568 567
569 568
571 569
827 570
570 571
567 572
564 573
556 574
576 575
577 576
578 577
579 578
580 579
586 580
587 581
584 582
582 583
585 584
587 585
581 586
588 587
622 588
590 589
591 590
595 591
591 592
594 593
592 594
583 595
597 596
598 597
599 598
600 599
601 600
607 601
605 602
598 603
605 604
603 605
609 606
618 607
609 608
610 609
612 610
618 611
614 612
617 613
658 614
658 615
615 616
561 617
608 618
621 619
619 620
639 621
619 622
657 623
638 624
624 625
633 626
632 627
637 628
628 629
629 630
630 631
625 632
634 633
625 634
626 635
635 636
632 637
623 638
602 639
616 640
640 641
645 642
644 643
655 644
641 645
643 646
646 647
647 648
648 649
649 650
650 651
651 652
652 653
642 654
654 655
641 656
620 657
613 658
660 659
661 660
662 661
663 662
664 663
666 664
666 665
667 666
672 667
669 668
670 669
671 670
726 671
668 672
675 673
675 674
676 675
682 676
676 677
679 678
685 679
678 680
686 681
685 682
680 683
683 684
681 685
665 686
681 687
691 688
724 689
689 690
690 691
693 692
696 693
700 694
697 695
724 696
692 697
693 698
698 699
695 700
708 701
704 702
707 703
703 704
704 705
712 706
709 707
709 708
706 709
826 710
778 711
710 712
701 713
725 714
714 715
715 716
720 717
719 718
717 719
716 720
723 721
721 722
720 723
713 724
701 725
702 726
728 727
729 728
730 729
731 730
734 731
731 732
740 733
735 734
738 735
738 736
736 737
749 738
741 739
732 740
733 741
744 742
742 743
741 744
754 745
752 746
750 747
747 748
747 749
746 750
754 751
745 752
755 753
755 754
787 755
748 756
758 757
759 758
760 759
761 760
762 761
772 762
764 763
765 764
766 765
767 766
768 767
769 768
770 769
771 770
773 771
763 772
753 773
775 774
779 775
775 776
776 777
777 778
786 779
786 780
780 781
783 782
784 783
781 784
784 785
801 786
788 787
825 788
792 789
793 790
794 791
790 792
797 793
796 794
791 795
799 796
799 797
795 798
811 799
812 800
824 801
823 802
802 803
803 804
804 805
809 806
808 807
810 808
810 809
822 810
823 811
805 812
821 813
821 814
965 815
817 816
813 817
815 818
818 819
819 820
820 821
814 822
807 823
800 824
789 825
711 826
673 827
829 828
830 829
831 830
839 831
833 832
840 833
840 834
838 835
843 836
836 837
837 838
835 839
859 840
847 841
836 842
845 843
845 844
846 845
903 846
842 847
831 848
850 849
851 850
852 851
854 852
834 853
853 854
854 855
855 856
856 857
857 858
841 859
861 860
862 861
865 862
864 863
866 864
867 865
869 866
869 867
892 868
868 869
873 870
872 871
873 872
874 873
879 874
876 875
877 876
890 877
881 878
891 879
878 880
882 881
904 882
882 883
898 884
884 885
887 886
888 887
889 888
883 889
881 890
880 891
870 892
894 893
895 894
896 895
897 896
899 897
900 898
901 899
886 900
885 901
901 902
862 903
996 904
906 905
917 906
918 907
909 908
906 909
908 910
912 911
913 912
916 913
913 914
914 915
907 916
907 917
919 918
921 919
908 920
922 921
925 922
927 923
923 924
928 925
928 926
926 927
950 928
932 929
934 930
930 931
931 932
932 933
941 934
933 935
935 936
936 937
940 938
938 939
937 940
915 941
943 942
944 943
945 944
961 945
961 946
948 947
971 948
951 949
995 950
953 951
953 952
946 953
952 954
960 955
955 956
958 957
956 958
958 959
954 960
947 961
964 962
964 963
970 964
970 965
967 966
963 967
967 968
968 969
997 970
962 971
979 972
974 973
975 974
979 975
973 976
976 977
972 978
987 979
994 980
980 981
981 982
982 983
985 984
983 985
985 986
982 987
989 988
990 989
991 990
992 991
993 992
986 993
957 994
949 995
905 996
