239035.0
237714.0
235025.0
238353.0
237022.0
236647.0
237923.0
236978.0
240750.0
243342.0
241041.0
241348.0
238107.0
236452.0
238361.0
241139.0
239566.0
237419.0
234952.0
240231.0
238395.0
237299.0
238646.0
236537.0
241152.0
237833.0
240709.0
232109.0
236309.0
232875.0
235435.0
236179.0
238263.0
238680.0
238647.0
237945.0
238192.0
244373.0
239921.0
233940.0
238419.0
236350.0
239768.0
238456.0
236986.0
234876.0
237264.0
235122.0
238608.0
238709.0
237684.0
234872.0
240667.0
238174.0
238429.0
239391.0
236063.0
239695.0
235949.0
240596.0
237884.0
240757.0
237301.0
239354.0
238565.0
238128.0
237270.0
238542.0
237505.0
240507.0
239302.0
241913.0
235934.0
233632.0
239917.0
238916.0
235972.0
241015.0
239888.0
241235.0
240093.0
237916.0
239215.0
238479.0
237481.0
243427.0
238405.0
237295.0
238599.0
241349.0
237562.0
238089.0
236486.0
238477.0
237583.0
233602.0
240427.0
238937.0
241589.0
236329.0
