223577.0
222968.0
219885.0
213430.0
210822.0
223637.0
204270.0
190181.0
213629.0
217378.0
206595.0
212905.0
229481.0
199091.0
207950.0
198530.0
215876.0
186509.0
220483.0
210342.0
227214.0
186160.0
216055.0
214604.0
224397.0
197477.0
227356.0
210775.0
224861.0
215931.0
204039.0
214173.0
221481.0
202136.0
206965.0
214752.0
216299.0
205556.0
228348.0
214530.0
222130.0
219144.0
206283.0
212841.0
198727.0
202262.0
209225.0
213096.0
208853.0
221417.0
218979.0
212081.0
226388.0
210531.0
187245.0
233865.0
217539.0
207358.0
220685.0
202743.0
226312.0
203503.0
222672.0
226457.0
224068.0
202933.0
221001.0
223838.0
222186.0
210842.0
211787.0
211688.0
209693.0
200054.0
189733.0
214596.0
203439.0
216890.0
220972.0
213149.0
219570.0
201319.0
218625.0
221558.0
220330.0
214254.0
217323.0
210897.0
224848.0
216729.0
209924.0
221826.0
222559.0
209752.0
202317.0
213280.0
211261.0
211511.0
213639.0
201522.0
