232015.0
236918.0
236734.0
232675.0
230364.0
236659.0
231343.0
231421.0
232539.0
232096.0
232754.0
232847.0
234481.0
237223.0
229996.0
237922.0
237025.0
233386.0
230661.0
234193.0
234097.0
235285.0
232659.0
236490.0
234343.0
231815.0
238962.0
233317.0
235344.0
238370.0
236327.0
231140.0
234362.0
234443.0
234299.0
236696.0
235151.0
234789.0
234362.0
237174.0
233235.0
235143.0
234757.0
233308.0
237842.0
236824.0
232873.0
232949.0
234357.0
236514.0
230799.0
231129.0
237207.0
238115.0
234564.0
235001.0
232096.0
234701.0
239575.0
234390.0
236232.0
235558.0
236960.0
236919.0
231435.0
238990.0
232702.0
235353.0
236415.0
237200.0
232981.0
230381.0
231524.0
235663.0
233955.0
236522.0
234585.0
233210.0
236922.0
230638.0
234900.0
235317.0
235763.0
239575.0
235372.0
229349.0
238116.0
238364.0
232512.0
235824.0
232844.0
237936.0
232302.0
235364.0
234935.0
235107.0
235396.0
236219.0
234669.0
233384.0
