23.91349134913493
23.949994999499946
23.46744674467448
23.80592236894758
23.781134340302074
23.609243697478977
23.9966990097029
23.841199999999994
23.953795379537958
24.5179517951795
24.271835917958995
23.961496149614916
23.879951980792363
23.381138113811378
23.80198019801979
24.060199999999952
24.06411282256451
23.710800000000035
23.420026007802345
23.832232893157272
23.879275855171123
23.798679207524543
23.920060030015026
23.59445944594455
24.116223244648946
23.76019999999999
24.03370674134823
23.33920176052818
23.75582908035624
23.225257680376302
23.420442044204385
23.673536768384142
23.861372274454865
23.803200000000018
23.846684668466825
23.762999999999984
23.83916783356672
24.24407322196655
23.954363490792684
23.437681449594507
23.992597038815504
23.637099999999943
24.065799999999975
23.687868786878656
23.721021021020963
23.571799999999946
23.71259999999999
23.5070028011204
23.879299999999972
23.852170434086805
23.78330000000008
23.475695139027792
23.99129738921674
23.760404161664702
23.97807807807809
23.841609931918324
23.593737494998045
24.00410164065627
23.600980784627694
23.847893525467803
23.639219609804865
24.18285485645694
23.778611444577795
23.972486243121562
23.802240672201673
23.767537276093233
23.65506550655064
23.762314777733287
23.832
24.240024002400215
23.76835367073411
24.160560560560537
23.643799999999974
23.2875
23.953967777444213
23.840899999999984
23.52375712713812
24.120100000000033
24.049144229806863
24.15763152630522
24.081608160816092
23.770577057705733
23.808199999999992
23.782078207820756
23.917909700670762
24.447299999999995
23.818063482527275
23.75647564756471
23.899700000000024
24.12064825930369
23.760288374887352
23.70455227613806
23.71998799519806
23.928192819281886
23.82536507301468
23.314820374261952
24.108175723006052
23.91419141914193
24.040132105684535
23.69016901690171
