238375.0
237156.0
233621.0
236109.0
237570.0
235927.0
236733.0
236841.0
238753.0
244208.0
242324.0
238222.0
237144.0
234215.0
237607.0
240391.0
238581.0
236229.0
233860.0
237368.0
237930.0
237466.0
238645.0
236211.0
240258.0
236707.0
238883.0
231598.0
236126.0
230957.0
233879.0
235818.0
238196.0
238127.0
237667.0
237406.0
237427.0
241177.0
238666.0
233037.0
239378.0
235459.0
240130.0
237023.0
235715.0
234417.0
236588.0
234385.0
237862.0
238951.0
237412.0
233289.0
239409.0
235545.0
238363.0
238053.0
236397.0
239223.0
234852.0
237918.0
235763.0
239586.0
237926.0
239214.0
237428.0
237286.0
236141.0
236514.0
237972.0
241219.0
236851.0
241055.0
236312.0
232252.0
239108.0
237095.0
233668.0
241008.0
239254.0
240283.0
240708.0
237511.0
237368.0
237258.0
238267.0
243051.0
237930.0
235882.0
237850.0
239895.0
236553.0
236951.0
235946.0
237544.0
237626.0
232841.0
240523.0
238395.0
240324.0
235888.0
