240150.0
239734.0
234525.0
239228.0
239028.0
237001.0
239289.0
238960.0
239741.0
245489.0
243484.0
239399.0
239466.0
233775.0
239626.0
241094.0
242424.0
237018.0
234712.0
238338.0
239488.0
239440.0
240707.0
236180.0
241375.0
239264.0
241375.0
233752.0
238047.0
232369.0
236547.0
238135.0
239158.0
239240.0
240850.0
238680.0
238840.0
243199.0
239485.0
234934.0
241371.0
236646.0
240223.0
237575.0
237840.0
236622.0
238291.0
235632.0
238832.0
239661.0
238080.0
235151.0
241276.0
238808.0
240633.0
239475.0
236801.0
240565.0
237460.0
241001.0
237471.0
242952.0
239502.0
240606.0
238495.0
238368.0
237468.0
238755.0
239085.0
244054.0
239462.0
241358.0
237767.0
233158.0
240236.0
239774.0
234879.0
241301.0
241472.0
241731.0
241510.0
238803.0
239838.0
239182.0
239078.0
244933.0
239719.0
238910.0
240676.0
242556.0
238270.0
237561.0
238342.0
241018.0
238820.0
233843.0
241262.0
239918.0
241866.0
237555.0
