250022.0
248271.0
243480.0
248480.0
248954.0
245736.0
247785.0
247662.0
249488.0
255421.0
251741.0
249478.0
247289.0
244630.0
246717.0
251354.0
249260.0
247093.0
244523.0
249148.0
248362.0
247741.0
248439.0
245331.0
251680.0
248265.0
251049.0
241389.0
247017.0
241344.0
245431.0
246065.0
248581.0
248494.0
248958.0
249105.0
248375.0
253071.0
250201.0
243947.0
250442.0
244791.0
251528.0
246954.0
246440.0
246108.0
246915.0
244303.0
248967.0
248775.0
248343.0
244919.0
249003.0
247081.0
250560.0
249445.0
246285.0
250357.0
245168.0
250449.0
245304.0
250454.0
249061.0
249409.0
247428.0
247828.0
247214.0
249095.0
249207.0
252816.0
248821.0
251280.0
247890.0
242855.0
249741.0
248099.0
245232.0
250858.0
249839.0
252458.0
251627.0
248032.0
248348.0
248117.0
248932.0
254320.0
248026.0
247643.0
249721.0
251746.0
246873.0
248047.0
245884.0
247958.0
248267.0
243925.0
250253.0
249846.0
250202.0
246625.0
