24.15081508150812
23.884388438843875
23.79727972797277
24.015506202480978
23.8803641092328
23.854941976790663
24.161448434530342
23.937700000000003
24.2168216821682
24.579957995799543
24.53966983491749
24.156715671567138
24.114345738295295
23.820282028202808
24.107110711071112
24.22639999999997
24.12852570514103
23.918599999999994
23.866659997999346
24.03821528611444
24.112222444488907
23.857214328597113
24.132966483241592
23.963796379637927
24.279355871174236
23.968499999999953
24.513202640528082
23.582074622386695
23.82998098669066
23.576303412388704
23.66366636663665
23.677538769384682
24.013202640528117
23.897999999999982
24.018601860186013
24.153899999999947
23.963992798559733
24.46113834150245
24.139311449159326
23.584242666933633
24.227090836334504
23.770299999999988
24.172300000000003
23.87788778877887
23.868868868868837
23.748199999999972
23.853100000000012
23.899559823929554
23.92679999999997
23.99019803960789
23.828400000000013
23.662332466493282
24.205661698509584
23.91186474589833
24.199999999999957
24.110933119743713
23.824829931972836
24.344737895158104
23.68734987990392
24.18983288301813
23.82941470735365
24.136741022306698
23.844937975190064
24.121360680340217
24.194558367510233
24.031021715200616
23.936293629362854
24.058570284341215
23.991299999999995
24.34133413341336
23.93358671734345
24.262062062062054
23.796600000000012
23.50050000000002
24.174422095466802
24.109399999999983
23.914474342302682
24.395200000000028
24.24331898708838
24.261852370474127
24.292929292929276
24.022102210220986
24.012000000000047
24.047904790478984
24.156572229452404
24.563399999999977
24.21017322519271
23.93869386938691
24.076499999999992
24.44277711084435
24.101031340742992
23.949374687343663
23.93187274909962
23.88098809880984
23.939487897579518
23.495747022915975
24.215650955668973
24.046004600460034
24.240592473979177
23.733273327332718
