230280.0
231828.0
234500.0
234031.0
236103.0
233443.0
230117.0
230285.0
230597.0
230452.0
233488.0
234880.0
234025.0
236193.0
228782.0
236465.0
234927.0
226736.0
229449.0
235364.0
228994.0
229145.0
234187.0
229683.0
236749.0
232775.0
233451.0
231097.0
232784.0
233441.0
234298.0
228141.0
231833.0
233824.0
237588.0
237019.0
229098.0
234816.0
235804.0
234551.0
232818.0
231359.0
231458.0
234079.0
232076.0
232824.0
230428.0
230351.0
230136.0
233638.0
226025.0
228427.0
234020.0
235836.0
231371.0
240673.0
234399.0
231360.0
239895.0
232250.0
236799.0
232854.0
234413.0
235673.0
234516.0
238251.0
226811.0
235023.0
234882.0
234776.0
231650.0
230924.0
230295.0
232032.0
234447.0
230964.0
234166.0
231274.0
235757.0
229010.0
231432.0
233484.0
232723.0
238485.0
235358.0
228427.0
233676.0
235346.0
229838.0
232532.0
231590.0
230713.0
231199.0
231723.0
234354.0
232706.0
234898.0
236849.0
231298.0
233878.0
