76583.0
78541.0
79472.0
77652.0
80751.0
76752.0
75000.0
80204.0
81317.0
80083.0
76796.0
80191.0
79396.0
80750.0
80115.0
80893.0
80579.0
77591.0
80785.0
79838.0
81365.0
79542.0
81688.0
80132.0
72446.0
74971.0
76055.0
79574.0
83051.0
79390.0
76289.0
82685.0
79352.0
79572.0
80046.0
77697.0
79240.0
79806.0
78598.0
81130.0
83415.0
78918.0
85367.0
81517.0
75536.0
80550.0
77661.0
73554.0
76109.0
83032.0
83062.0
79754.0
81343.0
85275.0
78432.0
79815.0
78960.0
81046.0
77223.0
81571.0
80393.0
81969.0
76419.0
81080.0
77734.0
80420.0
80246.0
81155.0
84078.0
76616.0
83018.0
78683.0
78845.0
80651.0
79796.0
81909.0
77841.0
85486.0
80766.0
77007.0
78168.0
79999.0
80463.0
78706.0
80268.0
76226.0
79380.0
78617.0
74385.0
76227.0
79544.0
81086.0
78211.0
81960.0
85098.0
76137.0
81069.0
79084.0
79225.0
80489.0
