74450.0
78099.0
77507.0
75623.0
79955.0
77337.0
76419.0
77991.0
78659.0
79520.0
76792.0
79055.0
77424.0
79887.0
77092.0
79185.0
79182.0
77574.0
79830.0
77869.0
79545.0
79259.0
78543.0
78450.0
71119.0
77545.0
76897.0
77436.0
80325.0
80052.0
74471.0
79173.0
78123.0
76163.0
78639.0
77350.0
77610.0
79724.0
79767.0
79674.0
81408.0
75089.0
83388.0
78059.0
75762.0
77823.0
76196.0
71374.0
73933.0
80249.0
81625.0
77107.0
78804.0
81159.0
78760.0
80351.0
78007.0
77293.0
76179.0
78527.0
78261.0
79368.0
76352.0
78790.0
76691.0
76361.0
77289.0
79540.0
82954.0
78707.0
80928.0
75266.0
76733.0
78778.0
80515.0
81388.0
77782.0
82900.0
81759.0
76359.0
76798.0
79159.0
78070.0
78699.0
81221.0
74226.0
79333.0
75821.0
75106.0
75354.0
78851.0
81383.0
75487.0
83037.0
82487.0
73106.0
79458.0
79619.0
76998.0
77434.0
