7.354635463546356
7.694253338729256
7.745808927489397
7.530344066606475
7.863339035926336
7.5386473429951675
7.328159423192469
7.706799999999999
7.813183505568378
7.708538670421401
7.395045632333769
7.666265905219916
7.617346938775509
7.7361181349246495
7.684110275689217
7.764098968246019
7.608743497398958
7.558989898989901
7.781481481481483
7.715458550260311
7.837886701486537
7.640624999999998
7.892860718934611
7.6758391291200505
7.078162771958102
7.328214393255045
7.310908361740523
7.716309918601148
7.970944795110707
7.740703416305553
7.328432843284327
7.984938246811925
7.724176268445513
7.605783713224217
7.8170544224659215
7.571843105863517
7.670271352758586
7.717342799188638
7.605384307445957
7.8063870257283
8.116794200563831
7.657750759878418
8.333906534493222
7.846340232205959
7.436107735925476
7.762905162064823
7.469868645342425
7.13517338995046
7.2250426407143555
7.865683619219579
8.032348522784174
7.851337759002213
7.8395149065184455
8.033263200080153
7.602047987149886
7.870218992834797
7.635034288019364
7.782177225340819
7.4628900333232355
7.907968687274186
7.832639805135495
7.875777020252654
7.37296107275093
7.982637115718516
7.399219765929779
7.581497797356831
7.837109061748196
7.826774807249426
8.195284159613058
7.319274694450008
7.953542510121455
7.587905486583899
7.597106400080377
7.66723773052504
7.855153761394372
7.900300000000001
7.599198798197294
8.2222
7.821739565609046
7.592091991123661
7.540773392105791
7.62004008016032
7.705487009730164
7.746215584679467
7.910829307568436
7.319000000000003
7.759874098893292
7.634403209628888
7.142298827537835
7.362525050100205
7.602323950716219
7.858616201061384
7.562606345711142
7.900090009000898
8.173825973765897
7.318729903536979
7.78954235246889
7.680561122244487
7.70753486505468
7.727490996398559
