74127.0
75304.0
76038.0
74562.0
77237.0
75487.0
72975.0
77713.0
76864.0
76717.0
75323.0
76408.0
76371.0
76735.0
76654.0
78458.0
76340.0
75308.0
77455.0
76988.0
78869.0
74946.0
77775.0
76662.0
69912.0
72717.0
74219.0
77189.0
79632.0
77012.0
72902.0
78381.0
76532.0
76712.0
76829.0
75478.0
76550.0
76771.0
75398.0
77491.0
80049.0
75238.0
82848.0
77833.0
73750.0
76850.0
74524.0
70142.0
71929.0
79009.0
79180.0
77053.0
77693.0
80491.0
75808.0
77092.0
74587.0
78240.0
74021.0
76788.0
75258.0
78711.0
73379.0
77845.0
73739.0
75521.0
78126.0
77778.0
80986.0
73729.0
79336.0
76150.0
75461.0
77251.0
78554.0
77774.0
75124.0
81981.0
78041.0
75334.0
74612.0
76515.0
76271.0
76205.0
78564.0
74163.0
76434.0
76156.0
70909.0
73663.0
75387.0
78403.0
74263.0
79239.0
81148.0
73183.0
77049.0
77579.0
75909.0
77390.0
