73813.0
74908.0
72420.0
73811.0
76169.0
77488.0
72574.0
72546.0
73511.0
77848.0
69820.0
72738.0
75475.0
74432.0
75343.0
76402.0
70976.0
73651.0
74385.0
76513.0
74313.0
74899.0
74276.0
73400.0
76414.0
77074.0
73712.0
73778.0
72481.0
74136.0
74820.0
76915.0
74026.0
75041.0
74739.0
70525.0
71489.0
74798.0
73773.0
72995.0
71592.0
69362.0
74299.0
69217.0
73727.0
76859.0
73539.0
75547.0
69024.0
71574.0
70451.0
76174.0
73279.0
74141.0
74975.0
73427.0
69959.0
76919.0
71937.0
72510.0
77712.0
72821.0
74980.0
73358.0
73657.0
76320.0
72454.0
75592.0
73726.0
74744.0
73961.0
70672.0
69906.0
77545.0
73938.0
68835.0
75728.0
73431.0
73394.0
75640.0
73385.0
75502.0
73154.0
67731.0
71830.0
73957.0
73663.0
72688.0
75634.0
77608.0
70344.0
76748.0
71142.0
70167.0
76641.0
74003.0
73557.0
72576.0
77319.0
74923.0
