334206.0
331083.0
329466.0
333170.0
334977.0
332594.0
334134.0
331767.0
331433.0
336604.0
334380.0
331013.0
329108.0
334483.0
332279.0
336236.0
334687.0
331242.0
333354.0
332048.0
336992.0
335843.0
336138.0
332802.0
336727.0
336790.0
332538.0
329559.0
334139.0
331080.0
333550.0
332714.0
331810.0
335128.0
333929.0
337179.0
332024.0
336968.0
335957.0
330827.0
328650.0
334102.0
333407.0
331733.0
329919.0
330008.0
335061.0
331064.0
337169.0
333131.0
333914.0
333845.0
333031.0
331305.0
334471.0
332198.0
335229.0
336335.0
336661.0
334559.0
332702.0
334736.0
330903.0
332540.0
335048.0
337497.0
335449.0
333780.0
330281.0
335674.0
333461.0
331564.0
333795.0
328548.0
333307.0
334170.0
332622.0
333349.0
335240.0
336190.0
333528.0
332140.0
336010.0
334537.0
334990.0
335575.0
332865.0
334893.0
337294.0
335610.0
334834.0
332807.0
333701.0
330883.0
337528.0
328880.0
333173.0
337075.0
336493.0
332833.0
