333069.0
330495.0
328542.0
331339.0
334571.0
331357.0
333461.0
332859.0
330974.0
336243.0
332603.0
329992.0
328292.0
334670.0
332574.0
335240.0
334835.0
330449.0
332500.0
331902.0
336217.0
335776.0
334556.0
333076.0
336854.0
334694.0
332246.0
329082.0
332784.0
332059.0
332685.0
332461.0
331914.0
334682.0
332769.0
335715.0
331458.0
335713.0
335523.0
331217.0
327412.0
332733.0
332660.0
331750.0
328972.0
328798.0
334747.0
330206.0
336983.0
331686.0
331439.0
333296.0
333080.0
330029.0
334858.0
331764.0
335973.0
336522.0
335514.0
333653.0
330840.0
334187.0
331478.0
332229.0
335147.0
336473.0
335417.0
332445.0
330259.0
334204.0
332408.0
330933.0
333037.0
328739.0
332488.0
335053.0
330721.0
332695.0
335478.0
334964.0
333831.0
331157.0
335070.0
335103.0
334573.0
334873.0
331873.0
334027.0
336297.0
333791.0
333111.0
331643.0
334097.0
330563.0
335592.0
328522.0
332520.0
336277.0
336698.0
331988.0
