33.29632963296328
33.1524152415241
32.91179117911783
33.21726517955387
33.585158515851525
33.231492597038795
33.46039207841564
33.3144
33.16921692169208
33.62286228622865
33.375987993997015
33.2612261226122
32.87746323897171
33.39983998399834
33.28962896289626
33.608199999999925
33.593318663732774
33.10930000000001
33.33590077023113
33.3317995398619
33.66073214642926
33.48679207524513
33.54659999999995
33.39703970397039
33.78647864786469
33.7152
33.3939787957591
32.89666900070021
33.41709196437512
33.261752350470104
33.37363736373629
33.211463439031704
33.27165433086613
33.593499999999985
33.38809999999998
33.73829999999992
33.303230323032395
33.643292987896366
33.635799999999996
33.25749999999989
32.931086217243546
33.35069999999996
33.4524000000001
33.21002100210015
33.036729383506795
32.886199999999995
33.46600000000002
33.14030000000007
33.83559999999995
33.23862386238614
33.30139999999992
33.336867373474696
33.39601880564168
33.04901960784323
33.47809561912377
33.21506451935576
33.537661298389466
33.699069906990665
33.77600000000003
33.39177424196933
33.278339169584804
33.561768530559185
33.302700000000016
33.329198759627836
33.60372074414877
33.84749324527165
33.634299999999996
33.327832783278225
33.032999999999966
33.39273927392737
33.35889999999999
33.15392313851071
33.39770000000002
32.87029999999998
33.40674067406732
33.51649999999991
33.36060818245469
33.39180000000001
33.598619033323246
33.70077007700768
33.52195219521946
33.19931993199314
33.54709999999993
33.579857985798576
33.434304012808845
33.58940000000001
33.21069999999994
33.465546554655496
33.77280000000001
33.469987995198
33.44442221110552
33.277210884353806
33.4625850340136
33.10181018101803
33.59841968393672
32.89972981086762
33.35795056539574
33.6090609060905
33.6856056817044
33.348900000000064
