33.401240124012375
33.35023502350238
33.099209920992074
33.626187856356864
33.705170517051656
33.421668667466975
33.534106821364176
33.42690000000006
33.23542354235415
33.748474847484715
33.47583791895946
33.498049804980475
33.18915674702412
33.46194619461942
33.45684568456838
33.79769999999996
33.77265453090618
33.31190000000001
33.49054716414927
33.37871361408418
33.90438087617523
33.65729437662599
33.65710000000006
33.63366336633653
33.92159215921585
33.8250000000001
33.5646129225845
33.147044113233946
33.66196337436207
33.34216843368671
33.551655165516486
33.51815544663399
33.45829165833159
33.74229999999997
33.442000000000014
33.876499999999965
33.542854285428575
33.85005501650498
33.85720000000003
33.40639999999992
33.06511302260459
33.53459999999998
33.42160000000005
33.36233623362322
33.18464771817452
33.002799999999965
33.61380000000011
33.312300000000015
34.047899999999984
33.287028702870224
33.47259999999998
33.457991598319566
33.52265679703904
33.23429371748705
33.579715943188596
33.48684605381613
33.81164349304785
33.77687768776871
33.89389999999999
33.56939857900533
33.36628314157079
33.695308592577724
33.459699999999984
33.425627688306506
33.74254850970182
33.92324627239075
33.78080000000001
33.63686368636857
33.19549999999996
33.432643264326394
33.442099999999975
33.35598478783021
33.46770000000001
33.06380000000003
33.43544354435439
33.64169999999995
33.51375412623785
33.59840000000004
33.73651556089254
33.844884488448876
33.62426242624258
33.361536153615326
33.73809999999987
33.74497449744968
33.699689782847926
33.78600000000002
33.33569999999996
33.63316331633159
34.025700000000036
33.50880352140848
33.66573286643315
33.46408563425375
33.608043217286905
33.21582158215818
33.76235247049419
33.02841989392571
33.61212848994287
33.822182218221755
33.82474742422724
33.52280000000003
