33.56715671567157
33.29552955295531
33.21192119211923
33.523156947084125
33.59365936593654
33.36924769907962
33.53250650130032
33.34269999999997
33.34633463346328
33.87358735873578
33.48494247123557
33.33223322332229
33.07792337701305
33.54435443544349
33.541054105410424
33.80119999999998
33.6398279655931
33.28630000000004
33.498749624887445
33.50555166549958
33.88537707541514
33.831198719231594
33.63510000000004
33.54635463546348
33.79527952795278
33.655899999999974
33.489897979595895
33.141042312693756
33.48003602521769
33.36947389477889
33.50615061506146
33.42972891867556
33.348269653930785
33.68799999999999
33.40839999999998
33.90520000000007
33.438543854385415
33.920476142842844
33.72299999999999
33.31799999999993
33.10812162432488
33.4973
33.47810000000003
33.37683768376829
33.205764611689375
33.18729999999999
33.62770000000009
33.26320000000003
33.90279999999994
33.40954095409541
33.527199999999986
33.48729745949192
33.55636691007303
33.32723089235687
33.67943588717741
33.419625887766365
33.73191957587267
33.81928192819277
33.858200000000046
33.57490243170212
33.373086543271654
33.58577573271979
33.38739999999998
33.41292387716305
33.66233246649324
33.96947863504447
33.804699999999954
33.51625162516246
33.16379999999994
33.74687468746868
33.51799999999998
33.336369095276225
33.56340000000001
33.05339999999998
33.53185318531846
33.616499999999945
33.37861358407521
33.57120000000001
33.74322025417788
33.722072207220705
33.53845384538453
33.384638463846414
33.794799999999945
33.607260726072546
33.610527369158376
33.80759999999994
33.4915
33.55325532553257
33.85369999999999
33.680172068827595
33.56708354177088
33.50270108043213
33.658663465386184
33.25222522252223
33.80336067213445
32.99839887921542
33.47593315320719
33.83058305830571
33.79043713113926
33.31760000000005
