33.5313531353135
33.190319031903094
33.116811681168116
33.48394518355502
33.57625762576258
33.21228491396551
33.446889377875515
33.18290000000003
33.22692269226915
33.71867186718667
33.382091045522735
33.26952695269525
32.95498649594882
33.478647864786424
33.5710571057105
33.77759999999998
33.65343068613725
33.22709999999999
33.41482444733422
33.492947884365186
33.66973394678925
33.769761857114304
33.5855
33.54925492549247
33.7507750775077
33.652099999999976
33.237247449489864
32.88856656997098
33.69658761132793
33.23214642928585
33.47244724472441
33.280884265279596
33.218043608721764
33.64789999999992
33.40250000000004
33.71200000000004
33.166316631663214
33.937281184355285
33.56219999999992
33.023699999999955
33.04710942188433
33.529500000000006
33.364300000000014
33.09310931093102
33.077662129703775
33.040900000000015
33.55390000000001
33.20800000000003
33.90249999999995
33.3082308230823
33.46029999999994
33.38777755551111
33.46083825147542
33.2264905962385
33.55021004200843
33.319095728718615
33.81994598379521
33.736673667366624
34.00150000000004
33.50485339737817
33.39059529764886
33.548464539361845
33.362400000000044
33.318695608682475
33.65973194638925
33.8330831582107
33.66180000000006
33.62126212621253
32.94099999999994
33.61856185618557
33.52459999999998
33.25380304243387
33.30479999999996
33.199600000000025
33.492849284928376
33.45459999999995
33.27508252475734
33.341500000000046
33.603622535775
33.758575857585804
33.364036403640334
33.19941994199418
33.66899999999988
33.5838583858385
33.629540678474854
33.60739999999997
33.366999999999926
33.718371837183696
33.89779999999992
33.525510204081705
33.50185092546273
33.46078431372552
33.517707082833105
33.173217321732196
33.54630926185239
32.97588311818278
33.403982787951506
33.66856685668558
33.86405921776535
33.38060000000003
