333979.0
333469.0
330959.0
336161.0
337018.0
334083.0
335274.0
334269.0
332321.0
337451.0
334591.0
334947.0
331792.0
334586.0
334535.0
337977.0
337659.0
333119.0
334805.0
333687.0
338976.0
336371.0
336571.0
336303.0
339182.0
338250.0
335579.0
331371.0
336384.0
333355.0
335483.0
335081.0
334516.0
337423.0
334420.0
338765.0
335395.0
338399.0
338572.0
334064.0
330585.0
335346.0
334216.0
333590.0
331581.0
330028.0
336138.0
333123.0
340479.0
332837.0
334726.0
334513.0
335126.0
332210.0
335730.0
334768.0
338015.0
337735.0
338939.0
335459.0
333496.0
336852.0
334597.0
334156.0
337358.0
338995.0
337808.0
336335.0
331955.0
334293.0
334421.0
333293.0
334677.0
330638.0
334321.0
336417.0
335037.0
335984.0
337129.0
338415.0
336209.0
333582.0
337381.0
337416.0
336761.0
337860.0
333357.0
336298.0
340257.0
334954.0
336489.0
334507.0
335946.0
332125.0
337556.0
330053.0
335886.0
338188.0
338146.0
335228.0
