111139.0
108781.0
108339.0
108426.0
108670.0
108687.0
108496.0
108782.0
108298.0
108434.0
110971.0
103959.0
107591.0
105792.0
106087.0
106441.0
107139.0
107070.0
108495.0
111489.0
106919.0
106587.0
108058.0
106117.0
109084.0
107832.0
105332.0
105261.0
108888.0
105482.0
109893.0
109026.0
107793.0
109466.0
108792.0
104629.0
110131.0
107576.0
112922.0
107432.0
110240.0
105554.0
110960.0
109365.0
104348.0
107735.0
106892.0
105959.0
108462.0
111873.0
113131.0
109325.0
108765.0
112970.0
108888.0
110108.0
104562.0
106593.0
103699.0
106613.0
107610.0
108818.0
105781.0
101900.0
108686.0
107698.0
109799.0
106847.0
110619.0
106376.0
110281.0
109529.0
106116.0
103480.0
107147.0
108106.0
107419.0
111849.0
106319.0
109051.0
109646.0
106766.0
110770.0
108036.0
106513.0
107277.0
108563.0
105512.0
109575.0
110118.0
104944.0
111093.0
106591.0
109413.0
114273.0
103780.0
108466.0
109972.0
107827.0
107809.0
