100703.0
97311.0
100957.0
98434.0
96741.0
105975.0
88696.0
87022.0
93337.0
99737.0
89955.0
95973.0
101900.0
82017.0
96296.0
89339.0
101293.0
81647.0
100754.0
94147.0
99191.0
78740.0
98183.0
91782.0
92040.0
90434.0
99163.0
98463.0
101423.0
89612.0
88803.0
93870.0
97884.0
96534.0
96929.0
94252.0
91162.0
92315.0
98484.0
101696.0
103106.0
99152.0
92089.0
96630.0
92251.0
92937.0
98829.0
94698.0
90228.0
106600.0
104633.0
98324.0
102049.0
93099.0
91122.0
104186.0
92559.0
95154.0
95691.0
88805.0
105937.0
97341.0
103126.0
103018.0
100353.0
90259.0
99983.0
96942.0
96937.0
95621.0
100803.0
97967.0
96860.0
84296.0
86779.0
97317.0
92827.0
93372.0
100206.0
97998.0
101385.0
87633.0
101303.0
98027.0
101169.0
92097.0
97260.0
96307.0
100162.0
96820.0
98341.0
98730.0
100536.0
94935.0
89350.0
98256.0
96363.0
100216.0
97515.0
86972.0
