107839.0
108431.0
105406.0
109017.0
108542.0
109599.0
107781.0
108312.0
107925.0
107855.0
109489.0
106606.0
106500.0
105710.0
105945.0
106080.0
107317.0
108249.0
108922.0
110462.0
107091.0
106257.0
109534.0
106957.0
107853.0
106937.0
105161.0
104595.0
108256.0
104828.0
108476.0
108174.0
108207.0
111046.0
108641.0
103777.0
109414.0
106194.0
112076.0
107359.0
110191.0
104950.0
111110.0
108659.0
104448.0
107734.0
107644.0
105100.0
107443.0
112646.0
112484.0
109744.0
108841.0
113784.0
108749.0
110420.0
102993.0
107349.0
103329.0
105409.0
105102.0
109692.0
105580.0
101967.0
108593.0
106402.0
108774.0
108012.0
110469.0
106348.0
109578.0
109899.0
105347.0
104657.0
106410.0
108315.0
107300.0
111839.0
106539.0
109406.0
109099.0
108760.0
111986.0
107860.0
105116.0
107002.0
106993.0
104446.0
107509.0
109316.0
104314.0
111021.0
107472.0
109562.0
114458.0
104649.0
106763.0
110548.0
107070.0
106138.0
