109067.0
109637.0
107259.0
109437.0
109892.0
109219.0
107559.0
108598.0
108810.0
109541.0
110980.0
106027.0
107759.0
106996.0
107410.0
107220.0
108248.0
107591.0
108285.0
112779.0
107656.0
108109.0
110548.0
107243.0
108286.0
109755.0
106485.0
106656.0
108823.0
106099.0
110108.0
110680.0
109784.0
109481.0
108101.0
103614.0
110463.0
107758.0
112939.0
107299.0
111755.0
106345.0
112342.0
110208.0
106099.0
108573.0
107200.0
106977.0
108366.0
112108.0
113108.0
110591.0
109799.0
113515.0
109490.0
111473.0
103499.0
107065.0
106293.0
106469.0
108357.0
111166.0
107014.0
103352.0
108997.0
108429.0
112152.0
107429.0
111520.0
109278.0
110251.0
110864.0
108064.0
106815.0
107010.0
110085.0
108330.0
113830.0
108848.0
110019.0
109870.0
108898.0
112259.0
108186.0
106547.0
108665.0
108820.0
106056.0
110963.0
109655.0
107274.0
111627.0
108853.0
109675.0
113951.0
105549.0
107724.0
110113.0
108181.0
107627.0
