10.931893189318929
11.115540267098345
10.77314119883919
11.147959183673478
10.970816141692666
11.118236472945894
10.890446625275384
11.017500000000004
10.876987698769883
10.976583608525964
11.180523518202794
10.731285028022416
10.724689875950386
10.704506674696374
10.693634085213027
10.797278367020219
10.945489097819557
10.977782245903283
11.053853853853855
11.21926311573888
10.750375789157228
10.849094567404421
11.09171923500552
10.853197238066645
10.867680912821537
10.857700000000005
10.700822137557648
10.61196272918546
11.018835787997194
10.67474221643809
10.948694869486944
11.106235565819853
11.074893875075775
11.289085249523044
11.00421432871764
10.498198919351601
11.082006608591172
10.703737100490928
11.409027221777416
10.912003203523872
11.232655921513661
10.64373685791529
11.413412907141415
11.036207241448288
10.811462130417175
10.81952781112445
10.950455409868882
10.675892498997197
10.902076853616935
11.206226849534504
11.391817545263576
11.15831824582579
11.142395149065187
11.510469892796321
11.018436873747497
11.12515018021627
10.39057171514543
10.836718359179589
10.586196503918025
10.723225030084231
10.607807807807811
11.145377982755164
10.717502251576107
10.335378734533748
10.911573472041606
10.79515418502203
10.967993598719747
10.897666967057175
11.162774381076483
10.74227422742275
11.104387898216782
11.086303564277124
10.618105093941514
10.727703315529574
10.868977261344282
10.926200000000005
10.859389083625437
11.308499999999999
10.778200380342312
11.074869530309106
11.043656753779914
10.917535070140282
11.226000601865776
10.946818136121438
10.709380318350185
10.798799999999998
10.791240729605136
10.620272163297981
10.875939472893071
11.122545090180356
10.59571271160974
11.215907953976986
10.906916224602137
11.02380238023802
11.629017723039956
10.618132692885016
10.866218386190278
11.276052104208418
10.76180944755805
10.814225690276109
