111817.0
112322.0
110968.0
112449.0
112182.0
114008.0
112035.0
113879.0
112234.0
111357.0
113551.0
111727.0
110198.0
110088.0
111939.0
111290.0
111068.0
111644.0
112649.0
115182.0
110911.0
110155.0
113060.0
111225.0
112881.0
111550.0
109433.0
107912.0
112006.0
109063.0
112565.0
113328.0
112294.0
115141.0
112644.0
107798.0
112495.0
110708.0
117922.0
112091.0
114354.0
109326.0
115279.0
112796.0
108037.0
110964.0
111757.0
108853.0
111211.0
115771.0
117043.0
114022.0
113594.0
118292.0
113737.0
115239.0
107341.0
111558.0
108747.0
109148.0
107827.0
112723.0
110092.0
105498.0
112248.0
109145.0
112546.0
110914.0
114708.0
110390.0
114865.0
112785.0
109529.0
107654.0
111516.0
111927.0
110370.0
116137.0
111417.0
113716.0
113081.0
113578.0
115802.0
113267.0
109415.0
110850.0
111088.0
109235.0
111763.0
112882.0
110174.0
115458.0
112221.0
114138.0
118867.0
108445.0
110180.0
115557.0
111772.0
112514.0
