106225.0
108958.0
105630.0
107180.0
107554.0
106941.0
106619.0
108356.0
106905.0
107234.0
109441.0
105142.0
105356.0
105338.0
104809.0
107585.0
106597.0
107441.0
107684.0
110620.0
105929.0
106417.0
108131.0
104854.0
106744.0
107547.0
106020.0
103892.0
107757.0
104784.0
107125.0
108698.0
108542.0
108601.0
106155.0
103614.0
109030.0
106147.0
111114.0
107041.0
109188.0
104115.0
109963.0
109101.0
103000.0
107485.0
106076.0
104093.0
107558.0
109778.0
111990.0
107993.0
108607.0
111316.0
108288.0
108769.0
102875.0
106247.0
104013.0
105048.0
105914.0
108212.0
104776.0
100965.0
108840.0
106076.0
108724.0
106869.0
110879.0
106589.0
108208.0
108743.0
104077.0
103953.0
105761.0
107402.0
105897.0
111132.0
106304.0
107763.0
108945.0
105621.0
110130.0
106357.0
104726.0
106796.0
107522.0
104893.0
107019.0
108127.0
104916.0
110003.0
106258.0
108750.0
113443.0
104159.0
106728.0
109058.0
106203.0
106682.0
