107782.0
107913.0
108490.0
109939.0
108683.0
110988.0
108623.0
109950.0
107272.0
108855.0
110808.0
106728.0
106228.0
105848.0
106450.0
108188.0
108475.0
107278.0
109990.0
111582.0
108143.0
107434.0
110681.0
107770.0
108167.0
106895.0
106107.0
105162.0
108555.0
105384.0
107792.0
108731.0
108883.0
111257.0
109515.0
104415.0
110027.0
106259.0
112289.0
107213.0
110605.0
106291.0
110934.0
108521.0
104635.0
107658.0
107937.0
105789.0
107896.0
112178.0
112366.0
109773.0
108788.0
114708.0
108542.0
112312.0
103259.0
108210.0
104439.0
106517.0
105795.0
109446.0
105975.0
101222.0
108706.0
106531.0
109051.0
107399.0
110400.0
108767.0
109813.0
110620.0
105258.0
105853.0
106422.0
108861.0
107702.0
112342.0
108369.0
109668.0
109232.0
106558.0
111885.0
107929.0
105251.0
107288.0
107378.0
105463.0
107769.0
109532.0
106352.0
110568.0
107889.0
109007.0
115308.0
104669.0
107561.0
110498.0
107433.0
107246.0
