51.925092509251215
51.817281728172986
52.28420000000013
52.08041608321662
52.17121712171221
52.34910000000002
51.93249324932511
52.08880000000011
51.67830000000006
51.74140000000004
52.143599999999964
52.04030403040317
51.82310000000012
52.13640000000012
51.55260000000017
52.07630000000006
51.86144457783115
51.85349999999995
51.95030000000015
51.94879487948783
52.01890000000008
51.89760000000001
51.68340502150605
52.042604260426195
51.86929999999998
52.13322664532902
51.7096419283857
52.05500000000009
52.307561512302506
52.16901690169009
52.13110000000004
51.67680000000018
51.97320000000012
52.268553710742296
52.161800000000106
52.153000000000034
51.90899999999999
51.73630000000006
51.95989999999996
52.47310000000008
52.02560768230418
51.75170000000014
51.836234493797484
52.13859999999977
52.42409999999997
52.38457691538311
52.10171017101705
51.73030000000015
51.81480000000011
52.25490000000009
52.29462946294642
52.0964096409641
52.1488000000002
51.86285885765674
52.00650000000017
52.302500000000094
51.95329065813158
52.29709999999991
51.90040000000006
51.67620000000016
51.682000000000045
51.78249999999997
52.09510951095116
52.32753275327537
51.79733920175996
51.87230000000017
51.77340000000021
52.106400000000164
52.17610000000019
51.804100000000226
52.03410000000021
51.815799999999875
52.209100000000035
52.26010000000015
52.051099999999956
52.36649999999991
52.32280000000015
52.232646529305754
52.22880000000032
52.01180118011823
51.92500000000021
51.95799159831951
51.61798539561826
52.102200000000366
51.75060000000014
52.20410000000008
52.096109610961214
52.09370000000008
52.20110000000021
52.552000000000184
52.19460000000018
52.14801480148011
51.99169916991715
51.72859999999995
51.857100000000344
51.98409840984113
52.222044408881786
52.07650000000024
52.05190000000024
51.91950000000008
