526359.0
523218.0
527480.0
527887.0
525228.0
525912.0
525759.0
527802.0
524062.0
530807.0
527868.0
524709.0
526923.0
528085.0
528005.0
527710.0
527399.0
526164.0
528787.0
528486.0
526601.0
527321.0
524778.0
523982.0
529667.0
526041.0
526436.0
524067.0
523747.0
525681.0
527695.0
523502.0
527606.0
527657.0
528279.0
527161.0
528348.0
528549.0
526961.0
524551.0
525872.0
527109.0
527000.0
524669.0
527032.0
529618.0
524245.0
525916.0
531008.0
523244.0
525257.0
522933.0
526455.0
526431.0
526676.0
522762.0
522773.0
526764.0
524702.0
526119.0
530763.0
525311.0
524389.0
523980.0
527635.0
525028.0
527579.0
526160.0
528885.0
527101.0
524862.0
527436.0
523248.0
525401.0
526346.0
527665.0
519628.0
523881.0
522797.0
526470.0
525175.0
524949.0
528796.0
526098.0
524048.0
526441.0
522179.0
528421.0
528142.0
527346.0
530108.0
525398.0
524639.0
526614.0
533260.0
522860.0
528696.0
525235.0
525506.0
526972.0
