550114.0
547091.0
550880.0
550564.0
548063.0
548294.0
549262.0
550103.0
547591.0
554650.0
550941.0
548685.0
549922.0
551419.0
550787.0
552217.0
549932.0
550259.0
553322.0
550808.0
549049.0
551438.0
547580.0
547171.0
552545.0
550538.0
548499.0
545564.0
546359.0
549397.0
550444.0
547979.0
549630.0
551327.0
551564.0
552971.0
551862.0
552428.0
549368.0
548833.0
548256.0
550946.0
551308.0
548322.0
551274.0
552102.0
548967.0
550522.0
554197.0
545570.0
547157.0
546507.0
549767.0
548133.0
549043.0
545083.0
545275.0
549944.0
548131.0
548455.0
554413.0
548100.0
546946.0
546877.0
550254.0
548577.0
550027.0
549143.0
554140.0
549743.0
547818.0
549945.0
545844.0
548415.0
549860.0
549303.0
542842.0
546545.0
545503.0
549173.0
549823.0
550008.0
551794.0
549707.0
546916.0
548857.0
545883.0
549985.0
551775.0
549642.0
552789.0
549025.0
548470.0
549819.0
556462.0
546692.0
552352.0
548551.0
548339.0
549624.0
