55.04790479047861
54.67956795679554
55.1327132713267
55.15064519355785
54.800900000000105
54.812899999999935
55.04880976195236
54.98489999999994
54.69936993699345
55.48760000000011
55.247949589917845
54.85458545854547
55.06071821546421
55.118199999999824
55.14609999999988
55.135499999999894
55.057211442288455
55.04619999999997
55.36437287457487
55.267426742674154
54.878975795158766
55.131239371811176
54.77629999999989
54.84689999999999
55.25220000000002
55.140599999999694
54.85887177435504
54.715971597159204
54.63879999999999
55.02300460092043
55.091599999999794
54.80999999999982
55.00980000000009
55.076999999999856
55.19409999999998
55.17920000000001
55.19631963196299
55.43038607721547
55.002799999999816
54.928399999999726
54.89367873574715
55.08349999999986
55.12869999999984
54.80578057805756
55.057417225167384
55.19280000000001
54.806799999999875
55.027899999999796
55.498799999999825
54.61309999999983
54.725099999999976
54.5855585558551
55.0770999999998
54.838183818381424
54.98179999999972
54.50999999999991
54.56079999999987
55.04520452045169
54.81640000000006
54.87049999999983
55.3466999999999
54.808699999999824
54.81669999999994
54.67966796679643
55.131226245249096
54.87890000000003
54.96099999999994
54.84599999999998
55.31849999999982
55.07639999999986
54.8630999999998
55.13211321132071
54.67259999999997
54.845799999999954
54.91619999999999
54.968900000000076
54.29752975297509
54.645399999999874
54.55859999999997
54.920592059205944
55.140314031402845
54.868686868686616
55.061199999999786
55.00559999999994
54.652000000000015
54.79310000000009
54.5528
55.04649999999981
55.34509999999966
55.17621762176206
55.35207041408277
54.95958787636263
54.79369999999987
54.95559555955564
55.59461892378486
54.62629999999999
55.261900000000054
54.8599859985997
54.81559999999991
55.00200000000004
