53.03070307030706
52.80728072807291
53.12301230123022
53.24087226167805
52.79750000000023
52.9256000000001
53.10822164432898
53.128
52.94129412941299
53.54490000000016
53.13602720544108
52.93899389939011
53.193257977392705
53.05570000000019
53.05949999999992
53.273800000000115
53.19053810762175
52.97860000000007
53.26825365073021
53.25392539253954
53.051110222044606
53.245973792136965
52.90110000000018
52.7499000000002
53.336600000000224
53.1751
52.984396879375986
52.76047604760467
52.81420000000017
53.02650530106015
53.04189999999995
52.79769999999994
53.11990000000015
53.2634
53.24840000000009
53.22750000000029
53.30683068306842
53.35437087417485
53.12630000000006
52.84080000000028
52.89467893578722
53.12860000000018
53.055400000000205
52.92639263926402
53.22326698009353
53.34650000000014
52.98840000000022
53.05140000000008
53.34730000000024
52.79590000000018
52.87890000000005
52.68426842684289
53.095600000000196
52.89608960896114
53.04860000000015
52.62150000000034
52.66070000000002
53.135313531353134
53.03140000000029
53.033999999999885
53.38940000000027
52.937500000000064
52.88480000000017
52.85218521852195
53.1605321064212
52.98220000000028
53.02580000000007
53.05209999999989
53.30880000000004
53.09150000000015
52.95380000000008
53.16631663166327
52.66770000000014
52.986799999999945
53.14140000000005
53.08390000000016
52.38293829382964
52.81710000000034
52.70340000000006
52.972597259726065
52.982998299829944
53.120412041204105
53.297500000000106
53.11580000000017
52.807200000000165
53.0169
52.61809999999994
53.15520000000041
53.246599999999994
53.139213921392255
53.46189237847553
53.06101830549141
52.86330000000001
53.12021202120217
53.732746549309894
52.74010000000042
53.23460000000016
52.982498249825255
52.92710000000001
53.111400000000046
