52.658965896589706
52.44024402440264
52.81198119811973
52.84775432629728
52.54290000000021
52.595100000000016
52.685737147429464
52.74740000000008
52.45134513451347
53.158000000000136
52.8816763352671
52.58015801580164
52.73061918575523
52.81000000000013
52.8189
52.87320000000031
52.72984596919375
52.601700000000264
52.92598519703954
52.9236923692369
52.679935987197496
52.7439231769524
52.50830000000005
52.454000000000164
52.975400000000256
52.69440000000004
52.646629325865256
52.467546754675446
52.39700000000014
52.58011602320466
52.806400000000146
52.47620000000022
52.79129999999978
52.78640000000016
52.8503000000003
52.77950000000039
52.842284228422876
52.95369073814763
52.67849999999999
52.43590000000027
52.57611522304461
52.725400000000214
52.71310000000006
52.543254325432514
52.76943082924815
52.96700000000004
52.45460000000014
52.68980000000027
53.145700000000204
52.290200000000134
52.50709999999999
52.290729072907496
52.709200000000294
52.620462046204814
52.67600000000016
52.3041000000003
52.30010000000035
52.70247024702489
52.48290000000019
52.70909999999997
53.08110000000026
52.53380000000004
52.4579000000001
52.38573857385765
52.801060212042266
52.544800000000095
52.74320000000024
52.65600000000034
52.91930000000017
52.75100000000013
52.61440000000035
52.78137813781381
52.33650000000018
52.58680000000018
52.66110000000002
52.76629999999995
52.039403940394195
52.40470000000028
52.34990000000006
52.66216621662163
52.634963496349656
52.54235423542372
52.89360000000031
52.66440000000037
52.36500000000021
52.70340000000007
52.229799999999976
52.870100000000264
52.862800000000064
52.792479247924774
53.075315063012255
52.62488746623963
52.47580000000018
52.72867286728683
53.31506301260222
52.34690000000034
52.93719999999999
52.59265926592661
52.580900000000106
52.707000000000036
