525407.0
523153.0
525232.0
526450.0
522692.0
524658.0
525481.0
525182.0
523518.0
529627.0
526349.0
523366.0
525882.0
525893.0
526322.0
527965.0
525966.0
525879.0
526822.0
527376.0
526085.0
527355.0
523162.0
523311.0
528679.0
525969.0
525567.0
522382.0
522809.0
524309.0
524993.0
522143.0
526051.0
526371.0
526742.0
526465.0
527172.0
527594.0
525861.0
522338.0
524305.0
524923.0
525441.0
523301.0
526704.0
527623.0
524266.0
526351.0
529406.0
522911.0
523582.0
521682.0
524051.0
524129.0
526238.0
521353.0
520973.0
523324.0
523959.0
524692.0
528197.0
524455.0
523109.0
523125.0
526319.0
525691.0
525867.0
525572.0
528827.0
525246.0
523644.0
527148.0
522012.0
525241.0
524415.0
526347.0
520938.0
523026.0
522016.0
525651.0
525557.0
525115.0
527516.0
525632.0
523031.0
524463.0
520648.0
526998.0
526479.0
526565.0
527837.0
524383.0
523976.0
525580.0
531427.0
522116.0
527366.0
524984.0
525727.0
525716.0
