16.79377937793779
16.88287115827411
16.442409686780742
17.104441776710694
16.616085737179482
16.612845138055203
17.13167900740444
16.601100000000017
17.33233323332335
17.100070049034308
17.21294906434503
16.730684547638113
17.031812725090052
16.939548872180453
17.01923462232017
16.91464878927354
17.171034206841348
16.611600000000028
16.779833950185058
16.918702442931522
17.065613122624526
16.983585226704058
17.412530024019215
16.6879375875175
17.10146087652593
17.100800000000014
17.51062763184277
16.65299589876963
16.99729810867606
16.513865251776963
16.876287628762867
16.899839743589734
17.09399137325709
17.290044158972286
16.913591359135907
16.69921953171903
16.840668133626693
17.04674674674676
17.345676541232994
17.240764841325436
17.388827710481518
16.698708320817058
17.021338409136426
16.825565113022602
16.573073073073072
16.9899
16.92503252927636
16.786922999899893
17.13540000000004
17.122524504900976
17.164099999999987
16.62558767630288
16.879091182063863
17.017032361486837
17.04408817635269
17.432719263115754
16.788988988988997
16.650725362681353
16.505563909774448
17.127757721620537
16.613413413413422
16.8891780959055
16.89182427699387
16.682728912041686
17.19085725717713
16.973170487536287
16.992798559711943
17.177613135762922
17.071614583333332
16.924492449244916
16.939787957591513
16.78888888888887
16.609800000000007
16.581500000000013
16.55148604022815
16.67439999999999
16.80284085225569
17.521500000000007
17.104393954559107
17.167084042872894
17.18263742865728
16.948294829482943
17.10606971153846
16.764788449969906
17.04655120632695
17.02010000000002
16.81546009812756
16.76552965889769
16.919999999999987
17.219319319319332
16.60733246519082
17.037318659329664
16.98899009108197
16.84068406840686
17.179635927185437
16.419893925748028
17.027419193435396
16.98619861986199
16.94995996797437
16.657663065226068
