163719.0
165025.0
159947.0
167732.0
163289.0
162117.0
167336.0
162492.0
168478.0
167265.0
166337.0
162692.0
165442.0
163616.0
166676.0
166098.0
168192.0
161334.0
163932.0
165164.0
166145.0
165135.0
168249.0
162855.0
165896.0
166311.0
170026.0
160030.0
165428.0
160501.0
165570.0
165947.0
166178.0
166771.0
164143.0
163768.0
163883.0
166028.0
168240.0
167079.0
168999.0
160729.0
165140.0
165023.0
161840.0
166382.0
165671.0
164143.0
166579.0
167240.0
168501.0
162336.0
164547.0
166157.0
166223.0
167527.0
164039.0
163142.0
158833.0
166857.0
162106.0
163411.0
164767.0
162551.0
167153.0
165736.0
164524.0
168031.0
166228.0
164585.0
166070.0
164459.0
162232.0
162007.0
161921.0
160832.0
161439.0
170033.0
166265.0
165414.0
166900.0
165452.0
167324.0
162855.0
164930.0
166565.0
163649.0
164022.0
164597.0
167222.0
161421.0
165734.0
164268.0
162982.0
168576.0
159411.0
166312.0
164745.0
163376.0
164241.0
