168323.0
169891.0
164241.0
172994.0
168125.0
168019.0
173288.0
168382.0
173277.0
172188.0
173061.0
167139.0
170007.0
169269.0
170415.0
171579.0
173928.0
166139.0
169206.0
169067.0
171110.0
170181.0
174156.0
168950.0
171824.0
171337.0
175680.0
165200.0
170504.0
164820.0
170723.0
171369.0
170776.0
172408.0
168540.0
168105.0
169854.0
171472.0
173695.0
171479.0
175147.0
167087.0
170508.0
171350.0
167669.0
171500.0
169092.0
169168.0
172570.0
172731.0
173987.0
167254.0
168693.0
172072.0
170215.0
172693.0
168876.0
168004.0
164727.0
173073.0
167666.0
168422.0
169125.0
167323.0
171846.0
170641.0
169980.0
172839.0
172649.0
170730.0
170570.0
169777.0
166017.0
166899.0
166251.0
165792.0
167843.0
176248.0
171345.0
172012.0
172162.0
170428.0
172105.0
166838.0
169456.0
170377.0
168572.0
169024.0
170288.0
171737.0
166737.0
170012.0
169427.0
169084.0
174196.0
164330.0
171184.0
169876.0
168127.0
168441.0
