16.815581558155806
16.87986785464013
16.464525167617342
17.197579031612662
16.69310897435897
16.733093237294913
17.28537122273362
16.742299999999986
17.355635563556365
17.18432903032124
17.27369158410888
16.745696557245786
17.09253701480594
16.741954887218043
17.15578040472852
16.999999999999996
17.308261652330458
16.522000000000006
16.95028508552565
16.937124549459362
17.072514502900557
16.904313882494257
17.282826261008793
16.62792558511704
17.008204922953777
17.1412
17.59825546420694
16.491747524257274
17.02671870309215
16.406146761437586
16.91299129912993
17.053986378205124
17.086969605777913
17.28211561621838
16.914791479147908
16.76355813488091
16.838867773554703
17.062162162162178
17.31355084067252
17.185303834217642
17.36810491540694
16.61930509662564
17.13073532358245
16.80966193238647
16.6941941941942
17.198500000000013
16.811330197177483
16.917693000901156
17.275499999999997
17.127325465093005
17.315500000000004
16.71161348404522
16.80432389150237
17.211602043883357
17.00951903807615
17.309271125350442
16.868368368368376
16.717758879439742
16.446917293233074
17.27888086642599
16.697197197197205
16.863850235258788
16.816671670169107
16.77920256461631
17.160948284485347
16.98818700570627
16.922884576915376
17.309671605927107
17.125801282051274
16.961296129612958
16.8982796559312
16.85845845845845
16.570799999999984
16.67540000000001
16.53707595316722
16.550299999999993
16.66289886966091
17.518600000000003
17.02101891702533
17.03415806871683
17.26975067587865
17.004300430042985
17.216145833333314
16.709745337878488
16.894283712083286
16.985700000000026
16.81325723440472
16.953986195858782
16.955299999999983
17.201401401401416
16.5949113492938
16.968384192096053
16.800320288259424
16.700970097009712
17.41598319663933
16.407985589912933
16.976383468427887
16.89998999899991
16.800440352281825
16.725890356142457
