168615.0
167549.0
165471.0
171507.0
166699.0
166396.0
172844.0
167309.0
172306.0
171023.0
171027.0
165928.0
169373.0
168182.0
168376.0
170629.0
171549.0
165425.0
168100.0
166918.0
170632.0
169158.0
173152.0
168137.0
170883.0
170357.0
175067.0
164010.0
169003.0
164664.0
170574.0
171234.0
169999.0
172222.0
169036.0
166412.0
167356.0
170073.0
171913.0
172837.0
173146.0
166364.0
169331.0
168274.0
166637.0
170811.0
169621.0
168538.0
171019.0
170067.0
172622.0
165741.0
168350.0
169216.0
171302.0
171356.0
168128.0
167009.0
164314.0
170958.0
166953.0
168191.0
168020.0
166693.0
170887.0
169340.0
167869.0
172787.0
170825.0
168420.0
169745.0
168576.0
165478.0
167447.0
164722.0
165665.0
166088.0
174596.0
170433.0
169873.0
171299.0
168696.0
169918.0
168098.0
168998.0
171121.0
168424.0
166615.0
167894.0
171296.0
164978.0
170118.0
167765.0
167088.0
173065.0
163220.0
171118.0
169614.0
166995.0
166911.0
