16.68676867686768
16.798478326158776
16.28640048033623
17.090536214485795
16.829527243589737
16.607843137254903
17.16800080048026
16.63790000000001
17.253025302530254
16.98619033323325
17.1481036725708
16.579063250600466
16.77951180472192
16.780451127819553
16.881787216990535
16.995297178306966
17.18103620724144
16.44019999999999
16.777033109932972
16.756207448938728
17.069713942788553
16.88869982984688
17.206465172137705
16.747249449890006
16.88633179907946
17.03040000000002
17.289352316021652
16.384615384615387
16.87331131792255
16.279907898688553
16.866786678667868
16.927584134615394
16.930885745812017
17.1829586511441
16.79377937793778
16.686812087252353
16.755451090218013
16.946446446446448
17.300240192153716
17.083491841025133
17.379717689458385
16.52077701011314
16.89711480665196
16.80456091218243
16.511711711711705
17.090800000000005
16.77329596636973
16.81035345949735
17.013200000000005
17.144928985797147
17.268399999999986
16.529058717615268
16.730157141427306
17.068830778479096
17.032565130260515
17.254905887064485
16.729729729729755
16.623411705852956
16.393684210526306
17.131969514640986
16.66506506506509
16.86425067574331
16.778244771339935
16.64916850330596
17.087826347904358
16.87826609270196
16.85727145429087
17.08640368442132
17.10086137820512
16.837483748374837
16.815963192638517
16.81551551551551
16.513599999999983
16.587600000000005
16.512959071349947
16.348099999999995
16.61388416524957
17.347300000000008
16.97387648883995
16.990183311629764
17.011915490137206
16.790779077907775
17.101462339743613
16.608883096049748
16.799979977975767
16.9724
16.70171222589366
16.758727618285516
16.774599999999975
17.01881881881884
16.498948211960354
17.01730865432716
16.854969472525283
16.686268626862677
17.2880576115223
16.28539977984589
17.041028720104062
16.73947394739475
16.73568855084068
16.64985994397759
