16.696869686968693
16.825307838622475
16.2364655258681
17.00190076030413
16.64463141025639
16.504501800720284
17.12687612567538
16.681299999999986
17.2038203820382
16.9705794055839
17.115080556389476
16.510108086469174
16.869847939175678
16.705162907268175
16.90232418353035
16.908545127076234
17.152330466093225
16.454599999999996
16.73271981594479
16.775430516619956
17.006501300260048
16.866880192172967
17.205864691753394
16.77655531106221
16.853111867120294
16.999399999999994
17.36685381993183
16.323497049114735
17.00870609426598
16.39493442787065
16.879187918791867
16.95352564102565
16.858561540776424
17.231132075471677
16.74497449744974
16.65439263558134
16.75395079015802
16.971371371371404
17.30344275420336
17.11212333566924
17.34618079887876
16.63893060979272
17.00320577038669
16.95779155831166
16.60550550550551
16.93500000000001
16.718446601941743
16.80514669069792
17.09700000000001
17.018503700740144
17.28410000000001
16.554366309892977
16.715644079671712
17.036870053100884
16.968236472945897
17.219763716459756
16.79409409409412
16.627013506753404
16.328621553884712
17.151223425591652
16.6778778778779
16.769846831514656
16.75402781947362
16.5979763574434
17.106832049614884
16.901291420562615
16.788657731546312
17.124949939927895
16.960036057692303
16.819381938193814
16.85217043408683
16.81981981981981
16.562199999999976
16.602200000000003
16.495646952867027
16.433699999999973
16.60568170451136
17.38869999999999
16.932939645681127
16.92567364519683
16.990687894262557
16.751175117511746
17.118790064102576
16.561560056146007
16.799179097006707
16.82189999999999
16.668969660558727
16.84355306591981
16.78349999999999
17.022422422422434
16.540518882099587
16.92066033016507
16.754579121209087
16.742674267426743
17.136227245449103
16.302011407985578
17.027219053337323
16.860786078607873
16.723779023218555
16.72549019607844
