174155.0
174995.0
169011.0
177217.0
174042.0
171480.0
180135.0
173362.0
178222.0
176346.0
178776.0
172303.0
175222.0
173052.0
175187.0
177296.0
179584.0
171364.0
174099.0
174514.0
176673.0
173555.0
179337.0
173518.0
176619.0
176891.0
181404.0
170502.0
177111.0
170486.0
175488.0
176347.0
176140.0
178197.0
173879.0
172918.0
174292.0
176390.0
179390.0
177976.0
179131.0
170621.0
175464.0
175829.0
171684.0
178043.0
173717.0
175369.0
178298.0
177406.0
180105.0
172668.0
175182.0
176263.0
176069.0
177949.0
173477.0
172439.0
167986.0
177523.0
172576.0
175302.0
173261.0
172477.0
176629.0
175231.0
174275.0
179350.0
176994.0
174621.0
174925.0
174082.0
170743.0
172955.0
171601.0
171392.0
171935.0
181638.0
175763.0
176858.0
176898.0
175342.0
178657.0
172081.0
173341.0
176300.0
173426.0
174581.0
175972.0
177823.0
171581.0
175657.0
175490.0
173471.0
178601.0
170349.0
176486.0
173652.0
174168.0
172812.0
