5.4535453545354535
5.515154607613021
5.426176529993941
5.758803715423089
5.333098520680286
5.861111111111111
5.695750591624654
5.8629999999999995
5.7775659676933895
5.6899421495991085
5.27389429345101
5.816451257389039
5.862745098039216
5.626883786790737
5.677092731829575
5.9299356654603965
5.362258814021619
5.148882370789928
5.654801744245003
5.610132158590308
5.639815186822017
5.389616935483871
5.5505698005698
5.570497147514263
5.312966179626036
5.264578942085718
5.568974178639607
5.77781127524872
5.805645816409425
5.787171398527868
5.435443544354436
6.253539511999198
5.637067998776635
5.007733252987846
5.584913395510915
5.544495180111617
6.172924802242917
5.683662000613058
5.597437966512003
5.379251012145749
5.534434152235199
5.54143870314083
5.602973902488367
5.491065118626957
5.739268517569921
5.754601840736293
5.292088639326184
5.671014053179657
5.112069830440454
5.557322523646195
5.426039058587882
5.431841199108771
5.891056088933806
6.2110009017132555
5.428369652945925
5.820987023602737
5.391264877950375
5.731956696070572
5.4151325106210795
5.531875577456113
5.4112453059981735
5.9980950471225185
5.517248315397764
5.55438668164641
5.266379913974192
5.232765531062124
5.765256305939787
5.183012434817489
5.924833299656496
5.637821482602119
6.110728744939269
5.9261232284651735
5.503744330766798
4.856605691056909
5.926374837223283
5.864299999999997
5.587381071607412
5.585800000000001
5.76140847920672
5.593504135565868
5.503806852334201
5.968486551585709
5.638980840605878
5.56375088895662
5.8930152979066
5.1152000000000015
5.590791782801694
5.224473420260783
5.359887346610343
5.3277912132204746
5.333534439416792
5.945529187944328
5.263898662913442
5.443444344434443
5.6203063983178145
5.533741080530073
5.8639428398913145
5.589027021473338
5.229657870974214
5.41837882040274
