53858.0
52948.0
52614.0
53156.0
52870.0
55078.0
53111.0
55533.0
54976.0
52378.0
51812.0
54501.0
57783.0
51560.0
54753.0
55803.0
51548.0
51342.0
54060.0
53013.0
55757.0
52959.0
52615.0
54301.0
48904.0
51313.0
53803.0
54090.0
54922.0
54046.0
53209.0
59047.0
52880.0
49371.0
52622.0
54236.0
58183.0
53446.0
54654.0
52542.0
51732.0
53164.0
54958.0
53194.0
53828.0
55780.0
52499.0
51234.0
50173.0
52260.0
53065.0
50271.0
53749.0
58856.0
51191.0
55391.0
52590.0
51791.0
49694.0
51527.0
51667.0
56749.0
53060.0
53259.0
49799.0
50415.0
55130.0
50520.0
54680.0
50308.0
57451.0
55921.0
52000.0
47324.0
55369.0
55958.0
54542.0
54498.0
54924.0
52219.0
53153.0
56938.0
53327.0
54035.0
53078.0
50244.0
51542.0
51256.0
52547.0
50530.0
51575.0
58133.0
51073.0
52222.0
53899.0
50954.0
54276.0
52945.0
51758.0
49544.0
