214548.0
214312.0
210220.0
216472.0
213118.0
216306.0
219161.0
213663.0
215599.0
218913.0
214942.0
217119.0
217233.0
211710.0
217253.0
217272.0
214706.0
214625.0
210680.0
213323.0
215868.0
216600.0
219385.0
213805.0
217605.0
216587.0
217726.0
211138.0
212671.0
207950.0
213300.0
212433.0
218078.0
215441.0
215377.0
216983.0
213173.0
217680.0
213911.0
211494.0
215149.0
211645.0
214372.0
213427.0
209731.0
214317.0
213394.0
214141.0
215761.0
216306.0
215110.0
211513.0
213528.0
215170.0
215060.0
219806.0
210338.0
217337.0
211722.0
217872.0
213368.0
218583.0
212126.0
215964.0
216921.0
217455.0
214853.0
216150.0
214903.0
210936.0
216359.0
216303.0
211311.0
212814.0
215478.0
213862.0
214603.0
218136.0
216841.0
212349.0
216124.0
216804.0
214644.0
216365.0
216077.0
219584.0
215609.0
216154.0
215948.0
219997.0
213808.0
215120.0
214248.0
214580.0
217323.0
209855.0
217338.0
215627.0
216485.0
214583.0
