20.488895558223287
20.429199999999977
20.937000000000015
20.88238823882387
20.71997199719969
20.96779355871172
20.56300080128209
20.83171585792899
20.427185437087434
20.738812693963325
21.073929571828725
20.916766706682697
20.856485648564874
21.15706282513003
20.674737368684358
20.89076723016907
21.242699999999996
20.241317185466926
20.725888833249876
20.906471941582467
20.68223644728945
20.366199999999974
20.925999999999995
20.62571285642821
20.8490698139628
20.559123649459753
21.03820382038203
20.54816444933484
20.449664429530216
20.790786179268885
20.902199999999986
20.451945194519453
20.682499999999987
20.908426741393104
20.875062518755623
20.9285642821411
20.815681568156783
20.86307261452288
21.10003000900267
20.797359471894385
20.824764952990616
20.513954186255873
20.679535907181428
21.200940658460905
20.312587552531554
20.893789378937907
20.69200000000004
20.632152861144448
20.816281628162795
20.933066533266647
20.238147629525894
20.500050005000485
20.663000000000014
20.986389111289064
20.73344668933786
21.168550565169554
21.02550765229568
20.774032209662884
21.491394836902156
20.978897889788954
20.979300000000023
20.491245622811398
20.843984398439837
21.04730946189239
20.901070321096334
20.901680336067223
20.595519103820752
21.115500000000047
21.057299999999984
20.76441730076093
20.45494549454948
20.764905962384944
20.47064706470642
20.792558511702353
21.089308930893115
20.629725945189023
20.61329999999997
20.7910791079108
21.049614884465313
20.913482696539305
20.20352211326795
20.553150986875064
20.839226685365144
21.185492746373153
20.863677309578655
20.314794438331496
20.546382467727426
20.74914982996599
20.513968158606193
20.71268507402963
20.594497248624286
20.973989595838336
20.580716143228635
20.826147844353294
21.192657797339177
20.710171017101697
21.05780000000002
20.85497099419881
20.24592132919629
20.982893157262918
