211424.0
213483.0
209521.0
215553.0
211533.0
213320.0
219627.0
212820.0
213700.0
215515.0
215378.0
215998.0
216440.0
210127.0
214767.0
213989.0
215657.0
212504.0
208998.0
212236.0
215631.0
213479.0
218466.0
209671.0
215840.0
215317.0
214300.0
211270.0
211895.0
206342.0
213282.0
211936.0
216604.0
214163.0
213101.0
213544.0
211859.0
216508.0
212613.0
210771.0
214343.0
209609.0
212644.0
209320.0
208279.0
213968.0
211653.0
212909.0
213925.0
216656.0
212721.0
210903.0
213979.0
212593.0
213777.0
217042.0
208845.0
214197.0
211614.0
215527.0
214379.0
217108.0
211580.0
214660.0
216158.0
215142.0
213739.0
213727.0
212971.0
209271.0
216289.0
215435.0
210675.0
210851.0
214831.0
212805.0
211832.0
214679.0
216569.0
212861.0
213988.0
214702.0
213813.0
214808.0
213645.0
219547.0
215489.0
214323.0
215792.0
217474.0
214650.0
214476.0
212944.0
213996.0
214495.0
208342.0
216328.0
214506.0
214178.0
213729.0
