21.456945694569455
21.433343334333426
21.02410241024101
21.65586234493796
21.318195458637593
21.63925570228093
21.922676803040915
21.36630000000003
21.562056205620557
21.89348934893486
21.509256479535686
21.720588235294123
21.731992797118846
21.17311731173118
21.72747274727471
21.727199999999954
21.474894978995803
21.462500000000023
21.074322296689015
21.340836334533773
21.59111822364472
21.673003802281386
21.951671002601543
21.382638263826376
21.764852970594145
21.658700000000007
21.77695539107822
21.120136040812234
21.281997398178717
20.809566696687686
21.332133213321317
21.253926963481774
21.81216243248648
21.544100000000007
21.539853985398505
21.698299999999964
21.321564312862588
21.774532359707905
21.408226581264998
21.17268995895486
21.523509403761462
21.1645
21.475856541775222
21.344834483448356
20.994094094094073
21.431699999999985
21.339399999999983
21.422669067627083
21.57609999999996
21.634926985397023
21.510999999999992
21.155531106221243
21.359207762328708
21.52561024409763
21.52752752752747
22.00700841009216
21.042216886754698
21.744572286143093
21.18915132105685
21.802461723206285
21.358158158158147
21.86485945783733
21.22108843537414
21.607203601800915
21.69860958287485
21.76073251275889
21.489597919583915
21.640969162995592
21.524739583333343
21.095709570957055
21.640228045609135
21.651951951951926
21.13110000000001
21.281399999999998
21.56289402581807
21.386199999999977
21.466740022006572
21.813599999999997
21.703633269942955
21.23914782956591
21.623211605802926
21.682568256825654
21.464399999999998
21.658158158158177
21.631494644108514
21.958399999999997
21.588965655351945
21.621886565969824
21.594800000000024
22.00850340136056
21.40863122058677
21.522761380690334
21.433373349339742
21.460146014601445
21.736647329465907
21.000200140098038
21.749024317021885
21.56485648564859
21.66583266613288
21.466886754701886
