21.285728572857288
21.197419741974187
20.889888988898914
21.56812725090033
21.10823246974092
21.355642256902744
21.720616184855455
21.217599999999972
21.430643064306413
21.612861286128602
21.51065746022215
21.5996398559424
21.448579431772693
21.04300430043004
21.616061606160617
21.49
21.517703540708137
21.305900000000026
20.931879563869174
21.125650260103995
21.393778755751143
21.38262957774665
21.697518511106644
21.119111911191094
21.609721944388866
21.445000000000018
21.566813362672537
21.091527458237454
21.09436605623937
20.65445812068448
21.185318531853188
21.265232616308133
21.66223244648929
21.51770000000001
21.24342434243423
21.2994
21.19333866773353
21.638791637491256
21.238490792634135
21.099709680648722
21.349139655862302
20.991200000000003
21.342516529753556
21.13731373137313
20.838938938938938
21.403499999999966
21.119699999999984
21.267006802721106
21.472800000000042
21.54890978195637
21.330100000000016
20.96219243848766
21.36170851255377
21.40366146458584
21.339339339339347
21.798658390068127
21.05342136854744
21.49594797398699
21.138410728582848
21.57109976983888
21.381881881881878
21.57377213163951
21.159363745498208
21.424812406203102
21.387316194858457
21.462023416391453
21.183136627325457
21.496495794953965
21.234575320512832
20.994099409940997
21.666933386677336
21.525925925925925
21.01710000000003
21.066500000000016
21.348443910737483
21.214200000000034
21.301790537161093
21.627300000000005
21.660894805324837
21.223544708941763
21.34027013506756
21.461146114611452
21.56309999999997
21.456456456456426
21.480929021924076
21.94699999999997
21.502953839992017
21.383314994498345
21.59640000000001
21.72008803521408
21.340342445178734
21.612406203101585
21.18407362945179
21.380638063806412
21.663832766553327
20.85199639747824
21.73211247873513
21.41274127412745
21.53442754203366
21.34193677470986
