21.392939293929416
21.33993399339936
21.02180218021803
21.434973989595854
21.324297289186717
21.479791916766715
21.828548564569353
21.420299999999994
21.573857385738574
21.735373537353734
21.712398679075385
21.631652661064464
21.5244097639056
20.96149614961501
21.726372637263697
21.591500000000014
21.651030206041188
21.210800000000027
21.09612883865155
21.36724689875946
21.59351870374074
21.53231939163499
21.954972983790288
21.240024002400226
21.609421884376882
21.527099999999987
21.740848169633917
21.191657497249178
21.228860202141497
20.63234263984793
21.542354235423524
21.257528764382194
21.744548909781955
21.524899999999995
21.390439043904344
21.440599999999982
21.329365873174602
21.80424127238176
21.44285428342674
21.272099309240165
21.580632252901154
21.13299999999997
21.422159887798067
21.280528052805316
21.103703703703708
21.42129999999997
21.250900000000005
21.49269707883153
21.66009999999998
21.759751950390044
21.580999999999996
21.16953390678134
21.432429728918674
21.506702681072447
21.62392392392393
21.726071285542638
21.07492997198879
21.59479739869934
21.32035628502802
21.74101871309918
21.405805805805855
21.635190557167146
21.269907963185265
21.417908954477223
21.492747824347294
21.54388071650155
21.303760752150392
21.561273528233873
21.3183092948718
20.897589758975943
21.630026005201003
21.623223223223256
21.02169999999999
21.121300000000012
21.50785549884919
21.39090000000004
21.28098429528854
21.824699999999986
21.75848263437096
21.375875175034995
21.500450225112598
21.493149314931483
21.530699999999996
21.57047047047044
21.486034638101877
22.003799999999984
21.59297086212079
21.54916474942485
21.568900000000074
21.909963985594203
21.321718233703805
21.518959479739852
21.367346938775547
21.519051905190523
21.684536907381492
20.915340738516917
22.005103572500744
21.4723472347235
21.391513210568434
21.40246098439376
