21.18171817181719
21.501450145014495
21.09400940094011
21.604941976790744
21.201060318095408
21.359443777510972
21.987696308892637
21.43119999999997
21.444444444444418
21.590059005900578
21.653257280096078
21.678271308523428
21.762404961984767
20.984098409840954
21.521652165216516
21.46480000000003
21.56021204240849
21.325299999999984
20.98339501850559
21.21598639455782
21.611722344468873
21.451570942565564
21.981388833299984
21.021302130212987
21.644528905781186
21.504199999999994
21.482196439287858
21.22076622986897
21.2480736515561
20.68938256779747
21.26902690269025
21.38239119559783
21.749549909981994
21.520600000000005
21.372137213721352
21.342899999999972
21.230646129225857
21.59527858357505
21.375900720576464
21.253979377315044
21.528911564625837
20.994100000000017
21.39260669204567
21.065106510651013
20.84894894894897
21.36759999999994
21.211700000000004
21.400760304121658
21.546400000000002
21.66783356671332
21.393600000000006
21.173134626925364
21.440232069620897
21.34513805522208
21.479479479479494
21.69643572286747
20.945178071228497
21.477438719359665
21.27502001601281
21.74692284599216
21.567267267267283
21.741322396719056
21.178871548619462
21.504252126063033
21.589576873061887
21.607225057540273
21.445789157831555
21.42390869042851
21.37199519230769
20.953995399539938
21.60902180436086
21.70020020020019
21.10509999999999
21.091400000000007
21.555388772140496
21.280899999999967
21.231969590877217
21.502
21.746171554398998
21.380276055211027
21.428914457228622
21.56735673567357
21.463599999999968
21.49069069069068
21.596756432075253
21.98139999999996
21.59507359567438
21.474442332699795
21.581500000000048
21.767507002801093
21.522479222989872
21.52586293146574
21.269207683073223
21.45344534453444
21.549509901980375
20.94616231361953
21.664465125587938
21.53525352535257
21.46427141713369
21.30342136854743
