21.23112311231123
21.263326332633277
20.9213921392139
21.42947178871552
21.15424627388214
21.3174269707883
21.844653396018813
21.239899999999952
21.339833983398297
21.48354835483547
21.394776343440387
21.42897158863548
21.546818727490948
21.004100410040966
21.398339833983403
21.373700000000028
21.452890578115635
21.199999999999996
20.866259877963394
21.12134853941574
21.45299059811963
21.1963177906744
21.84470682409446
20.94199419941991
21.5867173434687
21.49099999999996
21.430586117223445
20.90967290187055
21.081256879815886
20.506454518162737
21.15341534153412
21.131765882941487
21.613422684536904
21.393100000000032
21.15521552155213
21.423599999999958
21.110322064412863
21.53416024807441
21.205964771817463
20.963159475422966
21.375050020008
21.008100000000006
21.26607894209577
21.009800980098
20.87017017017018
21.35319999999998
21.061200000000007
21.10524209683873
21.359499999999986
21.569013802760512
21.292099999999998
21.01290258051607
21.181054316294905
21.247198879551817
21.382982982982984
21.738786543852655
20.796618647458985
21.414507253626798
21.094375500400318
21.5302711898329
21.412012012012003
21.492047614284292
21.097639055622253
21.28104052026014
21.448834650395124
21.49324527169018
21.236647329465878
21.322987585102094
21.135216346153864
20.89398939893988
21.595419083816743
21.435335335335306
20.94710000000001
20.975400000000015
21.35554888421895
21.1854
21.12653796138836
21.40680000000002
21.582924632168965
21.254950990198015
21.351275637818905
21.37303730373036
21.26909999999995
21.440240240240282
21.369606567223947
21.771599999999996
21.45188745368979
21.32419725917776
21.4692
21.69147659063625
21.176729748673296
21.439119559779883
21.309523809523835
21.46154615461542
21.346769353870762
20.79745822075453
21.593615530871638
21.285328532853335
21.285528422738214
21.228391356542616
