21.40634063406341
21.39593959395935
21.14751475147515
21.520508203281324
21.34220266079827
21.542416966786693
21.976192857857374
21.5541
21.573057305730554
21.75147514751474
21.566296407485254
21.693077230892353
21.709383753501402
21.15141514151412
21.70007000700071
21.576699999999974
21.57251450290059
21.385400000000025
20.986395918775642
21.379351740696272
21.684936987397503
21.505003001801096
22.15259155493296
21.19371937193719
21.83946789357875
21.546499999999973
21.519203840768157
21.15794738421524
21.26658661062743
20.777744421094766
21.36243624362435
21.315157578789396
21.840268053610696
21.5953
21.385938593859397
21.511499999999995
21.307161432286456
21.799439831949595
21.328763010408352
21.148463309640604
21.581532613045205
21.173499999999983
21.49529152474453
21.213321332133237
21.01231231231232
21.60139999999997
21.23979999999999
21.291116446578634
21.604500000000005
21.75615123024602
21.5504
21.251350270053976
21.4176252875863
21.483993597438932
21.412212212212182
21.849419303163835
21.062925170068034
21.756878439219633
21.21787429943953
21.828980286200313
21.58328328328327
21.80234070221069
21.323229291716686
21.453426713356667
21.592577773331993
21.651255879115414
21.471894378875778
21.55806968362033
21.452524038461558
21.168816881688134
21.880376075215054
21.62192192192193
21.226599999999998
21.22680000000002
21.44190933653557
21.363499999999984
21.34090227068117
21.699199999999998
21.744770293263976
21.467793558711737
21.492846423211603
21.685568556855685
21.55389999999998
21.63863863863862
21.562518770647674
22.060000000000006
21.671773305296867
21.507552265679724
21.71570000000001
21.882753101240514
21.351757284469805
21.663031515757886
21.43447378951582
21.596959695969613
21.60292058411684
21.162413689582678
21.803862703892708
21.55995599559959
21.49599679743796
21.305222088835507
