8292 1276
3947 1719
5381 6562
8979 3704
8631 2749
3325 4896
7685 3746
8031 173
469 831
1741 2143
9528 7729
6771 7621
756 1684
4986 1870
2148 7805
2171 372
1272 553
8177 9729
447 2908
8162 359
6901 8599
6480 6995
8900 1099
5895 7955
9902 3493
7217 5048
8611 2677
1697 5780
7118 1127
8765 9736
7937 3671
6754 393
5867 5262
8309 1166
8246 4191
1067 2259
7069 3550
2312 1348
6970 5716
6022 8311
8115 9885
5270 4771
4662 970
8027 8845
6957 5062
4558 2102
1784 3964
6769 9328
322 6348
982 2248
9796 1687
1358 1927
6411 5009
8240 6110
518 3662
2517 8939
9541 5301
7828 1830
4186 8202
9587 2177
7826 7257
9106 7914
4756 3400
7318 3851
1410 9743
1740 5695
4887 8416
9607 5995
730 6658
1048 1900
8748 2780
8389 419
3962 9701
9851 2877
8458 3206
355 1640
5420 6157
6063 8036
4951 7536
2403 8951
3543 1403
9059 9191
8188 9181
6811 5809
8978 6887
1270 7247
9650 8560
7397 5581
1647 8929
8786 2923
9176 5970
7710 8420
3257 8598
5021 2769
8376 9376
5254 3514
7515 6933
6891 3838
7965 6742
6512 2657
