9668 2792
1947 7914
6273 3528
9207 2417
7373 8419
258 7930
6031 3109
280 4281
8016 1462
4629 9662
5178 7263
1321 3899
2116 9707
6183 9033
9958 2049
4988 6763
5998 2086
9827 6175
9701 6045
1033 7391
7265 1690
1549 4540
7006 9542
3311 7110
1315 9068
8339 8890
5963 1475
2519 8112
8695 5693
2905 792
1048 8278
2886 4699
6839 5385
2786 420
5715 762
9331 8682
7273 6635
2885 7671
3504 8924
2593 8265
7834 9515
2311 3902
709 6549
4515 8412
3568 6393
6507 4781
2316 5505
6811 8863
4257 3003
8770 6486
2189 5183
4725 1433
7848 1152
6912 2099
5649 5155
3760 268
7047 1139
5300 2533
7145 5165
1948 8469
6592 4918
747 9899
9605 2407
1973 7879
2124 2999
3040 4905
1741 5943
8570 8515
3303 7823
8256 9323
5696 67
6791 1993
4734 6672
1556 8459
5016 6360
2732 1645
2461 4309
7829 8928
5118 7713
3014 778
5674 8541
7364 1884
9941 6790
7939 9236
5659 772
4500 548
8824 4210
1123 195
8894 6047
1674 9978
4875 1266
4034 8729
1184 6596
5513 5294
755 6190
808 7248
2290 2271
2177 9841
9214 2100
3249 3828
