4786 9114
628 7747
9569 973
264 972
8983 9788
4838 9450
4525 6497
548 8550
4553 2794
3791 3683
2708 4677
763 2617
8375 6325
8241 979
8892 5452
31 8152
869 2335
3631 843
110 2877
8950 9914
7328 6256
3431 9803
4488 4393
3521 2881
1163 7711
821 9314
6368 4447
4526 9581
5052 9465
1449 3870
4069 3972
4459 2928
2782 5887
1514 5158
4828 6306
2710 791
8592 6418
3568 4940
6423 1944
8924 5973
8153 4991
8559 4456
9263 5924
1640 2923
2786 813
6009 6404
9922 6865
9266 89
6728 578
2890 5190
8755 3741
6475 9867
1035 2492
8585 7894
5421 6892
9981 8805
3678 9341
7291 7594
1623 6475
102 9144
5118 7951
2322 7281
155 1117
3365 8520
6314 640
7619 2147
7404 8202
3438 9193
3435 1082
8983 7563
4743 4232
4646 4806
4672 4272
2788 8540
463 7818
6703 2018
6871 1025
329 5557
4771 4842
8593 5655
988 2498
4324 345
6869 8203
1220 526
7829 2814
6142 628
3948 2821
6613 5381
7997 2233
6488 8129
9395 3529
8604 7847
4185 6553
6730 9285
3638 9562
9668 8721
615 7989
2567 8151
9338 9299
104 4999
