2221 8346
7545 6277
780 2850
8284 9899
3676 1621
9425 3909
4350 5385
5705 9749
4457 8574
8888 1587
930 1934
7723 3101
2069 5300
449 9102
2777 1579
822 6086
9066 5614
6203 3639
8604 9259
1741 5199
9550 1611
8643 5333
3899 2384
1062 1020
5978 8499
5008 1319
7595 7295
318 5380
4653 746
7893 5124
2038 4606
6544 3882
2699 7515
8318 3235
356 3340
2873 3320
8157 6490
1937 7894
8749 9886
9100 4112
3758 7743
5835 1300
2426 9000
6654 2498
8619 6349
2272 7840
5586 9369
5546 766
3932 108
3704 2215
9112 42
8937 9306
5388 4792
7652 1147
1755 1944
1384 51
2310 3771
9465 5214
6604 6373
6594 2918
4458 2931
3911 684
4698 6305
4914 1524
7361 3959
9380 8168
2035 4382
3794 2258
1185 4776
2561 2133
8632 5439
2867 1989
8823 8243
6758 1498
3870 7988
4944 6914
4558 2247
9354 7342
3264 7412
6854 6307
4247 2489
4810 9165
6029 8445
7619 9701
3993 8906
2176 1235
8114 1595
9838 6570
976 9335
4370 63
1646 6478
5659 665
2695 3678
9236 9020
2479 5686
7724 1402
3204 7219
799 3035
3348 4572
3324 3440
