9153 5098
2896 9430
2253 9189
1341 4898
1881 4451
852 84
3715 8068
1646 6656
2316 2987
2477 6724
5369 2126
9142 8242
4956 1383
6260 494
5108 864
2542 3072
6413 806
7415 1995
9195 5019
7986 4437
9390 3308
8714 4822
1169 9176
2194 2867
7081 4004
3371 198
8023 1224
8832 1241
118 8487
6593 8689
6751 1437
4714 1399
9760 5098
6953 8214
1501 4977
375 1516
6632 2221
8814 154
5915 4938
5027 4311
6766 4753
5165 2329
2413 2446
9875 8494
3939 9580
5749 5375
7583 1759
1346 2731
6718 3049
5308 8814
7091 5900
8348 4597
5359 6946
8155 4257
3937 6934
1101 9788
1956 9463
394 4141
140 8380
7910 917
6926 913
2058 9095
8898 9053
2344 7356
1915 7282
554 6002
4866 5159
2576 26
2772 3958
6934 9413
5811 654
4689 5245
1331 2190
3023 5519
4347 8080
7786 8447
6717 4233
1190 48
7262 488
224 7254
244 688
8049 83
9722 7698
549 6620
6979 962
3642 7501
9075 4036
1888 9584
1537 3975
6380 8687
8590 1871
3842 5789
6453 427
159 5964
9050 2066
665 5311
8503 4850
6150 2986
1134 6412
1710 210
