6084 6616
8271 344
1853 2876
5834 1385
3913 3401
2185 6549
4079 1883
2033 3529
7632 8743
8657 8921
1427 4576
8180 4063
2665 2274
9869 7695
207 2499
4612 661
1312 909
3033 9894
7061 3688
7589 4527
3058 4703
5887 516
5740 5665
6950 8030
9819 3129
7712 9640
1999 4294
6163 8922
1830 9705
4071 5894
1317 5138
2323 6651
3115 1834
1316 6125
82 266
3707 4433
6229 2606
3005 833
5205 8797
1271 1287
5750 5662
5013 3034
8438 3272
728 4370
608 9101
8983 8194
6394 8729
603 6105
3252 3519
4588 9764
418 6895
3624 3775
6211 1183
9653 637
8721 5889
6125 8844
7739 3714
5880 2722
2392 7239
8523 7432
652 2698
4029 619
9246 5594
8391 7532
707 4100
6481 984
758 9225
3769 7635
1457 2374
2191 8831
8236 7395
9242 6239
170 2730
822 7714
7642 8746
284 494
6531 7003
4305 5827
5069 4246
3025 3055
3756 2478
3221 9336
1732 6061
9390 3634
9539 8397
7325 6686
7915 4510
3166 9241
472 3804
7463 1826
6827 6850
443 3581
3199 8227
604 87
2113 6852
340 4297
3772 1852
6849 7728
9430 5352
3818 4192
