3218 9179
610 7312
4698 153
6029 4733
8109 5633
5737 7212
9422 8440
8865 6198
8777 6259
3108 5077
3635 4859
6596 4507
7650 9935
3809 4651
8956 451
2071 8619
6749 5582
116 47
1613 830
2720 9293
7682 7000
8732 3513
8576 2072
2122 8532
3352 9627
4791 1854
8482 1857
9287 8722
6597 3356
4073 9274
1961 9163
5793 7408
2663 3549
8290 1070
8154 8190
9020 732
7290 2041
2258 19
90 6670
365 1276
3672 3730
3468 6423
4320 7933
4762 968
9350 6092
1597 4513
1842 3707
1525 4243
9166 7716
5653 7463
8353 3946
2890 1402
3322 9196
1872 8072
89 4067
9037 2076
2091 3821
7159 2992
9113 6653
7486 7954
9546 3759
2779 6738
1100 3830
8798 7151
5826 7448
9689 3704
977 7152
5488 2595
4653 7456
3301 2350
8029 4119
9828 8050
1894 3659
3696 1045
3593 7338
4325 5167
7060 3
1066 2954
4132 3122
1414 7472
8281 641
4372 141
6452 6877
4536 4349
7854 6605
7585 5324
250 8649
3313 3469
4062 4905
5879 4531
983 5841
6016 6058
1458 6098
433 6237
6368 3328
5808 2493
6822 7128
7447 1993
3039 6770
2708 6005
