9412 5929
4374 9425
7174 4308
9970 8181
9514 6516
6603 3552
7316 7729
8455 9387
9254 4719
8991 8528
8726 3626
4545 3695
3039 9282
6416 5543
1418 6543
151 6795
8241 1191
116 9638
1296 2965
6914 7921
5308 5754
4326 4955
9754 9320
1288 5914
3826 2728
6549 7560
7885 2441
4123 1154
5600 9812
8052 9800
1453 6661
9404 8096
7278 2876
4468 2033
2381 6631
2656 3190
5144 5696
5649 1704
9760 3468
3638 107
6055 4042
3772 6987
8628 738
4565 1479
5363 1666
8767 7918
3076 4644
4194 9452
3602 2432
7782 4393
9950 2492
640 8163
7588 4320
476 6664
93 7838
135 3051
3974 1403
3480 3338
8680 8053
4023 9602
8253 4138
2979 8825
1643 7629
4168 8919
185 9427
4858 9646
5610 2813
6655 4574
800 5322
6165 9942
5300 6437
8819 5729
8037 4180
4824 2953
9304 6097
8236 5237
4030 6659
1137 6306
9302 7240
7958 1830
7778 3858
9142 7395
3802 7215
9446 853
6060 5324
5266 2821
4761 6230
3178 8168
5497 2369
6754 7262
1484 36
2975 3851
2018 3890
1070 8197
2253 3137
1321 7431
7927 3677
2962 8015
1614 2256
4939 103
