133 6539
409 9174
8818 7396
5441 6439
6818 3786
259 1559
6342 4278
6505 9836
913 6586
2024 4091
8887 5436
3662 884
2857 1466
2312 4729
1591 3758
304 645
9592 1377
6975 6914
3568 4467
2919 2920
7138 513
9 355
9101 577
486 5377
5310 7916
7233 1727
3346 7136
4121 8472
3002 6792
5441 7109
9338 3571
3278 9973
1404 6011
2578 2379
883 4137
2963 4320
5402 9677
5046 1310
1049 7113
5803 3925
1682 2898
2675 8941
6876 143
3088 8109
7308 8242
1193 5348
1038 1264
9148 2262
2882 6439
1844 2834
78 8861
3321 9280
9754 9903
3766 8520
1146 3841
4752 2592
5433 1456
3451 5527
4816 9410
1656 3921
1339 4522
3241 9885
9941 4707
6992 530
3778 5751
8416 243
2200 6535
1083 9584
3033 1951
3129 5140
6512 2220
9552 4236
2805 5702
9679 6958
8463 321
2572 1879
28 5088
7125 1141
4694 5631
6628 9378
9397 7199
7796 6697
94 3675
2941 7859
6023 1390
8776 6278
3065 9234
1070 7133
1024 9271
8852 8067
7696 5682
1995 847
2644 8978
2608 6349
9997 5174
8335 3612
8999 2371
4570 407
6918 48
9719 3133
9537 7358
7674 4705
8207 6132
3119 1241
4395 5284
726 9973
540 3955
1949 5056
3537 6543
2709 4103
147 8856
6861 6579
3843 9230
4142 5152
260 5471
5138 1760
1200 2783
3605 9349
7140 2716
386 9961
3118 4081
1001 2702
897 2965
3931 2051
2093 4202
5486 6061
2254 6807
5152 7012
926 7833
3227 5366
868 3291
5603 8568
4 657
2630 4247
386 3010
7360 2303
1906 9537
326 6788
1138 7953
9725 2634
8704 4284
5028 746
5090 248
7546 8336
356 7990
4197 134
6626 2072
1893 5118
9799 3870
4708 8648
6860 5073
4157 5055
1680 6487
9415 3551
436 3498
2827 6008
2525 4193
1306 1178
3495 5576
7157 6400
611 1409
5370 7513
2972 5608
139 5105
4275 6453
7001 9215
9512 8654
7094 3930
5882 5329
2733 9920
4790 6428
2025 7320
1492 8214
1991 588
6981 3171
7202 7737
2962 6637
1400 8634
2343 6720
2933 6585
421 6547
8402 3962
3887 7551
6258 6522
3231 4604
8726 2826
1346 7497
1612 6000
8260 1208
4561 3614
58 3382
7154 932
249 7242
1316 9168
9922 5149
6864 5733
8901 5304
2751 5549
2538 4972
1448 5314
