6622 6053
3744 7196
2496 2641
5136 5803
6519 823
5475 8421
3841 6201
9799 8043
2166 2271
6368 7332
1457 5975
366 8149
2815 5444
9977 1087
9138 7076
9356 2890
7625 939
8474 6541
2967 7771
1866 9587
5241 1559
9462 7365
3214 9808
643 8298
7320 7475
3485 6924
4004 2986
3572 8039
8461 5259
1090 8856
1557 1399
1093 2393
1267 5480
4110 114
5855 5988
883 6055
2260 5290
8425 2669
7214 9763
3795 9749
9098 5269
5295 1788
5301 7115
4542 37
9825 9353
7159 4741
2093 3581
8574 7954
8094 4201
5917 6502
1817 5507
921 8564
8995 2888
9701 927
415 3273
4060 3962
6411 7046
3016 7944
9120 7391
4625 9726
5542 5514
50 3562
7283 3741
3187 8317
7726 930
9812 5098
5777 5361
7893 808
1725 7506
5094 7928
8748 7329
4433 152
1311 7747
1324 1310
6412 5783
3250 7777
456 8608
6713 4920
301 1123
3495 491
9668 7344
8086 5515
4329 8075
2097 6861
5200 3148
4407 7091
1902 6475
6164 8237
7897 9203
3354 9304
488 2025
8646 5159
2207 6720
131 8679
463 4387
1268 3924
3285 5378
2639 7201
9903 2681
8174 7198
5618 2870
5819 9941
783 8358
8542 2508
4349 5785
3503 5219
2150 5685
6400 4556
1514 6972
9309 1982
668 3590
6353 4935
9794 7469
686 7049
1321 8890
2319 4422
3026 4745
9559 58
7091 6707
1665 6549
4931 5988
2262 9657
1062 3147
4878 1488
2733 6670
3508 9257
9102 5368
6878 2816
1325 4124
3798 2978
8527 7626
4958 1669
3619 1524
1636 5304
8410 3404
3045 4998
166 3537
3866 7826
7185 6462
3780 5724
9196 2534
7487 1980
2556 9090
2527 3663
955 2867
910 7219
8109 1432
8737 5174
4264 5285
2561 6010
1935 6048
1096 2650
1376 8574
2517 9412
4268 9282
8370 7760
5672 166
205 6738
1817 7307
8579 7043
1172 8515
3636 7430
5258 8840
5108 6552
338 3194
9083 5478
7171 6746
1700 4845
1847 6392
6117 9095
3545 4130
1508 5825
8769 4784
6168 1888
974 8462
3620 1292
8849 3953
6105 4346
3092 7033
3036 7700
2964 8379
3705 2272
6416 3777
7815 5413
8819 4531
916 7563
3194 8121
6685 1125
9546 3868
984 5232
2528 6957
804 7086
179 161
1535 5307
7508 6720
7194 8778
7749 1840
6150 8456
1989 7902
8351 5847
