8750 952
1365 560
950 8454
3489 7372
4062 6587
2349 7137
7800 5884
8914 5938
9687 6261
3844 9070
1937 2317
4167 8668
2482 4139
1828 6440
9514 3910
6553 9421
9877 2958
3043 8264
3482 1337
3176 7445
9597 5650
3662 4651
2970 158
2825 5262
4181 5313
6798 9801
8422 3715
5852 8464
5554 286
2899 317
9685 7504
539 3775
1329 6511
6931 1992
4479 7624
6685 6964
9737 479
1467 6829
9781 5049
1877 8625
2795 4018
4251 7391
7597 7896
759 4128
337 6726
6332 344
8872 7883
3470 5532
2090 6810
116 4113
228 4220
9474 2292
1923 6880
1391 329
4169 5664
5749 2943
4588 6987
1612 6109
3851 4814
7571 8627
5120 5554
3863 7159
7118 2430
2953 412
2804 6912
3896 6872
9766 5895
6751 6157
3101 5078
7440 8399
1849 8446
3989 4695
5368 3299
8317 4788
3053 492
2488 9448
4321 8515
2740 6457
5177 4360
1651 7673
6922 4674
848 2111
4977 5558
5881 1379
895 5923
6686 5630
2305 2913
3461 4041
3230 5847
1942 8978
5780 8835
685 1833
9591 5245
5916 9177
1505 8222
5838 6585
77 4896
4608 1129
7871 4215
7900 7622
9166 4763
6967 2978
675 8567
3979 2965
3747 8009
2500 5689
9769 8643
9983 7947
4857 2361
5244 7090
65 5708
282 3415
2693 7380
9080 3975
828 3021
9595 3148
9197 5045
2738 5755
2461 6218
2126 9566
7403 3090
6332 3018
3504 6743
9400 2390
2251 4953
6960 1046
2510 4637
276 3807
3836 6667
860 5929
9455 1279
1550 7614
189 4839
2192 8750
7219 8268
4228 7447
283 3229
2338 7190
3115 832
2516 8618
7330 444
1383 8239
8992 4388
1201 9614
2273 7652
4544 123
2042 3878
6593 8635
5044 3814
5770 3161
4666 5753
2147 3625
4957 6985
4739 2979
7940 3081
7094 474
9805 7794
1425 5141
8395 1776
5871 8024
8121 8151
2942 5875
3491 1078
9410 3810
1496 1320
6320 5201
2486 4530
1124 2553
9562 3398
7373 4019
2268 8463
594 3354
8534 5381
2450 6535
8106 4147
8181 3082
1212 4523
6557 3829
2517 1338
5849 9984
1796 1782
1125 5406
9024 1855
4988 8087
6298 615
6518 728
2511 3887
9745 1270
3134 4680
3082 1436
7141 4529
4315 6829
4733 5932
7098 9790
1899 7600
5718 8981
590 8392
8626 8483
7069 5089
3184 7246
