1506 9020
1944 7351
5632 3755
209 2504
75 6049
4087 5985
9871 8868
3749 1361
3919 9802
6087 2141
2037 3990
547 3978
4273 5796
1356 6932
6487 5183
4827 8195
2254 3732
334 1884
9568 2178
3350 2587
3013 5007
8502 9184
7883 1847
4220 9945
3451 958
8127 3812
1624 7466
1643 6814
7627 35
8998 969
1223 318
6553 6872
5341 7881
6341 7010
9626 6145
3145 5174
3662 9256
2247 7996
7136 5380
3849 7834
7407 8967
769 7921
6142 6675
4071 5586
2560 6991
2879 9178
3708 5628
372 5307
572 6976
7556 7634
6187 1386
172 6792
653 5149
2766 1143
615 2532
259 5942
9465 5848
2780 7268
2936 3815
4302 1637
5778 7703
8368 5245
5421 5715
5390 8406
1357 4859
6524 5732
9799 4225
2191 7092
3154 2090
6377 6656
8447 3707
8440 7204
2850 7661
8279 9593
8695 456
906 7979
8285 3108
645 5186
4880 713
86 4951
2044 5773
9223 1969
7492 3728
6300 9624
6659 4629
750 1404
4377 9245
3208 9019
1633 4207
3348 6955
3985 8976
4213 4545
9417 3195
8999 3002
3867 5604
42 8383
3701 3756
347 3417
3944 6845
4665 3314
8958 5948
8418 7822
9917 2980
1752 5893
262 3974
1666 4688
9381 4150
6868 6401
9081 1405
9475 3031
2029 9887
7588 2160
773 9733
981 6345
3774 4267
4813 261
185 3802
4778 2802
3443 9305
1739 4000
2621 7958
8137 1120
2447 1536
1769 3696
1905 4642
4960 7089
1823 4207
5201 7304
4863 2772
4724 4398
1457 6520
1203 5118
2216 5715
8254 5085
9551 4541
5778 786
8971 1165
7110 5865
9570 2232
7094 1265
3189 3389
2899 1216
991 5020
7915 3678
4222 954
4817 9385
2757 4424
3718 1719
2634 4692
8225 4688
246 3200
2869 4613
7972 3980
4744 3204
2280 5564
5613 2570
733 3159
4167 2362
7922 3915
6006 5588
1723 2003
1319 4522
9635 6052
3579 2030
1301 315
9192 3042
1634 6492
933 8434
3843 8247
3904 4340
893 4206
647 1725
2874 5505
356 7958
4267 1832
2689 4349
3481 4621
8196 904
117 7914
1775 6528
1266 3331
2619 2463
8453 3586
2660 1515
2021 1055
5423 1782
1945 8415
5808 8390
6357 3263
436 6464
4130 868
3525 6545
1791 5971
170 6238
8000 2688
4166 5757
3093 6805
1209 6518
7670 4585
1662 4237
