2964 5711
9384 5803
3709 2872
7446 9014
1166 7004
2434 5912
2001 5325
5483 6530
2128 3135
4898 6697
3830 1316
1852 2831
943 6239
8923 263
6557 4032
6789 3764
551 8494
7642 5785
320 1754
15 4480
9354 5526
877 6385
3959 810
2625 8828
3395 5500
9826 3377
9703 9777
2635 8695
2334 4481
5877 5003
3607 4260
8656 9004
8332 5081
2543 225
9328 5436
2644 6876
2762 6172
8981 5072
9856 9604
2373 5018
3201 978
4065 720
7507 6764
1365 338
7662 1015
3127 7893
4201 6377
3253 5729
4416 6786
380 934
5559 4567
6003 2304
303 6700
6055 8340
3113 7219
362 4937
4599 4125
3642 8094
1354 1957
7763 1338
2469 3654
9097 7329
7640 1624
9977 6335
3668 2361
3232 8085
4770 8494
8692 9330
364 9650
6062 5510
7970 742
7321 934
9520 6794
4298 188
2004 9680
3740 6169
6222 6704
2665 7976
7770 5366
4316 6804
5540 9406
4601 8859
3833 9316
3817 6300
7842 3631
2888 6385
188 2101
2921 3984
4363 8331
966 998
1326 6848
6865 2428
4124 9263
1961 5702
6157 9477
5195 7516
8853 5533
1541 7166
100 3449
8543 1801
3965 6548
596 2987
4136 2183
1653 7300
5992 248
4042 9712
1639 5879
566 7940
5179 8718
5362 3928
4610 7966
1383 8607
1555 3432
6288 7739
7855 7446
9623 1987
708 6803
3649 368
4969 9750
5630 8867
8388 7271
4134 6691
461 9543
4207 8179
1606 1430
6131 2144
5271 6298
3009 5495
3009 455
9637 8078
336 6003
8487 9153
776 4179
1804 5759
2875 7447
7688 388
1481 5181
133 8380
7808 2949
7216 7275
8525 5820
6128 5100
8561 65
1951 3263
2361 6261
7748 7641
1429 688
6948 3417
5673 3601
5240 5568
573 4349
5344 5860
8371 4123
1937 2901
1620 7886
1916 6899
6966 8191
1490 9344
1239 5451
9553 577
7897 2528
3472 3649
2733 8432
3501 6510
5672 2143
9561 334
5952 3939
8658 6024
3898 5581
1246 5065
3955 6454
3521 1375
970 4053
1781 9336
6463 9677
7411 3228
7066 277
4809 8476
3567 6393
4336 7057
1773 2998
2570 7418
2738 7658
1724 1458
7100 8601
5595 5000
1313 7793
3680 9662
103 4180
3881 3727
9914 4935
360 8293
3819 792
4775 1328
3349 6438
500 4563
1548 5362
7810 214
5290 5605
8602 2613
