7359 7661
4857 7725
1087 9399
5422 4119
2644 4785
2446 9831
5608 6589
2179 3846
1003 9997
1875 6287
319 3730
9683 4860
2070 238
9428 8920
427 2884
2588 7693
3964 1441
3655 7934
9691 4043
4038 6177
6771 2062
4569 3415
8802 6007
4225 3980
1066 6647
1792 4726
1689 3666
4757 8029
3484 6477
2380 4850
253 9348
2073 2874
9171 5016
9532 3484
8705 2931
4007 8998
2562 1699
939 6072
1510 4786
3011 6687
9154 6214
82 6961
9174 3794
9270 4018
452 4965
1507 4479
4381 6109
4798 6742
4819 5999
5996 9794
783 8896
8752 9464
1790 5642
2249 6003
2062 4661
909 7580
841 901
1600 4410
2848 2866
3710 1323
6586 1175
3898 1822
2900 2119
606 6651
296 3337
8301 4972
8097 227
9882 9034
2920 7491
429 4159
5761 9630
5498 9000
5975 5453
3637 8093
7950 5418
6761 9272
5320 18
4767 934
3333 5332
1093 7012
2813 3237
1661 8351
9992 3399
2374 9437
4075 8742
9910 2756
332 2276
7918 6707
9073 6137
904 5727
2585 1429
6422 9488
891 4335
1520 5889
8908 4413
2312 3677
3354 7407
4275 538
1207 6350
3303 6132
5588 5268
8419 4004
856 7132
3158 3596
2409 3036
9070 5478
3088 8364
9214 2270
3569 7987
5276 7613
4857 5552
2784 6024
5644 4244
1140 6326
3656 1548
1719 7238
3068 4962
9004 1124
3318 9976
3364 6254
5065 5931
9019 8831
9935 6332
2014 7829
9923 4746
4004 7017
3471 6645
1211 7072
6690 7513
1332 1138
6887 3600
2503 6373
4053 6491
4 4666
4035 332
1383 4728
150 3365
9217 178
2163 5935
3170 2745
3635 5557
3546 4747
5199 4164
3660 5943
727 7306
1605 1732
5692 5976
1212 5230
1304 9276
2575 5113
3907 4405
5878 5236
3903 6860
7609 7053
312 5022
1486 4398
3229 2549
5585 7179
1105 3922
6338 5214
5473 6117
6681 3802
1108 2496
6607 8047
4212 9112
5276 7375
1133 7330
7324 4838
4890 6339
7176 6779
3779 6350
3937 7452
5782 6246
8455 1888
2631 3237
3055 8287
6946 5096
7410 8080
3761 5313
2725 4915
2740 5087
2188 5074
2440 6506
4309 6304
2998 3469
7384 1825
469 4143
1599 7031
290 7704
2246 1045
2978 5464
5660 8882
9335 5972
5329 8447
1107 4930
18 3407
5887 5632
3805 7493
9751 3754
5740 1439
