3520 7479
2434 5473
2351 4746
2744 3612
4320 6089
9233 2955
6380 6977
7818 5423
6441 4021
7614 5208
9589 6146
9796 1082
9230 3120
3943 744
1845 9327
9786 7295
3258 4271
7921 2439
9564 5662
3489 6163
2689 1756
4442 3594
9790 7240
3589 5594
8554 600
970 5136
8082 522
3207 9138
7509 5484
4025 7418
3415 7681
5942 3318
3415 600
5 8243
2148 8006
8047 4924
3216 6233
8957 4340
345 4956
4791 7454
9741 6618
359 8265
6164 2393
992 6005
5075 6639
904 5410
6731 4307
1285 2572
8190 3141
4595 8201
698 6501
1392 4727
4393 6901
9593 4864
2373 1921
8414 2477
589 8992
3526 9512
1949 1383
5384 9328
5779 7716
685 5719
1622 6394
3758 8879
1682 7894
1680 4806
7398 4745
3136 8243
7075 7737
1419 494
3231 6619
3365 8322
6588 8720
1199 6388
8350 3852
346 3174
9593 2944
206 24
462 4215
4034 5768
1422 7091
3516 3682
409 2821
375 7685
250 5436
1134 5986
5524 2628
7053 9277
3184 8376
1838 7527
1860 3118
6286 7261
979 4455
1482 872
3883 6940
9923 5288
810 7734
3136 3207
1333 9724
3923 7113
4113 4888
4389 8963
1125 5320
7455 6140
6229 4304
8770 8098
4067 180
8783 4006
622 3198
2059 5965
1798 7611
1535 5114
7006 2250
9639 5385
8801 2736
802 8763
6606 2981
2361 6696
7043 4822
8812 1793
9385 3375
8761 7633
4722 769
5609 8811
3170 5687
9345 6231
8863 2695
3984 6502
5628 9690
9741 6219
8868 2630
29 2554
2995 3656
8525 6876
1206 9672
7138 8094
2832 7705
5442 5881
3492 5392
461 7077
8689 6282
7483 3704
5254 5903
881 5915
5740 4994
948 4858
1959 5821
2747 7755
4599 5276
5419 3346
1465 5779
8355 4618
1931 4727
551 2778
3204 7670
1397 7966
6287 7353
9168 4513
4456 9928
6704 8889
7377 4497
4278 9137
8366 8065
6304 5008
2514 4666
9303 3572
5334 3716
9722 8681
7721 2540
458 9590
4192 3584
2558 3881
2839 3458
3606 5201
4471 8359
4210 9755
9492 6244
3232 7819
7304 9054
5149 5854
5609 7068
4881 9264
7467 8587
291 3911
2852 8156
8915 6817
4654 3113
9925 5740
9224 4509
3558 7015
5691 9382
1326 4730
3643 4093
3946 3539
9533 267
1329 1940
8604 7760
2318 5152
9212 9257
9764 4413
