4290 7769
8470 7143
6350 7699
3078 5962
1120 3935
9855 4485
3262 6491
1365 816
5069 8538
1242 9257
1279 5075
975 5283
1130 8296
451 6540
816 6061
1320 3938
6015 8358
4529 9301
2803 2315
8089 3799
3361 5749
427 1389
9282 2859
117 8659
2584 5337
7892 3251
9531 3215
1563 4909
7882 1617
6909 6233
3544 7639
3932 4090
2062 6835
884 4230
5991 8335
9152 9686
834 9095
6850 6357
3859 3706
4114 8533
8963 6854
6912 6918
3659 2247
9113 837
4102 7948
5708 8602
9052 4296
3174 6931
1068 2638
8229 3496
6707 7040
8847 5022
3591 6444
1023 4256
7282 4970
3607 918
9514 4817
7619 8109
9892 5681
4053 5214
6458 9947
9908 7355
81 4740
3359 8946
4928 6427
3533 4306
2885 5811
1950 4715
8216 2195
6425 28
4133 8187
2661 1828
309 7276
9869 4728
7602 7384
7134 8063
1922 6028
2326 4776
7255 7898
3797 4692
8546 2243
817 1867
3617 9155
9965 3772
2390 6508
620 4126
1454 3296
2341 6234
1942 3401
14 1271
5460 687
9485 639
6193 8467
263 3089
6361 1058
1596 6827
7129 1818
2684 3592
1462 6540
6222 500
3109 4574
3115 3870
6689 8529
7684 508
3095 5771
487 5551
5081 6346
3552 8609
5007 4966
729 8629
8449 5222
1065 7059
8107 9885
8495 3456
1125 5459
5320 9837
1124 4277
4383 677
5795 7168
2535 8822
2555 8779
9489 6449
1158 6578
2494 6651
1413 3604
6522 9348
4595 6646
2229 7848
9321 4900
4824 6188
3613 9767
1217 1361
8663 4738
1364 6475
3135 1372
7240 917
1969 9596
7940 9477
9152 3712
1425 5548
9534 9876
5720 8509
2175 4871
1547 7462
1983 1531
5316 9044
3159 4721
8652 9298
4330 4309
7705 2706
9674 5187
3290 750
3224 2983
1809 5405
8136 5598
5075 5936
206 6974
3228 2288
1185 5272
1518 6827
4299 7649
8561 4252
3842 7764
930 6367
1373 2818
3801 9285
2430 3348
8610 2512
9842 3251
3743 6720
5035 5930
333 8137
3038 2163
1547 6481
324 8689
3143 2185
329 6345
7875 8305
3104 5985
7977 1070
7053 5573
4213 4320
2739 377
3699 5557
4744 2397
2437 884
1866 8952
941 6417
3550 7475
4266 1140
7830 8977
2694 9607
7870 2359
9612 6720
6823 7572
5753 8091
9769 7469
1181 3601
3030 1965
442 6288
