1113 6172
4900 5325
8160 3976
8687 5332
6275 2348
1978 6544
3260 9691
8668 7845
1829 2519
229 4557
2814 4238
2415 846
914 1618
662 3059
8009 9978
4613 1686
3743 5140
1049 4777
2316 2722
7227 1903
2098 8723
2493 7895
3228 3572
2197 7143
345 6595
3386 6916
1782 5234
9622 3211
2748 3294
5404 9366
3695 2997
4213 6413
4989 6838
8131 4228
4017 5583
9570 4231
1153 6734
5871 2665
9868 2988
8162 3751
958 4154
1890 7640
5710 163
3147 9937
5669 6581
2675 8678
7659 9220
2213 6527
417 4062
9351 1657
6092 2953
6512 6483
9511 5072
9178 5741
958 5258
7844 4716
1531 4662
7487 1556
1779 2195
969 2607
3086 9362
7529 2239
1192 8350
641 1728
2829 5138
1655 2781
2285 7625
2390 5002
1703 9103
4683 6659
7973 6327
2670 7698
5675 6233
104 4098
685 208
8494 4183
98 2745
5681 4918
9936 6043
2649 5118
3894 9192
2598 9573
4219 8613
4639 1960
907 8658
6011 8655
6804 2357
1482 8929
311 8224
2445 1440
9262 896
7193 7059
4011 8440
2500 1086
458 9408
5135 7364
8295 7877
756 9587
7184 603
645 1323
5793 1988
3330 7367
4917 8517
3504 8343
9190 5968
2803 8033
1384 8499
4014 8118
9925 5144
506 1018
3059 8770
9128 4098
1949 9113
5153 7982
1941 5902
1203 4869
2004 5293
5950 409
509 8055
9933 6899
9402 5295
8407 6485
8926 4411
3368 5330
1951 9741
2752 4561
9826 4338
2315 7140
256 9860
3109 2937
2823 7620
9593 8584
145 9419
7415 4522
2986 5768
3073 8289
2681 4601
6921 7342
2319 4184
2745 7819
9775 7529
1046 2672
1235 8661
669 3008
5314 6854
1050 9161
3955 836
9468 369
9582 3552
5194 1214
5938 4695
2349 5670
3133 8412
3964 5222
1401 6279
1218 8528
1815 8820
2876 8472
2885 4994
7671 6228
1286 8336
5292 7975
6977 2113
2635 5642
2546 5500
3864 6882
2076 6255
5081 4039
5020 6488
4859 5167
8404 5406
6602 5747
4576 6975
6081 6249
1106 1827
2766 5841
5469 7656
1811 6207
3386 7877
2357 7036
193 5154
1141 5503
8797 2923
2865 8318
634 7548
4826 9648
3048 739
8706 2201
491 3337
3998 4431
9581 7141
3359 5045
8602 2174
8676 4402
405 1638
832 4789
2572 9425
3601 7632
6388 9041
8150 1055
