2043 5850
7834 889
738 6878
7440 7643
5042 5137
7602 3602
3535 8345
3431 2873
2641 3501
5763 5864
3404 5839
9303 6726
4024 6285
4325 1740
6199 9756
9132 3964
8536 1312
93 5876
1057 8732
5523 6257
7979 4976
40 5739
3003 5952
7406 312
5114 2949
1828 5393
1518 4239
2397 3826
9863 6516
4823 2742
9628 9859
572 4656
3800 5551
3113 9322
2452 7526
1888 3677
6532 4598
3999 848
9983 3216
6795 4072
3287 6561
6113 4059
4366 705
3270 5962
9448 6831
1058 3765
2224 5834
9145 4798
2312 3915
2290 5123
2105 1670
4949 7899
4821 165
3727 6786
3718 2829
3677 6458
734 3225
5226 7807
3137 3048
5966 8728
4708 6048
8723 8964
682 6979
5980 6332
1865 8582
2652 8239
4727 4060
7923 6991
2183 4334
582 1516
3987 4716
7233 5989
3401 6230
9309 7843
2044 4093
383 7433
2313 1292
9518 5722
847 41
9172 2934
3577 7770
383 4900
5681 6586
4187 4679
4291 9465
6034 2241
678 1107
1273 6369
3123 5223
1946 5839
3525 4071
118 9849
451 7145
2362 5820
230 4434
7987 4518
5402 5566
9185 3620
8463 5420
201 4938
9133 3976
7581 3128
3481 9925
1100 9997
4919 8435
7806 7804
2157 6717
6393 1687
5356 9055
2126 4725
7583 6728
4690 4612
7052 6832
783 9640
3005 4830
3473 6161
7479 712
2385 7120
2707 2704
8308 5911
3685 1748
3826 7303
118 3074
1676 4853
3185 5620
9223 3852
8050 6128
6173 2472
5158 8529
9968 3307
5332 8931
6165 7645
2244 3436
4380 3325
813 575
595 3150
3489 7812
3143 5671
5809 4810
8259 7326
5683 6595
4927 1828
1970 4609
4167 6161
5987 3376
8549 6573
9753 3281
9440 9420
7311 5400
6934 6441
4916 7722
9904 7318
2030 4434
8942 5936
2502 1348
4424 2784
3324 8876
2761 6081
3764 5773
1748 7271
4209 4894
1665 9424
286 8541
8026 7096
2233 8469
9661 5589
414 4181
7220 7990
1777 3069
1758 1744
8804 4174
3930 8862
360 6122
7665 4038
2221 5361
7800 3427
3965 8090
3238 3786
3487 4036
2844 4778
4116 5980
3468 3757
6374 2575
6501 7775
4327 8296
6995 2288
5982 6801
1011 6333
8854 7249
9990 2111
8246 6011
8715 3921
6990 9546
607 5162
4188 6828
7083 6485
5598 6914
4577 4464
2371 148
7849 1225
