8277 6026
9577 6490
2418 7463
1634 4156
261 6715
1852 6987
5344 4474
2185 8163
4905 137
8233 106
9962 8360
9032 2986
1841 2102
3177 7572
1551 2510
1473 5007
4357 8282
9552 4550
9024 9599
2650 6539
6431 6945
2476 9596
4011 3755
3885 5153
9858 3921
432 6928
9739 3311
6499 5358
3552 6786
9107 1267
6853 3049
6962 1580
3390 5140
6237 7408
868 6549
6425 7889
6551 5124
5800 7846
2028 2433
7729 6502
2653 6704
2507 527
5755 8006
5780 6104
2883 5125
3316 6551
5745 2415
7263 8154
8701 2131
4173 7965
1748 7702
2264 7640
7201 5125
3112 8148
3082 8263
9360 3801
542 3275
5337 6638
2343 1489
4825 2896
4576 6332
3366 6792
4964 4342
7263 6698
9737 4593
5864 5379
3606 6480
2069 7201
9421 699
2272 5541
1030 8263
480 3766
2801 4054
7959 9812
218 9260
9609 7290
3216 5547
5131 5833
3014 2553
2085 1476
5968 344
3345 6890
2168 8604
9024 1532
2111 6910
7735 2699
3720 6175
2254 4186
1529 2607
8005 5751
6154 9970
2064 6807
2014 4280
5125 8800
745 3650
4408 4464
2613 8444
3476 6235
9122 3189
3536 9221
3290 7722
1460 7598
618 6755
4291 434
3286 7471
680 5055
6711 9963
3766 6766
3929 6171
2136 5828
9533 5978
8670 4825
7849 328
2155 7968
3870 224
4407 8202
1017 6500
2247 2837
5356 5327
8357 90
9302 3268
1744 5846
447 3065
4953 8778
8842 4778
7680 7777
9889 4770
2998 3760
2192 7827
9778 9768
3348 8726
4879 7333
2915 8805
2437 7118
500 4580
2775 4526
1381 7474
4879 7180
4694 7873
2056 601
2247 953
4772 3954
2558 256
5997 8617
7376 7303
1776 5788
5056 2227
9371 6652
7173 8756
1597 5075
2785 6107
4774 7871
9167 9354
2503 4969
3350 8981
7468 6574
8839 8402
9524 4139
2416 9205
2609 6768
7308 2213
9101 1579
8623 3429
1263 6028
1963 8835
6649 7086
9619 8842
5779 5397
3945 7552
8263 4187
8994 4644
7696 4271
666 9848
7391 4965
3972 3426
1407 7387
1347 4584
4839 6748
3141 5148
606 2908
2892 9456
60 49
8871 8029
3497 5685
4568 8283
9202 5514
4363 8042
697 6064
2045 7005
4881 249
811 8840
4163 9768
6505 7610
7568 7015
4613 5995
8857 4499
9474 4864
2855 7208
7302 2386
1098 5763
