3970 2175
2688 6292
4229 3393
4210 8365
4291 7795
5693 7923
5046 9747
733 3275
3834 118
2212 7040
5723 6929
3855 6038
1467 1711
1257 7717
5762 8306
4880 9571
1233 5718
3935 8080
8003 5242
3199 110
8066 3577
503 4246
4259 1578
9948 1981
7758 8449
683 1278
625 6057
5515 8498
6 2683
7510 5391
3649 1688
3183 2245
1755 2107
2028 9423
7264 3849
2513 5114
7124 7564
8087 3620
2577 5965
9117 6329
2070 9877
880 2758
7085 646
4579 7604
2797 4235
8939 7427
8848 5366
706 5193
8875 5584
384 2161
8659 9926
9608 5547
9281 6592
3096 6675
2330 1132
777 7516
8882 7560
4875 9999
9698 537
3961 5634
8525 9949
2760 1841
4482 4027
3494 4097
8634 8617
8282 9831
4728 8024
1175 4672
4930 6975
2968 8380
5897 9107
6101 4928
533 4732
2670 4018
1559 5384
8371 5509
9710 6353
7234 1871
4307 2682
8153 7910
3354 8708
1320 5807
9563 3231
3104 9545
8546 2618
1416 9094
5430 6730
7738 8943
5487 7777
3129 4632
4216 7421
8772 6161
4177 5788
7020 3696
9204 4061
4735 9380
9801 4408
7549 4445
6452 5145
3681 8638
416 3383
384 2460
1145 9520
3314 5037
2755 3963
3940 4288
3918 3992
9418 8910
8709 3956
4216 4854
6306 9761
3386 3265
6186 5357
648 6825
5151 6935
4738 7977
5573 8159
6652 8567
2525 31
7206 7866
4552 9309
2567 1004
9370 4006
5043 1388
9297 3957
5841 303
3695 9599
340 2455
5412 6859
1621 874
2830 4443
9512 1258
3158 6990
575 2724
6957 2435
8754 2900
6650 2360
3165 9119
1764 6445
544 4350
1286 4780
2351 9805
3123 2651
1744 6808
3559 9027
3005 7150
531 8874
4345 7760
1896 898
5822 5405
980 4880
3167 9820
8719 5361
1774 3971
3401 2222
3699 7258
2952 1978
1684 7369
3598 6226
9774 3239
254 4601
9026 5551
4765 9133
9606 8295
9546 4949
2235 6187
1756 9572
4897 8751
577 4220
4769 7400
2376 6266
1755 4396
7292 3128
3590 8119
6753 3109
3518 341
1803 7191
9256 7016
9031 8530
602 1610
3906 3519
9187 7429
977 8180
8439 9860
8841 4031
7450 4891
216 18
6674 8047
8990 4959
5130 7890
4167 6476
4078 4293
9633 2923
9516 1026
582 8861
9107 4070
536 8421
3143 5140
500 3733
2911 7524
