6839 7683
95 2601
9885 5578
4381 8354
9652 150
2534 657
4490 4157
7452 899
2035 3862
8816 9177
1852 2093
4095 6492
3480 5959
976 2651
6753 25
2090 655
1099 6248
3752 4459
5265 1523
9125 4535
130 8339
2351 9617
3562 5839
7353 8400
3905 4665
7419 9547
732 4880
1494 4538
3841 6285
9206 3284
57 2109
5455 5713
3542 6894
9549 5118
2680 8153
1086 966
6141 5952
9423 2592
6437 7616
8740 2160
8294 3596
3816 9086
1430 9623
4077 3647
1495 3840
4349 9448
4986 8016
3349 6383
9585 3410
1178 3211
1474 5342
3949 4074
1783 8764
1582 3572
807 8368
9425 3979
3521 85
2706 4076
8149 637
8458 2967
4525 7180
8957 8966
425 6502
3309 5308
4770 6773
561 3226
180 3846
1821 6654
9562 8206
4019 9751
3865 4900
5480 6066
7742 783
3893 9236
8554 2613
3696 5921
3944 7737
1572 3517
8654 7200
1439 3982
1503 8305
1617 6502
9373 3991
9712 4241
5198 1523
6951 3123
9073 1463
1746 7583
495 7468
1216 5132
447 6464
2321 3442
8749 5881
429 3706
1856 6887
2799 4405
7146 6946
1255 4614
3006 4484
4706 6112
7658 9104
5310 2123
1969 4716
9767 5006
9577 4018
2303 4622
7284 7410
3396 8745
5152 4758
2828 2802
8005 1435
3596 316
1620 947
4523 1417
6539 2445
138 9295
4208 5188
8176 4090
5399 6322
4130 3685
8453 5548
3398 3714
1236 3718
4515 8279
2392 5511
2166 7145
947 3133
2530 5344
5848 9531
3335 1226
7278 1191
3006 5764
7750 9991
3619 411
9555 4383
7527 2871
5163 1062
1892 6951
930 8141
842 4876
3041 8073
7195 320
3651 2596
7877 6138
8635 2592
9871 6535
3034 8699
7442 679
6174 3364
3333 7473
7285 3740
266 3078
4143 8211
9622 5534
5304 9518
2771 4743
3891 8493
4976 7718
6207 5676
1066 3921
1761 282
2781 5449
2077 4948
2410 3983
9608 2154
8705 2884
4918 8954
6356 6973
6012 8493
2509 4361
6703 8292
4845 9714
8377 8943
8173 9467
8684 603
9322 5549
8622 5668
6451 6414
3281 868
725 2245
5522 6444
4936 7513
6588 6623
2465 6560
7216 5222
2615 6904
5424 7660
2173 7437
8874 6261
5884 6079
16 2388
4919 7316
8100 7077
9889 2611
5729 5757
2688 7330
2805 4434
4095 9205
6420 7831
1696 3613
