4245 1931
568 5747
968 4869
4671 5630
7238 6541
1833 7520
6393 2404
2832 6477
785 5235
5381 8386
3687 4593
2445 8776
1476 7410
4777 2432
2756 4242
6024 7015
8456 5615
5585 8792
8032 8466
9617 8243
8524 4910
5605 7095
2391 8478
2957 6275
976 6016
442 7339
6496 6452
3407 6795
6504 8918
2204 6156
3417 5573
3021 5603
4932 3195
9467 4301
719 6292
9152 6522
3218 4509
4835 8366
5859 1553
9727 8696
8152 8024
109 828
5687 4033
5849 4589
9666 9552
57 4774
2851 5685
2141 2346
1815 9299
2137 2934
1215 4807
3697 7282
9824 4494
625 420
1805 9041
668 7481
8263 3601
4331 9854
3918 5709
2113 4465
3158 7336
4769 3294
4906 7546
9187 4251
2136 3545
7517 8427
7466 1874
1764 4274
4774 7561
2097 6564
122 4560
2542 2484
4834 3203
5176 3295
9100 6729
1710 5663
2378 8932
6611 9401
7179 9648
8441 4466
873 2421
9766 5323
3853 8974
4588 9343
8267 3285
1093 6484
2422 5048
1974 4866
8777 354
2571 6250
6826 3885
3564 5966
3302 4233
8542 8767
4889 5029
4327 7657
2982 9860
1759 4001
9755 4349
7262 6450
822 8012
2119 9213
1442 7802
5898 5948
6864 4600
4799 7215
9746 4794
1793 6824
6456 2484
1814 83
7764 6270
1644 4840
8155 7167
1851 6548
7733 6263
9594 2957
2313 5856
3095 8134
1659 8275
2508 8392
8300 1016
8995 4074
2459 9494
6130 6547
5310 7522
8291 485
5896 8131
1589 1562
1585 3224
6828 3953
1960 9184
3400 7325
9485 529
967 5191
5490 9395
7533 5849
3256 7888
5299 8070
3443 7177
8609 9974
6511 4410
3808 8468
5905 1119
6078 7069
3512 3768
4748 5725
2258 5762
5578 5718
2259 721
1838 6317
1474 8490
3610 1688
1534 5539
1215 6500
4398 3534
2172 9896
101 9972
5910 1837
7625 9964
7880 9031
6230 6949
9560 2998
9700 6813
1663 6537
5254 5361
8696 6081
1124 5433
1434 6723
6546 9400
2349 5217
7382 7631
940 2597
1786 9881
5903 4778
5236 4681
5278 3103
2170 8241
3433 7073
3777 9348
2098 7215
2491 181
3319 7014
3020 6516
9314 4427
3251 970
6780 1734
3274 758
9111 291
9559 4231
1633 4512
9245 1551
7141 1011
1342 5675
5031 5153
3764 8413
3285 7448
2211 4415
252 3677
795 7092
5413 5355
