5647 491
8531 3773
2425 485
9904 7251
6524 3653
5943 9386
4572 3357
65 7188
5069 8364
637 9745
4892 1232
1342 3755
3367 6107
8731 1588
5114 8371
9058 1165
7609 6853
4191 9528
5376 5338
6123 3875
1468 1392
3269 9369
7638 2944
6321 4205
7152 835
8546 760
1920 591
303 5532
3123 6547
8784 6675
1183 6898
9111 101
8925 2863
4331 6254
9565 3080
558 5205
6653 756
7076 2435
9270 1069
2423 9675
4823 2556
693 8031
696 7282
4791 5721
3550 7652
2766 9376
6565 3918
9284 1497
8203 3758
4824 7969
9678 2067
4722 1313
9196 1735
9579 2210
1810 3976
2160 5895
1440 1670
840 6221
7285 9841
8906 4561
2579 896
2856 8789
9653 3821
3875 4307
7233 2633
9509 4567
1049 6070
235 9529
1240 9988
4787 2731
6025 4066
4583 3984
3276 7510
7369 1101
2516 9628
7268 3758
3589 5117
5864 6448
5391 8071
6086 1048
2866 2772
2835 4133
9271 6213
8189 2044
1844 6467
4480 3460
806 4785
1383 9864
6525 2114
3129 5253
1923 7105
6440 615
9521 2339
3284 8165
1622 203
9711 1825
9851 3117
3585 6781
3282 4794
7308 1742
8410 8629
1248 2622
1438 8115
4434 8569
9579 3597
1686 5593
4520 6951
2931 2506
5568 4333
8167 7186
3062 4417
3630 9533
2843 9977
5637 9164
2523 1893
9560 8314
4711 6869
6471 5045
8717 6462
9931 7440
4548 3235
5243 8715
5413 9275
3030 5229
7129 8285
5734 9712
8701 9199
4915 8217
686 5985
4473 5806
5373 3582
9023 3099
9090 2106
9376 1380
5797 7027
5752 2446
6856 6670
7732 2023
5349 7282
7996 6270
7419 8244
5699 1918
8784 3841
7254 5898
3621 6321
1381 3406
4712 6208
365 1626
9699 6886
5719 291
5010 9514
2170 4469
7131 6995
6642 5146
1943 9530
6716 5998
4287 115
3335 751
3684 2854
2624 7829
2082 2262
5625 6412
5821 6961
830 4821
2667 6973
1370 750
458 5623
3169 5944
7998 2127
7787 2209
6273 4094
4199 1471
906 6658
1681 5602
4535 7284
9647 3303
5135 4660
4601 3823
411 2900
8537 2683
2733 4572
5875 3014
8527 5644
582 6510
5050 3425
7593 2176
3191 9593
334 5807
7270 3249
9269 4151
1395 4211
3256 6949
4067 1535
5909 4031
2927 2200
2319 9025
9436 7827
2997 49
4593 1092
8022 7026
8514 4370
2064 4719
1943 4658
3202 5558
5817 542
6557 9477
9035 9819
9152 2002
261 4896
7384 3098
1690 2793
1003 3812
4857 4822
2409 2516
8008 832
8662 9578
4370 8904
1164 95
7674 3961
2199 7895
8408 1067
314 7997
1387 4197
8260 3160
7260 3948
4878 3839
6013 8688
7442 3696
1552 6219
4330 6185
7319 1410
3800 2987
5528 7447
7503 5548
1008 5417
7006 2347
5816 6867
3011 7787
9575 5208
1063 6701
4633 8473
6552 4248
7492 7201
568 6615
4170 2641
1086 274
9670 6119
8337 7701
3 6806
4192 9490
926 810
9158 6273
2222 923
2196 5889
9069 5377
9471 24
4719 7471
3480 1561
1107 6376
8095 7880
4634 6609
869 168
7203 165
4030 2150
8744 2175
918 3407
1406 7691
9077 5502
8413 8311
1265 3142
3719 4179
6685 998
4101 4281
8466 9634
5881 9425
8323 3206
9333 4646
227 3265
8533 3015
3879 497
1194 1253
1069 6097
2805 1930
3506 2386
3052 2561
5770 3708
7695 6876
1114 6513
498 9362
6777 2635
9940 865
5999 6276
1204 5768
9570 2909
4778 7102
6854 4166
543 3664
6276 1831
6976 1388
8587 6495
1696 3054
4059 8025
9354 4947
9711 260
5505 1050
3977 1719
5831 3515
899 8631
4634 677
7013 9299
9075 1776
6883 9189
9386 2391
9447 1992
9262 6971
3685 8722
1730 1510
2797 2963
3154 2526
7690 7798
3870 667
4468 2608
5466 4599
9239 2084
7672 6883
6121 4005
9388 8071
3147 3835
3067 1740
5364 2336
879 6829
489 673
1543 5826
6976 8311
2007 1351
4469 2280
356 4164
3715 8871
1024 13
19 723
5214 3336
6667 3656
2645 5021
8101 9216
6939 2803
1485 1427
404 3539
8755 6213
2751 9883
4670 8541
9321 7384
1658 5641
308 7808
4281 2615
7528 5683
7260 3388
1422 7090
3418 2590
7465 8488
9005 8022
545 6673
2362 3663
5428 1552
8631 1316
1990 4020
4177 772
7668 7913
6007 8318
3762 5554
6093 4077
2864 8196
5184 8101
20 1231
9431 1341
9859 5580
2603 8685
6553 7789
1599 2715
6280 9537
6846 5976
8646 253
4700 6223
9407 4403
9958 1128
7119 8322
1531 9081
4919 2591
7464 7602
9068 7337
6555 6559
3463 2116
9297 8063
7493 5530
7693 371
8871 8220
1587 3621
5938 7270
1676 2646
6286 5881
5894 3291
6527 6618
1445 6017
6554 7538
7797 7231
7175 423
873 1361
3050 5976
7250 5786
3419 9900
791 1965
7848 7690
4837 2943
5599 8599
7998 575
9419 683
875 7068
1396 7328
895 2467
5401 7042
1934 2430
7450 7164
2033 9462
7889 3270
5489 2990
8778 6815
7538 6310
779 9696
4333 8900
2439 7642
9552 9735
8275 2667
5808 5452
9334 5577
637 6350
8273 119
8203 5536
4106 7661
7050 898
6909 7949
5843 8563
9787 8676
2661 1194
7937 1746
7218 8066
1797 302
3045 747
4390 9676
8531 8119
5492 6886
9202 1233
9337 6382
8881 6102
3986 9708
4146 7860
7748 539
8950 6610
2280 248
6463 9417
6714 1042
4097 4822
4074 8365
445 2751
8661 4414
9733 8044
3714 8696
2443 5006
129 7884
2575 8194
8670 1759
6777 5713
5260 1516
4895 1683
3790 9774
3143 6665
2502 7163
783 3914
6889 3904
3875 6291
4264 8238
3076 7923
2070 186
442 1936
2653 5610
8626 906
3143 4162
3987 8230
4605 8014
6603 6965
9234 5829
5106 5901
6742 4914
6205 9930
4766 5981
8916 2178
3993 1335
2493 9242
4261 3221
6442 1885
9894 2124
2941 1969
5636 1412
347 4161
5470 333
1585 7445
8421 9904
7011 7447
421 3143
4885 4109
643 1535
5376 6906
123 6194
6818 2149
1737 5714
5902 9087
8004 5163
4799 2091
5944 7628
3891 8332
5433 2988
3705 7158
2210 6692
2190 9603
3380 7218
3464 4328
5747 1871
7209 470
3491 2512
4478 6443
8734 8512
751 443
3327 9808
6522 4235
6800 9841
3339 5352
4098 8522
1261 4980
7218 5664
6764 6742
3245 2986
739 181
5513 9117
7302 7320
1746 7245
1668 1547
6464 7124
2099 5526
3394 979
8109 4496
6419 9224
2772 3970
2698 4695
2785 6878
6652 9840
4110 22
7150 7164
6403 2045
216 2067
6663 9440
7356 1670
8990 8567
1278 9592
5736 4965
2970 8091
673 4148
9441 9671
7401 9899
7353 7793
7279 7435
4232 2994
8599 2307
992 2674
7078 7036
1741 9214
1244 4881
1253 4966
6484 2212
808 7059
4087 1974
7692 406
5152 2712
9882 5454
1278 5260
9865 4498
7282 4448
9072 1829
3239 3166
7924 7743
8268 2794
371 2196
2942 26
5417 1037
6610 9540
8214 5977
5450 5766
1122 9419
4859 3375
8634 3710
5814 2515
9988 381
4689 6198
5186 9219
277 2453
6088 1592
121 9790
5118 4883
151 507
2945 8703
7315 2917
6091 3848
5180 4714
4514 9091
8108 6345
4544 5327
8662 8359
7632 2480
3291 3311
2718 1314
4311 3892
1278 2361
714 8704
1172 2608
5782 101
5631 606
6797 1507
8925 8301
2403 2591
6794 6462
5160 1451
1836 3941
2279 3873
3180 1236
6160 6441
9275 4106
5124 631
5009 5519
5919 9087
1031 6402
4711 578
4921 2108
9804 5767
1961 3154
2918 189
8428 6304
3917 2145
3884 656
5648 3641
3625 9886
210 4195
4303 1807
3839 8991
3707 5574
545 4450
9408 4612
6920 2615
6544 9009
3758 7727
6594 7060
1994 8448
4128 6277
4848 8818
7279 1012
2571 6888
9021 3155
5044 2722
6204 5153
2913 9477
2652 6175
1098 7609
2548 3085
9931 7025
3447 8364
9917 2660
1571 8615
9177 7954
1426 4850
3368 2329
496 9904
197 2517
9812 5612
7099 9159
4941 6506
1614 7121
6712 7172
8007 8861
9643 9223
6612 6267
1661 6186
4556 401
5346 7988
804 5711
3889 495
8826 9458
1124 2391
1677 6130
6582 3657
2754 3984
4199 1560
8259 3605
2124 1602
1856 1522
3208 4303
1280 3690
6367 9101
5027 2242
507 3510
9778 8979
473 8292
9281 8847
2522 5525
8388 9618
3533 2531
5269 3697
5285 5511
8610 4743
1432 6276
2132 6013
2966 1400
1635 8999
3631 8435
1278 476
3025 6904
9335 9204
2793 8095
7526 4490
2218 1219
1963 9102
2835 4830
3059 2472
6906 9328
4981 2898
9829 34
2772 6881
3667 3267
1200 5637
3337 9399
1808 6051
2023 4807
8087 3223
2598 2909
9892 5837
1349 9903
2958 1494
3813 2948
6395 9009
7075 9671
6531 8790
7837 3578
6353 381
8457 6935
9805 557
4742 7962
2881 7933
5369 512
9450 3483
8107 176
8281 5582
2129 5296
2580 9927
7860 2290
9680 1995
7503 3795
4629 5847
6109 7353
5900 8491
8221 139
9716 3494
7797 3375
6192 5810
546 2772
8994 7939
206 7133
4289 8753
3637 6612
1603 6655
9922 8968
9052 4124
7397 8773
7577 3636
1355 7901
2541 787
6079 392
6478 2087
8840 7508
9009 8183
832 3924
3786 8582
2389 9442
6541 8644
302 991
6134 9080
2106 980
2264 142
1323 4363
2076 4786
4750 3117
3652 1384
5422 3775
8371 9630
7092 2781
3497 4628
9482 8938
8086 6608
2265 9002
9007 4889
2423 6141
3579 3651
1649 1945
5322 3544
8045 7775
3415 2496
7621 623
7870 7514
102 3912
789 6685
8644 2856
5991 9157
6352 276
7478 6995
4105 7494
4576 1746
6376 224
3532 2119
3968 7259
2884 622
3186 4865
1280 1530
1715 9860
7487 5395
1118 2142
7808 3989
4065 6495
1632 6829
6626 7695
2589 2781
4414 4550
1810 6426
3099 1985
4369 1509
4818 4639
882 9225
3397 9226
9116 8807
6472 7758
7008 2485
5853 8274
7361 6315
5730 4268
1116 7069
227 7545
9230 5386
8334 5774
8252 866
361 9122
2222 9502
5919 8340
2074 1790
5380 7537
7497 1521
6236 1451
7756 5882
123 6971
7051 7298
4364 5650
355 389
2823 9992
5490 2048
2653 2899
1414 7872
8882 781
8583 8441
2604 7329
452 1260
9576 2775
4510 2298
4592 7026
4355 6296
8122 6776
8093 4763
400 926
390 2947
6794 565
9578 4397
1604 8949
1456 6570
5864 8767
3427 8951
9747 7064
9652 9041
5535 7136
3163 8761
1699 7874
7627 6280
2623 2746
8502 6480
3337 6964
2246 6996
5672 990
4942 3100
8908 9913
5944 1943
1962 5745
238 1435
6440 4102
4686 1081
5897 3445
5459 5806
9830 6581
5848 3552
7928 3396
8779 5746
1062 914
1564 4544
8723 1357
9830 2501
1832 4889
195 7866
6414 4844
9935 604
2581 6670
3973 9487
6134 2840
780 648
2021 6747
7948 8306
8808 7178
1408 2431
9037 8764
5682 9540
8864 4900
2789 9184
3565 2086
9216 858
8481 6038
1180 2954
9832 7133
5302 4156
4110 2559
7557 3703
8775 8470
8458 5645
8717 8120
4645 4560
340 2455
6842 6466
3323 724
2884 4060
4499 4591
5525 265
4733 328
2255 7830
9446 7219
3140 5563
6747 572
4611 3722
7837 6996
2494 6125
6187 5753
4797 7933
6370 8089
1862 292
8869 2224
3562 5184
3371 1415
9818 4853
6042 7442
3118 9228
1116 1081
826 196
9858 9764
4866 1508
2720 4873
8674 1468
3748 1523
7594 1738
4637 4281
5884 4273
6497 7060
4078 9507
909 351
8320 6195
2389 8803
3466 6132
852 118
4388 1303
3096 7087
3740 1905
5252 2460
5345 4345
9914 1392
9310 1277
5846 9880
9903 5992
50 1156
3909 4343
6375 775
5605 3666
7205 1116
1439 1082
4305 7842
9862 1466
5720 3360
1372 2080
2732 7605
6186 3504
5711 242
7579 9292
9328 7459
859 9933
413 53
1354 4771
5717 438
1258 2997
3155 9630
187 6242
4572 2714
4601 6155
2502 4003
9589 7090
7512 9274
6545 5284
2257 1691
9801 8932
5652 1625
9795 2356
5946 4961
811 1904
71 3937
2421 487
8170 5981
2587 1193
3244 8224
4907 3170
7426 4745
566 5721
886 9109
7497 6791
1993 6052
7129 3363
550 1841
3639 8264
6311 4685
6152 2068
5172 736
9498 6427
2616 3821
2030 8572
1341 3660
2362 3532
3822 6371
174 2879
5354 8073
1235 7699
7557 1651
2331 2268
1379 2050
1436 5739
2361 1473
2417 5346
9685 6001
4382 2134
6718 2987
1838 8379
2070 4564
9735 5041
612 5477
4753 9396
2571 4586
5222 8154
720 5504
1024 5241
5832 4556
8698 3323
6253 4320
5863 3497
1100 806
1508 6001
3240 7462
5449 5056
1669 850
3338 9165
5366 5552
6180 5131
5044 5766
8266 2245
9480 3601
3143 9865
198 1091
2663 7162
6420 1701
9406 9164
8944 3477
5422 7294
1463 3840
7645 213
3128 409
3568 8063
7420 4417
8982 7682
555 1226
8822 6232
8502 9934
4282 352
5979 544
2602 6751
4493 3919
8079 9571
4387 5478
409 2865
8993 7138
5116 376
6800 8585
3570 5606
5591 31
8313 4117
404 8649
6388 6956
5114 2437
6860 944
3716 4613
3577 1071
1067 102
8396 4645
9975 8408
8234 6718
1419 1838
5940 8787
8510 7821
583 6935
3789 8016
106 9750
8774 7113
5378 2604
9754 1471
2340 6619
2649 4485
9567 8591
4833 859
3842 2407
8841 3468
3990 7983
7357 4737
9231 1178
4679 1560
912 7087
9630 6782
9590 7612
3337 8363
8352 7891
1280 2415
7077 338
2210 2285
5222 8605
7443 5419
5375 4948
2243 1043
5425 6117
6444 2798
7137 2725
7251 1578
2916 9802
5421 979
2190 6400
7651 3620
4137 9098
3151 4457
7317 9867
5226 1971
32 8219
2034 8489
8777 9588
7523 846
1853 5853
1016 9637
4991 5079
1057 7460
2332 1995
5753 3150
2983 7209
167 3461
5801 2818
129 954
5149 3795
4419 9691
7362 5035
2927 1423
5478 9977
957 1221
7698 5923
3367 6124
258 6553
5959 4688
647 772
304 698
2250 6549
7798 8755
3529 8559
7448 2077
8065 2274
592 1595
6366 9248
2010 6158
425 1338
5439 901
1606 5171
7689 6489
3260 3186
8332 9564
3880 6543
2713 3956
5515 1161
8398 1409
5518 8714
5761 7309
8079 5713
4414 2657
4055 9140
8548 2027
6757 8967
9304 3996
989 750
3053 1373
6978 6491
3094 4034
9317 3377
8448 6900
4531 8696
1978 4647
1932 5434
5176 2984
700 7297
6588 1466
8801 342
2886 1646
1191 9865
5542 7364
8636 3923
216 395
9379 8168
9454 8082
6979 9545
8671 9393
7359 2367
5669 4206
2103 3307
1217 2576
3082 366
6236 4289
7471 1912
6684 4156
3979 7823
2876 5221
78 5951
9580 2802
3997 1312
4229 1438
6297 2965
8005 1180
5617 1140
9050 9668
6362 6477
3260 3418
8948 351
4911 9321
3742 5084
1682 4989
9003 6968
3638 4123
5677 8445
9439 4151
3573 9741
8704 6671
8845 9011
8085 6025
5797 7872
4723 1429
9926 9230
4222 2575
9234 4392
7825 6559
2838 6784
3889 1840
2251 5941
3395 6329
3298 2604
9272 8296
9419 9398
1562 6362
2230 5738
2594 6423
2963 1976
757 4616
6685 9624
3567 5617
9689 7309
3449 1726
2633 5304
887 8703
6709 2598
4093 2551
2448 5258
971 2137
7689 9973
93 2133
822 2279
8501 3966
8212 1877
7138 4702
9909 7698
5514 70
7790 5567
4866 6041
6999 5977
1735 4316
5465 9604
8903 2935
7413 9903
5746 843
9275 5552
8939 5517
5663 5769
4630 9678
2614 8952
796 6175
6434 6060
5330 6382
754 3060
3621 2546
4182 8620
932 1754
7686 4260
1271 4863
1201 5442
5134 5131
3709 1117
5844 717
4689 3734
6796 4956
4930 9193
5852 163
9599 1748
2770 6616
1290 1700
9258 143
1781 9894
2278 7582
4085 3704
9682 8921
4018 4883
7240 2345
5192 5751
8820 3938
4845 7364
8040 5287
3456 9280
4973 6503
3671 7484
5692 7916
4057 4172
2478 8551
6573 7027
919 3082
4495 956
5343 9833
6379 5849
3851 4417
4512 8629
2140 8268
132 6085
9423 6608
7026 5287
737 8330
8999 5005
2534 2309
8942 4470
5716 4314
3519 4330
6362 1307
8971 4204
3554 2487
7215 2571
2672 5662
5782 1900
8484 4122
6076 5007
5790 4909
1429 9846
6728 8841
1252 5720
4172 7905
6289 9208
8938 7037
4694 927
9533 9089
6087 6449
7077 363
2122 7976
2684 6022
1648 2049
2729 4187
8814 4383
651 3257
4866 9260
8786 3683
611 2546
1602 7042
2349 9680
8651 5444
4768 4789
9150 3816
9579 6702
6656 6089
8350 4549
1887 2946
4458 1679
3305 833
1538 991
7882 1527
456 9703
7105 8660
5400 4449
8016 3742
3988 1537
7689 2444
4480 5266
5009 2083
9608 3768
2699 5080
367 1116
293 9303
3332 1991
600 6342
8379 3537
9899 7214
3334 7284
4144 3217
3533 31
8103 6082
7721 275
1360 6560
8667 8375
3599 1064
5444 5026
1048 5018
9777 7983
7903 3814
127 1111
2717 3012
6860 2431
1078 2947
5441 8111
5023 8123
5866 32
4088 5514
55 7952
7194 7151
3257 5622
3448 3612
3769 6965
5100 89
7322 8239
8300 8186
9277 3064
1257 8403
4874 573
98 9612
1555 8474
4778 2820
2866 3606
5227 431
8162 8337
7916 1551
5995 4998
5458 2844
2165 7616
4610 7967
8135 3023
2645 4168
5538 4121
1598 8179
6218 582
3761 1605
3361 8316
3985 824
2369 8699
5204 834
7593 1656
6719 4921
315 9438
2786 1934
6552 6650
2192 8514
9294 2721
8703 9901
6125 5759
793 4983
2923 2433
1008 5316
4538 4392
900 3159
2126 2125
621 7536
8956 6410
4487 9450
4666 9681
6772 7677
1533 8441
5759 5414
5622 3273
669 8744
8513 327
8723 5241
5587 2040
8516 5585
4878 417
2760 4024
5621 4662
5157 2721
487 9234
6877 681
4591 7413
898 8725
1842 2752
9473 490
364 5636
1086 3183
5014 2757
4513 4461
7664 5835
3678 4450
8148 3181
1596 9520
2184 6838
2749 7104
9846 6715
6835 9287
4936 2959
992 6638
805 2202
47 3606
3759 8846
852 9898
3335 7844
275 8803
9729 3542
6702 6664
6166 417
8718 6078
8864 1177
2952 909
4524 17
9292 6844
1624 3180
4649 9811
6429 9543
912 234
1626 4830
6997 2910
7604 7789
4447 9898
2916 433
9061 531
1140 6370
2652 7679
9791 7695
9395 5251
1751 7197
5543 1843
3770 1778
6996 1080
2241 7735
988 3239
1645 3280
4565 5136
7565 9904
2962 1195
697 1900
5937 4070
4482 7087
9778 2284
6458 7039
1250 5984
1885 3197
8672 2911
7936 7452
1715 7252
4645 5280
9382 9459
1084 295
7200 2959
2534 7291
9693 9766
6542 5991
449 6465
4653 4057
4650 6154
6355 917
8055 4641
1788 1170
3456 661
2880 7555
3084 3004
339 5924
7540 5543
7774 3495
9296 2374
7674 1013
7462 1279
1139 4409
2515 9384
2466 2029
602 9165
7340 615
2714 2805
5432 9285
881 5318
3695 1823
6035 3055
7075 7141
9251 2572
769 6016
2635 2782
9213 6374
8400 4428
8699 9945
357 6745
7137 6191
5038 6742
1682 240
658 6858
5374 6813
1118 3810
9573 6801
3806 7180
852 1067
2020 909
38 325
3743 2285
5312 1096
4759 4559
4011 644
8760 776
2149 7066
3260 9492
4945 2736
5591 516
1445 8527
8481 3463
6281 4377
9268 8272
1607 3750
5596 9872
6637 2174
4838 6172
9062 6977
5259 6085
4554 6907
8564 3173
1562 1734
9556 6316
5722 4354
1890 3256
5964 4827
7405 2841
6245 6237
4387 2979
9846 7588
7884 417
7948 2796
5821 4863
2534 4611
2001 4785
4179 3215
9420 9322
4042 1111
4233 6569
3208 7184
4643 6998
7585 2111
1843 2663
3985 1399
4886 7250
969 7914
4701 8745
4111 7482
524 702
810 13
6768 7487
8193 920
5642 1082
5389 5102
4213 9457
5919 6085
3851 5083
7158 66
1616 4319
183 1204
7606 6083
7104 1672
4108 5010
225 383
4670 2907
55 2595
5040 3758
170 6454
8400 9247
8228 4296
5858 6605
4336 4953
4446 4187
7885 2358
6546 6569
9200 3796
2940 1353
5124 1663
6381 5455
8173 5241
9876 1306
4161 8785
9497 1129
21 8703
2297 6881
9853 2719
7639 5455
6751 8965
7126 8842
3640 4180
6731 5460
6424 5272
4351 4457
1661 4195
617 4797
3036 9291
67 8711
7097 1730
2815 3959
9120 3929
2698 9152
2826 2427
4838 230
7520 2623
769 6624
9523 7925
4236 8532
5195 918
25 9360
1292 5092
1690 9977
7497 2086
9852 9268
561 3561
1110 4414
142 1399
165 8701
4944 7693
5635 7690
9496 8214
9378 7584
5285 5133
7055 2091
1286 8059
5309 3504
9732 6355
8745 1786
7365 4388
9907 56
6713 4233
1553 5141
865 7778
7612 854
6085 3474
1870 1555
8069 7594
911 691
1467 5896
4201 7333
2480 8919
6685 6098
6042 1382
3321 7957
9381 103
3469 2050
235 8369
5199 2190
3195 9166
5045 3035
5499 87
9138 8338
1189 4432
2209 2161
8286 5534
6975 539
4054 9915
8174 6870
9001 9537
5180 1129
62 1774
270 6907
115 5572
3514 1684
6270 7144
1916 1391
7282 9219
3082 8857
3856 895
6227 5498
3515 5477
7166 9538
2275 2906
492 5271
2001 9427
9869 1367
6789 6698
3275 3774
4846 4644
3572 4146
554 4693
8718 4997
3966 7340
4472 5751
5086 8274
7411 6308
5517 2310
896 8779
7982 8869
2484 4943
4028 9731
5390 4191
9272 4243
6690 3929
9305 1796
1922 6407
3106 452
2545 9424
1508 2454
5073 1896
3090 2924
3910 6598
7251 9859
8686 2174
5401 1208
7977 2122
6594 5510
3387 3152
7945 598
3698 1881
1194 8836
8372 3676
5248 8177
8942 9948
7080 1588
1287 9148
5695 4966
2222 94
6761 8144
7264 9927
293 8555
8076 4329
9201 1549
9408 2702
9065 3531
1372 5027
2415 4280
2811 3234
4994 3054
2601 6542
2421 9464
1011 7236
6464 165
5579 2023
4913 4148
6086 3251
7469 2838
4260 9712
9708 2526
114 2968
8393 2027
3433 140
7164 7193
2108 1397
7482 3567
9253 1344
447 2705
5121 5201
7826 4954
1713 8860
134 4725
4358 2146
4930 9282
2726 8356
8846 4717
3208 1225
7643 4279
9338 6942
5756 91
6556 1429
7335 227
896 1525
1592 3852
8410 3670
2391 8901
726 3185
9782 7677
5935 443
6447 6482
580 1526
8063 7768
8954 3775
5957 7377
331 8549
1754 2202
6315 2655
426 2636
7822 3397
2776 7408
8610 703
2468 5077
9593 7410
8338 7828
5080 7899
1124 7489
38 3170
6413 4102
9498 8834
1512 6587
5526 1425
9237 7603
372 9732
5297 2505
1610 5926
4546 1145
1787 9680
2895 2417
1735 8586
8352 9546
6473 6116
6743 8829
3704 2263
62 2866
6006 6055
2144 9544
8178 8197
9219 9167
5959 8869
5963 7033
2157 474
7410 1600
7055 3438
2837 6060
5375 632
738 8634
1351 5334
5309 241
9030 7021
5141 7226
582 6400
2549 1083
7502 7052
3766 7728
4208 6612
1130 4813
5016 5510
4859 6987
349 8943
7469 8946
2778 4554
1812 5521
7974 6983
9790 8178
356 8838
6617 71
7612 2960
7010 3529
2925 5283
2408 6305
61 146
6057 2857
7137 5970
9559 1493
6837 7923
4841 530
6859 1940
89 8551
2403 3229
5532 420
1298 8696
5213 2738
6951 6754
7868 3982
3602 2506
9143 8200
2365 727
5682 8586
8454 8621
4117 8699
2130 7771
5277 135
9669 4639
6821 1805
585 1068
2142 6433
