7752 8056
8321 9296
3492 244
4049 7517
1768 6371
1599 2249
5684 7176
1198 8586
2885 4792
3978 2883
4304 4216
7313 1485
3660 2982
853 8322
5899 2899
8230 8741
9568 8994
4827 3210
1098 4828
6935 4922
3256 5723
5592 3278
4135 4150
810 8976
4284 2818
5229 6115
1417 7173
7591 4854
6429 6138
8863 6294
5907 6816
7960 1310
639 5338
5434 3514
4134 7839
1016 2929
6781 6827
4806 9171
6060 6658
8242 2806
1507 9704
452 119
5191 2044
3877 1882
8729 6865
9311 2791
7345 9650
4341 6977
1266 4164
2753 2411
343 4535
2121 6750
5439 4100
4111 4794
9148 1192
1568 6308
8141 9705
8782 4634
7821 4776
4515 3342
2612 687
4273 2268
2674 253
6975 8511
1910 2221
1953 4514
8688 3314
2304 7746
4900 416
7983 3647
6883 7466
1121 3350
8012 8256
1555 9240
3399 7990
4820 4714
9616 1660
8798 5759
1469 1710
617 4877
6340 9001
3622 5559
6077 5509
6996 8668
9748 5378
7856 7311
7792 3391
659 7619
131 3033
2775 6971
7003 5940
4910 1467
789 8897
5753 4896
5906 5138
3545 5577
442 8115
2352 7282
6750 7974
7997 9952
8743 7670
2167 2892
7519 1102
2443 3650
6956 1699
3840 5350
7473 2712
4106 4008
4742 4255
4717 1867
8851 5747
1840 2124
7945 2298
1103 5803
4270 2575
8780 1522
3777 2822
8584 1467
6532 589
661 8724
4901 1251
583 2654
7462 8867
9121 7306
6190 9196
2062 4918
5918 9528
8436 9189
973 6223
7878 788
4672 3679
8401 3309
2075 9997
5620 8558
5228 3753
2345 961
8560 2844
182 9341
4075 5122
8203 8842
3871 8361
2927 8901
6494 1888
7117 7083
7382 6371
13 7848
847 6878
4380 4531
6708 239
4942 7681
1121 9890
532 7360
7093 5450
7477 3081
3563 336
97 9009
852 8390
709 2483
5209 1874
7780 495
8644 2964
9347 9351
4486 5451
2516 3035
1767 5657
9877 9022
4024 9069
9818 3460
9904 1577
7926 8282
2967 463
2934 5619
1852 1679
4849 6070
4975 1599
7353 2269
9457 8557
245 928
9463 5110
9506 3723
1897 6152
5659 1944
4013 5281
4049 7827
3931 7951
4127 1330
4235 5330
5774 4899
5833 7874
4599 8495
4480 6329
5619 2401
567 1185
4692 5425
4473 1186
7116 5802
766 8749
8558 8507
797 9231
9966 1851
3138 5403
7988 2320
1850 7896
134 3261
7791 9539
2775 6519
9750 5121
933 496
9425 751
3283 7111
7428 7357
4151 5429
4514 5252
1304 5363
134 5597
4280 7565
8218 7598
8361 8321
4476 1469
1640 6486
7469 6756
7097 9328
2154 8922
6801 964
2147 2238
4135 2716
8161 1321
5579 4305
8898 1062
7054 6104
6545 485
2493 7457
4642 2934
3548 9048
569 7780
7696 1263
4807 4993
255 6129
2689 4399
7991 8350
6222 1265
8319 8072
6136 667
9216 2841
148 7463
1474 2495
4936 7703
338 421
5617 2997
3858 5045
5343 1525
3109 3380
3448 9082
99 9035
7835 9041
8665 1017
9471 5547
8184 7474
8269 3497
4857 6628
9403 3691
4045 1874
8585 2012
2250 3102
6184 2527
8295 5885
8055 1065
1717 5793
4033 5319
596 1187
7344 6831
3875 6688
7211 9834
208 1456
869 4765
6600 2068
9091 9360
3474 8186
2572 8234
3877 6504
4919 6207
2406 3363
8432 7445
4554 9312
9064 1614
27 9558
131 1393
4732 8043
8493 8214
5131 6211
4619 29
8171 435
8869 477
3209 7514
3307 6594
3775 6699
2012 4267
4399 7609
6714 1020
3436 4380
4138 6787
8168 5771
2765 6167
6798 610
9788 1
3157 9431
2691 6217
6236 2563
7040 9039
7528 9351
9716 9137
7119 3670
6294 6445
6013 3839
6670 3843
1182 3494
3917 1692
4470 6334
7868 2747
7912 9354
5000 5223
9657 7981
5561 6050
3098 7228
9514 7932
8541 5476
5295 8002
5322 3818
9326 2139
3762 2060
4791 246
8045 7640
4227 4225
903 7847
7193 3982
9816 3845
4021 4736
5933 3684
2536 5775
8986 1374
6735 1977
2890 8933
6818 6063
8677 5234
2137 2279
7286 6811
1848 3982
9792 6763
7550 5316
2934 5942
178 1534
2166 9746
8725 3705
3846 1743
7828 7624
7600 9603
6864 3002
1998 744
8857 7128
4566 900
9237 9335
6824 2328
5891 137
8226 2157
799 3952
3677 1561
1550 7792
9569 8761
6169 526
1502 24
5540 7414
8048 5304
2559 8257
4454 3589
3631 3781
9951 8310
7445 5505
4017 6068
3540 4682
4768 8596
4257 307
6879 2649
7928 6412
7875 924
516 230
2264 5837
1842 1269
5343 7600
2327 4873
8481 6826
8515 5018
7731 2083
886 7352
9129 1799
5375 3244
4979 8262
7953 7874
7858 4604
2749 1685
87 6217
3313 860
2356 8520
148 225
9348 6159
3168 1939
7733 6680
2983 9621
3629 9998
9397 4214
1034 3143
4257 9795
7222 7781
2130 6529
3267 2820
1014 7780
9245 3973
2610 8823
5676 1671
7063 60
4906 4728
1990 5960
9870 9623
8627 8475
5803 665
9770 2747
6697 3507
2046 1174
5747 360
3593 3901
2976 1867
5427 535
6191 6789
1168 2976
7103 2361
66 7316
6702 7651
6696 5505
3474 3104
5864 3662
729 1594
3338 5049
3152 2415
8527 2106
9854 2350
9370 6438
5356 6086
2276 4623
1567 8327
6374 5840
5290 6406
8897 6748
8595 6526
973 5230
5349 5674
8972 7681
4719 7493
6409 8543
3647 299
1493 6433
6549 5813
3713 2087
1823 6833
8707 1412
8212 5225
5085 761
4199 4460
5834 6892
1697 5301
4480 952
9215 8319
8192 9798
5907 5155
5925 4157
8768 7779
9379 7295
752 2800
9056 9643
7785 7344
2419 4360
2654 6249
3470 127
4505 1740
215 7226
7316 6987
7126 1902
4862 7261
4860 2462
9486 9348
3714 4279
1179 7009
5723 1668
8378 660
4804 9391
160 6014
3309 523
5243 6171
8513 741
8130 3978
4507 5577
479 632
1436 7201
5154 3847
2640 9440
246 4073
2869 5248
5402 5526
4097 7027
5638 7609
4534 612
5150 2830
7020 4113
6178 6570
6790 8346
279 3203
8059 8240
6860 1271
6254 5253
1044 4354
6322 7868
3221 4588
2967 5346
3155 8435
2229 4105
1249 2019
5595 4241
2950 7019
6442 3210
3370 6001
5641 6050
4838 2019
4899 9354
4638 682
8409 7054
8085 6176
5067 3339
6858 240
5708 5587
3365 8667
4735 3360
7968 1426
2562 2830
7987 356
9394 4501
8985 6288
7953 7389
4038 7834
264 5163
4117 5683
4576 8412
8405 7406
2290 7596
530 3449
7775 7913
3272 752
1332 8158
8237 1936
2784 1608
351 2665
2735 1014
9313 734
2214 259
25 1448
7565 7141
5298 8819
5842 5685
5878 6096
1545 5799
2394 2297
1904 9609
99 7934
7220 7902
5703 7677
3573 8161
3705 2044
9411 5856
2765 1837
2457 1455
2774 9613
7984 9991
8741 9216
2785 8347
7708 6709
3323 3821
512 8782
2387 5039
5631 6381
1497 3075
3652 6885
2108 7695
2626 3191
8163 3173
128 1293
8407 7591
9922 1241
6622 9272
5738 8960
5733 7682
8516 1490
9360 9839
9897 6108
8754 4287
2356 2548
5565 3375
9406 686
7672 8426
9209 5096
9500 4342
6053 1737
8737 2104
6689 6679
1411 6957
4445 9243
6623 8576
8650 5339
5693 4584
878 3869
5625 6701
8802 5244
1155 3589
6336 4461
6195 6408
9834 8280
8145 3253
9799 8587
3451 9558
1944 258
8935 6941
8311 3550
6746 545
7299 3089
4343 2528
9069 2182
5223 6253
682 9942
9089 9070
6198 941
9940 7515
4010 8245
1579 1944
9874 8064
4853 1997
533 2765
7402 3186
3746 7763
3662 8178
715 4727
7083 4494
97 8097
5970 3535
4453 570
157 7065
9330 9024
2076 3694
9403 1546
2182 557
8486 7473
395 557
6599 9484
5334 3473
2803 4696
6172 1311
3517 2956
3205 6662
4101 8117
4479 6113
1336 4414
7821 788
3959 4277
9550 8776
2315 533
4144 4667
8838 8539
1692 6183
3753 2716
198 9325
5649 1656
8599 7476
1629 3476
8054 4149
1311 6842
2632 7680
9511 4210
6613 4148
439 5192
8761 3718
992 2137
8100 8173
8140 6897
6054 6521
7284 3714
9374 7215
1684 9274
7033 3580
6139 3483
7949 5272
3475 2950
2617 8059
4453 6423
9670 424
9080 7383
744 6707
1289 1174
7470 929
1497 6572
9406 2714
1836 4955
1860 4000
443 601
6982 64
3120 2879
3427 5919
3730 3476
3024 8540
4345 2437
2440 7320
4734 528
1768 2726
4638 4761
4328 4864
8884 3778
4970 8389
9660 621
5683 1091
6573 22
947 6527
8512 8866
1137 7590
5533 9670
2158 1083
5649 9207
4118 5112
4004 8308
5623 5771
7470 1292
2697 1068
25 1120
5810 4959
3124 912
3171 1252
9597 1598
3022 7136
406 9038
1109 3942
7984 7412
3964 5174
2354 7122
2237 3568
107 4806
8711 8680
7222 4465
9152 7748
6332 4896
2353 1564
4715 6427
6573 1203
1896 2228
6645 9822
1705 9192
4704 266
9486 2790
391 930
9570 1212
4406 1741
9809 5695
2982 2647
7014 392
92 1802
9469 4543
3940 3402
3572 3909
7213 4393
330 9178
3808 9635
3330 7530
3069 3145
1780 7506
8172 8384
2621 4037
6449 8728
1493 2116
3556 3677
5209 4171
3924 9702
3702 6620
8489 4155
7908 3615
7142 2504
7247 5675
1775 1133
1309 5269
2583 8476
363 4228
3232 1194
4615 6443
8775 9966
1366 7502
8308 2623
3226 4008
4539 8555
4037 6322
6841 9495
7280 2446
5026 4063
1933 9949
4636 3505
4917 7539
7245 5993
8568 1922
6415 1636
1568 2509
2511 8240
530 8146
8207 2962
4830 7283
2929 5226
9882 2083
5242 5650
4578 2223
7195 5655
1964 4171
657 8106
2577 579
8748 7114
1007 7932
4893 5065
7459 9907
2312 2495
5018 7985
5759 6677
7674 2741
2273 9593
1009 1332
2312 7226
7971 9120
4453 9115
8746 2960
8931 9687
7595 4290
4932 110
7199 4439
4596 9429
4946 6918
7161 4592
6794 2175
5136 9559
3503 4284
5740 2992
9084 8882
5334 5867
4779 9257
4435 2134
2561 997
8352 7248
6148 2035
2202 9137
3891 8422
3702 6191
1752 6722
767 6507
5191 9997
8142 1632
5942 6747
6650 5930
5593 5201
7989 8220
9402 16
8439 4664
4728 292
5496 2910
2508 7006
167 5995
4588 4864
5264 4064
8483 734
3459 2389
4204 7089
6428 345
8458 7916
7362 7196
938 3104
8138 1904
5154 1424
346 7924
7658 8097
140 8313
5326 5179
7216 6440
2321 6748
1135 1259
7680 1885
2227 4489
1539 8024
5730 5534
2977 5103
6597 6058
6256 1564
2782 9064
5904 6854
198 6834
2636 3088
3909 8731
7520 7466
8721 1069
2148 6797
9250 8509
9600 3783
5271 9835
8335 1793
7504 1636
3215 671
8327 6893
1521 8132
8577 7742
3633 4073
3613 9082
7100 1631
4675 7302
7010 5121
9263 3316
1804 5833
1744 1730
5028 6294
160 283
8127 2294
6060 4226
7570 2605
4873 4555
5240 9861
62 7337
5812 3113
1898 8590
9085 3924
9780 6472
9180 549
413 4153
1736 9876
8118 8867
7610 2124
1905 1166
8177 551
3761 5812
6998 56
1622 2126
1914 9882
5475 9062
1191 7272
9125 1638
7954 7303
2817 5634
838 8582
1792 5054
9751 5892
502 819
7499 9648
2992 1959
1727 1281
9663 6911
2862 3161
6498 2255
4489 9790
3867 3736
3825 8169
8110 5457
8726 3474
579 2585
8467 3250
7035 2724
4760 2641
8925 3948
6092 1688
8529 8823
3936 5003
2716 6462
2661 488
499 2448
7104 9361
9351 7210
4396 9719
88 3408
9929 3660
8103 6850
2628 4219
4307 6083
4714 4143
6218 4020
4181 116
5720 7041
5583 4183
6628 7567
5787 3424
9243 8701
4379 1794
6096 9363
3416 3553
6585 6293
6451 9856
4060 356
4503 3406
1375 4639
1027 6373
7324 1384
2706 2724
9375 3645
2460 9115
4381 2599
7896 7962
3979 8626
9040 8350
4410 2662
4828 9740
1265 6286
6698 5918
2117 1398
4896 1243
5130 772
157 2967
5053 9714
514 3650
320 8852
3323 4915
3146 9532
8728 9553
27 7961
2670 8785
8350 8029
5698 1723
9420 4038
5209 5387
5988 3139
4820 1899
136 9975
7221 7922
1595 1070
860 4938
2034 330
3300 3596
2757 6466
5758 848
8002 7588
94 5749
4740 9352
8893 5023
981 4940
6761 1382
3226 9281
5583 6859
4538 4149
97 4218
6263 5836
6523 6141
7579 409
3809 3078
9473 6133
2831 5840
5076 5077
5754 4009
6232 6751
6386 7712
7292 6359
7694 5090
337 156
1468 3314
4826 8056
3145 3299
6418 6999
7224 2553
6171 8848
318 35
5788 3979
8393 5609
1248 1891
5918 9723
6038 3601
6731 4089
5220 6388
1114 2161
1540 4484
1233 9022
8299 1506
373 8987
7365 9973
1868 264
6544 1495
9045 9060
7615 6063
5019 512
9566 3807
2808 593
4232 9895
1590 5280
308 3237
9435 6361
4503 860
7655 5354
4994 9994
3774 5446
2333 9875
841 9069
5810 5183
6640 9582
2859 536
9571 4128
7173 1414
7981 9023
2242 2819
9666 2559
2501 9315
3821 4861
147 5066
9431 5401
1510 6581
5991 397
2358 5595
2028 127
6089 3120
1672 9468
8365 624
6924 1361
5974 5942
7753 7973
6237 9928
4072 4155
3803 3881
2232 7855
8870 6165
450 422
5312 5041
2765 3516
1688 6824
423 3028
6860 9045
9921 4375
6868 5193
2751 319
7569 4108
7406 8660
358 9994
2367 1376
3060 1599
8775 7180
9713 2216
2054 2493
3830 5947
4380 3610
391 2937
3454 1086
7819 1106
7256 4147
5974 9158
7330 9954
965 6363
2048 9853
7950 6321
561 5190
7293 9169
674 4164
5308 3592
9809 3393
9762 14
9338 2316
3487 7162
8673 9361
2663 3746
1137 1041
1940 1136
1624 1016
3851 3911
8668 1963
688 8570
2672 7852
6010 2062
2614 708
153 4470
4168 8399
6517 29
8429 5064
7205 1040
9669 5160
8984 2842
6753 4214
9277 471
9804 3929
3907 257
4432 1274
9243 5353
2069 8497
5382 2471
2483 3527
6332 513
2153 8347
1912 6155
7676 9185
1670 1783
8377 6343
8027 9757
76 291
4920 7522
1537 3132
5591 7052
4360 9256
4357 7673
7748 3961
3121 9533
2327 1679
1968 7110
4710 1232
4637 7169
5805 3570
8462 3160
6901 5867
6875 9750
8049 4568
9272 5100
8204 5345
6984 6130
9114 1136
1616 7832
6360 8703
5349 3066
4549 6130
3158 1175
2923 9531
5464 7189
1214 3214
2006 3034
2415 4630
6443 1130
9394 1167
1663 6343
1968 6570
5876 9241
109 8308
7668 6695
4963 9688
303 5778
3742 8150
17 991
7712 8544
4464 1346
1776 5029
6967 5048
8054 8020
9496 6790
8223 6108
248 8214
6757 4393
2706 9407
3620 702
5578 6033
1033 3156
7943 6584
1931 8327
5596 2640
7406 866
1124 687
8903 6891
4524 6212
8539 7023
6822 9891
1410 1687
8053 484
2672 2476
739 5311
1897 9618
8077 7608
2269 1533
5862 9067
3785 6488
9660 9089
4941 5309
5933 9621
9687 448
2979 3916
8170 7691
6337 9710
105 5151
5011 651
6355 7629
1200 8615
6511 8142
4932 4299
3221 1957
9708 98
2277 9916
2044 7579
2074 8999
2339 8665
154 7752
9755 8697
2764 2163
3074 7164
3247 7235
9712 7981
4894 3634
5212 8410
8088 4332
7438 1218
8037 5598
4097 4638
6572 9850
8411 8814
2279 1187
6508 3678
9952 4637
6279 3037
194 1120
776 4136
3469 1663
1318 6554
1599 6653
1060 4309
9293 4218
5727 1104
2658 7347
2189 5965
7848 6727
834 2541
2570 8137
8061 5788
2222 3555
2969 5933
8386 188
2293 3435
1961 3370
7761 7189
5890 6881
4960 3075
1174 1944
5008 4921
4205 2913
6378 3931
6292 7949
1636 4189
1197 7674
7225 2003
2921 6422
8339 9947
7847 1757
8553 9876
9336 193
6811 4694
9887 8209
385 9043
7197 6715
2694 2709
1215 5894
6333 230
1251 1615
7889 6341
5559 6205
2933 1269
5462 4323
3272 2541
7824 5277
390 9773
8704 3111
6093 3408
3061 4694
9909 3631
8100 3118
27 866
3669 9388
8740 7356
1955 24
1084 548
6133 1121
7113 992
8966 8342
5596 5054
5503 6058
4229 456
829 852
5399 7169
1619 190
3482 1726
2282 7593
4623 5572
7579 2835
6327 290
3003 9721
1056 4628
2002 3603
5188 654
5230 2902
5368 8614
1994 746
9725 2480
306 7204
6317 5465
6657 4518
1508 6896
9033 8754
4523 5377
2348 5673
8423 1511
1127 379
1992 9983
4604 1249
4000 8310
4976 9788
5890 6416
8634 4354
3695 3015
2580 6446
2853 2025
3882 2432
9253 3810
4513 3238
5001 5536
6332 2861
2152 6529
5719 1731
3165 6354
3483 6929
6820 851
9889 6622
3062 4391
2260 2949
1050 9297
7260 9753
4838 9422
1278 5485
612 3329
4778 6524
5911 975
521 4230
3113 4972
3495 3842
1632 3129
5496 2459
5082 5065
9111 1344
9876 6431
4703 1999
2089 335
4402 9018
1697 3752
1470 7353
6710 6554
1460 6814
1162 4756
9559 6845
5729 6574
9544 4650
3328 1756
7388 6919
2635 4013
3648 2749
8000 6214
5651 6016
2648 9581
8485 3933
3216 9135
6703 7575
197 5808
9906 8242
3954 6095
9113 6125
8176 5658
8657 369
7514 3881
4083 4784
8547 6504
2494 1385
3883 1461
6480 1940
8138 563
101 1117
8132 3521
3097 2474
4538 8073
4126 3290
8224 1389
5163 4369
9298 7576
273 3071
7949 1077
5721 4373
4540 8384
4583 5865
723 8232
710 5669
3659 4842
1284 7890
5540 5609
5566 414
4818 1832
3842 799
5456 6289
8614 9545
1259 6341
4603 222
7690 6801
6110 2621
4842 2840
2087 5338
2368 9409
6116 305
9896 1658
2174 238
4297 6280
6470 9055
9540 8146
4023 972
7478 6141
7025 6424
6303 2876
2998 6399
5577 8105
5550 7105
4799 4576
1496 1198
9325 7934
8183 9047
6987 6025
7536 5938
1811 8794
829 5844
4469 9518
4373 7707
7113 9138
3568 5244
5409 3574
2279 1091
231 3185
9166 334
5028 7266
7734 302
1875 9574
4770 3852
3995 6336
1809 6919
4155 6065
7370 2127
9279 1644
4788 9275
1667 9171
645 6185
8526 1936
3422 2250
7029 6793
1114 1910
1557 4731
2476 7890
4248 491
9332 2450
5036 6730
884 1978
5055 4348
4835 6596
2685 5641
1 318
3510 125
9093 7164
7808 2307
6765 4860
8186 8000
9960 5294
2815 3806
3101 6872
9511 6450
8220 1762
297 1112
6308 190
1300 7382
2100 3796
9459 9414
8207 4388
4953 2135
347 3449
1540 2152
3707 5262
391 2997
761 2679
7922 1259
6082 2479
7487 7338
3084 2101
6569 8116
5790 7820
2404 9661
5987 6793
5933 2621
9503 5705
2090 8338
7995 5040
6541 3294
1463 6864
7287 1772
9079 3693
9164 6095
7202 5111
1699 6323
8928 6004
1035 2896
9581 9681
5292 8487
9801 910
4543 263
8088 1942
9985 9249
7360 2026
8697 3483
992 9880
2355 3631
2259 9027
9021 6841
5393 7608
1154 8221
3608 3288
7869 7272
9991 8919
6174 5320
1786 1115
1202 9695
1683 8458
8535 5412
616 3069
7394 2814
2581 7213
7634 6179
1206 5909
5866 5289
2617 5329
4574 2442
5206 5279
2137 7730
6346 9080
1501 3318
1023 9701
9797 3927
7034 9682
7913 7292
2611 3978
3314 6201
7885 8133
5368 5053
6657 3581
4196 9558
2984 5917
321 9056
7038 9837
4307 5602
6317 5876
5417 8966
2595 8027
7660 8279
4782 5868
2814 2738
2494 4188
9855 1810
7806 6154
6985 269
2299 9727
7292 2263
9494 9644
845 6638
7590 4320
8114 7295
5493 1534
6874 6036
4232 5436
8251 1293
8965 9681
8086 3031
1310 7942
2175 9144
6653 9716
1566 8771
9102 9506
629 4691
4563 5806
7268 2026
5619 8296
9569 1164
9229 7252
1405 8853
2252 8460
1927 9832
5263 5250
3118 8086
5606 1568
7615 9574
454 1168
4555 4117
7838 4893
1904 665
9365 3621
1434 5474
1874 3302
4608 7017
712 3125
6303 1995
9036 5782
4731 1202
7022 4607
3384 5818
3437 4518
9677 5405
7775 4701
3378 1988
5966 1155
9879 9417
3045 2043
8311 3368
1434 4404
8295 9022
9176 140
7200 8792
5226 9932
9042 5918
8403 5028
8065 2180
915 3732
5797 973
4099 4874
9092 9976
4782 7268
1456 1426
5693 623
4042 5917
2592 6160
7304 2698
6630 8266
3138 5281
8785 1459
8932 3464
1476 7676
5721 3207
9820 1122
7620 9355
6159 9031
6117 6670
1359 9607
6367 4221
3315 7924
1849 5270
8770 7953
212 4869
6829 9764
1693 5287
444 9721
1107 5721
7427 5405
4989 5773
8329 2244
954 6152
8960 7151
1828 3647
7617 583
6690 6200
3715 6443
1684 4685
1086 715
7518 7105
2003 1549
7758 298
6572 3556
1920 324
1681 9347
9589 569
4985 3272
5472 4671
1940 5671
9023 4969
1905 7928
5772 7443
4598 1291
3868 2986
6182 5212
5602 8838
318 8139
6680 4442
7987 8729
2790 630
9805 6209
2851 6467
8667 5635
6751 9426
1039 2947
3972 5151
3297 8768
7350 3455
9099 6806
3446 4955
6666 7252
3272 6645
6696 6228
4223 4503
8175 5703
1743 1607
2074 9520
9878 7595
762 9584
2914 5890
5596 9037
4693 3491
700 2439
8461 3558
8888 1639
9543 9038
9104 3106
9532 3058
4743 2710
7207 8258
5531 5794
2972 7938
4055 2309
8046 3580
4547 376
7687 8751
7822 4366
4304 9694
3711 1452
3549 1539
1629 7462
7696 4226
8820 3324
9242 8566
7852 9577
6987 6246
8083 9217
946 1546
5722 4664
1024 3680
1485 628
6319 2970
8655 9119
3099 9044
5363 2107
1719 831
3410 9165
5108 8907
1017 150
4375 691
925 6074
4610 7913
8736 1272
1546 7669
7595 2695
6705 4029
1646 6975
5978 3026
2214 256
1437 4128
9852 6866
7292 600
4705 988
4803 7647
9241 5931
8514 2039
4531 3661
9592 1170
3588 4754
415 2538
5470 5486
8348 3175
3241 8588
1383 4915
7775 8417
7211 2337
5050 5308
8702 7873
5478 3885
1262 9994
2201 2780
9167 9815
30 1536
6812 9357
9332 6584
7645 1518
6099 6977
1946 4512
8222 3485
983 4922
6041 7301
1852 7357
9606 1490
4954 4674
5169 6963
9989 8696
4446 6339
8822 2842
5687 6251
9606 9977
5211 3289
5622 7024
4075 281
9116 5131
8103 1699
9554 1421
562 211
2653 4723
645 9105
7433 2893
1791 3532
1088 8399
1315 3868
9903 936
7585 4338
3913 8562
1383 30
2707 3503
1114 3963
7737 1470
5010 9512
3689 860
1852 2351
4913 8447
4088 5152
711 2791
183 4478
1152 3064
9666 9079
6213 3282
4290 5407
1113 7767
928 6144
6080 165
4959 6405
5122 8418
8707 4428
451 5847
9180 2625
9060 2480
24 6039
9085 6674
2558 949
652 2081
8010 415
1126 7333
3694 6028
3867 3067
1615 8809
196 8073
1700 7950
2026 8529
1932 1920
6573 4505
7737 5854
9646 6225
1278 758
8000 5855
8518 3715
4596 9368
7192 1629
202 7334
1221 5247
5333 3218
1447 6313
6544 1301
1519 1908
8225 9621
1063 4517
7681 8474
7117 8252
2576 4479
7088 4024
4768 592
5430 9916
4297 8820
364 8536
3238 4863
6195 859
3867 8040
6725 9310
2110 1530
1449 1412
5415 5628
8502 9498
6840 3900
7630 4
3404 5920
2390 7218
4615 7795
9753 1466
3574 1263
3916 4639
5606 1524
1463 4585
667 5963
1385 3619
6530 8181
1619 5363
1835 8105
8440 6796
3294 3172
7495 8194
7762 5011
1132 8664
3470 5734
1320 8226
3218 4695
1379 5880
3892 6137
4587 3215
7654 5041
2365 4290
9052 6477
9412 8855
