3982 517
8948 1828
7467 6392
6535 1713
5056 2247
7133 863
6505 3420
2587 3036
1142 4615
818 8594
7002 2914
9431 6271
8104 2631
6141 1911
4455 3702
5822 2469
4532 3558
2646 2978
2049 4129
1795 6208
4632 1546
1241 7482
8698 8757
7187 866
1692 7000
9959 9666
4643 3394
3521 9944
8339 565
2437 3581
5808 9574
8621 9659
7104 306
7023 3359
326 268
2934 1116
5933 830
9989 937
7037 2323
2728 3756
3205 9855
4867 9275
4013 3631
650 4305
2965 4370
1022 5754
5805 4320
4495 2322
68 1414
8806 2884
6815 9085
3064 1733
4507 7930
3510 6429
8006 5972
9144 7192
8546 3621
1369 7761
4591 7785
4903 7899
2654 2019
2060 1616
6526 8132
3503 5446
7445 436
1396 333
3749 9568
6253 4190
6946 9072
3260 2597
8137 7744
3805 1741
3681 5897
4766 7529
2664 9113
2298 9693
9717 3693
4899 7888
29 2133
6530 9288
7239 9757
5338 4393
8114 9975
2052 3248
9993 9649
7261 2151
5596 9258
2579 617
9573 651
3877 1737
5974 6985
8731 4951
2826 4057
3075 2537
1012 1879
6689 8544
5107 8815
4063 6070
7869 2182
9135 5803
2087 312
2850 7406
1445 3298
7851 6698
3672 1745
3380 8218
1617 9420
8095 6173
3060 8155
9751 4198
956 8210
9470 2131
6844 3044
8238 7390
1488 1309
4928 9724
6033 8872
3124 9991
5624 8673
8135 9229
3147 1981
9711 7953
433 1133
4954 5840
8201 27
5081 7360
4310 2248
7708 4057
6579 9817
7086 8858
3052 8510
3104 2204
621 3422
5566 2059
1957 7934
9721 540
567 5684
4846 915
1382 1305
9792 1503
9144 653
673 4380
430 8293
4253 3811
6838 9380
1966 9690
5164 7789
6944 1441
6941 3480
9835 539
7477 8814
7480 4938
7716 9999
1371 1761
3753 2074
4967 135
5294 2107
6782 5841
2829 4169
6127 9534
5370 4991
3680 7538
692 8266
7580 7236
8836 2203
9199 3585
3217 1397
8960 6192
5466 205
1793 7645
4415 2915
5494 4077
5484 7312
6534 225
531 733
6503 7547
4495 3289
613 2370
5836 9713
4949 3654
7154 7770
6827 2042
4398 3231
2373 1278
5407 5371
8975 2249
3042 8859
1190 2881
6728 324
138 1691
4254 1663
3276 5090
7436 568
5062 8774
8954 1521
2913 2414
6826 4031
2030 8510
820 8814
5045 1896
5146 7055
7566 1037
7926 2521
2758 846
9455 7675
5749 3836
6849 5686
5913 9448
3666 9207
4704 5376
860 7202
5354 8685
2452 2087
2480 2015
6932 4435
9239 4123
6541 9635
8981 8550
6577 1857
4330 3086
3335 9084
4264 1838
4615 7267
5632 9262
219 1889
878 402
7929 1465
7566 1562
6915 945
4987 9362
7267 9469
4672 1241
1684 8217
4093 8902
4625 95
5539 2910
4352 5190
1162 4056
6338 7739
5536 4747
7136 1541
7908 9129
1128 155
6766 6288
5028 3639
719 5966
4524 7623
5539 4352
4093 3928
5269 8778
5304 7335
3065 9322
2183 5407
8567 6973
7610 1316
9322 584
4126 7744
6958 2311
6502 5326
9438 9292
8892 8602
8293 5143
4884 1509
5398 1083
7359 8109
747 1114
5540 9160
4454 7065
5116 9992
8107 4085
1058 3715
2761 8524
9619 8688
2819 3955
9913 1843
5155 808
9673 1434
4928 7069
9305 4821
749 7934
5901 7297
9675 8332
9653 6974
7881 1028
5938 5894
7071 3127
6392 8715
7639 30
6921 1489
6282 3479
4319 693
1889 2057
7933 3402
5599 7205
8073 2649
4734 2723
5316 8332
9574 9974
9452 9948
1851 107
6692 8477
9842 4123
9577 7486
4847 152
7746 4200
6189 2865
495 4787
1358 1351
8907 7246
3374 4823
8444 602
4551 4076
7294 7053
9465 3619
5875 2701
3506 6546
7604 8029
1968 3885
9583 1652
5769 1078
25 6136
926 1851
2320 4885
2284 5466
5535 1167
145 5316
8613 4701
2793 2957
8893 3959
7014 5346
4217 1184
3593 3791
5449 1127
2389 4539
9056 297
1920 3584
6198 8960
9213 1300
6153 9968
7822 3017
6168 5267
8943 7046
1973 1627
8056 5426
1679 9003
6182 2968
9695 5
1672 8051
4647 2951
540 8064
5881 2967
6070 7858
3730 9524
5915 3801
1340 1665
7958 2760
6189 1426
745 2449
5202 585
6237 8147
5455 3245
898 5773
5069 2401
5728 3278
2237 2064
9729 914
9496 5816
8491 7810
2211 870
7672 8158
7593 1601
4488 2647
8783 9415
4758 6699
8139 8047
6215 8468
4259 7555
8183 4306
5006 9546
5777 7586
4514 9578
4229 9338
5307 3881
7969 7491
3974 435
4504 3404
1492 211
4286 9588
3665 9399
7431 1292
1769 8872
4195 713
8777 8167
6260 1408
973 9176
8961 5373
4027 5424
8279 5406
7493 5916
4944 9971
3988 1012
479 8533
8234 4617
9389 2781
8526 1607
8355 8708
9393 7846
5687 8721
6416 4153
3955 206
9069 9857
6271 1947
9818 1103
6301 7052
2590 9761
4877 2198
6856 242
1515 7374
7676 8621
4112 3792
5718 1236
8721 8392
4269 4431
4502 3169
6929 5326
9248 8561
6261 1093
1313 2329
8132 3814
5332 2863
9586 6332
3884 114
4146 9577
5672 2809
4077 8394
7976 8127
2221 1906
9223 1270
1268 9609
6971 9901
6441 296
5884 9504
5698 597
6741 9951
4715 8385
7203 1787
7445 219
2619 1152
8122 6514
8985 9076
8114 7422
5893 2782
5326 4876
5286 639
7702 3550
5007 2783
8601 8686
8710 1283
8199 2626
8461 3715
5902 1801
6180 8338
9762 6143
6124 7354
3563 3868
5153 4279
6233 5985
624 3405
2482 4686
6530 7013
4548 7988
9048 3614
334 143
6272 329
7130 8060
7484 1764
8989 4638
4906 5090
5911 713
4855 932
7482 2971
5383 1344
5634 1353
3306 1178
5624 387
229 2066
3022 4537
4369 1312
8754 5103
7073 5688
8754 2897
7633 4735
9374 7575
470 9358
9176 9954
6576 1382
339 2440
5474 829
4126 144
429 802
