5110 799
6216 5770
7187 8073
8957 4393
3708 4191
1216 1293
8452 7286
9871 1713
3771 5815
8537 5523
9976 8416
5633 4124
5322 7200
742 1513
4863 6933
5973 3234
6086 1463
7130 4217
7090 9285
3118 4909
7079 2967
7266 1890
6958 2402
4950 6546
7665 6245
3066 9813
1712 18
4630 2520
5698 7617
3454 1929
6110 1164
7172 9439
2580 9556
5148 9703
6825 2570
4864 737
5950 5205
834 8425
7920 6080
1225 9469
6432 4808
3839 9354
5204 7096
1103 1523
5167 1835
8558 6098
6565 279
4532 6666
9105 6752
6863 8176
3839 8810
3799 372
737 2206
6228 2975
4282 5215
4386 4607
7036 3283
3156 936
7840 9969
1363 1194
4014 2767
1694 9543
588 8364
9301 7449
5325 9443
603 368
5224 3649
5792 445
8603 4133
5322 1551
6633 1460
2574 3926
5795 1609
293 7655
4105 9873
8410 3692
5646 7282
7685 9550
7055 752
2864 7202
4718 2106
3183 5350
8893 1328
3077 1424
4774 2998
3756 3936
609 61
7867 2240
7258 5403
7618 1279
5858 12
7881 1500
1672 213
1600 2198
7493 8948
8630 4858
6368 2441
5028 8652
4977 3246
7664 2688
8439 7142
3127 9871
9353 2229
5003 8335
5453 4770
4073 8980
9550 546
8206 2693
8365 4852
5002 4205
8013 2972
7528 1722
8066 6492
9610 8153
3151 4863
2859 5756
4720 2505
2834 5830
4058 5433
5210 819
8622 7896
3383 5124
6186 8295
201 6731
3174 1203
4303 7680
3767 7468
3893 4160
5146 7582
5063 1150
4602 8260
8231 8550
9046 9885
7212 6701
982 7426
6597 9731
2755 9733
7501 1470
8988 7692
1345 1516
3348 951
5100 3544
9009 432
7984 9953
2881 2248
2274 2235
2270 1856
3434 3870
9293 3247
8844 1551
5827 9525
6568 9636
5938 1503
2193 9202
1308 2612
6682 1939
5371 71
8688 2053
3116 4993
3919 3520
3194 8863
2837 492
1611 965
7147 8539
7 6352
7784 2851
8013 1124
9496 1216
3544 4420
3301 3857
5403 571
8371 5109
5249 751
8155 9039
5140 7934
652 5448
8326 4994
4324 9980
2121 1611
4940 4080
9895 3139
664 2151
7528 907
4066 1319
7106 7450
5566 8392
2386 1612
7443 5405
310 206
5264 3916
4014 737
2209 3102
8059 4227
6631 9273
7343 8328
8231 3772
3267 3733
9184 9696
7175 8857
5336 6128
5738 537
3239 1694
5911 1749
6960 5432
4578 2495
1156 2235
8811 2909
5493 3316
6513 9029
927 9587
4422 9715
1704 1398
6413 9292
5564 3488
7384 5331
4401 2202
3732 7965
5625 9353
2604 2081
3634 6648
2892 9556
972 2549
3061 9770
4278 4620
4653 4637
7139 9706
4640 4573
4799 7836
8851 4117
3158 9540
4675 4530
6214 5039
8993 4457
9827 91
231 829
9167 8560
4072 1375
4635 4579
3114 5296
6979 5259
1181 803
8555 5817
5054 1017
4171 8681
5006 5034
4522 8597
6834 2649
8198 4389
3723 1171
9060 988
9292 6982
7059 8527
8774 5070
293 214
7228 2176
4142 6124
8290 5887
3772 1993
6589 8870
7876 20
8418 5178
7066 1890
4333 7655
114 9656
8668 9508
5696 9924
612 4676
4764 797
7878 9599
6769 8293
5190 5353
1405 2124
4313 3350
6046 4371
8588 7269
2141 1226
1854 8888
6922 4837
6319 2836
4359 9918
8715 1070
4684 251
2434 7760
5384 7972
5096 8826
4339 6916
5986 4132
6143 5117
5803 3849
1771 9896
9051 646
2157 8781
5560 7663
9068 4109
6373 5426
3478 8569
5537 4507
9463 2262
4825 9783
4419 8866
8194 8295
7850 1831
5770 8650
4930 4234
4581 8794
9921 1279
8942 442
6237 7636
9635 3118
8762 1167
7664 9642
9137 7326
3237 3240
1824 2300
3954 1071
6608 992
8842 4003
9694 9049
6176 1484
5271 874
4893 8745
4011 2755
4119 9360
8510 2227
7469 6928
5304 6250
79 923
2417 2185
1909 8814
6627 6478
9798 4285
4498 1018
7495 2263
3879 869
2164 790
8895 1912
5744 2585
7933 3230
3613 651
5826 1370
2633 9774
8162 8431
6939 1999
4160 7577
2479 6683
2815 3767
3215 192
7213 1084
6214 3940
1454 9778
4814 9117
5808 1851
4388 1806
4180 9990
6894 9059
7752 6829
7976 3852
5344 404
4408 728
7135 383
7406 459
3465 9644
5636 4215
3167 4190
5221 3707
5871 3331
4406 4187
6528 3353
4484 3212
3639 487
577 860
6663 1021
9314 9595
129 1682
4373 2706
8471 7725
8207 7795
8674 1278
4371 3676
7047 9772
1310 3349
8128 7996
4127 197
2790 9977
7682 3903
7960 986
6655 2212
8923 2494
4261 2766
6255 8685
4717 1725
2700 9683
5000 8685
4036 9823
9204 9539
605 7766
933 9288
2424 6077
8963 9094
3751 1333
6144 3187
1876 1787
3709 689
8507 3185
4063 6547
6998 8971
2244 2713
3479 2591
5486 855
8455 9666
3931 1250
7585 4971
9173 5534
9955 1634
177 7817
3806 9895
9292 5064
593 989
8220 2876
4932 5149
2653 5504
305 2746
7114 7326
7337 9717
6111 1940
8114 6367
4475 5071
8758 4235
1428 3614
3031 1627
8626 5504
6374 4403
5563 158
6262 1974
1902 8475
4661 880
6749 1442
5335 9186
3745 6762
3688 239
3633 4315
9305 3698
9474 3903
9007 8071
7337 434
9568 9935
8069 5545
8737 5586
8507 3431
7539 9684
705 6359
3012 3594
3474 4946
4293 3575
6794 285
7735 2788
1450 608
3798 761
3784 4744
4159 987
7797 2000
5733 6194
5236 6398
4392 3580
6825 8121
2130 4281
1689 4947
5351 6546
1089 1770
3262 5189
9734 4324
7009 7640
8105 242
8204 2350
5953 8057
2741 8464
1490 7721
9312 5790
6517 1036
8513 8694
8659 2750
6810 4425
7616 882
6209 3647
6088 2454
156 9441
1335 4930
1271 9851
3838 2473
4525 8278
2940 9981
5511 5029
6997 9220
2926 2992
3222 4711
7998 9815
1517 7553
1857 6853
2259 2668
423 9609
