6402 8274
7782 7679
4920 1978
2242 2197
9410 9339
5683 8272
8545 2889
148 9702
4636 2340
7211 6974
5137 6414
8332 139
6908 1512
2667 1289
6465 552
6471 5452
4080 517
4443 340
3311 7672
8839 3475
4708 9134
9135 4538
1271 9459
452 1948
5663 9372
5834 1773
8730 9849
8860 8476
7924 62
9693 1015
9035 2348
7884 2357
5540 2970
2662 284
4822 1131
9638 23
2281 7246
3471 6182
4940 4668
9298 4393
708 2687
6032 9039
4612 8905
6548 2814
6329 9829
8532 3993
1606 8761
4258 545
5407 7275
2062 5221
9116 3729
8828 7374
6127 5367
6496 6015
6801 9918
6041 1837
1876 929
6939 9074
5800 1064
4242 5426
6554 125
4204 713
3416 1430
5577 8481
4764 1706
5626 1603
936 9874
1342 860
9060 8146
3832 953
87 79
5101 6534
163 2698
9532 1990
4693 1394
1879 8007
104 7258
4894 2049
5046 2564
5510 7403
5305 4908
8282 4845
7337 7394
7450 6935
2849 4813
6540 8718
451 644
4327 7810
1588 4955
539 3124
6486 3746
71 8370
8906 5068
3668 1837
8432 966
6672 4528
5631 9656
1211 3531
5996 3073
4203 3749
1116 2201
6621 3799
6070 2900
3005 2423
4098 4715
8300 7985
5031 8303
1895 3107
6702 9111
6215 5200
8900 1591
5026 4023
3780 3349
7538 3461
1224 1236
9199 8169
7269 2680
7193 8301
3835 8254
7816 5805
7026 1219
4650 6526
9087 3143
6350 1201
8929 2050
4473 9459
6677 1196
122 9107
6460 3998
6938 742
5294 1218
3984 4590
7620 767
8550 9686
1384 6189
2056 422
8467 1066
9054 3096
7751 5573
5712 4696
3004 2323
5565 2709
6122 9982
8217 4841
7381 6793
2283 1269
6702 5956
4499 4393
5177 4317
1225 5746
206 9163
2339 3012
4321 6067
6149 3780
4528 5969
4906 1073
6527 1395
7882 2186
2618 8308
5848 2238
5519 6767
4738 7770
4580 3666
5391 4659
9390 421
3952 6559
9208 6150
5179 4977
3949 4595
8037 9173
2893 802
3895 5527
5593 3072
8922 7589
2119 3348
8266 4422
8646 9411
3410 7291
4483 1868
7038 3555
6567 4971
259 4605
3778 4587
6077 4033
2271 5962
1522 96
2994 9057
4822 4744
2981 2320
8287 563
6395 4082
2868 4096
5457 8903
1121 9327
6347 2065
6159 9324
4402 1957
6807 3636
157 6273
1769 5683
2301 9238
3594 4910
3266 871
317 6774
6740 8924
3791 8182
732 9752
4898 951
4930 5324
7815 7402
4988 3697
6224 8387
5160 2357
6378 3350
8573 875
4538 473
4651 3410
8531 4176
5994 9767
5384 5795
110 4606
8186 6356
424 9101
1330 1862
3832 841
9545 500
3073 4483
6887 9755
9380 213
4922 9251
8593 7799
8198 2431
5585 4747
7949 2602
8345 216
968 1976
2648 4083
7013 1870
5456 9068
2274 5980
7241 1496
2905 2158
5916 5898
3850 1281
4295 1811
2552 9731
2176 8001
7285 8210
8060 5354
2912 3221
3812 1272
524 3270
5732 1216
3639 2027
3437 7271
7723 2550
6912 9300
2679 3153
5162 6469
3149 6962
5724 7911
3706 9381
9524 2817
8793 4544
4929 6355
8480 9853
1019 2705
4088 9568
4956 6229
853 6626
2203 1350
7291 5625
9164 2101
1241 4245
277 2503
7421 2064
4711 1824
5082 1084
451 8165
7243 7143
3998 7135
2718 3476
2787 5781
6619 9149
2261 7172
13 7530
3048 8055
5449 904
2825 9874
2989 2007
9836 6937
3779 7007
9465 2591
2210 5243
2954 2790
3300 7875
5552 3225
6948 6040
6247 1154
4304 5516
1089 5787
8530 9799
3990 8447
5361 7077
8223 1780
4639 4301
8422 695
7839 9756
4001 6512
3025 4777
4761 220
6492 7238
75 3271
7904 8600
7007 2567
3671 86
5343 7665
9042 9402
6135 5536
7164 4216
4961 2352
6442 3319
8093 9393
8002 1281
566 1158
6738 5523
4358 252
3485 3198
7280 9122
3135 1395
771 4821
3127 9277
6372 7546
8174 3077
6453 6707
4642 3003
6748 9639
5430 7399
4916 3651
5208 1959
6396 7359
5805 4420
9582 78
4749 9239
9065 8766
7716 7689
5569 545
3925 7019
4905 1377
6913 1870
2403 7847
8030 3302
9256 2838
9256 861
3939 4814
1626 7419
6120 3905
7489 7520
994 790
1908 4737
372 7537
6043 3825
1520 9625
6639 3194
7307 7009
6299 3256
2703 7371
7373 1688
8986 4788
2270 2394
4868 2164
4718 508
6827 2603
5163 620
7849 1406
7555 6149
5948 2872
4060 4052
3421 8257
4168 3195
7353 8832
7309 4695
1008 2242
884 7298
789 7573
6487 1990
6327 299
7670 3111
4238 3951
5003 2186
7142 8495
833 525
3319 2378
2505 7058
5014 7317
5010 5617
5934 1801
382 6287
6646 1848
7644 4406
9432 1827
3428 3700
4483 1121
3878 9925
1976 9840
2535 4907
4712 3573
7685 8315
5672 6602
4138 5162
7468 500
9019 2295
9622 7222
5215 9908
9905 9496
2106 4091
8705 2940
7515 3586
5936 9057
245 1420
4123 5136
6130 5890
9820 515
1863 1709
5467 5838
5688 2688
6410 9601
7509 9182
3690 936
6277 288
1119 7703
9058 1482
8219 9961
402 2534
4496 7848
5383 7537
5488 6799
6085 9517
2767 7462
9248 1480
5940 7054
8933 4065
2832 3772
2840 2226
8504 9949
8810 6883
1839 1221
5247 6220
6013 3615
2350 4433
8372 1391
5961 4745
6138 771
4981 2924
6427 892
183 1197
9820 2702
7968 1599
4218 1208
170 1352
2883 9474
3583 953
9164 1597
4460 2794
7781 9347
5840 2873
1153 7686
9411 9714
9713 7181
7511 1471
6472 4830
4816 4648
4653 2802
4317 3796
3950 2273
4344 4945
4060 6745
564 1014
1959 8294
3854 2741
5489 3101
1417 6195
1129 9682
4344 5448
4717 6624
7027 3483
6240 4406
8585 51
4408 5743
5 9622
5542 196
7744 7675
869 2512
1115 7510
6215 8546
4043 1840
1913 2431
5004 9007
8919 3742
4920 163
