6329 2081
6640 4475
5387 4964
5342 5987
8603 1574
8415 9761
9445 7793
5268 287
5951 6400
5866 2555
3375 6648
8318 5462
407 1137
7431 8006
8339 161
5876 4582
9453 1472
5254 7427
6024 1902
3545 7044
7202 6313
611 4423
6668 3163
8661 3531
7415 6695
5778 6410
2852 9664
8267 7167
845 8675
7970 3689
7184 684
8731 6838
4709 4002
6870 3136
5819 1121
3092 7012
940 2768
2563 7840
5374 1994
9629 9019
894 9528
7941 9077
8200 5554
5632 5819
8792 4892
8876 6914
8890 7578
5831 1717
9957 3524
6678 2294
7667 7391
7249 3266
4837 1099
4268 152
1856 7617
6819 484
6931 7681
8375 8718
7222 6231
9955 1433
773 856
5312 2579
6932 2475
8560 7171
7820 7733
3913 5085
8301 7075
1807 7272
5732 870
9837 8643
1412 3179
5620 8265
2022 7486
9042 4040
7058 7312
9593 6864
5552 6699
2045 7109
292 9228
2624 8805
4080 5762
6395 8398
2807 1653
5907 4196
7593 8894
9634 7749
9258 3148
6134 1105
8105 670
3527 7339
9887 9451
6927 5189
2310 1106
4248 7117
6666 6456
5417 8645
8285 2580
6678 2931
9726 94
427 9292
6601 4386
6831 6944
3718 7235
2400 7262
2500 3456
3096 7319
561 1891
4197 6507
2392 7813
9734 4482
8704 6611
3860 5552
6903 2121
321 4966
2094 8848
4531 418
6457 1134
8624 5413
8099 4935
5786 5533
9933 3534
7067 987
7036 5338
8862 7444
6387 8272
1155 9386
2445 6969
5642 3630
7583 305
934 7892
3968 8244
8513 9318
4931 7965
940 6584
9795 3141
7233 1351
9482 5198
8795 3658
7083 3935
427 1342
309 3257
9169 3783
7962 7601
3579 8716
5330 7893
7362 3725
7908 9381
6664 6581
2070 8760
1908 8161
4038 1172
9505 9513
7984 3204
981 8155
7722 6441
174 3980
7577 122
9874 62
6913 7852
195 9061
8483 7
2183 8639
5949 4169
6767 4545
77 5761
9766 6566
7374 5168
5913 2867
4488 8531
7823 82
6300 3975
9748 3796
7586 5121
84 3216
5494 3945
8704 1719
8970 6241
7621 5710
7715 4853
6925 7492
8533 5208
7655 5205
5963 8728
6456 4945
3532 5828
7311 1932
7259 6333
9854 9289
6231 3542
9719 4686
7437 4088
2292 7739
7715 7644
9856 8969
6067 6127
9588 7449
1644 7941
8246 4418
7673 4700
5860 6331
