4753 5544
4885 6932
7521 261
2826 1741
4153 7199
8527 889
437 9238
200 588
5035 5287
2558 1023
118 2657
5559 5210
105 3151
4218 8668
449 5893
4806 751
3716 6990
2495 7776
4203 5872
4774 4318
2468 9391
2267 3824
1896 6733
2331 9757
9836 89
4916 9435
1421 9264
1445 591
9596 4595
3347 9343
5530 9197
8912 5202
6066 7078
4082 7671
4819 8337
5332 6820
2458 8287
5424 6546
6156 5806
1128 7519
2718 6868
1639 129
4766 9160
1374 3111
8303 9276
3754 9712
6145 8731
6863 1253
3567 5855
3049 8047
4830 6783
6710 8186
6307 9666
5982 8405
3690 8644
4209 9026
1476 1062
5409 7951
3470 8723
9183 1063
2794 4367
3328 9304
1864 1006
3249 4993
325 3908
9459 845
2466 5806
5728 8893
7065 1646
4788 6962
5212 6716
4147 8824
1871 9169
4900 9162
8889 2397
2492 8488
6964 7933
9412 2749
9187 5892
3934 9000
8313 3668
9005 695
1196 91
6070 9297
3107 7153
1158 5040
9805 1868
793 15
6436 6330
4805 7688
9698 1097
318 746
660 3744
3469 3023
7479 6196
5085 6860
1470 2804
2371 4145
1944 5942
3256 1283
928 7469
7350 8046
4380 6354
9872 4898
1459 2977
4369 3187
5119 6147
1697 6451
7808 6938
9197 6083
883 2527
600 5012
3951 1140
5496 7567
5947 1304
2247 2064
3287 6599
6308 8357
5600 5537
2142 7133
1929 1720
3711 7536
7736 6545
3007 7658
6550 8921
1504 436
709 4866
7691 7269
5580 7791
5126 5098
3525 6210
6236 6119
3522 4542
2602 9970
1841 1463
3052 7253
8850 9817
4383 5145
5678 8985
9789 1142
3989 9471
5507 6040
4267 9702
9340 9281
8866 4340
8833 1316
2605 855
4591 5741
9476 1841
1098 3304
2058 832
218 9252
5019 6960
2987 9160
3464 8633
6538 7856
1876 6981
9680 389
2238 1894
4802 1543
2280 8563
6448 6617
6725 6916
7681 9365
7687 9674
3330 9572
7347 8821
2409 4866
6505 8246
9064 568
4692 7104
556 3026
9863 2334
2267 782
4953 6544
7278 194
4365 8460
3729 9238
9460 9656
6148 5610
7055 347
5231 627
6468 9575
2723 9592
700 4387
4485 3165
4470 7725
9911 4289
2966 4495
5947 7182
2877 9250
3364 575
6956 8721
4949 7497
3864 7341
4916 8702
3788 5909
3709 246
5790 8320
1524 4324
