4357 5107
6304 5853
2667 5479
4229 4241
5509 4105
9206 5378
5006 4607
7561 1974
9920 141
6765 4838
7703 3098
4871 4635
4184 3955
8798 2160
8317 4071
7069 9621
6573 5363
6763 7064
8676 614
5327 5964
2442 469
8823 2256
3706 3662
5640 6863
7326 5984
8544 6105
5198 4669
9599 7974
4553 5059
1780 2685
4568 3562
7478 3366
5560 5469
7038 525
8792 9806
51 7995
7624 6318
1511 8449
8202 1810
8852 1592
9570 679
296 663
1536 1653
9616 5094
4474 4640
8210 4532
8585 9339
2126 97
7322 167
7890 7614
1197 893
9778 1711
1531 7398
2151 4211
5636 4090
5310 5909
902 3776
7422 5001
5053 4767
8923 9284
9927 2596
6407 4717
8624 1342
702 4336
5194 5471
8312 8019
252 1765
7269 5929
189 8970
7870 7384
8786 8451
412 9146
6913 3658
370 9933
9935 7075
8469 2206
7324 80
8871 2185
5089 3721
1050 9002
7788 6377
9894 3433
8889 369
1870 9232
6955 6378
5002 5333
391 9482
5715 5098
9309 5870
275 66
3411 1900
8071 6384
2594 8487
8613 1309
9186 6830
6194 2737
9702 623
7682 6654
8557 1274
4055 4848
8291 6252
9558 9792
2377 5581
6219 1070
151 780
1837 1726
4570 4960
4747 5859
3263 4490
330 4324
1111 8663
4919 5877
9090 1291
96 1097
4190 4428
7462 948
9620 8464
889 7704
9399 8044
3425 4674
8326 4116
8073 5293
6936 6906
9730 2603
9657 9489
364 6195
5649 5038
7927 8290
9162 1764
7598 7724
1352 2089
4648 3460
9483 1133
9891 1644
1784 5840
8759 1294
9852 740
6845 7105
8308 1904
9633 5925
3641 3925
4866 4713
7024 6973
7120 6388
1168 2993
1571 8850
4417 3993
9468 844
8501 4900
2293 5311
6279 1982
5856 6229
9370 7210
7574 6249
1000 9882
2799 1543
5563 2987
1438 7066
4753 4344
7627 8100
9376 8864
3243 5113
5848 2170
7927 9716
9501 7278
8603 2656
2142 8680
9987 9347
8076 3362
968 3443
2742 2677
412 8146
3285 3416
3965 3651
7542 1289
9599 500
2051 3702
4200 2953
5345 4240
1315 6998
6129 6152
8495 1124
9631 7170
8928 9188
2459 3996
2755 9599
8898 9251
804 606
4916 5447
7839 93
7443 284
7300 9141
645 4115
8748 7771
8608 5088
8598 3354
1167 8459
6320 8421
7897 9753
8108 8368
