8711 5409
468 7036
6681 1630
412 6683
6815 6789
2508 2124
6366 971
6950 6577
8734 3500
4449 9876
5894 7879
3699 9479
8290 888
5192 697
7080 9914
5875 7411
456 4595
7891 5254
8098 1123
8192 1139
7554 7777
7117 6900
86 7823
705 2865
9899 5908
8558 103
8198 8556
8884 4728
7549 5895
652 9668
1015 3905
9270 4199
5646 7340
6899 7098
157 2754
6989 4511
7734 1785
96 4492
9353 1719
8009 6474
7720 6545
6927 243
7136 1140
9481 4238
9947 2732
8897 5752
5317 1681
6878 6086
7660 5328
8057 7432
5674 8252
646 913
8397 5313
8083 5309
9571 5809
5601 8203
9679 4579
5856 1421
1340 5369
9573 3118
166 5083
8529 5706
8832 7678
7801 394
8862 3655
71 5370
5341 7138
4912 9035
2290 6330
5929 2204
1017 6633
9878 1254
7400 836
9980 5958
5278 2853
2235 7306
5808 556
29 970
614 6511
5767 7630
5893 9057
7510 6446
1799 5921
3635 993
7167 11
8556 261
8830 1611
9361 7489
6240 7056
8518 2028
4477 335
9388 6259
7737 3904
8584 2876
5482 7847
2580 191
187 4564
8007 5604
8177 7086
9124 309
4565 9481
3249 8581
8425 1363
1239 6156
8241 6786
8389 5062
9849 4075
8331 3098
8597 9484
6658 6872
5803 8155
6969 8601
8489 4511
8599 792
391 5418
4334 1237
615 8680
7968 5108
5932 812
6942 5639
9384 4524
2250 4531
6341 9007
9149 4276
924 1234
8899 8997
7511 6845
9432 2980
673 5508
9767 6366
7066 3880
1866 5261
9044 5217
303 3147
7497 9579
3276 7800
6666 300
3766 7664
8125 5740
5905 806
6068 7365
6809 6481
3287 667
7234 9708
4097 9862
8193 4245
6830 7797
6871 5519
5980 6553
9419 5825
3352 7660
8144 7607
56 7677
261 5797
2724 2697
9513 1243
7158 5972
8277 5864
8654 6116
5443 8062
6625 8562
709 1426
6219 738
7425 8933
752 5189
7664 6005
6506 8608
6888 5793
7469 4292
186 3572
8608 3198
8226 2065
5605 7278
8637 5144
6692 7425
7972 5285
389 2412
9630 3661
9723 2903
7323 3097
5810 9224
9359 9546
6735 580
8582 2953
7928 6364
7639 6136
7956 2100
2650 6526
7233 8731
5277 1545
4621 7119
6766 2187
3870 8758
9131 4946
8144 1524
9182 7481
5693 8113
128 3059
7566 3036
1052 4530
