6427 8825
6484 9820
9173 6367
8937 8973
5318 6771
5480 9701
3102 2353
2823 9372
8303 2700
7435 9843
8770 6919
8781 2739
9822 5247
5439 9870
6004 8004
307 7322
9825 1975
8971 4611
8358 7221
3881 6474
8794 7596
4749 9505
9532 6780
1791 2958
8990 8090
3677 20
3212 1214
6716 8282
8049 7255
2074 8002
7418 7971
9453 6224
1411 7240
3809 1652
9126 9493
4922 7666
8828 8570
9595 7412
8999 4333
2820 5448
8337 4732
6109 9422
6013 244
7680 6756
9115 7125
9222 6684
7148 8305
7656 9678
7855 9515
8169 7847
5434 115
119 7147
4991 5681
7879 7056
159 6018
2547 819
3196 145
448 6648
7765 7052
7485 6406
304 5728
7270 9581
2765 1737
7333 9921
1320 9988
9016 8607
7196 8420
9612 6566
3010 2059
2853 5730
5936 721
764 6487
3597 5055
7503 8238
5005 9229
9042 6321
7836 7910
9467 5912
6842 8629
8331 7288
9486 6346
6248 9358
9239 4873
359 4561
2263 6525
7879 7371
5123 4263
1314 4024
8417 7144
9781 1229
8374 360
9024 7776
8416 8588
9707 1374
5411 9706
1255 8
7136 9487
7140 7562
1190 6700
5885 439
8667 4350
7399 9534
426 791
6432 9852
6578 9634
3271 8629
2891 5974
2443 298
7413 1085
6937 9079
7528 2902
6816 9051
3412 1716
6803 1570
5352 5903
9266 450
7366 8273
958 5211
6944 9093
5682 1302
4171 959
2235 1095
4145 229
6985 179
8960 8708
9245 6882
4328 5326
492 5314
162 1869
6202 8513
5686 1711
3220 1398
5566 2643
126 7471
5384 1409
2161 9681
8632 8491
7021 8704
9779 8091
4371 1791
9915 6111
1454 2939
7346 8046
8690 7312
255 867
471 5586
9344 7189
226 736
7270 8929
7178 7879
8870 7062
848 6021
7653 9075
759 561
9994 7419
8781 7981
8088 8411
7479 8520
9350 6985
3590 5957
3726 1451
1875 8313
2886 1923
2677 7927
4718 9192
4810 2438
8687 6686
5311 5148
782 4537
2313 1076
1644 7955
3665 403
3365 7708
7314 8991
1930 8833
492 9112
7200 1507
6141 903
8161 7469
2321 4145
1758 953
4908 1617
8258 9409
9449 6577
5753 9449
8234 6812
4711 725
5176 9928
2778 8862
6743 9916
1387 3267
221 6332
7637 726
9415 7658
7540 2288
8589 7253
4804 1080
1743 7407
8160 7448
7721 9399
