191 8448
1439 3423
2088 571
2109 157
8940 8215
9728 8163
3707 8754
1479 7043
6523 7145
4413 4340
4128 7188
1476 3554
4910 5439
429 3001
604 7600
3590 2436
5074 7469
4623 8680
7012 7995
5969 4791
7163 7050
2044 6583
4374 3939
6112 7329
6446 6570
7849 7298
5528 7129
807 4380
5250 7026
3139 2987
3247 3423
4848 7452
339 8805
7136 7508
41 6680
4814 5363
113 8060
5609 6967
4043 2731
7710 8426
2549 7651
2301 3376
3706 1941
4801 6055
7513 7708
8184 6033
6218 5793
6255 6904
954 8556
6266 4829
2725 3230
2736 6601
8170 9051
3201 2756
5805 7015
1418 255
8704 5037
8500 3227
2970 8830
1472 9698
4901 6089
4118 7794
3081 5018
5612 4917
7432 6626
3259 5561
4915 6829
6104 5919
6067 6446
2052 296
1099 9955
693 136
8880 5649
9316 26
9367 6097
104 7298
4000 9674
7130 2470
7572 7779
4719 8442
5414 7024
2556 9741
6850 8450
5946 7107
4803 4210
2283 686
7482 6604
7439 5074
1059 7407
6647 5485
6052 4836
8414 6001
802 6964
5785 7619
5499 5792
6737 5979
6057 5500
1010 8228
6945 6594
3233 9338
4238 7701
6710 3655
7225 7978
7839 4537
1983 2272
3899 2612
6500 5160
9197 8478
9445 3723
6490 5531
8833 7582
622 9760
6691 6222
4418 5126
4651 4864
6467 5504
6421 7383
8018 7244
7216 8185
1162 5206
9597 3057
421 7231
6901 5540
7258 5753
1907 741
301 9310
3991 8228
4384 6463
1307 880
8803 7687
4099 5738
40 9253
4984 3983
2065 5070
926 541
392 9378
8611 7611
2119 858
4288 4792
4775 8574
6033 2733
4461 4097
2888 2812
79 6596
8302 6623
6282 6445
2976 3245
949 9667
5302 3465
8016 66
6420 6257
257 7813
7137 5211
7268 9511
5438 3499
4215 8651
2158 89
7257 5865
6294 8069
7745 8218
1305 594
4992 8965
324 6701
7583 8339
1263 240
8685 4163
3066 9837
7306 6059
1390 3243
1613 5850
5375 7027
8364 3439
2906 2017
5055 5826
5268 5961
5905 7110
7057 6727
9744 7191
4508 5519
9590 7917
6178 4525
6887 7908
4846 7793
6791 5542
2482 9584
2777 1435
3660 3753
6224 6743
1929 6677
6971 5457
5383 5456
3021 9306
8970 3525
7881 8512
7442 8151
2015 1121
5095 4854
4258 4754
8647 8442
4465 3109
