8123 9806
5327 8513
8985 492
3577 8205
6612 3144
9655 9619
2054 3403
9397 363
2101 6334
4874 77
6859 7823
4131 1326
9758 4433
1809 8346
3197 2642
7764 9152
1016 2733
3774 2650
8653 5964
414 9593
1774 8757
2218 2183
2056 8207
1865 3636
7178 8344
1670 1347
2709 2198
6341 8329
9045 8227
9414 9567
1596 2416
7754 6993
3914 9783
8208 5643
1557 6549
836 4235
8460 492
3183 887
2686 9197
7123 2543
8254 6174
4339 9801
8032 2674
225 3837
6754 9559
8116 5941
8767 2506
1065 7307
9692 9672
6434 1243
3290 8710
7780 6422
9634 5557
8745 9941
5318 3168
1857 1931
277 8679
2133 1814
2371 1023
2930 3308
3515 1292
2933 1711
9126 9113
3754 619
1870 942
5066 9222
4008 9358
9943 4661
6653 3727
1913 2405
9609 9258
1887 7063
443 3701
391 7382
104 5620
3951 995
2577 9041
3247 1397
4237 9821
8629 5740
7945 1764
5390 9748
2951 3433
2027 406
913 8976
2549 1296
2986 8806
7628 1407
4383 7418
4875 561
599 8325
6591 3909
1504 3547
5789 9200
7614 8919
9968 7529
2931 1236
5627 8656
1583 6421
5621 8707
2227 8774
8323 8589
5309 8913
2931 2102
523 2081
8384 1481
4508 105
8962 5488
1351 9652
4526 7521
8301 7856
7879 548
3366 983
1972 3144
9480 5425
8156 6821
9814 703
3842 2379
7292 715
5399 9849
3873 2650
5049 1603
2810 612
4319 1760
6698 8015
2112 936
2022 8779
2698 7525
8163 6771
8359 9605
2869 2504
4112 253
9580 3971
530 7958
8820 8542
9228 4251
3203 8554
7910 5294
3651 1666
2517 1652
5805 3492
8882 5438
7952 628
235 8857
4168 9849
3794 946
7935 7678
2057 3265
9234 5276
813 3821
624 3460
3037 2809
1761 4108
7216 2667
4928 9646
1918 4107
9444 8398
2370 7706
6188 9690
3188 1730
9676 5224
4470 859
2093 615
4718 9491
9375 5513
9845 4657
3914 2026
8988 5375
1339 4601
3497 4236
992 7846
6366 7017
706 8755
6221 750
3901 49
6188 1809
6827 9447
3178 1640
3991 1672
5046 3498
2518 956
680 8272
4356 1523
2247 2253
2658 8233
608 2078
9763 5328
6666 9166
6219 8770
3740 9921
8853 5308
2716 3817
4434 877
2969 775
9439 1743
9302 4581
5003 7459
1025 2594
6059 1739
3346 9438
