5457 9535
329 5401
8707 4200
105 3652
4530 6390
4067 4652
3253 8111
5694 6448
1113 9674
5336 5126
8877 6371
1937 6146
5280 7845
7919 7323
6491 3094
8729 1599
8167 401
3159 866
7630 5822
588 9768
5344 3340
3356 6767
7438 169
8951 1168
868 8876
9345 1491
4097 1621
1382 6235
2421 5829
9043 4405
736 6038
1660 3262
3545 2849
3689 7646
1030 1490
4762 3553
6046 7845
7196 3544
2473 6131
5802 4878
8696 6443
1267 4010
1844 2383
1412 9325
5530 6005
3178 7316
802 3730
3283 4757
1991 5172
9156 5634
3457 7060
6855 2508
66 6598
9263 9665
4581 6801
4148 6095
951 5709
2096 4082
8889 865
5493 7778
4988 924
6074 7982
1908 4559
6409 394
8589 3562
5215 6430
3165 6904
3699 2579
6074 7856
4993 4516
9932 1974
1524 9431
5985 9721
4230 9399
3867 2266
3949 9666
7987 8883
8568 2888
4574 1816
7050 6093
9945 5894
8814 6656
8594 5341
165 5526
4475 3975
2788 2985
5043 4469
3981 9236
5182 3953
3761 4211
6603 6382
3127 4940
4334 4701
9871 2438
4630 2457
5033 8677
8280 5595
8743 1130
2713 2438
2237 9355
