3287 3766
308 3575
1174 7964
8918 4575
8918 2061
3154 1060
4265 203
1045 1539
3578 5628
3646 6348
575 5388
870 3984
6057 2865
3591 8172
9995 5842
7691 8941
2811 5757
9196 6019
815 3977
3862 913
1263 2166
5963 1738
7092 4779
1304 5810
6617 9828
7580 3270
6461 1678
5500 7855
8875 3783
479 2318
2980 6484
4199 1652
6435 32
1429 7425
8046 5697
2905 3951
1907 7043
3739 8305
9397 3619
3279 6080
4881 3683
1557 3412
9068 5533
4729 8509
6785 1818
5600 3921
9248 6012
7252 5243
2567 7466
4329 8413
5562 8104
8729 318
5684 7746
9707 1159
444 691
6868 4606
7451 6702
1165 7813
1818 3808
3613 5682
3374 9394
9669 7575
8824 3584
8866 6653
2772 7412
8952 2671
6862 7914
7841 5309
5762 7523
9451 9533
4535 4431
1402 1610
889 3999
9592 75
3822 6224
3079 4868
2305 4144
9300 7670
9726 9099
362 5336
4295 5256
8540 9022
3281 5133
3984 4067
3112 8976
8202 1091
4789 6438
3303 4501
5525 3261
987 8352
7079 4188
4321 2159
3790 3554
3571 5173
616 171
3670 4013
1364 6883
9053 4099
3605 3044
5527 4001
