1046 7604
3911 1405
4209 6441
117 4730
4739 2576
4108 5409
55 4132
4344 9301
6407 8290
1243 2458
2265 3579
4445 7263
2266 8755
1013 3429
4416 2702
8268 7632
1193 461
6025 7681
8949 9043
4205 8782
9500 4142
7160 1543
1092 8044
9617 3253
3653 4323
5089 6787
1287 6699
3198 5475
4801 6978
6272 7489
1743 4901
6233 6112
4769 761
9144 7800
8020 4574
1926 8277
9766 6199
5440 6158
4159 871
2265 1290
7774 3032
3023 4297
3614 8728
2580 9060
9385 4767
25 209
9169 9109
1390 1941
5275 8316
4450 3471
283 2422
9791 5775
4004 3280
5385 9182
1685 3855
4471 4817
3478 7563
3270 1024
6611 4111
457 1164
9807 3140
9056 1801
5940 5913
3180 3201
5997 6960
3639 3815
4726 6604
310 3591
7530 2879
6332 4588
6962 4328
4191 7821
3633 1834
894 1643
2254 5991
3824 4220
142 2106
4428 3175
9219 3139
4365 5221
4720 7548
4726 4037
6696 4540
6083 7342
7263 2292
3077 187
764 3784
5279 6583
3035 9214
207 9720
5922 6042
2313 6374
1085 1907
9264 2083
2274 5628
1054 3533
6351 9486
2131 57
3421 6707
7595 9830
