4430 6434
7602 9161
1989 3246
4715 5300
2038 4785
2290 4737
9688 1069
3853 7873
7695 5055
2697 3938
62 4460
1549 3973
1350 5786
2907 6987
2613 5393
817 4615
9769 9272
9733 9197
1766 4526
4676 3619
2583 3982
5490 1499
7093 2819
6874 2735
5396 900
5477 9403
8741 339
1784 2584
6892 8601
650 651
7686 1502
224 4368
7039 6569
4928 4669
9026 9312
1903 5002
7627 9985
5862 6269
5374 3699
6961 7683
1582 2536
4922 4804
3612 7300
2656 4479
1916 5825
2581 7054
8926 6813
7435 2683
2572 7972
8175 5202
4694 5848
9880 2097
4611 5859
9321 6475
3585 1533
5632 2030
91 8719
4724 6650
8571 2114
9606 7397
7098 6154
2757 2808
2640 5658
7257 48
416 9970
3208 4104
1178 6296
1408 6474
4296 3655
4133 4561
3209 7675
4001 134
6822 4143
794 2233
3752 5271
911 893
1202 7622
8850 5053
9304 3338
9118 4093
7257 7481
970 2076
4648 5862
3617 4576
2687 1816
3002 6157
257 4455
7173 2648
6157 6027
2220 5947
2693 3034
2930 948
4292 9680
2894 4473
7425 4361
2284 6816
2530 4132
6705 645
9638 3642
9969 2054
