3613 3350
6006 2785
8119 6217
9119 7607
8892 5795
7217 8370
4344 3868
1693 8818
2213 2392
539 3517
2162 4632
3445 3860
3999 2494
7517 7582
4322 3392
2836 5949
8754 2892
563 7074
3481 6177
7230 6953
2563 1863
5869 2192
2499 7995
8407 138
7587 829
4744 6933
7193 7553
1098 7365
1281 7959
6939 9351
1905 7121
3825 5116
2616 2157
1851 8718
764 7687
9940 7213
1867 6548
3762 9318
2083 4851
3504 3882
6316 8496
5644 2752
3255 7424
2938 8336
4773 84
7089 5251
8417 509
3888 5725
1900 9582
7806 4867
815 3547
227 6147
8580 3507
9573 5282
6912 8876
1577 4199
1885 7323
2482 6794
9765 5845
5035 7151
4134 7692
1491 2322
6164 6040
4549 3376
2429 5039
3338 2781
2747 800
2516 8097
1520 5
7072 5952
4674 5090
657 636
3977 2752
3497 4442
3499 760
3976 212
3814 561
7732 4072
4 4003
5299 5483
3918 5548
1592 2774
136 6995
1348 4183
9062 7814
3488 5387
2262 8987
9662 5892
188 3691
3850 5409
960 3725
4065 7356
2875 8484
2679 1284
5705 2947
6158 4567
3982 252
6931 2214
812 5769
2893 8513
