2958 8740
919 2899
5564 2955
7966 4702
4454 5918
8774 3127
8362 839
8771 4769
8830 8748
5762 7076
1431 4427
4153 257
1245 6842
1993 5008
2238 2341
2787 4832
1905 6954
9992 6572
7942 5780
6417 3860
998 6115
7182 7400
2368 1644
5448 3488
8139 1875
5940 6604
3245 2191
3010 2178
9957 3165
9186 908
1145 6718
9738 8898
1591 962
8543 9929
3873 1651
6095 9429
2709 1715
9749 3842
1951 6118
5504 6874
2581 5596
2252 6622
9779 594
343 830
4584 3990
6938 2652
2154 5409
3897 3078
7809 795
2258 3669
8960 5124
4378 5108
8676 8657
6067 2187
6121 9660
6221 4762
6887 5239
2572 1650
6622 9060
830 3161
3302 7810
2194 3378
9505 3068
109 5161
1401 1728
2336 4703
3790 8652
8584 3593
4359 5700
2117 5629
5148 9350
4178 3873
5660 5788
6978 718
3717 7630
1231 6094
5928 4739
3705 6688
6559 3650
2500 7757
4200 7707
3160 48
9671 9465
2617 6463
7569 4895
293 8235
2452 8201
1124 4139
2183 3464
2553 6563
5645 9422
3939 6048
2446 8197
1118 5513
4950 2062
7610 4388
7814 722
5384 8718
3114 1013
6056 327
