1005 4180
9514 3606
6382 6147
6042 2909
2318 2546
3316 9543
3299 4432
1383 6944
9850 9885
5729 2552
1517 2892
634 3845
3409 6429
3875 4605
9643 9057
4345 7437
2260 1925
1525 3899
300 2400
8897 9581
7071 4503
8072 68
70 3469
2728 4092
9532 3294
2841 7681
1841 3695
7001 7077
1558 3697
3503 6843
7768 2777
8811 6798
4526 5272
644 6659
1699 4852
3676 4674
5520 9730
3473 9272
8877 7694
1383 8038
816 4339
9151 1224
5113 3212
1064 6951
1508 2388
3564 5328
279 6361
2874 9350
5569 8525
3598 7349
3979 5210
8118 357
4715 602
3293 3860
4150 2614
1140 5807
8779 6036
3267 1226
2141 624
7317 1839
204 5185
6917 9178
3289 9686
9977 2023
6403 9768
3758 597
342 5640
2689 2301
766 5366
4116 2547
3198 3154
6274 7161
3546 2086
1867 4099
7026 2689
2653 6218
1913 1524
4741 7488
3919 7343
5369 6584
398 5057
7093 6772
2376 1043
3640 1457
7118 1389
2670 4131
8874 2213
9005 9533
1394 3743
3803 6014
2133 5458
5522 5998
9852 5030
8608 274
131 4013
501 6121
691 4256
9215 6154
9778 98
2753 5299
