3066 5786
5928 3970
1749 1208
5521 3268
7002 7353
4507 8029
9631 5060
5543 6498
2774 7630
2833 2313
5003 7036
4638 6538
2694 4498
6748 2991
3819 4259
7345 4311
2783 2083
4148 5737
2060 5370
9417 2659
4482 4752
3845 2932
8816 3629
5497 6896
1938 5740
6538 4861
9799 2223
5385 6682
3664 7786
1240 5520
5712 499
5991 3251
2299 7359
2741 5672
5066 2358
1020 8796
204 2724
2868 9987
2604 2103
1949 6544
4520 7437
7470 1423
3045 7166
3711 6444
4064 5991
3873 5279
3710 3058
899 6012
1849 4466
7905 2124
4084 8189
5228 7485
1455 2973
9991 705
1723 8221
9850 8067
3829 4939
1299 1642
9506 3210
3296 8075
2174 4575
2020 8181
6610 6288
1486 4604
3850 8527
6012 3705
6571 9416
4981 5964
5001 3489
3959 5684
3176 5192
5250 5859
621 8947
8042 3932
5551 6628
1643 6340
4831 2705
1272 6131
1448 5655
5527 5126
5044 335
2127 4503
7648 9627
8025 4174
2666 5992
702 5398
4026 8741
2902 5997
9662 1407
5442 3355
1438 1854
1528 2596
4105 2773
6721 8043
3317 4017
3498 5542
6733 3779
2429 6279
7989 5696
8124 2421
