8775 2147
2507 8605
6461 8689
7270 6167
7242 9290
7047 8471
6941 6403
5591 7487
4513 4109
8825 9908
5073 5456
3596 4797
3551 1146
7796 2901
3806 3120
3875 7124
9503 5482
4694 4262
7691 2792
543 2483
4981 8797
7615 1997
9334 8672
9219 1396
1608 1659
4241 2506
9112 2008
5469 2457
8889 6646
4746 8914
568 1858
970 2438
5019 9850
3557 857
3535 7965
2492 2876
8988 8848
2836 1429
3067 1194
9718 6015
1393 3432
4263 4674
4062 3555
999 3566
68 1235
943 9312
5070 6972
5775 8612
6825 8117
5947 3425
4912 8020
4680 980
9029 3247
3403 8986
6369 6336
2979 1504
1271 7099
800 5949
7512 5093
4450 3290
895 3013
2294 3929
8739 7794
69 6983
8541 5725
38 1153
7316 6343
15 6273
4491 3046
6340 68
3518 3098
6163 7001
5541 6966
2546 5681
6792 8353
1265 3820
3701 4656
2974 883
7556 4230
9862 1366
3002 3858
4428 5838
7579 5089
4625 3777
3395 1473
6412 6367
2027 7918
54 4402
8131 7017
2671 2745
3971 6471
2519 4346
1185 2339
6218 7215
6685 6000
9165 7593
4840 3853
4826 9120
1321 4670
4034 9549
