3468 3841
2292 5981
7649 4684
4207 3744
9496 3512
4008 4209
2942 5479
3079 5039
357 8379
1929 4128
4466 4358
3389 4069
544 5999
262 6259
2790 4155
4923 6180
2871 6196
1102 4862
7359 1192
4689 3487
8650 5818
9856 6267
2147 5869
84 4317
4610 3873
2122 8274
8169 1447
4835 4894
4065 6571
6890 7125
3829 6142
4178 6686
8758 4398
7558 8972
5447 4454
2686 5889
3334 3310
3293 2146
5471 7319
8112 9921
3244 5515
4450 3492
6922 4983
6906 1192
6072 9121
3973 4479
526 7909
4334 2908
9758 4014
3932 533
3131 2452
9321 4400
8716 5498
7784 4355
8612 138
1877 6151
4408 5166
3808 3490
6543 5611
7993 8257
2799 4040
8823 5071
1494 2679
4061 3099
3530 6501
2227 5720
1478 4806
7548 8238
5674 2510
9465 3100
4128 7731
5008 5211
7256 3538
4317 4656
5401 1597
3062 3506
664 6400
9404 4020
3783 2894
3998 2144
3093 4024
9234 7251
3722 1742
8704 4300
7423 1957
2841 4064
4427 4505
5414 4918
3824 3061
7138 3675
5415 1783
5965 2991
3875 6099
8282 365
4766 6715
4466 6701
7808 8695
9110 791
5654 2406
2052 7902
1171 2820
8370 6512
1993 3148
8267 6923
6213 4782
3620 1164
5156 2156
8888 3185
4802 3879
1546 6098
2757 4828
1586 5753
7835 193
6202 190
5404 6962
3733 4851
3123 6639
1931 4615
2340 8606
6556 3409
8479 7461
5187 3595
3345 8903
7894 9687
4921 1498
920 4356
4731 9727
4113 3527
3053 7181
8529 5597
4821 1160
4025 5647
2180 6371
350 7245
5072 2975
492 3375
6421 2173
1922 9391
3917 982
453 3977
274 2285
3990 2772
9348 1318
1696 8145
3906 1893
1204 5202
3592 4196
8072 5515
5807 1186
6324 4203
2046 7049
9471 2175
4283 3978
2711 5843
3338 7582
5356 3241
4436 6133
2745 4044
4871 4084
5780 2369
3824 3396
7012 4429
4277 8467
9474 4427
6758 6242
9182 3096
3231 5124
4152 4015
2612 4548
6671 3232
5938 1759
6887 1813
5622 232
3562 6401
4661 3102
7590 4841
5558 4763
8821 102
315 9083
386 6254
1246 5800
4677 3958
8624 7267
6294 2216
3898 2917
5626 8847
6774 5450
8102 7316
4270 5705
8879 2132
7360 5421
3205 3224
313 1296
5468 4999
5581 1898
1409 4496
4508 4032
7455 8547
9741 1257
9103 5189
765 5495
2262 2462
7188 1476
4491 3579
5859 3294
5860 7203
5074 3927
6978 6645
3397 3295
7675 4736
3056 4570
8479 9485
659 3240
6390 1379
6121 3973
5466 6602
1399 5857
7196 3187
712 5335
4562 7152
3061 4815
8556 6857
4626 8961
7121 645
534 1816
3474 7037
5863 2523
4494 4259
1628 6395
6060 1338
5195 2082
9943 4891
3539 3886
4908 8813
7724 9300
2952 3461
2484 5022
2579 2779
9267 1566
2692 6857
6009 1786
4195 3162
3572 6399
1784 4130
9916 8512
7844 2692
8923 1541
9226 5999
7476 3348
9540 7605
9094 9492
7714 3256
2365 2967
3469 6526
1968 5900
4585 3307
8009 7249
2148 2569
8197 4667
7959 4121
3572 4152
5209 3826
5038 3935
9321 1052
4715 4203
2921 6442
2695 4818
3618 5625
3189 4545
4033 2933
4800 9103
3728 4957
2197 9749
2381 3306
3326 3741
3479 1894
4055 4543
5122 1840
2917 2090
288 2351
9052 4758
3105 4285
9279 2442
9124 6769
6816 5996
6573 2083
1823 7584
8293 5803
4527 6856
1324 209
85 477
587 4516
1370 6997
7259 4252
4635 2871
6850 6924
4776 8481
9052 3347
7814 310
8854 5955
3695 7920
4200 4529
3387 67
66 4112
9970 3410
7047 4365
9973 3034
7176 7228
3890 5382
4429 4873
4042 4702
5101 3972
1 7020
6235 3660
3540 4464
4292 2918
1588 1818
3192 4940
5142 4912
5507 5428
6989 4890
3223 6608
6297 6343
6313 3956
2924 4730
1281 5031
2724 4147
3110 4866
6445 1640
6951 3169
1677 2416
355 6955
3392 3559
2921 8660
2457 3412
3584 7930
4436 3451
613 8180
3005 3653
3351 5202
865 2488
9586 6672
8178 167
5249 2787
6524 8097
2188 6014
9075 73
1105 6773
4009 6357
5692 3496
5868 2391
7653 5445
883 6040
2133 5781
7008 2791
2603 6224
8674 3880
9511 7238
8124 1103
4075 3692
758 9437
3160 4466
8956 2802
3339 2958
7635 157
6069 3841
2725 5032
3048 9347
6057 2811
9816 2622
9267 592
1084 6196
8505 7844
772 8172
3203 2581
1893 5916
2793 5715
4361 4426
3204 6817
3789 3980
5795 1224
4520 2887
1946 4732
3848 350
2380 3303
3186 407
8750 3613
4548 7937
5401 6693
968 3994
4511 6557
4161 3317
1973 1316
4623 4013
7657 1622
7559 7072
8320 8058
3425 4858
3162 6842
8936 3479
5515 8004
6286 3015
8414 6948
6592 2313
6829 4849
3730 4657
2728 5692
2577 4495
3800 4749
4658 7245
5482 3491
4684 4274
6298 5591
1916 8132
3052 3174
3209 4927
3185 4341
554 7274
258 4243
3885 7196
1092 3642
7396 1689
7861 4915
3349 7185
4786 1401
9673 3852
8887 2791
4884 7714
8479 1010
4777 7606
2911 5665
9676 1419
6112 3006
3251 4919
4986 6544
4290 7078
7688 3918
5508 7025
3106 5351
6172 3011
5939 8294
860 5102
9620 5934
3459 2850
9493 6131
5232 5512
1906 3880
3755 8788
1856 5191
2066 7801
4199 3261
8326 5643
1923 6687
4745 1228
7356 8763
4037 3384
7327 8876
3392 4400
3465 2255
6012 1058
5058 1724
1992 5102
2672 498
4605 1738
8191 5166
9670 5386
1940 8312
668 9334
6625 7776
4116 7953
1862 4219
4083 4231
5751 6611
7226 4874
4133 9619
7979 3400
3659 3274
6049 3671
9760 4107
3821 3876
9925 5217
9019 5411
2060 3375
6471 2865
3085 1597
9093 4322
7086 5887
9608 3443
3558 3879
1826 5050
2521 3208
3211 5083
483 4291
4454 5077
5571 2330
4563 3672
6884 8399
9154 5204
7811 5671
8098 5612
