2365 9223
50 2221
9468 4734
9385 4300
5764 5213
2127 4601
8244 3307
8123 4329
2590 8541
222 1347
5382 7404
1819 6174
2109 1574
8925 3789
8042 3213
2952 3035
8729 6614
2874 2688
9095 3837
9805 2136
8758 4313
4547 671
1249 1075
1233 4755
8510 3668
8825 6285
3618 7410
673 5052
1103 4673
9998 3875
290 8972
1678 9083
9472 1702
2531 228
8949 5072
9677 9664
3668 7886
725 4344
74 7263
9578 3391
9512 4358
2571 8945
1546 4554
3717 4922
3587 8995
8038 833
4864 4659
842 5935
8972 9871
9897 2762
5405 2502
230 5017
6321 4442
8277 4080
189 5226
7569 3746
8423 1174
4230 8179
7184 9673
6679 2883
738 6582
3968 5289
677 3463
7657 9493
5157 8318
2075 1116
5829 6096
8167 3813
7833 3577
5334 1961
4217 7207
4138 71
9852 8347
3322 9854
5368 1959
5085 1598
2253 8989
5434 5049
2945 5442
6045 5459
6857 7171
2496 8603
4321 6738
9065 3637
792 4091
737 5714
4973 7018
8922 3606
6985 7374
4763 3007
9714 7475
5896 2074
118 5812
4115 5177
4272 6162
2976 7784
7245 5738
2964 3456
7538 4014
1333 7419
6773 2481
9592 3549
9298 7123
735 7088
5099 6079
6006 1917
6090 8085
7058 6289
4712 7777
1856 9567
4724 1344
6054 8940
8129 3812
6629 6538
2892 6315
2551 3798
5470 6921
4791 714
5721 2320
7957 5700
3321 1482
8173 6582
8485 3214
473 7068
9285 9799
8487 4962
3995 1045
1934 744
4898 6084
8506 5726
9622 6043
1543 8159
7019 6185
1852 7871
8999 6683
9233 9083
9498 5454
7566 6448
8273 6170
7709 4389
9858 3640
91 2699
5827 3635
9253 8759
8307 1445
9532 7438
6068 7252
4250 912
1370 8492
7407 2613
3978 1792
8461 5179
1837 4696
2297 2484
7808 2655
1514 8383
4383 1050
8238 8386
8392 3776
1230 222
8844 3775
9428 5772
3518 580
8244 5037
6938 7103
9179 476
7658 4311
8642 1690
1176 3661
925 5876
9298 5378
8601 4812
9228 6878
4961 5712
9566 1540
7659 7146
3865 4317
68 7112
36 6006
3630 6238
8893 8568
1463 931
3255 875
3821 3111
7795 2325
5670 2595
9650 7649
3893 8728
6439 3213
292 3609
4107 7098
7922 3970
9371 9155
9574 2671
3221 7926
8191 9329
7395 1164
1472 4584
4864 6686
5065 7252
468 2724
8081 3581
8300 3759
629 4645
65 2119
2958 5193
4105 223
870 5027
486 6331
2776 6223
1755 9194
8057 4153
9927 3361
7628 3976
9815 5078
8493 3628
1836 9951
4014 6645
8304 6074
6946 7572
894 4450
4218 7302
2770 9702
4363 648
404 7155
7898 6572
9590 7741
914 4135
9378 4453
4415 6683
7378 4080
566 5532
9064 3466
6902 2686
3079 8461
2306 3415
6771 6421
354 5245
4428 5867
3679 8080
5003 7105
2888 1323
2028 285
6132 4731
6518 2143
803 1153
275 4399
3615 7933
26 3685
5601 4951
7015 4782
393 5312
1210 5296
599 3583
9745 4344
1240 8842
7555 3591
947 9123
8656 4008
4113 7248
6979 1170
5616 7852
4422 1456
7443 389
1198 5443
6354 2686
8893 5686
8439 3112
9625 8848
5908 4344
4679 7524
9132 4903
2965 9998
5834 1106
5526 8052
7142 4634
9951 3523
5491 2847
9287 5856
5755 5526
5516 6583
8825 5663
491 4301
1003 9400
9796 229
1173 4335
579 3596
3429 320
237 6236
9118 5116
9217 3011
8382 2060
1607 9398
2345 7301
9436 3076
9738 5095
7855 3074
4002 5968
8761 3023
656 2634
2819 5612
4862 3146
2824 8570
115 2822
2536 8301
1089 5508
4716 7805
9597 5622
7843 3513
7661 714
9473 2464
9856 7953
8883 1058
1322 4421
3314 9238
229 5018
9073 2210
6106 2305
3279 222
5418 1949
4208 3044
8923 2518
3722 8412
708 2248
3025 8591
3362 4826
9343 5035
2450 3939
2933 1930
3696 7749
1699 4156
4233 7288
2351 8628
7150 9902
9700 6388
2255 8422
9177 4895
3332 8064
3517 543
1776 4613
4607 1863
9035 2843
6715 4744
7593 546
1372 1658
5224 2442
1764 8269
8644 3116
7690 3871
3148 2259
420 5668
7208 2983
4716 4097
2704 8625
8847 3322
375 5364
467 4782
8886 6795
8854 2781
7038 3074
8975 5542
2407 4322
221 2300
4000 7453
9254 4041
1166 2972
2077 4150
3478 4618
5669 2325
5531 4844
5876 1181
5142 1185
4398 8352
7560 1424
3237 8329
8306 4759
1638 2265
4629 2771
4460 7289
8741 3533
3261 4988
8794 2892
7115 4322
7970 5739
9986 5809
4008 9608
4831 501
6442 1169
9879 26
8260 6108
1316 7579
9472 5300
9665 9734
3608 1164
6267 7845
6298 5227
9682 3416
2810 9662
4264 1078
6711 6704
7810 2236
5853 504
9126 3063
3936 9879
6488 2601
9193 2735
7664 4104
5360 7917
4858 2346
6516 960
4374 6007
1943 9959
9804 6946
2349 8759
526 9669
4039 9064
9979 9031
9800 5353
8005 5440
6335 4030
4595 6667
7840 2712
7551 2609
6736 5951
4436 7168
9861 3800
8794 3394
8527 2385
9161 2513
9170 1915
9299 4024
9021 4824
6099 6827
9769 2908
7853 2120
9958 6725
4502 2149
9009 4477
8343 4137
5383 6364
8041 1709
9652 4174
9334 3227
9190 5568
1849 6747
7275 4000
8875 4253
8718 2976
8844 4522
9038 5281
9095 5434
1453 260
7939 6002
9206 4456
3798 4288
3980 6260
7973 7940
2955 975
1320 8748
1386 4254
805 6841
4237 8225
1730 6269
8453 8967
5875 3919
9699 7246
7901 3225
2771 6510
170 4865
313 4029
427 3785
8963 4873
1329 4905
536 9299
220 4093
4630 7630
1733 4464
5715 2855
2859 6771
6347 7678
7699 7439
5466 1760
5666 7038
8755 3006
5649 5646
5433 698
8561 4718
9575 7718
6505 1048
8398 8065
4192 8855
7452 1654
847 3683
143 6092
3081 9583
3013 134
8480 2123
5013 2569
6112 5695
1690 2669
