4534 2589
192 575
1757 6478
7123 809
2901 1115
3054 36
1367 9846
4982 4289
3282 663
2942 3367
272 3438
3227 1541
1558 3501
8358 3822
2974 4985
2343 4383
4845 2440
6053 5711
3982 4960
1081 1235
1384 5217
9685 2857
3346 3010
4081 9386
5207 5287
2381 3694
4070 9633
1899 1583
7399 2181
4568 8723
82 2634
301 2193
1183 4521
1668 923
2814 1986
3710 2928
8707 8922
9825 3412
493 395
2167 5967
4475 5620
9960 1498
2681 9971
1883 3813
5209 6271
6630 4155
3165 2356
3301 1951
2660 9786
1595 1954
117 7090
2039 7870
6353 5194
6095 896
2800 9945
3787 2222
3315 8252
3429 5403
4293 2350
3185 1906
1932 2514
8693 1928
4252 3507
4370 610
2380 2911
9890 628
9588 821
4393 9746
2651 2480
5310 8932
1714 9502
9200 8409
6442 3415
1174 1937
1509 5188
2932 1065
5073 4513
2756 3292
4866 7728
5608 8311
1174 1784
3075 57
5148 1668
1758 6526
9651 8429
4708 3080
5457 315
2558 715
1737 1493
5327 9083
6251 9239
5569 8369
3068 8550
508 8227
27 6215
4206 227
1476 823
2133 4727
848 4229
4515 2788
3399 4076
1983 596
4490 992
8320 9247
3209 644
3672 4090
2692 2093
2751 2328
1575 5362
9076 4153
3837 2037
2770 9480
7049 3436
532 7756
2621 6764
2850 2962
8330 8268
1759 3074
205 3453
2084 1321
1095 2011
3054 1129
5618 9397
752 6251
2202 2880
6139 5587
5105 9015
7857 2436
3469 8052
1865 3609
2965 9669
5811 3673
9360 3525
4299 8905
3251 339
2973 9291
863 9595
1460 3169
6178 4369
3104 2275
5034 2678
4132 115
3535 9417
4077 9471
750 3274
5030 2680
493 1412
2203 8200
4014 1812
4639 8155
2700 4158
2593 487
4586 1229
2559 3145
3746 3831
9291 1947
2597 4416
8546 2634
8874 9517
2228 613
3582 722
3082 27
2019 6299
3450 9826
3152 5455
2397 8811
5809 5787
5998 3889
700 3444
3491 3618
6304 8371
1796 3365
1390 3342
3517 3072
9763 2319
5126 1354
4811 1208
7027 3100
3335 5423
6102 3326
1361 4712
4119 9440
2092 2954
2191 2847
8091 755
9495 2540
3077 2958
3848 8833
4409 4449
9131 9146
1562 924
6180 4032
6740 4638
121 3080
1537 4650
1948 8296
8597 837
4274 4260
3548 2417
2831 1199
1502 1839
1775 1607
6724 4406
2075 1310
1674 975
5685 7984
1517 4438
3318 2741
2151 411
1657 5599
3773 5356
4181 5092
8460 1492
2249 2797
4546 1416
1562 9195
5095 9597
838 1107
3700 4352
6572 978
992 3151
3107 1879
2271 2937
2910 4977
2531 1045
1083 3018
3115 2633
1676 4057
2732 5393
4359 8895
3112 1849
2086 5227
4831 7896
3021 4211
4438 1576
1574 9262
8960 7816
335 1039
1461 2816
8391 8827
3377 2619
1702 8620
5658 9116
2801 1547
1736 9683
2700 9875
8870 3205
2739 2395
391 2480
5182 7475
5304 7321
5571 4565
1517 2334
8771 8851
5834 6354
2387 2199
1818 9608
5214 7939
5213 3117
937 3452
2821 8318
4229 1555
4595 4254
4094 9732
5768 5105
5865 1758
4467 7479
3741 2002
4998 4900
3338 6743
1496 3918
4117 9361
4853 2712
4087 9427
1279 4752
147 2361
1844 100
303 2218
8391 1233
719 2303
5598 3597
3661 562
5348 9600
6625 2277
5457 3100
5574 1281
3794 1320
1615 4917
2978 654
3373 4472
436 3915
1450 4620
9720 2062
2456 47
2232 2279
2306 1423
9118 9523
4520 8150
3811 9914
7165 6302
4522 203
1886 995
1468 2795
1108 664
652 4106
2680 1261
5532 2586
3003 2269
2819 144
1580 4195
3259 3933
7361 2021
188 3571
4239 2102
8079 7890
4129 8377
2610 1565
2733 8707
2832 5797
3373 931
1105 1701
378 4750
2329 1304
1894 9687
2839 570
6791 3481
6808 2469
1894 5495
2699 9882
3079 4770
1441 3340
3025 7917
7887 7441
9262 2258
194 3622
4577 5921
1664 1142
4166 4062
5050 1274
1890 2146
1531 2851
4672 1975
4851 8640
2301 1875
1687 740
6243 746
935 3189
833 2665
4201 6774
1400 8792
6156 8811
687 1537
696 1375
5994 508
7721 2538
1354 2372
2630 2153
3975 1628
2853 2579
8506 9683
1914 503
6553 3643
4905 2846
3138 2577
1288 742
1344 9948
1996 9981
2682 4917
5271 1996
4540 8050
1682 894
2475 530
8124 8826
1294 2902
262 867
7761 3499
3702 5153
1846 1914
4092 7392
299 3405
374 2087
32 9715
2872 9754
2959 8986
1338 4759
823 3932
4477 3303
4509 226
9735 5307
1805 8687
4938 8890
2073 792
2388 9682
1280 82
4726 5184
8911 179
1907 5046
4196 6959
1922 488
2834 490
4405 2770
3900 639
5217 3331
2194 3256
5050 9072
796 3397
3755 6318
2811 3615
4062 7256
878 2639
3958 1515
3821 2858
2806 0
3457 1758
916 3425
3230 4330
1938 5523
1546 9599
2005 3892
1853 4670
4540 3057
730 2526
6693 481
4708 9465
5151 3210
2809 4458
6001 4976
2815 6335
9169 2378
5013 3425
5159 5038
3221 4649
3752 8477
4079 9119
1560 2857
753 3951
972 2189
1267 9514
2477 3459
3970 8821
2400 2592
448 1356
2931 7979
6171 5675
5014 4283
1247 9959
3853 2094
2326 2261
3741 7304
3453 2169
1199 6648
2017 8016
3378 2898
2433 504
2215 6032
3005 3973
4785 4172
454 2585
401 3491
4554 2298
462 2710
3078 3181
4293 3440
3646 9618
1849 2038
9487 1222
8135 8896
4529 3814
873 1728
2790 1685
3656 4670
2599 1708
2052 1975
466 2154
3389 5238
3266 3218
2226 2231
2120 1993
4790 1361
4104 7053
4014 3614
3600 3099
2486 3627
2705 2094
1008 2576
2350 4944
6203 8060
944 3095
8593 720
1979 4372
2399 1511
2250 2233
1159 3797
2221 3594
344 1140
3568 3389
2325 533
2774 7598
3083 1132
3594 1595
