512 9705
5520 6165
4532 5270
9903 461
4391 5667
7286 4897
1815 1482
231 8397
7081 2905
4907 6190
4771 4105
4801 4887
9808 7947
907 1315
3164 7208
1427 2034
2312 2827
2668 2184
5111 4811
2155 3118
9731 8895
3603 5040
6230 5938
8022 2426
9833 3259
2888 5332
2689 2252
5249 3716
7884 7825
3449 4600
1971 1087
9254 1880
6585 1830
8038 411
7342 3188
3620 2779
5212 5420
2763 6365
4095 3426
780 4653
4093 5708
799 1377
3658 3412
7404 7494
3631 2006
7697 4449
2086 4819
3034 5799
194 8073
9690 2540
3830 9809
2135 4168
2335 4468
5553 4769
9069 3788
2459 738
8113 976
7467 8300
2047 4338
2642 5298
7281 6205
2422 6296
3439 9523
4130 7580
6010 7591
5399 4176
1998 2859
4283 5198
9391 1736
1947 4116
9470 2267
3880 6489
4008 6009
3936 6240
2967 2833
4335 6660
3355 5620
2753 1323
8351 8342
5433 5193
2967 8620
2009 771
5762 8666
659 1626
8867 1451
6870 1809
4658 6355
7706 3603
2043 107
7799 3938
617 8966
2694 4940
874 2709
4571 977
232 1530
9545 2795
975 2468
5211 7875
4294 4658
3179 5209
4661 5611
3067 5712
8688 4989
643 2418
3417 2246
5128 6156
5702 6162
8508 9079
4024 6078
5507 4629
8152 8532
5812 4429
6885 4766
6492 5347
276 387
1041 5199
1903 7406
1303 1767
9745 3000
4007 3931
362 2888
5135 7331
3976 5112
2359 2963
332 3957
4648 6822
5271 7102
1213 4609
4350 9630
9834 3041
4543 2208
1523 759
67 114
2319 8933
5745 6994
5061 7512
8749 9258
3421 5797
2414 814
5866 5572
4310 4184
6541 2592
3066 8467
8421 9303
719 393
8209 533
3204 5655
4615 9929
8488 4899
2161 898
6895 5853
5340 7560
4547 4388
2822 1821
2971 7533
1547 2243
3486 9129
7896 5774
3258 3919
1681 2597
427 3389
9041 7057
723 2265
5122 5563
2552 3924
3456 3000
1257 2836
4511 7313
2050 3506
1561 1917
1720 4125
7915 3311
593 708
1405 2572
5481 760
5438 6549
1602 2192
6549 8746
7325 7921
5282 8135
2265 9693
1978 6918
8535 9059
557 1297
7746 5848
2208 3826
4120 8790
3066 6053
6045 8660
9820 2588
6379 8694
2431 2317
5245 8783
381 1174
3615 7180
8473 2551
9833 9891
1140 1348
5159 6711
1187 3494
4727 4866
5439 4824
9270 4493
3761 5158
4272 5710
2093 810
3456 4949
3601 5416
5119 133
2202 1391
7760 1167
5047 364
4060 2821
4127 3814
9840 2817
5474 8430
5878 1451
5291 8574
753 1544
8373 3609
4599 5704
8248 8691
6304 4448
2287 1062
2933 6170
3732 633
6972 4318
5975 5935
4420 4673
5304 3701
3287 5899
2800 5942
3057 4372
4446 7565
4462 5465
3744 6497
4201 7267
6436 6441
5831 5135
8347 4625
2212 9950
7401 9841
3139 2078
2618 2492
9851 3702
4627 4756
7394 3642
6883 2672
6510 4678
5388 238
3030 1142
8945 6129
1692 9510
8338 9383
6007 670
6287 7369
2080 9381
1043 7816
8291 4441
2924 4372
4661 6065
2421 4929
4170 8954
3903 5074
1073 4271
1624 1741
4088 7847
500 1111
1334 2069
2583 2501
3483 7782
4251 3398
6544 7389
3696 4893
2890 9348
1296 4284
3857 4419
6745 5828
4735 4953
6252 3061
6897 1779
2172 9180
2584 3117
1194 620
3219 3875
3459 5168
5675 6432
1918 1724
6260 3833
3839 5178
1611 4035
3830 5624
8525 824
1178 2594
4468 4977
7841 5381
4775 6925
4063 7381
5541 6226
5352 8285
6268 6591
4268 5544
1410 612
639 595
1064 4176
1440 8219
6300 8856
6033 4082
2596 5301
2992 7354
1096 7627
3994 2316
6611 4827
1352 2476
659 8925
2347 32
1763 2586
4157 6251
2294 2878
7047 7855
7016 6574
3183 6139
394 7970
4506 6517
8497 1134
7734 1368
595 7331
7340 3116
5885 4663
3994 6332
2501 76
4164 5459
2731 5206
4652 1997
6456 7935
8217 7864
7995 8565
2319 6600
9425 6705
4094 6037
6649 7157
3186 1841
8739 6884
4588 6716
413 3787
8050 4852
6428 7027
3423 4804
4003 9171
7525 1845
2562 1622
5104 3437
9813 644
6861 3531
634 5039
2151 2155
4592 8348
2573 4270
6697 9835
1483 820
3497 3562
3608 6804
5705 5487
2722 4734
879 2520
9419 1107
5187 8032
6696 4204
5162 5900
4138 6758
5278 3222
5197 5601
3529 2193
5857 7862
9544 905
6940 5113
7332 7047
8393 9216
3300 3263
3908 3775
7485 6242
5347 5392
8192 3322
1555 1877
1146 2612
2350 1721
3460 4676
2484 1419
3068 4975
1859 5760
2343 3533
5801 4161
3601 9675
8655 2279
9659 5006
6350 8769
3283 3805
1322 9240
3944 5413
7082 9096
4058 3714
4589 4433
9927 3639
6827 1254
5254 3767
3033 5366
4459 4686
6568 7446
3851 4677
4308 6341
5796 6777
4537 4354
4844 8325
5365 1504
3001 2148
740 4287
2290 1498
6644 8200
151 1384
4938 3367
5459 7401
5546 8211
4454 6045
4385 4234
6533 2626
2790 3254
9000 7920
700 674
6837 7574
5713 4797
1412 3647
1007 9578
8977 3335
3445 7153
1180 4145
1510 8
5133 978
5975 7560
9225 3064
1413 7748
8653 8756
720 1136
5614 7019
8795 7775
1533 4799
1487 3371
3969 5980
734 900
812 2567
4853 8382
4962 7596
5301 7727
2481 1376
4306 6272
3402 1664
6759 4226
6264 6984
4865 884
4495 5375
1625 5439
3534 3140
8245 3169
879 630
2233 2823
2946 3909
2502 3115
9588 3870
9884 1150
5978 3373
9548 9337
4085 5103
138 2218
665 642
4995 9211
2037 4192
3903 7701
4837 7861
3319 4550
8294 7478
2251 3901
9060 735
1364 3663
3393 8529
7813 5978
2895 4487
2232 4134
5147 5408
4732 4928
4744 8438
2774 6003
135 2696
3267 4215
802 9283
3579 7209
7075 2988
1966 9231
5880 6463
2636 3930
1446 3602
3270 1898
