677 4696
9158 2879
310 7355
6660 2629
234 3470
2253 5244
2755 4417
8352 1421
6426 2965
434 2579
7568 1586
8026 6611
1253 5660
9247 430
5852 3632
2781 5912
8173 8634
4805 4098
8012 4079
644 3080
8596 2311
7524 6503
1863 5152
9611 9324
7949 1273
4088 5234
8467 4515
9756 3146
1151 4457
9609 5882
1170 3396
7136 4157
9874 9581
1271 3317
9660 6750
8938 5942
6027 2185
8439 6780
8688 3701
9673 3925
5620 4656
8466 1949
631 3645
7653 7277
6454 1876
605 3345
617 3737
2490 6629
4924 4845
8510 527
9320 9548
967 4362
6077 3722
9767 1713
8005 8640
869 3912
5269 4308
714 4038
6605 5275
8771 2809
1925 5270
565 3680
3545 4684
7460 9343
324 2153
7753 1999
6218 2391
9483 6258
2493 4644
9280 4757
9976 4479
9284 6048
2260 5335
1649 2994
7227 2181
4856 2728
8276 611
8279 2733
2314 7423
6155 1943
2650 7201
5791 2322
6364 4664
1553 8340
4705 2936
778 5374
1933 6931
534 3284
457 3827
5989 5388
8774 5313
2517 2628
9406 3921
7975 2991
1521 5036
6232 4629
2960 5458
1327 5418
9249 2006
6043 2255
554 3881
9806 2872
8118 2658
7214 9659
7244 8766
3377 8455
2441 6146
9067 3700
5110 3245
8666 3612
8386 6722
2367 7276
6597 2404
7511 2586
1002 4970
5481 3911
9178 809
6580 2607
6955 4848
9525 4547
75 5208
7018 2936
9683 3272
7036 1938
1286 5753
8113 1729
5129 2332
208 4425
8541 4915
7649 5831
8960 4737
7956 3633
9515 4074
7599 7398
8555 3147
1011 5526
9318 9158
7346 2370
7502 2370
5334 4637
7926 9626
1223 9902
8426 3923
8317 1145
707 8417
8307 9829
9121 2871
7763 1071
849 5477
8157 1528
1821 4734
8752 2497
9363 2898
7127 1256
3145 7133
7697 3880
6516 9095
5139 3499
7278 3231
364 5700
6169 3865
7953 4232
2612 6260
6317 1432
9498 354
9065 4655
6512 1262
6350 5248
7285 2762
9966 4763
9697 4477
1252 5731
1906 5837
132 614
8261 4963
181 3508
6447 2422
8717 1981
8299 672
7459 1873
227 4252
6232 2353
7560 2184
93 5075
8210 856
9166 1700
8830 5677
8373 1646
7309 3743
2085 5700
8571 1243
9410 1013
140 3987
856 5237
8904 1537
8566 5450
3608 4427
8638 6131
8319 4694
3804 9186
9727 9045
111 5366
8728 4322
9990 5501
6344 1790
5048 3739
4060 4254
3595 1320
7227 8629
7101 3318
81 3640
2141 5959
4743 2492
6377 2735
1029 3079
7100 3191
1295 4874
7443 314
5032 6634
444 3310
1182 3941
1656 5401
1361 3754
8371 2466
9735 3550
8908 2033
1487 3759
804 5297
1161 4659
861 5849
8267 2283
3376 4291
6923 3298
381 5468
3993 2618
6429 2902
897 3511
2041 5220
1307 4587
6577 2090
6633 3473
3997 1
1431 4375
7967 3275
8786 2740
7393 964
4442 936
8519 3150
2706 5121
7243 3518
9419 9395
6745 6121
8416 1336
7970 1335
7846 671
9382 4692
9538 5196
8922 4927
7704 3467
2293 5418
6673 1546
869 4765
7351 4749
6511 1731
9670 3374
1773 5647
7360 1020
2423 2921
7390 652
8903 5462
8809 4762
3005 7990
6123 2929
816 4214
5413 2671
7262 1109
8702 983
7838 1305
7246 3645
5935 7698
1214 6191
7899 1409
6700 2177
9664 4396
3065 5129
5211 2932
128 5017
9169 5585
1093 5641
8809 4784
1628 6986
3217 5262
8465 9041
8172 5908
8788 1957
1030 5319
7864 1191
9398 2640
1095 4792
648 4997
8026 695
6057 2444
7714 2661
7653 6861
9887 5451
5808 4732
8809 5520
5822 6500
1073 6188
1362 4741
9508 4255
9805 5125
1049 4680
4012 518
5736 4599
8027 4883
5740 5792
8443 749
9481 5140
8040 2570
7008 3937
1404 5487
7844 825
892 5074
7461 2750
9170 3432
2229 4712
8305 7065
9050 3772
9681 4303
1344 4602
1686 5623
7016 1856
6271 1702
5555 3490
8482 327
7628 6255
5697 1624
5915 5468
8257 6215
9848 3625
7962 5251
1513 4351
0 2705
9129 4725
7153 3806
6309 3539
6212 1800
6521 2119
4667 6986
6419 7868
1258 4493
624 7263
6873 2067
857 7474
6496 4295
5292 3129
4466 4070
156 4888
9962 6342
8686 1652
5085 310
3027 2876
8715 1944
943 5560
7461 619
8665 4832
8144 1188
1104 9534
7732 1109
1683 5162
5926 2444
6061 9313
7167 2764
6091 2529
1393 4425
6593 2358
981 3852
6692 1973
6777 1968
315 7118
7704 2349
6042 1855
2279 6122
2254 4726
5781 2982
1419 2460
7907 4263
6868 4404
2158 6582
9427 3846
2406 6693
2654 3789
996 7637
6155 2927
1294 915
9827 5384
7813 9534
282 1994
1176 7442
8111 1810
121 4795
9187 2665
9668 4039
9601 4376
193 9905
2260 4526
39 3431
1389 4144
1225 6287
2584 5508
68 3336
8292 2361
1002 3753
2164 5739
173 9118
8462 3684
8974 3307
8469 282
5663 1804
635 4490
6352 3198
1487 4679
70 9636
1233 7148
8323 2479
1300 6164
7782 7317
9584 3263
422 3717
6431 7292
9367 4824
2625 4507
397 3651
4095 5145
8096 7549
300 6180
9339 5655
235 3728
6101 8185
1831 5009
9090 3895
562 3305
2134 6871
4222 5249
1565 5420
9136 2717
6763 3056
5829 5794
7457 9907
8013 1067
9388 4366
8400 2141
6182 2363
2215 6324
7887 1345
8263 7374
8539 1707
6940 2990
5600 2538
8809 219
6677 3263
8510 4389
2846 1562
104 4664
770 4497
5353 1488
8045 1939
8239 6658
7860 6463
7604 6403
2105 4974
6299 1640
6096 2718
7686 3165
5365 2230
6542 2377
6815 1251
4713 4119
9754 2891
8937 1824
2090 4859
8627 2830
9313 5876
8779 465
7782 2360
1784 5826
9381 3557
99 3677
251 6691
9409 2978
7540 1376
9260 3370
6603 5927
6880 3432
2572 5096
9995 2000
3338 6346
6436 2381
3933 5082
