2470 9267
6833 714
5065 666
5023 511
7870 8722
4951 9293
6825 7055
7293 8301
5545 3881
6891 1353
3640 2595
7784 1094
4326 3593
6519 2402
5038 1169
5279 7001
839 9421
4236 3528
5365 1411
3778 2848
4072 424
9151 3314
3156 3170
6907 1827
8229 2392
1615 4156
4989 3411
6146 9843
4254 9826
2057 5970
1554 4541
281 8203
2137 9889
4876 3609
2216 2552
7178 7685
1835 7290
3374 9260
2905 3201
3476 9140
5908 7715
3359 2059
5499 9600
6658 1220
3262 9073
1711 7525
7388 1102
3270 2768
4720 1096
1385 8123
582 5822
6494 9254
7197 1906
3433 1330
5940 576
2059 4290
8127 9290
7104 7889
6028 4081
4266 3024
4758 8819
2340 9016
9864 4768
6139 2475
1926 4034
2736 3332
7813 7647
4474 932
1771 9246
3139 8835
4837 1914
9710 4983
5854 9288
5167 3119
4368 1710
1728 4436
3545 3223
3561 9903
3770 1355
8992 8891
3949 2409
6929 8242
828 8694
4930 3575
2482 3582
1999 4099
9411 9634
4752 1439
7632 8268
355 1704
3712 2429
5046 744
4451 1865
9372 117
7438 8924
5621 1982
150 1191
88 6073
1229 4729
2954 7454
3992 2357
1628 548
3945 7209
1513 7898
1938 9350
6305 1585
5997 1478
2482 8025
1401 4715
3595 2940
6265 892
944 5239
6475 2526
3730 2319
3055 1781
4890 4238
5422 8192
8772 5611
865 112
6318 1025
6960 2963
6484 490
6088 1493
4178 9815
5537 6183
6211 2713
4859 7827
7946 8628
6649 3213
2850 3851
3900 9663
126 2144
3615 1713
8677 9386
5670 3697
305 6033
5697 5511
8324 9109
2197 3538
1525 4173
785 8750
4793 8204
3390 3046
2277 6428
298 9147
8014 3174
7760 1442
4657 3086
5370 9969
3914 180
6349 1482
2042 4432
5221 46
3721 2382
3794 1283
9037 657
1210 9014
5187 9960
2869 3581
4008 2960
6977 4
5722 4376
4179 8031
3231 406
5430 8643
3514 9087
4610 5374
5523 4023
5859 6947
9372 5210
4652 2091
1115 2738
1074 5064
6543 589
5519 602
662 5632
9928 3707
5804 1665
5994 9642
1070 3062
5658 2612
8844 5423
5445 3798
1586 5050
1174 5371
6701 6224
7997 5178
5425 9994
1798 2098
6712 9787
576 4280
7975 2148
6055 4428
6936 7960
3879 931
4848 4347
9482 9516
3523 685
7584 9447
5029 2063
8079 8504
7233 8969
5258 3567
5890 9009
5710 3062
1504 5030
6616 1830
1228 247
5491 6416
8818 6057
6482 2095
7098 149
3193 2993
3917 4354
3499 970
8815 5759
4855 2507
1956 4237
469 477
4092 8528
6771 9656
9612 3820
4717 1913
7249 1836
290 2744
1880 3280
9648 5243
9498 698
3881 7508
9842 6515
8272 7614
4411 2898
5973 16
5962 4702
4128 93
997 5440
1020 1231
5680 559
5159 3160
6703 7558
7579 6069
276 3717
3751 3763
6956 7994
9823 3760
5611 1209
5500 7785
408 4519
4108 8634
2553 9038
8589 4503
4752 3726
5982 3879
6843 1584
5022 1362
5994 7883
8576 5988
1917 9071
2630 1935
9969 6415
4136 3322
2494 3969
5608 1050
8995 9373
8878 2948
6628 1390
8091 9887
1593 4534
4709 4379
3322 2961
4551 1489
5516 1735
2236 3319
8411 9605
9919 4500
4992 3117
8306 9003
7057 7915
3103 2770
750 3603
9748 4200
1303 8749
5218 2553
4615 2013
5512 556
5196 1720
3088 3153
8534 9787
2604 1639
1051 7090
3973 9446
4451 714
8329 3267
1161 5259
2997 1844
407 8174
8431 9914
6881 774
4581 1839
5079 2524
5102 4323
5022 278
6555 3587
5488 5935
2681 1351
4116 2678
1730 4368
7883 9147
6330 3505
6113 129
4390 2019
7184 9410
5867 329
1521 5398
4057 1837
6500 650
2788 3669
5897 1111
1763 9388
6411 8803
6782 3621
3748 2026
5180 6564
4889 1433
1408 412
860 8555
8666 236
407 863
7840 8407
6599 758
4271 9745
4825 9526
2187 2877
4897 4447
4668 9817
3794 2379
4591 1213
4899 2934
2183 5503
2357 1994
5553 1063
7974 5728
7912 1216
8310 6766
880 4462
6062 1187
4252 4016
1428 2470
4751 1723
6374 9949
2646 4451
3949 2123
701 3300
3745 2235
6895 7851
9599 5378
5090 3516
9322 9441
6900 857
9147 540
8230 51
5111 5552
3565 9443
313 5375
7717 8453
4820 4585
7392 8095
4456 8366
8568 3331
3983 6932
5246 1413
4476 40
6263 2273
6327 3835
5092 3588
560 4879
5420 9299
7754 2952
4899 417
161 9172
8442 329
2421 572
8104 4144
7461 6271
5509 596
7468 1691
5113 1023
3819 3994
5126 1618
8042 4425
9842 9328
6082 76
736 5067
8899 3844
6343 553
8904 3028
6839 1116
7938 2912
1895 9394
2324 3878
6059 8616
5095 5315
5803 562
4226 8258
8825 2865
4273 3485
6862 4747
1580 4902
2304 8905
8487 8971
2217 3909
4915 3528
4922 6029
5780 9178
4145 842
9492 5637
2996 2999
110 5544
428 1769
3925 9070
6921 3251
5680 8956
5821 2241
5347 2897
4800 3918
7175 7728
3732 9047
9651 1056
1589 4991
5338 6320
4350 9087
6665 652
6887 2583
4849 1192
9458 261
5919 718
3499 2303
6811 3896
3290 3050
5521 7484
4651 4855
355 4925
3497 3272
5427 7211
4708 1435
4472 1335
4578 7741
8665 4803
6709 1489
4384 2152
1945 3687
425 1251
6674 228
6147 9617
64 5400
685 5119
7118 1931
5626 2931
2801 8739
4795 1462
6089 96
7147 8657
8544 195
1383 4593
4692 3292
2292 7159
1069 7292
7789 1586
4739 1436
7129 2736
836 7349
7424 4639
8381 8813
4600 3739
7573 646
6324 6261
1719 7809
3495 6824
4751 8176
6522 9727
3956 3902
7331 6518
367 176
5329 9510
9028 9688
4259 2228
5759 2827
950 4706
9903 5170
5446 4011
4254 1758
1918 9563
4688 1214
4567 5116
4856 2348
7588 7976
5691 9983
3497 2718
2318 1186
2550 260
