3711 4502
4261 6357
7435 5667
1234 3539
5314 6734
9476 2896
5671 5827
9643 2228
789 9223
8140 7670
837 3350
2861 6915
9241 216
1366 6211
2494 4906
1789 7616
9842 2994
7665 8986
2005 5138
429 9028
1981 4515
105 3949
7698 4553
9695 2395
7408 7222
4257 5155
3803 6651
2436 2471
8691 616
7223 1425
2489 6117
3733 4368
2778 2427
4471 5636
9497 4072
9456 8421
9877 9488
1228 8874
379 6933
9032 2199
2527 4535
2135 6545
1038 7666
8119 1194
3592 5142
1167 6117
3615 6604
8447 80
221 4429
2406 2807
874 8582
7523 4152
9762 9353
2645 4400
118 4025
6006 6416
7616 6460
9825 3160
1930 8484
1061 3453
8990 89
9930 5406
398 9268
255 3725
5076 6258
2142 5645
3844 3789
9277 3403
4714 5115
111 8820
9782 3566
606 1727
4245 2012
7418 5131
5855 3484
7733 3611
9969 139
794 9776
5146 5656
445 9204
680 9107
454 8624
2852 394
3843 3721
5892 5235
3605 4823
1861 5877
6777 9960
8730 120
2997 2627
1060 8610
2845 5467
117 4950
8159 4990
9593 2993
6197 7691
9706 8117
24 3419
4627 5245
9055 4629
7337 4262
7798 4620
9744 263
8082 5947
2712 5971
6906 9664
22 7695
9596 9190
9336 9877
596 8721
4851 3506
5834 7333
1283 4574
2578 2382
650 8859
8394 166
2177 7807
2999 5530
2495 6396
3482 5507
608 8295
2324 7170
469 8527
3012 7296
9521 8732
1604 8305
7350 5261
6406 7122
5372 3887
3624 6121
4201 9251
557 3401
2314 7516
347 3686
62 7736
8980 3138
2110 7618
714 1264
1055 7573
541 4063
4657 2714
8977 8371
1624 4719
9160 9368
118 680
1406 9582
7722 7078
6759 5313
5554 5571
1929 7566
8516 4625
6344 7444
980 7789
4053 8090
3373 6772
3182 4181
1717 7548
1845 7297
6212 3077
3225 6482
3741 6395
8627 9147
5372 4250
9362 8949
1468 7175
7619 7734
9570 9230
8122 3354
9707 2563
1834 8073
9490 350
4247 2065
9995 8070
9084 3612
6885 7887
3503 4118
7151 5782
961 6998
9643 2300
3279 5550
1552 6019
164 9691
5170 3994
1940 8068
686 8711
88 8515
3684 5702
1277 9710
8162 285
9760 215
9424 5998
6561 4771
372 7892
3551 5712
1154 7918
9534 4994
4467 6111
4785 4947
548 3516
7196 3987
2198 100
2185 4093
2005 2680
8166 9946
3657 6763
1115 8740
1186 8126
6788 5208
4531 4029
3937 4431
2567 8426
7852 4925
2636 7222
1577 6402
2816 6533
2019 7421
1869 7751
9598 5256
1535 7326
4381 1209
8312 7017
7962 4778
3689 5816
8634 9786
9134 9834
3710 3242
1078 7379
402 1973
1711 3526
9411 9437
8926 481
2857 6157
1455 6547
9421 5146
3301 9193
9284 3999
7285 720
2258 6916
8352 5638
3588 4779
8613 4757
1293 1282
1748 8516
3634 4266
7614 5864
7098 624
1324 6733
7915 7289
1141 1278
8904 2708
696 9406
495 5453
5646 5089
1726 7795
8913 7232
8298 4979
2726 2824
2256 4744
2522 4086
3251 5507
205 8625
8903 6239
7575 7518
1845 8538
9139 1020
1075 8229
8013 6782
41 3292
4657 3541
7337 7173
566 1545
7779 3762
3247 9733
4185 3475
2269 7665
4612 2379
4374 3063
1383 8484
8500 852
3264 3500
3534 4654
7006 5226
6945 5634
8151 3593
1778 4678
8666 6006
4851 7868
527 9578
3240 3664
2476 6288
2264 7061
9663 728
1266 3492
2837 5772
7244 6869
2739 4730
646 7656
3553 6375
7640 8764
4465 4543
8744 6047
9348 4526
1197 9912
2665 2120
9247 4
9200 5451
691 6275
1969 4012
1006 8084
7281 209
2502 4094
8928 6569
450 9196
7048 8336
2213 7365
4482 4973
491 8568
9591 8984
9893 7983
5457 7664
1854 7948
8597 9303
9327 9130
9769 3486
4148 4166
5106 5227
1689 4618
7976 4769
4150 3983
8196 4552
1283 2209
8718 8649
8022 571
3253 6617
9198 8639
4608 4290
40 9283
9430 1572
2590 7337
5819 5113
3795 5862
8324 7046
9554 9689
1454 8475
7673 6963
1714 3456
4243 5091
1217 7098
9703 9915
4295 3978
896 2838
2675 5723
9641 4347
8998 4259
5108 3955
1381 6406
8769 9369
4372 5204
4432 4980
7829 5122
2249 7304
958 8941
9732 5242
9102 4855
9626 660
718 3721
9054 861
2766 1370
7579 4138
2037 3305
385 3264
9780 4528
1525 5259
8962 5482
1989 784
461 8781
9249 3845
1444 1753
7877 4087
3970 3880
5005 8126
2703 4980
3067 5522
8514 9739
5228 3225
9581 8604
4351 4767
4220 4674
7208 5035
7179 6558
5417 6129
915 7699
7892 4346
9199 8822
8292 6958
1260 7562
587 9410
1185 8471
5037 6100
9772 4766
550 9519
6494 3022
7154 6088
4979 5350
6275 4551
662 7868
9833 7908
3820 6514
6901 4064
797 9773
4637 4566
9779 8565
798 302
2747 1621
6607 6759
4208 2848
1324 2721
8994 5006
5335 3979
775 7893
5874 2149
1352 7514
2623 4736
9495 8945
1191 1409
2386 6449
4684 4902
6816 8283
1820 6074
9569 9635
2474 7501
3229 4630
8591 6835
5484 4982
4241 6556
1384 6931
9289 6328
2144 3510
2568 3200
3888 4735
9268 5249
4335 2651
1363 4540
9594 3940
1188 2144
730 9817
2659 5151
1995 6303
927 7878
7200 5681
9948 9294
5787 6300
8036 2371
9862 4114
9859 8575
4142 5108
7756 6630
9635 3851
5218 6502
206 3116
9728 9003
391 8522
2461 6357
9188 2484
2619 3533
4824 4485
3371 5495
8687 512
6128 5011
4065 5912
3296 315
3523 5211
411 7453
5856 8609
725 9086
725 7109
3463 6108
8652 7595
3575 5779
1738 6339
7116 1755
2868 9718
9802 3178
2916 6231
2991 6661
367 5954
2317 5917
7670 4766
3528 5986
8017 8126
6541 8558
3692 3303
7380 6751
1221 7429
9485 6112
24 9110
4812 3989
65 9138
8345 4302
8788 6031
