9046 5661
2358 4358
8825 4619
7225 610
6065 8341
972 7749
7251 491
889 6659
5950 394
107 7041
8205 7647
9025 7148
7250 9279
4531 332
8702 4917
8898 3431
6515 2930
4215 8586
8483 7362
9093 8612
7165 1583
8524 5840
9692 6424
6775 9152
9292 1377
924 4302
5035 1792
8601 9592
8364 6876
9368 1115
3813 6854
6045 2338
5623 2865
1214 950
467 6296
7259 853
6619 502
9039 1290
9672 8809
8551 2537
234 2009
9261 2404
7141 974
4822 7291
7350 2307
8509 3452
6421 751
6681 5922
1009 5388
9117 8829
7472 2259
6644 7617
7225 1741
175 2062
912 9256
8901 2398
6006 4992
6726 9083
6857 6961
405 6810
8739 1518
8446 1930
6868 1219
2572 5728
9653 2932
1564 7735
8669 3674
404 6216
8671 2960
226 4391
7273 1115
7604 5156
2924 9306
9941 9333
7742 7857
8917 6008
3617 6515
2948 6756
7104 8509
8098 8324
1248 8163
6250 2041
498 7814
7935 8949
631 9503
7638 5297
8305 418
6964 6664
1626 6137
7992 3979
7281 5297
7274 8565
9408 872
9219 438
3612 7478
7490 2932
122 4386
8251 7329
9280 4334
728 9574
7476 5495
8473 7936
326 6251
6661 871
8091 1616
288 2850
323 6236
412 3303
1080 5815
662 9085
1626 7309
9122 8475
738 8037
2126 7065
7927 5906
9845 3464
7871 6438
7591 6631
1494 7382
9998 9997
7544 9408
7507 6390
6948 5618
8838 6604
8086 9480
8491 6240
6639 33
40 5632
1636 924
7268 2297
1715 8783
2495 4428
7895 9387
7851 7740
7894 2341
9479 9382
202 4903
9322 5386
5683 2190
4363 2012
8941 6872
9224 637
8957 6151
7989 1806
644 5867
8349 5266
904 5314
8133 138
887 7616
8754 7148
5421 8852
9012 3755
6119 3951
9638 3781
4269 8114
9575 9839
2465 1380
8535 4980
8776 100
8662 3623
7681 2466
9355 5652
9030 5852
8469 9626
4342 7164
8479 2976
7752 5271
1116 4783
9027 6893
2892 8664
466 4647
9782 7567
9469 8010
6961 9473
6617 6127
7753 2877
7436 8274
7082 8945
9712 7355
8476 1896
9678 3686
6176 904
8744 7992
5773 9010
8949 782
7950 2380
7527 1850
9175 6476
9837 8819
7745 2612
2300 400
64 9366
1183 8260
9742 9350
581 4485
9697 6804
6509 1997
4259 8185
7641 2905
388 908
8649 6267
6172 618
6914 8592
6744 8693
1310 5160
9956 3429
3590 1484
4721 9401
8119 4883
7885 799
9204 2589
8166 2618
7831 3689
472 8365
9485 9539
510 264
8320 2950
1089 3336
539 9465
1678 6342
987 7489
1432 6546
9663 8090
1312 6391
9147 3905
4419 7597
8879 4737
8467 1513
460 4091
8349 645
3526 3026
9695 2956
6732 6984
1558 5504
8123 4876
3266 4146
2035 7127
1107 4841
8718 713
9044 2195
85 4796
2899 9312
215 7004
7908 5984
6607 9990
9193 3351
7697 2768
8498 8168
8687 7262
948 862
6824 399
8934 6492
1919 3146
7877 7173
8502 1749
6772 864
8095 2395
1237 4109
7022 3626
8548 9449
5 4291
7485 9314
7321 2894
7502 7417
7377 7264
6541 2135
7018 9299
6679 2105
6419 327
8062 7870
7585 2603
8142 1990
7847 4675
8759 7956
3556 8377
2645 7544
7928 8958
8803 3151
1401 5924
8372 3620
9062 3020
9180 9382
7791 196
9846 3074
8648 8493
7211 6549
8032 932
9361 3837
467 7574
7275 5294
3054 9302
4811 7419
7288 6615
6618 661
7458 665
5683 7622
8466 7428
9072 3046
7680 1937
8224 5936
6877 4075
7534 7561
6743 4093
2569 6730
628 7001
9642 2646
62 4384
137 9253
7769 2368
1376 79
8608 5656
7117 9105
6752 9776
5149 9121
938 4283
1204 9924
8006 7412
8016 7623
5782 3556
9140 9430
6638 5710
1658 7390
556 4869
8069 6029
6457 4480
9767 1436
8816 2958
6598 4312
9790 9808
8648 6766
8808 3182
7912 8814
8761 6414
326 6370
8565 7671
5970 3467
6426 8015
9559 6241
6322 248
7036 9125
9172 4165
8485 1905
5996 501
7999 2676
9871 7010
9187 2204
7552 4836
8557 2046
7333 4905
5079 240
457 4597
2688 8793
8976 1831
8094 4481
9415 4929
9690 7092
7459 5584
8531 7088
8671 6573
8121 526
1253 6257
8541 9761
331 4493
9938 8865
5858 1667
7488 5094
9851 7194
7461 3261
316 4235
6891 6937
8256 2040
9274 5461
232 2295
44 8749
7101 9608
6680 3873
1118 5515
9815 3838
8116 2392
8378 3206
268 1152
8701 6218
703 9055
6128 9650
616 3992
9516 8740
1000 5662
643 7905
8038 2603
8012 7807
9875 4248
1691 6864
4551 1935
9164 8702
968 62
8451 2103
4323 8572
310 4671
6291 1521
8072 5746
5579 9296
7461 735
7528 1072
9043 720
6185 7412
9370 9831
8757 2852
9450 7734
9166 656
8816 8509
2481 3839
8427 2568
2875 8595
6936 3524
2562 9038
9869 8858
9658 3836
9332 6713
9005 6992
468 5616
109 5445
9735 9839
9629 8271
310 9626
8021 8831
5754 1433
1989 904
3366 6357
684 7756
2977 6881
855 3028
9696 3431
3542 6155
6802 2225
1933 5542
9591 6303
9879 6023
9599 8876
6478 4864
9551 4775
451 8331
8643 9609
8237 7362
3894 8403
9277 7769
9810 2945
9265 2956
7007 7065
8668 1425
7190 1030
4689 8103
719 5228
5426 4442
115 3649
6574 1017
609 5362
9972 3357
1513 4694
7011 502
7612 7534
8009 845
2107 5051
6064 6595
9157 9834
1193 6019
7057 2631
1375 6077
1186 5095
7973 2984
8437 1389
7877 643
554 3417
7822 475
7633 8761
9917 7590
584 2155
1124 3170
1195 233
7563 8064
9698 3130
590 7823
2119 9868
8305 7227
111 8490
9300 7007
616 8900
6786 9976
6996 5984
8269 1913
7324 2170
7640 2635
7508 2763
801 9067
9064 2412
4384 7502
9777 3260
8698 6385
785 4769
2058 7355
8607 2173
