6349 2093
5111 4169
3889 6067
9159 3570
7405 2764
528 3669
1658 2838
2951 7617
9129 4752
2924 3727
3469 269
6261 1841
734 2318
3322 5421
8480 5236
2093 6157
4367 9479
2297 5426
3313 2074
2568 6545
1914 4196
6044 2364
56 3687
1710 9259
7 5219
1558 6776
2722 1382
3008 7081
9429 4203
3962 6680
9858 4865
5326 9704
2539 4006
1681 4222
591 5284
2083 4540
4143 5965
1628 2437
2583 2889
4218 3106
8723 3268
7887 4573
2146 8635
506 5679
6581 1172
3791 256
850 6410
9845 5568
1015 3374
3584 3080
1828 3989
7638 4911
7948 4304
9578 9034
3302 6912
2068 9330
2864 7589
5095 6263
1446 4746
1280 2984
2642 3860
977 4789
3741 3032
7790 4662
411 4795
8236 7619
6288 5716
4986 5156
5462 4618
6390 3130
2007 3479
2445 4882
6294 2524
2003 1913
268 4485
1515 2342
5788 2118
5112 196
1792 8258
2862 1490
718 7696
1150 4711
2302 4536
3661 7729
1481 9515
4039 4126
9175 5211
6559 2274
8957 5235
6341 4684
3832 5090
864 1455
4537 6748
6772 3586
5530 3529
264 4339
8468 4954
417 2074
8746 6210
2475 3053
213 5969
1092 3960
1845 6687
5881 3243
9909 5821
3768 5873
2609 6009
338 4517
2204 4401
157 5408
9523 5129
1333 2710
9665 1268
4316 5845
2910 9756
4497 1445
1206 8142
7065 3169
5328 7102
610 1561
579 3016
5673 7792
2510 3918
1141 3393
983 8060
6372 4379
182 4237
3491 9123
1426 4721
2353 7902
1687 3459
7695 3533
1329 6603
1685 3934
5532 5268
3566 6376
213 4220
6351 3677
7514 7187
5598 1444
5830 5223
2101 2402
1650 2237
9859 5474
6638 1235
2990 2838
9296 7054
802 3577
9591 5412
9905 2826
8384 4010
960 5313
1588 5052
9674 3469
1516 5558
1624 1308
6213 1878
3614 5499
919 2944
9970 5929
2220 2232
6171 3705
3268 7589
5276 1657
9037 5114
3493 3924
2114 4047
9473 4094
7276 2551
9199 4227
4877 5062
9822 4364
5664 5203
1931 3809
3654 3096
6167 3307
4677 1855
1354 6110
5133 5024
5918 1776
3415 3982
5710 2164
7434 4534
100 3250
602 8601
2068 5885
3242 5896
4291 3252
3580 4719
8731 3690
452 6953
6078 3355
787 4090
1815 5844
1468 3256
176 8223
802 3005
4526 4197
6305 2454
5116 859
3875 7866
1014 3692
3568 8541
5833 1030
8875 3073
862 3414
9605 3431
2358 7259
1712 4762
1265 1580
9475 5536
3093 8113
3555 7393
4604 2278
7960 2886
4142 1448
9575 3277
4429 5135
9174 6636
276 3722
5923 1727
705 2285
5540 2084
4010 5852
2447 8626
6132 3307
7685 4608
3966 9705
2957 6024
3531 2327
5651 2436
451 7002
8228 3742
3794 989
2109 4722
7286 3745
5739 3726
1169 2806
3801 4905
3309 13
7492 1720
3495 8789
5878 2874
1105 6991
3841 6137
7161 2532
6101 4209
861 1764
7766 656
3780 5888
1154 8033
4374 3994
3226 4984
9939 4084
2460 3990
4624 4852
7789 3757
271 4815
7078 4596
2616 4139
4797 341
4191 2508
1232 7818
3458 4827
4502 3160
3372 7118
3053 5690
1307 3656
44 4479
4692 5620
1034 5730
3265 4782
3552 9830
1638 8706
1584 5855
2357 2544
7360 3666
9201 5141
4942 3045
6231 3132
3140 9854
4917 3226
1224 355
9340 4685
3503 3517
4415 4803
2192 7976
7337 1781
2351 2496
5229 1664
3372 6825
2010 1519
4021 1102
1754 6801
9400 3634
2523 2607
3616 3942
2558 2156
371 1966
1400 2507
4600 5918
3884 7396
2540 2287
8066 3917
177 2091
6650 1618
8744 4744
4440 4733
399 3781
2169 8723
9803 4032
2842 3348
816 3822
279 4210
4207 4787
6157 2782
4220 2200
2756 5294
7566 4920
3834 4672
2571 8933
2426 4988
8874 5523
2499 5875
3566 4439
9874 7187
4359 6219
9544 4828
8582 5347
3239 5806
4493 6182
1975 3223
3149 2242
533 1353
3317 9099
7194 3969
2900 6196
6405 767
606 2771
6223 1266
5131 3823
2117 2952
9926 804
6021 4322
1010 8876
5061 4527
4447 6830
3719 520
5677 1888
8788 4696
667 4708
7420 2721
3155 2531
6626 3754
1720 9017
3827 1230
1148 160
9435 5284
7405 2835
3364 8159
2789 7034
1090 2708
6578 5528
3289 8977
4739 3312
4978 1608
2215 5944
3999 3651
9836 4261
260 3925
8409 5171
2817 1439
3017 7898
6000 2393
4503 1243
5441 3607
6233 4172
7341 604
1878 6807
5101 1314
5247 5053
1093 3001
7573 2396
6433 3308
8928 4136
8070 3467
6721 3711
9817 469
5347 9444
2500 2572
6648 3745
7162 5049
2116 5682
8978 3700
3300 8092
3754 9876
9827 3645
4181 6547
9726 3123
1776 2324
2065 6408
3556 9622
502 4068
738 5346
4924 5163
6313 2749
790 5276
1138 7460
5540 3674
4460 1748
9530 4846
1231 4070
6407 4598
4868 5505
2271 5560
4210 1511
699 7116
1595 5035
4178 5341
6491 2885
4119 6585
2758 8563
1533 4413
5449 2243
3664 4064
2452 3532
3228 1813
4362 3539
2381 9506
1900 4224
279 3771
1143 5691
8973 7678
5277 7514
1681 2315
277 4084
9452 2944
546 4129
2198 4429
2891 9311
5215 3118
504 3098
1598 3885
2459 9156
6066 2853
643 6416
9089 1832
1004 1025
4104 1945
7816 2907
3561 5391
1858 3566
7264 2412
816 7408
6566 1436
413 2939
5208 1897
820 6066
2211 7634
8954 5701
1317 4657
2032 3727
9056 5074
2813 3874
7270 2348
9445 5133
3778 5361
2049 2971
7272 2766
6045 3274
1228 3947
4643 4195
5859 3794
9956 6117
9929 4702
6268 3733
3833 5427
8500 4190
2516 6032
9445 3713
4966 772
1225 2574
2109 4082
1926 7496
4171 6343
2526 4370
1957 3795
2300 3222
1279 2666
328 3258
2888 3401
9381 4078
1624 2310
5513 25
4835 5443
5266 2530
3460 7108
6686 2682
8962 5290
1462 2662
