3671 265
1780 329
5219 2930
696 5850
1761 8736
5179 4532
9877 7233
7973 5854
694 5031
366 5989
1629 5273
7496 4990
8369 6870
9457 5371
6859 5183
4896 9716
1741 4278
7730 6343
5209 3122
7513 5829
7336 2898
7633 7313
7233 8026
9400 7829
1355 3424
3652 8733
125 6523
5401 8032
531 7220
8081 8128
9226 5991
1146 4207
9861 2557
7523 2625
6051 4614
8169 8496
146 7512
9503 6650
8206 6694
3923 5952
574 5478
1188 6958
7224 5303
8619 1490
261 3706
9484 6237
2 5252
9295 5983
303 4435
596 2473
464 5719
9858 6078
9863 4207
3707 662
9194 4695
7490 5040
2208 5833
9475 6956
8895 3928
9693 9012
2523 6271
8471 2517
1478 8095
5472 4645
3351 7689
1788 7079
6924 3447
4407 892
5455 9705
9275 3376
9060 4116
4749 2974
7143 5309
1250 4151
7454 6937
5343 7523
2539 7514
6137 2932
1039 7369
8022 2955
7600 3055
3730 4697
9908 5121
1310 3402
6078 667
645 6822
9747 3721
8565 4798
7216 7504
9017 4769
5747 4862
7053 7900
7980 6871
6945 2445
1754 3118
4216 1715
5373 4922
3174 9871
9083 7846
6808 3625
8434 3626
7013 7548
7405 5192
1147 1160
5511 5911
210 3307
7659 8283
1934 3602
7452 950
1021 8757
8870 6444
9464 2954
9462 6319
8134 4044
7712 7689
6854 6773
3812 58
2791 387
9736 5511
9603 4731
9300 4968
9932 6883
8003 4993
9520 7451
9698 4995
2092 6685
896 7400
8824 7375
6318 3914
6791 4753
6955 7067
3624 3380
9805 6253
612 5947
1463 838
3127 9493
9763 4041
871 3425
7431 4808
1240 5107
8973 5224
473 7198
9700 4021
2758 8463
8566 6386
1110 1339
4507 6975
6883 4557
4570 1276
6132 6616
1042 2228
9869 6915
8163 5768
233 5878
5989 7583
5995 4270
8763 7084
3620 475
8373 3628
8912 3784
6257 3870
331 5635
8982 7793
2032 5312
2043 4009
5732 6385
7029 7769
9665 4533
9706 3231
7485 5910
7293 5102
643 6693
7859 3375
889 5531
9076 7786
4084 2002
9341 6238
462 7300
854 5262
8072 2728
9126 5001
132 7007
6565 6309
3578 9894
2878 9802
9305 3273
106 4730
9336 3535
1428 3593
917 5741
9860 2894
9972 4694
7123 5818
9350 5950
6131 2693
8777 5908
8000 8184
7159 6018
5530 7916
7299 7319
7462 2251
2083 3947
1633 5306
5670 3664
7521 4808
5779 3580
7843 2882
736 5292
734 7583
7605 7556
863 8133
8356 5627
1855 3539
1901 6395
2564 6318
363 6373
5346 3279
4332 9273
718 5783
1296 7053
9765 5351
2987 4294
1100 7654
8377 3071
8336 5016
356 829
7265 4441
671 5707
6648 7371
4994 645
293 6420
4153 2500
4286 5095
6637 5811
9642 6094
54 4283
2526 8663
7989 6332
803 7677
7613 7631
9364 6625
6876 3954
5195 6278
8160 5158
3245 9042
8958 4491
9542 3468
714 4325
7308 5737
6072 4946
8506 336
2289 8737
7694 7102
1478 4208
6122 6124
7854 4449
6881 3552
6033 1576
9234 2978
1689 5303
1298 5427
1845 5825
7047 1863
173 8844
8320 5532
9503 4847
9109 4789
1032 4499
6850 5626
7437 3217
1180 5965
1472 5975
7233 5800
8710 6626
7843 3523
173 2531
806 7984
6126 5982
8030 7797
9991 4395
4038 1048
1180 8292
9370 4304
8842 3510
6565 6154
1356 3962
8560 7998
8628 3285
5620 471
888 1084
8756 5011
9550 3709
7626 5061
9674 7289
7552 5651
8981 6050
9849 4270
7284 5589
7570 5327
370 5026
955 5716
9933 5441
7319 4015
6980 8094
5259 4832
6238 4168
9376 7320
1128 3941
1710 6484
9819 3734
8920 4602
5951 5581
7483 9074
5345 5631
7454 3287
8091 5955
1596 8475
5398 3162
1751 4980
9908 5236
8844 5393
513 3371
8289 5665
7339 4486
8536 7986
9178 2376
6189 5601
818 2444
29 7208
1150 6282
7737 3732
3522 1386
8478 5551
6864 5146
9648 2931
1095 2675
9688 5228
1519 4755
7939 4855
9564 7407
8262 3284
8803 4151
8803 6622
9288 3182
8884 4004
57 4524
132 5875
7808 2798
9340 7761
8382 3222
9921 4396
2945 1499
388 4507
7242 7252
8540 6014
1687 326
1497 3463
1505 4370
8880 6082
6298 4716
2034 6328
7624 6554
5374 5670
8444 4087
2257 5164
658 8671
6617 3129
3520 5271
2486 8788
8778 8151
680 5577
9267 6073
7264 5191
1545 790
285 4144
590 2147
8894 643
8266 5513
1330 4019
7965 1064
2839 9442
280 4834
501 5476
6232 5412
8509 4211
558 5061
5513 5707
8394 3699
7896 4069
56 4661
8719 4560
9750 3341
7467 5658
6324 4969
7788 6131
5398 5743
7721 5385
27 4612
9808 5753
6957 5574
8395 5905
7929 4120
8062 5296
8891 3961
558 7909
9456 3891
3680 8093
7078 6870
3023 4958
460 2513
6197 2291
7616 5498
8515 3584
6629 3376
6389 4685
8606 7625
1736 5024
6575 4546
3618 3931
7656 6226
525 2776
7455 5391
7357 6424
9894 4768
8223 2774
7766 6214
7297 4167
7646 6545
1007 5683
6367 4800
5710 6983
1133 4977
8441 5467
6017 5343
2156 7290
9299 5507
337 6373
851 1728
9438 9305
7504 6335
5115 6666
115 5878
302 1823
7344 6044
9527 3411
622 4757
8133 3760
8595 5264
6783 6403
9629 4438
2747 8535
6136 6839
3008 5021
7213 7295
1996 5216
384 5406
7856 5311
7292 3158
8040 4741
8955 4074
8729 1705
5980 5028
438 7304
522 6153
1213 4829
3779 9909
8853 4746
8071 4027
8903 5241
9746 5363
2552 5331
6659 3088
8863 5442
8931 5177
7285 5872
9493 6103
9865 4434
6630 7100
7180 3869
5404 4800
5685 3888
5003 6609
6019 9017
7870 4697
8563 3730
1576 8668
482 1892
675 5176
8163 9785
9020 7200
9371 3760
6183 5854
457 7927
8546 6669
8678 3945
8929 6407
5385 4772
1092 2696
3785 8634
4198 4324
