1690 6214
2518 960
5497 3283
9048 2162
6249 1746
3949 596
285 1440
4418 1331
617 1114
4222 3360
3097 1017
870 2224
3489 1123
4697 382
1874 759
785 1884
2054 308
3003 9515
4345 1903
4320 1828
3581 8835
1246 7053
2057 2304
4935 9527
1353 1303
1515 1036
668 4974
1415 8426
2285 7360
4497 9993
1172 7234
1336 1344
4735 5193
628 1904
6769 1632
2886 1117
9896 7902
7099 2172
3724 239
3043 8499
3794 2787
40 8909
5022 8251
2190 855
5917 454
4865 2144
2943 958
2587 1570
5385 709
4555 6286
605 1242
9435 2700
2288 465
3634 8935
1583 960
1933 902
1272 9796
1694 2853
1926 3239
3140 6203
1942 1414
1703 4250
8849 9922
3340 1529
5877 1203
310 8261
8257 723
4548 608
1184 9301
5704 732
3378 8978
3581 926
4027 8996
1675 3406
3539 3171
1636 7835
8550 7513
5215 2782
949 2200
1837 1436
2589 8530
4793 2006
2746 9816
6058 2275
151 4053
6052 1270
1976 3985
4942 2381
4717 1616
2126 3817
9281 543
2440 9498
3868 3885
35 8820
3375 1490
1409 8340
1736 2319
4911 1585
2722 7365
192 667
880 259
3061 15
2076 8440
4474 1192
5143 3413
3230 982
3020 3387
1427 9418
1981 9199
406 887
3262 6798
1189 586
9810 2554
2688 2352
1000 9457
9681 8739
1552 1995
1429 4368
473 4049
4398 1687
1389 796
4857 7067
2189 9614
6434 4224
9496 1078
1027 9959
2209 5117
9970 597
9100 9098
6089 7945
4401 1742
963 525
4858 1410
474 9104
2402 183
7717 992
281 7486
773 9684
8615 2618
6177 1943
5219 5101
7476 4065
6096 2116
1590 8792
4374 1333
9753 9369
5143 3641
4244 1223
968 1902
8208 9042
8054 3004
887 2224
4535 240
9418 88
1137 529
9357 1915
3013 723
8724 202
1771 3412
4214 3070
4861 3546
1925 1264
8554 693
701 2335
6193 3585
3251 896
8799 2285
1677 1418
3371 3185
886 9043
8885 2635
4439 393
6439 873
9460 7799
1107 9969
928 921
2694 2790
363 493
3711 1496
3582 628
2632 9877
7249 2431
3156 1023
4620 2664
1804 3355
7012 1697
4318 6905
3126 7770
7759 7233
2877 3777
929 1272
9373 1621
2212 7615
6745 5215
6412 496
5168 2501
2309 9866
5675 3119
5110 2434
899 327
998 208
1607 3043
278 565
4218 5483
4591 9026
1550 9342
9773 9305
9163 5193
1446 6908
3990 4181
8295 2341
8521 7370
1075 9579
8660 9035
2804 1590
6930 1365
5968 2284
6066 1925
5839 8033
7850 535
807 9126
9176 167
9858 1513
1164 662
7727 2706
2068 3274
511 9478
1574 762
2604 374
5569 6582
1622 9716
4964 2414
1505 7968
9104 1032
9977 1353
5147 1632
4066 9522
2099 9893
236 9022
843 3046
4068 1248
7470 3296
1182 2103
5086 593
8882 8706
4898 1296
2577 352
2877 8875
7676 3922
2833 448
509 4701
426 1149
3438 9320
3120 1948
5996 4435
9825 9845
2424 2253
9278 1737
1722 9407
1063 9442
2085 8821
115 1637
2786 3792
6087 3524
2112 3271
1487 2316
3097 8352
362 2188
8577 1402
3393 8490
2891 8768
2447 9960
1092 7155
1501 520
1145 9354
7637 4083
404 4130
4656 4112
7137 6515
2274 1742
211 9724
5044 1237
1512 4830
2969 1666
2461 2013
2435 9707
4502 1448
8453 3540
6312 101
9284 161
974 1133
1815 2643
2105 8996
1523 4866
2855 1262
9376 8911
3425 1244
2545 8931
2053 2807
3785 8451
2511 387
2346 4539
2391 2704
9427 2070
4576 7516
2293 439
5357 8081
4236 1589
765 1516
1344 2788
4187 5605
7554 126
3566 172
3062 1703
8420 887
6379 2203
3002 8330
6531 1708
675 8901
3436 7502
2695 1887
4627 1317
2197 8719
2421 9506
4225 2832
1837 9962
9586 382
4030 2760
2941 1237
9772 1174
3606 864
4279 1118
806 9892
4632 7810
926 8249
3100 1913
9977 5502
1807 6030
5530 4588
4370 8304
3337 2954
4953 1324
7059 1687
9577 1357
1669 9726
8889 2506
1938 1814
3356 1740
2097 2454
4244 3096
2391 1759
2302 9238
1074 396
4232 345
1762 2585
4666 4011
9622 848
8394 8283
1425 7774
1544 403
82 1444
9741 9771
1292 1014
3800 9607
1392 1199
1458 8729
2975 2034
5291 3156
3590 3488
38 2197
4949 414
799 3570
3409 8836
1531 505
8746 1899
293 9476
4134 866
9734 1402
2131 9616
5190 485
1421 2924
1368 2302
1037 9741
2017 362
905 2379
3593 9523
9291 2229
1984 9737
5447 1147
2422 2500
1650 8000
6140 1519
1904 3733
9646 9232
4580 9829
4350 327
210 2383
9835 555
5363 7861
4692 2827
1088 7078
1903 475
4091 773
6462 4921
2894 2957
714 9380
6505 718
9532 1806
1545 9546
352 2035
2298 2028
9504 3410
1374 5710
1808 489
6257 2556
2546 1995
230 8247
774 726
9581 3131
7732 605
9791 3197
464 1207
3975 5526
4438 7084
8148 2600
2915 814
1186 7729
3599 1577
4521 1632
4389 3557
2731 1645
2886 1012
2771 369
9458 9310
1525 8353
2003 515
2981 9758
2892 3175
2215 9968
1324 739
7778 670
2171 2826
2347 3079
7382 9328
5327 2258
600 9460
962 251
4865 7017
511 7405
237 8334
4341 2581
7929 2016
498 561
5552 246
894 8640
1778 172
9837 9728
2731 840
7426 4024
8032 963
9829 437
3178 1407
8717 248
2446 8956
1623 2625
1490 8359
642 4613
683 9718
4438 9419
211 8438
2733 9143
222 6232
656 9728
6443 2435
2367 284
1888 2263
4532 1209
5252 6810
2320 4382
2017 9156
4385 1303
5725 4644
8440 1274
5439 9372
468 115
666 2058
1176 9655
406 9993
3640 2353
4620 912
3531 896
1256 1618
9202 540
9331 8925
2606 1446
1167 2452
985 3882
3610 362
433 1590
9519 85
