7495 8818
9189 3593
9668 2792
9603 2308
1947 7914
6519 8441
9734 9836
569 8518
9169 4038
5238 1887
6273 3528
6620 5701
2770 3813
6392 3479
63 2941
7373 8419
7335 1900
1406 5326
7524 9244
3781 5496
5272 5919
7021 6292
3086 8336
7170 1433
6031 3109
3859 2383
8016 1462
5216 2259
9167 3076
1810 7001
4283 1416
5162 9872
2588 1908
2502 4785
1641 6424
1681 2924
8039 435
8002 3140
3057 8421
4480 9038
3967 5582
4158 9890
9948 9009
6028 2685
8877 1143
9392 9951
1063 1208
7246 5094
6692 7927
8941 6497
9796 1678
7006 9542
4411 374
2674 6809
3311 7110
1424 2257
58 3226
5312 7564
931 5195
9637 9754
6164 7664
8339 8890
3138 6553
9350 136
8846 6753
644 7258
6463 739
8941 5468
2519 8112
6855 9247
6529 9333
7166 7986
4095 7200
1048 8278
4462 8543
5845 5430
6839 5385
9554 9841
4724 2047
8563 3706
6792 5124
3984 953
2850 4532
7419 2244
8746 3242
975 4837
7206 5416
887 1755
8013 9664
4781 8543
3947 1080
5872 2698
4551 7592
8726 7223
7027 444
3530 1267
2265 6767
7037 4677
2885 7671
7141 1616
4402 9464
3155 6848
8317 7051
8483 1839
1747 5236
8320 411
1344 7094
9364 7753
3662 3521
8274 7354
8843 4482
3703 1734
371 6951
492 3305
7151 1265
9831 6456
4859 2343
69 7125
5723 9996
3649 9863
3568 6393
5825 766
4282 5309
1709 6804
2704 6566
6229 1762
3099 9725
7475 6457
2316 5505
7069 7337
5647 570
7322 4557
2674 7455
4696 7029
2015 4372
9453 3620
2874 5652
5118 8079
8364 8717
6517 355
9577 7856
6674 418
9817 7963
3963 210
7066 4335
2684 6867
3642 5506
2135 2725
1346 1262
8848 5468
3760 268
2166 5440
4286 970
2851 6324
7845 1192
544 9717
4197 4870
6592 4918
5542 5248
655 9999
7292 9229
5871 8712
1244 5128
4960 8684
9120 1749
1973 7879
6351 4074
617 6854
1741 5943
7523 2080
6450 6420
492 2491
8570 8515
7829 9591
6869 5348
5696 67
2367 2869
403 4786
6418 5174
7472 4567
1846 5736
2141 6160
8627 8021
2993 8762
8492 7787
2785 7412
3921 7698
7012 4350
4841 9086
5914 545
3535 2122
4823 1490
7957 62
1377 5931
8350 7721
2060 4612
9702 6588
3635 2752
5016 6360
2732 1645
2461 4309
2594 1702
5124 7363
3937 3468
8658 9670
2794 4235
6626 7041
2762 6390
3259 2995
3895 7910
3193 9713
5526 432
7364 1884
351 7862
9993 9226
7255 8402
128 8598
6459 6900
9482 2505
3306 7631
2688 6962
8567 2861
8765 7154
63 4969
4500 548
6106 6242
8043 9384
39 3183
2282 1584
8234 869
4875 1266
783 3726
9480 1125
4150 7354
1659 8613
1472 6154
4034 8729
1337 5453
6789 4690
9024 1101
8473 1654
9477 5656
3728 5266
8768 2981
7523 713
4282 8830
7960 9489
3950 7045
5377 6064
4128 3933
387 213
878 6708
5946 1135
181 5886
6320 531
4216 2990
5977 6217
479 8954
1668 3724
5980 1393
2376 5635
9207 2417
2663 1527
5959 5629
258 7930
1124 4936
8232 498
9351 5390
6559 7750
1284 9247
8990 8435
8933 7901
5590 5902
5831 6782
5731 2503
2909 2360
9310 9428
642 1634
365 831
7272 8863
1321 3899
4500 5103
7883 7049
804 2199
8473 8330
7253 3593
7797 4749
4988 6763
2792 975
1381 8883
7482 8291
2298 3621
2010 9979
4205 3394
6415 4727
2705 2566
1033 7391
2332 6332
3407 9668
41 1377
8089 4795
8002 5266
6208 1395
2312 4068
9949 3287
1549 4540
9796 3957
4260 1725
3154 2495
3230 5114
2909 7670
961 7515
3424 5254
1315 9068
5967 3678
9856 6061
2488 3503
5378 8467
8536 3650
3085 613
8324 752
2515 1214
5734 2927
9550 6143
7126 82
5581 7245
2886 4699
2786 420
6684 8782
52 878
3815 7484
7979 9339
9671 547
2100 3061
948 8767
1764 5906
9331 8682
9086 1196
2049 6542
8841 6460
7378 595
3723 5936
2753 2704
3757 9205
4503 269
2818 6751
4686 8393
4543 6358
4813 6609
193 1523
6607 7664
5070 1939
9511 9417
9443 1954
1279 5860
5481 2476
7749 3503
8193 9160
8910 9066
2861 6587
5379 5583
4160 7379
4609 6815
7919 527
8853 5899
2492 1091
4822 543
3396 1470
4090 5612
6033 1259
4814 688
8224 525
173 7408
1981 3248
8735 8396
5169 6267
8215 1837
2358 4892
8976 5084
6507 4781
2473 6608
5739 3777
7798 5615
6811 8863
9297 6707
4257 3003
4354 8049
2397 6973
2968 2386
645 1908
548 1072
2815 4773
1044 202
5898 7989
3487 992
6912 2099
3103 2049
7092 5327
3628 8686
4351 2238
9541 288
1143 4116
9120 2110
7604 7183
6874 1169
7706 4988
5649 5155
273 1883
289 9308
231 6078
3876 3433
256 9549
2859 5480
9254 5573
2642 2742
7277 7471
3848 2138
3523 8754
747 9899
8694 4436
2849 3318
2677 3639
9605 2407
3912 8157
7702 142
2124 2999
3670 8800
3181 4560
8256 9323
2020 2789
7502 4156
1992 7822
1562 2914
6341 9466
2937 4855
8029 9927
3379 4014
5615 7623
1616 9557
501 8549
4024 5612
4473 6280
3653 9906
5530 336
1043 3755
9569 8585
4438 9300
5864 3897
8860 6328
3942 2708
1556 8459
349 7615
8597 194
491 6158
2230 3714
9268 4810
3494 473
4205 9601
1067 7266
6657 546
28 4298
4726 4110
2023 611
599 6603
2580 3018
7916 1549
4216 8963
1468 218
9941 6790
7475 7832
8538 9516
3906 2897
4151 2445
1892 820
8743 9558
2505 4946
6525 3611
3846 9802
2452 5330
2877 5739
5027 4717
1514 5721
5920 666
5639 5998
8894 6047
1674 9978
3210 3562
7674 2402
774 416
7971 4086
3118 855
1184 6596
6659 5035
1682 1598
7704 4496
868 9505
755 6190
7980 7280
8294 1994
808 7248
2290 2271
2168 8182
8232 3074
2117 9766
1889 7180
594 1635
1 1288
2295 3118
6387 2742
820 5937
6187 2299
7369 5432
9499 4203
8600 5977
3982 5996
486 1073
196 5530
8037 1946
766 8446
8909 2547
1279 9596
6552 8593
4181 4902
947 1157
9121 3043
9830 7048
8320 7338
5862 7072
3364 6495
8688 5528
420 9862
7392 7105
6521 7302
4869 6444
6231 8641
4629 9662
3985 4456
2698 511
39 4419
9917 398
2899 8210
1393 6185
9383 9244
7219 3677
8067 1263
2116 9707
2040 2896
8041 3358
2166 5116
6980 115
5609 8999
3040 8371
1591 2768
7375 910
749 3239
9548 4719
4427 3004
8989 9936
8436 8192
4428 5592
9474 1252
6448 5233
2868 9445
4738 3521
7265 1690
2041 2833
4705 6889
2947 1345
1227 7860
330 8234
1067 4344
7496 665
8562 2665
4513 3686
4372 7628
5963 1475
6981 5323
4971 1135
2400 2798
2944 4192
8695 5693
9634 1084
154 3852
1495 5401
2830 4188
4177 8035
7504 6532
9244 9160
5032 6749
9171 6961
2540 4507
4214 7047
2735 262
5715 762
5376 9936
4628 4929
7234 2726
6258 9241
9945 3038
2464 9994
7273 6635
7470 4696
1196 2736
8674 7588
1691 6251
7276 373
515 8265
3715 156
1856 9436
5110 5221
2593 8265
2941 8606
128 555
6962 9735
7834 9515
7396 5924
3216 7517
9654 3770
327 1011
1864 2633
4275 4383
6200 8872
9124 2567
9938 3547
1854 9121
2224 7662
4086 3055
2608 7755
8972 1606
1864 7337
2961 9200
4837 9665
3185 5143
7696 8683
2219 2299
4754 8685
9869 1726
709 6549
4515 8412
6909 6735
762 2781
2056 9511
4628 76
6145 3617
8992 537
2449 5888
5536 9251
7029 7392
6314 2370
313 3476
5749 337
8770 6486
2189 5183
489 3293
3385 4706
4725 1433
3217 6699
3144 52
8391 1623
5690 2255
1922 2206
4737 6938
7512 6768
6067 7593
6238 8903
4169 1004
1490 8992
8451 7519
6323 9621
2140 3871
2662 2635
2636 7174
4537 7016
8720 5038
5708 8023
9290 2194
7388 6823
3998 8059
559 876
4074 8036
8595 9863
6936 2650
935 3854
3040 4905
703 1652
7622 2806
6791 1993
725 9404
8177 1277
4221 1257
3142 5059
6347 1727
2590 4048
4341 3406
4819 6185
2807 7689
6517 9603
3220 6058
4164 7831
7718 6184
4369 1936
3953 7867
3919 4180
3743 976
8144 2658
5800 288
1478 3765
7829 8928
5519 4399
8663 3986
402 9262
2818 8247
5674 8541
3038 931
6761 8535
7638 9980
6011 8702
7211 8753
8899 1886
8815 3235
5497 5619
6260 8787
3275 2155
3584 8432
6781 227
8804 4357
3346 5760
4641 3797
2932 7042
3190 2233
9009 5827
6646 2653
2585 6827
3318 7504
2853 314
8824 4210
5159 223
515 4314
544 7090
8900 4446
649 876
1220 5442
2883 1016
1526 2241
5513 5294
8025 1250
9993 188
4168 2948
2970 2085
2992 2509
5419 7245
2426 3666
7942 169
1403 7787
2312 4309
3249 3828
9407 4008
4208 8115
7152 2106
5215 2756
8628 591
5769 3669
1594 5615
7996 9957
2969 9957
1737 1243
3093 6716
2670 9404
2394 4216
7142 2070
3424 5284
7693 7951
2588 6818
4730 5563
3415 4817
6720 1959
1851 8156
1698 9235
7188 3632
5981 9869
1819 2053
4444 6279
280 4281
3785 6076
1544 9671
5268 6815
1613 883
5782 9925
9926 4959
4245 148
5178 7263
706 4407
910 4960
8792 7900
6726 3799
5192 8509
6183 9033
9958 2049
9947 4362
3683 9039
6216 1006
5998 2086
6780 9697
6039 5758
9827 6175
6701 4547
5050 5127
9701 6045
6986 7825
3548 6617
8397 1256
1755 7769
9855 5038
809 828
5747 8120
1112 2070
2243 817
4436 1148
63 6008
1982 1508
3037 9933
2221 896
4002 9285
9335 739
8049 4697
5076 1612
6042 3571
6168 3140
2024 3914
780 1700
2905 792
4122 7001
739 9027
5057 5180
7552 9287
4112 818
5502 7992
2646 1718
1059 9620
9161 1062
7018 8517
4197 642
4466 4046
7176 85
771 3075
5719 9018
101 8446
3529 1504
2450 360
3995 7179
7428 4754
3569 7327
5813 598
9908 9654
3504 8924
8056 8780
9349 6231
6506 7713
5309 7480
8852 586
2546 8415
2836 9148
704 2383
9395 1786
2928 2330
2234 421
2311 3902
2930 3413
2591 7254
7769 5577
1359 8550
943 4480
4818 7373
2602 6482
5842 9413
3421 1453
3911 5091
7109 4084
8247 8450
4391 8706
4645 5733
4126 824
7004 6124
2008 2445
6485 4522
2198 6361
1135 2938
1700 123
2190 6366
5044 2715
1128 8012
9143 7860
2712 6600
2144 4193
5195 6798
533 2204
2727 3629
5321 7700
4537 8280
8643 8306
8889 1784
7848 1152
7611 8635
3010 6559
456 5794
478 2295
9018 5461
7349 2079
8942 3516
419 5345
1718 1317
270 6961
3241 2376
8829 39
7047 1139
2491 337
3594 4876
5300 2533
7145 5165
1827 2392
7431 4777
103 3186
8786 8476
4808 2708
1948 8469
4731 2781
6520 3953
3836 2292
7211 829
7920 1805
2382 7349
7297 5469
7009 3345
5064 9751
6638 3527
7297 6381
3292 5175
4650 7887
3303 7823
9050 7902
3455 4424
8071 3627
6884 79
4734 6672
3185 1558
2313 9851
723 8223
9833 6181
9015 6470
4988 8812
5069 3791
981 1446
1227 8003
6136 530
7778 3666
9072 5710
9056 1403
6245 7109
4968 4818
9667 7564
892 6063
5125 5537
5118 7713
3014 778
7368 2855
6833 4646
3515 2866
7939 9236
4178 8570
6938 1986
6203 8707
3949 2996
7389 43
9819 4030
595 2663
5659 772
1557 2922
6490 511
3982 8124
1123 195
4414 835
8534 6003
5446 8868
2971 7600
41 4248
3471 8731
5523 7501
3108 6037
9468 5507
3341 7417
7066 3443
1817 9279
4072 1220
3045 1249
8802 835
2177 9841
7142 45
9214 2100
3761 3420
9080 2118
