7843 8113
7658 5825
4194 5135
8448 1362
5265 6204
2801 107
9840 3721
5011 6306
7759 5984
996 4979
9551 6346
8906 3390
3831 5061
3436 6872
7961 1908
209 8657
8597 6692
9803 9517
2565 6660
4939 6951
5588 325
8511 7601
3212 8979
4697 4565
2278 1490
2617 2753
5105 338
1459 1307
3861 348
7888 4431
4426 7723
9272 7522
8006 2190
8788 4193
9062 9784
6997 4250
5924 9017
2249 9196
2094 3224
6324 5671
8986 6527
273 1852
6753 9915
4949 4651
1869 1821
228 1301
8048 9114
6566 6781
8369 3455
5357 8515
1065 2319
3979 1791
5429 2362
9684 781
3632 3135
5409 797
4477 4130
4534 6232
5843 3133
4081 8730
3083 1504
4736 8918
6463 2469
9175 940
2863 1757
9077 2732
7233 819
2601 2651
1105 1457
4348 5556
8614 9921
8204 9092
9530 9219
2099 3743
4917 7946
5582 8080
9818 4182
4985 3898
5876 5000
3231 5972
3123 8007
1471 3765
3553 2069
4301 4443
8277 5006
77 5822
5280 3186
1426 4135
9712 740
6558 3263
8943 4448
3664 7125
6355 6467
8248 6961
7121 4163
4460 5384
2781 2595
4312 8487
208 9661
7947 9175
8344 9894
7305 793
3394 723
1851 5595
6219 2094
4293 1838
7533 5285
7542 913
3154 2709
2996 4496
7387 9777
9395 3665
4107 8737
9993 6747
3093 2308
8149 1172
7705 8869
3484 1546
8944 1016
1711 6734
3829 7188
2405 5354
2301 2246
563 1397
5606 4343
9619 9812
1816 6378
4984 5519
6694 3277
9167 7891
8626 971
498 2975
3089 1147
3344 3988
1002 1035
1086 7859
1391 1423
2281 308
9036 9622
9385 1953
3941 6876
6081 9605
8996 8893
2327 3075
6881 7151
578 2275
7075 8575
6304 2133
924 6228
8165 5874
5040 7607
9776 9270
1576 641
589 6342
6480 409
2113 3982
4159 1689
1019 8061
7891 2053
5070 1488
5688 3874
7079 2184
1721 5044
2588 7271
1956 4672
8884 9618
1306 1329
8205 3161
9441 7168
2462 361
9214 3742
7353 5681
8552 4306
4084 1313
4173 3200
1101 5982
8079 6319
5401 9558
5951 8570
2246 2570
715 2410
6068 1763
4453 2427
9495 6775
3983 6688
9465 6069
4845 2155
1849 9533
1494 5949
9483 2856
1812 8748
7680 5303
9207 8025
2672 72
3462 48
2824 7488
7544 1824
4897 4840
2746 8499
4037 1340
5553 2274
8362 9528
2395 1340
9020 6514
8610 3461
398 7281
7518 9926
7913 8259
6727 6544
8167 4212
5551 870
4613 587
6303 883
8149 1683
6430 1589
4018 6058
4751 7629
4784 2522
8510 4551
8452 5522
9990 4232
3078 3361
9780 6485
3738 3627
7283 3518
4661 3638
7046 4984
7944 3492
1500 3772
3110 5644
8345 2524
4660 6064
8818 6747
6016 1347
5025 9939
2294 1176
93 4578
6098 6749
3606 3363
5223 1320
484 8777
396 689
2914 4551
2698 8054
7673 279
8622 8534
9260 8394
8036 1252
4164 9225
7993 2450
9078 3844
1419 396
1432 3722
3214 6505
8854 2122
6531 4781
1136 8675
4859 472
2763 8128
1746 8357
2473 7773
9320 317
4294 5380
8764 5859
7544 9295
4155 9679
1851 9196
704 697
5464 5924
1970 3918
1709 9219
5876 4584
5811 8112
5121 1011
189 614
6144 682
9832 6391
7827 3441
1986 2461
8548 9007
1596 1232
8932 5326
5539 1371
9135 392
3962 625
5163 8439
2415 9228
2422 6015
1011 1082
7251 4998
7322 9717
8713 3161
1356 6351
130 2236
3476 5417
1853 2727
9418 5475
1317 1911
878 3688
5765 1072
4358 5158
8360 8492
4980 3106
4881 4543
8253 8667
3713 3151
6815 132
7954 8389
7045 8142
6573 199
3089 1895
1618 6881
2786 2370
5612 1482
400 3920
9825 7641
1216 6968
1458 5059
2976 5401
8346 8611
9071 3503
4296 4145
7046 4439
6404 2986
7844 5331
3585 633
5807 9012
2247 5493
5698 8211
9589 1798
6924 7079
5092 6842
1281 7753
9755 1538
1090 9363
5133 6709
1592 8917
9987 1515
3335 3981
2082 9455
3256 3041
3847 9525
4786 9243
2146 589
7744 4462
3690 273
6031 4969
4753 3040
1492 6471
1622 9717
7624 8347
8379 799
3405 1708
156 9296
5685 2611
2672 802
8397 844
9892 4437
3330 2846
9449 9371
8964 7734
7937 2409
3342 5691
5575 7035
2229 8207
2642 8098
6043 3515
6824 9175
8907 5897
3092 7660
2470 9810
4417 5180
3627 8331
4813 9857
5375 4822
2629 3329
8922 2233
8498 8349
5531 5716
9000 3739
1465 8890
4160 5029
6507 4125
9266 8297
6615 8390
481 2065
6228 307
9164 8923
2906 3332
3544 8418
6473 8077
3881 226
1523 7357
3701 7349
2024 9774
9820 4151
9637 3401
5497 5686
8202 5430
7277 9430
1639 9783
2716 9178
7572 9198
3059 3830
2220 8099
969 284
3921 3575
9579 6843
6930 2659
224 2363
5521 4359
5729 852
6767 8779
3834 5529
7878 6537
1800 1609
401 8350
5381 5349
282 1559
1584 3058
2385 6329
2272 4722
2663 1736
3247 9115
5772 4196
8504 5754
6285 1847
8769 4862
6945 2262
7840 121
4582 152
7644 2290
4353 1510
5597 4200
6125 3691
1153 1501
1443 2166
9578 9564
2204 9565
5858 5400
1580 5945
7503 3855
4574 1325
9450 9662
7737 7576
9601 6951
5761 3023
3227 9681
9086 1828
9611 2934
2985 2420
7397 6991
3605 8144
5451 2052
8065 1501
9556 1457
2088 9753
9824 4228
4518 801
9129 8956
334 4090
8463 9760
7045 2097
1489 524
1444 144
3931 3335
9877 3098
85 4944
1291 3834
3258 1787
7066 4133
4736 3885
6015 9812
6782 1085
6013 2560
1736 3537
3519 2600
6957 5138
6284 5894
9355 4288
3288 1684
4879 4171
1573 4333
2197 3612
7101 9441
9239 3448
4727 3247
1519 1082
2961 6268
8079 9882
1824 4198
8191 7252
3419 7878
5264 500
8102 1500
3326 5206
5626 1072
4972 6079
538 2661
2067 9792
8141 3953
1657 3621
6823 7748
1322 2239
1227 7838
4768 925
8445 3708
6575 8320
5997 6632
4207 6123
2239 6368
800 8933
7140 3003
7355 7101
4780 252
1429 7316
9006 8318
1760 5219
4243 3202
6372 7579
5196 6991
182 1448
1090 7725
6275 9870
2906 2764
5605 5856
6504 3048
2812 8489
2643 8150
2249 1578
9800 4944
5567 2092
9786 3041
660 4748
3671 9266
4729 3049
7344 8888
4486 3291
5114 5084
8827 5206
4615 7234
1514 2166
3854 91
1181 4190
1868 281
4746 6750
5926 9474
2835 1778
9262 1994
5461 7150
5544 8060
4854 205
2333 1311
7200 4288
1992 7672
7752 7406
3021 9116
9264 8855
2211 1443
749 7808
8281 9095
4227 290
2991 8050
5389 9354
3150 3357
4011 3942
8814 262
8879 242
7832 2267
5956 9837
7517 3204
4239 6555
5099 6519
7454 4307
161 8833
208 4564
9607 8574
441 3783
8307 848
8630 297
1781 7600
5504 7507
6393 6842
1394 5870
5492 8683
9153 8907
179 3899
7959 7615
3227 1147
2657 7499
3969 134
3027 8539
7684 2401
5274 4686
487 2950
9512 2518
7425 3489
5877 3169
4269 4623
9477 8985
2415 6937
3442 3106
5452 2715
8686 5612
4969 4989
9946 3560
5039 358
7569 7154
6471 6217
3412 2562
621 5039
7155 1278
1120 9790
2884 7946
6146 6942
8397 4929
6436 4291
2287 9762
6568 9313
4207 5416
5527 5145
9453 6543
8197 5932
9913 8352
5969 2726
1012 6586
2029 634
4766 7792
5822 9227
514 6337
9059 9194
5077 1009
7433 5276
6390 1843
4463 301
3456 803
8147 6196
3614 1914
6651 572
8646 8405
466 536
5645 4584
6480 1584
8621 9233
3452 6449
8543 9332
9155 4090
8873 1232
430 9348
9122 6784
7322 8324
6709 2090
5308 3358
2937 359
5206 6217
7503 4171
499 9465
1636 2733
9919 9315
9240 3752
9670 7537
9699 1584
1474 4150
3325 3747
9237 2551
1710 2282
8501 5255
6253 6510
4541 8163
118 4278
260 6833
2710 856
3100 6783
3578 7814
2221 9039
5351 6994
1473 8233
2033 9226
1561 4163
869 5760
2017 340
2879 5252
7194 6831
4711 5349
4625 8278
9164 1272
241 4879
9867 3495
5720 3050
3818 7404
3064 804
1444 8291
8851 9281
1678 2618
8030 6950
8153 1004
1944 9013
7570 6956
3569 4103
6715 9331
8589 1998
1211 388
9981 4941
1412 378
7242 9076
3826 2425
2143 1750
3254 9698
4709 2391
276 8005
4735 2538
8789 7392
4684 9644
9461 4416
2947 925
2218 8382
3620 7070
5281 9643
6828 3969
2822 6910
7338 5513
1653 3994
235 1151
6221 5664
3347 7558
4902 189
2738 6282
3372 6163
7848 5126
1010 4531
7222 908
2258 2267
7000 279
7267 9928
6493 2834
2871 3504
9746 3200
5218 2142
987 2848
4825 4929
8393 7931
6675 2999
7858 5521
3547 3009
8661 3163
1242 7424
8712 4013
3865 2501
185 7440
3507 1243
3483 141
3215 2950
2221 8099
6747 736
5085 431
538 4037
4180 9868
4184 6195
2108 5189
7880 3366
8825 1949
6470 2184
2412 7824
1977 6673
887 5749
3969 5492
5719 9055
5740 7439
4339 9470
3819 7112
3169 6073
9315 4540
8539 1201
7905 4865
1693 2740
6192 7447
5506 3834
2456 4587
7371 7802
4866 1807
790 2963
9877 9020
2556 4018
1618 9647
4030 4937
4561 1031
2473 2168
7502 5234
7264 8978
5950 9756
1514 370
1554 3988
8412 5791
5191 5512
7463 2628
3382 3202
4386 2347
7246 4100
3243 9917
6449 8118
1445 136
1266 3840
82 1290
5242 9507
8322 3130
3511 6479
7025 1916
2258 1089
162 3781
4708 7767
568 2581
3376 3374
1557 9111
5757 9809
1175 7886
3524 5213
8546 7233
4003 8338
1530 8837
5457 419
4016 2139
6019 15
5463 6213
2691 1986
746 4182
6588 1929
1876 196
1621 4674
7492 2812
5228 7933
5308 2291
1998 9872
5621 4081
8036 9480
3783 2211
195 7453
7425 6959
7312 9782
5180 3682
4306 5617
3758 6157
8878 8987
7955 4653
4604 7516
8594 4380
1896 1873
2546 4758
3516 1058
9548 2810
5315 7366
3980 3911
9452 7132
7356 9595
2157 6203
555 8173
1935 3139
4322 4303
4992 9183
5717 9368
3041 8348
3467 9103
3789 285
506 7066
1712 2182
3847 8103
6101 1248
4524 4675
3426 1523
5460 5034
1155 2493
3206 8955
3336 5925
2014 8401
6719 8625
9007 2967
7610 7655
6212 8272
5863 1461
5155 2439
4375 378
5160 9306
2703 2970
2726 2078
1216 6062
7816 3177
5114 9177
287 8070
9532 5179
9859 4918
9419 2102
4822 9423
5639 9834
6773 315
968 9469
1907 6608
3042 8061
7490 3021
8595 9806
9444 1786
5122 4369
2240 3370
9479 3977
684 1982
4955 2215
3816 6381
9034 7382
8294 717
8360 2868
6992 6527
3423 7380
3351 8267
9555 8829
2985 482
5121 4242
7135 7259
1608 6415
8448 6373
9693 150
9325 648
5137 5535
5567 2608
9607 6633
9278 9841
4960 3507
9176 9564
7450 9095
7647 8947
6246 6212
6240 4829
2479 8212
8814 8830
3289 1503
2021 1067
752 3973
6986 6763
6834 8862
8357 3648
4930 4405
5562 8136
4289 1874
869 5797
8281 5572
1646 650
7999 651
5439 4291
4282 1996
3751 5725
4088 7482
2046 858
3431 2355
4072 9600
3726 4914
3067 1404
3726 8935
9877 6614
967 3735
7341 5126
7022 632
8358 6465
4717 8583
551 7320
7756 6616
1609 8571
4693 9803
4277 4226
9939 960
4047 6937
6466 9984
4069 3312
1012 7049
4249 9506
6131 4667
1967 6604
7026 7868
7247 3248
4894 5390
1367 34
7405 6723
6874 7847
5775 9834
9233 8009
562 8682
7968 7834
5479 5527
5017 221
3998 4303
2223 4448
9354 8411
6479 3637
4581 5298
6578 5089
3134 5546
1054 5711
2245 3807
4789 488
8471 8054
3272 4842
722 6806
2125 1685
8805 4781
