9655 6320
5026 8802
7412 3298
2822 5801
5089 6872
4897 9978
3722 9355
1414 7298
2506 8579
5087 1853
7641 8252
6794 670
3507 2493
5872 2955
5016 6259
7732 3653
4440 8677
2576 2734
5830 6494
4703 1341
9446 4032
988 9279
2353 2307
4234 1384
4982 2339
2337 3629
3035 8775
7237 9592
9399 6598
448 4337
1011 6913
6171 8885
3991 2309
6392 2944
5142 8734
6837 832
8507 6529
1520 7284
3072 9605
5163 144
5204 8395
3699 4123
5815 1629
2771 2029
5748 2622
3324 3828
8036 7837
1640 5790
5843 3039
2107 170
3639 6454
6836 8875
1872 7506
2611 1164
4933 6619
4231 5920
3168 8028
8764 6199
9968 2428
4415 4051
6810 2806
2708 6286
2515 7301
460 5372
3277 1208
3944 5634
2667 2111
4681 6022
1198 3104
2613 5923
284 2086
2046 3588
7071 8624
4169 5819
1432 6416
1109 4325
8911 5198
2121 6391
9290 2058
5201 1307
7533 6449
2703 8943
3049 330
2210 1880
2876 658
4278 9792
2599 9654
448 234
1804 8624
796 9966
7858 4793
2014 113
5769 4253
2815 6026
3949 5061
8628 4958
8102 3460
1469 9951
5309 1766
3466 4684
1442 1882
8486 6213
573 1451
3584 3983
7341 7150
6314 7445
675 425
6982 8380
6727 4645
1951 3803
9386 7125
9011 9701
9298 6347
6823 1562
488 9077
3815 7388
4372 917
8413 8196
949 655
2298 1527
3475 9473
3424 8595
5794 3793
7943 9595
6509 1124
4951 7930
9049 6960
2158 8339
9199 2725
6363 3968
905 7397
4900 425
7854 1767
9941 8969
3261 6587
1947 7090
78 2362
6394 4148
2087 4132
2608 8404
3818 5210
1881 1897
1096 8132
6248 4606
9352 7527
8811 217
7429 2023
6406 8835
9406 6424
1660 4418
1487 5012
7566 5277
7915 2810
5253 4871
3576 7537
8694 1218
6521 7015
3378 3766
8295 2951
2937 896
204 8248
5177 4314
5332 9203
3166 3465
282 6608
1014 8629
7341 2818
3632 2617
5181 421
9056 8818
803 4235
8049 5546
4896 8492
6502 9091
447 9659
4933 1091
1135 3909
5563 1115
1590 2018
5824 3523
1559 3827
6390 9523
3398 8649
1296 4765
9199 1767
4928 3996
3135 3589
4405 5514
117 264
5167 2602
1719 4319
6440 8572
7918 2331
2245 5835
487 8940
7526 3020
7855 6085
5830 7745
5720 554
3505 6663
7288 2145
598 3852
2357 810
8440 2156
8416 7522
1591 3779
9074 7388
5097 5121
7267 1942
5457 4619
981 2040
3350 9269
9457 7287
8377 9791
1048 9278
1992 2649
782 4939
5910 2111
9564 4371
3260 5705
9156 3521
877 118
4281 2752
4134 3209
5783 3831
6586 4582
2638 7217
3202 6127
7858 8664
5624 707
7200 1363
7947 3912
2217 9057
4982 2817
413 4678
2591 1390
6513 3294
6586 7098
1074 4194
5670 966
4840 7428
1115 3009
1329 3508
8103 888
9356 8273
3403 2473
6998 5303
545 3301
1132 5560
6608 3976
6065 8634
5226 1959
3882 1406
5436 2443
1382 6000
6404 3014
4567 3980
3199 3317
8431 2932
2634 2803
2826 7403
8698 8309
1735 1419
5398 2605
8122 6374
1262 839
7375 2275
2882 757
8900 777
1085 7717
6154 3909
4743 3415
8074 2532
6783 9462
6082 7923
1486 1236
8115 336
9046 7661
3766 1343
5834 4331
4095 3239
6040 8362
8352 9325
6951 7972
3709 7615
7892 691
8214 5846
6710 5551
113 67
7707 1063
4811 3195
6193 5023
9403 9521
6147 6871
8579 2807
9731 2781
4142 5260
356 7966
2140 2802
1949 5395
2878 4299
6667 5054
176 7236
1459 5558
4714 4277
7527 2803
2898 3100
1717 8154
3002 6595
9166 281
8310 1083
1660 2668
2085 3369
2823 5141
8014 1359
5982 4978
1888 2312
1002 242
3804 353
6401 6517
6342 531
2247 789
2553 2683
3843 7695
7225 5085
3632 7768
4385 943
7640 3210
5184 244
2294 7932
731 5224
2453 6635
3811 3587
5464 4737
9577 7831
3794 6634
7952 5440
8747 3536
1718 7098
8612 2826
6802 7062
8416 1212
703 48
4946 7520
7198 7071
874 1089
1164 2249
7650 1557
161 6257
231 1388
3852 1247
3040 713
880 769
5859 3182
6976 3854
513 6434
3613 1886
4218 923
3419 4672
7866 8118
9175 2176
2921 1506
694 3220
6096 2847
5462 5094
3407 1665
7999 9541
1633 1119
2288 1468
884 3237
5416 5577
4928 4609
7961 6158
6527 2014
1463 9436
2716 4636
6627 780
8944 24
7246 5157
7035 9623
7800 2525
7918 2508
9705 4314
5183 6067
3262 1301
9070 3147
58 2386
1525 7281
8057 469
7637 3330
3634 2484
3587 7504
3386 2984
5650 5529
8923 751
2761 7133
7121 3822
7632 3480
5558 7350
2667 7098
8328 6054
1460 1586
1440 6294
9487 7910
2378 1729
4078 6774
8287 2346
9623 195
4943 9068
7398 945
2119 3046
4725 1270
3542 1439
7782 5746
2236 1654
729 7212
7976 7585
4959 3243
4917 2999
6017 3628
3556 3189
511 8728
6015 3945
8154 9010
5289 2004
9000 1757
8292 4294
2768 3586
9046 6464
9936 8931
2935 3345
9569 992
8313 2120
4289 4217
8773 9033
985 6545
9185 3388
6433 918
1277 4569
7514 2589
7908 8743
917 7304
3826 5538
6123 7693
8876 3941
4732 4652
6047 5178
1078 9500
3046 3962
3327 3594
4662 5639
1807 75
3736 2868
4533 4442
2298 8269
2702 5339
9380 6467
2338 7030
6000 416
3529 2246
1308 8860
7409 2746
7382 6701
5142 5089
5294 775
9278 5543
2289 2991
2822 336
5996 2099
8448 3899
4779 1748
1495 1669
18 3713
9712 6158
4404 6813
4115 9163
8197 9497
1393 4528
1036 5679
1363 713
7886 5592
389 5221
903 3837
7782 6792
4283 9003
3256 4859
5725 2678
9495 5122
3931 9198
9497 8411
2290 8916
7517 4917
1938 7729
9892 4013
5971 9500
5439 8318
5547 950
5362 9136
7994 3022
7098 2089
3773 2866
1548 1243
451 5564
9381 2988
2408 551
6881 5358
4750 117
2121 6138
6567 4277
8225 4450
3678 9139
6403 3918
4489 9485
363 2836
1637 3828
5407 4713
5412 4401
7855 752
276 55
9663 6651
3888 2965
6055 980
6930 3538
8739 753
1315 4042
6606 9314
177 5772
2631 839
4604 5139
7137 4511
6152 8896
9924 4040
7007 9029
4245 5871
3306 5861
9831 1652
4310 5043
4390 5026
7866 4647
3612 302
3757 958
382 5032
2642 6622
2924 9718
8073 4460
4957 6687
6284 1598
760 3105
6520 9920
56 2485
2589 4926
1530 6711
2644 7086
3834 2337
8039 6826
8936 3154
4347 2077
2842 6018
8583 5986
2173 4193
7981 9045
6660 1049
3624 5245
8468 5767
1960 9827
3340 4174
5528 6651
9657 7636
1999 5325
3278 8409
1402 4450
6426 2715
8967 5450
3438 1191
568 7751
2438 4896
4840 5258
8178 6449
5723 7164
7163 3075
9491 1044
4343 3247
5064 9670
111 4802
7027 3834
7128 3648
4764 6934
4920 7865
6416 8119
1670 9072
5316 9006
4340 5703
6079 6893
5397 6450
201 6529
2314 4564
8585 2388
4761 629
594 5938
484 5578
7101 6272
4383 7916
2929 5743
268 2399
4954 3665
1548 1763
65 737
1162 2185
8203 1150
2874 9092
453 5855
3728 6618
7545 8667
8384 4060
8906 2488
8696 1586
8200 1508
3951 6803
836 232
4050 4283
2608 4628
2663 6788
3210 1853
2089 8102
2522 1434
8903 3340
1019 3746
2989 7056
3805 7261
4147 2940
3891 7273
9895 7395
7795 4622
1860 1890
9476 8998
3978 3387
3638 4621
5058 9105
2877 6860
4861 9360
7061 7134
2582 2634
1775 9763
6799 4343
1276 4179
680 3260
1563 2286
8017 7569
871 7666
5121 6546
4303 1740
7784 8270
6249 4186
3823 4370
6054 1485
1279 9446
4416 6632
5128 8922
4921 8443
1259 7509
2294 146
2068 8294
4236 1170
7031 8526
9934 6955
4046 1037
6997 9943
5002 560
5314 1720
2260 5593
4891 5549
1557 8520
870 5985
3594 1303
3850 9222
4178 5631
2243 7621
3637 2522
8419 4063
6637 7439
3183 4319
2683 8292
3948 3219
8064 7240
5172 6596
4220 5246
4335 9672
3103 7850
5770 5904
7064 6200
2375 7538
7293 7115
4890 220
2819 1019
521 6883
5115 1888
3752 3420
2395 7098
2264 9257
261 3518
2135 1042
4840 8999
6821 9200
1994 8987
3377 1008
4282 6209
671 3947
7042 8512
9490 4164
5156 4796
3704 5860
1059 6405
6005 5007
4770 7213
3629 9222
4867 2069
6631 36
9113 6568
3510 2449
2039 2996
1453 5645
6156 993
7490 1752
7533 6400
3753 3506
5834 4060
774 2336
6238 6624
156 9215
1417 9523
8321 3724
2900 4084
8978 1401
8783 9429
5392 1392
9638 8232
2591 6892
7405 3123
3685 5037
1609 5919
4856 4396
1080 6558
2655 2047
7197 7640
4339 5198
2449 9526
7095 4242
7363 1778
5832 1520
753 3557
2520 8274
9875 4644
2660 2265
1296 1379
3676 9301
8179 1317
8619 3148
2750 1017
2714 5799
8082 728
2360 1524
7614 56
1288 1631
4410 7832
9161 6338
8215 9223
129 464
5241 6021
5890 5545
994 7713
228 5690
7202 7952
5564 8898
6059 3535
173 8225
5731 2995
3560 1919
8065 7176
8655 9769
1796 6927
6262 1081
1219 7907
1303 3876
9032 716
3958 1538
3508 3971
6895 8093
3454 7118
4801 5632
8851 1705
5299 881
6901 1342
5230 5211
741 3834
253 642
4678 2910
6785 1396
4128 2205
8163 2091
5710 7941
9944 3597
7333 1103
2137 916
329 7300
42 6084
8758 8832
1651 8997
9363 6706
182 8440
6249 4539
806 2773
2377 1004
9604 4953
5140 591
1264 8188
8994 6314
8138 6073
6373 6021
9939 8564
1210 6276
2133 7172
7182 4856
7029 3454
7960 8174
3884 34
1298 8869
3008 7017
7491 614
9453 1369
2468 1420
3474 8092
3597 3467
6952 7795
6059 7425
4292 5835
1369 4984
8801 9921
3059 7742
6963 4942
3915 6949
6450 8240
6274 8899
9297 6728
2268 7774
6209 6951
1055 1675
9544 8829
2795 8324
2967 3839
9930 4691
6393 899
3546 672
6972 1747
1926 8549
7651 2868
8773 6844
898 3296
3364 6275
779 2274
1612 3780
9982 9338
843 8940
618 6387
230 4841
8828 5486
220 7747
3697 4605
6708 6005
1802 3522
5071 6776
7415 5080
9002 8100
9192 7861
4895 6141
1516 6984
9620 4357
5044 9486
5126 5903
9672 8605
757 7560
7723 5052
122 9602
8645 409
3457 4089
5985 8791
1055 8315
934 9764
562 2137
5504 2197
8217 7012
2226 4227
880 5601
5667 9650
8141 5314
2357 1183
234 93
1812 1240
9760 3061
3486 9512
9503 8661
3824 522
4679 5475
2556 7921
9156 7879
7948 3961
5935 4454
1722 1849
7131 7760
7107 6747
316 7459
1631 6515
1383 2401
1103 1310
4916 2367
9336 5649
9850 2981
2545 1742
5151 9589
171 7077
8069 5446
8917 5018
3610 2102
1278 6778
7444 7200
989 1153
6850 2916
4559 930
4978 3394
9482 5955
6522 7944
3676 3633
3956 4572
3780 8300
1417 22
4421 5682
1900 939
5273 7530
5302 6672
6017 8860
1805 2260
3422 2005
7092 7153
9360 8607
7472 482
7003 7588
4113 9516
966 2346
4429 865
4719 2501
8872 2611
6773 8959
4815 9397
3006 5766
3265 1816
355 1411
4370 1718
3307 8067
4802 6983
4846 1647
2322 1454
3917 7200
8253 8398
7465 4109
4722 1468
4544 7618
2700 7007
2901 3461
9184 932
8507 6539
3488 6793
936 2737
750 9124
2339 7150
4449 1714
9149 2915
5973 8519
9381 1571
3034 5814
8084 9986
8641 369
9475 5138
2983 3791
6132 564
6378 1361
5021 9478
2185 4723
3910 5502
9838 2862
8181 1809
7157 2002
4250 8060
4498 4199
2445 5055
88 4027
6073 752
199 3220
8763 2155
5834 4528
898 1528
4279 4685
