2440 3902
6209 9685
952 7533
1533 6334
8360 2826
4937 1145
2570 6510
7575 9201
5606 4120
9480 7445
6217 4939
5424 7536
2510 5660
1131 5298
4059 3482
7200 6807
7177 7470
224 1317
804 4494
8596 3596
1855 5081
4232 6024
9689 8476
5299 2266
50 4804
1145 9253
4427 1034
1406 2729
4338 3985
4258 8404
9506 9177
6918 1980
4028 6886
6739 3317
1314 6029
7718 9886
7652 2204
5765 4670
479 1539
3670 6442
4948 8469
5127 9594
7579 5118
2813 8707
3957 4229
8155 3108
5413 5917
2627 7116
8867 5788
9231 4911
5152 9943
4482 4608
4875 2068
8080 5823
9875 4424
6033 9292
7711 6603
9401 2460
1479 4560
3246 8185
2997 7728
9924 2739
3580 1547
1692 5836
2921 8007
3084 2799
2225 5024
5434 5347
15 9927
1499 63
1844 4002
2145 5678
5484 3200
2674 6418
9655 5607
3134 8883
2864 6179
3697 4292
5090 546
9235 981
5198 7816
7085 3940
9696 3918
9471 44
5672 4190
4011 5638
3202 1317
1640 9303
9770 1481
3029 5190
6966 4779
7541 3698
4228 2216
7298 6820
4436 6702
5760 4177
8578 6013
5755 5011
4438 2309
9192 750
9885 4222
8789 2849
8060 1239
9017 214
354 2954
2499 3434
1740 3391
8 349
7566 4806
29 3697
8778 6241
1770 4313
5677 2305
7196 1816
233 6721
9230 4900
8582 7992
2463 573
4952 6852
8406 5304
5960 3169
4981 6668
5326 6028
8174 9100
509 9383
6 5546
3448 2145
7823 5715
6557 6579
7239 5853
7888 6784
9160 9545
46 2577
8874 1073
7000 8051
3507 7173
6932 7615
6598 8502
6968 7281
5356 799
9302 3725
4034 3559
9820 7205
5370 3214
6886 3483
8217 5238
9011 8802
2949 9901
39 3876
7092 5775
2482 3205
4232 8080
3466 1008
8487 7740
5410 7298
7643 6152
5365 8059
6225 8688
8473 8992
2936 8354
3185 9476
7263 5760
9334 379
9825 4323
1715 2251
7379 477
7263 7099
6014 9911
3012 7836
9140 5132
507 1460
7954 6733
6889 1870
132 8344
1010 7032
5442 9712
8956 621
4575 9870
8437 779
9974 842
915 8637
7722 9312
5674 6153
4084 522
2733 8533
8699 5520
9688 503
4685 7136
9519 2769
421 3653
9003 1065
9186 9808
7612 5504
7387 6060
6552 7510
9797 7100
1939 4349
4984 3249
4949 2236
5291 2125
1841 7081
7805 4516
951 4623
6135 5995
3478 577
6909 2661
6078 3636
6262 3317
7192 4401
399 2816
659 668
3201 1342
4247 4969
4973 9372
6023 6827
9606 158
5980 4678
5581 8190
6508 8571
4410 8221
3720 5550
4907 7468
960 1190
2891 7788
3714 4307
6530 782
4721 6276
6477 2869
4674 6591
374 5904
9431 2386
8040 9378
4265 6023
2548 8501
1731 3385
918 7325
9076 1938
3560 4132
3027 9011
1525 6663
4887 3720
7143 4364
2396 8232
9349 7304
8945 7727
3207 7010
2626 8267
4916 5431
5924 3573
164 9998
5820 1795
5243 4514
506 9033
447 9649
6176 9981
2242 9333
7677 2604
8101 6733
4693 5279
7351 2034
2886 7616
5249 1305
5112 662
7945 69
3721 1992
3940 7265
2926 598
6440 8297
4532 7814
9860 2168
8252 4943
5152 7379
7064 2791
8477 5955
2586 2744
6255 2491
1854 7234
435 3532
7337 6449
8064 5246
8354 3916
4368 9643
9383 3411
732 3239
5870 1108
3065 8215
2709 6225
7832 4850
7928 1449
5876 5734
5543 1634
8610 5675
3869 2258
9457 4388
6090 6242
1984 6818
8996 6793
1598 6535
1284 966
9873 1971
2709 8543
4102 4958
1175 8396
8345 8656
5886 7095
4264 9316
6127 4668
3778 5639
2074 3849
9205 7964
4703 479
4387 6259
5594 5355
2742 7008
9689 3593
882 1745
8327 1396
542 4813
4393 4878
6665 1756
5989 2367
2551 6403
2956 948
215 7545
7192 7163
2989 8880
9702 4178
4368 6102
5056 1106
3156 5341
1463 2895
504 6125
491 4358
6905 2249
1201 8426
6732 8603
3305 6870
7010 2540
7755 6706
7007 4350
539 4133
1683 4750
4449 5946
6117 3311
6937 2574
6418 7351
577 4626
238 8464
4466 98
725 1501
4740 8508
2577 2241
5004 9820
3153 8435
8975 8809
8589 4173
5471 8169
5037 8456
5558 3478
8191 9078
1923 7894
7469 3077
5580 4292
4042 576
4457 9040
8390 1358
7628 4678
798 6967
8710 8767
4191 2910
45 8935
8307 7321
8513 763
3955 7118
5321 1682
6066 3642
1153 1300
4168 3317
9480 1869
896 5799
5895 6640
832 54
4151 613
6011 3962
880 616
1366 1938
201 8419
286 5726
7870 4561
4538 7703
2893 4162
873 5788
522 7836
8445 6756
7996 9908
288 3328
1545 6128
8607 1193
5748 3853
9263 1745
7649 5254
2993 7910
7320 8471
8740 9697
4789 4688
7448 7595
1056 3056
8332 6595
6594 7540
3538 9924
1053 763
1779 4839
44 8565
7506 1278
6071 6187
2573 7320
6664 7873
6195 1387
1477 6185
6828 3960
9192 6016
6610 8576
531 5580
9813 3483
6382 7122
171 3678
9113 6927
2327 4963
749 5375
9460 2532
5407 6143
8276 4997
8484 825
7922 2617
3517 7371
3812 7981
1170 2097
5112 9111
4364 9635
2080 2602
3496 3412
7242 3284
4970 8380
3441 2003
7113 9308
9208 2289
2327 7964
2968 2884
7233 8178
1990 2528
7791 4933
2150 4988
4167 7009
6502 2604
7369 8187
1250 9408
2509 3129
1694 7755
2564 1515
4652 9903
8462 4170
6505 4991
8695 1022
1280 567
4122 8947
5735 2476
7446 8690
3736 5595
5908 8155
8701 5620
4089 538
2948 421
8201 2194
4337 8862
6589 2473
8898 8138
4747 9102
8751 1047
1477 8543
2554 4304
6098 2482
2366 1462
572 7939
1036 7000
9490 4077
1449 3862
2818 9216
3481 502
8793 5479
4894 6039
4628 5236
7496 7091
1174 9283
3961 739
6376 7734
1447 1475
5958 158
5164 139
8668 69
836 8231
7408 9952
1020 5706
5602 7549
4299 6103
51 8208
1775 6804
4486 9474
1496 1223
1372 1831
1045 6531
7055 9693
1872 2535
1761 1127
7933 4598
2366 7226
3676 5840
4971 3072
3663 147
6582 9784
3444 3059
9802 6055
7729 2571
8028 9710
5574 2077
9584 5851
7378 8015
9742 9406
3532 9624
6992 2210
9598 6661
9179 7599
3129 2009
594 7808
7579 4734
1250 3494
2336 3950
2190 7768
118 7281
4956 1264
3360 3208
4270 4979
9126 4999
8452 2431
4039 8731
6805 6279
4687 5020
7855 6224
2132 2350
2820 2687
6928 6606
3448 3824
8904 3067
716 3974
9404 2069
8710 1014
3985 1306
1514 4884
7007 1660
1640 6201
6377 6359
9829 9558
2454 8758
7254 8060
9095 4742
4975 6102
1224 4929
8787 9730
6309 4116
5937 1593
2042 1113
2623 8972
4049 1354
3285 9598
5082 5289
6605 4761
3521 2492
1521 5282
2487 5920
7191 1224
430 8073
5593 5742
1949 2718
6691 7820
9670 1778
8766 9383
2693 1842
3163 4244
656 4202
3818 7702
705 1614
7334 1272
2944 7193
2510 4875
5587 1116
5613 7670
9442 370
6305 8971
4981 5089
1413 7945
3316 8898
3895 7015
6834 8408
7927 599
8231 6371
2984 8177
5509 7032
2257 7830
4801 7211
7905 3317
8438 9391
7223 8067
2928 6561
2795 6449
8198 7618
1344 9940
1093 5501
8937 5733
4372 6423
4034 924
3034 5019
9712 2602
5467 5863
7285 179
8607 4128
5619 6805
3189 612
8127 8735
1520 8988
18 9520
5137 2699
6882 4103
8435 2444
8146 8101
4296 2101
629 7477
6108 535
1445 7920
1433 5313
5290 6086
5396 4118
1306 4207
223 113
6044 9257
8188 5321
162 2754
8909 7970
1139 6928
9746 3857
7608 6076
5244 8459
4149 2850
1058 6018
9018 2144
9372 7569
7187 9713
0 5846
839 8896
2922 6741
7288 6241
5899 5784
2306 8696
2539 7534
9530 8546
2078 7715
2436 7661
2587 9142
2877 857
4397 6093
7976 8817
3299 9226
8409 7414
6546 1915
1483 9577
9946 7715
5145 748
9172 1676
8649 4879
842 4705
6485 355
8405 5403
5011 3228
9477 9231
5654 3096
3509 3442
2394 8054
6024 2778
4881 3774
1778 7166
2695 8131
5053 9399
8373 532
4484 5944
4393 2815
2643 2855
4666 9627
5175 7280
4828 906
8144 3808
8969 8370
9912 6791
5285 8967
8003 5544
6358 3980
5674 9691
9865 3152
5121 1158
9726 114
7544 8642
2735 1671
4441 5191
4146 6991
7783 7083
6185 9287
2925 3381
5754 9567
6528 7801
1894 673
7385 3895
3986 7792
710 7388
5675 661
721 3098
7573 5016
7772 4835
2299 1899
5043 1625
3423 4017
3065 7189
336 9312
1520 9108
5646 2687
6536 7509
9094 7633
8432 6867
7903 8314
9839 9929
8846 6317
7896 4510
7266 7888
4380 1793
2702 1889
1275 2097
9824 504
5429 7542
7623 5138
100 4629
1007 2539
4749 3752
6551 7106
8503 5700
7283 69
7840 7732
1949 5690
3194 2109
4765 8401
5836 2532
2897 16
5731 124
6440 859
6475 8297
4239 478
6736 8338
6681 7081
1266 2142
9308 7552
5742 4102
390 4394
2387 21
2821 9429
7468 4162
9867 6374
8894 3244
1062 2092
4643 4121
3849 993
4528 1263
6883 143
2933 5060
7733 9695
3026 520
3250 3922
4609 6212
7192 8873
5658 2656
3034 2330
3442 9614
8626 8524
1940 5982
4550 8112
6909 6297
735 6267
8440 6295
1255 3026
7230 4384
3541 6075
8994 6314
5779 5691
9282 8020
9638 7328
1221 1712
5877 4914
8475 2460
3108 3703
2066 6499
3362 9654
5241 768
111 2921
4462 2607
9200 3822
5073 6980
7695 6442
5649 2548
6301 8899
3023 6261
1900 3452
4919 991
7348 9116
1034 2770
9585 365
1608 3033
2098 7717
404 5492
5460 9451
2484 2685
2382 1734
929 2973
658 7623
8641 7726
7958 4951
7745 8123
2132 3694
5850 9255
5451 5875
6310 3736
5930 5828
3599 5666
5513 6043
5821 6586
4646 9737
319 1368
833 8005
944 7940
4707 6473
9134 6468
8599 7640
9251 1391
8261 1070
6692 9444
4470 6398
2720 8186
5216 617
849 8116
2001 4634
5143 5480
6164 1853
2197 9668
5583 3775
2408 9851
8926 7067
2883 2169
4672 4412
3377 2412
9709 917
7491 5996
6140 9708
9606 239
3206 980
4211 9386
730 8802
2871 9132
5184 7192
6909 1695
2192 8435
5033 6605
8093 5930
1351 8066
976 3183
4530 6915
4054 3032
2287 4102
3701 4076
2119 8319
2069 892
5284 1375
2681 4245
6084 3140
4 417
8937 3029
8540 1514
1449 5995
1349 2372
3582 2022
3830 3274
2980 385
6551 6403
3233 7884
8628 6578
4460 1900
7776 3747
3004 8726
4688 8570
4236 9474
5280 6468
59 6225
101 1099
2267 5153
6900 3020
7683 5352
548 5360
7832 2851
3020 9582
7963 8942
2272 838
2420 3943
7015 2876
1781 5695
5794 9178
8037 6685
8299 1837
2418 9123
3112 4170
9874 1347
2064 1284
7467 1401
5325 9001
3611 9641
3892 6106
7443 8008
6397 9620
6190 7722
1735 7390
7031 1019
4130 910
658 5887
9082 1968
9083 4008
3610 3665
9529 4732
3305 5909
2795 9621
4604 6827
7203 4118
2705 2256
501 7886
166 1251
9320 7874
4376 1087
4127 5599
5503 7304
2567 8976
4957 2530
4090 6224
9489 1397
4076 4349
5262 7623
4686 257
4672 1643
1807 2939
2945 7835
3513 1373
5933 4273
3795 1873
5936 644
5937 6467
7385 2809
1233 9613
3254 5826
6447 9189
2892 7060
6663 5924
1752 1538
2843 4562
7839 9926
2667 6542
6604 4068
5646 6925
4244 4188
8476 427
6689 2544
7934 9022
7834 9173
8564 2773
3251 6431
793 823
3232 4639
5464 3003
9929 5353
8979 7985
839 6717
6928 2853
9894 2515
2163 2862
8820 7165
3642 1096
7370 9721
3650 1100
2566 7398
150 1140
3965 9495
4170 6737
