7151 8114
4571 3801
2993 6437
2410 771
9224 5695
9596 9350
9153 1214
9082 8064
635 7588
2301 6871
1062 1141
3510 4588
3825 9466
8559 1476
3999 5966
8180 8875
4637 57
8851 3719
5451 7373
6532 5597
2648 4965
3150 4043
7025 5359
5385 9094
2712 6450
4727 5976
7274 8553
5282 1283
3328 1853
6226 9710
9802 1088
4354 5632
7884 8769
7155 7967
78 4646
6967 9713
1575 4255
1289 743
2918 8388
5978 8332
8413 478
4093 3736
4114 8634
7220 8218
1511 4984
657 2372
5182 8627
6583 8164
4594 4701
8515 2350
773 7944
2045 97
7865 9505
992 4931
5252 3605
3757 6675
3160 2017
6925 145
5751 1083
7136 8340
4045 1736
6473 5116
9346 1042
7270 3483
7791 3743
3351 4455
6600 3112
3688 8674
1050 2842
7783 7769
1872 6288
6148 4263
2360 5981
9537 380
3939 6440
730 3246
8005 5347
5438 6876
5957 4085
9567 6388
6872 3558
7766 9940
3470 4021
8147 3472
9635 5619
2788 3825
8229 5658
2199 6301
262 6146
8238 9926
6308 5987
5528 1372
7246 2838
6438 1087
9054 2074
1371 1063
8877 6880
9629 7787
949 6029
6107 978
7047 8788
7888 4309
1118 465
9331 7059
5832 3510
9573 7904
8093 3366
7983 5193
172 7231
4599 9716
5485 5141
7400 2276
3723 8096
2671 9539
3344 7273
4296 6835
7756 1883
681 7550
8886 3276
5659 7932
8872 223
2577 4931
6872 6186
849 3570
1649 5991
5554 8251
1035 6595
3363 7398
4310 6464
56 5618
2782 1107
5228 2726
9788 2595
7188 3371
6050 1266
4948 5808
1891 2653
960 9966
2810 1611
6847 5729
7278 6828
7474 9354
193 2892
8188 3086
718 4709
4487 6245
6756 2331
1343 8782
2634 8048
4111 9390
147 4847
6735 816
391 1699
8092 9323
1011 4809
5145 1937
2210 3537
7841 7355
494 3588
7785 5477
6073 2264
4678 4756
1065 6177
3756 7221
371 8002
57 874
6596 4776
1979 6935
9805 6268
2733 6741
8841 6274
9601 1532
1383 8728
6917 8156
1959 3686
8761 899
5654 2591
3313 2306
8868 8600
2943 4192
8500 9763
2729 6883
606 1354
4118 1953
1519 2367
8220 9876
918 2990
1901 3424
6559 1879
1571 7472
9537 5424
1356 6519
7103 411
6504 9945
483 2442
2332 1014
8805 7771
3397 2579
5079 3765
5538 7852
5011 1532
773 7870
7041 3343
8691 7111
3561 472
7146 628
2905 8807
3285 3933
6527 9385
6270 7895
844 7530
6552 7730
4416 2145
7896 6584
7051 5589
5701 1578
6900 6768
5465 1478
2202 4314
7174 3710
9918 1877
7471 717
7508 5294
9329 2663
8557 3059
9431 41
3291 95
1189 6499
2598 8619
4328 2297
4540 5442
3925 6230
8776 3920
1324 4347
3333 6593
2835 8284
4607 9952
7911 6739
5679 1959
6614 9803
8119 4135
9022 516
4340 2280
6635 4511
9500 5281
5179 4107
4207 5152
5567 6095
4780 7027
3587 7021
8843 666
3580 7372
5194 8549
5221 9231
596 4385
5824 9390
7663 6368
2382 1796
5253 3549
6424 876
7337 5807
1305 1336
6543 1498
5029 1836
7429 4340
5819 7334
6409 2181
2851 819
8862 6826
4967 9189
1961 2382
8088 7688
7049 2636
6995 212
1337 5565
8532 2508
4611 4441
7799 104
2616 4713
6560 1559
900 325
1241 7946
546 6249
1665 1220
7217 9794
2991 8391
492 9683
8415 5333
8376 2772
7347 3753
2848 8766
2417 3704
1952 7796
8604 2230
6566 1229
544 6175
9286 8015
2475 8093
5715 6454
9118 2936
6005 533
7838 5842
4493 6412
590 6547
4988 8987
5090 3760
7809 9827
7302 3476
3747 4227
4140 4567
4229 5548
7418 2119
7885 4471
5600 6253
1077 533
4010 4448
9640 2761
8865 8552
4774 4286
1213 6940
2629 5145
5293 2398
4496 3286
2276 6446
4901 8686
7089 3615
9810 2809
5317 7441
557 9115
854 8426
1923 3051
749 1728
60 8565
2938 2382
1766 9102
6901 135
3933 2391
8420 9598
7656 3591
3663 5267
2827 425
2482 5894
5206 9196
5312 9452
1024 1950
8373 3372
5310 6391
2225 4953
3648 6315
244 9441
4904 8970
7064 1604
9084 5836
2429 1979
6799 6661
5862 8054
2562 1685
5891 7434
3717 5795
3297 5828
1370 1177
9755 2850
9300 4423
5644 2489
6209 6697
5672 9223
3867 4925
4545 5379
9838 2219
8482 7183
3103 1798
5735 2338
902 2985
899 9902
6533 5863
2126 3491
3667 7380
5440 8684
3500 7877
9841 405
4631 8057
9243 9010
3864 9187
6925 2293
2671 6161
1136 7874
1955 8880
1126 3134
133 1356
7840 2220
8632 2306
6616 6827
3560 4867
4883 7472
9323 9878
8362 4260
9087 8079
1092 9920
557 6607
8967 151
4378 4834
8932 4907
2505 490
2443 4618
1646 2248
1252 9262
2447 6565
1004 4303
7308 4049
9200 2601
4234 2480
1455 5151
1143 7643
4718 4884
5320 2118
739 6238
6387 7479
6188 3078
6049 3548
7202 220
8317 4486
5633 8594
6717 8931
8269 4028
1914 9075
5424 1290
5696 4867
2924 1161
6101 1389
4485 7278
3213 6386
1388 523
4810 1067
7126 3891
6659 3998
7011 8776
5229 5337
5740 9488
302 9777
8324 6214
7132 8904
9461 8540
6014 7531
4846 8317
2574 346
4299 609
5875 6262
1852 3897
5989 7285
8780 8416
9092 42
3782 8312
1363 5148
8398 7942
1147 1103
4593 1101
5194 6812
9154 5234
8173 8516
6516 8509
2688 7125
112 6647
7647 3445
1209 7332
1229 8302
5988 9967
9366 4061
8069 950
3766 2729
8631 3472
4800 6125
4634 2706
2933 5918
3296 8710
8328 7882
5878 1720
5945 2286
8582 1886
2195 812
3501 7022
6877 8264
8524 6890
9019 3980
2504 6662
9088 7597
3029 894
1521 211
9914 9253
4158 8222
1429 2599
5153 6532
8797 9803
4170 7629
1798 9025
1595 3342
4754 3408
4157 6536
4629 4289
1724 2242
2537 8034
7035 1921
6078 1121
5255 7293
7358 6474
4088 7614
4706 6733
415 3763
1097 3074
8526 7219
2609 4761
7514 9988
316 788
9167 320
1136 4817
6845 5409
1812 3541
3980 5722
2045 3236
1070 6183
8018 2742
8365 989
289 2329
4492 3767
7391 923
8262 9100
1213 5841
3889 9713
3022 603
2604 3217
7565 5078
1979 2927
4839 7374
3866 4671
5931 7724
1904 9914
699 6788
933 975
5547 3268
5724 7767
4510 7073
7694 807
3723 2910
501 5924
5873 7737
6593 6504
320 6913
5581 6146
7353 2329
8320 1614
8452 7670
9418 7368
5310 3962
3503 9655
1650 9899
2299 3236
9690 8083
8328 9440
8680 9352
9076 6045
3145 2646
7308 2461
3926 9874
4489 1887
7255 9359
9632 6101
8016 5665
2666 8380
6332 5412
4246 2663
1850 1716
7135 9043
4056 5046
1037 524
1325 8557
9576 4000
4319 8156
7449 1380
558 5877
5028 587
8822 2723
8449 9442
5492 6729
1450 451
2752 4660
6734 9220
726 6266
7396 151
1343 6979
1417 9817
1157 64
1773 8140
962 5310
6235 1198
5118 507
4669 34
7591 7583
2913 9308
2173 1434
7210 8547
5155 8131
9272 5942
6053 2954
9058 9564
3468 6412
494 1385
5233 3221
2970 137
1413 9648
4608 7760
926 1991
6124 8356
1799 4616
9207 9107
4007 8383
5103 658
4623 1580
2386 7423
779 2466
1481 5102
7339 7065
6063 6814
2929 1789
4728 8673
3504 9116
6316 2811
8107 5234
4699 8646
1774 9650
4115 6371
2995 2804
5369 4038
8262 7917
5918 7097
952 1585
8873 6997
7693 2485
4289 8766
5452 6516
9882 8243
8273 5568
4059 5033
824 105
3555 7885
9676 3147
2817 5552
5742 5726
9183 1417
6736 5114
2317 4439
4614 3714
4899 6983
211 701
1257 8996
678 1884
3521 5214
8365 9043
1397 250
876 1976
5293 7785
5417 1566
4044 8018
5340 1063
7698 735
6936 7112
2146 7693
2895 1306
9952 4515
538 9156
489 3531
2927 4493
7790 7252
7229 1861
1496 8859
6874 492
1884 5078
9853 7928
6388 8820
5141 2040
6708 7351
7741 7652
2658 6421
3193 4877
790 8473
4852 9643
3270 5097
2362 7847
1931 5427
4807 4644
3118 4227
9578 7180
9466 7604
5747 3975
6774 6933
9969 3538
5079 9047
1157 7229
3849 7671
1789 2472
3999 9336
352 6795
1340 8513
5067 936
9791 8721
4332 5015
7611 3615
6706 1294
6467 9234
1469 5774
4297 3117
4510 7273
7918 2738
5541 3592
3323 8253
8369 9822
8313 8600
9865 9609
9503 5321
7613 2358
1209 1780
3700 103
3032 71
2342 8264
141 484
8500 9109
9990 3956
471 4002
8918 6473
3733 792
881 7549
4237 7644
2869 229
4235 5258
3566 9938
573 2737
2433 7911
701 8930
2003 3339
7748 1373
4783 7170
3398 8651
7613 9825
6285 1641
82 7042
3945 9952
7845 8472
3603 2771
4296 2320
1698 5857
4563 9665
1315 4893
7712 1810
5429 2479
9632 7514
4464 3463
9418 3780
2775 413
593 4908
7349 693
8329 2928
2880 8837
263 850
6766 8603
6720 5100
4731 1121
8109 9713
6625 4948
7578 274
2154 7161
5723 4093
2542 5171
6742 20
7657 6434
9537 4356
4930 6928
9748 9396
9835 5767
4924 3367
4152 4153
6271 8782
3041 2877
7885 2780
9346 4007
9899 427
2394 195
7815 9518
6642 1357
6612 1594
5796 7335
5391 6374
4942 7841
9246 1723
8114 4189
5014 9285
130 6979
2542 6860
3142 5049
9332 3461
674 4571
2455 9601
8710 4866
1617 2992
9471 2582
691 6219
2982 5600
8301 1647
7246 2011
3442 709
8746 7519
3378 3443
7229 7718
1432 6348
205 9071
6253 1773
7957 8667
1762 1555
7888 3738
44 2719
5844 1601
7705 1496
2619 8113
7065 2627
8353 2614
9532 2444
1574 4320
1287 6505
9566 1799
7852 6789
4496 9812
2661 1842
8542 2150
2093 6187
5185 778
1675 5302
1189 2290
2156 394
4513 623
5487 4472
7615 1476
8034 395
164 1364
2220 424
7497 8403
1384 4362
9966 7632
2629 1355
2204 5431
8514 4922
6939 8786
2529 2189
2049 1463
9806 9504
6300 5272
2391 1312
1961 7595
6970 3117
5851 5046
8728 2016
6546 6325
9005 3447
9219 2891
9760 5043
1802 6128
5456 2292
5365 2281
7052 8686
8058 9122
8431 9722
2813 9388
3803 413
9784 8554
6797 8405
3423 3328
9896 5973
804 902
4885 755
8062 52
9405 1809
4523 101
4686 6553
3165 7499
9827 4561
7124 1099
3883 6485
3506 5833
3425 8487
6014 4236
8223 1830
4202 9737
8109 1817
6953 8127
5649 9507
1474 5684
547 9175
6482 1204
1645 8702
1660 450
2723 3721
8375 4825
4740 5742
9235 5216
4421 6343
6046 1415
4808 5620
5598 1297
3011 3788
3015 1525
5516 4651
1104 488
1583 1911
6277 539
6898 9526
5104 1179
5314 351
6856 996
3914 5775
7770 195
4503 7747
4474 2189
6975 6218
8227 2344
7445 5597
9065 7235
8175 5869
6113 9466
3224 9233
6052 1862
7654 4813
4110 6607
990 5566
8451 5215
980 9326
814 3781
5365 6710
7204 1333
9606 6524
6969 4468
4712 4582
9632 255
6525 388
8253 9189
1754 1495
2751 3810
871 8866
7211 3601
9274 4497
8569 1536
9848 5666
4944 5081
8845 4747
5906 7716
7749 5827
5566 9692
9976 1004
9583 6006
6896 7372
9091 3100
7180 306
2161 5701
1459 661
5026 1623
3367 6647
2036 3144
7965 4404
1282 4915
1897 3394
7339 4387
924 7583
4087 8959
8601 2009
2108 6723
8453 9582
7301 6239
1111 3910
6263 9414
1081 6084
134 1155
1088 8347
1552 763
7755 7358
8943 8399
8534 1299
9013 6410
5009 6112
9154 5065
9080 3300
2091 3628
7655 684
1510 8332
4852 6552
9017 3509
5586 8744
3094 9666
3005 292
2888 3163
5812 6957
7586 1752
8227 2590
7238 1828
8134 3939
8081 7756
