7812 3250
3870 9590
206 1556
9435 9643
200 579
6831 7862
1055 5959
1529 1367
1272 304
6737 3388
9458 1697
6287 8292
968 2382
1594 2408
1420 5419
9694 4524
4694 7785
6998 2242
6881 3554
8924 2495
6209 8903
8117 718
2564 9428
8188 9656
1597 2845
3372 7893
6975 1202
1511 2522
5395 787
8892 9381
891 4107
8030 3068
2993 4464
1172 8187
8361 324
7949 6795
3987 5987
4184 1406
8269 4945
3413 9754
2986 4452
4007 7631
1015 3361
8481 752
8414 8548
8740 6107
6455 6397
5328 3636
9012 6404
8794 1904
5867 2471
2878 5659
9218 8229
3731 9785
1705 9027
1847 2704
4060 2376
1989 2141
4481 5951
829 6095
2757 2507
4445 3386
9000 3177
1217 1234
8566 6173
855 9140
6133 2438
3513 9589
6463 4832
4281 2911
372 1453
9716 472
2035 8547
8406 4509
6426 9627
8845 1420
9494 7369
5368 3173
1037 8469
8254 3328
7553 6655
2437 1244
9347 107
7854 8718
4484 2461
8338 1103
2401 4952
1603 7196
1358 5006
6623 3096
2954 289
8896 4655
7471 4263
6204 8234
994 8238
688 5989
2025 3236
814 3859
1441 8725
749 2966
9679 567
7078 917
735 2659
6944 7589
5241 9965
3410 1480
9644 8044
6504 8894
7236 9594
1071 887
1643 1220
356 1826
8109 1382
1788 1049
9975 4375
1096 2884
5443 3036
9919 6289
7421 2442
2873 8069
9857 6732
879 5030
9438 3469
1451 70
3687 9058
1987 239
9254 9557
7349 2682
1900 8066
4933 161
7663 7079
7027 9950
9400 980
1634 3736
5862 8892
4555 2875
9865 3959
7763 1104
3494 4327
3925 6747
3114 9964
6687 8318
7681 3029
5721 1975
9344 4894
5264 4112
4434 9113
3588 3961
9084 635
2064 719
3390 9486
1290 3257
2656 9091
6432 8082
6090 9523
4979 9559
1183 6321
4181 7602
4805 3781
8778 3692
2546 9493
5140 909
3299 9996
4641 2784
451 648
5825 1924
3823 202
7128 1402
4454 9886
1667 2214
5682 2616
8752 2125
3690 7113
9482 1076
7827 2925
519 2206
426 2680
1588 6603
6371 5596
9605 2315
7859 1175
7010 3862
3121 6394
3688 9916
9799 3977
2287 3459
9943 7396
3826 4507
198 39
2319 7859
123 1842
2001 3766
4369 3092
523 3380
7790 2926
4629 9315
4390 9042
553 7173
517 6204
8947 9022
9997 3305
3816 8654
2701 8311
123 1725
5547 5940
9144 8978
8068 8892
7210 2216
4002 549
651 3916
9120 8123
8285 5888
8966 4956
7262 951
1769 6637
339 9589
4319 8456
5493 6908
7920 1683
1379 6213
9089 825
3074 1466
9692 2970
151 4779
3067 8242
9337 9167
7416 7281
7731 5459
1849 8588
6235 2572
1269 2680
8140 630
9794 7923
3904 9818
5747 3544
7596 8160
5233 4748
6782 2552
8815 567
4567 9097
1791 8494
920 945
6360 3991
2115 9390
2060 1052
7075 8555
6437 827
1321 987
4078 7346
9773 3573
2358 9660
3853 1495
3385 1655
2221 5975
5326 966
3245 2911
8372 6543
4877 9371
8047 5193
4193 7692
4671 1327
1256 5594
6208 78
7368 383
1000 1714
3017 5383
3783 901
5923 839
8249 8125
3586 2431
935 6954
1128 8590
4204 3365
1966 6638
8456 6663
9190 1774
9686 7859
2960 8259
1527 1114
7523 5811
3201 8205
2044 2374
1129 30
8660 9049
145 7346
43 9293
3632 1374
234 7549
3431 2623
7327 4300
44 4270
8906 4607
5984 7922
305 6288
1132 4089
8272 9165
507 2450
1995 3969
2130 478
8198 7913
9702 7713
8045 9400
8779 1542
6905 7990
6347 4145
2589 5211
2536 7670
1314 965
5385 5472
8757 575
2970 8685
954 9280
9274 2442
9378 28
2773 6716
9016 2910
4184 9803
944 6890
6418 8909
2495 2323
7735 8932
6692 5487
1404 867
394 4262
7825 3749
1967 2698
1532 1974
4400 1995
2430 5577
6126 9789
195 9422
7393 9326
3666 9184
5663 9906
2197 8618
9943 7088
3623 3480
8929 7996
694 5825
551 6042
2440 8762
8951 1491
3212 7549
4528 8699
8314 3271
9743 9143
8986 3035
8451 3276
5931 536
3554 8746
6782 43
5814 4179
8346 9346
9634 3103
3668 8429
3820 103
4287 4822
260 6090
9744 9897
9048 1819
707 3679
608 775
4525 4461
3911 3506
2549 9302
1668 2908
216 1986
684 6777
3801 8585
2015 328
7648 8936
4666 1156
2299 6521
391 8766
4109 4137
8046 5010
1536 7578
6290 5177
8774 7326
9473 4029
8261 6237
8731 2269
8464 5043
989 1783
9856 8651
2276 908
5223 9862
3361 6741
2798 7796
2665 9243
6466 1970
2643 463
3577 1926
3028 274
8307 5733
2588 5451
2736 254
3364 4927
5455 7889
175 9555
4037 7783
1838 6298
8803 2504
2891 631
8642 2559
1547 3781
7057 8203
1128 7199
1687 3788
3201 7156
6108 3560
2354 9206
8067 2202
8011 8439
7826 5532
6384 2997
2682 8882
3538 9221
1305 851
2941 8584
5740 9338
9275 1299
2660 358
1646 9879
847 6398
8979 9379
3937 9668
7924 3479
7318 4661
4625 8702
8708 5855
9952 1263
434 6759
627 7828
771 4040
5467 4435
563 6086
5221 4702
1441 8090
7823 1562
6966 2674
1509 3767
1967 957
1149 5685
8552 7477
4904 5925
1780 1350
5648 25
4885 6586
55 1114
7781 1839
1204 8747
1833 2808
8863 5361
2861 123
88 2725
5132 2616
5189 2494
9511 2153
9833 3256
6089 7464
3278 4868
8634 61
3082 2827
9312 8207
5029 7465
1253 9664
9006 4637
9075 6970
6005 3705
2926 1267
317 3810
3909 7309
7775 2420
2145 818
1386 12
6866 9510
5116 9968
9770 3428
8508 7932
7685 7221
9127 600
550 3532
8242 997
7537 9705
4319 9714
555 1023
6365 7668
516 2334
3600 6446
2662 8768
901 4796
9756 6656
3643 8613
3335 5617
2609 8771
5321 5753
6702 9788
473 422
1685 447
30 8721
4305 3628
2527 1373
8378 7543
8423 8225
457 9068
9325 2017
2875 6000
2059 9517
668 4431
1097 8867
7537 9300
7776 2263
1167 7403
4039 2421
9560 5028
3360 8665
9599 8025
711 9725
4249 1346
8611 2390
4001 3078
9085 4515
1177 8109
864 1215
5268 3707
9157 3210
1052 1671
7057 3079
1782 9909
20 212
8541 2465
65 8576
8428 2435
2594 9387
6967 1464
2885 2159
6175 1891
0 4520
6461 3151
4377 5854
8457 7301
5486 2730
8494 2484
3222 7662
4576 4086
1301 2240
175 9732
203 8253
1863 4204
3434 360
3319 8772
5676 7158
2959 9283
1538 2094
4196 8240
7671 9357
7470 5831
2309 2057
1294 6011
5314 8072
2278 272
8161 751
8368 5013
7834 5973
8685 9653
5895 9304
883 4350
9912 3632
215 117
9195 1520
7097 9108
6975 869
533 8258
2362 9652
215 6380
6454 2622
8081 9898
9408 5047
8782 820
4421 6264
4709 9858
1325 3895
3449 2443
373 4104
5736 4148
2347 1652
7202 386
735 9152
3722 2610
6768 4215
5921 8907
3515 5960
1771 2813
3203 5703
9022 7311
9118 9103
7492 1402
867 1094
4960 6443
5856 8279
1641 973
2716 5035
238 2716
7697 5819
901 198
5794 3236
8530 8718
23 8429
3998 1183
3926 130
9994 7866
9478 6251
1111 938
9647 1123
8959 3211
5618 4825
7372 8004
9168 1515
5234 6538
415 2137
938 9497
8797 943
7139 352
8118 8904
7370 3092
2826 1263
1203 7293
5281 6735
5790 5947
6406 8004
2259 9774
8298 716
7553 5437
48 4024
3277 3121
9775 3388
9491 9856
5819 8243
3372 4432
712 10
2269 9814
3816 2114
5772 7237
3167 5213
482 200
5603 9131
1931 2127
6152 6960
2364 1219
2243 2479
9331 58
139 2686
1852 6529
5431 7038
9246 7446
302 7835
9063 2131
1204 6722
1325 6374
8037 9719
234 3634
3275 3717
1518 5466
184 9384
9 3543
3010 4960
9205 2965
8121 3382
3428 5393
5577 1386
542 479
4369 7240
1500 84
2558 1461
1145 8505
8938 3887
8198 1145
6492 3110
8203 9625
1550 179
7061 1149
8569 9948
6859 7333
9452 9212
9007 6903
2371 5521
8038 9265
4821 9895
7884 7221
139 4905
6349 1349
4216 7924
8470 7192
8535 2254
6699 7246
3656 3660
4928 9338
4064 9385
1175 1833
4297 1609
17 1565
746 4316
343 2480
1052 8947
9242 8206
9217 1897
737 8279
6007 6447
6909 7549
9076 7123
1999 7338
3055 1844
5038 6832
4665 1074
6075 2417
4557 2605
3565 7437
1630 9579
7821 4024
9547 3456
3564 6834
919 7892
1682 7667
9057 2298
6739 358
2853 8399
7632 975
3034 603
9674 6305
187 641
7848 2432
2565 160
1409 1622
9462 9158
4770 2061
2537 2798
9298 5352
5962 1690
2402 7430
8215 9818
1916 8238
6487 7015
1900 2372
2729 8737
7939 2034
8533 292
4489 4784
5353 9993
9615 3743
43 9784
719 4823
4309 9283
2175 6359
9438 5615
3495 3962
6363 3229
2521 9656
4472 6308
8665 5975
3489 7832
596 1311
884 7785
4909 2215
1393 5020
9939 1881
7120 404
5261 2047
5811 3237
8851 1653
1183 124
3334 1896
6417 9728
3734 2272
5954 9171
4832 567
4012 1969
4626 2695
3100 1320
4162 8985
8970 1875
8870 4012
9014 6738
7107 6584
2214 4372
1372 9786
2140 142
9969 1359
6331 4166
6547 236
5872 5687
4192 9776
2832 8461
6028 7673
2654 3490
6749 7717
9143 9795
2990 9303
9471 5387
8771 2177
