2685 2111
7945 8133
9096 1574
4843 1865
3556 2660
8140 998
8713 4176
9109 1534
1692 899
3287 1398
8868 9968
8105 9663
1372 1968
2149 8808
8224 1891
6606 6715
5395 4449
9536 960
289 7435
2458 1695
5072 8374
9045 1253
902 8300
5078 348
3418 1108
4965 1621
9713 6218
3810 162
9765 5325
651 9639
2671 2342
8296 1214
6292 5886
9145 293
6568 9195
3848 9417
8232 9707
5506 483
564 8444
2738 1870
8330 7408
7300 8601
5940 6355
9162 3994
5020 3228
6378 3539
3897 818
1637 2621
665 7016
5154 3954
2487 1897
2381 5900
2164 2119
6298 5947
2533 2916
8079 1922
2035 8817
4914 5806
2202 4464
5973 4182
5918 7868
1203 1471
358 8707
6252 6828
4938 439
9958 9180
8873 8460
8797 3208
4650 2098
9043 9765
8169 9399
9426 777
5278 2341
7272 2890
958 8451
1314 3647
7594 9851
3035 4196
2346 9236
1424 1978
7099 5537
3696 6840
3194 833
7663 7336
8964 9090
8857 235
3012 7190
7487 1350
8368 2002
281 2964
7430 2545
8268 9490
5643 1553
1062 816
8480 9162
9351 9782
5858 1078
8933 6115
9505 5505
3194 6714
8155 9469
1285 8994
7402 6998
9815 9108
503 8046
2299 236
6241 8534
1792 4835
8435 2222
989 6088
3773 2076
1327 9085
804 9956
2619 7758
2054 2378
9931 1695
3289 7970
2372 9378
185 264
6600 8597
4040 3597
4302 1122
3307 970
9896 2905
1603 9379
4762 5573
3375 5525
1422 71
3180 8584
2907 371
8253 9514
9268 7366
1213 7643
1718 1372
8935 2656
3843 1367
1719 8525
8400 5777
5137 68
4460 1955
2277 8425
670 170
2010 622
9534 2283
1741 8558
7993 1045
8949 5147
2556 1726
585 8708
4754 860
3075 9600
7178 2409
3717 1376
4646 3487
2465 2199
1239 3755
7594 657
8192 7126
8607 3442
6728 250
8622 9739
1739 6036
1394 3229
1286 1728
841 8907
9313 8043
1676 3454
3302 7140
935 9863
8762 1905
9650 3765
5785 6425
2831 6072
8894 8068
8890 141
500 1331
6253 1444
9048 7479
1634 5708
6397 2895
9368 4460
9963 3623
8908 2099
4456 771
6214 2868
3451 6984
3201 3840
7992 2001
9420 836
9431 5284
225 3337
363 6407
3219 8925
4977 2720
620 1224
1827 8871
2458 9995
5705 2901
6038 2436
2164 3132
2078 3367
55 9408
1562 3469
8765 886
4670 433
8223 8160
6132 6729
4695 2085
9948 438
1414 290
6703 58
8797 9334
3049 7359
3944 7253
6083 6994
3754 475
4224 4009
2257 2910
767 8310
5113 751
2821 9804
4424 1590
7830 8215
904 9865
8576 8395
2797 834
6801 1797
9558 5743
9649 8988
3551 4810
3817 8591
2353 2901
2741 9142
3520 9536
8045 7968
49 6345
7643 251
3064 625
7711 4425
8068 8366
802 1088
3271 4392
5904 9889
607 9790
4856 7888
2185 8295
2119 6233
5535 7938
3648 2011
4527 3157
5777 8612
7878 1825
6315 3430
1017 761
9568 7750
2285 9657
6369 3029
4511 12
9190 723
5807 5629
108 630
4635 313
26 8288
9734 6745
415 4057
3344 6825
851 7913
8108 6344
4579 3688
3575 5693
6692 649
6700 4058
1807 8577
631 7510
4263 8681
6010 462
2074 9613
3357 9253
6804 1491
9023 4877
7917 4790
9761 5153
7428 1602
791 4874
2093 8817
9068 2315
1109 9232
2285 6534
6151 1871
561 7795
5963 2992
2612 86
9747 4199
8096 7003
9619 9108
2773 9592
2214 6083
3841 4490
9842 9958
7569 8914
6199 9931
4684 3736
2643 851
7914 979
2659 7638
1564 6379
1167 2640
9830 8110
3495 1750
9414 3872
8774 2111
1971 314
8304 5868
2116 1208
7621 9091
7677 2301
7379 9060
3067 6812
6474 3584
2663 9361
3268 9026
7528 6141
618 9731
9955 5117
7228 1688
1675 3070
62 9284
102 7114
6155 3831
4025 3650
441 164
6513 677
3274 9380
3756 3861
711 1992
5821 3424
1384 8384
833 1280
7130 9352
1990 5808
159 945
1779 2763
1947 2957
2249 7389
3331 9999
1487 9254
755 1473
768 8493
7968 1057
7570 1038
5845 6782
335 3003
9361 1255
2597 9905
8770 113
244 112
7549 2641
7367 2939
1712 2794
2869 5516
4072 3339
4219 8852
2760 7177
3860 1451
132 163
5367 2565
583 346
8030 7169
1227 1836
5400 5070
5295 4886
5518 8988
5842 2562
878 8601
2461 7648
348 2532
8977 6719
2926 258
1643 200
5867 8751
7701 2932
1411 6239
1409 7370
5040 2575
1321 9710
9590 2232
726 8527
9319 179
9956 3787
4211 203
7640 557
1892 8772
5376 5916
8527 2183
260 981
297 4194
9930 6623
1455 6048
774 564
7637 9542
689 3077
45 7603
4841 5357
1378 5136
2370 3413
7593 2543
5202 6806
5484 7022
5279 2578
8005 9169
9844 6537
3523 9121
2754 7716
9341 1087
8755 2994
4758 2317
39 7955
109 1473
6050 5578
9787 526
6007 2080
4568 234
9882 9165
7883 1856
9491 1305
4580 2014
9945 4355
161 7764
3823 1150
5892 1348
8951 3691
9592 7916
7586 1605
2971 390
7471 1804
9490 7203
1927 3732
3431 8713
1717 1317
2685 4579
4494 8548
1838 4316
8123 5858
538 7216
9912 3167
1116 9569
8 9122
9893 1851
9562 5516
8921 5739
2426 8961
1734 3202
6670 451
2673 40
6423 3320
3446 237
9198 3927
9995 7249
3922 2817
8050 9683
5376 7968
3918 6886
8416 2094
7818 9971
154 5276
1735 4344
516 4954
58 869
4572 1754
205 510
2478 8836
1287 1444
3196 1150
1141 2391
8783 8379
7554 6492
1666 3454
8533 2206
2736 7172
9247 9017
871 3488
9997 2721
2263 838
7469 3671
9899 330
7202 8938
3494 1194
199 1356
81 955
917 562
2494 850
3985 1840
3279 4823
452 3104
1310 7565
8971 6754
3066 3794
226 1477
440 8481
1326 1264
6919 5864
8824 6094
8001 3159
2203 890
4047 5580
3343 5338
3745 9052
8057 3566
6966 4749
6878 853
7980 7413
4178 2783
2938 1753
6022 6530
9980 3274
317 8541
6715 1640
2696 7351
185 6417
1187 5153
2382 2734
1061 6344
1324 7639
7736 9761
8352 7388
9923 1091
6607 9529
9185 1080
4644 8818
9497 919
148 8359
3108 9110
1672 2543
6770 9434
7753 8776
1632 4484
8473 2866
7430 5889
3609 1673
612 9235
9586 6375
7873 1647
3580 1395
6136 6343
42 8588
2418 1731
9840 6138
4413 9829
3630 9810
2437 8007
6435 2758
1368 8296
7254 9613
149 8826
547 9510
2841 6299
1443 253
5592 9555
4050 81
7370 3637
9883 9626
8863 9682
7120 75
6876 1673
1147 5224
6803 8114
9684 9902
1729 7139
6298 6172
7377 9521
9583 4239
9593 8243
616 5426
2000 3855
3758 4393
4632 8923
4309 2677
8348 9883
2093 9913
3130 772
7268 9897
3018 8951
1399 3422
1018 9899
943 7492
6320 1347
146 921
7190 1194
8369 9008
6364 9365
35 4360
6566 8160
2354 7604
1560 7167
9112 9991
9514 4790
8435 596
6231 3206
1437 4073
8498 6403
231 3773
7883 8085
253 4951
3455 1214
6330 2919
350 7364
501 6770
9743 3981
4676 650
7338 8788
4389 3208
9808 7744
8715 9137
8310 5961
7384 5646
982 8233
1430 3139
3140 8643
1360 3489
2461 1026
8813 254
1836 7637
4463 9011
4720 36
9814 5456
3618 5145
4183 4536
7433 8671
8449 5737
4546 1726
7451 9860
1170 5826
47 9671
9720 1318
1955 3411
2233 6873
7364 1728
2346 5767
1896 4902
534 7342
238 8094
9627 5983
3018 8658
1903 9636
990 8623
1443 3217
5834 3403
452 6058
2235 7354
1885 5255
2987 295
5728 1444
9573 6115
834 6672
4769 7374
5953 2694
8132 436
1500 8064
281 8683
7831 3306
6163 3196
1821 3397
8275 3728
5574 586
3946 1406
6223 4778
2509 6305
9859 8976
66 3538
4110 6752
7869 983
1879 3923
2910 1890
2085 7536
8306 2925
6283 982
3454 324
5457 2261
7557 7496
8166 5654
1289 1177
5717 1025
5834 6516
8624 6636
6996 7608
670 9659
9307 9658
5514 5751
6150 327
2910 2411
1160 6414
1526 7694
4215 9132
3620 5060
1131 2326
7519 6822
450 1043
1150 4136
2979 6940
383 3613
3696 854
7868 8562
267 1025
8568 562
9382 7729
4574 1351
1060 5020
3030 6115
8751 4973
3957 5602
1774 3051
1355 367
4437 3615
6357 5118
1393 1400
7240 6899
1722 3534
5186 548
7419 863
229 7953
2773 195
1474 2395
3063 7325
7853 844
573 1099
6837 8845
9908 5857
742 3519
7421 2904
9399 3347
231 1237
2204 52
6636 90
7788 7801
7478 7724
1305 5856
1416 9754
8264 9963
1851 8891
1864 7778
9991 1528
2879 2670
9192 9662
4200 247
1941 7500
1406 273
9133 8462
3051 5531
9634 729
7306 7504
780 9957
117 308
2308 8870
1678 5823
2499 9084
99 6962
1846 2545
2237 7781
9126 8269
9147 8728
8652 8377
7059 1728
9985 397
2560 6174
4477 380
2438 6733
1521 1957
9058 5376
1899 2672
8703 8217
72 8023
306 7534
2067 7580
706 8664
8100 675
1778 7315
838 1491
9076 2400
2726 8313
2595 7326
9635 9435
5356 3596
3070 9035
9892 3773
8597 443
2621 3946
9833 7070
769 8850
8147 9139
2015 8175
562 9850
9823 2199
9342 462
8399 2013
1882 9259
6854 2620
8943 4508
8516 7958
6880 6321
9492 1169
