8469 7334
2783 6856
442 848
7857 8267
3112 4560
9658 2122
9092 9002
302 9248
5007 4606
8258 9621
9840 9310
4160 6966
4853 3245
949 4080
3534 97
2887 6702
6974 9088
8070 6290
5475 793
5235 1589
6099 611
1462 3942
1479 8186
2180 7367
3939 2518
2360 4045
2306 7433
4076 4339
9949 2540
6980 7153
6339 103
8620 6582
8758 8343
445 359
864 2823
7374 9291
1797 7021
8229 698
8557 2050
7240 5297
661 4440
9728 5573
209 5619
9323 9716
2509 362
384 1279
1778 4820
2754 7857
5615 3162
5858 2224
5366 966
2180 4729
7544 2666
8916 1350
2788 1192
4266 6929
2076 8958
4653 8003
6643 9858
1416 8134
4435 3122
6753 9739
148 9409
7606 4047
3713 8074
7102 93
1531 8084
9359 1300
4119 8972
2716 4330
8876 9773
6455 8513
3348 6660
4070 2471
6447 8518
1352 5772
2230 906
8639 1989
9077 6910
3764 8115
7254 5456
1166 4571
2265 8591
3663 7831
1821 8313
3552 8897
9509 1854
4 7140
4905 7967
9187 491
254 7580
2656 5489
907 7056
5368 9018
5791 3895
8647 1309
1661 7533
401 2284
8475 6041
7680 2042
3105 9610
9044 2671
8323 8006
7840 6451
9562 1721
6070 295
2671 467
9 2528
9082 7676
2797 472
7420 3915
1744 1672
4020 1391
8812 2577
5856 182
887 5398
2936 8471
3648 2840
2477 8451
53 4278
422 4270
8459 997
9565 6188
6628 6571
51 561
6801 9531
1419 8251
3595 6324
8638 6826
3399 7590
5489 9168
2000 596
8187 1566
5369 54
2986 2433
2558 7895
534 3949
8189 9727
4035 2821
928 8287
9217 4827
8660 205
143 6696
4815 8302
9022 9453
3446 2947
7842 6775
3604 3003
6861 1426
3288 1872
9545 5140
8336 4552
7577 7770
8512 1977
1906 7955
8516 3597
1436 6129
6816 8849
7716 9780
3535 6444
4127 5672
5557 2253
7882 3158
8031 3147
8251 8483
4206 6499
1230 5462
1805 3051
3116 7906
3236 4036
2486 3965
3609 367
616 562
8164 8618
967 5771
1527 2841
8235 941
3847 7087
8172 9781
1905 2118
8507 1656
4096 1888
3417 3418
5613 8398
9139 831
3959 1681
332 9317
8945 8163
8119 8322
6035 9039
1865 608
6374 8239
9107 744
4316 853
7784 1702
2813 9679
6383 9883
1337 5839
2417 9846
6154 2997
7187 4192
2872 1390
7564 9344
3378 1091
1832 9610
9857 2498
6504 980
3818 7513
6095 1208
9781 1694
1278 6409
3530 312
382 5350
2124 1770
4954 2164
7702 6708
9289 1268
8988 6533
1680 8038
1517 9710
7609 3893
7733 554
7846 8406
3173 6463
8516 6970
2324 2447
8987 1070
7112 9350
4919 6767
7403 7845
2748 9712
5684 6341
2129 9545
8935 3512
8945 4060
9396 9994
3296 9242
3622 9165
3366 8858
9756 8997
3204 1440
570 8914
2472 9664
4120 1314
6116 1424
439 7466
4972 2833
7815 9771
1294 863
8493 9933
4731 9308
2939 86
837 7066
8352 9841
2764 3797
8545 4228
9224 7564
5500 1789
2447 2131
593 3691
8588 5358
8115 708
6298 8203
818 7583
2496 2014
4288 9021
9766 1467
2659 9467
7961 9317
9903 1036
8348 3436
1988 1046
9756 2176
8473 5413
6834 7050
1385 347
4061 445
5252 2
8922 3033
2670 356
89 3217
8024 6340
2960 2517
3759 7984
9763 1263
8045 1048
6546 2418
7498 4671
5529 4871
1152 666
9064 4541
9181 925
1582 2712
1162 63
1112 8604
156 1433
7217 8629
42 8538
1361 1023
930 4619
487 8232
8485 9318
8838 3160
3049 2734
5282 685
8668 4415
6524 9592
1636 9876
9624 3193
7243 7064
6999 7854
2438 3501
9218 537
797 339
5861 1538
8878 4001
5656 9480
3211 9422
1302 1503
8518 9616
5114 7220
8354 5563
1447 191
3814 842
9291 243
330 2404
7661 3664
1214 7909
5588 8164
1134 8703
3103 1617
9391 177
8731 576
1657 9418
425 853
6445 236
3543 8057
781 973
3706 9512
856 7977
9945 4015
5206 379
1379 6431
1624 228
6992 1811
3537 8913
6772 2055
9738 1327
3602 9558
9812 7552
9261 9902
1149 1014
8919 2581
6485 6446
4640 8491
3016 8670
2051 1060
1801 8914
1400 186
4832 286
4177 2173
179 1528
2069 201
8472 4377
8496 4069
9729 1991
89 5017
2901 695
4690 9134
1041 783
4274 408
6379 9065
6828 4062
9783 7498
357 2729
1440 9047
3993 7735
8647 3685
3655 30
2226 7085
1088 4296
9799 788
5845 6507
3120 9662
8499 9695
1359 8402
9791 5479
5844 9827
1634 7447
9836 297
4006 1770
1188 8520
8472 9696
7419 1124
8922 609
2790 2324
1277 7057
915 9423
5406 1882
8580 8502
5637 1495
5299 3980
5217 8191
7590 6442
9733 5659
9352 3734
9831 8553
4451 9341
535 9830
9930 193
8501 3864
9726 314
7523 3935
9157 7058
6670 8934
381 1113
2359 5367
3697 3396
8778 7803
8516 3089
831 5389
8733 8954
1723 1095
8452 737
3613 6300
6095 7436
4136 7244
1319 1545
7495 2664
5782 3169
2560 1704
5863 8874
5687 2223
540 6102
9630 583
1777 3182
871 7788
7829 977
7113 5487
5604 9791
6321 9032
2477 7313
997 3592
9547 4188
3840 7223
1992 74
220 3671
2210 2529
3132 6755
1797 1137
9102 548
7861 5978
3963 9801
8364 4631
9304 2489
8660 9657
5267 180
9530 1102
897 7162
8129 5420
8890 8142
228 233
8995 4888
9870 8251
8910 5994
3706 8436
3551 816
8343 910
1727 1334
4057 9664
6858 4829
8810 812
335 9493
2370 3515
9414 7998
777 21
8974 749
2971 2074
137 5838
6058 9062
5399 130
1625 9154
3504 9902
727 8022
3203 9654
995 2314
6745 5171
823 3547
9295 3073
5496 6591
501 3029
7117 1107
5016 3748
6010 7440
9765 9356
538 9421
160 5030
8712 1696
9564 9869
9056 4215
3263 8090
9256 9106
6525 9737
9776 520
363 7857
8766 2036
1713 3883
1397 9523
4031 2296
6746 7090
8804 5189
3612 2349
3793 3327
465 1088
6088 9323
5962 4668
1607 3758
3360 8153
517 8454
1224 2425
554 9266
586 1652
8199 7922
375 1060
1508 872
9785 8027
5010 4715
9718 1957
9741 1028
407 2431
4510 1378
9406 6538
9999 9545
3462 4768
8060 8276
1971 2606
7366 6785
244 1479
2367 1294
458 694
9021 9863
8610 2830
3492 1641
6883 9022
4282 5580
9562 7972
1863 1230
8556 8875
1071 3346
536 4014
5362 6334
195 414
9782 3163
1259 4983
1453 1727
124 5247
2254 5904
5411 8679
1569 9913
2961 442
1679 5444
6843 2035
1133 9611
6089 2098
7056 867
2933 2567
5629 9661
9131 6603
1288 4646
8100 7413
2628 6657
6847 1358
9063 1364
4311 5355
1434 7729
1545 7853
3476 1372
8649 1185
8297 4162
7669 6152
3227 9731
9441 1261
852 4466
5612 488
8167 2502
8395 2518
6161 648
8806 8990
3263 873
8528 3402
2833 7961
9810 3980
8383 1079
7514 2863
3176 1884
5723 7341
2451 1745
2306 9890
9349 8636
1757 7591
7308 2880
449 1838
8969 358
2126 4941
4042 8042
6403 7383
9758 7608
5896 8873
7334 4338
728 2103
2336 1125
9349 9404
9948 1590
2959 9237
4358 2923
8252 9622
8056 4881
7342 4742
9923 5440
756 8703
2979 3324
434 1580
7212 1981
7988 7315
6173 4656
1930 1861
4017 5384
1346 7350
436 1387
1603 9325
6319 4356
8344 6052
234 4407
9199 150
9879 8558
2093 54
6006 6757
8860 9333
9424 1162
725 8171
3839 1450
1970 9154
1305 7699
511 9666
6632 916
8835 138
7751 4011
9175 988
642 1613
7087 2390
4655 7509
130 4071
448 1253
8850 8250
1565 7393
2429 795
484 7857
7691 9576
3579 1114
7805 8515
3380 877
8509 0
6300 280
2454 9864
3602 670
100 1195
4383 9130
3872 5131
696 1458
1479 1202
7683 541
4219 9296
1995 4102
4566 709
1219 9748
122 3842
712 1658
5140 9859
5942 4220
4797 7561
2371 7754
4542 7280
1209 169
2508 9965
9836 472
1468 756
9684 3331
1502 7341
2051 6199
2010 1066
7631 642
5673 3951
9088 4608
412 7189
8875 2914
1161 2865
1871 9139
3977 1765
9999 9093
5271 2488
5275 1973
6684 4331
2052 8378
805 4478
2447 4496
3352 8376
3645 8867
379 8589
846 4021
4042 290
2959 7398
3479 9338
980 4595
4569 3757
6298 7526
6766 2926
4019 9867
3056 5866
9136 4397
1922 1906
2510 9512
3784 7624
8345 8504
6726 513
5423 7280
1489 9850
7523 5772
2744 2100
832 1992
6142 9102
6394 961
771 3074
6134 9772
9281 717
796 1935
1513 3647
1393 2419
9830 1588
9614 9017
1496 8024
6649 1735
1927 9788
2839 8231
8622 9666
82 3867
6962 502
9878 9877
2847 1410
4020 2261
3530 7739
6208 1858
6643 1548
9864 2102
175 2603
3148 5041
1079 9178
8489 3916
8568 8648
8370 9310
9358 7721
9964 1780
4463 2449
5797 4129
5275 4816
9904 4367
806 3274
483 7459
225 7182
3248 7226
8582 8704
211 9242
9607 86
4941 6633
1577 2989
9532 9199
7663 4471
9107 1844
7795 569
5764 5465
7823 2635
5762 6624
1907 8633
3845 1065
7474 1444
6962 1400
7709 691
4949 3223
9254 9874
2881 6
8296 3587
2379 653
9189 4393
351 6216
9176 9307
1262 9523
7393 5387
3560 5883
6457 4152
1531 6041
909 5738
