306 740
1629 4087
5669 5372
9102 1904
4270 8001
509 1432
7794 4373
8056 9901
2157 2009
5122 800
3932 543
4870 9704
2441 8669
2001 8406
3876 2198
8377 8257
3601 1337
1452 2989
3873 2699
1862 7601
547 6666
368 8897
9061 8660
2920 310
4780 1283
8203 156
3546 7274
2920 557
1876 6681
2915 5830
9915 7399
21 7904
1652 1469
755 3024
8257 8196
4850 3449
537 9873
8005 9171
3843 88
7604 8738
2061 7931
5709 1895
6948 1361
5948 2140
9725 1600
3771 2400
1177 4339
8449 3060
9472 1819
1669 2824
7893 9124
1238 7305
5444 8012
2440 3362
9591 1394
8464 192
120 5123
2163 9497
7280 2044
4596 4495
7728 9648
2409 7423
3354 948
302 4525
5608 3370
3957 4615
517 5353
1967 9460
8960 8190
9974 4667
3334 960
161 3183
3623 2631
1757 8665
5174 136
1387 4562
6504 4577
7840 9754
8994 1525
1572 406
7718 3083
5684 103
5272 8133
1591 3650
1924 1635
3589 2521
6618 510
5267 3844
605 101
716 8401
3342 8669
9972 9568
7288 978
8043 3239
5154 9583
9166 3177
4667 605
4074 9872
1492 4457
8966 1193
2210 136
8508 2691
7743 4304
9833 9656
7069 1986
3543 8533
144 6917
9320 9287
7827 2567
4468 1820
742 1359
2250 8467
8146 5331
9401 9342
5234 6704
7303 4562
338 6657
8626 9193
2106 5542
4925 9899
1673 8055
9042 2615
9868 7947
6867 2301
2013 6272
4296 4718
2727 1563
5088 6106
2503 3246
918 2487
8788 2057
2442 783
1887 808
958 2443
7842 7957
80 9106
3649 7881
2502 6423
9309 8617
5316 4685
9348 713
8048 9602
1286 286
8486 9703
6893 7911
1343 7065
2286 1056
2506 7332
7468 9310
3251 1320
1148 3973
1162 2559
7586 7981
2453 8250
8846 8562
1141 7222
1888 2300
1760 1876
8399 6948
2322 5292
3105 5134
3823 4111
7443 3480
2378 3893
4684 5221
741 2013
2002 3642
5523 4308
3666 3746
2910 6472
2165 9536
4378 8552
9472 8700
29 928
2234 8342
5323 7428
3676 3301
8089 595
425 348
3553 207
218 1855
2282 3152
9203 6064
778 9938
5979 9822
1615 8705
9491 3349
281 4382
2765 3651
5076 2586
8651 6252
7667 2317
3283 2930
1861 4663
9768 8191
8050 9773
7805 2287
9010 9824
586 8797
9111 2417
581 8737
1975 767
7139 6901
9608 6935
3502 1283
1765 2336
9537 6326
4140 618
7039 5749
2658 8246
4840 1533
9060 1971
4154 8793
4733 3365
8019 6541
1957 3854
2026 8829
9874 1419
5075 9917
1824 7373
3150 4116
5853 1199
7941 2695
607 9624
2666 8204
7639 9267
6272 8102
5284 206
8521 7300
7082 6497
1574 1456
8792 206
6747 5433
6845 8229
185 1538
131 5768
838 1954
9137 9622
2807 9887
9832 2599
2638 4444
2416 4898
3394 9940
7891 9204
982 2340
2620 6381
6538 2573
9353 224
7951 5984
1799 2351
1820 9604
3793 169
8820 2241
8443 9573
7371 2556
4330 2863
5530 1178
3269 3165
7994 9984
7692 2053
2412 1369
3686 7883
7299 9059
1608 6297
9298 1330
9055 9974
5909 8804
9279 9319
4879 7098
6898 6258
5519 2440
1945 8053
3856 9489
9142 8267
998 1287
8487 760
6581 8555
9896 9125
2679 9180
2465 3320
281 2125
9932 3952
4150 7348
7231 9301
5904 3297
2049 7063
1907 1210
6300 1320
2447 3726
3245 9695
2032 2135
2923 128
8019 8184
3435 4342
6630 3446
3849 3820
9970 8957
8230 438
9414 197
1276 8680
545 7051
5408 3651
999 567
5274 8764
7504 8278
2317 2151
3861 9154
7000 7832
1357 797
43 7060
2150 7087
1324 2179
742 1576
6248 1696
9894 2914
8266 2193
3173 3258
561 4407
8916 9523
3234 6544
8644 7514
3811 3694
2191 1647
927 8918
2443 3427
8858 3776
3770 9947
1712 3873
9012 1857
8266 7409
6196 7130
6162 6323
7044 5808
1597 7589
4330 8963
3140 1158
4286 8371
2090 7360
5793 2395
193 565
8294 4758
6887 8807
9640 1708
9174 2714
9653 2065
5953 3966
7865 9010
3007 8590
3283 3817
8854 1540
551 8257
8332 4869
4023 8038
3941 528
2756 862
8021 9681
3498 5947
981 4036
2858 8884
9741 3291
967 4119
1990 8171
4028 6539
7410 7577
5824 1322
5937 723
5778 4900
1957 4467
2989 2161
2050 7157
5189 173
9193 2039
3618 9669
5213 130
5999 8120
8514 564
9134 3310
5857 4500
2148 6105
3786 1772
2369 2308
2083 2845
4768 7211
3786 9118
1170 8229
8178 7951
3670 4077
2381 7395
9565 747
2857 2266
81 1388
2206 5148
1185 8394
9825 405
5697 5068
8664 9260
4273 452
8301 3695
1892 5748
8984 1631
7660 9269
903 6447
3460 1588
1926 4312
8436 3776
1772 8037
3931 3586
2712 7216
9828 6602
9144 4756
8018 1304
2111 1096
2318 8763
9549 8188
1789 8135
7392 8682
14 7462
8965 6843
1273 6278
3816 2567
4704 8362
3512 2174
5215 9579
999 9025
6060 1278
2604 7822
9784 7300
1224 9647
7625 3309
8676 7670
6023 3345
2109 5503
3514 1963
6455 2383
8129 7528
2706 1957
3428 4422
5426 9124
2536 4258
706 6014
3755 6348
9759 1641
8371 9276
7327 3880
7334 630
2376 8574
9788 5469
2055 9431
2272 3251
6381 9362
9540 5227
3313 2723
7247 3469
2089 923
9536 0
4946 5383
1962 2954
6984 3742
7253 7579
4807 7705
169 1253
7353 9661
2297 7499
3965 1620
9310 6454
2552 1629
9715 6521
7741 2414
8529 9681
9092 8635
4279 8595
2616 63
7880 7066
2973 7400
435 6183
5231 4450
7156 448
9291 2550
9960 7660
6580 4956
4191 2071
9422 6398
1534 516
5868 9338
3680 4982
5239 1021
3009 8499
4555 407
9893 3396
2937 1420
7097 8885
9347 7145
76 1038
4417 4076
2688 9859
617 9764
4035 209
349 2374
7822 3148
965 9773
1829 1903
8154 1266
3098 1895
2622 5560
403 3077
8715 9314
3162 82
9257 2287
1744 4177
8521 5754
6053 4135
6376 2174
587 1711
8992 155
5655 1331
1960 9390
7808 503
3761 1268
9119 7295
1370 7090
5837 2292
783 4929
5638 1674
703 201
9509 7566
4593 2976
1714 2540
7461 117
1530 406
9806 2358
5691 9682
5877 8124
2829 4609
4775 1811
9430 8770
7583 1400
821 9089
8057 4846
9397 8336
1072 2264
8562 2129
1360 763
9338 1215
5576 4596
9116 4656
5430 457
8934 8273
7132 9633
192 5387
8742 5061
4279 8688
8920 5751
2554 3479
5914 4191
9868 7158
1359 7982
8785 5050
5339 7267
2036 3889
2384 5548
7821 446
8207 1137
6324 3317
6568 9276
4602 7010
9097 3842
235 1915
2629 5342
2974 9797
8102 1066
220 93
1366 7343
1689 718
7763 59
704 1356
9131 3611
8711 7464
3352 965
6334 8327
881 5693
2722 2137
8615 671
6427 9723
7680 8041
4326 3916
2753 9699
9710 2356
5324 1477
665 2550
7540 2395
6583 8249
4969 3482
4623 5487
562 81
7053 2375
3292 150
1133 8155
1632 9169
1724 4157
1128 7439
4613 3972
1528 1640
3668 5123
1432 9089
133 2838
2251 9430
9348 413
2450 1426
2123 6126
9611 6803
9859 4421
1699 6720
875 2657
2576 8183
2464 8756
3383 9462
2416 4002
4446 3589
1601 8399
2726 1455
6124 6898
3428 6733
4070 1352
4118 4416
9531 1046
7152 9802
6576 8623
625 114
9782 7300
1228 1743
2883 8833
497 221
9809 4977
2732 1610
5116 1973
1751 224
514 6573
523 6365
4215 9802
7499 8984
2757 1401
8046 7841
1803 3245
7289 2776
3097 1186
755 875
5201 1616
6656 78
391 5028
7962 2185
649 2681
3841 7656
341 3724
4827 764
569 6382
1537 3494
5403 4087
8484 1372
5837 6176
8147 2352
1735 3658
8761 5302
9773 8899
2272 1248
1500 1625
2094 1052
4405 509
3460 2316
309 515
1343 9662
3122 9002
369 8791
2057 6930
8387 8385
8079 1188
1589 6029
2426 9146
8651 7668
9248 7002
7480 3461
2201 3951
8316 853
2127 4639
5413 883
1479 1049
7796 585
1954 1297
1831 5418
6407 4966
4036 9952
6462 9777
950 8796
2017 2018
9864 8375
9607 8633
1464 386
2815 4798
6215 7123
9014 1550
8580 8677
8231 2611
365 9719
2109 3845
5790 7761
4647 266
8994 1312
410 3463
9944 8659
1844 383
3137 8042
9933 126
6253 9077
8622 8786
2609 204
5529 928
9975 2761
3136 6640
2156 6265
7820 2365
9448 1783
200 8717
4853 9797
4353 8827
4852 447
2966 1371
1796 1367
2410 9174
1007 8773
2126 6862
8537 9604
3313 4331
1847 127
5278 1732
207 5570
1101 9737
6027 9645
3015 7145
815 7546
1755 5642
6990 8548
1416 700
3562 2695
8571 5926
7496 3441
4359 9284
998 2011
386 4107
5697 1135
3127 3270
7140 2085
4755 8973
857 4119
2622 8894
457 2599
1102 2495
6472 4048
8239 1922
838 8810
9280 4274
3642 45
3338 9249
8966 9615
9679 1158
4474 2314
4892 3632
4714 2808
3622 4178
1450 9602
9301 7460
7509 2616
3124 393
8837 9348
9514 1197
8957 8837
5710 9704
1191 73
9568 5616
9182 1627
8366 4222
9273 3462
8277 1121
852 3124
6695 7304
4681 4473
4196 6610
1477 6968
4932 3399
1902 8801
662 1544
2213 5069
646 3504
3804 1814
2091 8606
1788 2143
6930 9022
6679 1474
9955 7068
1954 8448
8859 740
9074 4677
