5583 2322
2558 2308
1228 9158
1351 9866
1368 9132
6473 1729
1028 4108
9208 7673
9048 2162
7245 2236
2069 2674
9119 9532
1187 3625
6127 2803
1249 9873
1429 916
2347 413
3664 2440
9984 9193
2461 9968
2960 2580
1015 7994
6467 1852
8801 3480
9774 2409
9870 2773
875 2321
906 1671
5433 7868
141 794
5165 2693
2348 8379
1922 1208
2460 8319
843 9953
3022 9254
1041 8360
8317 2878
3813 2788
8233 938
8300 2834
1248 2557
6141 2944
1625 8780
2357 8073
1941 525
1749 2161
3229 9152
8080 1128
2716 9668
2472 2245
2255 3052
4284 32
540 2982
2913 10
1337 6691
5929 8844
5776 200
1131 36
1730 624
7366 427
2581 8442
2071 127
9189 438
2614 235
2557 1412
930 2624
2812 4173
7325 1167
1897 746
9248 929
5703 9547
2097 9835
2775 9484
1650 2303
9224 2149
2940 9310
575 1111
3462 8968
9512 1222
9004 6185
2058 9187
5022 8251
2190 855
2630 7683
753 3997
9868 350
8739 3886
9905 9546
472 875
9677 9273
1200 6532
1881 4050
3923 4258
1272 141
5382 457
1980 8468
423 1507
768 1520
783 587
3594 2636
9316 8113
1397 1340
4081 9008
4059 8441
2930 9255
1694 2853
8362 3522
3140 6203
2152 55
3374 2745
1144 6776
7771 3490
996 1010
6654 59
2810 9851
3628 2579
5245 2424
8888 7796
4183 2334
6933 2381
1531 378
8749 9136
242 7992
1971 1553
3315 5929
1548 8540
461 9827
1062 3026
1676 6721
1485 1430
2740 3730
1524 613
6624 2394
2760 7918
442 3196
1936 2763
1268 2493
2900 2955
5292 2202
6330 721
3316 655
404 1363
2097 1176
4706 9586
1723 1761
1589 9983
4663 328
6333 3108
1459 7173
659 9057
9716 862
9334 9675
3686 5944
3943 3623
3544 9396
8648 2437
5132 1319
3943 3641
2730 9844
5427 580
8768 1050
1392 2491
6095 1753
1699 186
1877 9241
4869 3407
3110 3807
3542 2143
1118 3856
1736 2319
2550 2405
3859 1469
4462 9993
4851 2199
2804 3862
505 9767
1581 230
9668 9565
2425 2163
2155 3044
880 259
9949 8644
6729 1917
5202 1001
7353 9100
2586 7858
1692 2379
4937 3717
6255 2290
8752 836
817 7274
4494 3251
4521 4022
3937 8172
1236 442
3338 1985
1001 2345
276 8771
9467 9
6942 4235
3254 2507
8729 1611
9830 8054
2254 25
4053 893
9674 51
2216 9047
1438 4844
9281 385
618 8507
9871 3494
6579 1806
2252 3618
4854 1692
2681 534
4063 58
4857 7067
4996 4256
960 9924
1570 9704
4455 9567
5844 966
425 3093
4129 3377
5036 8795
9572 561
1695 6864
8955 9870
1195 6043
9786 264
4215 527
1378 94
2209 5117
2738 97
4949 4702
1917 1720
1799 9154
4644 2129
1674 919
4531 1843
3600 9821
9565 1195
6089 7945
8843 8371
8468 2743
3100 9107
7807 2332
3132 4459
7345 3964
476 1328
8963 8036
893 704
650 708
4790 2871
5549 141
5252 830
4416 9207
140 2690
1590 9677
3808 684
1960 490
9452 6232
9582 9487
5172 7747
2579 1667
9762 3038
3703 8889
5872 925
5943 1870
8054 3004
216 8472
3535 8667
2831 1470
2707 760
1999 1110
8018 287
9942 1940
8724 202
4441 3988
1802 9321
4537 9883
2172 5733
1032 8725
4313 8516
3680 9924
138 4455
367 9809
8457 9737
4907 2857
1566 1731
1490 2001
6436 2970
8554 693
5496 530
6965 1621
7334 2143
620 9589
2509 9704
8175 3006
4627 1020
4418 1026
6071 2832
8112 1992
9279 4597
3411 7526
2452 9160
7299 837
3141 1286
3922 3562
1320 808
6732 1284
1652 3496
4952 4859
2259 9367
754 1708
2220 8145
441 174
2504 1497
2094 430
3514 1476
1494 133
79 9221
2567 7560
9063 3418
3109 2092
2049 1694
8235 8874
1348 5021
2008 1037
7082 2012
4791 9056
2656 1487
3982 9085
3197 2708
4318 6905
1473 622
5533 9321
1879 654
4483 6734
4963 1849
6871 4946
1658 6275
6073 2333
4099 3599
4374 2873
5923 677
81 1053
8773 9479
6124 2653
3141 7688
3279 5159
7269 3433
3588 661
1228 540
2419 1668
2725 3837
2019 8608
2781 8693
2718 1434
1594 9237
5786 3844
8357 8764
5272 3214
3137 4257
9310 7306
1340 2941
2091 1012
9972 3499
8282 9353
3609 2773
8237 8784
2239 1423
8613 3195
5517 5162
1906 8941
998 208
1990 7134
8721 760
4218 5483
4089 2116
1569 1637
6676 3543
853 625
4455 9529
911 167
2717 1321
6267 226
157 9827
9773 9305
3538 372
2539 9793
665 7753
1204 8287
9688 963
2772 1275
2729 657
1816 556
3249 153
9618 7427
1620 2051
5742 2094
2745 2578
1205 3291
6587 1264
2188 46
1618 1870
1166 3201
3408 1485
5839 8033
6711 253
1620 1004
7850 535
2574 2067
2972 3654
5636 1285
5439 1683
1801 441
5232 1708
1978 2060
3508 516
1481 8146
3076 593
5687 1220
185 1900
9550 1406
6350 8868
4074 4292
2850 1827
1114 5109
1747 2392
6852 4932
1761 4044
6228 3020
369 9174
1690 39
3129 1507
58 4452
1497 8144
2538 801
1832 8790
2464 1001
3192 4681
2731 7352
6151 3676
9056 628
5242 2687
808 8565
8760 239
9634 2173
9201 2285
636 1548
157 9287
3416 9944
6155 2105
7022 901
578 9945
7150 2779
843 3046
2646 3637
6491 5330
3601 1120
2181 9288
1668 9706
6412 2831
1182 2103
1719 3601
4956 1530
9944 1193
1944 1733
4182 3335
9526 8381
1332 1144
9501 9358
2835 647
3476 7715
1390 438
323 8119
2103 8425
4544 3711
9843 9988
4280 1377
3074 9654
2721 481
9278 1737
6173 1614
1063 9442
5831 1594
6342 9654
2126 2285
4863 3674
869 2285
1426 3096
4609 905
4383 5181
772 9662
1041 2778
3297 9173
1643 9626
1757 2567
8409 6904
1247 6419
3728 8722
4423 7734
4216 5925
5709 1790
8877 3473
5733 3041
144 9922
3139 6777
6621 1526
1407 1142
355 599
8577 1402
2447 637
2126 9469
1648 2269
138 9628
1292 657
2233 9424
8143 8209
2117 1256
2709 9542
1391 8382
8588 9889
1735 1083
9473 3512
3061 1210
5791 2609
1548 8454
9579 7313
6144 4673
1268 7902
233 349
1323 8592
263 7947
7400 2270
3381 2639
2367 8377
9582 2223
2303 1967
4015 552
9725 3184
2701 9970
835 701
2257 130
2068 1246
1545 9226
1402 8512
4146 1822
9157 9273
156 1004
2813 3740
116 3430
2127 1835
867 1263
5122 2235
1779 1027
6957 2230
4917 1537
1096 3081
675 7765
281 9266
3469 1430
2948 1835
8719 8409
3275 9283
8467 9338
4307 2687
2474 1817
2211 3658
9240 9401
489 9566
291 1597
3130 172
1125 1661
4924 404
1224 8047
3442 1808
1942 9904
3411 945
2358 1996
6045 1931
6406 778
5155 2789
8420 887
1238 7325
2397 3412
2205 8593
1496 786
6114 2979
2356 1406
2276 3360
3728 2970
5918 9200
9983 2018
38 8628
2642 9991
3341 3046
9965 810
6125 1685
3792 349
549 45
7037 3911
8634 2658
6684 89
3563 1181
4797 578
2695 1887
2510 5634
2599 9000
4076 8622
1178 7428
1860 2928
660 937
5642 1838
5805 2201
1970 3572
3082 6619
3739 3594
3284 966
2700 290
3725 587
2120 3498
5989 4115
2487 8139
2817 1122
3065 1700
458 8517
1825 7522
2814 2127
9586 382
9745 5888
9772 1174
5361 7593
1392 3442
2743 7436
7434 1727
2050 5254
806 9892
9260 971
2108 2077
4174 9058
1830 1547
3349 1095
9216 8549
2743 5059
1442 2890
2179 1719
1001 8508
3618 3336
1831 8867
3549 1296
764 3604
298 561
841 809
4600 3024
7101 7709
1226 9129
674 1077
5239 3514
181 8365
4609 467
7759 1406
2894 3781
4092 8579
2097 2454
1022 2336
7145 9805
2125 3855
3942 9058
2956 2035
5076 1012
812 8384
4196 1088
415 7247
1069 3845
9595 462
1087 1251
2251 2777
2793 9247
1797 9084
3717 5022
4523 2880
368 1668
6946 3188
178 9662
384 4901
1362 1074
6049 3351
2048 9605
9622 848
1362 9714
3178 561
4776 3901
8376 430
8801 8777
3419 754
9388 1273
1072 8172
4441 7541
3785 9222
5775 1921
1385 8223
1729 8033
2334 8692
243 9345
2164 376
5106 7940
2747 2939
2154 1024
5216 8495
2427 2592
8501 9442
1703 9728
1189 9525
4342 2854
4527 941
9518 740
3409 8836
1567 2893
2796 100
9742 1397
9324 8957
2370 3226
1026 4143
305 6598
9299 3936
7439 2307
1176 524
4860 2825
1643 2250
2641 8582
2754 66
2906 1939
1259 2242
1268 1564
2639 1842
4641 1312
8913 1123
2707 8612
9152 2735
5056 1518
4628 564
669 9853
2802 1338
2081 876
1512 7132
194 462
2283 2817
4624 1753
4116 8126
2186 9062
6805 2165
3866 9183
6899 470
2101 2706
1387 3034
9835 555
3908 9912
5004 1107
2040 9084
1115 1043
4358 5053
6075 9513
1996 1039
9945 524
7221 7040
7162 1392
2287 8412
7536 1682
1650 1314
1783 9562
3578 2592
1449 9546
2668 1864
3224 4306
1449 12
7748 9823
2560 8207
3082 30
3353 762
831 8468
2617 9882
2928 9942
825 1892
2714 3417
5609 1744
6981 2795
1133 8671
7089 5437
238 1943
2727 476
1847 8679
298 9792
4851 1638
9532 1806
1562 1642
9438 338
4700 3711
3498 609
5852 656
6727 1841
3360 9962
2781 1386
4622 2736
9504 3410
6306 2342
9814 3456
850 847
4906 1848
2029 2285
1568 1145
3044 1616
1305 4963
3571 5163
4906 1875
1056 8051
3029 2628
230 8247
6234 1517
990 9256
1725 8960
2589 1984
1834 1520
744 8858
2724 442
1773 4668
7336 4550
6615 2804
9741 8435
872 7979
2583 6837
4138 700
2974 5410
479 567
3887 5557
6575 2987
9860 2412
8020 2311
7351 2552
1991 7218
2766 1625
4240 9625
2911 2138
4049 1036
1644 7430
4438 7084
3352 1206
3850 9714
1099 3914
9317 8894
5049 5688
6679 9496
1850 3590
3296 240
5799 3961
558 832
2532 3111
3069 3096
2327 536
2393 1650
2592 3180
5987 2300
4153 284
3199 182
1216 1493
9674 2244
3506 8466
2481 1610
4111 2380
5570 1450
3868 1063
3551 2210
571 9703
4734 1196
1175 256
2507 2403
9247 2939
4399 7142
5040 1168
2590 869
7091 778
3039 1626
1811 2407
859 9032
7479 2342
3620 3078
302 1688
3033 490
1172 529
3791 9074
2171 2826
4433 7009
7231 1184
574 9066
3162 8386
9933 773
1940 1272
389 1549
7938 1311
7895 437
842 344
852 892
9784 3530
5391 9607
7452 1179
60 7380
2300 8098
1741 8647
8727 2661
5043 1025
1338 1441
3844 9350
1177 3986
2844 9501
867 2768
2144 1434
5071 9098
8485 2886
8731 2124
4670 2338
458 8338
3651 1465
9802 2024
9773 8642
4959 2221
6262 8780
557 9610
2508 9807
2544 8997
7487 2170
1668 2511
2335 9516
4741 2672
2576 3553
3648 538
3730 2148
8008 5148
1749 4836
616 912
1548 9374
5504 1895
506 1705
2288 9669
7101 1972
4089 2504
2133 2574
1048 4874
2184 3034
398 707
1884 2522
4412 2218
362 1288
2789 9956
2624 1737
1597 8597
2003 9383
2028 9467
2556 3198
5252 6810
7098 2604
2542 3699
3946 2406
5550 1000
476 1395
2193 1416
2469 7223
924 511
8368 1258
4088 2099
762 9992
9853 1948
6858 803
651 618
1572 174
4274 2109
3869 3134
6109 3196
7108 3822
7147 933
3184 7301
888 2943
1892 1698
658 4296
5454 7420
2700 968
8404 2775
9202 540
2839 1410
1352 8267
2302 9427
9127 8350
536 9132
2875 9078
4993 9910
4929 2170
1560 3713
1876 1856
3259 1196
