6840 2996
4544 6804
5389 5736
3660 4676
4526 1026
2797 1943
5909 3911
3928 8777
7130 2169
5588 3178
2731 9582
8726 2794
4467 7868
2748 9900
2855 6490
8424 1916
6843 782
2010 489
4285 1979
5389 7825
5773 7909
5097 7397
6614 6966
5128 4105
5263 8979
2059 4332
747 1516
1656 3560
4413 2838
9696 3914
3738 9857
9728 3381
5560 8057
4072 7905
7130 8962
2380 1641
1814 8283
2983 6769
6246 19
2880 368
4571 8464
4660 3218
3656 6120
2075 5224
1486 9021
5334 8257
5006 9960
5495 8211
5560 2571
4827 8844
3623 1998
1207 1738
4683 2127
3280 7257
6589 9919
3964 2309
2646 5817
4429 1344
1095 9800
1089 699
5302 6998
4839 8656
3172 917
2998 1784
3134 8798
2084 9604
6288 8615
7970 1350
701 1880
9535 2396
6593 1770
7343 1337
4164 9277
7340 2760
7147 3259
7351 2769
2815 1048
6295 8092
7005 6064
3733 2027
1522 787
8242 4810
7709 4832
1555 9771
2544 9709
7008 184
6932 2269
8742 275
6170 652
6414 9491
7776 824
6079 1535
8144 954
7817 1917
5928 8465
8474 451
5811 6888
4399 8882
4259 6117
8657 2150
6399 5170
2010 753
5958 9805
1633 9839
1978 2118
7021 9930
6668 8113
2798 6058
6245 35
3518 6289
2023 292
6218 167
1341 6778
4424 8673
257 6166
6664 2975
4239 5110
4402 954
1753 5172
1897 4353
8111 4196
8273 2416
2581 4357
3251 9664
1580 652
1748 9096
4596 181
764 1387
2053 4884
5605 7416
7586 2370
5387 7450
2327 5910
2471 2019
8853 2847
501 8908
6626 927
8537 1936
6351 1464
3725 162
3920 5514
7893 9882
6354 1069
5848 9510
1095 2821
984 1422
2995 2051
9136 2237
9988 2615
2342 3805
3447 64
1097 405
5528 2186
7028 7871
9940 2547
7090 1668
4519 3847
5267 8161
6853 2506
9708 1514
1381 3309
7627 9838
8139 592
9731 8062
3328 6254
6698 6522
7653 698
5521 5728
9994 8274
3303 986
8822 6354
5005 9329
5295 2365
4577 7747
6410 8855
7997 9404
5465 2916
8689 1818
2475 178
5403 2038
2939 3687
3181 5179
6327 3335
505 471
8569 9328
4887 315
2861 8472
1200 6387
5923 9261
6443 1578
9311 1172
2429 4744
5262 6501
8062 1939
7065 5771
6817 6096
4746 330
6474 9796
5370 9966
7801 1355
1999 6206
7121 338
2752 8686
3948 3077
2343 9143
3621 3622
6389 1719
8004 1445
3352 1740
64 8842
5493 1754
2161 7198
259 7388
7881 4492
3215 4660
4214 847
1655 6261
6619 976
8037 2799
7868 1557
1280 7952
4816 7349
1394 1647
4781 1995
3995 9964
2124 1492
6999 9110
2638 6570
3919 83
5721 7986
3331 508
6592 4414
4334 5723
8226 1121
657 4144
6419 8373
4781 8932
6976 971
9606 1856
3894 1506
25 7031
2964 598
1638 4770
3021 49
3379 557
2256 6927
4199 1113
6142 5638
2798 1078
6705 1950
6220 2439
7641 1644
6976 8164
2531 167
2116 9095
3237 4503
8816 964
5463 730
4652 915
5124 7964
2545 1126
9012 4393
3053 1969
5646 3848
1284 8573
3254 799
4223 2467
4601 8277
3933 9715
6784 131
3420 2674
8317 1136
2412 1801
7099 1046
3413 2131
6787 9581
3879 1876
8619 2597
2183 5203
7084 1164
7871 6904
1327 4464
9321 2807
7393 9903
5924 32
4562 5581
539 6591
6684 9214
7496 727
8381 2325
3759 1587
4049 9638
3841 3044
3604 7180
4336 524
2980 393
5099 4357
3471 145
2977 2063
3770 9674
3965 7280
4407 3702
777 5201
2638 8366
425 5716
7159 8652
3037 2760
3578 4018
2576 8400
5831 1273
2184 59
6766 1249
888 1779
3681 5809
2875 5825
5836 552
8142 3430
3956 8161
3120 9723
4893 590
3583 8828
3372 3760
2886 498
3782 8610
2191 1028
4717 6264
6483 390
1581 4613
5223 2698
3831 9954
469 254
5785 9384
7225 2879
6639 1815
8192 434
7128 969
5586 1465
4945 8468
3098 7852
985 8258
8687 1697
6426 1460
2379 5532
9812 7167
3046 8061
7488 1141
5305 9924
5327 1232
3142 9179
9109 2747
1000 6162
6532 556
9342 2052
5495 3925
2011 2512
2235 9548
1153 2347
5805 75
8227 3951
1755 1094
7276 583
2103 5722
476 6272
8437 3504
3191 3097
2565 1713
3407 3377
5586 6452
5124 518
1622 2654
6447 7800
7465 9333
3067 5770
6217 1178
6069 8244
5774 1493
7444 2247
6347 9119
6843 5899
6711 9801
6003 6578
6225 9669
2247 4414
2007 3660
657 8280
9567 2138
7144 2220
2538 8242
7811 9853
7052 2393
5375 895
5642 8805
2545 2697
3828 2188
8423 2680
7220 2215
2863 2696
5806 1975
7262 2239
5752 1348
4435 7085
4391 3842
5643 2097
2530 2007
7509 1007
1698 6562
5927 8299
5376 8514
2734 9659
7791 9898
5409 2055
4737 7633
4523 7570
4671 378
5795 8354
4315 9728
5340 7810
5354 1707
5979 9514
8500 3402
2329 9439
6452 2
5806 6962
2837 6462
2039 6491
5840 8761
2173 8288
8077 1746
5928 8901
8553 1217
2817 1147
4884 2193
1712 8433
2999 1560
5797 2312
276 5969
1792 7239
5853 8974
7122 2303
7587 2421
1041 1323
6112 8587
3022 478
6101 2031
8613 1761
5672 8660
4067 4527
6273 8788
6978 8720
3885 1014
7480 2285
5909 8353
2503 416
7924 205
438 6906
7735 705
5252 922
7387 364
3345 5863
4828 7276
9262 1398
1173 9975
7886 605
8194 2317
1721 1567
8120 781
5086 8065
4969 8145
5310 9768
459 4341
961 3694
1340 981
2548 3587
2793 2344
1893 519
759 6835
3118 4108
3788 9452
5066 9493
1011 2468
2532 9887
4453 7581
1607 1092
3699 4526
771 5506
5640 5307
2911 9920
1198 9622
7635 9793
7752 506
7510 991
1926 6559
5294 9109
6836 7719
6805 394
4457 8890
8905 1626
1813 4333
5899 9448
5856 1831
7876 3934
3853 8641
6996 9495
3191 705
7154 822
7405 3009
237 6740
3772 3957
9777 9148
1351 6629
7316 1903
8127 1337
8990 2609
7633 1192
2833 4105
1140 9164
9935 8795
7439 643
9625 1390
6347 729
2542 6531
3114 1113
3879 907
4909 8354
5948 8460
8535 2052
5947 6375
2846 5499
8602 1157
7632 1232
4799 8649
9312 548
7893 1273
5340 6847
7827 2728
1611 3946
7367 31
5091 9855
8342 2020
7611 8604
6950 1301
3155 1235
2961 6245
4371 2960
4157 636
4943 2637
1543 9409
3719 4840
6824 533
7089 3558
4753 8236
6711 6901
2218 2265
1082 1332
4299 338
6172 1766
4437 5641
4312 951
4638 3843
4862 3560
863 9506
4072 799
8077 3802
3640 5733
9790 8929
1277 9649
7553 9812
6080 6643
6288 256
5611 5917
298 41
4438 6634
3595 752
7414 2554
4557 318
3848 6939
4327 8124
4996 6534
8761 1590
4843 1871
4223 1223
1272 2089
304 1051
495 353
1382 1732
4769 7840
2008 59
8912 1350
425 1606
4944 1941
8888 3845
4045 3288
5365 8350
1269 8872
3196 1914
6320 2059
3684 6854
8622 1678
2434 5271
162 8780
1992 2671
4301 8992
4503 1780
3346 3924
3868 9015
3182 722
7495 1199
606 6569
4232 3806
976 2477
7405 2208
6007 1684
4159 9164
8231 4111
6480 7255
5095 9123
4520 2390
1315 7550
4326 2772
2270 176
292 7479
4250 3042
9956 6616
5977 3912
3772 3677
840 868
6548 174
6900 616
7053 9862
8456 1623
6896 8
3868 7168
2652 9928
4366 4156
7050 9609
6403 8706
6318 2997
4425 9822
5405 406
2985 670
1287 2648
5687 8225
4662 7708
6903 1984
1168 7252
2384 993
2092 5660
3179 9678
1588 5461
6588 1819
7932 8648
2270 4781
2972 1517
2810 4475
6975 2991
7276 2592
8208 4122
2532 171
5831 9046
6535 9248
7700 552
860 167
603 3412
5454 6948
6046 178
1722 9634
9031 3008
5264 8684
1431 8515
2103 951
3922 9214
2765 927
5690 1720
6525 2921
5829 7913
2693 8904
2680 3174
543 1673
2060 8802
1872 1194
7647 4035
216 4823
9974 193
4809 6675
3273 677
4045 3161
8775 5885
1539 7675
5082 9839
6086 17
1071 9785
1002 7983
4803 5576
7613 143
4020 7921
1031 5813
3646 3677
2148 9454
3320 6643
6598 3539
8051 3105
4483 4402
2392 555
4679 2629
2854 8713
4593 6525
5119 8023
4311 6937
7727 8880
5529 3348
4927 7691
6541 798
5307 8339
6804 772
7371 9389
6351 1470
2750 1925
3776 9649
3151 5814
5887 8654
1884 108
3228 2498
866 7514
7234 761
6510 11
5986 9688
9337 5275
2944 6760
3754 1363
5116 918
4036 7348
666 5521
7780 2848
1542 9136
5194 9895
6638 3305
3426 505
6614 2630
3215 7003
1637 343
4858 1058
2335 8885
7684 1348
6555 8429
3656 6187
7592 5057
7202 2071
5389 8022
5414 2435
3962 1940
1916 2009
2328 3494
6979 3234
4302 4632
8870 915
5323 7915
7583 1808
5689 4845
6127 5098
3721 9071
1644 4933
4303 6281
6508 189
6613 8366
2879 1805
5281 706
2663 8853
5947 7895
1889 6359
3779 1195
5309 5136
6899 4824
7500 476
8816 2368
1889 9495
4876 8650
7877 3175
6385 2
6517 1115
6605 7086
6320 9726
2068 9317
7087 7086
1296 7507
5064 8459
1805 5825
1677 6799
4733 6791
5457 1489
5278 5041
2883 1658
3548 7790
1493 7801
86 8769
3281 2769
3246 825
4489 1174
3244 325
4491 7114
3209 1604
2260 4028
2232 1971
6682 913
4341 7700
1772 4192
6115 9814
9129 1426
3135 8429
4365 8057
9899 9700
8460 3235
5887 13
7885 5655
8577 6709
5644 7434
4920 7260
4458 3046
962 576
4515 1603
3431 9339
3203 176
3637 5661
9979 7459
2569 307
1853 9253
2964 586
6266 54
7206 9661
7040 9876
5852 9808
6335 4053
7362 6409
8853 1081
8165 1372
2244 9250
6996 3142
2104 5173
6961 808
9267 2792
587 3398
8061 9811
5916 322
6539 8672
6362 8612
6701 103
2572 2425
6139 9385
6407 8107
9128 2862
4670 5902
7717 4116
6129 6064
5610 5337
6987 6580
6835 466
482 8314
2549 7374
6099 9824
8075 1218
4507 529
2894 1676
3206 4624
1484 6245
5939 8294
4785 9290
2604 247
6088 5879
2089 8957
6597 9957
4871 433
4425 1646
5067 9762
6146 725
5292 9633
2181 7728
3924 3448
7248 878
4234 6899
1955 1671
3498 8709
5534 8757
5641 9494
894 6659
1427 4431
2925 9332
4702 5868
4886 9323
3630 2201
4431 9435
3347 4622
9674 6975
4698 2191
3590 853
5917 2344
3216 612
5376 7371
2455 9559
1293 504
1251 3149
4301 8251
2683 6802
35 8999
7336 3592
8342 8467
7888 4761
5346 8022
5485 4672
910 5992
3061 5442
3181 1831
267 9687
2019 491
7140 266
9069 39
5419 1056
2480 328
4401 237
4797 2461
6038 1043
4713 8487
3467 9372
5767 9714
7909 237
3303 7302
3323 477
8101 1737
6266 668
1138 9494
3867 7231
3819 9042
5318 3471
5488 1429
1437 4592
6687 8654
1689 5432
4452 3976
3951 8133
3375 6539
8061 2185
7813 888
1859 2734
5445 9573
3431 1034
2945 1469
1771 5367
7627 370
5226 7957
8836 4122
9344 2615
7977 1404
4975 9278
8029 1689
4973 1706
7016 3627
1597 7038
2058 1344
3022 215
3568 7213
8377 2799
1714 3529
2224 2468
669 1197
8438 1744
5660 1598
1444 1310
3586 9580
2910 8403
3976 9128
5219 8695
7092 2053
6701 838
6527 2370
515 2316
2230 5940
4829 7713
5982 9489
2960 5874
2395 4695
5192 1367
5001 9393
9985 6817
1509 7967
5083 7238
4003 9504
3420 8366
6087 1563
7905 5172
5214 4280
2011 9144
5561 2527
8284 909
2637 539
5192 994
7992 3361
2037 9529
1847 4017
9276 763
2235 6911
6877 7475
8755 4057
