7404 158
6768 1808
2166 8785
4060 9485
9074 6263
396 9530
4999 4602
432 6078
7286 9992
7788 9583
3514 9424
7844 8413
9621 4275
8143 7425
7215 7982
7303 2106
8258 7662
8655 3435
292 1183
2615 2069
7083 620
413 170
6236 369
7556 9205
344 3606
252 6223
3794 447
9256 4536
9669 4854
5476 4531
5198 9371
8728 8874
1591 319
133 7718
3140 9066
75 5907
491 9232
6085 8980
4238 1521
2914 946
5206 5448
8360 7660
7678 9670
5800 4219
1465 5929
1482 756
5663 9107
2820 5448
7800 7072
9079 1507
530 1630
7826 1877
5564 7636
4923 8790
7133 8424
4449 5505
9729 9972
7557 8077
7162 9790
2517 1731
5487 9119
5478 9308
8717 7835
6517 8987
2440 9522
5547 9398
7140 9124
4665 9532
6070 2785
4991 5681
8676 3700
6800 406
8718 7260
8450 7180
8369 4641
8306 7581
8216 3050
3138 7038
9703 8625
8615 7680
7193 8092
8439 7018
258 7079
5284 9289
7809 8181
9407 7598
5024 857
8846 5715
7741 7381
7296 8837
5327 5742
6235 261
9906 4142
3217 1198
7108 8655
7909 9854
2184 6941
8345 2580
7856 8112
9633 8184
427 6200
9839 3185
1707 6885
7708 833
2205 2799
9566 5897
3991 1104
1467 7708
238 4142
8523 7574
9959 1407
8592 7515
9322 7769
1297 5921
4245 8842
1509 9785
5993 9772
5123 4263
6736 8495
5033 9702
9689 7181
8836 9062
5419 9765
8861 6742
8091 8163
4029 5956
5277 9034
6478 7970
5341 5263
8554 7664
8929 3368
5382 6832
1679 9253
8020 9289
2664 1920
2891 5974
9693 6491
5759 1086
6382 8258
2871 1059
3462 6595
2346 4886
1307 3895
7065 5017
9194 7188
9517 7213
5486 2095
6635 9481
7924 8539
8434 8888
2341 2421
2225 1334
5849 188
337 4302
2696 8656
1911 3371
6053 9897
9743 7790
8053 6563
1073 8279
9016 7788
4280 8022
8164 8740
5799 9748
9274 8232
9160 7981
8603 7408
4555 4434
7227 7927
7384 7078
2443 4149
5823 8811
65 1273
7615 6849
1931 7900
3306 6104
6249 508
8025 7934
9617 6612
7114 9981
8211 58
7975 7933
1329 7175
2013 6505
2594 9421
2913 1172
1985 9704
5889 1531
3590 5957
7988 8397
6461 8527
5007 6540
6820 9140
2024 3810
9276 7230
641 8342
3967 9992
768 8968
3168 909
981 8029
5869 8499
5742 2784
7819 1552
7527 8681
3365 7708
2493 707
6041 636
3328 1392
1597 6729
7868 7281
3273 1456
7101 7944
4367 266
8698 2289
288 5963
1598 1697
5369 9628
9778 7351
6232 1735
7947 273
5823 651
1099 8020
9714 789
2594 8733
7448 925
5874 7387
8794 3910
4899 8296
3583 5837
3262 1074
5254 1263
4361 7937
2107 6278
6243 2531
568 8744
5836 6228
9289 7168
5479 7750
6585 9888
5737 3473
5391 8358
7608 3552
7462 9267
8515 8970
3066 1009
5592 8595
4843 9810
6033 1000
8402 3162
9144 9001
2303 834
569 6511
7538 8704
4815 8683
8955 9250
530 5882
18 6744
3032 6996
7899 9231
413 122
5954 4117
7089 1558
1040 7948
2679 712
8784 737
2327 7463
7560 4014
6364 574
1098 7660
8091 541
6910 1583
7653 297
1184 6918
5732 7716
9600 2986
5274 6600
131 1037
5733 6778
4324 9922
2187 2757
8035 4020
3304 5077
3405 6966
4772 867
8000 9255
5555 8177
7636 3865
1781 2334
2505 1700
6558 8953
6834 5501
9235 4586
9176 8045
7180 7715
1613 9907
4953 5503
6134 9138
9340 6585
2302 1767
6764 9552
463 1250
4784 2018
8323 6921
2886 8496
7859 8763
8012 7544
7861 8714
621 5735
7805 8154
6195 8366
6098 7521
2999 2222
8919 7467
8865 9711
7867 7729
9168 3723
9108 3858
827 7188
7662 9920
7870 7734
3945 5087
3775 620
7574 2497
6132 8840
7137 8643
7153 9414
4653 8858
702 5216
1519 6759
2023 6948
6714 9699
149 6800
7494 9554
8582 7805
6200 8831
5091 1011
5362 4
5890 9846
9460 8064
3265 665
7665 9045
4630 8191
2813 9413
3566 602
7124 9719
4056 7421
8913 6363
6237 9810
9418 7173
9017 7067
9619 82
2319 2754
1764 2352
2285 635
3357 1669
3358 591
9761 8168
3509 9921
5888 9522
6212 1769
3466 8248
5273 9218
6478 9198
8511 6734
7653 9830
3597 5055
3355 9216
7450 7930
7582 8894
6250 3449
1768 1851
9410 6369
7586 7790
2123 7906
4923 739
4725 1410
7282 7555
9506 9878
2263 6525
9030 6889
7028 8084
2898 6478
71 4005
218 5497
1884 2175
7816 7623
8603 6044
1473 6485
8232 1521
8213 8171
2735 7103
8538 8794
9700 4114
8100 7656
8053 7962
7201 1595
4270 6729
8640 7777
6285 9800
4596 9761
2963 712
8205 8999
7071 820
6471 8251
9741 7538
2571 4785
2009 323
5953 9884
2723 1881
4318 8868
8217 8982
5371 2155
286 6247
190 1355
8850 8400
8068 7956
6695 7995
8349 8634
2310 1083
1856 3625
5152 8294
6181 330
9875 6302
7784 7788
7534 1377
6079 9816
6317 9379
6319 520
4563 9705
8929 8010
6927 2743
8743 8130
8308 4526
2603 5374
7231 8505
5915 9731
9249 5247
4003 1258
1428 416
8776 7507
7802 8851
698 3469
2266 1524
9069 6695
9403 7376
5811 1802
1884 6065
9309 7607
7933 569
6916 8871
1537 4807
1338 8115
9877 5556
4136 8715
8501 5456
244 8896
58 3522
2548 3201
5963 8715
6496 956
5465 356
8583 5754
5384 9587
9020 9575
8437 5291
6034 382
7410 1296
6627 9954
8902 7633
2387 1962
3507 672
5812 3734
6733 8623
3262 8071
8974 1102
6306 9230
9367 7449
8408 4882
9986 9147
9385 7884
707 287
6337 9464
7890 1649
2819 6854
4213 6194
7208 9703
7887 677
1088 253
6944 50
7316 7268
478 827
4997 8243
2291 6545
5547 7456
8804 8094
7881 9422
5123 75
1684 2349
8014 7575
3983 93
9121 3475
1013 680
9322 4520
9542 6348
171 6292
7551 8311
112 4418
8427 8656
5866 9451
153 5829
5646 399
8215 4208
9149 1834
6241 190
5088 9943
7178 9014
9670 3909
6471 8645
5773 4551
5104 9658
543 1846
6535 7336
6721 2093
5748 7603
1711 376
7527 8740
1451 9941
121 5509
9345 2586
395 8363
9272 628
9492 479
8589 7774
2022 1400
9384 7856
4761 9944
7320 9368
1782 8249
9503 4420
4019 1057
8947 1749
5498 7851
408 5449
2032 8778
5893 2212
2267 9346
7822 1240
9469 1654
7827 8726
3881 6474
850 815
2935 4539
6685 1394
5410 922
6217 502
5320 8860
7768 9616
1450 4086
3103 4617
992 9633
8410 6459
6919 4059
2205 9901
2006 786
2134 1875
3814 1721
7111 8430
7740 1551
2184 4594
3621 8771
5634 9419
4576 1397
3216 8057
6202 2441
4873 4402
6427 3880
5092 4916
6834 1476
2645 2853
5978 9875
7600 8176
7390 4165
6017 845
4199 3234
3607 9604
474 959
2998 780
3479 5016
3698 755
2659 1323
3107 1599
9998 5562
1974 8032
7770 6804
9032 9152
847 1833
4702 440
3800 1791
2032 1566
9460 8537
6678 8278
8394 3468
8376 7782
7931 7642
2853 5730
7033 9000
9464 2091
8418 3843
4483 270
3873 81
6401 7084
2767 7780
3305 2351
1898 7758
7306 3267
5835 278
7969 7125
4505 1844
7707 8306
9933 9089
233 6243
2012 2941
110 5080
8463 7624
7744 8035
2686 2220
2415 921
3603 3231
7153 8134
3543 1203
2581 1228
8258 7371
8402 8715
4316 4982
3875 7711
8842 7818
6062 5048
6444 8357
7538 6502
7252 7618
9693 1812
4988 5231
6496 9032
9563 1702
1377 5660
5224 9636
7282 9205
8700 7352
4529 9012
674 8675
3568 9401
8500 4801
3271 8629
5232 6396
9603 9587
2957 8210
51 3192
2537 3386
3591 7682
5164 2298
5352 5903
7405 7810
3255 157
552 5963
3128 6069
7119 4033
3570 425
8057 124
5114 7190
1733 1916
7730 7750
7561 8597
113 9412
7185 9240
1005 5536
8319 8132
8315 1615
986 3982
2784 922
9831 5896
1873 2969
9242 5263
8004 8376
4312 9805
7979 7169
6416 8774
73 1638
3467 4487
1078 2771
5082 9821
7126 428
8798 7617
8846 6583
5031 461
6692 8934
5039 474
59 6682
8677 7485
9148 7488
525 6341
4345 8288
8102 9338
8496 63
6372 9356
6339 5167
7074 8325
8273 9970
1095 7783
6428 8204
1775 4119
8630 8001
7686 8452
4532 9785
4703 478
2574 1205
2405 8087
9079 6701
8444 7511
2646 2115
7798 1203
8368 7601
6364 8588
371 491
5512 900
4592 0
7077 9018
8050 7956
9576 4901
8126 7695
6518 936
9120 2128
6419 8142
5794 6485
6800 267
4055 582
9819 6455
76 93
9562 9014
5902 276
7651 9146
7866 6581
3376 293
670 6192
7677 1717
5209 2551
6794 9354
3142 718
9531 7732
5020 842
6035 9320
9372 5362
9268 8014
8681 9148
6993 8507
4048 4590
780 6841
3014 6972
9500 7610
7416 8717
9604 7182
8642 8491
8123 7783
363 9051
9034 4805
6634 9099
4633 9557
9801 2601
9700 8458
8469 7544
5119 9469
9329 8402
3539 1689
7129 7995
3655 1891
7179 8917
5606 529
2397 1536
7338 8397
8594 8865
841 9425
4979 287
7773 9237
4390 6308
6238 324
9207 7240
1475 693
8435 6980
5868 7844
7681 3403
6314 9368
8511 7811
3778 5399
4753 9603
9126 6348
3220 153
805 8977
5451 7430
2240 2091
1098 6835
8218 8824
9976 7296
296 5838
2138 8999
9766 7708
1952 2465
655 1328
2890 3926
1597 7997
8961 8626
5872 8655
8501 7738
5992 2811
6418 9564
7577 9577
3508 7084
7329 9512
6003 9623
51 5261
764 4487
4374 8928
8881 7977
4783 5987
7537 2716
896 981
8063 8424
4467 1666
3783 8609
9666 8661
7586 3920
7392 2972
765 668
1747 2306
9694 7847
1463 2794
7398 2776
8888 8775
9709 9562
9091 6242
1014 6104
8924 5180
5939 9741
7366 8221
9140 5707
7118 8357
7146 9093
3909 5163
6809 2525
3389 9984
4843 9375
8768 749
3412 1355
1578 2884
9804 948
3672 1305
4728 12
2623 4053
8802 7563
3510 1243
2499 2022
7595 7244
1765 742
3974 7641
8516 7614
1472 9138
3910 5243
7776 8088
2108 2829
1756 8915
8351 3691
953 3972
7236 7329
6745 9535
8846 4725
766 4173
9272 7048
1914 7393
6649 689
2379 1333
1663 9388
9911 3248
7745 7938
5988 809
3177 4876
8252 343
9384 6337
1281 6955
8046 6483
7936 9491
7852 9003
2443 298
7551 9649
6398 6607
3974 546
8233 4350
3484 9569
9923 7306
8705 9858
8896 7174
3979 908
1240 5876
3457 1586
6953 1185
4619 222
7679 8379
295 8019
3728 679
8014 1468
8448 3228
8739 6153
2671 8252
8508 8764
6111 9649
9532 6594
2269 8757
8484 1335
37 1097
7606 9468
5745 1962
1657 7345
2920 325
7355 8574
1159 545
9211 2603
1170 8538
6259 1289
466 8431
921 5210
8155 6794
2691 529
5980 7225
3197 746
3639 1756
5500 9635
8827 1719
8655 8428
3977 7929
4861 7195
3173 416
4423 9840
7992 5213
3749 1097
57 6965
8188 8642
7396 856
3333 8785
5415 9694
5004 260
7973 7414
2184 5667
7184 8831
3012 5660
9273 9218
7620 8971
9942 8419
6748 9060
8589 9089
1875 8313
9962 7750
2589 6255
7433 8336
2375 8608
3965 842
3682 6659
5311 5148
7641 9277
3028 1189
6767 289
3218 2768
8438 7104
8263 8393
8327 9726
8468 1363
1084 338
3023 1137
6770 965
2954 5723
7884 4079
6392 8606
5480 9507
6592 4341
7700 3324
267 2205
8252 9170
4529 156
2785 2342
7995 2585
7861 7460
9498 8028
7136 2455
152 6824
3769 535
211 4268
6098 8244
4002 6506
7353 256
337 5158
6595 5654
9567 3298
136 4741
1433 7721
