2934 8993
5988 6172
4939 432
5337 7105
7439 2510
5489 6726
687 4233
5262 7447
8757 4341
7733 1425
7586 2547
9446 6400
7770 1047
470 9070
6555 6237
6465 1087
5166 8809
856 4932
1480 5028
100 3219
9478 3997
5864 2447
3618 1408
8740 7662
9521 3559
3732 890
1572 5385
2243 1407
7070 1858
7952 4842
4884 9095
8651 4233
4238 4810
7207 3175
6711 1678
8137 4497
6691 9656
2735 9444
34 6531
9113 2677
3713 9382
2960 913
2775 849
6968 4717
4526 118
2612 306
9418 2415
7562 846
4968 45
2629 6155
6325 3048
3659 8983
6058 9874
3379 1238
9677 7063
5454 7621
7281 2153
182 5489
1162 1824
2817 9747
8312 3814
6501 2087
6174 1274
5607 7899
3818 9668
9074 4155
6928 610
7663 4326
1527 5476
636 3858
593 4162
4072 801
8367 4131
2373 7500
7969 3596
5677 7405
6036 1089
5414 3239
5794 6431
122 5470
9169 1530
9617 4686
6566 760
6442 325
8664 2050
434 4263
6933 2759
9062 3628
5891 1116
8198 3721
9389 5316
1297 5553
6578 6076
8861 6356
3798 6851
9337 3594
9404 2601
4308 8768
8971 3616
8447 9367
1777 3822
2881 202
5817 3912
5574 9676
4925 9221
9866 4599
2406 2322
1459 3265
3415 1582
6541 9446
9711 4594
8100 4829
6883 179
5819 3027
1616 3990
2526 9962
811 6347
9294 4162
6880 775
9814 4692
6429 6510
5735 827
9348 3077
7475 850
7310 9822
1536 8832
6118 7408
9176 6915
8197 1765
8004 8918
5623 613
5968 8223
4929 8427
3896 426
9478 3290
4716 8063
6281 9366
4828 9711
6774 915
281 4927
1216 5223
4898 7393
9826 1758
3481 7920
9002 5679
9278 7331
6249 2499
862 9942
5002 8142
6028 9450
9513 5504
8031 151
6157 9582
6181 1425
2694 4028
4205 417
915 4697
4031 4554
8306 1896
746 3189
6255 9843
9499 3381
2440 7647
2122 922
6949 9366
8809 3181
429 5059
6709 1818
5517 8193
8412 3890
7596 5430
6938 4679
6920 9595
748 4812
7876 5722
7643 6664
6535 1778
6330 3731
8334 4074
4844 9003
5690 6579
8172 3276
4567 9768
1376 6195
9128 3702
9804 5306
7227 1129
1543 2836
3540 8760
7752 5133
6999 4258
7396 4977
6390 1157
2007 4377
3511 6905
3577 9959
9446 4115
7940 6681
1986 1959
6927 8290
4582 5731
9289 6791
9549 6202
810 4773
1088 4610
2110 286
6300 967
8019 5360
8500 5157
6633 1167
5414 6872
2510 6776
4723 8205
9903 3819
7116 1428
3770 47
732 4453
599 5986
7557 2144
4188 7619
1501 2011
5883 1474
2188 6352
6184 8632
8153 3913
5115 43
6215 635
7737 2623
2142 3770
7138 228
7487 382
1218 4068
1093 1831
4219 1055
3695 9308
6301 2904
7379 3585
1912 1614
9986 6454
8979 1233
3205 4834
5969 853
6191 9933
447 3660
5229 424
7053 5904
9019 3511
3423 483
1502 1050
7211 4522
7921 2354
1830 2563
9642 6110
506 5533
8921 4000
6107 7077
5648 901
5138 9857
7123 2212
1979 2054
6276 717
6878 9691
1035 6139
2949 2378
8309 1532
7577 6830
562 3484
261 1430
6815 6126
6747 329
3518 6992
7477 2142
4094 6959
6374 632
7534 745
5369 5134
340 4310
2515 343
5538 235
8488 3843
2394 709
6308 961
8123 1643
7389 5183
4765 28
6830 4829
8144 1985
2905 1428
9463 1835
2214 3896
3930 166
5968 8962
374 8747
6861 890
3837 8587
67 1942
4228 8054
6550 997
1096 5232
9172 6219
6713 1787
7823 6463
9581 4032
1050 5750
1129 3679
9163 5176
3292 9290
6243 3177
7586 5086
6516 1776
6289 9718
8509 2357
8451 2096
7474 9729
662 1589
5942 6483
288 5836
5261 8229
5946 2819
6641 86
8209 1287
4264 9428
7848 890
5208 3226
252 4085
6519 4258
987 333
4008 1109
2708 464
5903 2210
6397 1788
4928 9862
6039 8743
3348 9083
7516 5786
7847 2130
281 3819
9200 5392
9417 3502
9004 4434
9131 5103
6420 1362
39 2256
3924 8977
6634 2374
7705 6323
8248 4545
8671 6448
4162 7039
9447 7572
628 5607
9256 3840
5733 1255
2389 7401
7667 3596
8377 1895
9317 3954
7307 7463
7405 1344
226 2860
9922 7313
9202 2804
8809 1143
3966 8561
2706 1335
6118 2750
476 4710
8868 2141
2569 8499
9100 3696
327 3836
7689 9779
7733 4718
5192 4399
7553 3866
8625 2410
6398 854
7056 2233
4058 296
5190 957
6583 243
9569 1559
6798 5510
9941 6126
9594 8642
8933 6282
8097 3148
4797 900
9816 4581
63 3723
6997 8208
7764 4399
1131 4273
5892 8184
650 6035
6542 9888
8285 6502
1877 2000
7897 4965
727 4049
4058 9304
1952 5557
9701 3395
990 5591
2283 6587
7522 5405
3355 27
9839 6254
6510 6503
7281 5626
511 5565
3879 8780
137 7984
6267 5869
4533 7583
9881 3236
5297 5535
8201 1943
9538 3629
2706 8779
6895 9248
9591 2899
8927 6126
5647 7472
4047 7982
5174 9333
4809 9500
8370 3310
2125 5624
727 6232
775 2925
6116 52
8190 4255
2216 885
1428 5147
6164 3503
6195 3997
9952 4284
4826 9934
2004 4687
2162 923
9723 5754
9326 2820
5543 7347
1405 6304
5696 9045
5601 9930
572 3761
4635 33
8846 6411
8389 2389
2610 161
7952 5807
3050 158
9814 3452
6699 5369
9105 740
4317 7060
7257 3134
9499 3934
8315 5594
4668 8962
1256 1796
9990 3119
448 5387
7333 5106
7000 9408
736 677
6815 5418
5484 1411
2592 3257
4694 9374
3463 7678
9730 959
1397 1362
8549 3560
8282 2792
6413 288
9302 2229
3836 9617
1928 1672
8317 3820
8030 4392
9312 3689
7635 1400
7519 1067
4847 7257
914 4359
6844 758
9303 7414
7763 610
2640 398
2234 552
1821 4026
295 4866
6435 6746
6638 918
7455 5252
219 3973
8726 5016
1114 3666
1223 2926
9947 2744
7706 1972
685 6378
1516 784
5466 980
8349 3088
352 9057
6267 1105
9087 4622
7660 4830
7748 513
1737 7433
2990 5504
6665 1798
7946 1270
3384 964
1020 5153
2797 9655
3964 9105
7268 1035
117 6069
3577 8189
1859 6226
4899 8355
8556 2111
4471 8393
6292 9447
5085 479
9547 3160
1298 5948
5064 694
6432 1028
8517 3858
4115 8785
7344 9014
614 6713
4575 246
6027 750
1692 5340
2174 752
7025 5999
5621 6484
4013 390
2946 8587
7939 3576
5927 1733
4911 4002
8857 4039
8660 1557
2264 1585
5203 9632
663 9979
3685 3404
4346 288
1642 5613
8804 9405
6814 177
8568 3554
8877 615
2074 2604
6131 6856
2162 5356
6533 1246
4046 8492
3931 6717
2520 6214
2471 7252
3672 9495
9594 4560
1458 4840
7850 3777
6748 6522
3786 7778
937 4085
5479 7451
2837 664
4050 8907
8398 4674
7770 3924
9267 2481
5590 8450
6464 603
7517 1865
5424 9330
8013 393
5710 1712
6998 415
8004 3453
4531 9854
2506 1504
8057 3059
4277 165
5153 8058
2504 6894
4735 7554
8490 5418
8706 4893
6481 4075
8965 2929
4970 385
6507 9707
4310 1111
5590 9645
6646 1518
9979 4766
3463 9707
5431 859
7345 4274
492 6183
5626 1174
1120 6151
8358 5234
9277 6178
8457 6296
5549 7761
3421 203
1464 1113
8672 5677
8217 1350
2096 8398
5308 6243
1322 7710
7299 1390
6369 1776
5551 9109
9074 3231
7599 1831
7272 4325
6133 754
7153 6696
9594 7138
3854 6061
4890 8335
8313 3663
4379 8924
8307 1764
5158 269
9059 3870
7756 1341
657 8362
5477 2111
52 3273
8382 6480
8441 4580
2939 702
7735 1147
6970 1201
2555 676
89 7868
7510 818
8410 4202
2522 5603
6038 3612
5103 774
1262 2541
1894 2489
1545 1865
7266 2511
7771 2000
5788 9197
5486 5103
1901 569
4829 7533
5359 8516
7122 9974
8632 9922
4042 7419
2036 4653
166 3416
6963 1844
5259 8834
2561 6771
1414 1390
1169 5095
6601 5549
5255 9892
999 3771
8921 3141
1891 4838
2878 2106
5416 550
5755 7335
7152 1478
3603 6739
4456 8641
1366 1853
5086 9284
1539 7922
9810 4426
5814 6975
9763 5635
6960 2854
9270 3896
7860 4602
6928 5391
7253 9788
7434 3393
562 4934
2735 7548
5231 9009
7924 6685
795 5392
7614 5327
4591 9444
664 5723
9634 7332
7928 2216
2251 5149
7122 6442
4241 8297
174 6780
1037 7158
9707 4454
2513 4740
4845 589
8730 4817
6214 3814
9879 1110
790 3912
6590 449
7723 2210
7369 2792
1493 5052
1193 5712
4074 559
4969 9368
1804 6360
6396 9052
5755 8080
1780 1456
2380 5918
7413 705
7144 5675
3300 1457
8789 5024
3391 8495
8591 5179
4210 8845
8100 4780
9754 7405
6241 7973
1088 1332
5692 570
96 4385
9877 3274
555 6467
4190 5986
4160 8349
1804 5825
7610 998
7958 2090
9472 3234
9764 3519
7165 6008
9354 5332
1873 1247
5021 8394
9196 4328
4838 8111
4348 281
5660 8875
4147 148
5341 9006
7393 9636
4180 9221
8488 2273
4729 9799
251 5539
7237 3238
8641 6069
8147 3548
152 7375
5243 724
2752 7591
2725 7637
1549 3779
8030 668
2920 893
1009 8115
3012 5851
4580 7717
8877 4076
6517 1227
7502 2107
6300 564
8593 1446
1838 5059
9297 2694
9915 4702
1831 2957
7999 5146
6092 3433
7487 514
1242 4539
881 4268
5428 9769
862 3333
8101 4129
846 6107
7323 4216
3370 824
7471 7080
7624 92
9161 7236
6321 1297
7181 596
4422 8039
2730 5738
7628 7143
5283 658
8651 5584
311 6604
1135 7805
9603 4072
5050 288
6013 7682
8191 7167
5651 8650
1806 6679
7861 2435
9235 4161
7562 3042
4505 7673
5226 8781
9157 3860
41 5989
4403 998
7001 9408
8258 3666
8868 4480
8041 3808
3374 6613
928 3911
8656 1061
6729 9205
1113 5790
385 4813
7790 1193
9971 2252
7302 9997
6233 9383
2628 2567
6797 9623
798 3856
9083 2711
351 7993
5278 547
6603 2658
6829 508
2559 1570
9575 3420
8100 4244
6258 1986
4587 1703
4827 1047
2071 2152
5839 205
6990 5822
7489 1466
9283 3168
9814 2557
1572 5055
3338 9282
498 3819
9301 3036
2096 5079
8498 6352
8664 5243
9432 3147
5467 7109
5442 8355
5273 989
362 6137
6570 387
6907 2135
2485 1989
5894 1345
7840 6522
6435 1520
7730 1165
529 9023
1458 6067
2736 7492
3707 72
5029 1540
5639 417
8831 1978
6187 1445
5173 7192
1538 4527
9215 5238
7638 1194
5243 7772
6337 6731
6043 3014
889 6836
1486 3946
7416 3701
8011 2351
1656 6343
5114 8301
5800 4028
5162 8198
2896 4322
5610 7165
5892 8977
5981 1470
4447 8472
197 2681
6621 9662
6437 2333
133 6974
8567 4649
5397 3085
1789 3592
2163 4584
4403 1491
8970 5030
6327 2238
9628 3291
1070 4012
1444 6145
2224 7550
4298 233
9556 5090
6826 1674
3711 711
4610 8469
475 4742
2351 4091
6484 1919
4731 8626
9764 7147
3723 9828
663 588
5929 601
1455 4618
1426 5476
2603 7182
1032 5037
6746 9005
7861 1858
5399 9188
6753 9395
791 5239
85 4021
9267 2777
6868 5013
6693 9609
7143 8924
3584 5095
3578 9311
1175 8239
8119 5783
5003 8577
6168 9415
610 3223
8411 8948
1985 1530
6018 6191
7669 3368
3734 9744
7174 9433
5121 9197
3259 6314
9117 5061
3731 9162
1857 7635
6032 9719
3174 6621
5148 3567
1235 5513
5254 8689
5537 9386
4542 9386
6863 5046
4227 316
5116 9887
1933 1461
5032 103
853 5685
9537 6132
7577 5886
3585 8433
9074 4165
5487 8994
7546 1307
5076 8120
8045 5420
7295 2628
3309 7851
2323 1255
3194 731
7013 169
5270 5389
5354 275
5786 915
8470 1920
