8871 3167
3891 5363
433 4079
4534 7019
8420 4561
7810 4790
2481 2619
7157 5421
6209 3269
1892 1419
5689 7425
3917 9967
7383 9943
8954 2829
8133 3839
1486 5755
3552 6409
5265 5804
8214 5908
8475 5436
8988 5921
9455 5582
6729 4961
981 1418
9898 6142
7839 4799
7261 7046
7017 7332
9148 4509
5048 7770
1095 4301
8824 4296
6819 7106
4102 6314
8200 6238
1296 2741
9933 1508
2627 1891
9689 2725
7950 5080
3335 5522
5028 1412
8606 1193
6503 6311
3155 4908
9167 1346
4398 5266
7640 8884
9827 5974
76 1823
1135 3821
5308 3281
8013 535
8450 7050
8995 6850
9790 5665
6475 5858
8590 4339
9463 4651
5798 5768
5910 5155
2356 1521
1374 5262
7410 5089
7818 4991
9104 3486
2713 2600
8259 47
7738 4891
4725 1495
7139 8903
5934 1613
8539 4778
6534 3814
8435 776
7764 5666
2706 3662
774 1172
5231 5257
9941 3475
6674 8812
7893 740
7338 6488
3239 9238
6694 5758
8772 3686
6828 7833
3987 6746
8883 6412
9341 5829
8426 3854
4945 708
9348 2808
408 4278
6178 1582
4169 9126
9211 2183
8621 2052
8966 2492
7897 1878
8819 1161
9142 3917
4551 9942
1205 3228
9173 6357
7438 3844
9836 1188
4175 3800
4004 4476
4028 7137
9672 5632
9458 3219
7783 6331
9039 3653
4043 9279
7765 9562
460 5331
7632 8404
8443 5712
8855 6721
9277 6432
7135 6286
4242 6190
5922 6967
7253 6269
6502 7780
8502 6045
1668 3897
4921 2695
9321 4153
9390 4243
7407 4786
1893 1800
7557 9896
1286 3432
7686 7566
6535 5342
130 4409
1414 4682
6365 4912
6830 8893
6952 6951
7778 5214
9970 4436
993 3880
7328 7467
6169 9403
6700 5256
3200 1513
2286 2908
557 3825
9841 6375
6666 6593
5442 4483
6046 2962
9131 6337
8668 6436
8521 3546
6383 481
13 3438
7255 6170
7917 4191
2091 2269
8446 7582
8795 7318
250 8485
5047 1109
6568 5923
7900 5190
5225 4642
5830 1375
5583 8835
8464 5241
9663 1224
426 2807
6035 4642
2608 4468
1336 3037
9219 2159
8113 2539
4869 1224
7451 4387
676 6145
3740 5147
9419 6870
8076 5397
3453 3513
7597 7241
1394 5467
5890 8680
3296 6180
8138 5875
8202 1686
3307 2650
8003 8957
6388 3709
6782 5335
1299 6138
6640 1477
7325 6355
8074 7943
6378 1300
9806 8349
5229 3979
5569 920
430 3855
6946 3743
9550 3584
5940 5531
8080 4990
9852 2973
1246 4261
9525 6529
8565 5404
4986 47
199 6960
7746 4992
40 5902
3892 5932
7913 6408
8334 7713
8343 5894
7478 2953
9900 6024
8860 6120
7745 5112
4421 6797
4887 4381
9154 5911
4244 321
4671 6990
6744 9001
1987 2449
6205 968
7864 8376
7240 9186
1820 4654
5161 7339
9993 4131
2862 8301
3936 7133
6202 6341
4127 9226
115 5379
9277 8897
7202 6526
7787 5230
6232 5280
9161 2526
2995 5285
7563 7081
5698 7323
580 4185
9321 4897
5349 2080
7648 1288
8818 2470
9352 3316
174 4320
4273 8889
642 3351
8614 5291
4175 2194
7637 4671
9491 4908
8924 3885
8854 4863
9600 2200
9264 5045
7992 5640
1337 2600
5881 6882
1693 2464
4865 3162
5739 7225
8252 4166
4422 7440
5897 4401
8982 4896
317 5491
1282 4983
7363 6637
7691 5172
2455 3619
5502 4765
9895 4457
7094 6988
26 4533
9126 3210
8399 9953
872 3296
6750 7443
6087 7755
9988 4959
8540 880
7382 9862
9148 4555
9020 4635
8436 4853
3889 7290
6567 7605
7425 4747
9902 7098
7639 1045
8339 3370
5843 9618
9205 5354
8478 9712
7238 6479
8130 3107
1818 9117
7049 3431
7629 5565
2615 7740
4711 1113
4745 2975
4238 3791
4551 7558
4617 1505
7130 7049
9547 90
8755 4354
8386 6312
9968 2883
6639 8007
8958 5711
5706 4257
8715 5486
8279 8293
8112 1898
743 2997
6542 5203
6926 5714
5600 9874
7160 8999
8089 203
8083 4571
9235 6760
7377 5577
2173 2826
5072 9089
5794 461
7373 768
630 4108
8503 5935
8363 3987
5935 1083
4633 9136
210 5251
6713 6994
1273 3329
3844 6123
4354 1517
9756 3758
9139 6163
8184 5809
6332 4849
7112 2417
8574 4701
9320 8179
7006 6191
1908 9307
1468 4187
7276 4236
4352 2752
5337 4526
5210 5477
3857 576
8409 4206
3742 6862
7555 4182
9981 4892
8683 5748
6066 1962
9341 3390
777 4275
4712 8009
5631 5408
8390 3802
8074 8273
3856 4003
6263 8483
7197 6032
8871 6222
8971 4839
219 5853
3838 8650
7335 5337
6465 997
8491 3475
8740 9311
7258 5886
9935 6465
7817 5117
7658 5191
8320 5161
147 7023
7449 3894
7892 4729
1382 6870
6318 9879
6264 710
5678 1058
5365 171
4369 9313
8697 147
563 3676
1459 4618
6158 7791
961 4082
9065 5427
6999 6192
4108 9714
3937 518
7817 4820
1658 5340
1924 2341
1459 3553
7965 8361
6941 329
8893 3374
6685 9946
2606 2137
7446 5447
4171 4922
8912 9898
2514 2548
7493 6672
8304 6106
4177 6622
8653 4283
7126 9130
9599 5333
6243 5485
9306 4433
7584 7888
9528 3741
8951 858
796 3739
3264 263
7736 5105
6529 8749
7612 5573
9257 6154
6689 7139
4122 1624
5648 9485
6515 3576
9179 7394
9993 7480
4656 9231
3886 8684
7974 4613
8930 4285
7704 5036
6964 9338
8143 5483
384 5755
817 6287
9818 4357
3156 2163
6553 8315
7498 4293
8523 7183
9366 4852
2832 8055
628 4968
47 5987
1235 4325
5106 18
4604 1101
7985 890
6805 4591
4639 1306
4730 432
6526 3626
9245 5501
4632 6770
7011 2072
4424 8727
7098 5109
8638 5735
9705 6416
1576 2277
7350 6480
7444 8244
6695 1951
285 5491
3310 3290
8573 7021
7322 5249
4629 1544
8130 5441
4213 7753
7296 7192
6988 8360
4635 1722
5753 9520
4855 7247
5184 8716
5518 6090
3409 8345
8807 2498
5858 3306
9596 5718
7849 3548
7552 1793
7463 6658
3799 9290
4996 2514
3368 9094
8591 8224
8130 5562
9493 4649
6291 3727
6268 6471
9546 249
8578 6192
7259 4792
8246 7579
8755 5461
7808 5883
7178 7037
7719 4624
1836 2595
5707 5756
2192 9698
4493 6472
6687 5398
5711 3264
5829 3903
361 4996
6408 1364
3461 394
4010 2711
9007 8040
401 4233
9108 4318
4190 8923
1765 4633
1236 2810
1291 6718
7673 3726
4810 2081
9000 2933
9683 851
8313 6396
4707 5790
7567 2918
5432 5282
570 4306
8291 4162
8264 371
9906 5740
7014 4202
8560 7203
9145 7228
6488 3845
8383 2057
5810 9779
7383 7550
8073 5516
8292 7150
7587 8112
7570 3611
8173 7306
9063 3640
9578 5901
8498 4860
9067 5825
3559 8103
5524 8375
9138 6779
1919 4686
420 6483
2553 2370
7155 4936
9817 3150
144 886
9458 6753
7112 3519
9649 2290
9510 5222
8332 6260
4534 7528
7393 3946
7862 5337
3952 1937
1562 2620
8594 1180
4668 3196
6981 9380
8764 4471
86 4858
1773 3192
9074 2162
5825 5091
5787 1263
6397 3020
84 5190
9819 5940
2008 2404
1794 2444
3084 662
9056 3443
479 3266
7393 6947
4065 3814
6259 6222
4710 4455
5582 848
7676 4401
7264 2888
7538 7149
6938 4444
5910 8032
8286 6041
4769 5849
8340 4975
9447 5277
440 2218
6239 6258
1739 7733
8025 6360
5071 3526
9732 3954
9362 4281
6034 5587
7457 3315
1620 2803
402 5745
5215 8284
1071 3765
3965 3030
5340 6329
8761 4833
7892 4811
3034 9687
826 5920
35 2025
8911 6736
6854 5069
7992 6457
659 4769
5352 4991
9069 3646
8978 2076
6602 3560
8250 7246
3510 8749
7716 4423
8563 9701
4483 3913
1140 7949
9526 4016
261 9692
3152 1313
8279 4191
1654 8835
6386 1958
9220 3662
4348 5027
937 4569
783 3617
6218 2923
8283 8618
9701 5710
7648 5465
5913 2961
8079 5679
5306 3186
6617 7614
3486 4748
4848 93
8518 7694
1369 4357
5467 3387
9007 4484
7997 4563
7114 2907
5037 4718
4677 6636
8308 4446
5013 3863
6026 4662
781 2902
9074 2426
5448 9124
4862 3392
4619 2112
8904 4885
4400 5689
7085 7742
9811 4372
9826 1917
7553 3237
6552 3581
6003 4961
9957 2220
9238 7912
7589 5554
9091 4833
6410 5950
4901 872
9142 476
669 3083
6306 3278
8061 6425
7147 2298
7627 1483
1362 3163
4869 4083
6914 4854
3834 978
8006 5052
2622 6215
4065 5093
1433 3470
427 3671
7442 4421
7757 4594
8267 3106
9755 4714
1671 5989
1281 3439
8048 7110
319 2295
5347 3730
8832 4074
7683 7125
9273 4454
986 4583
8161 5199
5048 6143
5349 8624
255 4382
9836 4558
7868 3253
6831 4132
5728 1728
5977 1102
8153 3614
6188 4282
4630 9300
9107 6511
772 3436
6863 9722
5154 2871
1535 4132
8476 2681
9326 9843
6448 6102
9545 5519
8998 3333
8437 4330
9942 3785
8731 7428
4176 584
654 3318
5714 7665
5574 4006
8595 5917
9505 5083
8158 6977
7603 4122
5507 3943
5743 6276
8537 5603
2811 4788
9687 5733
7738 5991
4877 9136
139 6371
6381 7454
8478 4480
2003 4852
6610 5736
6805 7116
7851 9184
9682 7204
763 3364
9962 2819
568 3790
5275 3394
6243 5561
6898 528
660 4538
4891 4222
8818 1802
2523 4487
5025 2572
7952 4805
4847 518
4355 5914
7797 2653
8237 6613
277 3982
2368 3665
4434 9325
8899 1903
8118 4029
1404 3396
5453 5688
9404 3863
3686 9440
3776 4400
7017 7663
8215 6612
9621 3977
5256 164
3933 7102
2007 9073
4044 7854
9035 7779
4614 8492
3711 9649
7276 6867
1131 5970
4687 4302
9467 5096
5709 8377
8324 9093
8529 5450
8426 4958
7231 8140
4748 471
8119 856
8259 3469
9473 3189
8774 4738
8702 4075
8915 3792
5874 5658
7749 8996
5923 8830
244 5130
2872 551
6077 3375
5597 3970
6639 6553
6978 7816
6453 5352
8824 4186
214 3786
5986 404
1646 9026
7140 5254
9518 6979
9633 401
9159 4664
62 2633
6082 6873
5027 812
178 7930
6231 4647
8748 5386
4235 363
6800 337
6030 5380
6849 7140
6104 1564
9 766
8261 6012
7660 6982
6137 2235
9216 6003
7603 1600
4616 1878
3083 4418
7512 9564
2656 3695
6804 1484
5901 5509
7484 6622
1021 4399
6425 3559
9911 6393
6404 4012
2388 5448
9598 4850
3192 1310
6115 3253
4846 2614
9255 4111
9966 6198
7130 9000
4292 4401
8757 3862
7869 4217
4466 752
9673 4215
7480 6498
7396 1935
1147 4260
6447 5160
5688 6340
8502 6488
3925 1364
1219 4621
3421 6013
5871 6550
1337 4478
357 7347
5087 7655
884 7022
8365 6101
8327 2700
9773 6153
6346 5360
8265 4860
6415 4813
5899 1382
8726 6219
9611 5691
4936 1591
5808 5056
6524 6031
7754 5565
2972 646
1870 7970
5162 2577
3772 6557
7353 6273
7281 4716
7961 5378
5404 5982
9551 587
4762 6151
5229 4818
2368 7725
6199 7686
7706 5008
8463 3904
5359 1382
5976 8935
8427 6044
9311 5700
9632 3809
6150 4392
5836 2130
1430 3649
8634 6922
5947 8490
9008 5528
8146 5792
3990 4286
8638 3374
9271 4190
6863 5316
6163 5490
4969 5281
5930 7363
6319 7086
9028 9823
9562 5574
9955 8367
4841 903
7281 4010
6349 1851
516 2761
6356 5005
2368 9679
1667 2532
7747 7992
9556 1585
6485 5424
5097 218
6790 2335
8734 4762
8658 4138
8969 3195
7858 5882
4454 4718
8082 5083
532 3379
5327 3142
7943 9889
1709 2632
4169 3264
6108 5284
7458 5530
6826 2275
6188 972
6401 5695
5760 8887
8370 7072
2934 1809
8868 6046
4057 1976
7848 8982
2643 7115
1699 1806
7724 4602
4736 6987
4096 9817
5186 7205
7736 5479
1698 4321
5354 3811
4072 5039
