6170 2518
2968 4040
4942 4104
7685 418
6655 1382
1070 6329
5942 3652
6672 6786
5571 2613
3311 6365
2050 873
4510 9569
6945 812
3123 4099
3698 4568
7315 1159
7405 4997
4112 3619
7914 939
8142 9675
8 4048
4357 5692
1242 3408
6821 2829
2256 6310
1944 1236
5388 3906
5406 2383
8911 252
7452 2323
3793 6620
662 7299
1698 8917
5858 4624
1637 5789
5646 2984
8462 4526
7652 389
2378 2745
3961 4236
4103 4994
3260 5110
4222 4793
4502 5494
9723 3513
5714 3685
95 3661
2640 3666
6220 2105
3102 4353
5712 3194
9332 2096
6360 9166
3876 1681
5066 4013
2414 7161
3649 3219
7058 6197
5099 1804
558 4837
6811 1063
4127 3904
3072 5687
9519 448
4492 3517
2481 3809
9415 238
3640 4814
3680 5277
3152 4740
5958 2235
1548 1905
1748 5853
8226 391
6814 1253
2794 2170
9934 2807
613 2005
2456 3999
4339 3378
6674 2670
6788 1609
1920 8287
2237 6584
4423 4024
6326 2338
5472 4165
4793 3319
2849 775
6241 3691
2725 5831
2884 6520
3 3411
6616 2823
4775 5485
4204 1859
8308 545
4319 3557
6642 1411
5001 3106
2329 5373
63 5793
2511 6652
4938 4078
4290 6001
453 9892
3259 4596
8092 6021
1581 3520
1659 4989
1181 3904
2892 6874
6465 1580
1220 4399
2780 4854
7840 1882
6932 1878
6393 3052
3019 6933
7686 3383
2194 4128
163 2874
9509 8755
6623 4408
9755 8002
9023 9953
2206 139
685 3355
3678 6754
6515 5247
8252 9914
1233 6430
2118 2268
1373 4375
4890 4424
1633 7709
4851 2348
4397 4411
588 1948
6424 5384
3882 5375
2728 2322
7202 1850
470 2648
9599 1212
5254 3403
6320 3844
6749 9220
4565 4251
722 2073
2361 1491
2643 2220
7043 401
8744 3425
5574 3749
786 4290
8319 9078
4169 4915
3147 3568
8938 1093
110 1950
1554 3610
6472 2293
3954 9057
3563 3802
4559 2971
8191 1173
6380 1481
2496 5440
592 8491
6050 3085
5259 3202
3769 4163
6656 1839
4340 3844
4375 5370
1765 6538
6029 9792
2945 6345
461 6686
7757 1838
5006 4953
6342 2146
4918 2527
6125 2715
5316 4550
6978 2222
5540 2052
9048 2510
2092 3918
3742 4932
9316 613
7762 1144
5517 3475
1806 4387
673 1128
6903 507
7168 1079
1561 2341
1331 3685
2992 3707
2250 7509
2236 3135
7142 532
3944 4419
104 428
4046 3622
403 2939
5405 2775
5055 3547
2673 6169
4000 4665
5029 4321
5440 3227
7389 4955
4736 4868
32 3288
4422 867
4365 4924
4488 5013
2272 3597
328 5681
82 1675
421 1379
2404 1034
4557 3971
5961 3343
5351 6690
6607 4049
3967 4362
829 3586
4828 3159
6867 3432
3450 4499
8388 936
5835 2965
3196 5796
7452 1062
3233 3243
1759 9881
2490 9206
6096 2777
4609 3456
4475 2482
9548 9252
9540 8583
3468 5864
6639 2625
3146 3360
4045 3661
3999 4588
7522 101
8333 429
4633 3404
9934 1816
5009 3682
3980 2625
2547 5679
3246 1717
8612 3892
7011 1230
4714 5500
861 3915
6895 1284
3379 1725
7258 1345
4934 4429
6409 2729
2531 4206
329 900
2962 5228
1223 2565
1588 1009
39 563
3203 6343
8422 515
9989 9875
5274 6218
1940 9808
8047 885
7439 6240
3853 4609
8590 1658
5987 6648
2331 1974
7012 9309
8483 9915
5642 4664
6480 1562
9107 6243
3961 3680
718 2568
9282 2824
1325 2324
5576 3006
194 9710
7077 1664
8237 2158
5824 7794
1532 2919
5048 3381
922 2721
260 1024
4428 2733
50 8143
4785 4319
5996 3714
4444 3095
3532 4707
9251 706
8957 772
5372 2565
3202 3758
954 2798
9188 2245
3243 2874
4305 3965
3360 6675
5418 4258
7178 1697
8955 1256
4728 4040
6607 2421
1440 7872
5886 6587
1710 5679
9539 9260
4730 2945
9649 2576
4711 4500
6217 4975
4667 4713
6338 2888
9730 700
2244 5716
4036 4181
5416 743
5977 3165
8677 8999
3435 2509
5875 3163
8402 4450
2560 4497
4316 5821
8324 1641
7901 492
1166 2011
7026 1442
4013 4737
2728 32
1227 1222
1770 7666
8082 5918
4825 3065
6278 2064
2961 5106
8651 2310
6882 2624
4120 4472
3638 5186
2658 876
3268 1312
3576 2093
8971 9579
9081 164
5142 4852
9868 2368
6542 4501
1523 6351
8539 2590
2759 397
7378 1246
7616 1941
6198 7598
2870 2479
3792 5146
1050 2860
1825 4196
2270 6285
8112 1708
1325 9224
9873 4935
9436 9144
4610 2898
3840 3465
7152 3005
2185 5661
5436 3852
4775 6986
6436 165
7941 9163
3839 876
8734 2285
6048 2164
8680 1936
3222 1066
5472 5751
2821 4038
7020 8313
3236 4802
4502 4222
2493 655
8310 3562
7177 2518
54 8615
8164 964
4228 8421
1653 1572
453 5633
5438 4315
555 3960
8466 9807
5860 2485
4964 4005
4113 4275
8573 1931
4172 2146
4149 2898
8539 8601
7327 521
3700 3993
6981 1016
7903 2374
6113 3461
3662 1248
7847 3791
6289 3516
496 6628
3073 4636
7684 1936
5415 3406
8995 8606
3264 7321
4252 3431
7742 345
4318 4545
1838 5414
3137 3991
4051 4857
2661 7189
3890 3591
4217 3330
3044 9569
7847 794
3666 5778
2101 549
3499 5283
7360 1331
1698 3551
6710 2516
4335 5137
9668 5985
5144 4888
952 1223
3117 5217
3784 6035
5191 3517
2845 566
924 2881
5574 2653
1918 1842
2380 5171
5791 2093
6020 7029
7410 5236
7275 1494
631 5383
628 5210
5168 2459
7493 4685
3791 835
1198 991
5956 1998
4093 4431
7806 306
9636 1427
6811 4782
4575 1801
3309 2628
6873 812
3445 7275
5975 3216
4747 6779
3937 6654
4483 5528
4707 3683
2682 4848
8872 5753
3127 5226
3505 6749
9651 3276
5225 2476
5011 2880
3902 5222
2313 1720
6813 1449
4841 900
1227 3170
3072 5564
6661 1190
2102 8101
5788 6638
4040 3502
9204 7260
156 4819
7348 399
519 9081
9292 2952
4914 4115
8167 1256
4154 5577
3601 3698
5788 8909
1600 6646
9263 7849
3080 5015
1529 7794
778 3419
1229 2559
6089 4365
651 4416
6226 2375
7589 5583
9276 1789
3930 3748
1561 5131
2747 5763
7656 9285
2526 1325
6960 3193
1398 3941
5407 6240
3774 3082
2460 4385
8455 4013
6993 3208
7650 1779
3706 5031
5843 116
2472 4597
264 7120
4135 6349
9066 3349
4930 2150
5200 3960
1184 2138
7788 9989
5661 3141
8684 732
7165 2362
8866 53
5874 1973
5125 5641
5917 205
7542 1046
3484 6024
2500 3550
2179 5548
1831 2479
3661 3024
2227 6262
874 3903
4264 5983
6072 3471
9378 2991
619 4198
9229 635
3720 2948
2468 2151
3674 1669
904 2470
7197 1374
7205 4923
1154 3795
217 875
3309 1418
7902 1702
4124 1905
122 4798
7581 4783
4299 5302
4486 3560
277 4681
4512 3042
3703 5286
8956 732
285 5597
5353 2337
8831 7135
770 4879
942 1297
8497 712
9195 9245
5723 8453
4887 3095
2805 1768
5900 3674
2878 3329
8582 4319
5776 2156
3126 4572
4698 3183
5459 9682
3082 9917
9492 1093
2689 3399
1194 2448
6998 7558
9913 5625
4036 3490
7783 1341
4370 3982
818 7795
3884 3231
763 9418
9119 340
2593 4203
6058 3320
5129 6276
4378 2692
4780 3755
8777 8075
5138 6352
7132 4296
4502 3271
5125 3124
8668 5288
4031 5455
5472 2414
2600 9849
2952 1926
3308 1988
4945 5674
6613 2248
1968 1935
7903 5332
5513 5448
7431 656
379 1700
582 6062
5906 3447
9260 5019
5443 4449
229 3171
3708 7040
4886 3885
2047 1837
4238 3602
6155 4780
3378 7003
6991 622
293 3838
6553 4551
5892 4177
6286 2886
2495 4858
8621 1132
5432 5226
2838 4941
6306 6019
6663 2891
1144 1633
1455 2083
2873 2284
6028 1306
5622 3925
80 3977
2436 2822
7619 8012
962 7254
6630 4538
3095 4728
6774 1541
8319 8927
5849 2661
4465 2273
4335 4397
2853 2305
1939 820
1253 255
1313 3823
9033 9838
311 2216
5727 2415
4433 5475
468 1889
8619 1320
2344 1799
3736 2676
7450 2098
2584 1628
6341 8492
4369 3751
5961 3085
8604 8101
4479 5191
7072 1081
7316 1469
6188 2328
5251 4377
6377 6465
1730 840
807 1174
1383 2026
3909 4428
1031 1504
5664 4704
3076 2602
4059 669
9116 441
1343 5135
7701 660
4929 4600
8536 113
6045 2693
394 6383
2902 7419
5282 2927
6464 62
5386 5379
766 2490
5179 2914
5307 3118
6068 4519
5674 3796
1469 2098
9696 225
2596 3318
9375 2790
7361 1997
3055 3832
5571 3978
6259 4980
9061 6386
6994 910
1223 3354
7231 4102
6239 2954
4566 3119
4137 3598
8271 2065
4503 2910
3277 116
5818 3683
7809 835
4755 3247
7986 9745
8928 9937
1363 6020
3816 1836
6972 1766
4151 4984
2075 8548
6605 3132
4995 4415
420 3663
4954 4804
7041 4346
6519 1817
8486 790
3679 4765
7285 941
8017 6974
5926 3365
2280 2775
6189 3339
3674 4241
9984 2322
478 989
4359 2376
3434 2453
6518 1937
3878 5230
5468 3978
4308 2828
3281 801
3666 1137
8380 5485
6484 3363
4161 1973
1113 3086
6515 1401
4730 3222
7605 5354
1445 3407
5496 6288
4106 3376
2216 1972
3302 1772
5837 2645
9752 2865
931 2139
3363 5394
3028 3613
2422 6534
6981 3707
3581 2593
6768 4237
909 3310
5652 2608
6886 913
3804 4959
8778 2116
7651 249
7814 3254
4908 1772
8147 6185
4205 4263
6223 1633
8506 1019
9749 1758
8891 25
2780 356
8379 2873
3685 5157
5556 6557
4617 4234
5770 6666
4094 4431
7028 4663
1696 7185
0 9182
6675 365
2872 5152
3917 4097
7373 5600
5765 1721
6433 4871
877 4796
8897 1919
6271 1700
3825 2949
2562 5084
3577 3512
5394 4703
774 5686
1439 743
4074 4574
6601 5385
6925 2071
9846 9176
9016 1992
1162 4388
1691 4073
3347 1347
5509 3695
5847 2815
3663 3984
5422 8413
4487 5157
5340 2709
6915 4098
5858 3876
6087 2387
8133 2080
2671 5786
4546 1954
8190 5067
6760 3437
5416 5099
6713 6293
6225 1692
6287 8348
4792 5231
5267 6040
4600 3828
7098 8365
1329 5427
9348 2195
6296 2502
6618 3456
5379 3105
4811 4710
1356 3333
4759 5575
5326 5802
8246 906
4132 3369
6195 4274
2527 6146
1376 3656
5967 5984
3191 2263
765 2837
7404 2424
3061 5213
5918 5988
6779 2097
2955 3316
9671 9404
5447 4398
3926 2739
4333 2223
8679 2221
4400 3305
4225 4356
6250 5140
7334 9180
4170 5561
1466 2939
8822 1065
9117 1400
7886 1520
4278 4767
4771 5185
2107 4018
2164 1910
156 294
2372 9682
3556 6570
9447 8481
2435 3322
6735 1794
6351 3507
7493 1552
8285 9613
213 8498
6241 1658
8172 1123
940 1544
3113 6674
5594 3644
4143 5329
1018 2119
9054 9584
6825 2352
9047 2378
4994 2355
4133 3994
5137 3823
3528 6355
1582 4821
5912 3154
758 6082
4680 3983
4970 5143
1643 3110
9905 1582
494 6408
8342 1399
3441 4117
3367 4567
9405 905
4674 3661
8183 3715
8523 9571
7106 366
9180 130
6280 6740
4268 5072
4516 5573
3334 4237
8017 650
2286 5314
3718 2304
4621 4692
2078 7082
1 4692
4048 1285
5119 2583
5355 3119
9106 1358
6809 2757
3142 1052
6501 5759
7209 2718
9440 3607
6794 3281
995 3680
4520 3086
3935 4391
5432 3991
4188 7964
4179 2802
4323 6184
2638 2458
5426 4823
2095 2597
3142 243
4792 3392
2888 9799
5152 5114
8198 721
8696 2300
4331 4184
2429 6414
2871 3312
9260 225
3931 5287
5175 3120
927 6156
6673 2874
2910 805
6739 5034
3729 1384
3148 9493
4444 6195
4229 5651
440 2123
6942 792
