3958 7906
6408 9211
8560 9151
1964 5105
8371 6929
8712 1044
1208 1860
4573 8951
944 7538
1694 9558
1108 9995
5331 7964
9627 813
9399 9595
2096 5297
5095 554
3004 6213
5696 6930
3919 7532
1548 998
2657 3207
4126 7602
2783 8963
9929 2212
2028 8774
3775 7753
9826 9546
5734 8610
5664 9579
5976 5901
1887 9598
1718 1140
9265 1912
2689 6988
7089 4077
371 936
2124 376
8573 6627
1824 8486
2488 8804
2779 4639
3184 2482
4653 424
3200 7283
2633 262
5807 6464
787 7833
7191 5540
1395 9657
2220 1014
6959 7768
5630 7743
492 197
2564 6831
954 9020
1641 9151
6264 6834
7982 5651
3 8776
5683 9332
5072 6954
6315 7693
2236 2297
3599 5582
7107 6318
3010 9248
4005 6386
2893 2832
8773 9411
7701 9713
954 501
2434 8917
3393 4704
2664 74
8989 1325
6186 3499
4897 6576
7275 6819
1352 2115
119 6893
915 9802
9715 7067
3147 3614
4476 6757
7424 7463
9858 9834
3330 9715
5738 4248
9683 457
8724 9020
2737 2794
4040 8488
3796 3898
6300 79
254 6803
1384 2152
6967 5408
6570 8332
6703 7797
9503 9889
1253 6800
6507 8779
4376 128
1738 941
347 7781
7744 6622
1929 1341
1813 7573
7003 7271
2314 6116
2373 9292
545 9193
5863 8997
3031 7172
3965 7741
6075 7199
633 1349
5408 1381
760 7159
40 9304
8384 5792
9957 5512
6493 6558
4884 6308
7785 5203
2762 7806
8304 7754
8821 7873
8880 6211
8488 7264
3708 3538
749 4125
7160 4104
7258 8032
559 7546
2642 863
6671 6438
4076 9154
2338 7789
5731 7357
771 9424
7260 7983
9004 2091
2520 3717
8502 9697
838 8776
1176 8426
6286 8253
2461 4552
7419 8641
8321 4410
8771 8164
8770 9606
9392 7456
7820 870
5357 7143
329 533
5235 5478
5841 8415
2690 4915
207 9067
6294 4995
6459 6231
4319 8242
796 1743
5279 9313
138 9480
3800 6213
1688 5513
7430 7850
142 8129
6192 9023
7487 8668
5963 7074
4680 8248
2109 368
8443 454
79 8774
900 9375
7214 9821
5430 8816
7329 4951
9196 7620
5464 6990
8395 8281
779 225
2614 1541
3778 9217
5479 7146
4270 9917
1990 9163
589 7649
5673 7249
8073 6033
9050 7404
3327 7304
5509 7406
366 9617
6068 4679
1631 2409
7100 5890
1424 9911
6675 7324
9520 1193
6630 757
8156 6818
2138 6630
3654 7
5349 6407
3051 1645
4083 8882
4008 7558
700 858
877 8475
9749 7953
4150 7848
313 696
5938 7970
9923 9548
9425 9290
1629 611
3650 140
8048 8541
9406 6814
5249 7079
7806 6811
4438 7654
3193 6707
7481 4787
8377 5855
4189 116
6383 7026
630 3377
6221 6695
1789 7182
497 8464
7235 9466
4182 3630
1897 7865
6295 8984
7165 6527
2543 9572
8738 7577
4813 9787
791 8034
530 9171
3159 8254
8293 5735
8991 6055
2687 33
1164 570
9670 7884
2151 4767
676 9621
795 8013
660 8481
4128 5083
736 208
9597 6615
1161 7838
3564 1096
8608 4861
7807 3900
1200 1273
1321 9367
311 8085
7365 7725
9503 6836
4193 4202
6106 6084
2061 1687
1425 8957
4657 8101
5301 7358
4718 6220
5998 6770
3575 2450
3855 6129
7721 7387
3149 9499
1799 4445
6961 6863
2128 8705
452 8972
1525 7988
4434 8047
8667 2417
460 1105
926 8321
9553 9847
4716 5639
9652 9313
5241 8121
8497 9599
5095 5672
1283 8329
9958 9087
1661 9611
2498 3664
6589 6856
3642 7445
1397 9263
1378 3737
8310 7881
4677 8164
1236 1429
2747 9329
7374 8196
4842 3038
463 9099
8458 7221
546 8877
8528 5367
322 8831
3948 8521
5046 6727
8494 6942
1971 8061
5664 3640
9339 5923
940 667
963 6392
4515 284
3511 8040
4058 3999
504 9243
6508 725
6779 7595
8802 9120
1316 3407
827 8621
7086 8286
714 8582
1450 2970
4980 8331
1763 9199
6731 7173
4872 6830
9873 7308
7184 5968
8233 1747
8893 7962
8618 1845
3544 6352
1795 4411
6576 6652
4421 2455
5337 8327
6291 6748
6168 518
266 187
3479 499
475 8681
2321 3730
9120 6289
601 940
1432 679
8563 7674
1148 8239
2184 7544
9027 8303
7972 6968
849 7835
7170 8406
9254 7546
9773 279
5269 7917
5806 6684
6084 7977
1860 9109
4070 7095
2765 1277
2837 3987
2675 2277
3808 6528
552 18
6918 2955
7812 1075
7456 5083
195 9162
2563 77
5679 1768
5028 9135
9506 38
3644 445
390 9764
1385 7558
7931 8768
2480 8319
3970 8023
3040 6850
1351 7803
8969 8190
648 3225
8825 341
4555 7401
5619 6588
8586 5020
3345 2229
8641 9794
2773 9313
291 6627
5464 7724
9612 2572
7193 5257
762 1117
4014 6506
3461 948
3899 4737
6846 8169
1080 627
5931 9837
5576 5826
5856 8522
6119 5616
1757 5610
7628 2826
858 8665
3567 9843
1343 7291
4678 2070
4465 3018
7105 6150
8776 9084
9278 8675
5107 5887
5422 7610
691 9171
5769 8737
9683 2326
760 8395
6148 264
9600 1236
7641 6566
4608 2676
4145 6320
3400 7398
622 953
3925 804
3027 7638
4479 9701
388 8114
3856 6711
2415 4895
3426 8704
8488 9803
6545 5854
865 8462
4946 959
4311 7529
9144 9888
2651 4116
4369 9447
2074 1
380 8771
8690 7988
4161 4561
923 9971
6323 8505
517 8111
4497 4376
4322 2309
5114 6559
6716 6504
3353 9101
4169 391
1607 5419
9175 7764
4128 5961
9402 3187
2897 757
9257 4010
1261 7253
3890 1470
9534 5487
6929 4271
6043 8227
6243 5601
4326 2446
5135 6874
9467 7401
518 4939
3976 1128
4190 6295
4193 9348
5795 522
5118 9539
1293 7397
3232 9844
71 2022
2150 809
937 8296
1529 8446
7241 5391
9495 921
5505 6192
1526 5960
5513 1703
3392 1741
6389 6361
6925 8797
6470 8909
659 8446
2104 5555
4134 3403
2343 3442
2785 9834
9961 683
5311 8416
6780 7432
7838 825
7123 8180
681 4040
5176 5064
2067 8898
1986 8308
5214 6497
4683 7773
2784 6967
5997 8173
7191 5035
2607 2337
1677 3208
9960 6758
2033 6299
345 7077
8835 641
3895 8773
4212 2302
1852 207
1149 9889
4563 1843
412 8317
9364 5829
9144 829
4954 8379
9758 7791
8838 1707
7018 6149
5746 8065
8434 3033
37 9050
7759 6507
702 931
7938 2448
2076 5735
4122 2350
1782 5099
1610 2372
7677 7776
4283 3624
661 7830
7822 5418
6049 9279
1407 7818
7445 3881
3369 8820
9002 9115
7641 5333
9207 5194
9494 9061
6627 6879
2855 2012
1554 7199
7154 7219
691 7974
9817 9431
1060 369
5790 6678
7076 7537
6531 8250
5406 8540
3463 4491
9888 9073
9046 9544
3704 8346
1976 6927
3688 4466
7256 7104
629 8938
7547 8043
714 1327
3335 3942
4337 9332
6671 6679
4602 8211
5261 6437
3340 8096
7383 6525
1992 5416
1305 8412
5180 5289
1378 6932
8509 9061
2612 4495
514 7025
1900 5836
7383 6363
2894 5907
1679 9022
2189 5044
8328 116
663 8810
1075 7177
1677 1751
4471 3153
1619 8580
5534 1203
4390 9464
4094 4874
5989 8316
2931 5574
8472 8913
727 6872
4211 7125
6687 7198
5954 7949
9625 9377
1621 7615
5893 6380
7421 5055
2179 6073
7830 6404
1499 554
5511 1857
961 7313
7755 7542
298 3149
379 8089
6359 9840
1503 286
2242 7926
1001 7596
4835 6171
7701 6695
9300 8539
9710 133
4939 2472
6884 6274
9539 7243
73 9330
6117 8204
4941 9315
7088 8911
3997 8571
1390 9637
344 8661
9766 7380
5085 6080
7886 6587
240 8860
6816 6246
2821 7476
6436 6928
3771 7105
5661 7426
1099 695
671 7991
1287 1569
1686 5614
4643 7937
7879 6566
4656 6168
6616 5403
7907 6228
9103 9296
7021 9015
684 5822
6548 6059
1675 6117
8343 5892
5037 2988
6293 8798
367 135
1811 6148
1105 402
4393 9357
2432 79
9753 3379
705 121
95 8990
7778 9735
5576 2219
723 8806
8382 8452
8759 9342
8756 8779
6266 8206
2210 7214
5467 6141
4474 7197
2127 8339
6862 7148
2121 5556
2545 4553
648 4690
7780 6919
4151 6400
4318 9695
64 9276
8322 9435
3518 3100
7469 6550
3268 4237
9248 7925
2768 5757
2885 6580
8788 7693
3369 4060
1599 9415
8803 2825
9283 9887
6312 9256
6832 5041
6509 7905
7068 6480
3340 5192
594 5923
4829 6728
857 8777
7464 1214
3213 6957
3262 1328
39 566
4194 4002
7269 3855
5276 3521
2951 9279
6362 14
4808 7864
5033 654
5548 8806
6631 7894
5502 7140
6194 9982
3883 6388
7616 8276
4211 3035
373 6872
2667 8464
2469 4418
5071 4805
5594 1072
723 9322
20 9750
5126 8960
6927 3718
5327 4520
4180 2684
484 4628
9371 7362
1350 8269
9915 515
3961 3905
7237 4694
9752 9286
1883 9919
9748 356
7913 1548
9842 1232
3139 5035
4993 3057
4389 8550
7877 2528
4384 2684
9706 1042
5309 6969
1185 7420
4068 7588
3491 4785
7216 6849
2119 6775
8097 6180
1989 8633
8868 7527
914 388
3680 4315
6933 6142
4931 2709
8480 6475
1301 2621
2203 9483
1613 9123
3809 6546
7564 8196
1047 7180
7168 3021
7612 6125
7457 7572
3167 8628
9603 9814
740 8578
9613 8812
4353 638
6118 4092
3932 1139
3125 7566
6078 5587
6097 9649
1275 9514
2701 7513
7726 9139
1540 6169
3531 6393
9607 8081
5814 6160
1107 518
7058 6245
7951 626
9448 1272
3839 8751
871 250
295 2705
1406 8667
2256 4113
3510 3337
833 8378
1240 162
6332 6280
9617 9479
8668 8781
4435 2146
1964 174
1426 9575
1745 1326
6447 9748
9659 8020
5528 5933
4361 5979
7002 198
6421 8536
3720 7231
892 9232
1035 888
2264 7916
6671 3872
1135 9624
2232 9653
8721 4847
1501 9205
5157 7603
9804 1442
9613 7998
9678 8545
821 5492
2523 7739
5472 6940
5358 6061
4176 8270
8074 9075
5759 4001
4567 5949
1674 8068
9303 620
4487 2304
9763 879
9684 9464
3608 3913
8469 9043
465 4163
8980 2348
949 8166
1756 3020
5459 6475
1238 8961
4167 6774
9689 557
9405 1692
9232 8018
447 66
6230 7688
7409 7103
1379 9732
4571 9167
6058 4534
1374 5700
6720 7951
5380 2404
682 7696
964 9081
7139 6214
8056 9013
1142 6616
2816 3777
7787 7418
516 9052
459 8945
2902 857
8244 9747
9507 256
3115 2798
4128 6391
5117 8037
9205 8832
795 9159
5960 8595
6412 5058
4927 2162
2811 4894
4389 3161
3272 5490
1146 9749
1819 1256
8229 2542
5065 8804
8177 9460
5661 3554
2482 6789
3597 6476
1389 9503
2171 7440
6059 4903
3539 1925
4612 7784
6247 7754
4686 6916
545 9245
1936 5053
4691 8175
3840 3741
6731 7129
8515 9028
2031 7020
1202 8621
6533 612
6781 6739
1420 725
4209 2012
2298 8285
1635 1934
5887 784
4770 6756
488 345
5383 7365
4706 612
5922 3460
8440 6657
437 7591
2608 9103
7466 6680
7644 9737
5639 3242
9333 9031
9055 755
4029 8982
5275 9390
5024 8762
5257 8457
1079 111
5307 8147
8891 778
1567 5051
415 1690
4501 3873
4576 8333
6537 2945
7129 880
6508 5142
369 1668
3869 654
416 468
8101 1988
2512 5324
7932 8693
4765 7064
9478 9479
2060 9544
6401 7389
4258 9591
4772 2911
6055 7655
7705 8251
1185 9695
1090 1083
9188 9151
9940 1705
8026 2168
7742 4624
6646 6936
1825 6138
2826 6468
4119 3025
5877 7486
1311 7732
5977 5120
8755 3527
9393 9794
3463 7168
6090 3438
5374 3366
8793 3648
1322 6438
9054 7750
3281 4662
1748 8999
3027 7217
6906 7124
1411 9521
4954 6553
1629 1607
