2297 7646
3452 5294
9080 8781
3015 2413
7907 7850
8512 2182
4627 7256
3845 5643
2872 7468
1935 5078
1766 7619
5968 8674
2362 3592
8075 7681
707 4031
6957 548
9459 2407
1738 8850
3486 7129
1953 2588
2635 4937
1056 8502
7558 508
482 3293
9938 7118
1805 6792
8756 8680
1632 7404
8217 9854
2329 5495
7108 7465
4816 4494
7083 1541
634 6005
1568 5680
7821 2144
5795 370
7730 2133
1365 8466
755 3033
9888 4102
2382 6031
9014 4648
1241 4476
2506 3214
3018 6763
9661 2918
7974 6303
200 5687
5521 7720
1971 1316
8482 9110
5691 7475
2672 3767
666 5440
2395 2308
5241 6857
3802 3326
318 1325
8894 9292
6574 9866
1255 2317
5511 8667
8480 1183
2986 4070
8509 7653
9805 6031
8269 1018
3172 5639
8848 7464
4245 5320
9183 6789
9182 408
1781 5648
4094 2527
4756 6308
3610 7280
8868 6139
8114 1992
8676 5798
2466 8231
9429 3174
9551 9207
1904 5337
968 6784
4902 7948
2892 7018
3121 2640
3312 9200
9536 3556
6061 215
8519 2562
5020 5438
4639 6015
3515 4949
2621 3760
8351 9668
4794 7606
1280 8785
2811 6163
2850 6383
7287 8504
3563 8125
1278 1860
2066 5502
2357 1773
2141 5941
4448 6807
1808 1698
7199 165
5098 4975
3356 2426
8533 9424
7460 8004
1424 8524
7687 8470
6400 5391
7769 8768
3561 6507
7676 9242
1750 3270
7864 5250
2286 3820
1743 6263
8037 1785
1554 8081
7586 8274
9365 8746
1758 3539
4916 9400
1978 6184
3741 4753
1132 8855
5009 6330
2698 8060
5872 5146
3294 1431
3510 3935
8109 5938
3978 6404
1544 4360
1446 7244
8529 8775
1933 3018
3462 6851
474 3768
8093 8321
7345 3741
3380 1210
6353 8743
399 1797
2635 5928
3853 7010
4125 6386
5178 4441
4200 6727
9797 8170
9370 9256
2052 5863
626 7721
3712 911
5051 9849
4151 8766
4175 910
3288 5660
9648 700
1385 1464
2644 7828
24 989
9416 9628
8606 2611
3061 5883
7260 4312
8438 1157
7975 7821
833 6976
4849 7285
1447 7940
3357 6717
259 2051
9247 1295
2501 5164
9770 2895
2075 6215
2295 6874
4089 3197
1509 8427
9725 1450
9402 778
6239 8317
8862 9163
306 7324
4775 6935
9672 7976
3426 0
3157 8214
3593 1169
7953 1767
9310 8613
3611 7728
3109 3042
5649 2224
4211 2521
2075 5842
3011 4880
1149 3974
9637 8512
2643 6281
3180 6885
2173 7954
8142 7152
1594 4086
947 2518
9319 3000
1888 6101
6214 5654
2840 141
8582 1813
7974 1835
7210 1570
4176 9995
2645 8038
8648 4409
2536 3692
9347 8858
59 3413
9662 3766
9287 451
6647 6435
8366 6627
7196 1671
2223 4620
7789 6475
9319 403
5417 8338
3133 2864
232 3987
1089 3388
952 4066
8413 8572
9755 9043
3376 6801
3305 2082
482 4665
9316 5874
4600 7307
9160 522
588 7810
5665 8970
1018 7394
798 8721
7762 6908
2853 4014
7717 9219
3418 1568
1340 1941
2048 8681
2731 5742
8666 889
8649 8412
2705 1412
8 3088
8716 2562
5395 6598
890 1579
3319 6397
3589 7313
1507 9293
3069 6231
2038 5155
4757 4806
5444 6648
5658 4631
8929 9216
6770 9893
3966 4276
8511 2058
8741 2511
9685 4912
8245 8165
7373 6030
7701 4175
4450 4752
8648 1645
8623 11
2269 7238
823 1292
2533 96
6121 7277
9559 7927
1222 2191
1463 4212
9433 5743
6246 4248
5918 6396
1390 6897
3843 6312
2010 6196
9804 4087
1250 8543
4442 6986
7329 9083
7112 1528
4306 7489
4478 7168
7059 8566
8977 1667
8974 5970
1535 2952
2109 6989
3356 4333
2993 6734
8971 958
1598 119
6888 1365
9863 1958
7113 818
196 119
1979 7535
7300 6670
2108 3735
5805 8846
9272 150
830 6147
1703 4760
8553 2526
5874 9354
87 5792
1796 8591
4158 7739
3920 7291
480 1464
9959 3188
7435 9365
2127 5154
4019 3468
1952 7526
4028 5521
4504 4547
5351 7839
2088 86
9177 8494
9248 6232
1867 2738
2425 6016
1477 3059
1356 2433
3161 3559
4365 6603
5723 3317
4000 3500
229 7992
4364 9951
543 3749
7015 678
9988 1130
3391 7166
8529 1642
1787 6704
7438 381
4904 2563
1575 2193
9673 2286
402 3062
8655 8548
907 1657
2458 5429
8778 1983
3749 5836
589 6946
2199 7133
2973 7183
3607 4431
5535 7924
1216 6204
5030 42
3700 2929
1406 9837
2322 5919
1262 7748
959 2216
3393 6960
3164 9212
2138 7913
8829 6759
7771 9440
1182 8408
166 7293
5498 8554
4587 1296
3249 7059
6199 9019
5329 6238
9508 9695
1610 6481
2725 7867
3374 7001
1596 6317
2906 4114
47 6109
9438 420
7330 666
1320 5336
3848 5032
3983 4421
5996 959
3082 7067
7825 892
1967 6495
1693 3891
9094 8999
2902 4009
3737 3889
3239 7288
39 6955
9598 8541
2155 1051
912 2926
7286 4784
4059 5328
9591 280
7990 1355
3918 7576
3513 4400
2281 3005
7510 6743
8910 9034
243 7215
3376 9782
2710 5995
3969 613
2735 7260
9193 8348
6654 262
1906 9498
8008 6220
5437 8548
6557 7020
2674 5425
1729 9960
9835 7025
1734 5599
8506 9215
1945 3159
6089 4133
1963 3711
8125 1301
2932 7374
2684 9020
1821 8740
1557 8950
5984 4116
755 1379
3394 6016
5403 7597
8736 2632
880 6892
1558 5504
9814 8008
2535 5388
4090 5966
1875 1257
9277 9878
7293 8192
3996 7756
3555 8431
7407 4916
3026 5714
3485 6795
9768 5942
9254 9742
9404 1446
782 1737
8765 1072
1506 2186
6937 70
3110 6607
4968 4919
8571 8934
280 8446
448 427
1271 5019
9471 6576
7794 7683
7633 8669
1517 7295
2090 6272
5544 5487
3484 4309
814 1689
3493 7683
9882 6951
7146 1240
7519 946
2310 5912
7591 962
3099 8049
4006 6111
1167 3771
330 7741
9385 2874
2836 1915
3444 8986
5349 6992
8007 6865
9030 9736
2104 3039
2865 6277
2500 7487
8057 68
2898 7366
4351 1837
2642 5612
217 2314
3767 4010
6892 8135
2607 5325
1860 2925
3598 5391
4226 2318
9539 182
4198 5764
7573 5482
3320 9593
3308 6986
3800 3387
2170 8865
1503 5302
2619 7169
6817 251
1910 2144
8413 2188
3110 6067
6366 5419
71 822
1061 2046
7765 5679
8742 6546
4730 5252
1857 3566
189 4075
5320 7418
3435 4960
4409 2066
1030 8483
1508 7717
2096 2545
136 1872
3211 4038
2410 5868
9007 9226
2253 5875
8715 9841
2101 274
4805 7762
245 7386
9203 1949
909 7137
1930 8101
2952 9296
1332 2810
2338 2163
8505 9491
8022 465
6991 7700
2552 5170
3711 6831
9922 589
4008 4076
1791 8693
5096 7016
3125 7902
2314 6537
1143 9173
4578 6254
4459 6163
4145 6543
3998 4129
2972 5045
5804 8438
9837 2872
322 3306
1270 3621
288 7603
2498 6217
9279 604
7704 2006
7144 6742
2261 6628
8997 2346
2530 8003
7282 9583
3201 9748
2836 7539
9666 2846
3468 8124
4945 5540
1860 7381
7726 5840
9943 7697
8595 74
654 4147
9510 9270
2829 8164
8844 2127
7990 1550
3077 4074
8687 822
3999 7378
7160 7652
4417 5676
3033 6609
7709 6281
3861 2578
751 2386
9737 2784
7214 8117
9909 8732
3023 6592
2452 7130
8059 1704
9792 1404
1523 4034
7897 6746
4834 5546
4065 6932
7293 7772
9076 9288
4753 7705
9923 4605
3391 7113
6843 6916
1742 6967
6638 7301
1433 1791
6079 7185
3649 5004
1672 4022
1677 4357
9954 5859
9674 2845
7802 8570
1564 3186
3570 7749
908 7320
3314 1407
1140 3780
9755 1229
1576 3160
3118 2902
8651 7222
3538 6893
1229 5249
8087 8550
8591 99
1541 2910
9419 3476
5885 5598
1514 7651
3501 6184
2779 2398
8163 1482
3394 6723
792 6574
499 3063
8586 2101
8474 7125
7605 6057
6305 9613
8651 262
8136 1217
9916 1941
425 4193
1318 8773
1659 5530
8021 8088
2210 2106
3630 7344
3073 5123
3991 4354
1750 3528
7501 7634
9477 6347
3635 5729
1244 8433
8389 5064
3682 8074
1706 4168
2639 6179
7746 915
4461 7021
2746 8111
3196 6105
3191 7168
2041 6062
1443 8242
8606 6895
9112 449
8473 6640
3428 3733
3571 344
2682 7546
1526 7867
8052 7913
2746 904
6199 9163
2228 5506
5308 5703
7366 8003
4988 8465
5201 3752
785 7887
2491 641
666 4650
8864 2216
3131 6609
6159 9639
8997 7920
9481 4744
8547 9279
9678 6341
9240 4547
1479 6088
184 5913
2562 8294
1771 7365
3668 6175
2628 5597
8619 9987
1109 6244
9395 247
172 5273
1966 6548
6096 1598
2872 6906
8532 2000
9597 3109
9942 910
3102 1437
3408 3368
8912 2359
366 4515
2427 7287
9677 3217
4043 6359
8868 1934
9880 6453
6522 8225
2549 4927
9868 5841
2726 3675
2830 4806
210 5533
2626 3426
6266 6080
9246 4729
9040 670
2983 8440
3049 9316
2625 8323
3921 5053
2864 2180
7403 785
7591 2315
205 8020
9839 7961
9946 9417
1385 4956
2924 5757
1987 7514
1120 1903
4152 8201
2175 7494
1309 1937
3064 2488
7346 4457
9702 663
2264 6605
2059 7139
8897 7316
4189 4022
7283 334
9428 5393
8728 6083
116 9295
5168 2545
9057 6487
8609 9756
4788 8560
5218 8800
1582 8242
3522 7261
6122 6812
1347 7454
2179 3802
2907 8562
4384 6121
7289 1087
1633 736
5734 6178
1147 7020
5175 7108
235 8586
4059 650
8591 829
1915 7386
5697 8236
8773 8561
3966 4790
9442 5934
2512 6171
3593 4962
8067 6952
2979 2506
9887 3184
4388 3970
2798 3434
4600 8072
6026 8286
3207 6342
1575 6118
7199 8472
410 5014
2620 5224
9614 1039
45 7680
63 4696
4523 4289
7907 592
1717 5820
2737 6401
8247 9008
3256 6072
8233 8844
2306 8676
8328 194
9015 96
4835 4569
3618 7238
7672 7986
4141 2669
2396 3340
8243 1669
9336 8925
9818 1368
1252 8312
8579 2530
9599 3804
5628 4061
2430 2435
1381 5335
36 3645
839 3740
4180 9970
2803 6234
5023 796
3387 3927
9805 8186
184 7043
8802 3218
1732 5696
3474 6784
7094 7483
8519 1972
1201 1459
4542 9675
534 7817
9377 178
7969 9
1403 5633
9781 2989
1436 4507
5149 6179
7739 6475
6934 4995
4902 3260
1407 8501
900 5924
8181 7202
6068 8938
3711 7635
5403 3938
5319 3966
859 6179
3043 6062
825 4865
4361 9595
2846 6707
4386 4682
302 641
8179 623
1931 7203
2109 6810
1161 506
8096 2431
3674 3179
256 2834
6081 9379
984 1596
277 4614
2690 5916
4747 5093
3096 4779
1505 7207
7674 1237
1283 6465
1918 5426
9141 8798
3632 7248
773 7294
4155 5074
8187 7100
2875 4258
9317 2724
6248 8482
2043 1076
4210 6160
5604 8807
7053 7427
5290 7448
5975 6328
191 9516
1461 7667
9895 3792
7718 6886
2193 1304
9845 2888
2731 6312
3849 5897
2961 7192
9940 7735
8786 6656
3197 5315
9322 9510
7557 7472
2747 3556
712 4528
2567 4492
1533 5724
6480 6765
8629 1267
3089 5391
2731 5683
664 7755
9060 8872
2233 2935
3541 5628
8614 2199
2738 5313
996 7343
5752 6849
3102 3631
2864 9977
3360 4820
4339 8497
3018 6926
9819 3509
9221 4207
4805 6844
8339 1869
1103 6777
7353 517
4647 7975
3342 6748
9021 2711
8852 2274
9024 9547
8306 7043
1552 1666
6768 8494
5516 6465
3201 4661
20 4418
5643 4592
6902 8592
1773 2159
8934 7923
2217 7389
5021 5192
3448 8163
9583 4177
8835 6251
6150 9967
2969 2325
2440 5093
3577 3218
4513 2674
7310 8642
8731 3417
2583 7720
9256 6518
1114 9518
4982 120
7089 9842
3283 7085
9899 4180
478 3300
2250 6137
2147 7204
3242 1781
