7791 2553
3705 1700
517 3395
7228 3468
9695 5042
5977 4585
836 2626
6718 3793
8048 8890
55 2537
3299 2190
8446 7835
890 2463
7223 9149
6512 7062
3209 5661
6306 7003
8281 7786
9450 7035
9048 6228
8481 4549
7751 5100
8941 6111
7022 3502
2807 680
7883 2766
6847 8992
4212 3333
4202 668
9288 1654
7970 1867
9865 2959
8547 3209
6820 9151
9849 1959
8799 7195
9997 7554
1389 183
8964 7024
1359 2644
7307 4839
8006 8471
9026 4604
8076 9451
8507 5873
5001 5982
8481 5326
1402 656
9719 4738
5419 3624
7886 6986
4459 5379
8059 4452
2752 4923
5735 4894
2693 416
710 1426
8400 5001
6289 7430
2757 1492
1618 2778
9575 883
5498 1320
2647 1050
1179 3054
1849 3303
9222 6366
8609 2734
6320 4802
8137 6698
7503 5109
9945 1742
9768 6823
184 5818
3762 2719
6990 9984
2393 2240
8646 7258
2857 1966
9090 8147
3420 3611
7194 3465
3468 2101
5207 9865
5919 549
6728 3675
7015 4662
7715 5531
8407 3553
7650 5420
9345 3189
6903 3029
3355 4066
7058 4471
6302 1217
8267 1214
8879 6022
3590 3411
8706 6854
7176 5100
9806 4850
131 1902
8156 8275
4195 3243
8183 4189
1608 1106
4554 6559
9711 6647
9765 5306
5481 3315
7657 2947
2992 2805
716 3989
6602 5535
3325 2676
8849 5883
7602 8362
6952 8366
4023 5131
2259 923
8680 839
729 4691
5309 6088
7482 2048
5792 4354
2715 3445
4292 2223
5252 3595
9699 6138
6711 3092
3466 2419
1472 5805
2786 1110
6751 6691
6229 715
8201 2396
478 2997
2648 2735
1634 3112
7892 5442
846 531
8645 7275
4450 1222
9401 985
3385 2704
4113 2131
7620 5940
5822 171
8821 6673
7655 9690
5944 3147
4499 625
5830 3985
5036 4860
4665 3245
5732 3651
3892 1610
1186 3735
7325 5223
7035 2891
2825 1832
7424 1293
6089 4581
2108 1279
2934 1757
6218 5378
3780 3107
5836 1938
5586 9640
6815 6042
2367 2451
1572 1573
2769 5500
7467 3186
6081 2263
9443 6063
8591 7015
8140 5520
4375 4752
8135 4795
8762 8056
2868 1677
6439 4824
5014 5249
5614 1174
7998 4807
4548 3613
1658 1200
9172 8314
3752 2501
8914 727
9177 5656
6116 136
6774 4005
5491 3620
5233 3999
3613 2998
8457 775
7248 3686
7846 2409
8631 1943
6643 4186
3546 2554
7936 3632
501 9801
3248 3098
1560 758
6909 3182
674 3127
6447 5470
1999 558
2238 1267
5358 3715
5600 4133
5982 6700
6682 4299
4675 9314
1062 9944
3758 1497
9289 5191
2136 1237
5746 1087
6893 4918
3922 4219
5587 6692
7703 1983
1155 2551
218 7480
4584 3292
7953 3833
9873 2129
2131 969
1866 595
2319 949
5466 3787
5762 2626
3167 4978
4855 4298
4978 4616
9617 1898
5016 4490
9890 8808
7814 5764
6312 1857
9768 2970
9753 5950
4370 2639
6748 3736
4749 1256
67 4198
9739 7211
3876 2698
887 3662
3265 2108
8014 2002
8827 4109
5942 54
2621 2302
9936 5671
3153 2559
4825 6364
6806 4338
6754 4160
9142 8398
7317 5088
3147 1185
8118 2086
8892 4741
3716 1769
858 3509
6766 1757
5239 1259
9774 2365
7434 3394
6318 9651
6079 2148
8334 5371
1572 457
6444 7750
814 2783
7257 4484
7947 3152
7418 3934
2372 3454
1483 3036
9623 7147
203 3541
7467 4312
7438 5090
2656 4363
8719 1920
3697 290
8037 4604
8699 3519
3853 2124
1053 3815
5660 9757
3114 2477
8183 4429
3751 3159
2619 2346
7124 311
6660 1259
9248 719
3079 2348
8761 4244
8735 2129
6299 3751
2350 2495
8244 4143
7176 3219
7037 3726
4416 7499
8395 2856
6078 2956
5619 2024
8436 7202
9162 4862
7545 9138
6823 3226
8071 4318
4687 5872
7755 6333
7885 6272
8355 4918
909 135
5326 3720
6318 2183
8115 717
9904 2066
7016 6277
5055 3662
5078 4805
470 9398
7556 2834
4119 5118
8422 2064
7259 8487
5524 8436
7623 4083
1806 2884
2947 1150
3742 2782
3710 2713
7614 151
2225 1147
7687 4333
7950 5875
9845 6162
7597 4021
3888 5654
8532 1145
9420 5381
8954 5066
9675 2709
5207 3917
643 2119
6062 657
3301 1992
8253 7242
597 7354
8861 5759
7641 4756
8901 4672
5975 3069
6150 2930
6606 6993
7100 9374
7632 5192
7750 4510
6765 4533
3964 1554
6670 4960
7964 1757
8972 4817
9413 4151
9183 5693
823 6219
8765 1077
7609 6066
5353 4348
5662 417
5892 1386
4563 1510
6181 3057
7027 4825
5648 4790
378 2430
9482 1388
6390 7898
7000 3379
6701 3101
6742 9289
1993 2323
2797 4449
7229 3495
2015 1277
8739 3693
4412 3519
226 6112
6273 4902
4918 2097
1491 9944
2594 9867
5168 7303
9087 3738
5389 3741
8116 788
892 2543
6722 3672
2473 3588
7921 4234
8867 6843
2252 3696
8297 7401
1917 3245
4488 4282
3586 965
9135 5202
8917 4485
3471 3113
8789 6124
7633 1588
5468 7725
3480 1221
8187 6055
9118 966
2183 609
9693 5633
4476 3944
6651 3989
8807 5778
3175 2580
2318 2896
1350 2953
7096 1895
9083 6890
893 2485
6621 3755
8870 339
7060 4062
3817 9604
8556 2525
8636 7073
118 9389
9080 5014
8356 5972
274 2610
1653 906
9183 1329
8068 7173
7592 4184
647 3377
7785 4987
543 9812
6468 5867
1627 3495
2201 1305
8046 1492
4254 3072
661 1981
4493 2698
7099 6255
6417 1184
6447 6567
5052 3299
4409 4663
2295 1806
1276 546
8163 3236
99 2214
2667 2361
1301 3101
760 9953
7430 2818
996 3786
6777 4245
4460 3680
9702 2158
4932 2754
9381 2350
8011 4261
8918 2598
7134 4235
7447 930
10 1220
6965 7441
4284 5022
7503 7116
1397 283
6888 7715
6703 5473
48 6445
6767 9173
3792 1945
7212 9124
8723 9287
5427 328
2975 2598
9023 2089
9670 2098
3442 8885
5621 4251
7989 5792
6179 5076
9587 4791
1854 8475
7999 3114
8810 4623
5779 1835
9330 5961
8912 3597
103 4031
7386 8787
2161 5010
98 7232
6269 3410
8932 7358
1911 1708
5025 549
9406 6841
4098 3057
7942 5060
7726 5018
7808 2854
9638 5296
5744 5260
1231 3535
6509 2601
4042 1701
362 5975
3678 1833
591 3067
7764 2658
2696 1098
3509 2689
4662 4694
6035 5180
2691 5440
370 5817
6448 632
8226 4446
6606 840
6052 7209
7131 6156
2065 3446
2893 6725
7527 225
8602 1673
6097 7900
8821 9835
7276 4435
6370 9190
9853 5323
1692 1381
7458 6416
5767 1438
4538 4380
7201 8471
5942 3941
3668 2645
6111 9860
4285 3553
8373 1468
8005 7964
3874 4318
4379 1354
3065 5003
5456 5090
8839 5813
7007 4917
2021 3408
6876 6154
6073 79
4170 4078
7541 3417
5929 3836
6219 1939
8266 941
7485 8360
6024 6715
6774 1313
9231 2001
9313 1662
9409 6474
2328 1447
8800 493
4704 3895
4943 2856
9406 1215
1199 1215
8304 3304
8139 7685
7242 1417
911 3399
4683 3045
7142 3285
9357 3272
1628 3463
9433 5882
1045 9369
6684 2425
8627 2938
7577 6111
7707 8036
4201 2084
7513 8418
7021 3022
9033 2650
6283 9418
5207 3581
7349 8593
647 5042
3069 2353
3573 476
5380 3899
1284 2444
5882 1940
7274 6442
5089 3067
8275 2998
2896 2281
9533 2316
9551 1696
4623 775
3383 2158
6925 2105
146 3146
7374 4570
2499 2245
8043 5986
7097 231
626 3136
7645 8429
7344 5481
4583 4503
422 3733
8886 5232
9394 1986
6654 335
9548 4268
2331 1205
7333 3998
9595 4627
8203 3261
437 2320
631 3116
7991 7381
5126 5052
1845 4066
6962 4118
8527 2702
5348 5748
4628 6105
5208 768
5356 4867
7481 5091
9139 825
7146 8466
8184 7552
8331 1573
8356 187
6985 8796
2791 2650
8544 6394
7426 5411
333 1826
327 9214
8750 5995
9113 952
6401 2100
7335 5876
4942 4827
268 6037
1088 3314
8152 8130
5340 514
2113 731
7419 4972
5554 6383
4903 1754
6596 4261
6783 2519
6583 3824
567 3746
9983 1967
7939 3812
7123 2853
8662 2620
4320 3239
1974 2360
2964 2443
6446 1451
6322 1016
8465 4007
2726 4457
7605 9812
6383 617
6826 3420
7375 4929
5383 2992
112 6149
6827 4059
712 8768
4426 3742
1177 3135
296 7160
7248 8491
8021 6501
7612 9460
5055 3037
6473 8760
6322 9503
7876 3877
9328 1263
5386 2737
7296 4394
6320 1091
105 2363
8183 7582
1867 1870
8907 5807
6602 5118
9082 8270
626 3764
4137 3504
7848 1999
9182 5108
2438 1313
8132 5779
293 2413
216 2050
9393 6841
8205 4070
765 7494
4997 4627
4428 4201
8412 1510
6303 8204
1178 350
1614 386
1908 1587
5662 2524
3362 9776
7881 4741
9375 4205
8740 576
3981 2465
3939 3124
8656 5537
8551 5255
7718 778
7400 3507
7690 5146
4612 5315
4376 3745
1624 1046
9909 3208
6139 1667
5873 8610
1843 1233
1493 882
6087 5421
5885 3489
9017 4105
8514 6621
9128 2908
2431 1687
8420 2803
6731 2481
9478 3524
9586 3853
9330 1047
9002 962
8167 9533
2863 1927
128 5059
7629 2557
3448 3520
6836 1609
836 2921
6164 5161
7340 2463
5409 7675
311 1635
6335 4076
6453 4360
5454 5468
5313 2383
9619 2574
5306 1679
2167 1213
5476 7850
4844 4641
7695 3032
1113 2039
7974 4909
976 3193
8739 7354
9690 5779
8810 751
7146 5562
8445 7959
8101 5544
7190 8912
7987 4866
7968 3959
9552 4344
6869 5290
946 7151
7612 7320
6400 1693
3327 1639
5939 4098
6195 2990
9795 1398
7776 5869
2969 3410
466 2578
1432 4110
8691 2623
8717 5641
2576 1618
1002 999
2328 1516
3636 6851
9860 5256
2126 4536
1903 3615
1159 3853
8263 3363
5421 1930
7543 3531
828 3833
9486 6497
1491 1056
128 2030
6709 5044
3900 2705
9414 2307
564 3015
6140 3971
7947 6110
9215 3675
9599 4186
1180 1279
1234 5033
7205 6528
3946 4169
7084 5762
6305 5881
8946 5594
1617 3620
621 3643
6218 8204
5312 4597
6779 7606
192 3237
9702 4027
7850 8010
9453 2923
9674 1988
6916 4579
6493 7276
1332 9927
9354 833
5701 4557
1986 1393
7838 1238
8481 6290
568 2697
8614 1468
6291 1637
7432 4351
8253 424
9935 2163
8365 7921
1473 3724
7266 3016
7555 5105
5797 3865
9763 9766
6963 4537
5224 3055
403 1982
4124 3002
9532 3764
5249 1827
1075 3067
5682 7963
6835 1328
5250 4913
1252 3374
7871 642
7340 6357
8349 4287
1461 1638
896 459
3622 3029
7376 6261
4330 1413
9556 5396
3665 2838
8286 5179
4974 4224
487 1706
7028 6630
2768 1540
504 3592
8884 4832
1709 692
9609 1719
4342 3458
5474 3881
3473 2780
6506 9788
6370 5479
1983 733
6973 116
8225 2023
6818 1023
1066 2824
3219 1170
1858 4231
7189 4215
1811 1099
9310 6373
5209 9342
426 2073
6299 3563
8204 4547
7850 2923
9493 1399
5287 3358
2557 1971
3307 1395
6053 3138
4339 4193
1474 2282
8226 4342
6309 6380
7631 3211
218 4285
8387 494
9945 3222
1408 1006
7347 3461
9317 5725
3038 303
9141 962
1612 3491
4641 3758
20 8745
1931 4192
2937 1986
6055 3607
179 1944
7376 4674
7876 1214
6278 2703
9180 4852
7528 5226
4604 3983
4057 3167
8842 265
7863 2434
4878 6178
7279 1907
716 3380
4216 2037
7235 6239
1541 3997
1104 9630
4628 3769
7456 5740
987 3294
9480 2364
9770 5989
5575 2188
6507 9630
2724 1972
6327 7067
4829 1324
1553 1100
9505 996
3839 2562
308 1959
9120 4025
9903 2070
662 5727
8402 7708
4786 5002
9507 1670
8616 5016
5941 4654
5494 896
9960 5853
5299 4104
4555 3448
6791 3750
