2446 5374
4018 7292
8634 3996
2273 607
2199 569
2351 1448
9558 5293
8558 8961
9478 8171
8274 8317
5049 1988
330 8291
9831 6071
8044 9908
4777 3097
3512 1525
8469 3663
3566 1505
4420 2859
8850 4150
2002 1070
7999 4918
3237 1415
2938 1429
3670 2129
269 8131
4727 2449
3504 1688
9354 431
6985 5161
3857 2193
5542 4495
6527 2257
7543 2441
4738 1048
9954 5103
3646 2284
7033 3288
2950 6107
8636 4846
5417 4463
6595 9859
7232 2841
9396 6947
2889 862
6715 2313
4913 6943
572 7118
2280 1172
4376 2254
141 4289
6734 2838
7979 3129
5146 4359
2387 480
9552 4835
1551 455
6592 9655
6042 4929
7167 4800
8619 4487
9613 5196
2725 1289
9202 6955
3307 1883
7779 6496
3954 1892
6310 9704
1956 6785
7370 388
8975 4670
7224 5447
3568 7427
8549 9959
9759 5179
150 5798
3938 2805
5685 4776
6568 968
1695 6875
2954 6310
7612 9482
4127 2722
8130 3568
8258 4489
1702 9394
5887 746
7306 3368
4577 4356
8337 3232
2143 249
6496 3014
2924 1210
3929 7289
1056 517
6259 8974
4300 2268
1241 7207
2568 1310
1816 6639
4762 4019
1219 9538
7384 2914
6257 3927
5197 3282
2277 7006
8810 5114
3848 5085
7952 3682
977 1541
4614 6601
5216 3161
4271 4541
834 8811
9189 7087
9516 5276
3076 1307
2632 665
1017 8923
4028 2437
4922 3437
225 8456
9473 7687
6419 4367
1356 7315
5013 3722
9338 4857
3458 1930
4934 5015
1402 9780
3662 5381
4107 2842
1892 9653
5488 6184
4595 8694
3843 2414
1883 546
8228 3414
3710 2388
3746 1942
5768 69
3763 8020
6108 3799
8347 4701
7891 4421
2448 830
148 6007
2689 804
995 7173
3517 1453
2412 666
506 6478
7219 3781
8441 9421
729 9543
3698 1870
3456 1461
845 9318
1876 106
1328 9808
1602 9693
3493 1855
8134 6655
4325 1748
6029 4203
4786 3791
5190 4042
8732 7382
5790 8467
4225 2811
4506 2583
719 8958
3970 2850
9614 5271
726 8338
1133 9897
1434 6847
2049 317
2690 997
3298 1554
4490 2974
6147 4689
1114 9246
3808 2388
9190 4562
8207 3862
6404 8802
8634 5009
3602 1407
1380 6574
3459 2392
3168 4562
3637 6469
3670 3524
4027 2184
9131 4530
3973 6652
745 9366
3082 1395
356 5213
9119 6609
9457 9228
474 8732
3775 2512
4241 2400
3273 2921
5722 2949
563 713
6446 2235
2864 516
8813 5370
3899 1891
6308 2301
3192 1373
654 8317
1456 9997
4672 3266
9472 5600
4906 4098
9568 8533
6283 4050
1144 7116
6951 3426
2191 899
2109 619
1456 9606
2151 436
4949 2366
3862 2381
2139 1117
2684 1582
6112 3908
7400 9274
1691 707
9003 4834
8289 5360
6746 3160
6503 4812
781 9153
3341 1977
6225 2491
3330 1949
5297 8152
221 5923
6794 3331
4363 6945
25 7952
7154 376
3612 2467
5808 9814
2632 771
6909 2912
5169 9589
9275 5414
4923 2614
3699 1559
2288 827
5677 4644
6311 8695
6856 798
2257 592
8552 4143
5428 2219
4064 2465
3407 1289
4444 1694
3010 1095
3232 641
8517 4423
3282 2030
7710 3311
6418 2378
2822 873
9044 5019
3892 1739
6440 4797
5264 9026
8448 662
7818 2710
2449 1045
2978 1166
6547 2537
6974 3257
1980 7504
1029 9618
3498 1955
4811 3433
6141 2770
7077 478
3443 5384
260 6254
3208 6295
4732 3158
1284 9615
572 5861
743 7171
5622 2290
9169 7862
7327 2486
7558 3191
7737 3678
9586 5279
3476 1899
6644 2447
3709 2259
1756 579
7042 2627
9352 4703
5954 8663
2120 694
1379 3045
1241 9527
2599 719
3465 6841
9921 5403
7289 1857
5347 7496
5294 8006
2169 824
4068 2054
7421 5131
4601 3689
3906 9225
8053 792
5929 9429
2155 41
1759 4632
7875 4407
2271 1137
8330 3648
9286 5386
3408 5678
4634 3377
5516 8711
2272 455
5745 8543
4166 3141
9331 5546
6469 2487
1091 7071
4281 4925
5768 3324
4946 3481
8345 11
4289 2165
4567 3323
5650 4348
4871 6694
8869 4227
2792 1491
8121 3937
2406 818
8932 4274
6992 2109
4474 3778
7384 3616
3271 1098
40 5464
2985 1168
5981 4883
4716 4196
7044 179
4947 3162
6215 1532
1966 640
6952 2585
8415 1140
6126 2781
1533 93
2743 5939
7202 3114
4611 3240
2901 5720
8451 3695
2636 214
4699 6870
4219 7038
6445 1594
2075 6810
3142 1096
816 8826
4300 2462
1415 6809
6397 1145
820 3454
9941 5223
8606 9087
579 6128
7509 2642
6262 2003
4052 2040
5295 2587
6637 3588
2205 5482
9882 8709
6348 8437
2228 779
8916 4810
4419 2498
1887 5846
826 7927
2837 999
3200 1716
9028 8532
3419 1513
666 9277
3889 2454
2558 510
677 6016
2382 702
2881 2094
4383 3093
3171 6204
8331 4012
7166 3183
2268 137
2125 655
2108 7238
6449 2453
123 7811
3453 1627
2543 1415
8861 6819
6057 4082
8875 548
2039 322
1167 9936
4533 4959
235 5913
6485 4883
9155 7939
3923 7003
5309 2894
6634 1973
5919 3568
5855 3413
6333 8568
9444 8069
8826 4749
807 6520
199 5865
2616 3646
483 5642
930 9974
7607 4950
967 6249
4998 3868
1458 178
8975 4310
5624 8531
4991 2935
6841 3885
9552 5234
8366 4373
3508 4420
6607 9060
2581 1275
7879 3855
2159 630
4546 2840
4437 8028
8821 4535
4454 5884
3209 5691
4165 3139
5694 3616
747 9485
1654 9799
6172 3753
5905 9398
4408 3382
4401 2867
2342 7265
5409 5927
7548 1000
8167 3202
9228 5133
6411 2695
2533 736
3708 2262
8494 9366
1522 54
3504 1956
2683 4058
2493 618
1747 9944
7682 3718
1420 9744
3536 7110
2316 576
1604 129
8833 3974
9060 4529
6380 4806
4651 2843
7753 3598
384 8480
1954 507
4705 3399
2809 1030
1975 548
9641 8870
4939 3157
6622 9452
2361 1001
2913 849
3102 1112
3172 1347
7393 2644
1865 9959
8790 4143
2883 1064
4459 2794
4904 8568
7504 3033
6294 2443
871 2721
906 9491
4055 2957
7652 1717
6321 8413
1727 9872
8013 3822
5189 8426
7461 3983
4578 2750
3751 1660
4579 2724
6276 3432
2977 1229
2332 268
4186 3723
3514 1842
6122 4286
4059 2307
2258 477
4098 2527
2908 1376
9177 5445
3545 1677
4706 3457
2541 1183
249 6215
8926 1662
8358 3950
4196 2550
8658 7747
5225 2862
4961 3436
3066 1562
8763 9368
3894 271
4959 366
8372 843
4614 1671
3638 1248
9204 80
6889 1928
3988 2633
9458 4929
2463 756
2326 1007
4616 1945
8762 4569
7183 3076
7711 3424
6365 2574
136 5659
8483 3922
5932 2863
981 6892
58 6234
354 9274
6246 4716
4690 3337
8068 5177
3935 1750
2292 65
3258 3219
2569 3491
5922 8542
3968 1765
8474 8177
7880 385
6809 2205
3576 1933
6082 4082
951 736
8493 3846
1915 928
4206 2338
5194 2964
2818 6294
3620 2363
2600 1385
3613 1820
7074 9791
2665 849
2083 103
8749 8674
5915 8529
8028 3257
7880 4451
3426 929
8072 8822
5355 4485
2944 1042
1203 6442
2740 983
7977 9078
1628 9843
5227 3945
9574 5885
7015 2687
2644 2336
4507 3219
3695 9577
1463 9388
977 9006
6557 1967
3094 1004
5693 8299
3960 1518
3652 1640
4455 2629
9192 572
305 6487
6428 3393
4875 3889
6375 9663
8418 1614
1504 395
7587 3919
3385 1552
9337 7006
8982 8328
58 7918
2647 400
8668 5261
7003 2825
7290 6274
8037 3719
2455 864
8105 3872
7217 35
6478 1938
1731 4599
3072 1357
4754 3208
5522 8193
4127 2283
7620 9721
2811 1420
2759 1620
8526 2333
3895 1012
4247 2245
102 6639
5307 3802
8090 3837
2689 667
7672 4264
6902 3281
1001 9191
4257 2029
6976 359
3708 1280
6007 2047
2853 1025
279 5899
3120 1802
5261 3929
3569 1866
5349 4954
4997 701
847 7012
2206 536
9789 5670
506 9095
1586 9984
8069 1949
6949 9512
3528 2279
9680 5125
4636 6375
4867 2595
4008 5732
4133 2883
4516 1690
747 8516
6264 3941
496 9172
3865 6604
2378 382
7030 2556
4527 2788
6307 2572
2558 587
7639 3825
2580 1011
5534 3170
3840 1839
2456 405
4726 2835
3187 636
8758 4394
8934 4867
3904 2516
4454 2812
8871 1293
3949 2667
5387 1049
8542 4510
2945 1517
2350 652
4441 2711
4230 4999
5574 4658
5181 7445
3955 2436
5247 3607
5965 9665
8851 4051
2616 551
1065 9328
8470 9872
5685 7881
5749 9205
4887 2806
9248 489
2611 1110
9193 7872
3081 1243
5577 3378
8088 2991
4270 2685
8406 4222
3476 1772
2957 975
4598 3749
6703 4621
3864 1917
8083 3559
9709 5021
5513 4791
5447 3268
8715 4559
2454 6361
6055 4167
4530 820
8985 5075
2856 1017
4026 2199
4687 4559
5767 353
6889 2114
7091 8674
8754 3354
2147 1142
1061 30
2516 2647
3133 1145
2045 429
1898 9953
7296 3212
3097 1497
3350 1399
2263 508
6148 5166
4887 2801
7879 2876
659 9022
6703 3695
1136 2540
339 6033
9123 5008
6065 3020
7848 9542
7381 631
4649 2856
8637 4229
7500 9646
5205 3321
1387 172
7224 9562
9148 6916
7581 3792
2033 7266
2492 223
7440 1211
4387 1553
3571 2050
7702 4765
3193 1582
5296 1382
7842 2948
4147 6932
8728 5036
8411 4008
3829 2174
8532 4316
6383 2148
9566 5061
7590 3806
2689 1002
2570 9703
3909 1776
1518 8077
8109 4460
4717 6141
7693 3880
8142 3990
5221 3688
6350 8396
7705 9898
7849 3081
7429 936
1785 7792
8808 4735
2596 810
7353 3835
5712 2083
2610 574
9523 5620
2421 1461
4341 2726
4808 3244
1340 6224
4456 3616
5894 9469
4086 2118
3339 7126
3123 1006
9593 5730
5405 3261
8554 5507
9223 5364
7548 3372
8347 3982
1831 9350
2970 1648
3315 618
8656 4588
7076 2488
1429 9437
974 9311
5183 3599
4314 3388
9522 8415
7121 2648
6787 3535
3437 2050
7070 5599
3849 2650
8180 3441
8260 3470
8254 9159
1908 7458
4581 488
4325 6133
7291 3190
2913 1253
595 6394
3115 1635
4474 5218
4060 6881
5367 2717
1917 629
208 2031
3537 2267
6439 3849
1382 9757
8674 4381
4888 2737
2075 437
2784 6895
6309 1951
8416 4494
4703 2682
3534 1703
3600 1914
8060 9015
9985 4864
7373 3133
1894 352
5421 9729
7217 890
8789 4703
8848 4789
2558 926
4951 4766
3886 6328
9705 8122
5432 2595
1792 188
651 5894
7180 608
4382 2470
3605 2522
7883 9076
4402 2732
5340 1127
9632 8235
3040 1874
4908 7540
2375 517
1559 232
2051 969
8903 663
4599 5082
9221 5012
3915 7159
2626 4565
3613 2418
1970 4269
9161 122
2280 401
3595 1812
1700 9787
5840 3938
6068 4458
5011 3571
1040 9597
2294 475
8206 3340
3858 2478
3546 1556
8122 3984
7157 6060
1044 9338
1378 7139
2515 1871
5734 3813
6811 3208
5458 4305
1212 9550
5230 4032
3665 6360
2386 832
4852 1862
2814 5816
4611 3066
8344 4478
1165 9502
2361 1013
1241 9878
5281 7982
9122 6178
1580 5808
665 8132
438 6769
9320 699
6753 764
3195 1199
9818 8380
281 6794
4073 2105
6426 9265
4512 3226
1470 9832
7804 3404
3544 2017
489 6856
8167 9481
4547 3031
1574 9907
3249 1700
1237 8964
4787 5007
4822 5639
5346 3155
2585 1558
6953 3817
119 5879
8947 4515
5414 2899
3537 8277
2227 519
4337 2430
8394 4577
2512 3648
5719 1387
6749 1036
7525 2578
7581 2967
2079 221
3017 1169
2214 427
1908 92
4455 5976
9725 1920
9372 7385
4495 4035
6046 4033
8489 4167
4720 2832
3586 1582
9119 5237
4262 2292
7549 805
