7020 6966
6020 4636
9435 5622
2901 176
1672 1321
7998 5753
9614 3885
2973 2187
5606 2970
9248 4084
6369 2175
1794 4968
2972 4931
65 2587
5602 8845
1405 3704
2822 1627
6740 6557
9398 6997
8929 4322
4958 1433
7084 6339
6229 8049
1837 1995
2592 4319
671 3565
2207 3425
5877 9705
268 9627
6339 7045
2559 844
887 2960
3295 3491
6928 615
2553 2112
4468 1700
2600 58
8129 3334
8365 4612
5068 2113
1239 9553
2435 674
8906 4432
1966 3969
2853 1159
810 5611
2342 2679
1710 5602
8441 6318
3718 1229
7277 3657
385 3988
3616 5657
352 1596
3375 81
2730 8920
2783 5539
7666 5513
747 3205
271 4655
996 6124
2202 160
2016 8957
9565 3853
9156 5482
913 3484
4043 1138
5870 2086
8753 6962
1652 9336
775 5765
3788 2080
2789 1701
9495 3892
6290 2132
8213 6450
4428 3590
8807 4696
9760 7201
8103 4085
748 3807
6782 7057
7874 5848
7208 2717
9258 5242
1961 84
1887 2130
1130 7255
393 3606
1359 2648
1747 3111
9583 6350
7863 4225
155 5531
9444 7188
4574 9952
8588 7262
9668 5271
207 3991
7529 9560
7799 8023
3756 4499
9106 6550
1978 9563
2723 9577
6598 8013
9979 6206
2735 3126
2062 3644
3080 9051
6454 6162
2252 7996
9940 3087
9138 5846
6313 7126
3615 1091
269 7029
1630 5191
1774 9940
1303 3521
1627 7944
7435 6681
6513 8301
9733 5265
9557 7672
1477 119
8250 3214
7410 6108
8215 9245
4038 7088
9195 7176
249 8139
7231 6213
1002 9289
2233 4321
106 7672
2546 1681
6004 7642
512 5736
7631 441
9549 3750
694 8754
240 5713
8295 6101
1463 3365
8478 5814
9509 2887
2264 9525
7129 734
9314 5829
1027 9583
8673 9534
2696 4999
8620 5516
8931 2510
6306 8632
5182 3643
3828 6325
5677 6883
7427 4439
5240 6366
2390 6393
5877 2618
1796 3278
2911 323
2191 4454
7768 3048
9387 1743
6605 6591
3230 9991
8923 4479
6790 4916
4835 8788
8679 4765
3598 1298
866 3761
9094 5956
1102 1643
2980 1343
7905 5920
6964 8344
1611 2859
3262 1196
681 4148
7898 8355
577 5958
1864 2621
7518 7716
2511 882
6094 5971
280 8252
8081 4303
5673 6234
5325 1881
6973 5567
8585 5395
8675 5270
8364 7620
1789 3795
8868 4929
3023 3659
8500 4771
452 4004
4034 4439
8281 9837
2742 113
5763 4196
8409 470
2758 615
7046 6310
4404 2818
6917 7468
6507 3283
9406 2227
6817 7390
2954 9584
8102 4874
6424 5073
3680 679
3474 1990
2304 5247
3171 1407
1662 9563
1853 801
9234 3539
4613 969
3607 1625
5412 8422
5543 5607
7530 5489
9565 6704
2305 9040
5617 2533
1939 3958
1927 5790
8470 4887
7461 4324
9338 3162
2745 9967
160 6442
8831 5689
2790 2647
6743 8492
24 2237
7931 5014
7217 6434
5974 5933
1605 8911
1700 9823
8854 7487
9671 4866
8498 5345
8524 4314
7644 4957
3291 54
6281 8412
2382 5579
9623 4569
1494 8909
8163 4210
8943 4810
1484 9124
9640 2910
9620 7142
5889 717
31 5942
9576 3191
9426 5699
7440 9364
6652 2335
9503 6059
3637 9056
1274 4750
8442 7017
2189 9061
1734 8517
7264 7417
3364 2392
132 2830
441 3576
56 7130
5029 3534
6707 8012
7241 1777
1229 909
5824 6734
4442 1361
1314 7131
817 4348
8758 4247
4360 523
9272 5362
1906 9666
3264 4632
3203 1495
4694 2345
988 3174
1134 8750
1105 9757
9956 7730
9085 4242
8065 524
6001 3285
812 5172
8453 4779
8027 98
1365 3017
3782 5744
8122 8728
576 3787
2618 3995
2538 7093
2035 2353
9594 4878
9626 7967
3233 1629
1316 3277
2837 497
7512 6202
7166 5705
1668 4622
9520 6408
3251 1534
5508 2472
7628 5977
915 7521
3962 9750
1516 4125
3531 1579
1890 2627
3039 2694
1868 226
675 7966
921 9657
5681 8559
1080 3405
8117 1177
4504 9413
7886 7333
1976 5012
2929 2404
2325 3040
250 4641
370 3385
7163 6300
3593 116
952 5745
8473 6330
8569 5224
2434 3895
3524 4541
6777 3241
6024 3650
8749 4782
8454 8949
8769 5843
7471 6538
348 1267
978 1672
7320 6149
852 2625
1078 2699
4534 7082
5835 9501
1822 4419
3271 9882
2726 9939
6642 6826
6121 7658
9215 7177
8933 8282
5406 2410
5006 988
7980 3818
1498 1591
6731 9909
7952 5278
1416 3862
3495 434
312 3290
8987 6272
3095 491
6092 8610
7453 4417
6498 7083
3570 4796
8284 6282
8751 6422
2109 9338
5143 86
4821 2448
1752 2773
8995 5080
3715 9491
8204 7183
9314 5345
6242 350
3686 406
860 3280
7103 1033
2238 1193
9629 6934
9780 3558
2475 4830
1640 1414
1044 2143
9028 3145
172 6387
5805 7515
921 3622
404 4168
5933 7026
4058 3459
2411 9095
4586 4234
1011 9303
7912 7443
7275 8082
5008 1739
4296 7379
6078 2187
9482 5715
2867 4545
6761 5246
8940 7229
8767 7319
3173 3694
7173 562
7174 8362
9037 5468
1788 3755
9825 5425
3166 622
9502 4097
8765 4460
4204 772
5200 7790
904 6161
6631 1972
9811 5746
2061 481
8174 4949
7431 6473
5186 8655
4011 2839
3158 1840
9208 3754
7446 6709
6921 3769
5414 2008
7761 4231
1494 8354
1817 9273
5028 9377
6846 6057
259 2124
605 3902
763 9870
5428 2275
786 4075
5495 6148
1126 3515
9275 5753
8324 3855
97 5170
1915 1469
7434 5553
598 2739
432 3857
3762 553
7233 962
5696 2238
2595 5374
9338 4246
2905 9392
1543 1206
6237 7153
8336 4634
7535 6943
7896 6257
7317 2956
9388 6169
1015 2246
8446 7218
8456 4550
3457 5137
2029 9020
9582 2507
2514 2026
1105 8546
3035 965
6856 7027
3766 6377
7480 9725
6263 7574
893 3806
5993 9120
4380 2017
9746 6160
7511 8666
7325 8247
44 6075
2019 8737
1729 124
7463 6649
6939 4428
4337 8718
162 7110
8593 8432
569 7357
8972 4398
4230 864
7103 8081
3372 3731
8677 4886
1461 5184
7426 4533
8925 6946
3823 4152
9800 8458
9868 5880
9260 7034
7221 7664
2271 281
3758 9819
9886 4189
2963 4462
6236 3885
5745 6793
967 8571
3536 2118
6213 4167
1329 2013
3936 2744
6579 7522
5793 1329
4881 946
6363 975
9298 2981
7778 6543
701 1492
9753 1831
6990 7345
9014 7764
1905 4792
2715 9869
1659 2921
2106 3470
28 2949
6984 5324
2422 9494
4141 9835
2330 3480
9865 2831
8321 4715
9093 5451
764 748
943 6650
7785 4326
7955 3682
1427 9225
3225 9570
1453 8716
7428 9269
9702 4103
1270 1779
9873 6227
6099 7276
146 1903
3020 2385
9998 5450
6015 7313
7376 5951
1912 5483
3994 9928
9895 6996
9781 2306
9464 5241
818 5837
7904 374
7800 8786
9864 5068
7889 2546
3016 3183
6950 3493
8694 4789
7197 5198
1855 5851
7683 1138
1836 5182
3274 2243
2529 1613
7743 6293
4395 930
142 1636
2597 603
9248 3654
1762 3939
8302 4688
2463 2189
6575 8009
9193 3318
7664 4022
685 1502
8103 3813
7889 1099
8213 5104
6433 615
8537 4590
9712 365
5954 7280
8937 4408
169 5786
9029 8692
6342 7523
7178 7130
1622 5230
7766 5979
2874 187
1557 1723
3177 4673
1777 5927
1895 3686
8583 4184
8607 7934
6309 2516
6466 6017
8918 6874
8255 6966
8256 366
9652 3095
1490 1022
1043 3600
8790 2551
6938 6924
1107 2282
6915 4326
8237 5456
5886 8434
1276 8744
1365 4392
9918 9752
3045 8775
1267 4067
8645 4631
684 4021
231 4444
1365 5969
9001 4567
2825 3695
9488 1653
71 398
6298 1581
2051 9927
6897 6846
2133 9313
2103 9034
1654 3457
579 3339
2457 4189
2558 3863
2173 894
1135 8270
529 5809
899 3783
9265 1580
360 2742
518 2133
7357 7141
2799 1454
9880 3183
9161 4915
1344 7864
1990 1968
7595 5737
8369 8151
1082 5329
4632 6610
5568 3424
2131 9918
9391 5880
3697 1377
7530 4045
66 4897
2833 1717
1008 7374
5234 3026
1821 4383
6831 1154
9396 7410
7074 3621
2977 553
1491 2280
9277 1967
2842 4767
7698 7002
9084 4690
7772 4355
2504 607
154 6708
9339 2445
6203 8769
3176 3489
446 2764
4352 9190
8119 6128
6891 7086
6698 117
6107 6586
2664 6203
8344 9212
9852 5190
8800 8332
9589 4044
6365 4248
7069 4737
2200 5174
9332 6463
230 2102
831 6910
7962 6913
6655 9298
4521 1508
9071 6059
9075 2148
2739 1525
9157 3331
7330 5424
418 4553
788 5645
6638 1508
278 4878
9609 2454
9548 7035
2690 4009
6591 6509
9398 2499
7507 5471
9786 2068
2806 9535
520 973
2650 162
9620 7814
4853 1227
245 1857
6600 6594
2088 9929
5455 1960
9873 6166
2520 6953
353 7159
6851 7664
8754 9770
317 5781
9642 8103
36 4608
7575 7066
6659 7588
1825 2897
8529 5069
8990 8433
4837 3191
1892 2667
8325 4763
5265 7937
2609 498
8454 5551
5659 8669
700 2122
791 9977
1483 3560
737 472
6104 8781
203 4065
3468 506
7056 5939
9663 8656
3431 3593
9234 7737
9117 6407
6558 6992
2337 2159
9469 9208
1773 4808
8524 4599
4216 2062
8657 4711
217 320
7507 1539
5269 7790
2150 3092
680 8699
8539 8120
4407 9613
8638 4706
9000 4174
8839 5123
9305 6341
6694 8606
4406 5215
6725 4401
2622 2660
7758 6261
1451 3737
667 3512
6827 4278
186 2961
6460 8524
9063 4589
7259 4698
6224 6688
730 5038
1704 3932
8458 5031
5115 2502
446 2637
6447 7529
1322 1386
1535 1759
3535 1476
2771 5766
7307 6181
9154 7889
7361 4840
6937 6090
838 4409
9616 6760
968 1010
7962 7689
3696 3748
8785 7088
858 4405
3738 218
8915 1465
9724 26
313 5365
8753 5186
1651 2967
1684 8248
7654 5852
4911 1563
745 5031
851 3966
674 3101
2141 3276
8388 9532
9543 6375
7784 6385
2579 4661
3760 879
337 236
9769 7352
1980 1876
904 5814
1795 2477
2967 56
9380 3492
8874 2070
6128 735
539 5667
872 1666
157 3261
242 2820
3343 3201
2843 947
980 2767
7429 7468
7887 8584
461 5100
7024 5851
8505 3273
7986 9609
6951 4042
7080 5486
6534 3592
2443 1251
1863 8511
2544 9110
7555 7293
1500 8818
8431 5813
1072 7990
4194 1731
6336 7548
2262 2496
2761 2845
834 9906
1116 5692
7784 5342
8167 5470
4964 8586
8260 3056
8894 4514
7021 3998
8505 6359
8030 4845
1949 171
7205 8365
7744 5214
758 3225
676 4504
7218 7410
170 6618
2000 231
1561 3994
2965 2472
2295 3315
1149 2338
1941 2814
536 5103
1872 8950
9636 7743
339 3286
5727 2978
4614 1958
6465 2962
8032 4499
1514 3747
6732 5697
7698 6954
9103 5815
4672 9614
8672 4060
991 9484
2992 624
8874 6090
9627 6974
7478 4345
9325 3411
5427 2340
1127 4106
113 4093
6364 309
7219 6583
3634 1295
6762 4501
5932 1438
8856 5659
9408 5089
3326 4800
5627 2895
7111 2049
6626 8536
3211 2
2291 5667
5131 4952
1867 9141
1089 8572
8976 8729
1142 5191
2495 707
5448 8927
114 804
8456 5563
5389 7291
3168 6196
2851 4790
7853 425
6608 3917
8075 4550
4456 2266
5291 3714
5644 2849
816 3714
3491 815
9536 4245
8584 4683
9807 5215
1427 9219
9925 5338
1026 7743
7581 6894
1152 6418
2406 113
677 2351
1159 5383
7806 4132
3968 2865
623 3673
4690 9388
927 4350
3698 8859
2160 3080
1353 2890
6633 9446
9038 4224
7762 5105
9799 6290
596 5660
8033 2719
796 7384
1004 9637
7267 7368
9023 3296
3500 3398
4078 3774
4396 5243
7624 8963
5152 8524
9496 5471
