3293 8666
7955 8254
5141 7319
364 9541
1974 3358
6511 5804
2994 898
7259 6344
4984 8387
3447 2573
7239 4965
7248 5270
3453 954
3283 8109
4570 6294
5495 6266
3612 4483
4405 6761
694 3939
1672 9399
403 8104
4233 8860
8124 4949
2887 6311
7082 4865
2890 724
3003 7255
3177 5067
2005 8400
733 8253
7616 6632
4772 9043
3808 6636
105 8303
4947 4932
3134 6026
2172 1612
5724 688
1529 9072
5319 7064
5035 9758
947 9628
944 8836
3183 8142
5439 7367
2602 796
5657 4737
2901 4866
6064 6391
3320 5771
2846 5604
4257 7379
2807 3281
9465 3110
6928 6752
5130 7789
6338 6621
1561 9963
5097 7383
9267 3400
3368 1646
9434 3815
3843 6145
4034 3969
2900 6883
3159 7888
1925 4089
2152 4616
3576 4811
9395 2502
9599 3720
1134 706
4314 6741
1136 7150
5113 6033
2641 5356
3026 4371
3315 282
8481 4400
2021 7454
8287 6920
1258 750
2841 7107
9903 8170
2621 6555
9890 2745
6540 8719
919 2727
6513 5318
2940 3806
2606 9550
7205 7504
6146 5790
7631 3829
6963 7342
4240 8215
8179 3963
3149 947
1503 5932
7384 4882
7642 4927
3508 6478
1951 7501
2472 4064
4142 7936
1594 448
3350 24
5730 9542
5760 6248
1287 31
9833 4031
5774 252
4814 7202
9799 2339
3701 1368
9740 3821
4985 7676
9307 9214
3598 4421
7352 9639
2796 6524
9075 7516
3433 4610
5831 6820
1501 8307
3601 6561
1730 66
2702 9504
3412 6900
3102 1719
501 5507
2744 5040
9837 2725
2679 5737
4806 4848
3773 1249
4177 5134
7661 4014
3539 6851
1840 1631
9528 2482
1192 2233
8672 3046
5045 758
4583 5140
7616 5022
626 1849
6152 6511
2741 5159
5945 7201
3667 8214
2432 9099
6804 4558
3679 8188
3270 6043
3523 841
2992 7877
1060 3776
2191 2248
1660 217
9904 303
3106 6169
5030 9799
5320 6996
6634 5562
3473 9925
5987 5751
8120 4905
896 5766
4428 6572
3814 5855
3575 97
2426 695
7560 7295
1008 1068
2616 1084
1773 5728
2033 1276
8769 2327
9437 3262
8675 3693
6642 6105
7210 4976
1372 3327
950 2066
5122 8602
4460 90
2335 7621
5421 9918
5675 7610
2298 9670
8542 4508
4022 9160
658 9213
4236 8765
2414 5290
4970 8828
561 5079
9827 1982
4553 7218
3718 5877
5099 7270
9227 3006
5032 4211
5576 6422
6962 7921
4998 9600
4290 4391
447 2488
662 3846
3407 6942
1502 4079
206 4240
4431 7750
1455 8833
3609 8050
2083 5531
3059 5459
4595 6451
2350 3916
5070 9570
4143 4332
3421 280
3814 6380
66 3555
2596 3846
1836 7514
2380 5363
6903 5332
6180 5126
4474 4449
6504 6916
7961 9323
3476 8334
3243 3037
7488 4063
8147 6579
4949 3296
4123 8401
1753 44
9198 2220
5071 7593
9253 3148
5582 7907
178 1922
346 3712
4923 6294
3652 441
3909 4295
9857 2777
1683 6737
4588 6142
9491 8071
1969 162
3268 6184
2522 8466
2165 464
1343 7702
4228 5341
7097 8207
424 2337
7974 1915
5138 6038
5551 8669
1902 8748
4864 6836
6103 6958
5053 9652
4295 6828
2551 383
6628 6044
183 1740
4567 1365
1717 3455
1222 614
9921 686
5374 5613
3642 2858
4241 7220
7435 7164
4155 1039
8810 8477
2611 7752
7919 6868
6543 7662
1646 3449
8039 4655
3161 7765
3601 8329
3063 3986
6642 5151
5148 5962
5231 3605
836 2164
9928 3470
1066 8615
9711 2291
8617 2825
3551 2995
1611 7759
2069 3780
7025 4632
3751 4588
4959 7621
6598 5328
5430 8289
2649 8812
7632 5099
819 8213
5395 5546
3076 1426
3712 581
2968 819
3428 5917
6265 6597
3894 4502
3361 6928
3321 7093
3919 910
2415 8590
9513 3260
3414 7568
1828 1749
6015 6678
4608 8222
2101 9739
1814 5368
5834 7188
4540 7130
4218 7506
2303 8534
9466 9927
5318 8336
5748 7255
5467 4789
4883 4741
7282 250
419 5910
2970 891
5274 9825
1824 2794
4769 6958
8540 7003
9443 2889
1538 2418
3216 7979
576 2443
3727 43
8763 3795
6856 5627
4873 6539
7156 4558
1593 6662
6471 9968
2099 8749
2313 7635
8656 3022
5714 8686
4441 6863
3229 5675
2498 5218
3242 4315
8962 4535
4103 5574
5188 4555
498 8539
376 2134
1304 646
3190 7288
2676 4861
8640 6982
6461 6530
4108 8672
1476 3000
1455 4100
9101 7596
9061 7231
8650 4124
6625 7959
3189 247
5236 6837
4249 8638
2931 5483
9302 3165
528 1629
2164 2043
1824 8787
3242 9805
6588 6329
9095 3199
7511 8546
9543 7410
3414 9023
1248 1299
2880 3976
2466 2530
8381 4539
7821 2472
2904 141
1934 1623
1964 1636
4993 946
3837 7921
5000 7886
5084 4987
8345 4683
9650 7896
8019 8314
5504 8080
9892 3655
5031 7074
8588 5600
8649 7938
8667 3934
7862 5007
3213 2558
9898 9156
5471 6955
1117 2904
2763 1800
3342 1238
7198 88
4378 7435
3677 3879
7279 5046
2890 6874
4740 5182
5897 9979
506 9031
5805 8404
5885 5129
3756 6094
6440 6709
4246 5720
1493 1875
2363 828
5414 4717
9647 5122
4903 2472
129 2414
4301 6815
4476 4870
2841 6846
9865 2711
5578 9035
7430 3731
4507 5760
4965 9604
617 2982
2022 772
3271 688
9700 3583
2756 6366
2920 8167
9478 2823
2186 3113
639 1554
6189 185
2601 1653
6019 7968
4004 6740
1756 4697
3190 2789
8370 4590
5150 5322
2883 9453
5802 5346
3805 6131
5946 6034
5054 7191
6792 5020
4795 5103
52 8932
5531 6856
4572 6541
43 3114
2380 5998
1525 9895
6854 6819
5246 5820
1148 8624
3509 1113
9956 8752
2094 7837
5315 9950
6197 8770
1754 2265
2325 9436
4263 5624
6656 5937
9462 6639
2521 7254
5614 5169
56 3187
3991 4783
2818 9701
892 2138
1476 5029
9419 3159
7260 5395
3384 1899
467 36
4986 5475
5020 8079
8446 4059
2276 378
4664 7419
1508 1589
2776 3971
8986 2212
4838 6470
3461 1450
5477 5065
1339 9117
2800 6570
7982 9720
4390 7264
2537 9067
3526 792
6415 6355
6155 9684
2186 9645
3500 9389
2845 6321
4083 5005
5549 5673
5034 550
9312 2745
2768 2291
2375 4413
4360 9856
7320 8303
9216 3707
1714 4267
4742 7297
9551 4353
782 8646
2781 8493
5866 5254
2977 1485
5487 1142
4353 6707
7871 6056
1504 6547
8646 2022
4544 7745
2106 9257
6282 9747
2980 3634
5297 7317
5315 6310
4049 8269
3936 5381
3687 2044
2190 8024
5048 8675
9403 6952
4322 6832
5069 6263
4428 79
6029 5240
4993 8348
2608 1659
5814 7646
9445 398
3556 5101
2215 6670
7368 4680
6025 7210
4039 6399
1598 533
4249 9098
993 9508
6047 3869
2297 7252
5945 4477
4280 5159
4953 6865
2388 1768
1632 2508
4266 9016
2828 871
6388 7783
6120 8795
1057 7152
4649 6700
7268 8479
3176 1316
2742 9435
2476 178
1912 9252
2288 8856
2780 2228
5974 8597
4812 5113
2010 8573
9040 6733
1149 3317
3806 8658
8234 4018
9462 7774
9584 2943
8179 4747
5218 4498
8313 4836
1766 503
3823 8967
395 2220
2219 4820
1788 7980
7807 8002
2058 1852
5162 9478
3786 9332
2051 3134
3287 5573
6575 7510
4274 9833
2555 8656
4975 4767
7208 5455
1191 4243
3642 1200
4334 6922
4453 8343
6206 8296
2891 6893
4073 1148
9917 473
4940 6341
2732 7970
9947 3641
1994 8368
5638 5489
1010 9021
2642 843
4590 9773
7655 7181
1979 270
1526 6542
1657 9613
4 7807
1308 3610
5681 6780
3547 2624
1657 2550
7288 4525
9374 7647
1371 4151
791 9336
8385 3526
4189 8638
8008 9299
3953 8025
4880 8555
17 5805
5082 6573
3921 1159
1621 2385
5115 7662
7144 6341
8817 666
3926 6305
1315 8978
4727 4633
5523 7474
4447 9185
223 8380
1013 3679
3095 7316
7811 4296
1312 9735
3649 16
5605 5944
2145 3922
9189 3966
4741 9918
5177 6693
8429 6560
1199 8659
1931 2003
6368 5454
9128 7083
3211 55
6236 9337
3747 2173
1749 9885
9947 1124
4155 7993
4884 5640
5612 8185
4101 9590
1952 777
6693 5524
1378 9011
3519 4902
2078 773
653 1516
474 9934
2163 6339
5084 6088
3525 7444
2765 3793
226 3026
6153 9451
4199 8938
121 2842
6212 4909
2494 678
6404 164
2719 3268
4362 3977
1412 4579
635 9497
7117 2391
4490 9904
1898 2895
6073 6965
3907 135
7436 8035
5418 8184
4679 6969
5901 9519
9554 7851
3354 6771
2930 5958
4315 5469
4131 9571
2980 931
8509 6193
995 1922
2599 1886
7906 3490
5354 6753
2878 1310
2722 3714
3268 3958
3672 4200
2080 3173
5629 9005
2395 2016
3902 4006
1288 8429
2194 7368
1640 7825
9087 2750
4369 8176
3704 7423
182 3067
828 1363
8627 3143
1388 3439
5267 9335
1784 9666
2169 5563
5765 7882
3511 7275
547 4675
1764 8394
2018 5659
6226 6645
8446 4150
8171 4687
908 3216
6000 8953
3086 194
90 3523
5586 6851
8556 3622
8284 6470
9058 8079
2370 8060
7351 6781
6852 9160
2153 654
1650 2505
6376 5277
64 3879
4772 3345
6443 7838
4149 4358
2839 2397
8484 3889
2487 7171
5572 5640
6023 8554
7283 4544
7825 6386
2839 9325
3179 9146
4636 9604
3220 3662
7926 9107
2602 867
4318 8382
4035 5949
8534 4240
7166 8592
9930 9279
2668 9848
265 2678
2394 1484
9566 2846
3631 8327
5089 5873
3313 9338
279 7982
6196 5732
1259 781
6097 9393
9692 7784
4272 9299
1478 4370
6213 317
355 3129
5526 6422
4697 6711
4123 6457
707 3580
4246 8343
8043 3998
5880 611
3385 5701
7171 5609
9695 4020
3186 9284
5608 7916
4124 936
656 3498
7539 43
6933 5566
5371 4809
1892 5290
5303 6889
4005 8011
3406 9799
5661 8174
5485 6380
7069 5054
3869 4205
4011 7416
6154 7963
5585 8291
4055 149
5361 8812
4830 7208
2995 559
983 8425
4730 2264
917 1835
6633 9129
9951 7886
5034 8435
571 9420
6579 5958
1003 2005
9379 2992
5185 7521
7871 4960
4635 7661
3387 1950
6734 9306
2546 8006
2120 170
3971 5613
2497 5508
7900 6820
3435 8918
3863 5024
5396 5791
9852 2793
3816 900
2059 1081
3432 7052
9519 2980
6789 7786
8906 3985
7461 7541
7078 5683
6153 7319
6366 7036
7044 8421
2069 627
4847 6353
6907 5563
9894 4354
9021 2721
4555 6352
9664 8633
6842 9207
8482 8209
4147 9114
5415 6819
1041 8937
4170 1531
1291 2175
2009 5155
8178 7977
7682 8039
3595 1300
6005 6761
6538 6339
4241 7162
9219 2351
6989 7703
8617 3814
7925 4755
2406 4318
3708 7769
6596 3180
3841 5013
5677 6684
4169 6001
7327 5205
764 3030
4125 6587
8468 3480
6187 6117
4386 1267
28 3766
5280 7798
7728 4582
5464 9294
2672 372
3202 3579
7342 5315
1809 918
8696 3361
9604 2408
4542 2292
7045 9320
534 9263
5355 8093
6322 8022
3820 739
6643 7272
6690 5556
4413 1015
2044 6846
8003 4175
7715 4266
3059 5750
2811 9081
6504 4471
5616 5101
6392 7308
4058 5253
7651 9898
8813 3482
5479 5788
9820 8331
1099 3643
2303 766
4118 4328
5633 7652
2116 4076
7996 6881
2458 9963
6910 7001
4396 7063
3369 8819
5209 679
6384 1311
9748 3732
1488 1892
1826 1631
8493 6622
583 6890
316 3001
5725 7353
4471 5543
9493 8039
4690 4675
3929 8616
6636 6743
1854 1586
1763 9842
3129 471
5043 7413
8906 2775
81 2954
4820 2816
4637 6505
9287 7171
4948 6385
8240 3835
2328 1105
5907 7127
5004 5871
4016 7973
4377 6789
4841 9120
5614 7795
6828 1027
4716 5989
3059 7578
4083 591
1803 5835
195 4409
3016 962
