3716 7726
9522 7842
8137 7400
8564 2211
8294 1304
2685 799
7251 7136
3416 8117
90 6952
3468 8792
7398 6270
1296 2467
1471 2319
2896 9887
9743 3236
1116 2527
2652 9792
1313 7669
6100 4777
9676 9580
8954 4235
4303 8052
2238 1036
2231 7574
4843 8411
7646 5581
677 5738
2507 3704
8991 8174
9770 6734
9686 7805
5221 8771
4088 8896
8710 7428
555 7191
4630 9853
3626 719
8528 6741
3526 7066
7269 6762
3118 8153
4932 1044
337 3441
3643 2623
8819 8094
1444 1803
569 7848
8919 1387
7005 5031
1271 7473
5486 7326
818 5965
2762 9146
8642 7741
2480 8274
6171 4576
8419 5545
2944 8009
9837 8360
3984 4633
1878 6219
9085 9259
1636 5383
5959 8058
6924 5335
1308 2292
644 7505
9456 8677
8983 617
3769 6950
1757 7924
2635 8162
4691 6142
2151 7573
366 8311
6848 5681
4583 867
2318 8980
7178 6737
3112 8733
8892 6496
1725 1552
992 3120
5613 9510
9076 673
8997 9923
4639 9115
2452 1898
6539 123
9037 4632
5022 1179
2549 7429
654 5214
5251 5877
1774 6377
1189 3005
2895 5869
7384 6441
2370 9956
1015 6245
243 2214
5254 7865
8438 3903
9520 2421
4307 1071
1382 6941
3713 9336
1354 1360
3405 8716
9326 1225
2863 7112
1556 1324
1332 2272
2778 719
563 1770
380 9800
1260 6942
1078 8372
4138 8078
1938 6777
3041 2023
2594 4830
8428 3638
5744 6663
2393 6683
8522 7294
5238 8032
3013 5088
1049 1672
2296 2549
8940 6644
3790 8163
359 7498
3650 7195
1369 5820
9133 9708
4004 8092
3890 1416
7744 5440
45 7289
2525 1990
7594 1300
2098 9730
1113 2205
5419 7262
1465 2922
6758 817
8008 8533
4865 9058
2244 6424
6961 7934
9974 8184
4970 9507
2111 827
1281 733
842 6195
2737 3840
3761 9645
4318 9599
1002 5339
9370 8600
8982 7948
8238 7521
5586 1782
1406 1667
3470 7632
4603 9713
2155 3350
6470 5081
132 6929
553 6586
1072 4360
1151 2200
8617 3267
974 2149
9542 8819
3593 9688
9310 430
638 5089
3336 5840
4464 9509
9371 8430
6114 711
3036 8715
9238 9069
2460 1209
9076 8076
468 2161
1631 8551
9299 39
3978 8461
6271 5658
3961 8637
722 4786
2301 8540
3384 9150
1284 8592
878 5024
7888 1131
1861 2853
4911 2524
2901 798
9322 5620
8932 5224
566 3226
1508 2186
3782 9434
3175 9799
4176 6859
1000 7777
4016 4515
4077 6907
1586 2770
2255 7871
2703 8537
1593 6174
4233 6993
4842 9837
4838 678
3695 2479
9169 8043
2992 7593
3040 6358
1236 2266
1330 6861
8421 6828
6246 5462
683 6385
999 7924
5788 3690
9684 8754
5388 8558
2413 6852
3743 349
7269 6881
7580 336
8842 5954
9628 7290
416 3286
4598 73
5072 4422
2123 6124
4618 8789
5711 4665
8345 8293
6600 4754
339 8008
893 8720
6867 6577
9490 7414
9973 8313
3172 8337
362 8028
4238 9309
178 7273
9335 1151
9711 6753
9929 587
7278 6660
413 6547
4278 8963
3438 6762
62 6698
1390 8317
2123 2053
7749 1824
2658 7172
1649 1505
1278 8530
5597 3470
3984 7070
73 7210
5140 6358
4400 9208
1828 7123
1766 8469
6449 6822
5996 4640
1857 7406
4200 8774
4630 3919
9688 8751
5872 8226
3649 120
9634 5244
8788 986
7377 5874
8432 6590
6809 1490
1392 2467
3516 23
9629 7609
1831 7780
7952 8716
2284 425
4946 350
5688 8819
921 2464
2285 9936
131 8086
9417 6643
8588 7084
2121 6972
2873 5286
4392 8333
9714 1682
4788 7506
1997 9645
791 7076
9746 9060
2968 6444
2476 9765
8001 1896
8955 9613
4025 7340
1738 5894
3755 8382
4780 9335
994 7548
4174 7548
234 6121
3246 130
6717 5167
1569 2177
4498 317
2774 836
5931 6729
4876 3408
6134 2482
690 7950
2164 1648
139 6615
5150 7979
2831 8802
7319 15
3780 1775
2199 8198
8844 9000
3759 7836
681 30
7082 5966
8815 7225
2379 428
319 6847
1931 161
7033 5921
759 5947
2606 3454
1342 1423
1408 9016
3101 8024
1581 1854
7032 6886
2804 9049
2204 6430
878 403
9657 9135
1931 255
1165 8328
7349 6422
1610 7537
3500 5253
5457 4343
4061 683
3900 8323
8235 2094
4251 9996
9554 7020
7005 9012
1365 792
4355 4055
9683 507
8649 9394
5371 9627
439 6917
2321 3689
5861 9136
2386 2021
3994 9445
2780 9496
244 4426
29 8083
262 7202
1530 2027
2793 6982
9843 6759
1680 5489
9462 1298
7632 1000
2260 7888
1273 5287
1465 8755
1400 6383
1434 7190
8090 8
4382 8223
1459 8504
340 988
7676 6403
3434 8820
2071 9306
6214 9888
1374 1254
2694 9196
3099 196
1697 1013
8766 5746
8859 7267
7106 4956
1245 8059
9136 8317
3109 7159
1784 8089
3641 6284
9996 6731
6463 4877
2979 7467
5934 2538
7796 7892
1838 8411
1351 1809
3401 4572
73 8987
833 7543
7144 1577
578 8247
566 5640
9632 3263
2090 8137
8963 6295
3441 6878
2015 248
6629 7883
7073 461
831 8958
3662 7093
2710 7064
9053 7546
6028 4652
1198 5862
3454 7091
2213 5876
8292 9110
1943 8468
587 6211
9568 1166
1294 5844
7811 1347
9933 1008
1275 470
258 9428
4764 6864
4611 206
9860 804
443 6203
7326 9411
9870 2785
6097 2002
3981 8660
1474 7864
7247 4926
1731 7102
1735 5177
8516 8594
935 9136
8369 5979
5324 8858
6488 9233
378 8962
1204 7603
358 9151
9159 3056
4693 509
3016 9600
8903 7853
2787 997
5267 9900
9122 7622
4155 5965
638 3701
3909 7639
2174 2487
4220 7751
9996 4232
8561 3808
8510 7607
9822 7561
1038 8357
4219 2849
3779 6873
7596 1692
9569 7124
338 7317
1089 7365
8498 6348
3718 8434
5174 9732
2876 4741
5168 7446
6352 8801
6782 9181
9754 8774
9837 132
8708 5245
5413 8009
2297 37
905 7293
791 7042
3321 7324
5254 2796
9202 6311
4549 5985
8412 911
3649 8038
83 4588
5445 8114
9692 2886
4264 7408
3611 198
3233 9700
3332 4337
1816 1197
5499 4805
2328 1866
9382 5707
2882 5269
4817 4182
9623 6825
2567 1074
3316 9164
2805 7965
9828 6467
9049 7013
1284 8264
722 5599
4191 8780
8441 5296
2043 7102
4099 9936
8112 6527
9644 9782
3697 4
6565 7848
9630 1253
5703 5897
2660 7830
9888 721
3011 7773
627 1547
3625 9164
7233 6442
6193 8088
7433 5960
1915 5902
7729 6358
7460 5419
239 656
4669 1984
45 6798
4976 7477
1560 2236
9039 1683
3544 9840
2805 9757
7 7607
3195 9534
3511 5889
8466 6925
1881 7166
4201 683
2765 7097
7690 9026
9530 2284
4694 4228
2774 6660
4681 246
4131 9883
22 8885
6805 1417
2306 2708
9165 7960
9487 7355
4617 6506
8574 820
5432 8781
9399 7718
9319 6953
9934 9481
2421 1401
1308 9631
8496 482
866 2214
68 6017
9718 7471
3760 7617
3170 1763
4980 7348
2837 9928
9971 4533
9944 2831
9749 8779
2835 4909
1936 9703
3599 7956
6953 9110
876 3167
1233 5372
45 6802
9701 9471
8580 7171
2537 9443
8189 7286
9641 7125
2212 4399
4792 8950
8365 1203
9507 7799
563 1233
5360 511
4868 1379
9454 7802
3644 2868
1862 7660
1842 1693
4660 9581
1791 2285
2989 3785
940 847
4245 9082
9039 7568
9864 9497
9347 7275
5701 8006
1735 1059
751 9309
9396 6768
6452 4802
728 7101
5167 7983
9357 3402
2240 3306
8401 7006
9948 9230
2996 7481
2515 603
1302 1711
8959 8883
7209 6321
909 9364
1511 4832
6485 9027
2374 920
3834 6231
7031 5655
3156 9443
47 5027
1910 9016
597 7157
1197 7045
9942 5763
1062 1478
776 7397
91 7434
4534 7374
3083 7750
9474 5905
2282 6691
8055 7811
8108 6645
8442 3107
9898 6223
8955 6490
1100 1599
9694 2372
7853 6126
157 7397
7847 6708
6254 4013
6514 306
7262 6454
4104 9483
1579 2235
953 2083
7650 5803
9036 8586
2899 6613
1920 7888
4641 3411
2525 810
3169 6730
2536 7055
2746 9000
3757 7565
365 4002
531 6286
893 5290
1000 1642
884 6791
4184 8959
276 3027
4201 6675
1482 6606
9739 4258
2158 3115
4960 9854
1840 6332
957 1280
8442 5982
3270 9396
937 2461
2406 9727
2181 3592
5410 8360
2332 2193
4816 8506
2075 313
1877 2027
7314 5983
613 2913
3293 888
1089 8364
3944 9736
1285 2826
1379 1521
5059 8111
5793 4314
9437 7424
9208 4581
4441 8583
1688 9037
4390 544
6485 4160
3087 6426
3671 574
6517 5442
7594 7290
8430 7324
7989 6944
834 7212
8391 7961
5024 4101
4040 9852
639 1869
6458 1015
1838 8856
172 6427
202 9973
8065 8223
501 6761
2335 1696
2453 4046
6598 9653
1362 6788
2201 969
1236 7475
1774 9365
4979 7323
8883 3379
8791 8736
1971 3890
6894 5221
9882 8178
3867 9237
2324 5716
9898 6972
2835 6457
3325 48
6665 4751
1794 9608
687 6249
9824 1043
3387 7208
585 8026
6886 8682
9380 8462
2957 8298
2355 9752
2692 886
2300 2497
817 2423
8060 9825
2015 6138
1217 6405
9595 5915
5966 9835
9156 9916
509 348
5022 8974
9686 9965
1116 8317
7587 9659
4378 6855
8320 851
9670 8416
5832 4934
1369 2612
9648 8150
2550 8660
4782 3754
4689 8392
6069 142
6661 301
378 8333
9721 1575
4650 6734
4118 1001
665 2248
9562 4300
4808 8510
2630 6065
274 8550
5759 1679
3568 7489
7634 7906
678 4182
2343 6655
1635 3014
1628 6938
8135 8920
4980 9632
8235 1459
1288 2659
3598 961
8243 5502
7074 6360
2670 7961
8843 1287
2420 8442
4320 1247
1998 1470
567 7096
2075 8911
8723 7634
1282 5757
4644 23
3182 539
1974 1289
6 2589
7937 983
7763 6289
9266 7433
9886 4508
7246 7222
1769 6351
1590 3249
4332 6154
342 6843
2874 9282
2576 8155
3838 9084
1527 9734
6109 5152
4242 6544
1804 7001
237 2458
5747 113
1586 7425
6545 4312
9435 6307
8738 8454
4696 2531
8208 399
6027 5616
1638 9192
3317 1086
1835 5923
5603 877
4717 4945
9816 104
4789 7701
5152 4217
2540 7590
5721 4383
2454 7496
7727 6883
4927 7909
6554 708
2060 2343
7618 1890
2315 1330
1999 545
5258 7389
1557 8562
2681 8078
4983 7431
5000 8405
2709 6846
2503 1228
850 7635
9816 9292
3133 3875
3247 6350
6327 9845
7343 5846
79 5579
1713 7106
4840 3879
2148 389
9688 3477
6117 675
462 5069
5997 4542
3699 8847
2375 2750
8331 3628
4398 8049
3258 6364
2902 5543
680 7601
4467 3462
938 7896
2297 2022
2249 8699
397 7676
664 194
9693 7896
188 9637
1326 9716
7104 8440
1676 3669
4262 8062
2990 1338
1933 7770
6024 7807
2726 9392
62 8365
9933 921
9611 3085
8960 7990
7844 1922
5106 8265
21 3754
1215 1510
76 2521
4556 7978
2682 8302
3677 8311
1593 1294
3686 3930
5760 9701
7326 6691
107 150
2353 9780
983 7359
2332 559
4872 5501
7759 6277
1194 4043
2835 7214
1063 841
1664 2351
8512 6523
1156 8208
609 8484
5418 9704
937 2669
1255 9004
3531 8485
2354 6361
8133 9730
9126 8399
2270 7670
7900 6419
3955 5780
3698 2969
3609 667
4517 7609
120 9622
9813 3462
2905 6240
1906 1511
1275 8191
7482 2324
359 7765
669 2630
6657 121
28 2314
518 7282
5529 7990
1535 8532
4629 3096
5819 5428
3136 3732
4064 8660
1069 3122
1119 7153
1318 8256
3218 665
7930 7084
4736 68
3277 342
628 1402
1486 6290
4590 8245
593 5493
6817 9810
562 3937
6419 5456
3673 9067
5390 4222
