697 6224
8699 6466
5210 72
6434 7561
9024 7983
6672 1035
3479 7252
6572 957
8341 741
9699 3682
6142 9357
4519 331
9309 5510
8303 7557
2892 5069
9758 4033
6677 6757
7496 7187
9444 4660
1092 2835
5830 8727
2858 8063
694 1742
8323 329
1500 9948
9495 4571
9758 5866
7392 6995
8018 7021
7628 5545
9742 8649
9543 2414
5633 561
7830 7068
9214 2751
6351 212
468 725
8841 4568
8424 8471
6409 7472
6975 8777
689 6233
7715 5954
8611 3715
9541 2584
1879 977
9593 8382
8036 4966
8001 8630
244 9656
6947 7650
8146 6653
8965 4639
866 6768
8888 7406
1006 6699
1076 7163
2123 5803
5925 6995
9276 2932
9936 3387
6458 8141
9541 252
429 4310
6045 8875
975 5408
8169 4030
7669 8012
5150 4105
7983 4434
3129 7245
6102 4826
9540 5476
9544 909
26 4706
7993 8127
8466 4011
2646 7115
3469 7924
3609 8474
5297 7705
2100 5886
4 6781
9230 84
8627 5542
8531 1642
9941 7235
9252 4300
577 9113
9808 4527
1876 6168
2399 5791
8299 1246
6527 670
709 5644
3640 1929
7339 7867
5152 489
6291 1189
1214 5896
7309 6276
7308 310
7477 1839
6213 5556
5544 7536
4402 1089
7947 2112
6065 8937
9276 5407
85 2289
6283 7466
5097 9723
6048 9042
7392 5291
8766 6361
6237 7755
4344 9485
9090 3056
7283 5631
5755 1205
8760 2018
5015 9519
5184 8406
9013 1542
4675 6988
462 1741
4614 9620
8568 4575
6220 7540
1061 9734
6901 1382
8367 6727
6606 6956
9198 5474
9750 7537
5233 8969
8484 240
8130 3275
7364 5978
7101 6907
5341 8511
6511 5919
8781 1268
5730 9375
1847 9339
8783 8767
9993 488
5338 610
9553 4664
2114 7388
9529 4316
8598 2095
6468 6442
8953 2808
6178 6096
8485 7142
1229 6711
128 4326
2267 6273
4030 9708
7191 3566
8351 6751
7069 660
8985 4566
6541 6938
8608 5671
7665 7497
8202 2378
7772 9695
1320 1987
1997 4453
2130 5657
9926 9577
497 1285
9135 2384
7712 6135
1634 2936
5988 6093
8087 3299
1121 5578
9460 2616
7165 9129
5153 7650
7699 1622
7021 6146
4248 9224
8827 1486
5801 3014
6997 6701
8521 8631
8188 8580
7414 5421
6717 6247
6298 949
9007 379
7981 3281
2089 4922
176 1100
828 6371
8619 1484
6187 416
8652 4788
8517 8517
6753 6435
9557 8012
93 1330
2331 6706
1639 6555
7322 7009
2264 6900
2476 6563
5146 1724
4070 9613
212 4841
9845 1608
8346 4299
997 6032
3195 8065
8383 574
6562 5200
7599 2811
2830 1398
1838 6001
8054 9133
7481 9262
153 8663
6120 6234
8277 7183
3023 7720
872 3166
6173 6636
9728 4991
5806 2660
9397 4217
2897 5
8446 9773
9788 5289
8593 6009
7452 7752
1946 6702
5877 8498
7491 6548
7258 1480
6837 892
9346 2320
9222 8929
8526 842
19 4665
2881 7910
6 7566
5515 1568
4375 256
499 2758
8372 9015
909 6287
8954 6173
6999 6360
7800 896
1073 4589
6743 485
5900 4146
7266 7189
5758 279
3398 1064
8794 8753
9302 2816
8610 212
9438 4245
9311 668
4335 8716
263 299
9038 4265
7401 5692
6095 8033
9657 249
6846 7663
9722 3622
7846 6088
6793 7526
8704 7403
2171 5894
8377 5971
7554 5827
7603 5045
7998 5129
6597 5512
7286 243
7970 7709
6916 1064
6987 7769
2189 6850
7577 791
3440 6794
5547 7656
8339 1379
4526 9590
1587 4661
9222 1735
150 4456
7807 9264
7407 5767
8080 9926
5595 7989
7858 3150
6909 148
2267 7556
7866 2089
6659 2993
6290 5979
6123 9258
6653 6306
8067 4730
7160 7296
7732 6219
4676 6892
193 3999
5497 9479
5141 9314
5905 7077
9063 1329
7270 1197
9179 3356
5903 1545
9356 935
6856 4050
8519 8530
8084 6625
7923 1576
1948 7030
5506 7358
3569 8902
1056 3834
8819 578
8057 5457
6074 8593
9182 1811
7605 8622
8607 3139
2752 7188
9886 3315
6600 1091
9294 798
7837 6613
1251 6144
977 5941
800 3755
1711 5491
9762 9143
8687 6145
6087 2241
403 839
8768 9108
62 8759
8732 5488
9017 4708
9003 4810
9445 1241
6294 2719
711 4338
6572 7786
5483 9329
5704 5752
8444 7601
8539 1584
2647 6896
566 4594
6410 7644
621 4539
5755 5843
9118 9998
9681 3997
6779 7617
214 5612
5695 208
7977 3784
4085 649
8429 6892
7495 4266
2049 6528
8264 2413
9276 3548
1924 6277
5008 9211
5629 8610
9231 8748
154 3904
665 4846
1695 6143
7344 4231
7498 7178
2247 7321
8200 518
5694 7912
8514 2133
3442 8559
7403 5476
7943 4932
2560 2277
8483 8979
8531 5102
5063 8701
7521 2737
7491 8734
8207 1734
6183 8234
5576 475
6363 1776
7608 4718
4967 111
8009 8418
8924 8834
931 28
460 263
8893 8837
5058 396
866 9194
8663 1559
1727 9361
5241 8191
647 7197
5598 2323
9939 3573
6651 9781
777 2953
7751 5126
9330 4026
1645 5154
7480 4226
5267 9649
6705 950
1603 5902
7525 8197
8034 7171
49 9560
8604 224
6319 6949
6010 6980
6301 2870
4441 9216
7711 7658
4976 8566
63 5568
7812 5495
3884 9555
6771 284
4762 7294
599 5264
5868 7826
7073 5201
9828 6486
8421 6798
6662 633
5462 341
8066 3025
8130 8568
6847 8510
9045 1903
6041 929
7094 9272
9654 3844
7346 8361
6809 8474
4771 9221
5188 622
9357 5790
6669 9272
1895 6572
8649 3080
8048 1313
6644 8452
9151 846
7649 9539
8331 448
2722 6368
1076 4183
7081 585
2747 7215
5894 1934
6564 6851
6204 8921
6232 7024
8547 5292
6812 4063
6786 7080
7976 8905
1011 6808
7851 2565
7453 1225
1435 5796
5323 2127
9315 3034
7732 5893
3142 8485
2776 7116
7454 1190
5982 7541
5684 4339
8866 6106
4813 9204
3705 7588
6704 850
9101 877
6292 6275
6987 272
6835 7475
9219 2846
0 5219
8731 8770
414 4032
8266 9753
6200 557
113 6197
4689 8625
6590 1386
7800 151
7206 2045
8696 7747
7857 29
1308 5458
8871 60
9541 6774
8391 9631
9366 2492
6927 1254
4176 497
8792 9148
8824 5583
8666 4066
18 8277
9868 4563
8868 6007
5897 1571
4788 9008
9198 4332
7439 8128
7031 9871
6683 5997
9878 2123
2291 7173
354 4278
7420 8371
7657 8207
7624 4485
607 2917
6875 6841
7845 7104
6730 772
1318 5400
1701 5519
8811 8883
8862 4099
881 4981
500 3056
9684 6184
9494 8796
6033 5399
9067 6346
8375 624
7878 3839
2084 8173
7568 9055
457 4918
2815 7745
7780 5546
8572 3142
6630 7698
7532 587
5933 1632
7400 9355
2793 7577
6456 1682
5789 7994
5712 7253
378 15
1225 7279
8743 8869
7956 5628
7755 4555
9943 8115
7761 4449
2444 7023
2358 6453
7683 9652
1927 8045
7219 7958
5914 8290
8673 6693
62 4528
6974 5167
5780 8970
6627 7921
5984 8876
319 7814
5839 9046
2022 6350
7308 7919
7438 975
6 1334
8425 5800
8286 8912
6928 6057
6641 1686
5496 359
1902 5369
8234 7410
5168 9390
6892 1951
5199 7895
6587 412
7613 9305
9328 6894
5063 9682
7719 1082
974 9080
6106 4929
7311 3350
7922 4407
9767 4348
3533 902
980 6140
843 5079
6210 7628
304 4038
463 5105
9455 9869
7030 9743
9031 4190
9329 5919
6942 4773
168 83
8087 2673
4956 8685
781 2498
6163 7561
5463 806
5333 2363
1547 4642
4986 351
6631 6354
2160 7200
9709 9888
1510 5425
148 4558
8661 4876
9304 7853
5245 9089
7191 293
6145 9983
8183 3903
848 6474
3683 8295
7427 5744
7810 8654
9983 2399
6820 9282
1935 6080
5805 493
8209 5892
512 7198
6725 6887
9323 7322
7888 1138
9587 2017
7441 5126
2320 8380
8934 6952
8586 4823
2292 7751
9244 7294
3889 7599
8313 4417
6742 825
5820 2207
9627 5225
938 4947
9341 5762
4229 7286
1468 6833
9692 5193
6689 5145
9446 6876
6787 8807
2224 6596
9936 2044
1224 5008
9543 1286
7653 974
6119 9458
6924 6872
8493 960
6762 8094
5440 7538
6452 6724
6860 3818
5140 7444
442 5655
8853 8698
9282 6471
8653 9370
9724 4134
33 5218
5956 1950
7829 818
7307 8159
1479 7777
7113 2695
6549 667
8458 858
8370 745
2007 7753
5561 7702
497 105
8361 2094
7139 1539
3884 1347
8766 3482
7853 4656
5937 1802
5655 9570
7977 4215
7718 7976
476 6574
9264 5564
1359 9383
388 5567
9111 712
8210 1799
6817 450
1199 9031
4565 280
2070 7009
1718 452
7997 7442
3495 195
6185 3495
9777 4364
8578 4553
6835 5059
6462 4706
9283 2001
8957 4729
7397 7553
5208 1652
9361 6112
2418 1065
9891 1344
1875 5741
7826 5192
6158 1033
8735 5448
9343 5676
6370 1172
9013 9324
8107 1943
9654 4015
8691 404
7127 1663
7342 7348
9288 3796
7434 8087
801 2820
5849 7620
2526 5069
9996 6744
5740 1297
5463 2053
1401 6262
8912 2084
9844 5325
6911 8302
5710 9994
9203 4264
2248 5878
9238 3804
6167 8787
8700 3216
352 4421
5569 7013
8658 1660
7851 1559
5501 5737
2732 7635
5492 8734
9255 6098
4666 9976
4679 134
9089 4763
5131 8773
9363 8548
9717 8869
6143 738
486 7377
8578 5963
7165 9224
1152 6591
7552 2085
5485 8218
5318 9511
8539 9171
1211 4273
6317 9005
1190 5809
5469 7465
7034 280
1829 530
5908 5935
9510 2815
7862 9566
175 5004
3888 9040
9118 8307
1151 8041
2304 7166
7156 8784
3601 8452
6356 7559
9470 5735
8772 4808
5312 1605
7706 7121
5876 6513
8409 8688
7950 9544
6787 5768
2925 8443
3514 7099
8728 5799
9627 74
6676 46
3050 7638
5242 8846
7148 1573
8497 2897
7036 2662
6727 1171
4539 9131
8382 4240
8533 2652
261 1274
5284 9773
4684 9229
8360 3920
4322 502
6058 7419
6412 8972
8776 4374
8719 8050
9698 3904
9402 2948
7216 4700
5985 8517
2236 6532
6918 9634
7885 9801
9142 3165
8721 2250
97 3493
5247 433
8685 7270
6240 6937
9983 5074
9816 9674
1914 5843
7112 8044
8570 5464
6967 2594
7805 2647
9551 8046
5465 9179
6627 9027
444 5955
4811 680
9515 5908
1803 5841
425 7510
8615 8617
6827 8981
6771 8891
9822 3283
6010 2971
9585 2943
7891 4483
9 3785
1254 7486
7123 9388
6680 6158
8061 9491
558 4372
8474 2588
6057 6286
9025 3124
1717 6039
9004 4260
1378 5279
7399 615
8758 5092
7441 6628
2932 7646
7386 6603
4489 9664
8260 7625
4556 8760
2963 1635
9517 7005
2026 6003
2206 6351
1351 6740
4443 8501
132 3576
401 741
6755 6983
6380 8098
9201 2665
1637 2286
7679 1190
681 5234
7207 1469
1105 4231
2527 5903
1073 6094
9068 1247
7127 6702
8765 9975
7419 723
6729 8260
1627 8346
3994 110
5971 7517
1776 5427
743 6493
7241 9878
9005 6438
8436 7032
3123 7245
8271 3163
8594 3188
7215 7354
9549 7194
9441 7908
7845 1114
7321 6716
5410 9453
1682 5276
9078 4796
4222 8986
8464 4893
8348 9664
8566 1008
730 5512
7725 7052
2536 1233
7436 1189
7467 5732
5246 8563
209 8379
1053 6767
9181 8847
5244 7318
9136 5587
4113 9511
8253 7616
7567 6493
864 2559
7899 4095
7883 6442
3265 7315
1604 4840
8026 4145
7344 6155
8396 709
1705 7357
6504 9058
9134 7868
7228 9269
6174 781
4321 518
8217 6494
5949 4244
213 8879
4418 7379
6181 942
8166 768
8011 2453
1856 1375
8831 7296
7935 6125
8253 665
8065 2680
1620 5296
4397 5864
6645 6320
7841 1651
7583 3013
6768 8871
8705 5341
5961 7839
2031 5177
9048 4301
798 5224
8024 5397
