2970 3973
8093 6409
5532 5892
97 319
2267 8935
5232 1826
4964 8171
2242 8204
8079 1415
1522 4607
886 4280
1060 8792
9629 1417
501 3810
8957 6617
569 808
7118 5825
4970 5883
9849 7854
9022 5434
2547 7960
3566 9736
6821 3085
4257 8561
1435 6719
2392 6207
6226 9975
8823 9264
6498 622
4548 4460
2880 7849
905 6239
9243 581
9664 6600
4037 1531
7721 7844
6297 8979
5698 7460
2917 5619
4059 5171
9336 7152
8984 8152
2740 5614
6149 2557
6109 2759
6969 6268
931 4683
4976 2389
1892 111
5768 7960
5791 3770
3601 1750
1851 6665
2330 7939
9844 9949
7353 1293
1873 2092
4845 1020
7087 9652
4044 8857
6153 8826
2857 8117
5276 3040
7806 6440
4912 5625
4601 2731
9321 2967
9333 8692
3816 8450
6570 6234
5427 5582
1129 7946
2359 9170
4044 7145
8207 642
3601 8134
7221 6308
6793 2892
977 108
1396 1870
5707 3924
9845 7945
8848 931
3625 9031
6607 9968
4574 2898
9495 4961
2718 840
2834 8492
1143 921
5329 7621
5582 1147
7500 1954
5029 3033
6373 1515
6129 3113
911 1029
265 7989
3176 1565
7898 7583
4982 1008
1331 2527
4044 450
1752 8469
1349 1767
1360 8332
2020 1050
3639 5267
9196 7657
5979 8525
7708 6058
1197 8463
3787 2887
4939 5076
4887 1502
6582 7799
5052 941
3322 4117
285 4049
8436 6059
4163 4306
4442 2311
3871 6669
2744 372
907 9136
1810 3320
8709 4923
9335 8503
3558 296
4665 8381
5968 2746
4692 899
7783 9965
2498 3028
6410 8204
5030 9763
5103 2852
8570 5249
3437 7352
564 5904
5265 5901
9955 5471
1719 6719
9830 7255
8332 7699
5292 9292
4636 195
1787 9492
4009 213
1963 5624
3501 7354
8719 9295
920 8329
1177 9163
2307 8286
3073 7578
5535 3366
6603 7798
4781 6071
1758 1310
1171 5714
5438 980
5335 8463
7306 4041
9699 6560
9303 9440
4819 1753
1303 5879
8194 1858
8226 2779
9855 8870
490 6911
5593 7922
2379 1504
924 7261
4594 7260
3924 3246
2006 9242
3360 8546
5131 2262
1350 2283
4564 1230
6198 1207
4734 8960
9496 8964
9178 3523
7502 8387
6066 3797
119 9740
4579 2441
6827 530
2837 5890
2687 1494
4083 8123
3808 1112
1163 1001
4101 5535
5670 9831
3806 3622
4434 7419
1327 7790
4406 8251
7403 3807
3858 5255
3750 7290
3062 7908
4245 7888
1324 5497
3485 8676
9153 5075
5296 9378
4896 7867
1772 8158
3709 1092
3313 1519
7274 2121
4789 7085
8322 577
2272 79
5661 9894
4130 4240
5437 9521
682 9138
1619 3315
3784 9372
7875 4305
2633 3575
2987 3331
7747 620
6842 904
1370 1039
8019 624
568 8097
9530 7478
309 676
2646 1070
6233 8088
9396 4289
8320 1137
7738 7472
5730 7415
8095 5476
479 8415
9817 2961
2654 1339
2706 712
9292 6523
5334 8470
3927 2366
932 5422
790 9768
1708 4835
4139 9434
6633 8234
9894 849
6359 8358
8887 5827
3087 9290
452 9480
2736 990
2332 748
2252 8843
6708 4719
4154 3424
3202 8490
246 8585
8341 9436
190 6618
6115 2246
9921 5943
9943 5702
6979 2827
638 6485
4403 7691
1491 5507
4764 9796
7386 5713
4925 4380
7048 321
263 1858
5584 2085
6137 6956
8440 3422
8827 3026
5335 8165
9920 8863
7084 908
5318 1687
8058 4012
3899 295
9362 5283
2656 9993
33 7030
4106 2583
4015 6257
1294 8241
3762 564
9779 7786
9657 3888
2892 1718
4017 9174
5048 1957
9934 5374
1737 7355
4039 1604
7537 5185
3708 1105
5520 9360
9744 5231
2874 7209
3360 9663
4657 2080
953 3355
5990 507
7527 1226
8923 3803
6106 4996
5278 1628
2456 8911
5591 9434
5212 9505
2360 7613
2149 9397
2984 637
3363 7885
8555 4822
1274 2736
8693 9213
6639 4839
4609 166
2146 5972
8626 6441
6000 413
1410 7117
5877 5855
8919 1837
6615 8036
7067 2009
6868 8454
759 5844
6215 1402
1000 4976
2136 6443
1198 4601
8719 4948
8734 9012
5694 8052
5395 7109
7630 8526
9130 4253
4417 4300
5717 8728
6899 1891
1706 9339
9900 2832
5241 6404
5377 1462
4383 115
3650 8841
4697 4839
4464 5391
5794 1759
2200 969
1277 2108
225 8884
7372 2250
8881 2987
5669 9056
8884 8007
7885 1051
9381 6180
6883 8483
9589 7023
4032 8780
3406 8098
2630 1223
3116 2737
8738 3608
3299 2221
4007 7820
7824 8777
8720 8286
7467 6252
3681 9205
9183 1371
8933 6291
6021 7139
5185 8435
4849 8913
1104 8591
1624 8734
7435 8452
7077 2557
3664 5198
5936 5621
3153 9598
2691 280
4406 597
3656 3406
4815 3267
1807 8190
9526 2640
7147 2392
8081 2251
6600 789
151 6058
3812 1691
9105 5108
3151 6146
7328 6223
1826 3867
1451 1446
1720 7678
4539 88
4800 3906
1706 6422
5817 556
1230 6084
5359 7823
398 4879
7057 5994
7754 589
9237 5129
6027 1039
9363 4460
1701 7920
8565 1191
1512 8408
8713 4067
1583 8468
888 825
5705 198
9028 7862
2569 3803
4576 1677
2994 1481
3634 3391
1644 5018
1142 9210
9847 1140
5844 3421
6858 4099
1652 183
8593 8028
8753 42
3907 9511
384 5614
154 66
5881 706
5641 3187
6995 2640
9519 8620
1427 9891
5076 943
6593 2587
2512 4302
4963 8641
3937 4035
5763 7508
1579 7014
6147 700
5073 1301
3309 692
1183 7315
1524 5906
1756 7851
5826 9779
6269 3676
7937 6712
2422 8704
5319 5225
6951 2569
8026 719
2962 2152
2639 7417
1644 5004
9684 8409
7986 3306
1288 6797
6138 2722
3621 8646
7968 396
4663 117
1420 695
9096 9327
7713 264
3142 8391
892 1738
4783 7510
6726 5470
5305 9383
2111 8694
3410 8062
9273 5405
586 3272
8220 8353
6404 2310
5765 1420
902 3109
4365 8910
531 8535
9927 7790
9534 6794
4480 6691
6204 573
2842 7061
3083 6858
4926 441
9368 1886
2913 8680
7527 2333
4929 6126
7970 2283
5505 5001
6864 7767
608 9001
9015 4773
5774 943
531 9730
6007 400
6155 6422
3924 9972
9123 4971
6145 4400
7720 7635
385 59
2069 2267
4907 5442
3218 5501
3036 1171
4825 6922
4343 1675
5139 9202
2841 7469
3606 8355
5473 9465
7398 8999
2159 5086
8537 7493
5047 3206
4207 6765
4753 2997
7507 540
1870 9925
8968 6215
6215 8893
908 7069
2785 9294
9489 5181
4513 159
370 987
2338 8336
7220 6508
4951 8207
3224 5140
2784 676
4636 6929
2438 6464
5636 3242
2532 720
2392 6595
6682 9987
3326 5187
9745 9173
4730 4321
7567 4364
545 8014
2619 4517
6145 5819
3401 7176
6937 9301
5275 7400
4174 9872
3655 9127
5562 925
8500 6365
7699 2951
3091 9997
3812 5593
1404 7622
3266 2149
215 7995
5746 9731
2941 4805
7724 9954
2682 8257
882 9132
5121 9431
6438 6858
2372 4263
7224 3099
2644 7184
1766 8514
4505 9028
4735 365
4848 4672
3169 77
6808 9429
5055 9095
5407 7021
3908 7735
8228 6036
7567 5662
294 1090
651 8427
4849 3770
8654 8359
1563 9484
5640 1639
8239 2039
1693 1695
3414 8660
5204 8275
3957 7636
3953 9710
9955 3474
9677 1147
9773 617
8923 9334
6856 5942
1990 4956
8670 4306
2667 8600
6719 1763
2248 5260
6147 7437
4091 1067
7209 2264
4526 9208
2004 4509
863 6252
563 5155
4545 8821
1758 7751
6535 1291
2418 698
5408 1221
6166 7971
5854 920
4121 3017
3073 8524
3592 1194
7907 4822
2934 1773
3057 2756
4001 904
3824 9484
7961 5049
4798 2478
1850 7452
5570 8318
1715 6980
6909 6074
1654 8053
5186 3615
783 1258
274 3614
3456 1607
3874 8783
3165 488
7662 9057
1979 8514
2560 503
650 5847
647 6187
5751 787
8661 158
290 7261
8622 50
2120 3605
1900 2290
1788 5508
9842 824
4517 8071
3365 6785
8347 5233
4666 2034
2049 7355
4679 8151
2140 2945
146 1829
6434 1621
4336 1085
4646 4298
3897 8353
6535 5316
4274 5469
6460 456
8944 3084
2763 3189
2433 9452
4917 9200
9740 6819
3042 3656
3535 2277
4902 1609
9655 5329
5583 9982
3468 9286
3737 4981
4180 9352
657 2956
7513 9302
1067 9136
255 7370
5844 9766
7666 2323
615 3493
8879 8323
362 7343
1630 7928
9922 5547
5074 18
463 4048
7534 2060
3777 9092
3332 8989
8175 3270
1692 9956
1969 5664
7848 2646
9533 8969
5693 929
2846 7783
4955 7663
1366 9014
627 9596
5141 1374
2604 24
5888 8362
7587 1415
2660 1780
468 9212
9879 9880
5425 1538
3665 6412
2109 6345
6299 5839
2428 7544
9086 301
4147 3801
9053 3242
3450 9749
3125 7212
7427 1551
3328 3874
1698 5578
4683 2877
3436 9832
4705 2407
59 7072
2810 421
6600 290
9774 6016
2342 423
6363 1277
1724 8214
3505 3524
7633 8175
448 8164
6527 1007
2560 2308
3643 1270
2660 836
5671 915
1987 1354
9185 1209
7127 7549
3510 5454
5884 1315
3021 2931
4790 1431
1479 8531
6656 83
2127 7282
2539 4365
5030 2175
450 6260
972 5829
1537 363
7390 8965
4371 9031
4431 3838
6980 5027
9846 8889
9758 792
8570 2603
7263 7212
8213 5182
4822 452
4765 7237
9427 7782
3658 1147
840 2137
767 1878
3124 7858
9730 7649
6331 3571
2341 7512
3375 9578
2496 2300
9117 1042
9103 7389
9335 6881
5570 3311
3636 6321
6686 2972
9680 5860
5397 786
4211 4602
7285 1839
5281 2161
4062 9327
9442 1155
5014 1408
1408 5860
6988 8126
5972 9263
2475 5080
817 5383
3847 4810
6576 3352
45 6871
714 5974
9563 1524
2158 9583
771 6755
1146 4646
5381 783
3645 8266
5954 2649
5833 2121
3978 7639
2044 3846
2769 9373
5978 9031
2752 9302
3689 8695
7882 4439
9109 3513
8646 1299
4246 4308
3022 5608
8058 1385
3778 8224
2662 9237
9953 3380
3462 7875
1206 9693
787 9691
7916 6405
2447 1859
5671 96
9777 4713
8857 6214
9055 6031
5279 5350
4717 2748
3252 8559
6201 3321
171 2643
5794 8150
8954 5338
3318 7848
577 5805
2460 9669
1785 3325
3590 6577
8655 3711
8287 8410
1595 6877
3862 8595
2373 7031
3315 5335
4430 6968
1466 594
1438 8461
4598 6979
2580 9581
615 3985
1822 1671
3933 5771
8934 6536
1174 4861
2676 4063
1347 5179
5234 9102
3747 2880
8429 2208
3119 6039
8307 8509
5804 9413
56 6596
5343 8618
4164 6561
6000 9553
3343 7015
3124 9528
2638 3627
816 8419
3593 1110
5026 4481
858 41
387 8687
8297 4645
1464 5629
8290 1488
9847 3079
6756 7757
3805 1304
9982 8389
6610 1623
2846 7969
1954 245
631 3409
9497 8338
4880 9643
6638 3289
3546 7563
8171 4285
2746 8049
3857 4477
8214 8524
4017 8249
7213 380
1337 416
7705 25
304 399
4694 7036
1007 1728
6742 8370
8146 3959
4124 1550
3821 7538
7818 2553
8337 2605
8233 5684
5745 551
2669 5834
4437 5137
2548 7521
6557 2174
6837 2698
8749 7016
2256 7623
4770 767
2539 7701
7300 7551
3658 2165
4018 104
3477 9799
8970 6575
2807 7106
8496 9953
2311 9023
2397 2787
4963 8248
2632 8413
8677 4372
6181 2771
2947 2009
431 2061
9270 7635
3865 1020
3609 9316
2781 8011
3531 3893
3025 9692
4483 395
854 6301
350 1017
4760 4087
43 1256
6935 7677
9018 3636
483 7059
3456 192
2620 2144
4968 2724
4646 1441
3103 8812
3495 7628
1398 6968
240 8869
7730 1361
3420 6551
2039 2287
9539 198
6224 1703
6587 7106
5126 1458
6890 1640
7980 4043
3000 1098
9087 6844
1240 3525
9316 8811
8257 7289
2634 8207
5419 2452
