6504 2772
7885 6142
362 7146
6227 1350
2222 5675
5446 605
2236 2037
2427 6434
1611 1311
1347 8282
7045 6421
4446 9386
9056 9741
6961 5604
8586 5551
4196 6093
1719 1765
3346 6322
3748 6869
2211 1055
598 6366
505 9293
6186 94
3222 2509
4186 715
3286 6951
1259 9346
3122 2669
5230 5037
4833 117
6609 9996
1406 8480
111 9262
2806 2796
7540 1133
2006 6162
1528 3240
9035 5071
7762 9813
3471 2175
9251 6681
3884 8608
6901 5036
2370 7863
9096 2225
8460 9733
2351 7203
1075 3379
8441 2153
1038 8583
5880 3461
4832 2125
799 106
5647 1672
6087 9025
1727 9330
4432 9891
396 6263
1790 4282
9330 8416
3454 2073
5187 879
7313 6404
4654 3268
1454 4970
3197 2676
8614 2175
2212 1378
8097 5183
5240 2858
8148 1631
5252 370
8344 7284
4940 1541
4206 633
6254 9561
4406 8401
2860 1199
745 7157
5990 1229
4554 6847
7044 5772
1493 5766
625 941
4347 1270
2350 557
5217 3493
1151 8882
2294 9445
7661 2936
3634 8414
4056 3457
3489 1131
5465 2962
4232 9388
9063 2810
6968 7551
1669 4917
3702 4878
3527 7012
5729 784
5873 3510
4075 5160
3656 8554
1956 400
4377 2838
3209 5372
5798 3525
2475 4083
9832 8123
3142 6612
3998 6624
1182 225
2125 3076
3845 8993
3848 2591
2857 2720
3008 9030
9761 8593
8083 5153
6518 2139
1003 5991
3203 4696
4931 4290
3167 9194
2235 9479
7943 2635
2069 9178
3258 5934
1617 8383
919 8338
8630 47
3341 8300
8563 4725
2899 986
1724 638
3989 1403
4012 3391
6434 4625
2439 3491
1422 8976
7000 7916
5806 8174
2048 1543
3411 9038
9669 6654
8945 6996
8640 362
3091 8273
9908 8504
4953 1479
9571 2830
9436 1464
6174 2468
1530 6788
9389 6874
5226 5649
4339 7663
581 7170
2418 1338
91 5338
4381 9246
6539 8326
4400 7938
4767 1715
860 6185
4916 7009
8974 5576
9587 7896
9735 2965
5248 9743
5504 7454
1495 8511
2484 9770
1184 7328
9670 7683
1534 8591
6390 7061
208 7427
6124 3653
1915 7803
4449 8473
5698 8905
4528 1545
3668 5144
7206 6686
5637 4950
8843 698
1401 6782
8388 5627
6660 7025
3197 7850
170 3891
2162 68
3205 9422
3257 1247
3477 3456
1853 6561
7886 6292
6245 1431
3546 6045
8828 9462
2817 8132
7283 1420
93 1959
5220 8746
2108 9002
4542 9814
1822 5917
5325 6059
4405 8515
7716 7803
2021 9510
468 8554
3679 9225
1083 8732
1216 4804
1489 8435
2395 1852
2121 6982
7159 9206
470 7989
9102 8636
4056 3680
2547 6852
9719 3738
4272 559
8593 9680
5672 8573
7334 823
2244 9941
2838 9368
3505 8132
1921 8888
4136 8511
4459 7960
2561 6606
523 9895
6138 9159
9585 9143
9189 2498
1708 6147
616 9970
752 3753
4210 1501
4747 546
5699 1011
9162 5519
1842 8051
684 2404
3218 7931
5214 9731
5078 3382
1211 8495
1927 8018
5404 1606
8231 7337
8542 4907
8274 3933
1129 7629
2605 8329
8101 2788
6376 4520
4254 240
947 8650
886 7889
7133 4319
2822 626
7544 9524
1901 5094
9112 6713
9025 6556
8172 2448
4522 576
1981 9562
759 5319
1924 4836
6195 9121
3022 8653
8660 563
6961 6863
1465 6793
2916 1572
3241 713
133 4228
6219 8602
6906 1652
8103 8611
3598 5151
5546 4687
3676 9024
504 8183
5299 7946
5234 3
3571 6235
5573 610
1841 6918
9092 2160
3334 3271
8916 3670
1817 5258
2144 6708
1664 6974
9676 258
3384 9117
2855 3660
9796 5934
750 3939
534 9141
1210 8381
3721 913
3514 7497
3706 2087
8252 5185
1736 8149
8672 6018
8044 9329
9284 6387
100 5529
9978 5910
6625 3260
2776 6521
6047 489
4605 3714
3974 2023
7839 9580
4632 9818
8424 5367
5029 258
6512 579
1451 4489
4266 721
4381 9208
5674 9539
6306 1661
5766 228
1544 7197
1691 9193
2883 6988
2421 4361
2479 7173
1091 1073
9849 288
2882 9531
2543 9171
6988 6322
5053 6326
7583 3350
8136 8221
1918 2428
591 3654
2876 5179
3791 4521
5360 8957
4696 9740
2671 5411
2036 4900
964 8073
7694 333
3564 2928
4321 9939
4577 2973
3609 8412
7697 5043
1501 8506
4104 654
7822 1260
7021 5317
6345 1071
4834 917
2281 9273
818 6801
8253 970
3675 9135
1339 1310
4183 1212
5999 2011
6249 218
46 7215
3579 2513
1143 7769
946 7651
3129 5345
807 7316
288 848
4145 8028
9829 9201
6747 6191
6218 1170
4852 6331
3915 4048
6733 4715
7904 1850
4377 8945
9102 5327
4937 4330
4454 4838
530 3517
2840 1401
4374 2374
1770 7625
3415 558
9180 5264
9679 7977
8715 1131
9716 5891
8238 5267
4301 440
9618 9157
3933 6847
3544 9348
4665 9860
3132 5230
3803 5914
9979 6795
4977 5409
3413 1051
9961 4782
1494 7595
4302 395
3584 2748
4004 738
3791 27
7901 343
3963 5652
521 3162
3020 8960
3845 5287
8263 7376
6653 4458
3117 8996
2737 462
2112 6170
458 7001
1296 125
3241 9724
1852 5447
6460 6952
1873 6809
5437 5380
5004 1947
1306 2399
9622 7456
8796 2600
256 7567
4144 9994
6027 4040
217 9153
9198 4913
4932 6830
527 9360
7388 3389
1277 7732
8266 3203
4791 8502
2928 4281
4260 9150
9362 4216
3475 9118
2736 2115
501 5799
9415 9960
3772 5768
8897 8048
1454 54
6689 89
894 1291
9427 7063
6282 7569
4452 8520
1008 8464
1203 6345
4313 9664
6357 1839
7137 9279
4568 7428
5277 7470
3893 2414
8745 8328
3259 3436
2479 9350
8592 5178
3070 9684
2425 8723
8319 3628
2780 2782
1527 4473
2292 3373
5020 1434
1073 6109
4885 2521
1611 253
5058 7696
2040 2007
4417 964
6230 9324
5091 3956
1950 8853
6312 6504
8185 1031
9146 382
3177 8363
6399 3381
7894 3429
3918 5755
5973 9289
3110 8947
6987 4080
2239 352
2532 5681
2222 4073
8920 8139
3102 83
6102 790
104 7024
388 7448
1988 6795
7697 831
2222 6315
6506 331
9259 1179
2585 9921
6784 177
3645 2829
1223 5527
5089 1770
2648 2896
7123 2114
4612 5381
713 8812
3948 7058
2366 437
3665 7264
5346 8485
9161 6013
7629 543
7988 9372
3461 2519
3498 9082
2056 7670
9847 9873
4722 3392
6151 6811
8014 6788
3081 7064
5309 5305
5336 7910
6599 6830
1668 9696
4020 267
3669 3060
2446 6400
6151 7741
1033 5896
2006 3504
2372 1276
1894 581
896 5491
7132 4288
256 2421
6413 3149
6618 2764
9132 9216
4852 16
567 7405
2904 1145
3186 4516
6764 2836
9372 4587
8508 8454
7867 2954
1858 9151
2124 8883
2175 7119
199 9071
510 1812
6824 6270
4020 1556
7973 82
3871 6946
5754 3872
3446 1540
7569 4953
9881 7475
7498 45
2532 8277
1640 2530
7465 6293
8442 7071
3807 9661
3497 7122
8606 8491
8687 8150
1542 9533
640 2015
5278 2716
4331 6000
8432 2057
3831 3858
2477 2474
1293 1357
6153 435
4296 6963
6763 7207
7061 9601
3910 6253
5567 9756
4328 5585
1977 8670
2630 7429
3477 1514
2815 7740
16 1891
5534 35
3712 2985
1518 19
6162 2609
976 7967
9690 5449
7996 3026
1197 7697
8185 1263
3810 1430
4197 1876
7614 2039
2161 7471
5505 2079
2799 897
2431 8662
571 7500
7326 1245
5900 1971
8905 4850
5265 5890
7383 2072
5297 1412
3585 8249
6123 3449
6285 9882
6336 4069
8644 9519
2084 4362
1619 9119
6492 1037
4661 1705
7688 2128
5629 9168
2516 7811
5817 7818
6738 9827
6471 4806
1682 5123
2412 9816
6142 277
5132 8389
7183 9558
4753 7547
6212 9924
3463 1592
9980 7331
7089 3772
2359 4166
2860 1726
1625 5766
7065 4763
8478 4104
3433 6948
755 7823
6404 816
3106 2123
2765 1592
5546 5230
6235 5483
9170 2623
2635 7889
7546 5063
7762 4022
8978 2291
5233 9236
4066 8944
3071 7614
2244 7747
5576 9947
7611 5201
2747 3627
9329 7738
8027 30
6637 1270
8604 2229
660 4845
1937 869
9295 1756
4081 9081
2164 3800
4400 6601
5683 1564
6904 8969
1649 749
3128 8288
6254 8070
97 6793
4934 5906
304 7946
7222 2472
6009 6033
3474 7631
329 9031
7114 7067
4040 534
5901 340
6096 6675
4678 58
1174 6728
6248 7236
8574 6556
4203 9893
4513 494
4 9347
3603 8028
749 4796
9495 361
9100 6086
524 3375
1757 394
4769 4639
77 5953
8472 1660
3422 6802
4330 2880
3166 8521
6006 2863
7624 9416
3223 8170
1476 8108
9822 841
4958 3342
5067 3020
7192 7018
7042 9990
4436 255
959 1609
8878 3534
9103 5858
7171 8890
5812 1969
4443 9465
6574 2255
4496 3442
7763 6843
7916 8653
3952 7079
3588 2107
3830 2562
5418 1669
4186 9381
7850 5019
3371 946
3275 1247
985 7866
2124 6351
2053 1443
1790 4358
3400 3224
3877 6038
7741 8248
1097 379
5927 8712
3063 4878
5047 3266
4843 9803
5218 9820
3764 4678
3241 8686
4997 5669
413 1400
2952 9495
9535 7585
9074 295
6891 1707
4983 1313
6114 1997
9145 8995
7430 1835
4717 3396
4780 9194
8468 4039
1767 9847
4567 5047
8694 8641
1922 1809
4213 2420
8961 8258
7971 200
4666 7887
7119 118
5523 1546
8969 5327
2107 7834
1004 564
6112 9000
838 4553
5324 8912
9931 738
3590 5293
3975 1757
4324 9053
9709 6970
3612 631
5104 2730
3847 6028
4873 9170
2654 2486
234 1042
5728 4162
1956 8680
6095 7482
7274 7837
9450 7896
8927 8093
1730 5664
1947 8878
4687 4540
4956 8368
4926 2616
1594 1795
5751 4685
1260 220
4567 9337
6042 8522
2804 9218
196 8846
6626 7410
2166 6734
7747 2409
1720 2056
3825 9621
1078 7693
6562 8148
5343 774
7271 2574
6900 824
2915 6138
8902 3458
1678 6107
3313 2126
1809 2914
3754 5005
6728 3714
8219 3810
7073 9895
1347 7017
7078 5818
7171 3654
4277 3733
801 7505
4972 759
8847 6276
4997 8907
5176 9952
7883 3631
9287 5645
8998 5353
4607 3388
3634 5362
9609 9964
6209 5405
1298 6114
2795 6095
4805 9487
8828 2754
8212 270
8536 7012
1601 7939
7799 5977
671 6775
4193 4288
4386 5976
5825 4997
4382 4056
2883 322
8761 8945
1823 6856
959 8081
1612 4714
2232 8354
1194 1330
4266 6343
3437 872
4802 316
373 5140
8505 7536
3945 8997
3289 2932
7518 459
1518 1152
6434 9665
4719 7875
7622 3576
3937 2488
6458 7231
5591 4030
2303 8261
719 9923
2591 7087
710 7498
6514 6512
6211 7130
1538 9626
6511 7517
9086 2199
8034 8975
2291 6166
4954 6572
9301 1858
9485 1539
74 1685
1879 8055
4025 754
7029 1700
9095 1637
3518 5941
4674 8271
1463 7173
3452 9123
6930 8021
4293 6859
8157 5536
343 7435
3854 5100
8616 726
4329 8838
9766 5853
2072 9141
2946 3747
4210 1357
2806 5677
1493 812
7158 1078
6238 5511
3007 6103
7113 8645
2133 1774
6564 8979
451 8056
721 6986
3061 6241
2903 9011
3066 1453
7771 4557
3352 8510
8162 2465
6354 5740
7671 4052
4320 3797
8794 9512
2424 5769
8345 8099
2095 3882
5630 4208
937 8941
1691 2746
4834 5586
2279 6690
8919 6483
4873 9626
9160 5953
8597 2658
7674 1344
2846 8247
9866 7409
3168 6470
8115 1733
3117 8710
9948 7051
3710 8092
5276 67
5370 1819
43 9505
4093 7830
3113 1268
3217 3064
4750 9164
5850 2801
20 2477
3038 8929
4135 2066
6556 5825
5066 2585
3874 8307
3344 8883
9948 8893
4253 2952
841 9530
9417 8705
8653 4913
4437 5015
2874 6382
6692 6499
8013 1852
1238 5648
