2749 1372
5357 3151
1500 8030
3087 9909
2861 6147
706 7212
4106 8814
4795 1043
5091 9453
3236 6609
8828 5295
4957 2143
4371 4526
7453 8946
5688 2371
1060 7462
8636 5619
8474 2820
3177 8100
5128 1634
1663 2004
2324 7092
9065 8685
9500 3756
7150 9430
2189 6647
4024 9522
6808 9711
6519 3031
6351 6345
6969 7023
8942 7122
9093 7709
1466 9843
410 5110
7388 618
8 9426
9369 4602
3565 880
3235 9883
2323 594
7605 3859
3830 1309
6641 5625
168 6107
4995 2650
1888 9010
5195 3498
4240 2631
4536 8789
7729 3512
9590 9130
2809 3071
7468 4612
4968 6079
8195 5633
4082 8210
4050 6946
439 8031
4363 105
4728 9871
2511 515
1427 843
2848 6711
3475 2123
3956 6511
171 5345
5896 6281
2263 297
922 8291
7314 2451
5858 7099
5240 9112
6330 2061
4621 6492
4003 54
4851 6289
9453 6402
7177 9145
7429 9635
3419 6666
3449 128
4791 2055
4175 2726
4427 9781
4675 3430
9190 7349
3442 1554
3511 5199
2585 878
4220 5766
931 5581
5018 1078
8366 7316
3439 1921
3005 9802
1387 7963
8715 3943
6609 3314
5967 5168
5650 5223
9823 9085
9827 1489
3677 428
5841 7652
717 3549
5614 4226
4769 8848
2469 7850
3820 5697
3722 1729
4246 930
5276 2388
2841 3557
479 9504
7445 7661
5499 8144
4378 7403
1724 9795
4991 931
3778 205
1263 7114
8060 9362
5707 1277
2081 6276
8185 5192
9796 5671
3616 7718
4531 2532
4984 4436
1437 9338
2362 7625
2415 3668
9405 3580
6022 6411
8143 8560
5227 11
4310 8818
9410 8106
6714 9360
7771 4258
1263 8556
3879 1797
771 2343
561 6823
2799 8892
4569 5371
4731 9643
842 7498
5112 6473
6768 1761
4787 4272
5693 3309
8921 1836
3612 2374
5908 7822
2990 5329
500 5748
2859 568
1109 3241
3152 6819
1442 4204
2815 7036
518 9854
4873 9821
4411 494
5241 6730
7813 2161
8006 1375
626 7959
4017 2041
7599 8864
5163 7039
4046 4966
3966 656
5240 6087
2087 7901
7835 7243
2846 6492
9345 8283
6282 5951
5084 8710
4981 8716
8468 3809
7655 2227
7786 6075
3377 7031
6858 4179
1006 7816
7644 7312
4655 1897
3045 1444
2304 8509
2346 9329
6132 4798
9843 5643
805 116
5146 17
8389 6755
1208 6229
5951 1790
1923 433
6901 3030
6 5918
5182 9501
1814 297
4363 9736
6041 9631
9815 705
4623 9156
4963 2134
7507 5469
4040 2657
2354 2471
4297 8744
3388 2898
4112 2264
1998 5832
4977 357
2886 1187
5027 1517
6674 9439
4043 700
4059 150
8902 2177
7248 4845
3853 9368
2126 5865
4678 5164
6032 8242
4330 6809
7498 6704
7934 2814
4587 8271
6023 5780
4258 9026
6683 1140
3935 1413
1680 6592
2076 689
9390 1878
3343 1794
5246 3226
4930 793
8509 161
9204 5916
7092 1820
6463 1002
3709 8285
5074 5124
8146 603
5 929
2061 8391
4453 9624
2303 169
2142 8474
3346 1408
8312 3286
4414 6115
3175 3661
2131 1234
6881 1749
1528 9343
1805 2799
8614 1894
2130 4164
4738 1000
8521 4546
1962 6813
4976 652
1614 8619
3513 1450
2994 6075
2148 9563
387 2711
2476 6158
6028 8114
3293 8366
131 8365
8975 2012
2557 5826
4113 8761
3965 9689
2430 2335
6359 8497
5868 1309
2201 7625
9311 1180
4584 9029
2984 1707
2566 8513
2351 1642
1015 7896
1056 8849
9489 8496
1881 6204
766 4967
6019 9062
2177 7505
3337 8512
5804 7862
5735 9312
2834 4913
2613 753
6233 9516
3786 5625
3786 7849
2316 2879
4195 5653
4411 3480
1729 944
3179 9642
2929 2139
2955 8702
7161 6929
2989 8615
3345 9949
3729 8901
6203 3760
1669 5786
3132 5622
475 7612
2908 9044
889 7904
386 8357
4843 9135
8178 1034
2027 9780
7038 1601
2800 8446
3355 8439
4984 8338
1956 451
754 2611
8174 6927
5652 3113
8999 774
310 8730
546 7933
3331 8612
1441 9423
2052 1336
3645 1578
3691 3015
172 8378
1370 9390
1424 2289
8705 5516
4836 9473
7368 6152
3088 7896
2399 8497
9215 5883
9283 9294
1678 7794
476 4463
3411 1505
2200 4999
2777 5587
2105 6815
8934 9814
7206 6257
3472 9984
8484 1868
2126 5733
5118 9972
4353 9095
560 8483
7252 9360
5111 3279
6219 1749
7013 8193
5294 1823
8856 1120
9021 6938
1989 1535
2731 1364
5145 4104
240 6406
3581 9756
5183 671
1661 7368
8657 6860
5510 8366
4086 394
1811 4512
3793 9446
3902 1616
4877 6751
8609 9330
5019 190
5741 9309
5708 3808
4846 2980
5878 6434
7244 4949
4233 8653
1246 1621
4556 1457
5974 1721
5528 9448
656 1109
6958 659
518 4046
8341 655
6582 912
2192 8019
4905 9576
9587 4465
9946 1258
2972 653
1789 6582
9983 6271
5424 8600
6133 658
687 5135
3453 41
4160 5397
959 746
4788 9841
2703 7676
7985 5608
256 91
5434 2624
558 182
4051 6677
7728 4454
5254 9366
1592 7730
6472 9038
2467 9669
3239 5212
8022 9547
5362 8472
2195 6339
5697 5069
5330 199
3005 4734
1323 8225
4485 7799
788 482
7807 1912
8041 4303
8558 7967
1992 7166
9765 1312
6359 304
964 6751
8009 9869
3094 238
295 9216
4975 2051
29 3733
900 9448
4726 947
5594 7429
4690 1955
8191 8048
8596 7688
1011 7186
487 5868
6806 1941
876 9612
1641 5632
4258 6745
7101 406
2393 3201
8762 9971
2773 9847
4067 7034
6432 8402
274 2233
7397 2372
4446 785
8800 7877
2260 4724
4512 4513
1296 6289
5586 7695
5623 6283
7111 483
1626 5279
420 7796
6668 5237
1684 6541
1474 9041
1030 513
545 9233
5529 143
8436 4949
9140 8183
4247 7607
5256 6620
5124 6748
9739 5083
5467 9055
6299 9567
8289 2553
5669 9171
4775 7744
6951 722
2235 8998
3615 7686
4282 4455
9852 2488
2330 1517
269 7217
5955 9403
9195 3545
2848 7788
5245 7159
5287 987
2309 6427
3361 9850
1243 9256
1449 474
4329 469
8048 9921
1518 8539
9921 7804
4801 2432
8424 8878
8250 1016
4189 2399
4246 6478
2295 768
7324 8673
3788 2213
6288 4062
7558 4437
4047 9890
1007 4164
2835 2048
8986 7702
4738 8248
394 6206
3659 8734
5280 7646
5141 1161
5258 1081
9225 6016
3359 6901
9895 4013
3742 7722
3309 7080
5255 1829
2706 789
4932 13
4231 8834
2493 87
345 4309
5687 9565
8068 7680
2581 1768
4309 379
9530 1413
5000 2362
8561 8345
3635 276
7224 3877
1296 101
3275 6138
9052 8433
8109 1381
2145 7253
1764 9767
2487 5781
9998 5715
7633 7715
5331 359
5968 7741
4516 7636
4894 9812
4988 950
2681 2632
4214 7838
4272 7105
1244 7769
4297 1438
7739 6969
1616 8324
1616 8571
630 9294
1793 3270
5626 1462
6590 1264
8220 9075
6412 5934
1281 7543
4157 4032
3655 7559
4345 8015
2922 2312
7476 9996
640 5798
2730 9299
6342 6867
8636 2610
3702 4638
8133 6855
7886 1614
7514 1733
5317 9059
2569 3850
9884 9480
4166 3964
878 3509
5780 1925
3850 5314
5786 3149
8523 5051
702 8375
7577 6237
803 2679
2051 4464
9827 8042
1403 2186
9816 8707
9835 7009
3329 7268
571 5191
1297 954
5507 463
7260 7222
5099 9385
7831 240
1866 1794
6751 2744
1492 8359
8141 2370
6688 7670
3454 5197
686 6825
9385 7702
3725 8827
2968 8192
532 7688
4448 9936
6164 7917
9075 3708
7135 5088
1163 8732
8240 8108
8253 6479
2924 686
8938 8666
6661 2563
2166 6786
4281 1960
3984 2509
9518 759
6939 9579
4554 410
4828 9448
7624 5917
7650 295
4309 1155
3720 3720
4239 4047
5451 7095
9980 7978
2787 7725
8026 1476
8907 569
9544 1827
477 5798
295 1319
8394 7403
2803 7580
2182 1491
1064 9225
2916 8122
8496 3078
4488 1507
869 7436
3339 784
4858 3166
6238 2846
5342 5988
7417 5327
9754 7280
2648 7926
361 4167
3217 9565
4921 8802
567 9614
2849 8324
9315 920
9492 2539
1157 4241
2478 5973
4624 8871
2014 78
9558 3307
6202 3450
2935 8122
5426 9239
1681 1208
995 9502
9775 5209
1272 4554
1533 8140
3122 8869
1003 4914
50 6089
5558 9898
5503 6566
3123 7940
3753 5892
6383 599
4287 7501
1742 8161
6522 7866
7364 5966
3983 2251
8655 7923
7083 858
3641 7237
9293 6544
2158 4939
4858 1422
3457 9631
7788 7035
3811 6754
2117 557
6698 3756
5612 8077
2951 1286
2095 6060
8126 4815
780 3575
8923 6965
9426 5203
7040 7424
3925 5329
3992 8775
3206 9752
4789 9455
1644 3536
6114 3579
9486 15
6319 5278
6282 7754
346 3584
4748 8627
3734 2100
3297 1168
5546 1199
1576 9646
3989 9779
1937 6516
5556 9941
5215 8516
488 6166
876 7294
7796 6378
1864 97
8350 1958
1716 8094
2089 7287
6878 4374
4865 4867
1898 8232
7472 7309
8470 1874
3049 4971
9444 8105
3535 9712
8457 8711
318 8500
9630 8241
9146 2697
5253 9796
4921 8163
1717 874
956 4577
7221 5863
9023 6897
8905 5194
3535 25
4344 8645
6742 9293
5134 170
790 5596
9008 5957
3818 978
8209 4035
4729 8096
7846 3565
5056 6096
3285 3898
6929 2492
8086 19
164 9200
4596 6925
9947 5683
6774 9227
8467 3521
6233 4293
1913 8881
2715 273
9853 4098
6946 7365
2230 9869
7555 9145
1912 4626
1975 9112
7197 4076
3493 7984
2831 8679
592 2691
7050 2220
3991 6549
1264 9356
9637 5880
3407 7410
7687 5913
9543 1415
175 9178
3823 9045
9110 8367
7997 2045
914 7284
4554 484
6039 8997
3063 8292
5459 9477
4093 2270
3770 2254
4372 2835
6059 8993
3646 6416
831 5983
5093 4163
6714 5141
8367 4979
8000 8749
6953 1896
4275 1590
3173 7880
3742 9358
1011 684
3753 3747
4375 8349
6765 771
9937 4312
8498 8464
775 6990
4767 2555
1034 8660
619 2959
402 7391
3146 7355
4531 8462
4942 1671
9103 8952
968 9636
7481 43
3344 137
6402 1469
2943 7539
2652 184
788 7710
2020 4675
6142 90
4310 8341
2620 1027
8557 7979
1030 8146
9455 6923
1078 3375
5249 4415
778 7009
2833 344
524 686
3761 3997
2803 7384
6459 8284
7163 7982
5169 8098
4562 1907
4146 6050
495 4689
8221 975
6023 1166
4287 7328
5927 295
2558 9822
233 9820
2273 8777
4641 6257
2894 332
4656 3375
7958 6379
2616 8353
7626 3700
1347 1396
6928 1830
8247 8486
5060 1002
6113 705
3670 2279
6648 46
2283 5538
4637 2040
806 6429
6243 7981
9614 4165
3803 2003
3688 8856
5370 7589
8476 9715
8564 6548
385 4803
2570 7293
2622 3557
6330 7585
1314 7347
5363 9782
7398 4847
5652 1681
3800 798
3877 7824
2731 8406
9345 5330
967 6247
9890 7357
1691 7608
9013 3041
3786 5994
3276 648
5927 9213
1627 7443
1956 2914
7400 8038
4628 2871
4845 6939
5022 723
368 3965
7498 3109
2970 6063
7687 3948
4044 1935
3578 9455
9994 3645
4627 4251
3303 8115
547 260
2989 5951
1484 8571
6749 1706
7653 1420
2430 9380
4968 6368
4752 7656
9332 7583
4358 9148
6395 9021
2515 8264
1474 4600
9925 6547
744 6722
5662 1708
3381 5675
759 2915
8376 1927
2216 8480
8731 6176
5824 1468
1225 7916
3523 8239
1939 1508
5201 2499
3592 9367
8794 4929
1179 8739
4005 807
1513 4136
6316 8202
3998 1823
4226 1013
8151 2586
7674 8937
2571 4112
1942 1973
4811 638
8138 5136
8154 385
3907 9625
5094 7104
7280 3375
4255 1332
75 561
4388 8119
7637 8893
156 6794
2949 7944
1654 1920
4881 1236
856 628
