2082 9945
4329 6748
4250 5939
2307 7839
1247 5882
2032 1313
6494 6636
7314 3409
8227 258
7754 5002
808 169
6245 162
5412 72
5558 8766
2707 6991
7674 8923
2740 2586
639 3384
2024 8566
7696 3349
2316 7353
1518 3181
7273 8835
2218 6311
9682 4150
8473 4694
2133 1090
1384 5990
593 5250
5738 4806
3154 8479
22 9571
6649 5382
7883 569
901 6278
5001 8597
482 8271
485 6556
6858 1858
1143 5909
5253 2024
175 2705
2596 9923
6559 735
5158 1634
3240 8524
3291 1427
357 7709
5705 3600
2935 5673
4597 7079
6312 7548
9944 7309
9311 9459
4127 1680
1274 2551
4608 1477
1869 5213
3606 7189
4032 1946
7239 9884
7143 880
110 9823
5152 894
693 9595
2023 203
3294 1288
3601 8669
3030 9482
8439 8501
1558 8353
2563 4345
172 4648
3920 7330
4780 4176
194 1298
8464 7093
7973 9726
3229 5746
2925 2473
5269 4322
4694 1876
1732 6439
4852 9790
9523 8038
2618 6123
6378 3013
9445 6416
3546 4281
4354 1556
2712 9055
3600 3178
8859 3713
27 9146
6259 334
759 8525
632 3060
3117 6983
5439 2797
4184 1010
6877 2738
5960 1736
4620 4015
6651 9992
4155 556
1076 7414
5287 8536
4775 8495
5087 9036
5207 2011
3898 2709
5979 294
1190 4385
8080 4600
6467 8352
3308 8146
2432 6489
6191 720
9960 8947
9407 6928
2612 7121
9074 6221
2709 467
4480 9904
652 4984
2052 6106
3033 7123
7586 8265
3683 1783
2243 6586
2266 7881
653 3002
309 8046
2057 2941
4611 8145
4037 3165
4107 6796
8601 8517
1414 7292
1135 6794
3748 1759
4060 8252
9616 1054
2662 7737
2919 6069
6492 6687
8145 5613
6309 8390
3455 4731
695 1003
6751 4732
7894 6287
4765 322
3197 7105
9276 7797
9354 3107
786 7817
3376 1501
4257 818
7505 3977
8399 3808
4889 6544
5895 2779
5271 9727
7576 7545
1198 4738
5210 6706
664 6692
3892 9091
3319 818
1328 2242
7922 5195
8611 2379
4187 8868
1192 9282
9202 5327
7139 7320
6284 1949
3174 1092
3650 7864
4001 7295
934 5496
5943 8575
2255 9062
2574 4083
3265 9599
998 1972
5651 2121
3160 7856
9809 3417
5739 28
3005 96
3640 8591
6601 676
2071 1006
104 5258
5339 8563
5878 3615
6779 7781
9955 7528
68 4261
1808 9290
9883 4879
1765 9975
3265 7258
1602 5231
9965 8386
5483 4501
4389 4141
4584 664
62 431
5767 2957
9267 2935
7829 8903
6315 7920
5421 7433
5395 2200
5942 1506
7652 2296
4606 310
452 5302
1197 2149
9797 2108
6342 8804
8810 5993
6644 9044
1944 9918
2055 3626
2173 7675
3785 1743
7040 3104
1237 8655
7176 5350
9531 3565
1266 5146
6539 467
2623 7085
5816 3281
4432 7341
3324 1895
2051 8198
1236 419
1847 9185
8394 3176
5662 7527
2248 242
7377 5214
3543 125
6108 8367
9558 5348
402 1266
2931 2663
4083 2061
2945 8559
5860 8512
3106 7192
643 157
1278 6953
1983 8593
2917 9242
5600 80
5406 2609
3476 1648
981 2138
5033 8999
7185 1769
3763 3386
2033 5579
4349 1560
8984 5862
5955 1494
8381 5749
7794 4482
1005 9414
5421 9108
5384 958
973 6182
3444 151
3195 9893
1407 8509
1529 9536
2006 4905
9606 1860
4846 2869
2269 3558
9771 9670
4039 445
955 7472
3872 39
5863 6209
8963 8175
6958 1689
1146 1261
7273 3031
2509 1208
8626 4972
3001 9883
3962 6205
3093 7086
6408 2463
6643 8880
5080 2928
7490 423
7349 2370
2259 5728
5335 2382
2201 939
3155 7991
747 9770
99 7770
5816 876
839 8303
8056 938
7979 587
1932 4277
7960 592
1984 7878
6456 306
1314 8294
3132 5914
1996 1436
3128 547
1816 6591
1123 7060
2280 8550
4801 9897
5930 3103
3021 7632
3264 8293
6521 3171
3751 6425
1561 8454
4606 5228
9791 1613
2592 8120
2476 6786
3251 4647
3976 9509
1821 7218
5349 753
6385 9025
5918 2320
5352 5188
9362 7632
4708 9287
6850 7785
7096 8582
2489 7506
762 7700
9461 5270
4378 6690
6526 7572
3367 913
5697 6512
3045 4416
8614 8897
2125 7049
3999 8109
6170 1884
6120 733
5878 8775
7882 9118
5921 9649
7125 9813
6608 6823
9894 6841
7169 1890
2867 8454
9261 7023
7304 4824
3084 8321
3763 6413
5763 855
3561 429
7848 7184
6827 469
3809 6111
2846 2360
7373 2043
9822 5406
2353 7195
9418 3488
3386 8497
3238 5126
4237 419
4629 1172
1149 1536
3554 8877
5472 2386
7487 6778
802 8491
878 9694
5656 3864
2140 4445
391 6049
2408 7921
1853 1014
2029 8239
2332 36
6853 6250
1931 2483
7791 1676
5174 2558
2652 8794
1128 5134
1830 463
9078 6421
1985 1151
1287 8577
6036 496
567 7708
3211 8110
634 4598
9344 380
674 9509
2912 9503
5848 2120
9012 2140
1718 654
6588 8166
369 7076
8858 4544
2912 3096
4489 7433
2727 189
2294 9081
5051 5568
8131 3303
7085 4780
4768 7086
8061 4937
2695 8867
4835 9647
1190 9687
4743 9155
3005 6558
5726 9437
2982 7496
1592 9163
468 1816
4810 959
9422 8148
6345 7239
2481 7241
1560 9494
3375 516
9808 474
3625 3446
6403 2243
232 1715
797 6597
9889 9224
942 32
451 6863
2855 7823
4836 3195
3750 4209
6685 7438
3957 8056
4451 464
4368 4658
1523 7235
7783 211
5152 7345
8353 8967
1340 9612
7910 7769
3657 7782
1855 3534
7539 4280
2985 2038
3972 9780
8941 7691
9144 8706
2956 6926
2339 2439
4592 6446
98 3315
7575 9096
6713 2270
4738 9291
8606 8533
600 7763
6285 9664
4398 2825
3863 5937
2555 9907
3218 7856
2399 7664
6082 6842
5 7791
2289 8454
2680 8348
104 2437
6286 3630
365 7963
2209 7787
4538 1007
3112 5897
5175 8352
6377 1530
1447 6161
2866 2040
4995 8440
6736 6167
4916 5239
2757 8796
1612 6741
2075 7069
3562 4660
8520 7809
1445 8470
3849 9003
5140 56
2772 977
929 8953
24 4417
5152 30
9081 7315
2749 7507
8768 2901
415 9900
9509 3439
8053 9371
410 2911
8391 2694
2711 1482
1430 1116
2978 5795
1172 3054
3912 37
3947 8128
368 309
742 6368
4585 1990
519 5783
7332 818
7385 546
1193 9529
9820 1750
4976 9212
170 4592
6114 1969
9722 7887
9361 6596
1051 7239
2783 5564
7357 740
4486 1211
8417 5824
4270 1169
1731 7483
3772 6176
7489 6390
7176 9713
1378 400
1507 2271
2568 913
6779 8841
3666 9178
1811 4586
6480 588
7356 231
940 192
542 8157
9849 7047
5522 8432
9630 3333
8316 8931
7935 4639
7541 3687
4605 642
4651 3489
2885 8707
8222 9180
4440 8391
642 4555
4235 3202
391 7197
2785 5758
1279 8126
622 3930
3031 5225
9942 7211
3524 4996
1689 7234
1456 1788
5360 22
8917 2987
4484 9922
7100 9551
6926 130
1989 9341
4914 3090
2322 511
1966 8958
3558 973
4045 9722
706 7056
4563 2249
3241 1702
3469 9117
8751 3894
3320 1199
1019 1127
9749 5378
2966 9966
1393 7375
6672 4280
3893 6802
2133 3985
1287 9181
3889 2249
792 1511
8905 9141
2181 7826
3404 1027
3638 1593
4225 3385
238 8164
4129 8503
6141 3615
9895 5953
1460 7141
2697 2980
6166 8614
5462 712
5756 237
3280 7254
981 5166
4150 3894
4057 7202
7512 7038
5564 6986
8768 3933
3468 1056
4077 3891
5899 5515
778 9434
632 1732
4223 171
9551 5102
8777 4912
5332 6200
3861 6082
4636 7418
3802 1328
6861 1155
4351 6611
3403 6961
4472 9799
3674 8736
7624 5387
5911 9955
2421 5570
1645 6252
4904 1728
3944 365
7039 7595
2264 8085
3150 355
5003 2610
3530 1152
725 3402
6443 7597
8533 9938
1518 7486
7334 4003
6371 100
7295 4030
1398 6932
2109 9397
6551 2956
2595 5816
5764 5200
2443 1438
4110 8493
4376 8500
5219 558
3390 8954
557 1077
3752 2625
8344 101
6161 6153
92 3467
1330 3773
952 7214
5543 1966
1804 2326
1557 4593
5107 9496
9182 5733
4929 1078
1043 6852
8660 998
8516 2256
3025 831
9531 7198
9640 2675
5033 3548
9543 8920
8936 2995
4552 2714
33 5735
2526 8341
3409 5152
5001 5578
133 2960
6502 4901
2697 7683
1741 9063
5940 4612
3972 7508
9858 3684
9368 6938
1289 3569
157 7783
7072 7515
4883 2669
2189 6885
6964 3372
9743 7266
7217 6432
1721 7818
3172 9629
3220 8394
4908 1688
4614 9302
790 9919
8524 2097
4124 5673
3259 8721
4375 9694
5802 342
805 5060
1113 6735
6922 4049
1026 5455
135 1711
737 4925
2238 7793
1620 8247
4717 4228
4038 6500
2779 6054
8690 8438
2093 4903
8581 803
3180 8311
2427 1401
2955 465
7363 4258
2664 1085
1256 7332
7757 6036
1647 9688
4797 7976
5779 8967
3976 9041
2042 949
3725 9935
7990 6652
8387 5623
3708 488
4047 6468
4362 9750
2352 7261
831 1172
3503 226
8528 8744
2478 1497
5494 9090
3756 9522
6160 558
3141 6802
280 8199
8149 256
5246 7447
6242 8980
9962 5843
2611 8262
1599 7136
9715 6460
5489 8742
8775 4172
9620 72
4064 3496
1494 2522
666 286
2701 9760
3180 8544
2429 9737
168 921
9819 3435
5503 3020
839 7133
2487 1285
5792 8236
4688 3881
6400 3787
4419 8940
4598 6477
1963 7561
7743 1779
9588 8612
6056 1115
5988 7006
4076 7402
3198 9537
8444 9563
8909 1422
6558 1618
9593 8318
2160 9148
6927 954
9797 1561
413 4028
131 904
8473 3448
1097 5316
7549 7264
5521 5679
3149 4424
1400 5097
2993 8457
6356 9491
6090 4020
2939 8495
2328 7676
2811 838
7895 2186
4763 2702
4349 7681
1449 4846
2846 9853
1208 6589
1522 7301
6752 8780
3189 5893
4374 7881
9110 9782
355 3241
5139 3910
2551 4172
6997 9114
6826 8585
1548 8625
5046 9618
3826 4881
3180 9087
3470 8499
3215 7644
2391 8002
7111 5209
2485 71
4605 3725
4499 8155
8286 9776
3175 8056
4007 2040
439 7953
9142 6854
4554 1782
5983 4536
7044 7370
4906 8268
7405 7641
8303 9783
3527 9554
8331 2959
4422 607
2331 9137
7584 5285
852 2636
7815 1901
1334 3035
3459 3021
8508 1697
3015 7182
2148 9555
3536 7689
6774 7658
9836 5320
8953 7853
396 6791
2367 6719
2949 2370
4146 537
8517 2029
1649 6201
2846 4191
2349 7595
8043 1899
2214 2019
8102 5332
2786 2120
5558 4239
5560 7201
6800 970
1672 5128
1783 7705
6068 572
3139 28
5349 5800
256 7453
7920 8185
3312 868
3453 4779
6855 2348
2064 5108
2795 748
2691 4721
1227 9176
1615 9172
1470 8943
69 8624
5092 279
2021 4356
9334 4772
8725 112
8391 96
9563 314
6231 9305
1421 6435
2889 239
1952 5406
6824 47
2234 1229
6318 3204
4009 4727
4198 2402
6759 7465
2140 9178
579 365
1152 4437
6018 795
5269 8664
2672 8630
3876 9298
9554 5961
366 5334
1343 8852
7113 1955
4500 107
2511 5158
7700 2673
5639 6158
7906 1609
2881 5600
7070 9605
5158 476
3641 1950
2955 8536
2645 7556
7859 2464
4118 7900
8340 4058
8473 7876
8487 1358
6709 1605
2222 7904
1354 8573
5074 7172
3188 8523
2359 8385
7818 6996
5173 9100
1798 9153
4673 7749
2056 2367
5499 5347
1236 8056
6030 7854
6681 4279
4729 7244
4337 2439
4915 1095
7910 4464
3256 121
2681 7636
3751 2040
8630 4942
1448 1986
4685 6429
8177 1201
1504 4865
2792 9718
1187 7296
6773 8401
6802 2210
1949 538
5538 2153
1967 5013
8683 4688
4819 7003
6204 8164
4046 7336
6025 7375
2530 7988
3782 6103
