1353 5873
9153 2526
914 7650
5539 647
8670 4364
9598 3770
6812 264
4533 8869
8575 3937
6650 4412
5372 3050
7283 5655
6768 8736
3547 4506
8850 5215
9335 3176
6528 7433
9254 4091
243 6416
1603 9803
4371 7662
147 9081
303 945
4855 801
2535 3794
4225 6165
406 3163
9303 5304
2524 9377
2751 6536
9043 4154
7599 7208
1805 4842
847 9685
4243 9346
2899 781
2214 13
3439 1558
4201 4999
4808 8709
546 290
4762 9645
7016 346
5549 180
9801 8146
3929 119
5407 3403
3341 9501
4170 8556
8054 2540
409 19
7927 9736
2484 6838
4157 7957
8159 6623
3567 7597
9839 8541
3655 5742
825 6916
7589 8703
4024 7055
7051 2621
6616 8462
3726 8920
2577 7151
1543 7461
8194 4789
3212 7909
1328 7482
6538 7069
1592 5358
9598 6119
3601 6710
8120 5486
6156 359
8787 9193
9946 1231
9464 9026
3346 8653
6068 255
3697 9643
1285 377
3706 8816
9407 5859
448 9027
5906 76
872 9620
6209 8345
5693 8441
9256 1287
7320 6341
1410 8886
4346 8633
1262 6507
6069 7803
4712 7707
9691 815
9022 4512
5906 7269
3929 5330
4332 750
2613 8542
4329 8171
2667 7430
4204 839
3729 6882
7331 2908
5865 5120
3989 3385
6871 9339
7098 9229
3853 9648
3035 552
3405 9619
6402 1160
2769 8902
905 9109
1371 8768
3181 6375
3691 448
5284 1556
909 448
6034 9242
5053 1153
56 5883
7517 7784
1269 9498
2243 8819
4623 4574
3158 5591
6864 2785
1519 9538
607 8224
7330 1379
5533 1524
5686 534
4789 4880
2326 9365
6179 8042
4745 6414
8521 9027
1416 9400
7496 612
3594 9541
2069 6572
527 8627
358 7385
2163 9981
5602 2773
3051 482
6519 8232
2079 2290
8312 8373
3185 6349
3769 4810
8265 85
2083 5051
4167 2632
990 5648
3338 22
8061 4446
1185 5496
2226 9673
7603 221
1062 4989
5132 2725
4032 2672
5579 6968
2141 1312
4173 9472
4989 9250
1632 8534
5364 487
5862 4803
3959 8713
2332 4406
5668 2457
5539 4796
7060 2291
4219 9844
6520 2417
7400 9279
5516 5078
2514 538
4002 8296
524 8998
2118 4729
5296 5074
8304 4828
1391 9752
7771 5933
6142 2251
1525 7104
6051 4464
3493 9169
6725 1641
5989 9593
4578 1505
2816 1351
508 8501
5197 131
6356 9288
426 5439
3497 7509
3242 4995
3743 1225
1909 665
9115 4783
1847 7496
1772 6837
4166 3659
4002 5793
8114 9673
3523 602
6282 2266
4424 1977
2469 516
9586 859
7332 6757
3243 1707
24 1599
7327 7227
965 7406
5361 5446
3008 92
2788 8082
5389 1096
8122 5359
6057 9588
2466 7384
1048 7696
496 6298
8904 6288
4970 2946
6024 6311
2257 7637
1073 2356
540 6960
4482 8604
9043 1626
2709 9869
8852 6372
5173 2249
7336 9657
319 5536
1116 3238
6395 570
5716 1859
4583 4351
5495 7898
6950 981
5464 2788
2353 2115
3989 76
2570 5100
7510 7832
4741 852
8333 5681
2490 9448
2557 9963
4779 3615
4476 9612
4791 2695
3838 7128
592 74
9086 3560
6322 3111
3444 5093
8116 9960
2727 2981
9386 8120
2931 9968
2288 5014
4442 3477
1031 7885
8780 8337
3192 6961
6577 3593
1347 4576
5955 1453
2317 6865
9740 5755
3855 8083
4338 7306
5582 9856
7512 8929
3613 2700
4681 1220
2598 355
5628 20
509 6460
3116 8246
8158 2773
3553 9187
3974 9607
3119 462
4721 1301
9703 6492
546 5453
6007 8674
5251 307
4854 3133
5992 8155
7199 9624
6809 8148
8017 4756
4727 823
490 7367
4858 888
7865 1998
4132 9653
9630 4558
5129 875
7234 4001
5753 1057
4882 9504
5950 6608
2361 6372
2192 3482
7666 724
3396 5056
9181 9808
8194 6124
6406 6568
2404 7682
5852 9837
4148 868
1132 7383
1381 9399
8804 5400
5257 8236
6639 1424
9315 8841
8794 3486
5042 3552
8419 2962
3345 1331
9898 5131
7127 5061
2191 8715
1494 672
4771 196
3627 244
5344 6919
8986 6563
1046 9521
3846 9008
4998 2319
3063 7350
4213 7907
9611 5995
3347 9360
7919 9423
2748 2356
2317 9241
1512 6351
7074 1500
5350 4747
4819 4037
3052 888
2471 1153
2265 8376
9418 9886
2288 7066
5583 915
3721 3792
3649 6238
7071 3300
2475 9781
3070 1625
3215 9173
6722 4333
6239 402
2801 3386
8203 1993
3758 7969
3495 7766
4359 6034
8205 6887
1325 202
8828 3241
5393 1931
5169 237
3156 8049
7247 7043
9175 5280
6580 6976
3331 591
4982 905
1972 9025
5117 7118
2672 8381
4399 8815
3625 9705
9747 6265
2617 9586
7179 9245
3161 3441
207 6498
8776 4883
206 117
1862 7200
384 807
2787 5814
9251 7260
1327 2993
6815 993
6481 9617
6286 3105
235 3060
5378 1124
2435 2897
3801 8078
4124 3237
2589 84
5128 860
5139 7285
2721 9288
5262 9845
3875 830
3018 8986
1149 9133
3886 4860
2603 9152
3800 7319
530 6333
7647 7484
8149 4106
4414 5690
4964 8439
4184 7183
5816 991
7621 7877
3342 5299
3825 8422
3455 2296
7140 9568
61 3666
6048 977
4236 9435
1534 181
4035 9
5028 4286
3130 5812
1274 1530
6880 8952
4171 3811
7862 5208
2662 9588
1934 8132
1390 5515
8193 6665
5433 9048
7466 8124
2566 8744
737 9812
3454 652
2497 517
2411 5441
5112 1926
9601 3819
2295 9925
7035 218
7042 8052
2622 7449
1772 9228
8141 5409
5184 7525
3909 4359
805 6703
533 9124
746 9506
1014 3835
3140 4769
9385 8364
2702 3631
5730 5102
1221 8069
2336 5541
8724 4463
4149 502
1202 6524
3473 9673
6774 8121
7190 6867
4813 3947
756 287
8529 7741
5658 9381
2989 8019
8995 5042
3138 8398
9039 3153
6954 1415
4720 8603
7891 2911
3182 1262
3715 7247
2102 4821
3491 7866
2951 3553
5375 983
4880 9891
1113 4990
4954 2381
5528 7083
7862 6645
4512 2432
908 7330
2307 8097
3834 7320
9238 7267
6647 7774
6184 8309
705 7743
7674 6454
1633 7762
1893 244
7818 815
5281 7956
3706 6716
3395 188
7909 2165
1360 5779
1624 6054
1885 7141
3609 9425
2696 9226
8088 7756
1489 2064
4827 8069
3531 3364
4604 821
4472 8259
683 9319
6784 8965
3446 8491
177 2366
6144 8348
6972 5071
9577 7909
2934 6757
691 9268
5951 7163
2931 3481
5778 1493
3740 9877
9394 3223
6388 846
9978 7533
2099 5403
2180 7472
6831 3011
3374 2595
3566 6579
2453 9943
7876 406
7197 853
4842 3214
6516 2599
9101 3482
8195 8515
6921 24
952 7624
100 7911
1623 9122
242 694
8925 3503
1617 7074
4373 6774
892 5623
2287 6249
5654 2329
809 9637
5327 3264
5553 1114
8224 9090
5117 156
340 7370
6430 2150
6707 738
2881 6755
4055 5683
555 7035
2514 4594
3675 5569
5362 6632
1781 640
6435 6551
6053 5555
4204 6327
9954 3662
365 7139
6903 1957
240 8209
5299 681
9983 5513
7967 9415
6433 4820
2170 7956
4245 1269
538 9318
2336 6685
8153 5242
3620 8127
7164 3187
8124 8989
1684 9886
4445 6892
3728 6995
7126 3569
5350 4411
4343 1795
5126 456
7809 7778
8558 6059
5112 6336
518 6563
3804 6343
8385 8221
2253 8102
4801 534
1955 4244
1190 1381
929 6682
2800 1001
4720 8026
6778 213
1790 1138
2367 643
6787 7006
284 2469
6639 463
3748 9318
2065 7084
9884 5148
50 7644
3046 1169
292 4953
9836 6639
3180 9004
8913 6646
1835 7720
145 5846
3108 7398
7999 9600
1495 5009
9447 707
581 2203
4245 3079
3418 7978
1737 6766
2531 6218
8790 8009
5192 6803
2387 7912
4950 2849
3227 6488
4823 6866
3296 9300
1478 8568
3177 8693
4240 1261
3533 8328
1574 7898
2538 8319
9523 2517
2471 7484
2259 1167
8730 1807
7476 8777
3155 1871
1900 322
7604 5009
1472 7343
5957 8619
6035 7901
1648 8988
2249 6626
6806 608
8185 2538
3709 7003
6442 1067
4650 1946
7372 8149
3040 358
2445 2772
2407 1586
2862 818
1728 9389
4442 7933
6724 2488
2573 9212
2334 8283
1640 9016
2194 6820
1743 8205
5013 4096
3599 348
2751 7677
2490 9094
3353 552
1270 1624
8818 9634
5727 8125
3050 4953
1946 1340
889 6124
2712 2572
3987 173
3724 1529
2209 7730
5215 4594
4396 8841
8572 5966
5843 8345
3822 5051
2439 5330
5767 9366
6735 781
4054 8839
1571 9446
3463 1573
6091 1860
7430 6270
7342 1328
252 5023
6255 1721
3159 8508
1906 1559
4439 7347
4452 8467
8984 1336
8588 9976
5097 1434
4516 7319
5251 2822
7385 9291
2970 5459
3025 8046
9444 4731
4533 8320
3273 8404
6538 7963
3403 9246
759 6400
4885 9931
7029 4268
3114 4286
5465 9203
5419 1588
878 838
9450 4738
3219 9830
2998 7656
4840 3647
4946 83
1721 606
2166 8177
687 71
5851 9122
9701 5021
5172 6033
3048 1353
3391 1436
2684 4832
5752 4124
2464 637
4351 2381
962 931
1962 1055
4615 6521
2369 7471
8468 3401
2072 7849
1509 7345
1766 9738
3582 6009
3143 6703
6054 4480
6675 8174
3819 7889
7965 403
4608 9797
4198 328
2828 9418
8631 9636
9174 6546
6235 723
6563 6428
3692 6091
1752 5009
6414 7388
641 8590
9883 4471
4261 7065
8959 3341
4268 9185
9424 5772
2654 7599
4727 403
5252 1191
9930 9436
1418 7482
4124 9796
9278 3988
2889 6288
2684 2621
7905 9811
5716 2085
4337 4454
8847 7840
3638 7296
5455 8060
9742 8009
4700 6739
1741 8922
8620 1391
5809 7762
3204 5890
6148 9186
5743 3130
9389 3958
149 6537
9968 8110
7749 8367
8985 9396
6920 3799
2630 4995
5443 9281
7939 2844
1281 3024
4970 8689
1332 7447
5254 2697
6349 8794
4427 3822
4472 428
6656 8048
4851 8341
2756 3
5031 8537
3406 1280
2763 8502
6818 4443
2390 6590
262 6944
4259 6965
2437 5628
3807 3201
6200 4250
1223 4925
6369 5776
378 4037
3801 1818
952 7418
7487 4943
2524 1413
355 1677
2031 4680
2200 1856
3896 2321
3861 9444
1223 8564
1656 1621
1401 5205
6011 554
5892 6223
3725 9538
7438 742
2914 8941
1237 8727
6444 2117
4752 8605
2038 667
4372 4519
5102 343
7821 9290
4057 315
2700 457
7042 2053
2012 6783
6058 1663
3184 3041
2723 2692
9549 7581
1524 6965
3905 3848
4193 7442
2471 7324
3424 1418
8030 1821
5435 6248
8302 5645
7042 1918
6488 1908
6180 9111
772 8120
5467 5819
2121 4349
6201 2916
4943 9834
5242 9227
2933 691
3385 2905
4693 9570
8093 3701
6606 9475
5225 9412
4226 5098
2598 9225
4908 2157
7838 9091
1688 8082
8288 1554
8755 2090
7999 4816
3255 8155
4017 7575
5788 2481
2261 7315
6669 4027
8053 6126
5708 8599
4524 5932
4010 1519
3043 7854
8653 1441
3560 9959
2100 6571
2050 1130
1503 3054
9196 7556
2322 9820
5078 8706
1509 7069
7161 1129
151 8805
4915 615
3576 7688
8669 8057
3282 5539
371 5547
4221 2907
1139 9211
8719 4113
7729 4457
692 6038
6693 75
2548 2291
8323 4805
7181 158
6006 1085
8649 2831
6115 1239
198 5722
1720 6489
866 7084
3653 7684
3995 7802
6734 2089
1571 2308
4396 647
590 9135
1731 7401
1143 9037
4507 1399
1279 4769
2307 1419
8814 8834
6618 9480
7945 9297
7102 9413
4152 8926
1178 2755
835 7776
3779 2194
2255 1503
3807 8937
4672 605
4058 2768
7065 7661
8988 3064
9085 3015
3725 1921
1746 6339
3823 8225
1354 5320
1679 7341
6104 9618
3411 9220
4877 9897
6702 137
5565 700
7100 4091
4504 6088
1498 7167
9651 4024
735 2068
9783 42
