2763 6640
7955 3586
2319 9354
1096 469
2867 5287
6740 2082
3005 3540
2306 7038
158 2657
5244 8225
7900 6279
689 4508
8218 289
2265 1444
2384 5822
9199 1028
7605 5297
5125 9674
9165 7689
3940 4348
4798 1588
2999 6629
1352 9812
405 1487
734 7831
3073 8155
3697 1835
9192 2831
6008 3745
9869 4650
3935 562
6948 3302
914 2294
2254 6758
2317 5386
8234 9552
8289 8921
2874 6862
6065 7415
3338 9468
1260 6970
7680 8715
8350 1370
4397 8842
3817 1464
1752 8582
2316 9051
3910 9648
4329 3472
4716 1001
925 9627
3551 3946
7816 9667
3456 676
2143 101
4311 3176
3910 379
2397 1842
4 4665
1056 2755
4966 7537
7268 9142
5411 1261
7838 3266
1011 2195
949 9920
5897 5612
3445 9343
3332 1171
8277 4247
3730 8243
4131 9252
5496 8980
2928 6191
7929 9409
1689 3817
3754 1574
4967 1369
3681 9537
5811 5428
1610 5757
623 5990
4853 1631
5490 8509
0 9929
6850 7856
5492 1883
1398 6261
1844 8077
7572 3905
1066 1748
5471 2754
5284 2491
9583 9913
5055 1356
9421 8777
927 9421
2952 6013
7416 5756
1584 2204
8452 2419
5927 8869
4065 8628
5758 9851
9227 6467
72 6920
6840 4922
1557 130
5513 8461
7877 52
1663 2344
1575 44
5093 9982
6865 5500
4381 6088
6578 1138
2384 1503
5386 710
9816 3987
4667 6603
574 6367
6370 9569
5047 1500
1736 5101
4694 2383
2659 6662
4912 7462
66 6342
1399 4769
8540 5887
3296 8903
4746 5691
3822 1532
7986 2969
4709 2273
2494 8153
3425 1115
4731 4683
3532 9463
3782 7759
3365 1967
8856 4960
3550 2516
6254 8356
5335 2982
8190 2884
6621 3036
4347 3107
1693 794
5325 2380
694 5739
4379 21
1559 8033
443 3561
3598 6784
2257 9238
1263 7653
5684 2587
2734 6023
6290 4593
3301 5594
8173 8457
4486 9299
615 1519
6482 8079
8655 1299
3260 8222
5361 2091
50 8181
8931 9941
9495 3100
1478 4145
2882 8374
3908 804
5410 9113
1908 4394
7182 3081
617 7919
1238 4154
2416 6908
7629 6519
5744 516
3314 6975
6760 2305
8251 3384
623 1653
9296 7860
9944 4917
3784 1128
4964 1829
8392 6141
9582 1392
5997 3689
4200 9328
555 728
3412 838
613 5526
958 7012
5044 5739
4068 7488
6302 9267
9380 8780
3068 957
4619 9168
2878 7630
3029 7790
4764 9397
8034 8266
2493 7240
7999 989
7817 1992
2444 702
4146 2559
9842 6339
4527 9826
7915 2158
4580 4081
1716 805
7281 3836
5337 8877
9956 3301
6593 2276
2189 4780
6241 3276
5678 1460
1951 6556
2990 8060
2991 291
5734 1886
9606 7648
2292 8939
2006 2974
273 6630
5670 1483
9671 7881
2562 9437
2026 6583
1315 1000
9873 8653
6267 3935
1539 6486
7417 7036
4425 9661
8316 4420
3583 8034
8160 902
3257 959
3652 9216
1601 9844
2236 9272
9040 4240
1589 6581
4546 2250
3073 7721
6878 2386
357 1650
8646 3019
9816 9067
9296 886
1639 4214
3080 9822
6929 8358
6382 4851
4297 7827
7258 7649
4744 6161
3567 5986
770 256
6773 8236
3106 7336
1685 9034
2322 9335
3697 2825
9001 9775
3704 2721
6477 4796
3766 9835
923 8199
740 1554
2261 7360
9890 8979
3147 6806
5287 9572
2847 1190
3842 1626
3973 7442
9303 5512
6455 1933
8618 8527
3923 2764
2893 8405
8535 7348
5195 8689
4136 6511
9947 6355
946 5972
7 8177
1288 8552
2512 7490
4560 7122
4432 511
4182 4955
7772 1202
8979 5640
2560 1654
4026 2331
6084 2883
3067 7083
3235 8873
9792 4360
3799 8448
2162 1226
9367 3668
6555 7999
1634 1982
5465 3966
5847 4395
6051 1830
1456 2897
6444 6609
3525 1420
8674 3719
5130 9336
9523 9684
5154 5730
6710 330
2993 4128
7390 4110
7275 7189
2000 5617
4160 6616
815 7186
211 1397
9182 1034
3127 183
2303 4086
3727 1490
98 2441
1589 9707
9846 2075
8179 7186
6141 6701
1086 5965
4978 558
5124 8498
1263 9542
7216 650
4208 6000
4818 3040
4104 2236
4049 5320
627 292
3287 284
6885 9199
662 5237
6982 2069
3058 195
2218 6244
7292 2640
2259 9888
9949 6809
6639 1824
853 5460
4590 1339
1132 9589
1510 9037
1654 518
7877 9965
5048 9783
5021 9244
1671 3478
1507 6924
1946 9693
2215 8142
3353 5845
5881 4360
4293 8709
4043 8516
492 1918
9854 9802
4399 7140
536 3812
1420 1946
8949 6834
3937 2774
5524 7762
4027 9065
6912 7635
4113 1935
9849 9058
3857 1591
6441 6054
7126 7149
9864 7079
2612 7167
150 97
5264 7960
513 2898
1206 9012
1019 6553
4821 9358
1412 2692
3079 7941
3423 3083
5887 9665
9727 6673
3256 6698
5681 6936
2816 913
4743 7974
4166 7822
5350 7856
326 57
4427 9849
4258 8579
7832 95
2149 873
4124 2083
2993 1485
1045 2754
6911 1222
200 8059
1620 6643
7278 9902
5768 8544
22 9611
2825 5311
7807 4653
4549 6512
2655 4918
5165 1268
467 7127
5110 9883
9317 4052
8932 9714
3573 7187
9873 6139
5020 9837
5656 2170
7763 2862
8868 3807
1214 743
4599 8193
4601 426
9410 87
9595 2613
3737 9626
7897 6892
6425 7474
3949 5991
4468 6974
6245 8846
8406 780
6624 9907
2046 1121
4236 9211
4020 956
4639 2353
3052 2469
4972 8313
4936 5120
3516 5215
2716 2910
5624 9142
7708 9365
4939 8145
1252 3600
4931 4376
2444 8894
2537 3173
1915 7876
4717 8626
4534 5890
5695 8802
1499 2156
8627 4814
4745 7632
9172 4586
4526 9251
4075 8323
7024 8705
6918 5816
6242 816
1364 1055
3844 186
4568 9760
5317 1149
2406 9645
5767 7631
1128 1202
5155 1227
9126 6312
2078 4110
6203 604
254 1748
2421 6417
351 7697
1350 6489
4216 4789
4843 9744
7964 1720
3649 9346
3524 5977
1409 6840
8214 2905
9194 2776
2453 4499
6308 4427
5026 8526
1868 7781
6796 8055
4034 8946
2624 5540
7246 3682
536 5612
371 2534
4293 804
4914 1011
3472 4236
5478 2374
1530 9466
3847 6733
8354 9089
8895 7189
4340 7169
8218 3414
5765 8739
5715 3625
7726 6079
2287 8618
6413 7490
7583 4233
7579 974
2898 568
8211 2224
4602 628
8985 6862
1543 1048
5433 6792
6848 2054
72 1824
576 7392
1267 79
3249 2735
1359 3936
4817 4991
3817 9590
9615 7114
2752 9504
2215 1553
9089 8505
9102 1870
3108 373
2122 5572
3461 7996
9478 3460
399 9412
5125 515
2806 2421
2566 7000
105 5039
5712 7411
3062 2090
6077 6331
4956 6094
9990 8604
1129 8061
808 4857
6191 1096
4009 1012
6261 1996
4998 7515
1984 1549
900 7609
4062 102
4109 5138
2627 2567
1430 8183
1311 257
4280 181
1501 7807
4184 1287
2862 1121
6583 6580
9289 8516
1991 7442
7869 8382
5188 9737
6094 9668
6126 2329
3276 9913
3084 1588
1825 8062
3907 1750
6117 3510
4169 4550
4992 2479
4088 9428
2382 2344
6580 6556
1046 2042
6867 9102
4210 8389
8467 6323
2800 9004
6714 1788
2337 8874
2072 4491
1843 9107
4665 5751
1897 6207
8055 4011
1208 7046
6146 1196
1742 1760
8796 9387
3522 1544
1012 7656
2025 3122
6668 1439
6517 2182
4328 8856
3716 3661
975 782
5267 9867
1836 6898
432 6681
2861 2994
7316 4894
6683 9649
848 9494
6756 2967
3152 7496
3168 7324
8931 6426
9215 9074
4302 4809
5735 1764
2530 8910
1565 8762
7986 3385
6505 6539
7861 4028
1603 8218
5968 6945
5157 341
3903 2305
4184 8969
6247 9627
6091 9648
1617 5919
1915 3129
3404 8503
1571 4249
9946 3681
3509 8677
7997 3283
2168 6329
1098 6882
4163 6276
5821 8197
8497 460
3577 2670
9303 8526
3260 8723
4234 158
9188 475
2357 5688
202 90
2911 7532
4351 8965
6200 7973
1664 8699
4864 2823
762 7862
1943 6084
7665 3577
1490 217
1317 9414
7173 9122
166 5213
4260 8819
6327 4245
2974 8499
3802 3138
1902 5256
4808 9581
2216 5779
3541 8076
4357 6923
8225 5360
9297 4798
3480 6906
9323 6922
4197 1327
9091 547
7250 7648
3758 9767
9157 5169
3010 6081
1180 5774
1086 901
9495 7123
4156 5975
6480 7339
4618 7992
2319 961
5965 2216
1544 5898
8752 3570
2488 7591
3933 728
2821 8127
2703 9712
2573 981
4671 7091
6606 1849
2796 7554
1102 8447
9739 8962
7007 1366
4242 7844
4651 9849
4777 302
3959 8477
4803 1761
1410 3724
1788 1711
3962 4290
4433 9406
2922 185
23 4359
2162 308
7839 1860
4616 3749
3037 9440
4033 396
7730 9937
9814 7420
4345 8786
3140 6689
9785 6072
1302 5475
2294 8996
9112 1733
1192 2216
8927 2761
2350 2350
4702 7321
3895 440
5752 8986
8631 5081
1896 3995
7925 5611
3831 8430
1035 7193
4067 3054
6447 7669
3677 2194
2580 9484
5269 723
7618 4776
6227 603
5697 10
637 111
4411 2418
1942 2430
8532 3009
4411 2845
8373 5487
4857 3048
2730 2198
5704 162
6360 2691
3347 6376
7554 6881
4610 5382
9025 3036
3628 5590
1740 8567
1290 5725
3860 8029
6539 1219
969 9849
1366 6794
1297 4699
5368 6655
2244 5625
4898 9357
2504 8581
546 4153
5216 2033
3809 6546
5362 3835
3528 8006
4537 3056
7291 6637
302 1168
7431 2321
424 9932
628 1189
9932 3717
6972 5041
3625 8033
3357 7724
5114 3342
6240 149
2681 5464
2895 5307
7162 2169
3610 1735
6308 1354
2598 8593
9379 1811
5220 4281
2395 420
7706 2152
3832 8874
19 9348
3480 1661
7012 6943
3234 9324
8654 1024
5934 8962
769 9297
2283 1612
3082 5520
550 7016
6247 6322
8021 6450
9204 2080
4724 8628
8756 4037
7498 4957
9779 7662
5836 7761
8615 5001
8260 8965
6045 1995
2696 9932
1770 8055
6591 222
5604 968
5003 7918
4121 894
9787 6848
1804 2553
4259 190
8047 8857
7692 9136
7001 5328
1502 6263
924 3833
4035 7862
7740 5896
4071 8459
405 3610
5387 6735
8207 9321
5929 8775
6023 807
4535 1787
1215 2014
7029 9038
2781 6741
5598 26
2120 1891
3375 6558
1816 842
6616 6681
680 3176
9830 7861
5602 7580
1260 7543
5780 9164
7823 8684
9821 731
4317 8254
5250 9334
7977 1670
1671 9487
8349 230
3262 2440
9684 4396
1176 1551
8464 4000
5465 777
3992 4689
5055 7447
6084 148
1084 1148
5387 2426
9945 5968
6970 488
4223 1821
1600 6165
6717 1601
7865 8128
7740 2773
1806 3780
9171 7532
2013 821
2857 7751
4790 3613
6871 1012
5474 453
4684 1240
7402 9050
3004 7275
2706 6059
5276 6237
2402 6532
5132 8435
4625 8091
6295 8418
5766 5612
2713 8407
4700 2254
4371 367
323 3818
7169 5266
7764 5475
5004 4987
7747 2143
1630 8114
7548 2809
2644 7099
3362 8053
2690 9052
4643 8001
7824 269
9445 1485
4533 9706
2831 954
3204 9919
3648 8257
7567 2715
8041 7958
1630 3558
7050 6262
2393 8285
3553 139
9102 7683
797 5036
59 1907
6625 2946
6241 4659
4502 953
2478 4954
6492 1361
3542 9007
2773 7877
5579 3386
7741 7284
2773 7886
644 6370
2129 2042
5772 7563
9912 4384
210 98
3929 520
4029 9247
1071 2004
3800 9424
9636 6426
4393 9780
4079 7527
6331 5995
9907 6749
3163 5834
3671 7571
6482 120
789 8280
4484 8088
8410 6606
738 3884
2984 7961
2250 6901
561 8946
546 2807
6459 8907
1434 6396
6173 2295
2812 108
4095 6689
9199 8608
134 6133
5434 7563
4050 6556
105 724
3350 466
1668 3957
5512 2415
2011 733
5984 406
4474 5562
4391 7770
611 5770
4132 8184
5535 9955
