2331 9499
1283 39
2738 5155
5540 9014
4733 9879
4626 3993
2817 6122
2579 2785
4151 5924
1104 9607
8863 6964
9768 5786
6037 1863
9004 8657
3959 1311
7566 2736
380 393
2863 8816
4343 1026
3637 1794
9014 6742
3556 8523
6189 1835
3840 9841
9220 5288
3733 837
4403 9033
2139 4184
4951 1174
6519 9465
1933 9467
1392 4533
4827 6090
3243 7236
2432 7573
231 6447
1804 6293
3075 7670
7374 36
5292 2635
5118 1952
2910 5742
7696 4117
9217 3171
7764 6466
485 7468
2094 380
4746 9008
4 8592
6798 3915
5107 3138
9848 1194
87 9938
5671 4748
9888 5944
4798 2648
1798 2947
4948 3886
5021 9203
935 9519
9463 59
4433 7730
1571 8408
4867 7833
7022 7015
593 4315
3115 3937
1506 7412
680 9405
6657 9272
2911 7185
4386 5439
4738 6156
8209 7221
4720 5940
6769 2926
5626 7759
2401 4548
4218 5739
3058 1434
8272 772
8269 6207
5913 8841
5069 9657
4365 635
1515 1831
168 5455
2732 3008
3905 678
7362 7479
4339 8765
5109 9055
4435 9367
7159 9365
886 9347
1783 5047
4936 4136
172 6099
3414 171
6677 84
1887 9
4974 483
6690 7104
2538 7298
8813 8301
996 1527
3025 484
997 8433
9919 8635
6069 1643
2319 4370
1860 7886
3934 1082
4476 7561
8474 9585
2502 7884
639 7251
5303 6683
3661 5780
4345 972
6464 4271
5598 184
6337 3147
5186 1924
7251 449
8671 5449
5952 9163
3240 9179
5040 5006
67 7857
5323 519
9479 6135
6162 7441
3176 1924
1147 9392
5665 4429
2317 375
3097 8959
9632 3604
7755 760
4512 9334
958 6514
6611 2852
5868 8540
6865 544
3983 5781
1587 1954
8527 3320
7100 2494
730 5451
4374 9238
2739 1946
8687 2634
5594 8035
4605 122
5885 999
737 224
645 6813
5724 9969
4218 3078
1946 867
7950 9342
5315 236
2786 346
9941 5801
878 5285
5484 1487
5430 2032
7045 6612
2195 6019
7932 28
3689 4692
338 362
5677 5445
7335 5380
9957 6163
5901 473
4048 4234
3800 2183
3365 1459
8402 6744
2886 8264
7129 3847
1573 7698
4490 1824
947 8148
8127 5084
3228 9294
6238 9417
6132 9408
6968 1934
670 9578
4213 2446
1665 7143
6015 1769
9753 1786
4768 251
6845 5759
3911 6430
4411 7561
383 6906
6609 1619
5856 7361
1543 2027
4932 1927
5331 7018
1640 9971
1472 7992
6175 6449
2562 2500
3021 8438
882 9856
2182 8951
1209 8045
8356 9332
1670 8111
4095 7306
1357 8316
414 9248
1934 93
4887 1384
8319 3937
5807 3047
8972 3184
2782 818
3040 863
8998 4225
6394 7539
4325 2282
1148 8178
7518 4287
1323 8268
3457 337
4384 858
7775 691
6647 2782
5093 1327
9529 2320
3344 7617
1558 9748
429 8994
5457 7876
4331 5596
4040 7500
2359 7173
6129 3439
742 7486
4465 2023
8229 6797
1861 1801
3232 8495
6946 7215
3600 3140
6626 8842
9290 9878
7197 4591
1977 1823
404 8766
2195 9630
7571 3944
7556 2058
1281 9048
3013 72
5395 9999
6349 8411
6396 279
1014 985
705 9782
7117 9451
4833 3461
723 9180
6535 5843
9627 1142
2611 1327
4177 1704
4848 1253
1261 471
9620 6216
8513 9422
6053 7905
3218 1883
5356 8215
4608 1649
1388 2479
8053 370
599 3231
3652 1339
6824 1134
3830 43
3178 5212
9840 2832
1370 5994
4270 714
5520 9751
2099 8754
2331 1830
9419 9874
1200 8551
5349 4685
3393 9486
2234 9900
393 4834
1196 9511
7876 3101
468 398
4094 1985
5991 9750
5938 2047
2878 1410
4682 6921
3722 1268
6771 9474
6354 8786
7712 5073
3126 5075
640 918
1963 8704
8531 417
327 8918
1529 8610
1496 6599
3871 9497
6579 2070
3945 1560
1871 2470
8340 3833
5621 7089
7315 2242
7395 1457
2518 9398
7186 8126
3296 1388
4434 6321
6326 196
5562 9474
6200 5313
7690 6585
7984 9683
8582 4305
2428 2679
6870 3981
2466 576
8684 6369
1876 8856
5220 203
8080 1919
3556 1905
3547 6375
6789 227
171 5813
8969 8222
2638 1945
3559 3060
7359 9468
1950 6959
38 2260
9984 6241
2011 9678
9785 946
517 6068
7170 9565
8016 1143
267 8108
7377 7432
3044 2269
1382 5967
630 7522
1743 7001
4140 7913
9221 6093
6446 741
2309 1500
4527 393
739 6364
2976 166
2749 1506
9991 9519
1458 300
6898 9398
4312 8699
6690 3609
6187 508
1989 7169
9317 7714
2092 7667
3364 5989
2192 206
5297 9170
7912 2357
5074 2862
9571 567
2040 4776
649 9206
316 9155
1624 5472
6714 5232
6649 2780
3349 2446
297 5633
6642 3406
5268 359
5709 9892
7674 3324
1830 8029
7698 2131
4069 3836
2450 9729
9641 9118
3995 9894
6899 4514
855 6305
9048 9525
3360 4526
5472 9408
5076 8941
3786 7187
3993 2394
1294 6352
3456 8691
8365 1246
6423 9109
4530 640
575 8093
3568 4740
3307 8995
2886 8355
1375 8173
2261 151
1836 6253
3544 447
7415 1662
6434 9523
180 8094
5842 1017
2589 1423
894 8251
7168 3758
7647 8302
4565 7275
2683 365
2924 3371
4911 373
8568 7855
462 5933
2922 9961
9843 7778
2350 8325
9768 8031
1029 2791
3486 1390
4637 7388
3351 9558
1337 1366
9424 6491
2429 234
5001 8515
4928 1310
2194 8333
6430 512
3740 4680
3358 6839
3080 9091
55 5074
4477 9278
1890 3986
1517 6931
9932 6579
5361 4733
1776 617
373 6790
724 5416
3228 2528
3032 2891
7371 4598
4592 704
4505 7399
731 8210
3978 7873
3714 3980
299 9995
3977 9485
5583 352
3523 1816
5361 3933
8319 7164
4103 7077
4012 1724
3027 7507
5034 8651
5839 933
9375 367
2166 1985
2477 3028
6379 1481
3617 813
2120 9017
3428 9028
7857 3700
8362 8293
1881 7441
1857 3557
8556 8015
4825 1450
5794 7746
2549 9059
8524 5838
1419 7770
5999 9683
3812 2076
4005 5598
1700 6090
9066 1557
1641 7999
8493 7028
1992 2573
7340 5508
5975 8944
8578 8164
7095 4694
2584 7817
6380 1521
2116 6400
4962 1567
3468 9706
3947 8905
9327 8507
6358 1502
1055 9353
5665 7582
3747 7818
3999 9351
2677 9222
28 5694
5854 9840
191 7805
2528 9907
5856 2850
6630 4459
4463 9095
7083 6647
483 761
9531 9590
6912 4312
156 8350
5540 9649
3200 631
4628 9656
9336 4921
5259 7820
2180 6978
2490 184
4786 3543
5174 2785
1828 6508
3279 8746
6803 6467
3714 9092
5728 827
987 379
3769 4180
1821 8037
5188 962
2715 5928
6121 9160
6877 247
7892 7175
4877 63
7719 3064
4601 8619
8561 4966
2052 9528
4394 1864
1560 9829
1183 1769
8209 5161
9016 5199
338 9131
5590 6738
2095 9764
7194 5579
1584 9121
9751 1385
3140 7486
9998 5692
6160 2308
7340 129
2595 861
5230 8655
6893 9788
3179 5509
1259 9864
1385 1211
3393 7833
800 2516
5137 2484
1486 2593
7966 6845
8867 1328
5329 9317
6792 5382
2072 6863
5261 3422
1776 9592
9816 8945
6146 9557
1497 9759
4227 1853
8005 9015
906 7634
3628 1045
2524 7356
363 9857
2160 4855
1770 4032
2081 8107
5485 3660
4641 3951
3868 4391
3012 3247
7441 3069
6475 4893
4365 2088
4608 9552
5431 8573
3263 1306
9957 2351
846 9681
3150 1914
8471 2946
7570 5016
698 1579
7766 4424
5210 7787
1148 1379
1973 5150
1074 8394
8458 7293
1963 118
5975 1183
3078 8356
2808 7928
6920 7131
5512 775
2024 3413
1742 9860
4324 231
9666 5725
7568 2229
2934 8180
9929 842
4773 9597
117 8619
2871 3941
1589 1633
5564 2798
2487 9675
7877 5962
2320 9845
803 7634
6424 6783
4115 4007
7525 5242
7827 3728
1122 715
9296 8361
2929 4803
3134 7963
7051 5093
1901 9065
3819 7657
3724 7258
229 8149
5338 4795
5318 1201
8362 6134
2714 7395
6584 4813
6707 7117
8961 6341
5918 8781
5158 35
5793 4948
7793 5187
4404 4640
3124 7406
3050 357
2291 5738
9845 7254
5983 2332
761 8423
411 5421
4772 8715
777 9716
1931 7646
2161 2339
4773 305
7337 8573
2984 1607
618 1842
6419 8268
8663 7113
4775 9134
3372 2079
1656 9540
5060 8220
8238 2805
6353 2809
2200 3224
9935 9767
2732 7645
850 9412
5249 6057
3078 3233
3171 9938
2849 2568
7143 3459
5518 4604
2023 4979
313 3960
3908 2113
761 5520
7096 8878
3175 9172
8802 4051
2398 5926
9261 8537
7872 4535
5912 1409
9365 1028
5032 9838
2271 4699
1179 2524
5687 9940
2351 7926
7994 3221
4367 695
2070 9404
6704 3691
2856 3888
6415 1212
7999 2253
2660 9355
4432 7478
4910 9601
9475 6507
8476 2434
6975 9118
3494 9428
7123 1545
5104 7727
5464 4772
4383 4571
7107 652
6680 2534
2068 9052
4825 9651
3210 5962
3764 7302
6037 2684
6730 8798
7872 5559
4278 9082
3209 9807
4505 3657
9967 7499
430 666
5504 6507
2038 6451
5420 7587
5987 8708
9160 5313
8077 9231
9507 5546
5386 8775
7476 3501
8409 4618
3516 4469
4404 5825
9829 749
561 7183
3928 621
5357 9462
4297 9482
5943 5925
6218 4067
3169 3040
3581 8488
68 1508
2660 8047
2896 9050
4196 9277
526 4705
9344 5533
7302 468
2388 9165
2849 8309
9021 22
1203 9535
4261 1952
4635 3838
3650 7824
8850 536
5541 135
4409 3028
1656 3473
5666 8379
1888 1919
9430 1633
2056 2113
6996 7725
1103 3953
50 6712
4599 9940
8590 6620
5867 421
9734 7255
5438 7715
1208 3053
6314 2300
5546 8746
2114 6660
4967 6400
9083 5088
7419 9005
1946 395
4537 845
5847 8036
5877 6868
3790 4303
1131 4047
1652 4118
652 9153
2037 6687
5863 1246
5545 7334
339 919
2669 228
8856 5966
2932 9507
6698 4253
3175 8056
3651 8165
1063 74
4975 1430
6301 9959
2859 1053
3492 3818
1700 3929
1575 8346
3915 9541
4704 2791
6300 7617
4010 882
3129 2463
2216 5471
8112 5642
8162 4578
7814 1137
5770 1386
4782 7936
4854 4559
493 973
3582 77
378 4787
1999 8367
8852 4908
4414 8708
4531 5092
7982 7383
2957 7600
8851 2319
5876 9491
2954 5877
708 4033
19 1992
4097 9922
4682 9681
7067 6674
4487 4258
6021 1772
2999 6797
7403 491
3076 5421
3941 1717
2224 1040
1911 1712
1153 6253
9220 9486
734 918
5744 5664
3273 8357
6949 7249
1410 1448
3464 8046
5673 9850
4385 8542
9527 4956
4883 258
7400 7270
3422 9477
1194 4987
1951 6906
5579 3018
1188 1380
2381 7771
4473 2086
655 886
2049 9293
4110 8422
4032 1440
5755 839
5113 1879
2760 9781
5081 8510
9238 7199
841 5851
3944 7096
4672 8738
1351 6349
36 7400
5948 2582
9542 1283
5577 7621
8466 9562
2464 7671
9554 6352
1991 7082
8525 5676
3592 8469
8516 4306
2687 1592
7634 4458
661 8400
8989 9212
6198 1152
650 5520
924 8612
4762 1568
886 9412
5008 6148
1498 5092
468 5480
6160 9775
4431 511
4419 9140
9168 5269
8721 4958
951 102
6546 9828
5639 2869
1426 9371
4516 60
3962 8928
4169 1166
1576 8165
5915 9198
840 8124
4346 6815
3264 7314
1318 9465
4803 1834
9699 7223
699 4221
7708 4375
3127 5624
2846 8732
6016 771
2564 9995
8916 6999
3597 7895
522 7810
3347 6957
445 7032
90 2554
338 3559
7680 1927
1890 1926
3022 7017
3043 8797
3311 2025
5841 757
3722 7895
6038 1033
4107 6672
4960 1017
4832 5536
2541 3037
359 5406
1344 1758
2731 7902
8177 545
4329 6236
4424 9753
2321 2643
3364 7796
5369 8620
7674 8564
1098 6419
1516 2871
2895 7744
