5250 9184
1218 8964
3047 7478
5793 2369
333 8934
9946 9746
8940 2067
5196 3718
5347 6004
3282 7488
8275 1964
4934 838
3105 8331
7875 3580
9034 8032
9933 2811
4470 8458
847 6122
1986 3426
1012 7650
3781 5096
6198 9382
3804 3777
7196 3291
1406 505
4131 8354
8067 2456
5052 9744
584 1080
7170 7696
51 8057
6195 4883
9146 1323
9745 6817
3911 9748
3559 8146
8625 6139
4982 389
2315 2069
816 1215
4669 8151
4071 9337
2581 9871
7430 3579
2430 5946
9636 8078
4224 9588
1339 5722
8320 533
4159 3726
1488 7480
5806 4051
2966 6990
3538 480
621 5033
3960 191
5912 8746
1128 9843
1951 3961
1988 8059
299 7224
3819 6277
8770 1767
5274 5722
9526 4810
9917 6263
8640 9821
9698 208
2418 7670
2955 7847
6639 992
3111 1846
7951 1611
4479 8138
2425 4002
51 4754
612 5990
6373 6480
5729 4581
5572 8035
7194 3218
3040 1822
3075 8833
4186 3046
5183 6143
4654 8902
7792 9031
7551 9633
3766 3372
4745 8760
6496 1702
4211 8817
4349 7210
5541 1915
34 9680
8952 6483
7590 9728
6411 8577
2805 3105
2574 8029
1514 5169
1710 9016
2501 7816
3067 1793
6466 1441
3260 2346
6494 9524
9087 6308
7547 1135
5371 3664
4182 9711
6210 3834
6062 8447
5457 9774
2451 6741
6174 9927
8405 9513
7362 1202
1445 8327
8466 2838
2108 1846
9707 9413
9851 8631
3375 8702
3932 245
5474 9957
3638 6034
4167 386
9369 4021
2077 290
3856 7852
2330 6981
92 2697
5105 9992
2796 6789
821 9222
3999 9478
8677 1346
2083 626
8306 3078
5227 7483
7624 6180
3331 8372
3615 3036
2484 9290
5008 107
3883 483
2156 686
5729 6912
3277 542
6719 9466
5332 9985
4950 7857
5350 7666
8331 8787
6208 7422
4842 8818
1683 210
9701 698
480 7491
929 803
2382 7310
1529 6159
7205 3608
4965 2738
7624 4333
4440 5476
7454 7049
4628 7006
8995 181
9379 8011
5687 8119
2469 9269
6310 2496
1489 8593
6975 616
4565 1092
4141 3406
2662 8617
4756 1544
4487 7179
2234 5961
6397 9410
2084 1196
7395 448
8575 8468
9567 7020
1288 3620
1133 9079
2564 6946
4537 5297
3863 9432
1323 5393
3130 8736
6554 9878
2013 2322
1636 3418
6178 987
7492 8468
5848 3336
9966 3327
3315 9581
6942 587
3408 86
7464 5251
2802 8251
5497 8591
4276 9597
5555 9508
477 7327
2932 898
3454 1123
6895 7202
7882 5373
2293 5777
4747 6567
2586 6658
931 4254
4653 4070
3780 5317
4463 1951
3349 530
9515 3603
4081 6068
4792 8960
5520 6490
4804 4724
1581 3105
7108 3230
2252 4692
5142 2248
6836 2295
1281 6447
3315 7316
5052 6412
2181 7777
9487 1820
1305 4827
1408 382
3540 780
4444 2858
561 5977
1523 8878
3056 7232
5617 5781
5699 5594
8160 2735
4685 962
5688 9386
9113 3793
8813 3541
4920 7528
7001 259
4109 8103
7233 2479
6400 5003
517 4106
7836 315
5209 9387
9102 9269
3291 8806
1387 6186
8321 7810
6218 2506
9556 6348
6185 9886
4525 2195
9766 3436
4960 2779
3437 247
7853 3876
5473 393
8162 2636
4981 834
3177 8173
5135 901
6139 510
5719 9421
9532 7546
6607 1002
1751 9356
3248 7159
3659 2016
4867 3728
988 1368
2190 9007
6845 9779
3636 8723
3813 1275
366 8780
3438 238
2912 4311
7274 3558
5980 1523
6739 7573
4887 4865
4484 8789
4182 8329
3398 2344
9221 9612
5 4069
5229 9953
558 7516
5737 8446
2667 8052
2487 6782
6852 4844
7333 2084
2511 3603
5234 7919
7874 4461
1387 30
9530 1443
1180 8767
4292 774
517 9326
9150 3037
6197 1480
6821 8666
5875 971
5461 9813
3242 676
7373 4560
2842 5163
3467 5462
3837 980
6601 117
5961 9223
7527 3324
4201 7529
7611 3970
282 8659
3901 8576
9915 9111
5315 1896
3950 893
9299 8650
8074 451
7216 1598
4081 958
3879 1089
7244 2056
1167 6163
1936 487
1229 8609
3939 1112
2834 9868
3678 281
1105 7020
7645 7629
5363 9120
2137 751
4734 8540
8538 9585
2491 7277
3870 905
1421 4861
8656 9150
9393 6572
1465 9016
3408 8306
3954 9782
6987 1734
7823 837
2659 8923
4010 8859
3473 3160
1883 9138
7109 9734
1266 7076
7919 6799
6801 8306
551 9044
2772 7835
2092 2078
4461 3309
5044 3490
2685 9335
2590 7687
3122 1379
1849 7769
6806 940
2300 9035
4816 77
4866 6750
956 8064
675 475
3144 9378
6626 4127
4319 9515
6563 6649
3007 867
2411 100
4111 9584
4931 2660
2893 2980
6147 5041
4065 986
998 8322
3115 4521
4763 8863
284 4876
3684 7283
451 5709
1647 774
7015 497
1522 7266
8035 352
7270 2584
8104 3313
8598 6198
2273 6667
8979 8379
1680 5228
5183 9580
3515 1687
5045 7889
9136 2593
1719 8710
4176 9673
9522 4880
1975 2647
3621 9051
6613 2853
3037 6501
3064 9106
364 2625
9268 524
4650 1864
2482 8332
86 1625
7988 8196
9655 9430
3387 2297
4197 207
8732 4440
85 6782
4227 7786
9333 5623
1925 8451
478 8025
1615 9686
9605 1463
9987 7386
3570 6637
4897 694
3871 716
738 3262
600 1711
2350 2574
2920 8459
5226 7703
5286 5192
6345 6686
7032 6997
2429 8892
7601 5204
9497 7634
5124 449
8826 3176
8352 1954
7081 2526
3333 9384
1958 850
2309 6468
2217 872
7115 4492
3935 7246
2292 5085
5091 8530
5377 7328
6532 1300
7201 641
6764 1305
5659 3865
8616 8415
2900 1697
68 6288
2717 9169
2110 3634
8111 3998
7782 641
6592 3175
9474 2942
4251 7357
2833 3858
2226 2134
2581 9501
5119 8475
5109 944
3318 2304
720 7409
6415 8997
2835 7449
9550 6729
2516 9520
1390 159
4909 7460
7740 3142
1474 9674
3824 1785
1907 4717
5107 382
1925 9699
1224 4404
8557 3886
2802 6872
3186 8713
2058 1359
600 4707
2202 8951
5772 1409
8322 5569
4096 7195
4434 6934
4356 1511
4942 579
655 4023
7812 3926
7749 4642
3191 6033
6384 2467
9299 5956
9581 2398
5623 1313
3289 1998
628 6867
6931 8634
8994 5329
2211 2369
772 8736
8009 3564
2291 3808
9082 3910
576 944
3861 5198
3041 840
5106 156
4858 292
4842 613
26 7481
21 9209
7406 7560
6527 1176
5974 6616
9815 8873
1921 8439
4152 4196
1460 5978
9199 3366
320 5322
2702 2170
4824 662
2354 7512
4919 24
3474 709
4646 6263
8349 2301
1627 996
3988 8914
8220 8990
9108 5755
3146 8491
5211 1382
637 9562
8510 1181
3423 7088
1143 9550
6037 3913
5858 3920
9279 1152
6594 1234
8725 4888
8062 4962
3750 923
8777 4279
5289 4037
5065 3008
5642 7697
4172 9292
7110 1226
3254 4362
217 4420
3650 7764
2313 654
1958 8828
4556 2838
4338 6700
8681 5897
9677 6777
2195 8246
1036 9703
4115 5459
2881 8988
3962 787
291 7343
8927 8936
8429 3973
8002 2328
4784 2939
4780 1428
7242 1655
9219 1654
2953 9367
507 4114
2993 1428
8808 7285
3846 7769
3628 2186
4925 9232
8179 3318
1875 5406
9002 1485
9919 1983
8162 3723
9521 5595
4053 4055
211 4484
6702 1921
2177 999
5011 1571
2104 786
3479 1205
3993 9126
6687 1941
8543 8820
5383 9930
6002 7845
3524 53
59 3416
3468 2345
7044 1815
9225 3112
4038 530
6941 9298
4506 6544
5998 6190
9784 6373
9229 8106
2025 623
1994 1938
635 6110
5185 9312
3345 3964
8597 4320
2238 2182
6618 2749
5919 2473
6683 9621
7009 5999
2661 8444
8217 2607
2919 5936
8232 4563
7297 1725
4441 5879
8480 6382
5711 494
4665 8989
5342 7412
125 2691
4253 9709
3066 7046
8745 2390
4288 291
3847 6061
327 4366
9179 2493
9185 9468
9672 5233
3990 6455
5385 1321
2729 6067
2267 8773
3035 7571
6050 2934
8469 7010
2389 1169
1963 8865
876 1463
8831 6590
3577 791
9847 6155
2930 8061
2450 4693
8050 3908
4223 9960
3238 2664
93 281
5184 1843
3252 9918
4517 9760
6242 251
6330 2686
6263 54
8166 5687
7935 6169
1659 8391
3319 132
840 6348
4383 6836
8747 5400
3909 8503
1908 837
4802 1136
4052 638
2933 343
8096 7016
6729 2031
9285 8211
3315 7435
5630 244
6489 2306
1075 728
10 6640
2888 5323
6872 9426
3652 8697
7476 4171
2346 6837
2778 7248
7337 1002
6451 491
4594 5262
6342 7238
4598 6217
3658 9033
5561 266
6547 9751
9035 3224
1281 5793
1164 4225
3260 9081
1589 1479
2986 1239
3983 2749
1733 7378
4689 8415
4814 6362
2453 8750
8777 1244
9512 7184
4945 4594
3854 398
982 9401
5142 7713
4551 7803
2407 7965
4634 3807
9353 1943
1911 5434
8742 2683
2392 3254
4181 7217
3272 554
9528 6261
1488 7066
2697 5952
4154 5241
2304 6942
4343 5693
8674 3088
984 7798
5775 3070
4933 8258
2711 2332
2869 969
4790 8197
541 7457
3913 5956
6642 6209
590 9564
7046 9914
6553 5057
1176 20
1900 7370
1163 8550
3341 2630
636 6571
8032 9636
3883 5942
2663 7819
4912 5687
2446 75
6412 9386
7897 3688
4324 431
5426 575
4939 5561
2093 6861
5155 746
1071 1898
2173 5578
4628 9729
9525 6480
2963 9755
3956 8424
1598 1253
4738 4524
9345 5875
9070 9063
1995 809
3222 9844
1434 9543
7625 4653
8661 9151
1321 2036
928 3691
9326 5861
725 7551
778 7279
4563 3207
3493 2628
3528 7839
2938 9029
1459 5551
1963 9133
5592 7904
9067 5637
3135 3176
7915 2374
1628 7562
2389 6361
4035 9839
3377 9363
1806 429
7732 690
1147 7118
2723 3982
9545 7589
8346 4821
9143 9415
5694 2209
3864 9221
684 1057
7020 4798
4222 5101
2504 4370
4764 1521
1170 3336
5380 8178
5281 1073
2965 5995
2013 3086
5500 9937
2348 824
5324 9940
8660 5111
6019 37
4743 15
1936 7570
4894 7494
3784 2678
827 5599
7033 2549
2784 3606
3662 7896
4158 9304
679 6994
4452 8955
2186 1018
1464 7858
5160 6152
5237 5371
391 2673
9694 6795
6095 9157
2602 8041
8768 6904
2935 9373
2357 7837
1166 3334
6169 5439
3976 9129
4799 2502
7237 5865
2905 9786
5778 1938
1283 2287
7351 3306
3799 29
5187 1708
5918 7776
5665 8651
5301 5238
9652 5342
5490 7249
742 9902
5431 747
2365 2202
8285 6221
1339 256
6351 353
2937 1479
8914 3045
2989 6621
4214 1085
5354 1750
1711 7950
5795 2219
2664 921
3491 699
4219 1410
5662 563
3095 9775
6136 135
8797 7829
7254 7970
1087 385
1876 725
9290 8265
2853 6696
1308 124
6127 7652
3106 884
992 8882
4090 478
6133 5746
1489 1475
7968 646
1620 256
1219 5245
2900 388
5368 8432
2357 1699
8981 56
1545 6736
7099 5746
2386 1744
37 5913
2760 512
5420 6264
8322 6763
1618 978
7332 9749
4704 3940
926 8573
1289 7731
397 5856
6403 1194
1142 3996
252 6413
1925 6575
2892 3785
5676 7757
9683 3887
5048 7142
2218 1891
3033 1289
9601 8144
2380 2298
7413 9032
531 6615
6428 8551
4576 3894
9856 2750
2937 4448
7829 855
3885 95
7304 2965
4926 318
1816 1209
2512 5989
5966 5106
3628 7627
6723 9664
9592 5300
3360 2452
8142 6297
4711 9317
689 4266
9690 5188
3607 770
3929 8378
8757 581
1211 7380
3491 3039
1609 4015
678 7160
8583 9831
5363 1267
6291 8932
448 8925
924 5071
4213 8658
6151 425
6950 8735
4996 9979
5500 3591
7848 4799
4920 7464
8896 1516
7410 2340
7240 1371
8935 3997
1100 7813
9697 8103
6329 9992
4634 5956
1044 7342
