7264 7982
2673 169
4708 9121
6137 126
953 9191
7331 4536
5546 454
3703 6215
7791 5024
4696 8100
3161 8254
4643 1202
4400 8614
8215 6681
3717 9762
1938 7075
6858 3278
5813 1310
9790 2417
2001 9309
4280 7642
1422 5590
840 4933
1144 1570
5758 8302
1725 8108
7367 9037
2651 9567
6918 9043
9083 9340
7220 3096
2489 8629
1520 6116
5894 4964
6838 2109
3412 238
6864 8016
4148 7625
902 5285
503 2808
1900 1189
2261 4011
2277 501
2404 9182
4768 1466
1846 9449
3617 5478
1281 4823
1302 9959
2144 5588
3893 6297
9680 8386
9305 2572
2840 453
2777 1736
5305 1670
7612 9370
9925 7579
4040 6325
3130 8010
4106 9150
739 2401
4484 5993
5800 6326
5542 9585
6117 9160
5487 4127
9906 4295
8766 2309
8954 294
4979 849
1185 3817
3010 9778
1151 6802
4611 7638
2527 343
7315 2205
5987 913
3438 919
6033 3909
5563 1507
710 7819
4373 2216
8862 2398
4767 9035
9770 7277
9554 7482
3206 8642
808 7487
8309 119
2125 6226
6447 9421
7794 3734
6173 9181
8513 9986
5789 9573
1387 3106
1381 8935
3955 1029
4071 7894
6168 2943
5819 1468
1941 8387
830 7767
8497 184
6095 7150
5783 8730
3701 3354
8019 8138
3715 131
2486 8684
5008 9111
2615 7257
8115 4310
3698 2958
6294 2282
481 6148
7129 9338
2633 5194
9495 3114
6054 8564
1348 8888
8309 276
3665 822
8467 3175
5891 7374
128 5252
4628 7950
4949 9354
1616 4794
8023 1230
5250 9681
2868 7586
9562 418
2835 2314
5326 7452
9037 4236
6907 9675
6786 2057
4143 1727
6935 2018
3196 1767
2886 2383
4242 9604
6966 8934
3090 7235
886 9728
5995 3540
2241 1687
4212 5398
6893 2304
3178 6975
5723 2919
1285 5965
2780 5208
8469 2057
9488 208
2748 2790
3940 3645
7407 2543
6454 7455
5324 2810
1413 9784
6164 8934
1016 9065
1682 5210
436 3642
8405 4781
1465 9562
7460 4611
2342 2794
598 8826
1406 8689
2842 5969
806 5176
3528 8261
2320 2357
1205 4089
3619 6164
4150 8433
1882 6839
2888 8080
5702 2599
1864 6525
2180 8241
3290 5607
24 5149
2670 1423
9147 9313
6955 2494
4588 6538
669 7421
3421 1062
2739 2215
4651 7250
6019 8816
5911 512
6084 6182
4919 7568
3170 6441
6566 7664
3059 7647
9346 8076
1474 8447
3463 677
3692 1440
3891 8303
5181 1566
1765 297
6640 7488
6336 9273
3460 797
5111 1349
7022 9448
2197 9443
3147 7903
3430 1430
7807 2993
3857 3718
41 8486
1856 7572
9408 9493
8228 3660
1657 5395
702 2063
5514 1720
61 1252
6678 3017
9852 2141
1128 8358
5902 404
4477 9735
2793 5699
2223 7383
1410 3488
3785 9318
541 7478
571 7339
9442 2172
2153 9530
7826 4058
379 7672
8475 3155
3774 1370
1293 6286
8588 3688
4782 3155
3466 1739
1752 3035
8302 1125
3636 9905
8277 7057
1347 6540
1211 8504
63 6276
4461 188
3969 251
3101 8834
4686 572
2174 8551
5168 7894
3033 795
4217 7830
5922 5244
2790 7746
4570 4134
4438 8552
5843 8697
4461 9102
3739 310
6620 1582
8905 6225
7991 9170
6872 2877
4865 4433
8631 2059
8271 6577
5736 1279
1228 1597
5029 8876
8101 7272
3916 9644
3453 2195
2616 9435
2373 9528
6064 8558
8298 4021
6198 397
1539 186
4408 8812
8516 5802
2597 9022
5976 9784
2217 8481
6054 2613
4089 1358
2783 1573
4301 2944
3844 5063
2035 9407
4649 7553
2337 678
5200 1919
2833 1430
3357 8090
1136 7511
9363 8658
8381 4140
6437 553
3243 4968
4307 381
1012 8756
1731 8205
2419 9783
4655 588
6521 9430
3126 5969
1230 5726
9952 278
5498 6488
4991 4186
7321 5435
2771 6415
1208 6223
3157 9358
3308 9518
4961 469
4241 9933
3319 124
7214 7038
2207 6202
7894 3737
5970 9928
5275 8392
43 7218
7917 1771
1973 4732
3172 199
3601 4397
3869 9581
1754 9249
1594 629
3356 8111
6562 9997
9595 8792
6955 3512
9575 4878
8580 579
2445 9004
570 7750
3262 6630
2773 9480
3843 2236
9448 4010
5474 1916
8353 5482
6441 9563
7188 6203
3671 2893
7796 1931
8546 6700
9937 2081
6256 6665
3070 318
5361 9623
1964 6848
7308 6790
7706 554
5135 9149
6793 3324
619 9188
5780 8798
580 8559
5572 110
6748 4997
3176 4356
8203 5170
5135 1677
3135 6817
5960 4554
3406 7698
5126 5402
489 6747
1756 3831
7811 4493
4961 7675
6153 128
9764 4144
9746 1704
9259 6186
4661 738
2914 7757
2296 8638
6227 172
5721 4412
7162 8779
7810 4277
5880 4247
947 2466
6796 2049
2325 5672
2463 2079
1801 1614
6370 4668
8927 6234
6520 433
1212 1982
5003 1517
4518 9325
1479 3805
5370 627
7865 5250
2399 4147
2577 8373
804 9512
7169 2523
491 7731
8781 7595
2798 5479
4617 2213
6256 3654
4244 8792
4262 7269
783 9169
9613 1826
993 9793
4232 1328
8645 8772
3381 2434
3912 9231
4960 7180
8666 7873
9310 1806
3876 3554
8027 7267
4632 9291
6037 8161
5943 408
51 4700
2434 43
8473 272
6243 8504
6563 2596
5251 0
9121 6769
7661 1696
4607 8071
4835 8353
5420 5974
5931 8664
6782 1984
2463 1018
1063 8926
2801 7420
1604 9439
3368 7131
9947 1334
4963 374
5916 2870
8949 3135
2269 8224
2894 1906
3285 4253
3883 1746
1862 9545
3679 4558
2153 8049
7946 4034
5865 847
3521 1357
3062 6804
4030 7134
2252 9577
7861 2772
4843 2416
4434 7730
355 7002
5991 9330
5615 9159
3692 9982
8902 4465
5796 8853
3878 9080
3850 8771
5741 8261
7331 7814
5403 5233
4604 6856
6586 3096
4581 6055
9997 8896
4273 9209
6593 2726
2335 9742
6598 3735
5278 381
3521 2408
657 7079
2145 47
3298 404
4522 5111
4445 2774
5697 3491
4802 7618
5222 9385
5256 3776
4206 3404
7536 8978
5448 6826
4866 5814
672 7360
4723 2733
8965 1133
2829 7527
7206 8196
4900 7631
6734 491
7245 4588
9145 929
4701 8352
5925 9743
3300 8707
1959 5923
4910 7281
7813 2830
6761 212
3455 7943
4007 4246
2806 1347
7090 796
545 8581
9019 5255
2193 8350
5307 5623
8185 6521
7705 7592
103 4440
2680 7534
1326 9420
1706 247
5060 8384
2017 1052
4619 8431
8525 9725
6424 5904
2724 8879
3304 8798
3028 8891
9909 5592
4490 5656
6274 9779
8697 1057
4710 8149
1673 6742
9571 7183
6906 2893
9305 4830
5986 8985
3361 9207
6869 2346
9857 5590
126 8071
9284 1100
9534 4915
5127 8931
3145 799
4640 5475
1811 5534
3219 2972
4365 8626
5012 898
1319 7543
4544 6172
843 789
2188 264
9240 8098
96 7267
7538 756
4397 9100
2088 3304
2786 7538
4350 1291
239 4457
4448 2519
8147 5168
4781 7930
4259 535
3087 6464
562 2343
8181 4919
6765 963
7533 7507
4329 1362
2926 643
1231 4015
3835 710
4953 5903
515 9339
5691 261
5148 4601
9859 1085
8937 6241
2544 6328
4756 9437
4243 8534
4210 9678
1687 1698
2731 251
3374 4320
2140 493
219 4605
1324 7226
8009 2206
1519 7483
5027 1943
2210 1729
1629 6141
7245 507
3470 8821
6078 135
2895 5871
4867 1414
6725 9022
4262 7985
4721 8688
7720 3936
7683 3896
7479 1604
4506 2860
6664 6895
2842 7540
353 2591
4413 9969
5724 7078
9006 6241
3065 4845
5389 8576
3113 702
1095 2172
5563 8320
7565 5584
9482 8650
3440 7113
2604 196
769 3683
2778 1889
7755 4936
1616 8543
6342 1394
5099 9780
6713 2371
1614 805
4124 26
9282 366
9973 7957
745 9899
4032 199
4251 3621
5563 5561
1779 729
6633 4315
6163 9232
964 269
9085 9480
8204 5301
7473 6790
8261 4523
2965 1208
438 7249
1083 6632
3614 6748
1860 9716
2249 7691
9702 7089
4312 8596
8422 7451
7610 3106
930 3137
1441 6709
4308 5871
8737 5876
4281 7324
4055 843
2916 7852
4888 6702
6159 379
1371 7556
5358 977
3067 46
6358 835
2861 8209
7873 2033
6189 9127
2287 6634
3378 6998
3073 7454
9719 8602
3469 1792
2682 878
8285 7585
3129 8517
2892 8025
8925 6624
466 5329
7050 3057
6364 9491
1546 192
5681 592
3005 8567
2245 6902
1111 8532
8538 3582
494 9848
4585 9931
4097 8945
1207 7673
3128 9995
4117 9179
4074 5663
2634 9334
1964 7297
6728 2970
3953 1590
728 895
524 7014
5208 1922
5661 7133
6981 1102
4370 9197
5194 199
1155 5703
8746 8589
1747 9361
901 8825
3496 6863
7385 2592
1898 3910
899 9807
1368 7662
6673 9711
6098 614
2021 1375
9459 3799
9389 5662
2743 4941
2038 143
8784 5430
20 7382
8896 9692
6824 1505
7045 1235
639 8788
9713 8639
8923 7360
5119 8786
5571 2787
3213 8511
968 5827
2480 8597
4835 8789
4363 6417
6198 8788
3978 348
2957 6474
6885 953
6116 8993
5993 3428
3425 3946
338 9479
1255 9550
6618 1521
9076 5570
4759 5379
1251 9598
2047 6917
7096 4937
3830 77
695 7650
3638 1447
3605 9245
1651 1422
1399 7492
7576 6355
2983 2019
5203 9422
4968 9430
7079 8951
8931 5197
8894 7521
2433 649
4552 4613
7559 2754
7623 1588
377 8926
9469 1363
2898 883
8152 1816
8999 5108
5082 101
5353 2959
2748 270
612 3981
9311 6277
2396 8202
7033 8849
1684 5921
7526 6777
832 2007
4310 7596
2636 3744
1828 2268
6511 9109
2774 8562
9830 9057
741 4220
3494 1
5707 1232
9458 2531
3092 5839
1481 503
6681 7314
5014 1561
3172 7287
4872 9452
3500 7080
6797 9740
8493 6660
7819 6895
5519 641
8892 8373
9747 6938
7995 9174
2102 8910
5677 8653
4312 9120
1186 8008
5472 5413
2589 7326
8661 511
8161 1756
7004 8479
3541 9350
2820 248
2864 7274
2642 8393
1800 3230
1378 6646
6517 1316
4915 4022
9848 9738
3603 9172
6696 4863
4918 7474
8579 2027
9910 8258
5631 1250
3299 9035
853 5341
1084 7169
434 6279
3104 9753
5161 6414
3173 7736
4056 6017
9051 7364
5027 583
9304 6736
8339 9895
1134 6370
7303 1632
106 4863
8400 5026
2211 1255
3693 52
5240 2124
230 9801
6209 445
6382 2304
3109 5859
4009 9441
6795 5875
558 697
7023 3011
6176 8508
6934 529
879 6530
4951 9434
1814 7153
6477 479
9638 2699
4024 8513
4925 265
4231 95
2029 5793
5383 8408
4880 9428
5322 6326
2120 9843
5458 7446
5628 538
9148 5818
5159 1371
8093 3171
9762 8866
2259 5208
1378 7912
7447 4371
6792 1002
5473 3898
3860 2128
4092 5242
3363 9971
7325 7091
5824 9336
4628 4480
5330 2259
131 3486
2727 9748
952 3239
4979 7056
1911 8002
4627 7895
5519 96
7870 9779
9167 6474
5242 8180
2292 9527
4412 529
4378 1192
2319 913
3693 3304
5622 3077
4371 3139
3215 1047
4 5480
2470 7745
4817 6850
1203 8455
9859 9599
1009 2573
6671 9231
6624 92
3020 9856
8048 9394
1513 1032
5946 8683
4747 1943
4420 3098
1985 6104
2245 182
7023 8325
3091 5553
6634 7488
2080 380
1319 8760
4903 1391
3437 1626
6470 3273
2719 2011
1291 5409
3755 9263
4114 9727
1955 1535
3686 1454
5447 569
4311 3977
7259 2557
2648 1340
2957 7181
1139 9341
8507 4827
9113 7162
4125 943
5328 2878
9247 1738
2093 8912
4841 9255
1172 4926
134 9233
4477 3008
7265 507
4581 6354
183 2593
3231 8332
3252 3269
3299 9626
3288 7136
3885 7791
2225 3722
474 6210
9085 8613
2777 6697
7253 9703
5845 1410
6826 5020
1605 9377
9676 5429
9905 8370
32 9388
7167 3116
