5266 818
8799 9424
4440 7482
1122 7032
3075 4004
6656 3818
4473 1694
802 8110
6062 2185
2085 7475
7837 1244
9230 5863
6020 8037
4166 4493
6304 2701
2575 932
1086 3179
6975 6194
1668 389
9283 3669
6065 1125
6139 8003
6254 2620
3468 9978
1287 41
131 9240
2096 9174
3179 9457
3734 7492
4512 336
5401 3216
6961 3519
3263 9972
3903 7956
2961 6629
8717 9758
2458 904
4165 9920
8178 9489
8975 8750
7583 5515
7639 4009
5502 1425
4658 1158
7428 9662
3874 3584
9277 2910
1957 3120
4057 5008
8302 2727
5028 5554
1765 8966
6738 346
354 2398
4362 3487
8674 2626
9517 4069
2064 869
7520 485
3867 1177
9582 8506
2669 7490
937 8899
3696 550
5272 6453
3780 6779
3674 6151
598 4276
1035 6865
1322 533
3181 6883
8271 6423
5802 2206
2357 7933
3795 8103
7549 7988
2570 5435
1559 6879
3536 1872
9536 523
5218 3485
2230 8225
4434 7699
451 16
2036 2859
5000 1267
29 9430
1076 6749
6517 8353
7988 823
2133 8826
9042 2629
6586 7239
1054 8140
9154 7157
5353 6257
3873 74
1214 6152
771 8117
1119 6985
4756 9165
2078 1540
4336 91
1519 4731
6724 2779
349 916
4293 782
9380 2630
9758 8165
12 1667
7354 6976
5258 9677
9221 2237
4225 7826
3026 9726
9205 4983
9697 5055
6172 9868
9698 3195
3839 8028
6502 7766
4422 383
2827 1398
3982 9007
5758 4248
6173 9167
1691 1926
141 8983
6864 2367
971 4983
2606 3632
9078 3194
6417 9811
938 6127
3192 992
184 668
5556 5272
2657 9208
9101 2423
1508 8333
3688 4472
9836 239
9984 1733
5108 1478
4617 6512
2920 2357
4358 3619
2030 1495
4336 989
7484 9305
1431 7066
1126 1753
2239 5281
5147 6668
3343 6261
7054 4845
4540 9392
8112 8446
1283 1407
4091 7323
1479 2285
379 9677
9904 2630
712 441
5752 1414
5334 8089
3729 6836
4464 6638
8206 1692
5946 9120
5000 8985
1160 2114
9181 9352
2943 6519
4877 4988
6172 9310
1282 6179
3121 5622
3259 6913
7472 411
4099 6243
1106 9745
1320 1214
5387 8213
4583 1090
5373 8714
1498 6315
4266 260
6762 8613
1902 5343
3418 1838
9443 9073
63 6672
6670 8377
9874 3100
7905 420
3351 8856
3435 8846
3375 5924
843 1935
284 2713
1075 6104
5347 8041
8950 9414
6810 9714
4601 9338
555 6483
2997 2442
3328 345
9779 4552
1947 8495
5215 9170
5624 7123
2374 6771
5525 1766
7714 3039
4586 71
6114 8555
4869 3029
4675 8658
895 6658
4484 6476
3927 8517
4226 5296
4616 8572
8821 5342
1602 4988
8747 8709
1200 8462
1971 3659
917 6682
6526 1198
2462 8317
9195 7017
7163 2136
1444 9344
2655 6753
336 5742
8103 232
1674 1404
3035 9109
4453 8577
7017 6466
1996 6159
4605 974
2274 9303
5942 6861
245 4586
8560 9489
6793 4781
1523 862
5256 2512
6329 9503
4160 9263
6538 9506
1516 2153
5018 7397
3652 8128
6020 2112
4316 480
4100 4877
1625 4958
7467 3032
4432 1814
8757 1826
5765 7758
1609 7713
3020 4015
347 4993
1046 1983
4320 953
2881 7896
8180 3965
6808 106
2562 7841
873 5057
6100 8489
1475 9573
7106 8516
9243 2469
435 9898
5451 6273
7712 1263
4448 775
6445 2354
7797 8815
769 911
840 7616
8260 9619
1071 6200
2788 6648
3901 2430
3838 7258
3330 8908
812 854
3222 1894
1598 8197
9576 9314
2896 4869
5901 9066
2284 7380
4070 2796
4488 8651
1100 4722
7000 6831
4756 8740
9958 5434
8562 9947
1303 8703
8765 8586
2033 8539
1626 8035
6365 5017
5794 70
264 1417
3373 9256
3456 8607
4416 1995
4149 3290
11 2674
6237 2720
2146 1133
5556 116
1304 7453
3513 6508
541 9575
9502 5675
728 9392
936 153
515 3259
1944 4781
8909 8864
4369 1334
5478 9349
2902 8206
441 5781
7941 5529
1737 9830
3766 156
8520 775
6195 8608
3126 7941
4849 9165
1452 6579
1814 8890
8100 3981
1444 6584
1138 4802
729 1107
5075 876
481 3229
412 8490
7937 7895
292 7262
5386 9378
6807 3259
4513 7903
765 6124
4608 2313
7174 5496
9253 9805
2912 9405
3294 1194
5697 114
5401 7700
5423 7328
7448 146
2578 9636
5458 8756
3343 8069
208 4239
3230 5886
2168 9509
6761 1153
1724 9621
1759 2659
1448 2538
7070 856
828 5115
5253 4778
1820 698
396 9143
480 8746
4145 9349
5468 7317
1609 6494
1483 546
143 4932
4716 8783
6111 6282
1119 9138
1690 8325
5951 2376
1381 9385
8172 5704
8287 9050
1787 8523
2043 8025
5451 6748
4380 6210
454 6240
4179 2922
3458 1603
9661 3484
3631 2568
3818 826
3496 2087
3650 1108
5054 9272
9414 1230
7000 4826
3548 6591
8278 8183
1807 1792
4604 9081
9462 3787
5239 67
299 9758
2993 6445
4242 6788
6622 1869
4911 6785
6796 3891
5806 7344
5003 223
3060 9909
1963 8559
3404 9063
8976 5052
6748 5895
2175 7813
3817 7938
9382 7991
9250 8357
3767 8077
9663 8773
6196 4353
5466 5191
8481 6781
6847 2764
4233 1338
2690 2382
2337 7182
2417 8761
8948 6423
2542 9448
6383 7742
3539 9399
3812 7181
7478 519
6246 2898
18 2653
1401 583
3219 8253
5353 1225
5814 351
6962 4840
9168 4485
1946 7818
15 6049
866 1596
4922 9269
3432 8482
6440 23
3093 3921
6299 8269
8716 2631
6994 289
7300 243
1510 6618
635 4823
5341 963
6689 1001
9804 6641
5531 449
1292 9037
6001 6104
7028 8033
3785 9944
2512 8359
6138 5584
506 2057
1877 8006
6258 9054
8986 550
2504 4083
180 9239
5340 1766
5476 8353
6069 1548
8835 1787
5048 9471
3874 9985
5666 1280
280 9582
1659 1614
1588 2228
7328 3818
2528 86
9021 107
1085 6977
2131 6555
9195 6654
3738 3821
4426 146
2143 8753
3297 6720
4105 2711
8760 8312
3599 8083
6119 9236
9729 980
2972 373
3559 807
1096 8846
226 6632
4691 2142
1167 4278
7939 1249
5280 7610
3892 6642
3596 1405
4546 6995
7520 8584
9622 203
494 3502
6156 8876
1651 7783
5969 2615
3099 7765
6074 2390
4602 9236
5305 1650
5358 2318
3566 6593
9787 6951
9063 7405
406 694
1137 8321
1189 9927
3713 214
4837 7579
1692 101
6450 8275
7760 6889
6377 4517
6912 8733
9630 4874
3070 9162
526 6492
5672 396
2833 5524
1473 1329
3764 7992
770 2233
4999 6320
5829 1804
5240 7587
2701 1954
4012 9689
2262 5717
8933 4433
5006 2661
341 8508
4068 3848
5662 8219
4644 9237
7140 4660
6335 4928
9839 8543
4259 9822
4881 1583
969 7030
9394 3744
5379 8779
3377 8387
4225 8853
7252 4837
3689 8366
1494 2839
7911 7044
6887 1715
3736 8981
9485 164
1772 5138
2708 5915
9578 1295
7712 4876
4423 481
5577 3119
718 4433
3682 7558
4438 2855
1662 9333
8578 1046
4541 863
9846 7400
1891 2233
8171 8297
75 4839
5879 5174
9434 3538
1674 6454
5290 8324
1405 8117
2357 1492
223 7446
4612 9819
9655 4171
1505 6654
4905 2344
798 6649
3189 6745
1275 50
1332 2894
2623 8585
2040 3398
1021 7480
4256 1126
8376 296
8990 3335
943 2960
6298 5791
9508 4520
794 7703
4375 5683
8038 8666
3082 5172
1171 3232
1522 7618
4903 6980
4136 562
7681 1576
4176 3762
3967 6648
5480 6982
1865 8106
9742 1663
6313 8161
2024 9173
1738 6415
1255 3567
4835 8422
439 6199
2017 8091
798 6617
1794 9214
6773 534
5245 6447
6186 8712
4528 9015
6730 9352
4017 1895
8236 9162
8114 4078
5724 6799
4434 3248
9410 1863
6279 8104
3582 2223
2535 1130
2497 9905
9423 8874
1468 1352
2424 6775
4231 664
2065 8899
1611 3216
2501 7660
966 7112
7325 6892
1606 6417
8424 2662
7389 2855
3401 7907
6323 1093
4329 2920
9540 6106
2198 7460
6464 8042
2115 8347
3229 8218
1995 7546
3589 4598
5092 8055
155 5743
4543 7733
3804 5673
2397 7306
1653 225
8672 2113
3313 9874
5009 8780
2991 3596
2524 9305
1911 6994
2084 1342
5702 3383
3377 5218
1880 999
2412 3660
4328 2569
459 7182
2209 1440
3253 8306
884 6144
1536 8056
1508 993
4983 3403
7724 351
4590 6227
6668 1653
751 1697
3096 118
629 5634
4085 9837
6413 725
8802 5745
3005 7682
2357 6298
8783 1692
2716 3378
4852 2687
3497 4986
98 9121
3426 505
985 170
5240 6475
3732 8541
4498 8062
2469 5483
400 4364
1509 5917
641 9265
3654 8231
5947 1596
4578 9244
1603 6217
2375 8701
6055 802
6446 8909
207 4445
9357 5225
2457 8483
4242 7574
8032 2439
5271 567
7906 9115
6788 4197
6052 903
5129 7137
4111 836
3517 1409
7503 625
1540 2499
5910 8138
8906 9486
5090 1413
3532 5766
4919 3508
407 1482
4209 9239
3498 2591
18 7546
8892 9834
5573 8318
4755 9937
2721 675
3300 8088
4373 1533
6325 5231
2230 9492
3735 468
8341 533
3961 7196
2040 5557
7597 6698
8271 9352
9397 7629
1345 6609
7665 435
6321 4797
1458 5592
3138 8556
1042 8804
2217 9436
5918 8501
713 1822
4492 34
4104 5896
30 8544
3444 8757
5896 7817
551 9982
6406 9487
4930 9403
3387 5114
2361 4205
223 9115
1447 8053
6881 9609
7958 3671
3965 7058
18 6867
8772 9755
1619 8254
2825 7961
3580 1874
8470 8788
275 531
6212 8538
8753 2679
1599 7549
9216 374
9481 4720
9313 4764
5583 806
8630 8615
5999 8430
2402 7625
5101 8866
2407 3786
2900 2654
1188 7276
8046 9256
2488 7414
6112 7162
4604 3221
8550 2364
4666 6561
787 9067
912 5135
7703 1454
8870 9392
8037 9454
7621 607
5058 4879
5022 5469
5993 691
9674 8957
9339 4119
5048 768
2550 9814
8834 7101
4379 115
2067 8534
4477 31
3306 7762
2508 8923
5647 1841
5878 3022
7100 858
4227 9371
1549 6222
5965 3337
9487 5051
1453 9552
4958 2280
3669 6111
7045 928
6082 2052
1768 11
9451 6126
2866 6519
6667 2553
187 1428
5393 1808
8306 8662
2932 2718
2079 8620
8124 8932
1316 8616
8048 3918
6574 9433
6411 3130
3234 3177
956 8718
5857 478
2569 1582
2466 187
5803 6267
2088 7402
1679 4512
453 8246
109 4281
7627 1575
1805 697
5150 1933
5652 8843
99 6540
2868 8425
2264 7493
5381 7315
6223 1623
6148 7051
5554 2566
8277 8585
9758 2233
1109 6857
1486 7082
6144 9988
2026 4323
2374 4008
1765 4291
3685 9330
723 3542
3640 6299
5862 8271
6518 9906
6311 2248
5375 7695
6601 2603
5622 9592
7215 458
5489 3070
6558 7745
3308 2573
2804 9199
1864 8043
8433 2830
3047 1369
2533 9379
2463 513
3018 5592
7652 8379
8927 4421
7862 552
5657 7776
7356 5119
3815 283
8599 9589
4124 4812
2074 8801
932 7601
4299 4664
2774 801
3100 575
3357 9533
2575 2160
5784 2093
3557 927
3205 7687
3472 9837
2349 1039
3962 9719
3361 6241
7671 1716
8331 3870
5196 9744
6888 7606
6815 9617
4798 2928
3257 509
3556 3685
5557 585
1921 7773
7700 6236
5074 3753
3584 9772
531 8830
944 4133
296 4735
3854 773
225 4693
2315 7592
4160 6688
4001 1466
5158 5836
4023 56
9056 5478
7741 3649
3485 2861
5326 5392
280 4256
9425 5290
2755 8614
1441 9819
7187 3230
8516 7846
6080 2095
5076 8920
9544 3193
4135 2048
3953 598
3362 450
9313 2205
4727 9953
3765 3040
3186 4654
3228 8016
9487 6860
437 6274
317 8460
3140 9471
4470 8957
3813 996
5015 562
1979 7867
6719 7783
4393 5601
