9668 9208
7051 7600
4032 2095
7364 8496
9498 3027
9570 5267
4471 8418
3746 1427
5512 8305
4306 3503
3129 7529
5482 9347
9161 6249
2720 667
2061 6224
3152 8016
867 9371
8728 5464
6057 9407
3611 7398
3271 4998
1600 4047
7622 8885
4768 4836
7187 3054
9755 5038
4280 4524
2100 6835
3583 8248
5605 9911
1381 2529
2713 8877
3635 9579
923 2334
8080 5931
3242 9086
3659 6238
1406 9410
5529 2337
1300 5200
2623 8458
2520 8612
9904 8805
6779 6916
939 1551
4707 1838
2017 3651
1198 7013
8351 6546
9358 7841
9836 7465
3648 7442
7008 9323
170 2
1185 3525
4359 1932
4353 9180
1870 8732
4176 1420
3494 550
5433 2103
4137 1419
5647 5958
6397 7884
786 1173
1950 4685
7779 7408
9820 9210
2525 2512
9854 7802
2271 2376
3908 1196
3996 7505
5078 5020
2214 8230
3764 2405
6058 9339
434 4016
6363 581
9711 7344
4142 2711
2067 9407
2083 9006
6356 5920
3283 2321
6267 9207
6499 953
8303 9106
9622 9761
3607 7903
9528 9806
7540 840
3220 2548
9818 2088
1933 8536
8956 7038
5224 118
4602 1514
2898 8364
6013 9336
1178 8594
7434 8541
4075 1103
2154 8095
5072 8373
5282 873
4253 3840
547 6265
6407 6751
4803 6882
5461 2690
7388 2432
5558 8868
1971 2515
1446 8026
3515 6867
6274 7637
7339 413
3432 206
9712 2438
1526 8382
226 7109
4631 1195
7838 1585
8543 1099
2901 9951
2633 8986
8997 1943
3411 1589
4100 8972
8797 2165
2246 760
3634 8153
1119 4235
5698 2220
6381 840
5602 9751
1408 6305
7446 2732
3529 4717
1743 2372
4462 9989
3950 2477
2812 9878
72 6012
5605 4145
1969 8444
8721 1617
5550 2507
1260 6672
9963 1274
3091 918
2986 1665
3405 8949
1555 8575
9667 4915
6082 1702
8728 2452
1103 1639
4630 5893
5890 2035
426 4914
7835 6075
3297 5071
1875 9294
8181 1663
7250 3216
1771 8837
5318 399
1683 5179
4229 8605
1360 7536
1169 3655
8564 5574
4094 7895
1093 3656
1863 6723
3664 9321
6651 174
9797 6296
3017 8189
8406 5820
3891 580
3520 2412
9845 8191
443 1076
4902 3346
54 8016
9646 6908
4135 5150
8184 2329
4202 2171
9080 242
5057 1401
5790 6755
350 8194
5818 5416
5990 37
4002 9343
4268 8398
9256 5837
5383 3228
3126 651
6555 160
837 4089
2886 1075
8579 4026
1047 8365
7712 8480
5303 2746
5706 4164
2699 2160
2863 5884
1850 5836
734 860
8322 1862
5901 8717
8704 5701
5292 521
8939 4710
5519 411
6765 5524
3713 169
7831 8436
9893 2094
4342 111
3552 2695
2991 3463
3555 7715
9884 7634
6616 9183
680 9879
3983 4059
8819 8689
4129 1144
1776 4857
335 6070
2965 1708
2223 8304
4308 8721
4205 8885
9608 6652
4748 780
5600 9520
994 3128
1239 5668
4903 9034
3630 1176
2365 7490
662 6330
43 3710
5224 1639
4858 898
8864 1413
2852 8368
4832 617
784 950
5132 4265
5378 632
5946 4271
3348 8940
5700 1586
4659 9832
5932 1892
943 9830
9288 8925
431 6680
2131 9739
4888 5243
2203 8861
1439 9786
3109 8783
5802 3439
1599 201
9431 5288
207 8360
4180 803
9793 7456
3201 393
8830 1639
7752 6956
1398 4497
3304 8469
3592 251
4407 3334
8141 3619
2517 798
703 2394
1860 6010
5381 9556
8337 9699
6986 1034
7452 931
3378 3854
5594 9947
9853 9321
2481 5329
7254 9681
4782 4803
2175 8520
8789 2226
9593 9358
1991 9831
4628 287
3381 6488
2630 8426
3137 111
2215 8812
7368 3277
5514 8373
9484 8148
1290 8746
1266 7607
6939 6416
4559 53
3377 2024
6696 422
9640 3062
4244 8034
1638 941
7518 341
8872 4511
2384 2628
5210 1838
269 4254
3614 6802
1392 4421
9602 6153
3773 8296
9433 7135
4632 3438
8360 4821
4732 1814
7757 6657
3977 9523
9832 6386
1291 2587
4128 5491
4609 7512
8297 3489
9495 4742
4403 1894
6629 9102
816 209
4387 9125
5927 9086
9898 683
4185 9521
5891 4172
7438 8468
3197 9151
4299 8630
7469 4681
5385 2103
6589 8760
8535 7194
4641 4705
2179 7020
6695 299
9887 7620
90 9778
3414 127
7217 2092
5212 3340
228 3561
9394 6802
8718 8743
1278 9135
1773 7936
7711 4824
2387 9803
4762 250
2753 228
9994 1195
4765 3401
9401 4711
2379 3303
8540 7519
3726 9374
7321 5398
3993 13
4732 9676
1378 9334
3832 7006
8514 4119
3074 8905
6364 1327
3011 8876
9193 4547
690 8331
4936 9411
8091 6645
71 6224
9105 7561
4030 858
9563 312
6090 3994
8034 9885
9845 4827
9180 7353
23 9710
9999 9342
5649 2549
6308 7856
193 5166
2543 94
7300 6646
6992 6920
180 883
7293 1655
8068 785
3610 1839
5855 6684
8445 3862
4816 9530
937 5053
7802 9772
4523 9888
2978 7279
6164 1459
2693 8696
2511 4756
4415 9460
7818 6217
3138 3951
6047 6234
3428 8238
5531 8038
9243 1254
6550 3071
5595 9362
450 1273
6828 1057
1728 1323
3368 7787
2825 9098
2481 6594
3210 7121
6731 468
9696 1334
2001 4370
8008 5321
6737 511
7769 1882
2375 932
1590 3106
7009 323
7021 2274
3741 2574
6236 2996
6682 4669
3721 9524
3112 4437
3736 8493
5315 816
5574 4194
5075 825
8307 2611
7998 6542
5061 271
1368 7068
8266 215
579 888
2894 9355
3599 6556
3788 4604
1843 3654
230 2824
1071 2500
1193 7063
9298 389
4493 6351
4127 7596
3737 8421
4218 2458
544 4829
4326 1893
4923 6084
1158 9567
803 888
1816 1449
1331 6377
6086 1628
6601 2986
1310 4606
9406 7408
3096 7341
4503 9253
191 1291
748 818
1268 7489
9553 5450
5118 9813
6463 3528
2481 11
481 8421
7698 3936
6750 1635
2922 8235
5180 1642
3717 4027
4708 124
5381 8057
1296 6266
470 5797
4157 3130
5858 1239
221 901
5822 3626
6926 3941
8264 5781
3153 2264
1669 8452
5752 2389
5274 9517
33 6061
3804 248
3812 1164
5060 5554
4869 7671
2847 4134
1880 1334
985 595
3164 8536
516 7624
9451 9352
8607 5967
7210 1359
4988 6297
9105 5578
7663 1332
7295 1848
138 8608
9075 8054
5437 396
4467 6985
3588 2968
2000 7784
924 9260
3511 7471
7428 2368
4962 2488
1962 8593
6633 7219
7168 998
511 7221
2307 881
9927 9600
6056 3769
1081 9756
7556 5918
6994 3442
1251 2857
5774 2250
3962 2495
1831 3670
3955 2218
1345 4280
100 6878
5133 7852
8443 6092
761 6367
6549 9983
3822 1050
3271 7592
5994 9190
5264 5540
4978 5699
4072 2232
8283 626
3635 9711
2038 7806
5665 1552
1671 2509
5861 6442
5254 9584
9561 9752
3573 351
6319 3919
5643 8843
3507 8488
9784 5489
3624 8884
5720 194
7525 6326
6317 2646
7334 9647
2652 4694
4347 2454
3943 1708
2883 9047
781 6848
854 9950
3834 7836
2956 9773
3199 8884
3167 8159
7100 8513
3126 8643
2514 8939
9138 7686
3585 1182
1321 9412
9541 4284
1663 6799
2562 7109
6096 6335
9852 6620
2063 8594
986 5007
3395 1216
4261 3716
3246 8317
4100 7820
7096 7761
3975 1382
2379 7429
4331 2576
3628 1683
2143 8473
6792 534
4400 631
6894 8148
6956 8370
1926 9518
5668 9676
9342 1078
993 9350
6157 6179
5195 8428
3261 1517
8649 4754
7863 9187
3357 8782
4470 704
394 9417
2495 6166
1826 656
6794 994
2218 1446
3081 8478
3011 9066
3516 580
9448 6693
5705 667
1813 7831
9370 8589
5619 407
2588 7678
9187 1432
4576 178
8282 8379
174 1560
5541 2788
557 7866
2608 8806
3781 7909
52 8633
5721 3667
3982 5217
5474 5376
2717 8987
4962 8462
2805 8453
6093 39
3602 493
5950 9753
751 1446
4345 6675
5212 6953
9160 3634
7834 1656
4336 8283
4679 5397
8898 7942
5206 6491
9725 6170
8822 246
6629 2102
8995 9699
1667 5191
5767 6653
4187 1524
8129 6704
2944 2582
721 9690
4220 2195
3423 7711
5791 185
4675 8517
5915 8604
6933 4566
4762 9488
948 7621
3853 9339
1288 8196
1968 7537
1266 184
5720 2623
3301 869
7527 713
2236 7864
2377 5112
9058 1785
8183 7452
6619 9605
4728 9193
4319 6532
9728 5124
3815 870
6 7623
4930 2494
1902 7448
3627 8358
4682 4238
7513 1983
138 1363
3885 3805
7682 2340
2241 8064
6593 9314
929 6560
957 7534
879 799
3867 108
1891 1544
6396 3454
2997 4044
1879 6692
2018 9730
9915 3256
1543 52
3501 8501
6004 6313
3661 7178
4 828
3674 454
9767 514
2736 9201
729 747
9461 62
2188 8466
9819 4069
1907 212
277 6773
6283 9794
576 6023
1668 6602
7878 5499
4059 3050
9073 4648
5450 1091
3895 9592
5428 6674
3399 6396
1657 2288
6184 8625
4008 2577
3547 9928
1882 8395
1526 1670
4670 4106
6716 9937
7926 4538
7237 2070
4601 7628
4528 9782
8358 8076
4986 3436
5576 6419
6103 3303
4191 2954
3766 9572
7759 2649
5713 2727
5859 9197
4297 757
6561 84
8859 4571
3955 8950
4851 776
4216 1159
1476 9280
5233 7779
5162 8869
3457 9994
2363 9872
5516 1642
2765 9525
4507 3684
840 5134
3764 8088
9491 1922
2747 5962
1980 9582
732 6247
7561 2431
2842 7511
6721 3446
2245 9745
3568 8051
6090 1019
7810 938
2038 394
2787 1177
2337 9181
2430 6767
9737 1016
2440 7378
2768 7827
8755 1602
7408 6246
7309 336
4835 3262
3538 1710
8732 5280
6792 1129
74 4553
9443 6176
2642 6942
4254 2578
1764 117
9711 5847
691 7764
7766 1627
576 6404
1645 8168
5680 1916
6503 7554
2432 5509
4150 9458
5305 4324
6277 1488
2232 1292
9678 6838
520 6588
6603 5017
4167 1392
1917 8236
6147 6482
8829 5162
8230 9867
9055 7460
3220 413
4614 1312
9859 201
6318 9109
2764 6378
5370 8376
9335 7532
4090 1800
4403 9112
5004 2400
9853 5908
2564 6362
1315 4240
5509 2127
5142 4338
3876 1468
5980 6615
4052 7713
1325 7542
7933 7788
4929 9316
9747 261
4354 3999
92 5630
4825 5799
4224 106
1894 8727
5918 6487
3560 9340
5913 1197
4801 9490
2488 9642
7558 2114
592 9070
8130 2178
4203 168
1421 5016
3841 1729
7329 9201
1347 8850
5029 7538
1013 612
8832 1803
1964 3952
8848 8572
4970 5948
4898 8632
9925 3448
2704 9629
6117 572
3391 882
4736 9900
3891 5378
659 3503
1433 3553
1601 4183
8036 7619
5450 1008
2975 1061
8146 2643
761 14
4051 8234
9953 4952
7975 546
2090 1189
1532 6420
452 7090
9579 8503
2961 8091
4102 322
113 9220
6401 7035
8127 460
90 2811
2195 2163
3639 8325
2610 276
8665 7036
1279 8445
9218 903
2987 7078
64 4497
3093 927
1142 3857
8490 1024
3934 8853
3875 9859
7306 1326
6830 85
4220 2812
7810 2558
7231 914
2015 6271
7085 869
4738 7762
3096 5776
9527 4821
6402 803
6097 2809
7000 1157
1695 8261
3355 8516
9753 8794
4571 131
4204 9661
3649 2178
2022 7981
6454 6600
3534 125
3549 25
9100 6932
3887 7092
6093 7390
3528 7806
7446 9191
4981 7470
5964 8179
4189 1261
7375 1430
2694 7598
6628 7014
7831 797
6418 8870
9821 5690
2697 2755
2962 4230
1239 2338
8984 2173
7247 2192
2349 7926
3040 6559
2813 342
3141 8686
168 4005
7770 6412
6855 761
1271 9069
6264 2032
3046 720
4135 8064
7670 5269
1599 4590
2609 8196
1569 537
6307 8885
1780 6898
3296 5935
4723 4317
3199 4471
6770 6428
1605 6488
8232 969
796 7649
3196 8230
9807 8225
546 8706
5445 2370
