1082630
1088721
1085883
1088216
1085943
1087430
1086453
1088124
1087836
1089511
1088464
1090045
1089925
1087620
1086134
1087708
1086590
1089271
1085728
1087320
1086220
1084125
1083130
1084439
1089743
1085440
1083115
1086091
1086323
1085282
1089712
1087041
1085665
1087623
1089018
1089521
1089308
1088384
1086746
1086148
1084310
1085045
1086695
1088498
1090074
1086006
1084518
1088373
1085721
1088124
1084563
1084806
1087192
1089635
1086995
1083056
1090163
1089105
1085838
1085144
1086143
1085463
1088274
1085996
1093230
1090780
1082824
1085715
1086241
1085805
1087562
1085954
1087003
1085603
1087598
1086225
1087062
1085431
1087884
1087265
1088195
1084145
1088907
1083848
1086329
1087093
1083793
1087406
1086610
1090032
1089771
1085702
1090282
1086125
1087278
1089093
1086547
1086250
1084948
1088987
