684726
684593
686260
686668
683638
686853
685231
685167
686179
689773
686357
688658
689991
688498
686223
685838
686666
685159
686750
686922
687679
684169
683138
684104
689340
686448
685727
683125
685226
683116
683414
680549
687081
681723
683468
689372
689643
686269
686687
685322
685023
685234
687126
684713
683281
684150
686331
686449
686981
685236
682321
683660
687114
688451
687397
682049
686095
687333
687611
683515
689032
683733
680430
686345
684134
689240
687727
684470
687010
688003
682269
685677
685538
685230
685350
686469
685218
681193
685234
686578
685286
685229
689187
684975
684144
690203
680281
688133
685787
690624
685932
685940
686372
688981
689389
684688
690465
683674
687496
688570
