159435
159624
157351
156254
148147
155804
142044
136020
151098
153772
153462
154266
159304
141386
149064
147241
155214
126729
160740
149555
163766
134524
149975
153411
160389
148455
156644
147783
157535
152642
139687
149927
155462
143009
150611
144028
153209
146071
156677
155666
161490
154232
144679
154200
147314
145147
148315
147752
146759
159358
152471
153248
159256
151348
132405
164677
155364
149971
157502
149755
162630
142695
161011
158672
157447
149357
154769
159120
157736
152475
148347
149669
150825
139308
135448
150860
142785
149783
158058
148599
160300
142758
159383
158067
156716
153790
150615
146803
160640
155244
147317
160110
154931
149773
151840
152462
152157
147989
154383
144487
