8311 4407
4646 7587
5985 2701
9284 7128
503 5693
8732 6243
5556 5184
6324 1529
8116 497
8541 1198
8875 5653
593 1458
8110 868
6710 6790
1610 7483
7344 1185
3510 8757
7575 2515
9268 8329
7467 7299
3586 8114
6723 4406
8701 1164
8830 6153
430 8956
1027 8946
8288 5690
5914 5170
1786 6145
1992 8465
3135 6902
5485 6570
8389 5629
4635 4859
8939 7493
7747 5753
6937 5390
6598 1494
7177 5371
2581 8307
383 5618
8887 7568
6203 6297
5279 5540
8565 8865
2763 7151
9110 7496
7194 5954
8905 3680
5741 9506
7317 9588
7785 5455
4607 7096
6671 1074
6152 6516
7793 657
7012 586
6846 5392
9421 3538
7231 5728
7652 9019
7942 9087
2997 2484
8896 9494
9785 4903
293 9228
2148 1226
7793 3222
4727 754
9084 245
9196 194
4601 4141
9975 3342
212 7439
7988 9175
419 4650
4942 9049
7108 4961
976 9528
6757 2668
1381 8939
5661 8098
6788 4870
3815 8686
8871 9298
3413 75
2994 4787
6640 5386
7518 6292
7729 5838
7525 6188
5689 5392
6054 2781
7888 5602
8924 9920
9091 5896
6383 6254
8741 7095
7293 6704
9396 9241
1053 8148
7586 2347
8366 9283
5434 3975
8345 4879
8133 6308
2897 3434
2868 518
9301 8859
6291 6292
8682 8558
1519 2326
6133 4399
5618 4033
8098 5425
7694 1512
7266 5123
932 9210
3455 7983
7909 7215
5688 4808
8461 6645
8490 5131
8058 2090
1226 9135
6818 2488
7354 662
8893 7321
6058 4606
4172 5716
9684 7707
7810 1844
4981 2178
361 8841
7415 9424
4300 2603
7064 6606
7195 4811
1444 8841
7923 3069
676 4014
5010 6033
7679 8307
7863 7570
3218 6592
3722 2482
6541 2071
8871 1007
7700 7692
7154 3912
4430 5952
2453 4165
5528 9113
8816 4900
2125 8012
6661 3570
7761 9544
1151 9612
6109 6391
6914 7313
5481 5739
1112 8866
6420 2985
9377 5546
7851 7982
7853 6365
6316 4325
5652 6151
5271 2667
6484 2597
7972 8128
6930 6884
5115 5919
7873 2901
7623 3284
9738 6204
6826 6912
5045 5186
2266 6158
7300 5111
8685 8594
7333 5962
2520 4991
74 6667
9969 474
364 8980
7186 4222
8053 6022
1774 7767
6310 5985
7944 5297
9192 6188
7802 5213
6793 211
5210 944
7600 6921
8315 6000
9095 6749
9296 1406
8069 6087
8699 5882
6665 1724
8862 3136
8082 8686
8763 9164
7355 2579
6526 891
1251 1732
6372 3313
6663 5591
9560 6969
3795 7129
3150 6833
6110 9845
8931 2947
9591 9967
7771 5998
2490 6679
6940 6515
889 2031
6335 7424
9333 5736
8718 9255
2986 5162
293 4300
8400 7288
8693 6458
1053 8900
998 8210
7883 582
8032 2282
7028 5172
5723 5504
7657 9395
8919 9775
8163 1804
9723 5368
2491 6881
5843 9477
5581 3061
7401 2500
6734 6652
322 585
7575 6630
393 3354
6074 5824
169 9796
8603 5760
8605 5275
1697 8947
9670 4058
5989 9545
4201 7923
843 8285
7873 6408
7358 9871
2717 6303
5335 6280
1981 1688
2479 7643
361 5886
8196 8266
7978 1362
6617 5177
6907 3704
1142 7799
6364 2373
3390 6553
308 8885
2604 8353
5860 624
7554 3142
3732 9636
9502 1189
6161 4758
408 1545
7431 5816
3165 9710
5621 2306
8853 407
2607 751
6165 7653
3086 8599
7848 9896
9527 4786
2689 7507
2087 8076
7142 9855
8070 4203
8130 2268
7911 4295
5808 1615
7513 9884
5508 7510
9233 934
6911 8238
7730 1776
2172 7518
1660 9930
598 9086
1054 8579
8654 9973
6323 5071
6634 5750
7406 3377
3032 7329
9433 6184
8320 6012
9929 9389
5774 9178
7270 2964
9053 4242
7543 578
283 3719
9129 1348
7740 2849
7302 6150
3988 2763
7848 6732
7396 9986
1641 8618
3392 9418
9047 8605
8193 3855
3994 6490
6667 1595
8299 4510
1141 8187
6048 7099
6925 5008
2479 7214
2471 7130
4663 4226
8814 3649
2387 980
4522 6093
7032 5750
5649 4442
5544 4914
2749 7339
5485 5502
6487 9333
2486 6965
8710 6602
660 2873
8625 7052
9828 7755
7044 5580
5124 5645
7096 7347
1979 7957
2960 999
4333 456
3472 5869
7217 5278
5117 8265
3637 8682
6581 4808
9434 6525
8148 9171
8602 6223
7331 7600
2218 7457
9968 5412
4529 4653
2457 7473
6588 6509
18 902
6083 3255
1200 3617
1907 1264
3336 7828
6638 4267
3183 6237
166 4714
6301 1204
4238 7636
2776 7347
6656 9245
5466 8103
9887 4232
949 8851
818 7385
6850 8472
3416 6072
8201 5812
8298 8225
8269 7344
3681 8886
3502 6111
6646 3574
8047 9631
818 9312
5349 5609
3840 6291
8160 6655
7287 5449
3169 9241
1613 8908
8587 7545
7279 8483
7163 6465
7393 9371
5340 6808
6135 7457
5827 5089
9364 906
6248 3133
8151 3573
4837 6336
9640 3321
7873 6597
746 2354
4882 5032
7998 3330
5373 9879
9690 4984
4834 4088
7791 3531
5384 5543
6911 2816
1485 8183
1095 6191
1227 5444
5369 4898
7997 8452
1391 8670
9579 4227
9045 4702
8271 7114
851 3472
6054 7072
5997 6538
7932 8093
9252 7624
6313 5346
9347 7138
7840 5615
5256 2482
6585 2278
6038 4998
1220 6429
4768 7539
8376 527
8525 5345
8364 5248
8674 7805
5645 987
2203 7802
8657 5766
618 1521
9436 3252
7546 1619
8668 5366
7448 5742
9037 9290
3719 6606
4838 7575
5247 5528
8676 4323
9841 304
7919 3935
9643 8053
8895 6173
8172 7535
807 1428
9949 251
10 101
1712 7807
1977 7058
8291 8129
4830 5397
8884 8265
549 2975
8024 7227
7411 7558
7291 4115
8261 9534
2647 6974
5541 4820
6303 1988
6601 8772
2756 7555
7450 4108
5692 4989
9487 198
300 2127
8040 6453
1257 9864
7534 6438
9771 4917
7119 5701
524 2514
4910 4809
7800 9217
9669 210
6613 6881
7467 642
9337 7321
9322 5206
9802 8961
7943 9876
8610 9436
8957 3244
2821 8973
9309 6850
7717 7992
1825 5896
5765 8742
5215 7552
3294 2368
4255 8562
7016 5177
7073 1510
6078 7926
6808 7133
7199 8681
486 5389
6234 5671
7692 1905
4253 8609
602 3471
5242 6054
9965 8034
7475 744
5246 7781
8472 704
1255 997
5926 1884
9119 1683
8079 3518
9931 9591
7250 6934
1862 6815
7787 6873
8483 7250
8937 3634
6442 2150
3636 6817
6790 9923
788 9087
6745 6882
1968 7820
6200 3821
7916 1137
7302 9954
2255 9082
5620 6135
2025 7982
5 4805
3991 8033
9173 9624
8396 5911
3094 877
5932 1940
9730 538
919 2229
5239 6528
6872 8276
8690 3770
3438 8270
971 289
6884 3182
7049 1529
1425 8452
269 2348
7497 227
7812 3128
3998 9626
7432 1266
7570 5846
8838 6004
7431 8769
6109 3307
2121 7932
712 8552
9473 5877
5706 3002
8645 7123
8964 4130
5070 4369
4824 6671
8537 5374
5951 8059
4928 5224
8325 9103
3216 34
1434 8843
8390 867
2740 599
6613 1469
2682 1969
6321 1477
2424 6549
813 1442
8618 6094
1 6222
5669 1291
4059 5799
7462 9938
9305 6651
8732 459
4877 2001
8550 9607
7411 6036
6360 1446
9192 71
7500 3261
1041 5447
9179 4567
7300 54
250 375
2908 8152
8306 6744
9686 8720
8932 4811
4458 7507
3460 9159
8386 8695
688 233
8138 1948
5893 3385
7290 4182
2072 8675
5793 5103
6739 5247
1223 7194
4946 2872
6059 9954
8086 6488
8250 8137
4576 9691
236 3836
1252 9408
5879 1212
4608 2360
9963 316
8213 5073
4218 305
5089 40
7584 5545
9396 2191
7555 1317
7025 6484
5422 69
8360 8426
7872 5045
1353 9761
7436 871
8864 2824
6950 1880
7040 6649
3085 1279
183 6876
6453 8249
9150 6192
5986 5516
5667 1715
7977 1310
7063 5585
4201 2853
6276 5700
7269 6593
1607 7403
7651 8501
2410 7498
8512 5791
1821 7857
7418 2371
8515 7788
8560 4641
2725 9315
8695 5131
5000 9743
3030 8230
4099 7392
8502 1554
6849 3095
3292 8086
8365 6918
6843 6727
6838 7286
8929 9849
9840 3762
7506 6253
824 1637
9372 5988
3781 9482
6495 3276
8418 4714
8152 7304
8229 2303
4530 2223
8731 8328
6655 9537
6662 6278
6512 6748
4968 4440
1294 7980
7574 538
7896 4610
4861 2364
6955 6127
9982 3450
1657 8004
6300 5674
7314 848
1455 8283
6842 2021
4848 4352
7640 6202
4514 4363
6653 321
7848 8631
3692 8950
872 2571
6653 4607
6718 1847
2162 4361
1834 8580
4397 6672
1936 8219
8680 6919
3139 6707
117 3986
9559 8959
120 9095
7388 7047
4565 8736
1825 7979
175 5504
6640 1411
4791 2662
1073 6919
8167 5472
8325 167
9705 2638
9105 6020
7843 4450
6158 7121
1536 7853
1857 7759
7222 7894
423 478
8567 4745
989 8065
9191 3706
535 5271
6670 7008
2059 7112
2511 7501
8834 6028
9913 4221
2343 1129
6594 490
9319 6600
6323 1424
1682 8293
2529 7900
8458 4730
7333 2226
6822 5457
7143 2245
4462 2706
370 4650
5780 6514
8381 8833
6666 8327
2791 6593
7041 7832
9654 5021
1678 7806
2283 8374
5657 7382
7502 1810
4264 5472
8824 9115
7209 5200
8326 9018
5784 1272
5711 5223
9667 386
6797 6015
3286 7367
6633 1217
8335 6708
7363 6283
7477 1838
8463 4004
3066 7363
7907 7987
4340 3251
8599 6674
7752 2451
7007 6913
7984 1791
4735 4949
8602 8485
7765 1343
1363 8301
2346 7280
3168 7617
7096 6962
715 8610
7355 1709
9201 4355
7760 8210
1927 8315
5476 2300
9266 7639
6617 2125
6231 6556
9132 7001
500 9481
308 9131
7913 9737
8468 9056
7983 905
1984 7659
3388 8415
5819 8008
8516 2945
4876 2951
1599 2255
7066 4473
1625 8400
8894 3916
5117 5148
6645 5382
108 38
1327 340
9621 116
8936 7561
787 3773
5341 7193
6633 5493
7116 7484
9816 3738
1545 1996
5290 2717
8639 5653
3899 6738
5849 3992
4266 6940
9372 3697
7613 827
2897 6699
8988 3671
7714 1367
9366 6512
8799 6810
6394 6123
7809 64
9252 8067
4710 4329
9983 9714
4626 7862
5081 2664
6185 1030
1588 2981
8523 4287
5275 6321
9683 153
2165 7459
5878 1632
8745 1218
4624 6661
3049 7255
9223 4899
8161 1920
3189 9364
7403 1604
1383 7953
2590 9413
575 6059
984 9116
3308 9437
2865 6881
8172 5089
9350 7276
7301 6436
4907 691
1069 6078
9699 519
6387 848
6590 1622
1191 7989
2263 7455
7707 3713
7861 6889
7475 6301
990 2379
6298 4195
3254 7865
1943 8123
5895 6959
7706 2706
7674 7449
6249 6782
2282 5230
9628 63
8170 9607
4072 8210
7757 5762
6979 6514
257 6261
9838 5242
2633 7904
9639 337
3056 279
7553 8183
80 5432
9481 5498
8812 5031
1472 7877
4784 9205
257 8777
6759 5320
6689 1698
7846 5174
7684 831
1569 8340
7120 7025
5648 7180
2941 184
1436 4549
6770 3614
2977 6788
2769 6759
8790 1192
1957 7518
7036 1140
3284 4464
8866 5617
6552 1176
4656 8768
8465 843
7023 7851
6178 5544
4658 4527
1630 8556
1597 1734
5133 741
7972 8530
9213 3338
8032 6594
4883 6572
1851 2409
6123 3141
1495 7851
1581 8003
5615 7366
7708 7558
7585 1480
9055 6548
8297 3343
7307 5902
8342 9681
9110 1645
871 4316
4186 6356
2359 7403
7275 1525
8628 4647
8907 4736
4400 6172
3371 7720
9357 3215
5381 5779
8756 6638
4546 4834
8417 4728
7274 6111
7651 6772
5601 4735
6906 5077
88 12
3549 2286
1774 6870
3902 5671
452 9858
4252 4328
7736 9066
7352 7728
5252 5382
215 4783
7221 600
8007 6527
4591 5636
4318 9270
7099 5369
8599 5770
4499 5638
8087 4835
6996 517
276 7135
1322 9166
5043 6412
5402 9054
262 406
7099 7031
961 9569
493 3048
6789 3836
7876 9877
8525 6988
8132 4204
9513 978
5405 2828
6503 476
5652 3608
4310 1286
7142 7522
1923 8115
8016 4788
8227 4334
1045 3416
7462 5254
634 9331
5675 5699
6043 1665
9797 9525
5911 5152
7070 1468
189 3696
5329 4653
9602 6805
7118 8189
6429 4589
747 7407
8324 9226
9608 5802
6049 1595
2667 6704
5552 4581
5703 7194
5888 2401
3827 4147
2695 8608
6883 5289
9734 2881
7910 4491
7929 303
8088 2511
4513 8537
1142 8322
9617 3155
9265 4244
8128 1271
3601 6176
7070 6176
8106 3504
8306 1314
5230 571
5463 3811
2183 5521
1342 8697
7465 9185
8471 5816
3989 3404
1370 6357
1634 8990
8080 8182
7416 6561
8546 1910
7537 1603
804 3995
3782 7104
9802 7728
9620 7459
9894 492
5782 5118
9440 438
4606 4634
6799 4764
8484 4716
9467 806
9384 9439
9304 8018
4916 6516
4632 8972
5487 5322
8800 4692
5010 5397
8562 699
6488 5136
2949 4025
3 6138
5836 4572
8998 4155
7626 4519
3610 6781
4603 4605
7797 4257
6560 2100
399 9413
4713 3726
6616 7284
8380 4613
6996 5784
8860 5595
5437 7963
6462 1569
9541 4910
4504 964
7008 4074
113 4418
7410 2805
2969 431
7315 1750
7340 5895
6383 1132
9713 937
2377 7051
7607 88
7493 66
1790 8194
6266 4259
1320 8394
7424 1284
436 4060
9899 6087
4643 6124
212 1054
7142 5506
173 3915
5806 7657
8871 9931
4417 6306
5738 7639
1711 4608
7261 1787
5718 4920
5629 6011
7712 8633
5508 4967
3565 6440
7356 4010
8645 7117
8357 5630
1605 2118
2250 8421
384 2944
8912 901
3730 6134
4916 5207
1739 2612
8267 754
689 4074
4573 5893
3238 9055
7203 4941
6023 7748
5301 5548
5590 9214
6695 1617
9997 5790
2191 7854
1606 8067
7981 6821
8506 5623
6695 979
7091 1065
9518 8564
8911 5528
5977 210
9102 3109
7821 537
5022 1680
6938 8326
8124 5413
7767 6573
8123 3090
4365 6105
8861 9355
5712 7347
7386 9096
2672 6972
186 4374
4764 5707
7238 2781
7161 5078
2898 6991
9519 8393
302 2635
8344 5165
8965 1540
4092 2541
6536 2402
6236 5896
8895 4779
7428 7264
6028 7853
2501 7211
3634 6012
6636 9515
8501 8122
8217 1044
5610 6638
9383 1191
4992 1112
5726 2425
5921 7210
9776 4276
6452 6437
2090 7388
9167 5709
2901 742
9558 755
6823 7283
8606 7398
7624 6514
3682 5773
1956 7918
9643 1244
7546 9978
4435 6425
6926 7115
5233 5093
8765 5292
6921 5724
8137 9893
4008 7785
5233 8921
4924 1112
8559 8426
2757 7944
9465 3164
1087 2113
7079 2118
1092 5611
6104 6382
6917 5093
4270 8436
1549 6466
9107 8043
65 1054
505 9728
8027 3475
3691 5467
4716 9690
9526 4176
2139 7993
4795 6950
4280 205
6502 5237
9432 5480
5993 1833
9216 8565
5090 9235
4987 7565
6811 8552
5969 5905
6574 4438
8504 9411
6877 3313
390 9489
6084 6911
7148 7419
8036 2777
7137 1668
5184 238
4508 9638
2378 7758
7629 1721
1379 8282
28 4154
1653 3009
8750 139
5510 902
2368 6783
9136 5989
6773 1772
7334 6418
6740 1595
795 1378
6677 5861
4110 6307
5401 478
8251 7639
8284 7965
8191 7508
1025 7883
8358 6044
3921 6413
2233 8292
8047 7994
9441 3569
3127 4044
7563 6605
923 8896
3415 6433
1243 8986
1281 8869
9729 4731
3678 5351
7113 2203
791 2854
5535 4857
6154 5509
6055 2943
1119 8583
6211 7620
5305 5334
5938 8136
9926 3331
9056 3969
6889 3599
7952 8492
6555 6234
6289 751
708 9622
619 9693
4789 3962
4683 5292
2537 7080
98 8386
6735 4220
4181 9740
8519 4676
9377 5753
8820 4753
3833 2763
7010 6261
8532 6601
7380 839
1037 6126
7763 2828
9948 9253
5726 242
7226 6644
2267 7233
6416 5643
6015 3084
8534 5599
7268 5185
2706 6871
7484 7
7561 9909
7619 5829
2450 8378
8900 7992
9127 3610
6884 5874
6166 261
8982 7838
4057 5494
7338 6718
7280 2018
9525 1670
3823 7542
2726 8663
7586 1981
3112 8698
145 9885
25 7196
5755 1831
6053 8578
8977 4726
6363 6409
4218 7146
6616 6854
8241 8598
7787 142
7278 939
9799 4510
5551 6466
6868 2990
7621 3264
7835 218
9996 9670
8820 6706
243 8707
8378 4258
9510 5575
9080 3218
5212 7042
4535 3941
79 913
5895 6168
2398 8550
6938 7556
2065 7703
971 9796
9395 2448
7893 6064
4055 6463
1122 8509
4413 3547
3823 7388
853 3774
8031 866
6298 3152
5044 6010
6307 5824
2620 6276
2993 2437
3469 8553
8531 7604
4410 6403
7699 3955
8942 9044
7962 5726
8741 6925
5672 5843
9360 9822
5167 3461
4896 6381
3783 6246
7437 284
9770 537
246 7131
9355 8660
497 3366
7150 3983
4496 2246
4142 8250
6491 6970
4958 1108
5892 720
7646 7224
5046 8576
7355 4271
2407 7722
9505 504
9728 4862
4770 5230
9942 9746
3026 6540
5360 8973
1915 965
8506 9106
1287 8715
2371 2673
6868 5064
7250 1868
7893 1071
40 5089
7199 2051
6951 4689
8673 5054
90 2960
4032 6410
9374 9302
8054 1518
5229 4446
2296 7724
9125 4253
61 7893
3080 8214
5992 8031
9661 8168
8108 8664
1638 2241
2699 6536
4154 7720
7652 6169
7700 7149
3155 5849
8359 6296
6125 7068
2297 8335
1369 3370
7587 303
6184 7419
9099 5813
6738 2343
9449 9867
9119 2264
6388 9549
8385 4749
8323 3871
8298 5684
5181 9370
8720 160
6840 261
7331 6240
9688 700
8741 8096
6018 6196
2887 8815
157 9011
2426 6656
8375 2870
9669 5826
4101 5597
3571 8028
3959 3069
9690 781
9315 575
5796 6353
4785 8889
2109 2375
8775 4911
9541 7748
5914 2552
6747 6462
6873 1583
9215 6531
193 2818
5387 2025
8792 5530
920 6795
7880 3399
6291 6187
8317 8275
3599 1980
6061 9288
382 9600
3735 9797
9515 3121
5720 8586
9618 7042
2276 7075
2478 7438
9937 9796
5928 1417
5346 3276
6333 8376
8115 5637
24 4042
6118 1434
7703 9750
8448 6228
8210 5682
4379 9238
368 8812
6769 1480
8017 4320
144 287
9093 9906
2454 7058
8116 7151
4351 4831
550 4852
8243 4259
1454 8785
9756 9697
970 7015
2891 9655
8793 9915
8556 9185
5664 4767
3099 4128
2599 6514
4263 6151
6270 870
1186 8598
9778 3076
5334 776
562 4044
3644 6816
8901 4200
8745 7516
4546 8839
795 5414
5732 6829
6100 1483
1390 5251
7223 387
5186 5200
7029 7575
4808 3182
7010 6924
5890 6484
113 9150
3112 7012
8023 8289
6804 8252
9403 6001
7561 2193
646 4545
1231 8582
9247 3538
3247 6684
3112 6639
8050 8773
6690 9584
4919 5013
1146 8394
6997 21
8248 1475
2741 6997
5175 4035
6400 6483
8270 4611
3851 8375
4215 3584
2097 8509
3074 3616
741 5312
8772 5352
2194 7767
520 9630
6879 5928
7178 828
2049 7385
8790 8789
1855 7928
6706 1921
7342 7123
4388 2056
4200 8421
9601 1011
7219 7281
6357 7545
6957 5066
9019 1329
2769 7567
8324 278
6750 651
6846 9664
7496 4413
9417 4084
1551 7229
1860 7081
8835 3090
8409 5691
4470 7728
6334 5733
6490 1142
4152 8501
5775 8744
6670 9065
3025 6890
8216 3691
535 4295
8029 1241
8790 6852
1089 5900
7793 332
5564 9584
9202 4172
7229 2096
6419 1733
9954 5842
7657 3031
8 3996
1942 7658
7621 4951
7785 7646
4133 5612
7443 5322
5379 5868
3465 5827
3539 9977
5082 3137
8713 9434
336 8757
6722 579
7139 3491
5397 6037
5292 6887
7742 4544
8432 561
6058 5374
3757 8191
7218 6264
5498 5451
8826 6378
2923 5521
6332 6436
7560 1125
5338 7384
6246 4792
7966 6279
5836 8685
1889 8832
44 3229
7980 557
6856 6005
4458 7083
712 5759
616 3576
3469 6196
6502 36
480 2340
8611 6668
9612 8468
9208 7332
1311 9327
6841 6003
5875 697
4866 6769
7106 1318
5698 6104
9766 7070
8423 8050
1317 8848
8011 3001
4189 7546
8053 1277
4612 8057
1546 7624
7277 1321
4677 7485
2731 7412
2998 5806
5397 9122
7326 5499
5560 2504
6137 1433
991 6589
2949 7719
8059 5944
2235 7589
2799 6499
6059 9772
3029 6961
861 9368
5145 2118
1443 2670
4838 4670
2255 9904
6059 1406
5726 5138
5907 1766
733 4874
1568 3195
3492 6318
4695 5035
9891 4575
7679 1988
7752 1972
5029 2845
4694 4698
951 8745
9051 3286
3611 6391
7519 803
8886 6224
6738 912
5953 5975
7905 9282
6444 7726
4768 7477
6544 4286
9475 1376
2799 9077
8063 5374
3497 259
1313 4644
6952 4116
8434 4908
7838 7772
3608 477
8563 8176
9076 6446
9966 273
4120 8501
7366 1253
1059 3308
7384 8440
7000 5625
9459 2693
8097 505
9006 7326
2441 7396
6757 4034
9770 5178
1193 9022
8592 6225
2423 8430
1526 8184
8349 9392
7549 3301
7554 9652
5752 9852
1697 7922
6597 6646
868 3345
5836 9028
5464 5629
7358 853
6802 7954
1250 902
1652 8301
2389 8122
3564 6920
1112 7124
8422 5418
5241 3198
5952 2041
6880 7729
236 107
6136 3110
6992 7790
8740 6258
9033 4116
8245 7447
2513 1368
6038 7190
6902 6212
9133 5780
4225 7052
3329 6649
5991 5766
7159 849
8796 7177
8852 4863
3469 1412
4891 3614
5805 5383
1147 4435
191 5675
7469 5132
684 2984
4291 6215
3650 6713
2554 7533
7796 6286
7124 7285
3626 6355
3 2627
5976 4568
7360 7152
6970 5542
7673 5284
7989 5261
7277 1003
8961 9478
6352 1593
6719 7128
1946 9348
9856 4552
5499 3483
3034 7769
8296 9698
2948 9243
7480 6551
4596 6195
7369 3831
3372 5140
4726 8376
2971 1418
9591 6504
6779 3327
1844 8029
250 9278
7149 6164
2316 6972
6268 9304
9218 2057
6492 5485
7699 1234
7980 5683
2099 8026
5105 9576
6070 3168
9739 5557
5643 8842
8795 6691
8518 5888
9068 1745
9276 462
5609 7245
6997 0
8521 5484
2833 9274
2734 6937
7648 7545
3785 5965
6299 1275
6810 5134
7602 4576
249 5503
6211 8517
6672 3479
9574 7187
6797 7940
6106 5728
5187 5687
2693 9272
819 4056
6088 7750
5047 2121
8054 7163
7788 5503
736 9390
6173 5758
7884 2438
632 8286
1205 9051
1043 8235
6581 5818
7137 4724
6961 5810
9381 6885
6229 6678
7326 7134
8323 6951
8370 3499
4467 6133
8274 2628
1923 7911
782 5871
7012 9689
6422 2010
5591 8763
6774 628
5119 9478
9542 9934
6390 1504
2374 7150
4952 6304
8602 7511
5071 8619
4987 9034
8446 7263
541 1477
7389 1775
8004 5346
6177 8608
2674 7383
6018 4908
8389 7668
5934 1122
6606 5981
9245 7738
6586 1838
3502 4389
7354 4419
9690 3020
5020 8142
6613 3252
2230 9599
7718 1842
7912 2122
5025 9010
6174 2423
9284 5077
6693 1002
7074 56
7431 7038
5964 8477
571 4716
1234 9081
6687 6440
6914 9637
1429 280
2527 7728
7910 3073
7633 55
8489 4735
6129 2887
6989 1530
8137 3529
1353 8665
1738 7832
167 323
3987 6142
3943 5312
7992 9383
4054 6577
6630 6737
6788 2973
5275 8609
7773 6077
2419 8989
7308 8378
4834 4702
9644 9539
7864 2445
7732 6310
8528 7529
9469 9
9161 5226
7200 1318
6995 5644
45 2934
9729 7898
2677 7132
2845 4873
1210 986
2259 319
3902 4475
565 955
7055 3716
3377 9995
7818 6713
7512 3668
64 1468
4360 1246
9078 5326
4052 7280
5699 3679
7393 5931
4310 4134
204 5011
5453 6921
5466 3593
7084 5441
5616 4175
7579 7635
7277 7562
6204 5019
7611 4963
1556 8173
1485 9461
0 9683
