56 2524
3220 1808
4569 8981
6792 3175
9632 3790
9713 4767
5080 645
7974 4349
2619 2049
9264 6926
6628 3603
3132 2454
9635 4065
8709 638
1588 3937
3131 2839
4760 4733
2781 1594
5934 4884
7740 8589
3624 413
9645 7498
4942 3052
1040 9703
9499 1702
7932 4100
9852 2723
5373 1289
4512 1369
3627 158
7965 9875
9010 7023
5239 2637
9425 706
2173 2353
9321 5838
6052 9835
4459 3550
3176 2738
7318 8608
165 2012
8575 5001
6121 6264
9002 4516
4511 1610
7724 6034
5907 3531
4073 3370
2167 1384
7341 4432
9442 6285
3023 3440
5761 3333
7724 4578
6754 4980
1365 8429
7306 3507
7472 9955
8409 3634
2436 1284
8191 7612
7930 5442
6391 5836
9578 3148
421 2625
3677 149
4061 2735
9507 6242
8880 5326
9602 2049
9240 5080
8021 7816
7030 2008
8710 1473
286 8937
8675 6470
4963 3716
7314 6089
5429 5474
6790 2184
147 4698
6579 2903
7731 4198
3673 2608
26 5082
3491 3391
2396 1318
2744 2559
7702 3353
5863 3492
1738 823
6246 75
8876 7296
9189 8510
7577 1372
7645 5299
8740 6963
4013 2160
9303 1298
6975 3109
7755 3895
9969 1567
4053 2232
1497 738
1896 3373
2521 2113
1857 4019
3175 2228
6991 5835
6089 105
3842 1990
2042 1068
4132 2497
1610 1145
3495 9610
8422 4824
321 3148
4704 593
9710 5714
2846 2290
68 1241
7792 9532
3286 2302
7766 6590
4889 2072
7843 8271
7710 3720
234 2478
6207 5465
1685 1180
5557 7046
2277 4618
6388 4988
6132 3979
700 6563
9879 2037
9758 4865
7292 5251
4506 2312
1298 3107
5507 1568
2434 1276
2521 2476
3205 2879
2839 2264
5453 1862
7102 8393
9369 1907
5210 7059
2838 2039
4495 2503
4638 5441
7893 3266
9972 1833
5381 3944
7207 1657
1949 1239
7462 5968
4654 2941
6620 4978
9453 6866
5912 4254
8985 6123
9817 2569
415 2507
1008 3546
7636 9094
5260 3775
5678 3125
5525 668
5825 2241
7201 3015
3330 2743
6702 5254
1770 985
2622 936
1616 4045
9771 5841
6256 3367
8405 8000
6647 9259
1232 3790
9032 4226
7260 7387
6338 3436
3861 2644
7304 6527
5312 5255
4584 3533
4832 5441
4341 2314
1114 9023
3525 3454
7924 4928
4016 2639
2073 4261
6753 8086
7070 6481
9253 1542
8137 2039
4986 1190
4711 2154
8608 5596
9192 9296
513 1078
8602 5638
6400 2341
1193 3137
85 2177
7819 4883
7549 1761
8462 1313
9869 2569
9568 9402
7665 6896
4796 4039
7764 9907
5771 5823
8734 7375
8477 22
6297 3883
8727 3431
1552 1246
3495 5631
6941 3087
421 2405
3643 2411
7886 3903
6927 8601
5348 4758
6068 3952
894 6157
3446 2476
5834 3605
6033 696
6756 1994
8313 8113
5685 3396
8547 2538
7447 3159
1782 8510
7514 1757
9434 4618
649 4604
628 7928
9039 7206
1680 1408
4574 2897
7200 4572
4444 3196
7685 5812
9719 6821
4292 2281
8365 6331
3888 5495
1026 9142
2490 1398
5947 1015
7833 9359
2764 5430
2011 3386
6855 6788
1020 2682
7297 5443
6364 4192
9028 6796
5473 2263
1055 1742
144 1592
4793 1637
7874 5954
3578 2766
6262 4445
4376 3420
9475 1599
2524 2042
4682 3346
7559 3620
6551 4404
1700 6741
6330 4292
3207 5460
3812 1927
4069 2486
9092 3904
2053 1760
6662 829
9718 5764
6444 5482
3210 5385
7801 2945
8367 5571
9219 6754
5627 3502
31 4028
6950 5173
8162 2843
8858 3486
4394 188
9959 5044
704 5181
8693 4321
9457 3256
8212 3868
5318 3053
2346 2404
9661 6289
6683 5740
8046 1477
6524 4175
5337 1876
1661 6767
608 2970
126 715
8636 4811
5485 4599
7110 5934
6768 8943
4430 3916
5603 2870
2781 1406
7501 9202
8326 3049
9760 5113
6264 5096
9697 1121
4504 3801
7655 7347
6468 9212
2222 1564
306 9290
3487 2736
8800 5039
9987 1713
8258 7496
9676 1183
4829 3368
9562 932
7593 6288
7390 5471
3891 2447
9698 2253
4981 2864
8211 5434
7366 9171
6063 2868
4083 6000
8366 7708
3923 1581
3639 4711
1945 2050
6284 8614
9735 2967
6633 4301
7021 6512
2564 2473
7996 1466
4399 3532
6802 2160
6331 7499
5103 4408
9275 6365
1509 4264
1056 3501
7998 608
9565 6432
7510 4317
4151 3668
3135 2382
646 2784
5961 3736
4197 113
8228 5212
377 7125
1265 2569
518 2491
473 2074
9632 2149
7195 4548
6463 9617
3723 458
5207 7596
5439 3781
2386 578
9881 2481
1565 1634
4142 3596
8801 6049
55 6292
7418 4332
9087 4542
7253 3856
3720 3988
1814 653
7688 2472
9439 154
8022 3400
4395 3488
7950 3969
3496 2522
2658 1423
9036 4761
673 9989
5750 3916
7264 5069
5519 7201
6687 8849
896 2455
76 2536
5430 6714
6676 4984
7913 3614
2171 3937
8023 776
7896 2658
8732 944
3076 745
5976 3855
1682 3629
4432 3905
4333 3783
8117 3529
9432 4473
7243 7840
6789 6358
7664 9819
7622 3586
2842 1746
1659 1021
4165 9833
1603 4095
8716 3601
9488 145
4654 3172
3513 903
9370 6196
6119 9802
6109 1881
3961 3888
3087 2866
8599 2383
373 3824
6495 9680
4688 3615
4471 5832
6649 4225
246 6200
7236 3384
7557 172
7639 4146
5510 2002
8611 1426
7187 3793
8150 6055
5337 2690
7178 3006
1536 905
5319 5116
3053 2329
159 4632
3606 2770
8628 7378
4689 4082
1904 779
6003 5933
7201 4077
850 2944
9899 9532
7457 5171
2147 1216
2901 595
8677 5060
5566 275
62 5085
2545 1899
9962 2534
7769 189
9108 7089
3924 2944
4915 3468
9494 4006
5989 6272
2146 698
3349 1401
9002 4972
7784 5458
8696 319
639 4953
9679 6797
3015 1412
6658 4529
5532 5129
7421 387
1221 2339
1669 3369
6278 2438
215 1772
4821 2642
7243 5713
4022 9644
292 2141
8376 4551
3421 607
9323 9349
8358 1235
3053 2957
1673 3524
9667 2105
306 2798
7070 9061
8835 3789
3790 2432
5746 2964
3277 1618
5542 1099
6094 4873
7291 8800
5525 372
797 3072
3393 1075
5145 4172
3678 3539
1165 3584
8255 5056
2317 2893
9222 6794
8757 1102
5959 4950
6871 8442
8985 7116
3496 3647
9531 1133
101 1089
8317 7102
3519 2584
4054 6800
8041 3491
7555 8064
1534 942
53 2775
6438 1771
9608 1358
6712 3731
6217 8713
5039 1013
6647 4425
8812 5625
9432 2035
4149 3546
5655 4781
5738 3238
6867 9388
7900 7056
5934 3936
6613 4633
6310 7750
9301 8906
9468 681
2354 1741
7085 9058
7651 1333
9382 1252
597 3261
9372 5668
3625 9409
9004 6590
4663 2805
3424 2036
3094 4296
8740 4939
8025 3236
3343 799
9810 2080
7691 4559
1263 3880
9754 4399
7666 4322
6298 5129
5556 205
5600 4827
8700 1460
2409 872
9034 1341
353 5851
5421 4339
8507 4012
732 285
8501 6970
3701 4657
6201 4041
3479 2106
3162 1904
8349 2936
9390 5038
437 4165
5886 7189
7880 4709
8045 2790
9272 8051
6851 3633
4725 1049
9716 4421
4825 4025
5665 2690
8812 6086
1270 612
7671 2585
7208 8602
154 7461
3179 1031
6639 7483
4619 1045
6794 8216
2411 3940
9247 6399
482 7303
8769 6366
4147 3831
9329 5422
2744 708
5752 2182
5628 3086
6047 3564
4776 3629
4309 2028
7451 4665
8270 6654
9925 3057
4033 3930
8098 2118
8348 1735
6985 8807
4416 3322
4891 168
3839 6050
2376 698
471 8699
5419 3033
8017 6595
4640 3597
2715 1332
1646 4092
2960 2002
3873 5001
6725 9117
7018 5169
9017 5168
9832 4563
3174 3688
5845 4574
4000 2189
7025 4390
3215 2148
4211 3275
801 6516
8129 4333
1491 3436
504 9527
6801 6079
7719 5746
7556 1667
9417 7331
7519 3851
7011 4613
2950 2523
3380 2336
6625 6792
6657 4875
2250 162
4783 4790
7397 7128
5659 4052
7612 637
6188 2446
8875 6229
8994 2394
8207 2652
2934 3045
4844 2972
3140 2741
6041 6633
5331 4896
377 2000
9638 7047
9507 1194
7879 1925
8648 5176
4835 2334
1047 3637
3782 1835
296 2542
9499 2952
1096 3794
8071 4462
5200 4188
1280 7636
7994 6722
2227 1588
7045 4480
8506 4395
6783 4739
8497 7464
2685 4919
5865 5831
8005 5397
6169 351
4511 3534
9948 2117
729 3834
1698 3058
925 776
2320 4947
6822 5876
4589 1509
9505 1669
8066 2824
4618 4541
5898 1555
2326 1845
5301 253
2485 9831
7180 4802
6923 4997
4250 3247
7721 138
6566 6565
5637 2575
4636 8917
1335 3248
8171 5707
6145 3539
6931 2233
6148 9960
1702 826
1135 3488
5842 6247
8139 6843
5295 4388
3005 2519
3105 2606
7296 116
7628 3329
7844 5168
9660 6772
7023 8588
7557 5520
5660 2005
7932 5546
7957 7854
2483 2070
5573 810
2675 1831
9868 2758
4702 3506
8666 4494
7053 3893
7775 8344
8335 6875
8403 3217
7612 4036
3393 2641
6276 3563
8732 4561
1069 7806
8546 5337
362 3514
6543 6536
4658 1714
1064 408
907 2639
5568 3067
588 2779
5718 4323
4897 4625
6174 7837
8886 6991
3620 5815
8702 5333
1220 5243
6544 3620
4919 564
3034 2536
9123 6000
3392 2918
9008 3575
8698 4810
8613 2371
5579 6357
42 2619
7205 7422
1246 7451
1212 3373
9188 4938
7054 5568
7591 3149
8098 4005
2725 8853
8869 9135
5648 4478
3087 5184
1914 797
7474 3094
1741 4289
7467 2826
389 8338
8661 3300
6376 3761
6310 4490
7784 1864
8263 3290
9876 2845
9765 6504
5829 2725
9403 1987
8469 6284
4520 5796
4500 305
782 3164
213 8197
7209 3963
8791 2893
4812 4857
3087 1634
6762 2785
7827 4012
9793 6086
4309 4422
5786 3113
1900 1141
9575 2974
8703 6312
2427 1969
3684 2792
7755 7821
209 2871
3151 2414
7088 3156
4858 3553
115 2943
8755 3734
6157 9068
4297 7049
717 2639
7679 5323
5723 2576
8443 4258
4986 4498
8021 4269
7873 987
4205 4836
8698 1924
6930 7944
3416 2317
9439 5799
7406 8547
7926 5056
4888 6442
6940 1578
7484 3399
1330 3481
6067 3410
2656 2076
9483 5469
7386 5721
9300 923
2984 6981
7591 9653
4133 2609
7972 4506
8494 3419
6293 167
600 2710
1893 3715
7785 3596
5508 5230
8481 6863
113 7812
4152 4693
8067 5417
9675 8649
7672 4924
2112 4284
4552 3617
663 3031
9823 9450
3808 3428
4132 2994
3443 2512
5217 3970
7236 12
8426 3814
8661 6686
4522 67
8687 6329
5948 4225
5300 1417
1555 7898
2639 1856
9010 1097
6228 9877
6374 2612
8155 1751
8331 3554
8336 4163
6900 9079
9870 6277
4356 1589
8650 3535
6931 8694
6227 3245
599 4011
7744 3958
6232 3323
2520 3044
8494 1832
7796 9932
2946 5138
8392 1555
9167 3129
1817 2255
9710 2733
2552 1541
2669 2880
4231 5205
3857 3832
5104 3409
8916 1417
2510 757
4275 4610
5418 981
4568 9558
5214 1596
6699 3217
1168 654
6643 6928
6538 7549
3954 3104
7245 2423
4881 2591
6852 5875
8296 7458
3850 4889
4274 4542
1624 3121
8523 5291
17 9424
6322 318
7813 6034
3025 2267
5596 6221
8192 23
9477 5783
2627 4558
9586 2163
47 4198
7992 3381
6301 9950
3278 2834
5250 4765
4993 4206
2626 1596
8220 5904
3070 8403
9130 4893
3188 1219
9837 3443
7074 5034
1469 865
8450 6073
2296 679
7205 9165
9040 4977
9363 3681
9329 6657
1289 1464
5596 5681
3326 1575
6803 6503
4176 6935
7923 3150
309 2990
9745 484
614 2314
4964 4012
9957 2698
4565 3140
589 9805
3390 2090
1363 3075
7117 4563
2944 2269
7734 4568
2068 4813
8693 3333
6663 4249
7646 5623
359 1242
7706 9838
7831 8112
9798 1334
1024 1924
8518 5143
2212 1452
8475 4278
9184 6544
6686 9229
8107 3967
4748 1103
580 7109
9025 5626
6369 7428
9786 699
4445 4484
7449 2547
9694 2458
2238 520
4883 3254
6484 1523
8657 1644
9754 6121
5202 1170
13 1526
9838 2853
6234 3977
7819 2759
6535 8255
2430 2532
7228 4277
9150 7031
5349 4343
7400 4389
2343 3961
1667 541
8474 3629
972 9717
818 125
5254 4227
4532 6829
8301 3823
7766 9815
6033 4602
7995 4045
5807 1666
8297 4612
6755 4214
5554 2654
6666 8306
2681 4751
407 2332
8240 6063
6838 1624
7766 4423
7892 4419
8454 3548
1296 3253
3959 1203
1825 9381
6431 3457
8546 598
9569 6209
7599 5779
7217 4136
8476 4182
7884 4307
5843 253
8840 5956
2130 424
2951 1879
3241 1718
2546 747
5802 4538
8718 682
7473 5086
2074 3268
5072 3386
7790 5961
5307 6932
6267 4759
7469 5646
5941 1885
7843 4661
6205 4555
3016 2623
4042 3401
2115 3570
7467 963
8056 195
1395 2463
729 2602
6082 2763
5201 1931
607 2496
7285 6355
8468 5014
2506 4480
6511 9707
9130 1686
466 1819
8778 5176
9134 1805
38 6253
7583 4593
8771 1609
3059 5078
4571 3992
9205 939
5147 4044
8179 5238
3389 5828
5440 2985
9923 1978
888 9554
3792 3100
5295 3012
5074 1881
64 1299
7232 296
45 648
8523 5578
8628 3645
9842 714
284 1833
5306 7865
7060 4915
3662 1269
4969 2209
496 5773
4972 4578
9048 6073
9556 2013
1554 496
6784 5016
9558 6409
4622 2515
8158 8575
9570 6648
7051 2592
6224 5932
4010 1578
3732 3965
1399 185
7135 5480
4427 3709
8624 7300
2148 4064
8833 3501
8217 7964
7642 3303
146 2900
236 8535
2066 3658
9838 9445
5545 1456
5085 3012
6045 5714
3330 929
3951 2036
7838 6633
7794 4720
4398 626
248 9304
8894 5596
9221 6894
4791 5575
155 3520
2905 1581
3745 3135
6381 128
286 1953
2237 1158
4961 6108
6633 2972
8300 5616
7795 4577
4845 4993
6998 6219
7148 1468
3275 2547
5344 1299
4177 2993
9761 9323
8563 7423
4508 3507
8578 5862
7615 4237
7805 4892
2477 1377
8131 4913
6053 154
9789 1550
7864 3257
6833 8896
260 8882
3463 2230
858 4407
2533 3757
2447 1884
8619 6249
7162 1874
4545 1596
6702 8305
8071 3936
8622 3959
2304 9648
802 2907
5278 958
6219 3052
9496 1719
6124 865
7626 4345
8857 829
6502 9039
7494 5092
7122 3908
2361 1178
8986 3948
9249 3684
9769 2142
8831 1859
7887 2399
1170 9574
2245 8816
7854 4473
5615 4901
6620 9295
3099 2726
4794 4120
5335 4587
8641 9956
8494 2066
9385 2911
2904 2486
7044 8661
7770 8307
7972 4586
2084 7564
6222 3750
1820 9998
7261 4610
8560 5021
138 1798
7719 5982
9368 1667
1054 4393
7497 4068
7393 5408
1930 1174
3062 276
561 5134
6208 7499
9264 648
8329 8247
8682 0
1036 3743
6365 3510
7723 1872
1106 4332
5517 4060
8076 3344
4887 4301
5463 9601
2134 4136
8392 8833
6898 8332
3627 2426
7742 5161
7063 1080
6297 4287
4933 2318
3255 1471
9882 2804
5213 651
1707 886
1379 7091
7019 4542
6672 7058
9254 4525
518 3092
1932 860
5244 5226
9955 1948
8140 4244
9377 2645
3371 1430
7359 3041
2042 1262
6332 7259
2899 388
5060 5410
209 4184
6726 8992
8559 5661
5878 6122
655 3367
228 6003
7098 4699
6211 3707
3370 2984
40 5165
8594 5395
7014 3393
9031 1311
4407 9661
9478 5414
7935 182
5924 9922
8931 3295
7798 3330
7266 3357
3293 9602
7128 4030
99 1930
5229 3102
8447 1417
7223 8993
2476 4361
8202 5787
5653 9665
8586 2106
8926 4914
8206 5119
5668 3148
8961 1494
3556 2863
7316 4467
5580 4612
5365 1655
1123 5906
7871 4725
3488 220
1870 507
9923 5373
4526 4010
827 3670
5645 4719
6223 4430
4315 1431
3631 2376
6650 2139
8682 4158
6383 2698
567 3221
6415 701
8711 6436
6588 3661
6772 35
9643 6416
6800 4972
5847 8618
8035 4581
3177 5445
5467 898
6434 4771
4866 3152
6096 1594
891 3317
419 2275
9266 3661
1639 3067
5930 3633
9949 3574
517 9119
156 2166
3871 1553
8521 2231
3264 1369
5653 4034
1374 4840
5997 546
9580 4732
6659 3963
949 117
2 2229
6893 2409
3119 1661
5231 3752
7436 9518
5320 3192
8195 5714
5043 4375
7313 3785
5774 7334
8144 3453
9352 2285
9457 6588
9738 4392
6287 276
5218 4757
8703 2370
7863 258
9958 6381
3349 2918
4525 7014
7156 4746
8965 1961
3041 3668
9578 7408
4268 3453
8387 7762
6433 5699
7050 8785
4049 3643
2216 265
5143 1177
7281 4718
7145 5877
3843 2756
9516 4027
785 6385
5810 6186
1302 7923
7630 7797
4501 2469
660 5832
4795 62
412 3142
8922 6069
8203 8417
5930 3227
2545 1420
6262 3291
3710 4720
134 1184
5972 2326
32 2368
9394 5246
9880 9161
8093 710
4821 5425
8537 3459
731 2342
8940 2946
2982 2562
7515 1901
8176 7654
7595 3587
7232 8114
1405 2700
8594 4151
1077 3774
843 3607
262 3970
6277 9849
8655 9350
5338 30
4216 5179
3964 119
7732 6077
3864 5285
1274 3012
8556 862
2067 2648
9940 6186
28 3924
8552 2405
7291 8671
7934 3295
6653 3167
7797 5770
5253 2444
8282 5927
7310 4748
421 1905
8844 1795
3906 3682
1950 792
3869 2897
7875 6628
9395 5955
9409 1838
7872 9857
2983 4201
7387 8616
8634 1432
7929 39
8373 5040
9305 3702
2033 1585
5745 4195
6767 1588
1313 2427
7789 3527
4231 3635
8599 4750
9996 4235
5586 4737
7293 6779
2366 1622
8707 5716
287 2188
9624 5796
7235 4559
9204 7425
5449 274
9231 5047
2214 2018
4865 4015
2963 1059
9715 7756
6472 3001
7141 6888
6757 2841
7694 4211
8840 7269
5262 3952
2528 349
721 2686
7318 7194
1727 3189
6077 2672
7080 3121
5668 2015
7857 8002
4934 4091
5957 2383
6373 2972
1536 890
6580 4088
2628 673
2309 4340
7388 2312
509 2335
8629 4173
3373 3307
5733 2531
7989 4258
5389 4527
6712 5146
7165 6031
2813 876
1101 3679
8246 3775
9821 5927
4098 9610
82 2504
1973 1658
7892 8732
8278 4975
9663 4294
1721 3774
7970 8651
8793 2717
3090 2294
4635 3026
5362 502
9742 5081
815 2948
8726 6190
4218 2823
1302 34
8543 7237
4248 4980
6570 2680
7228 9856
7203 4350
7281 4678
1413 2839
6699 4179
247 2469
6717 8248
8483 3695
9364 1607
2896 2055
6776 8154
3668 814
1633 7494
2333 1798
4021 3333
9509 6428
649 3531
4575 3361
7427 3276
6923 2431
1363 3023
970 3357
8811 7029
174 1846
7451 5439
9919 2390
5877 4600
7109 4018
7978 37
3190 2623
7292 1138
7304 3327
3115 5747
7962 5133
4096 4042
3001 7302
3134 4039
7296 3737
9460 6921
810 1656
8341 9595
3819 3095
6515 4191
8730 4043
9056 4393
7915 4010
8430 1981
4074 3092
6942 1145
9445 6276
4690 9188
9002 3720
8706 8008
4181 3074
7421 9258
7526 6305
8910 604
4103 1025
9717 1078
3565 2927
279 2491
2473 4306
7721 6108
8430 9686
8761 7162
6489 4295
6234 627
2097 4177
8838 7301
1066 4303
8122 7705
7794 9331
3144 4717
8919 7756
916 2036
4851 523
6740 5166
1103 2802
556 3307
8981 4698
7744 4347
7061 2139
1529 2766
6255 1602
9333 3815
6067 9773
3137 1945
4038 3366
8954 786
5171 6597
9355 1618
4454 6462
224 2136
7307 6458
7193 8422
9703 8982
9119 4910
5411 2121
7383 3335
5055 7361
7348 2294
5542 1149
8020 9633
1773 2959
7745 2869
9526 6438
3049 1437
4683 4950
5755 7156
6793 3096
8327 6379
6574 3137
3546 4494
8223 4866
9113 117
3385 2675
8648 3437
7958 3893
5455 8067
8097 4991
9873 9411
9658 1646
148 9864
6962 3790
9691 1270
807 3120
9400 3687
2358 1797
4332 5235
3893 1926
4717 4179
9406 2045
338 2125
1901 7155
9979 3255
9263 8943
5892 5430
2513 6901
5376 5019
5311 4401
8850 3934
7497 4455
11 1622
7666 2952
9336 4173
956 7134
9536 1229
1609 1655
2348 1500
5499 1419
9876 2088
7035 4546
8250 4320
103 6549
7236 3224
8614 4453
4774 3494
8520 4409
2551 3787
2859 1688
9173 1936
3814 3192
8889 6872
5651 4935
4459 2292
8778 6812
5931 6975
8068 120
139 5311
8930 2070
9881 5972
5340 1933
9334 3853
6030 7978
6860 2986
7119 2917
2723 1777
7619 4286
9028 1976
3477 3291
1131 2839
7819 6037
3512 1528
7557 2361
6909 8067
1705 1204
4717 3472
1358 1654
317 3610
6309 4661
4864 6267
8141 8015
8041 7699
4041 3490
7691 4288
5720 9900
8173 801
5995 9839
31 7309
6866 4556
2851 1530
6824 538
334 9153
8849 6008
6486 808
3602 5599
9828 2536
7614 5352
3234 1825
7282 3487
5838 9748
7724 9281
1620 3330
2665 9517
8347 1452
9605 2765
2097 1454
7249 2379
5901 3393
4486 5659
2507 7853
7850 5377
5297 4446
135 1372
8138 676
2631 1360
4945 3586
5581 3567
3833 2921
580 447
8310 4809
7683 4827
7493 874
4857 1523
7411 3056
4845 4401
8370 4036
6840 2566
9215 2178
9855 5922
5592 665
6529 9205
9898 1682
7125 8067
6635 3630
5434 2442
2719 3701
3562 2929
9305 2601
190 1815
6392 7780
2010 2337
9310 2536
166 6153
6096 1896
7902 4847
64 2349
7325 4314
807 672
6469 9173
1921 1977
8315 4091
8052 4126
9066 1924
70 1318
57 4008
8894 5115
5662 598
5565 2731
5793 2738
6265 2059
7866 6335
1187 296
6988 2948
7569 6228
7179 6079
9534 1661
4833 1160
5389 4496
1745 4123
2149 3947
6618 4025
9292 7726
5139 5224
6779 3713
7496 3656
9163 930
3491 2450
4282 993
70 5761
8972 2796
5544 6477
9575 1405
9507 9492
9443 3549
409 3771
8152 4347
6953 6732
4534 5127
8796 3594
6459 4948
496 6175
4612 3505
8052 6825
9067 5405
2702 1341
3685 3761
2633 1241
8344 64
5115 5266
4689 4749
9963 6981
6230 6005
1282 3943
919 7009
6474 5053
7116 4148
3540 1658
4696 9748
7883 4549
8487 2183
6025 5837
5787 1090
8382 6447
9724 7085
8609 604
7713 1141
2959 7804
9671 1862
330 3882
8294 5818
9851 5850
1622 3610
3523 3452
5984 2579
666 3013
7299 3194
1838 876
3864 2024
4555 6079
5531 4439
9059 9821
8402 5536
1678 1152
7252 903
9052 4714
3170 1320
6158 7691
8931 897
8343 6883
2126 1809
9052 1681
3091 2194
6739 4789
5728 3124
8933 7215
6544 5224
3580 3819
5732 2865
8925 7094
7464 4555
6926 3339
1030 3833
6985 3245
8366 1245
5145 4093
7444 2218
8151 4066
3738 1116
6719 2753
9457 1743
9587 6139
9493 1665
2772 2311
9598 1867
6257 4384
4803 1741
9396 8679
1445 117
6504 4261
9025 1453
1554 3587
7681 2431
5975 7789
1706 566
7454 5049
7286 4647
5666 5907
6283 3740
8864 7362
1803 7445
8116 3792
9203 5107
5708 6663
2116 442
6282 9787
8134 319
2774 1839
9709 4457
7111 7805
8547 4280
5738 9022
6737 6166
5242 3714
3805 3784
7855 2975
8324 4091
5596 2113
1185 9853
8005 1867
9147 753
3642 2975
1163 8638
847 4317
3250 5223
1684 3385
6258 5651
2407 1156
4282 2746
8876 7205
814 2864
6255 4944
6178 5398
7317 424
2654 2201
50 1570
6810 7417
5155 4747
449 7811
7758 4632
1703 752
6313 2675
526 4653
9538 2314
277 3045
3177 1954
2696 1501
4980 1978
335 3135
8292 5441
2533 4512
8046 2676
6950 3002
9156 33
2866 371
9040 4288
6808 1606
