7820 6650
2759 4711
5250 5401
4560 5598
5506 8216
711 9514
1799 2539
9616 3702
6469 3610
6969 9903
4313 7419
1279 4229
8808 4925
6349 4038
3904 5041
7091 3894
9115 9548
4573 5810
2519 7070
9952 4123
6156 6654
5448 9191
3819 5756
431 6849
1522 7985
9718 9819
9084 2771
5859 6403
9954 3939
8064 4521
9485 8564
3739 4536
6945 3817
9888 1864
1195 6463
9778 6342
3161 5993
4485 5036
257 8431
1712 8532
2805 7526
368 9287
537 428
5083 4990
985 8288
6495 6855
9519 7142
9258 9173
3194 2504
9996 9022
511 8139
4230 5690
516 7845
8864 9956
9103 9155
9695 9704
622 7454
2692 3312
675 8103
6051 6707
4745 5466
5495 6080
9400 9005
2656 1674
4461 4660
942 8977
7209 9738
9157 9512
7532 6456
6000 7649
2248 7477
4497 3652
9058 3913
2230 7694
2481 7047
8901 8130
221 7681
5830 7768
1687 4822
6009 5784
677 8306
3997 6340
1754 6160
8348 8677
9018 9474
9336 6602
4505 5354
464 8692
2660 5184
9098 543
9209 1951
4224 4846
1471 8171
697 8405
4028 7531
842 8643
5432 4846
8096 8991
3282 3891
657 8188
6719 6302
9334 3272
4054 4672
8493 32
8758 3484
3699 5347
9691 5086
8691 16
2647 9917
3751 2913
8829 4038
7395 4900
9588 3947
1445 6555
3094 4635
2702 7000
4119 4657
8686 3092
564 8383
2515 5416
2424 6875
3115 3611
6993 8797
8653 7201
1226 9521
9476 9111
8615 7354
8821 3401
2757 6791
1267 4454
9691 9938
4329 6659
5324 4215
4206 3699
8264 5820
8709 4364
2327 5522
1098 9493
8168 9904
9382 4349
1529 4432
4647 6861
7330 1714
2396 6232
9184 312
4367 2871
6181 3499
1077 4042
1811 3363
9084 5823
1591 4937
7646 5748
859 3819
6123 5592
1069 5535
776 9154
1016 3802
2534 6732
1411 7041
500 359
2809 4721
46 45
7483 9963
3936 3070
5170 4255
3048 2379
2313 7114
2943 5740
8230 1755
8300 6658
7731 2974
7801 6682
696 4327
1184 8840
9443 3145
132 2564
4750 3179
5311 4644
3652 6550
8866 5470
4975 6680
5958 3853
7142 9610
9792 1205
3269 6525
79 2679
1917 1678
2110 1807
9593 9218
7175 5214
3236 1918
3456 5219
7933 3989
4880 5890
2349 5881
4438 4233
2626 7358
9707 4135
4884 6763
569 6743
8546 3923
8976 6625
7906 3971
6753 4703
7939 3776
9060 4818
2153 3876
8838 9958
7250 4197
1658 7317
9459 3368
6017 6360
6075 294
3316 4628
3575 6874
7126 2031
3193 3245
7670 883
8701 1739
3444 4175
9312 3290
8756 9259
9515 6687
178 9086
7447 4602
8428 4438
8716 4204
3355 2790
9430 8800
8708 407
424 7277
9246 8570
740 9203
5780 6955
9283 6831
1825 5112
320 2201
1206 7169
1240 7985
3927 4120
2852 4277
717 8289
5670 7168
1031 9388
446 8469
7031 7145
9449 9608
7234 7504
117 9233
8426 4671
5763 6578
1608 8762
561 9618
85 7523
8744 4688
5001 3402
5051 5554
6319 8638
8645 630
9263 1991
3267 3184
702 7649
1646 6780
3337 5580
3803 3918
1392 5960
2536 4362
2125 7537
2045 2998
9998 7814
4206 7605
657 263
881 8904
9296 9873
1615 6913
2461 6704
5207 5326
5124 4654
3479 4509
5394 4249
8209 8563
2604 7283
1893 7042
990 7391
4366 6143
7999 7706
7738 6210
1411 8058
9495 8253
2488 7373
8959 694
6662 8171
8273 4913
3106 3450
7746 6070
4118 3161
4093 6780
9694 5694
4582 4576
3431 6889
5898 7142
1435 2794
4488 6900
906 8686
1161 6468
8314 3350
4163 9031
645 8272
3649 5283
2657 8061
649 3138
773 2536
8819 9529
6054 7138
4506 7978
2489 4169
9471 9980
2728 4414
8517 3565
9551 8926
2345 7422
4733 1195
2257 3108
3399 3981
2150 7183
646 8883
9273 4896
3795 6281
7 265
8886 9411
1393 7734
9594 4164
349 8107
2368 6889
3580 5309
4225 4818
5032 9462
768 219
1554 8218
4218 4635
2251 8969
6191 7614
3841 4419
9332 9389
7618 7716
8178 5015
2826 4590
853 7990
59 7608
3995 541
896 9794
6033 3915
8925 4949
9169 3589
1546 9381
681 7511
9814 8351
3389 6100
9502 3914
1728 7179
7488 4466
8908 3706
8 8321
1488 4048
4423 8873
285 8220
4223 6941
3085 6633
484 9454
8392 3645
2436 8438
8905 6116
9390 9083
8999 3456
9404 7297
4365 5605
1841 128
3693 6344
5510 7535
3309 4283
7988 4845
1218 1577
7632 5884
3536 7071
6724 9007
9264 9473
2634 7348
2374 6634
9439 2271
8846 9341
1539 8020
177 9395
2056 3062
850 7803
7560 2080
9011 9270
9997 9975
2321 5553
7163 6959
8596 131
7877 4087
4368 3005
4847 5977
3225 5321
6531 5821
3399 4311
526 8623
9068 3509
5140 6904
8809 805
7049 4206
2495 4807
826 4305
4154 3017
279 2366
3017 3162
1910 7945
6749 4624
6132 189
7721 9595
8080 1805
3667 4368
5635 5017
2411 6362
6669 1454
3038 5593
1164 4871
9817 5303
9117 4317
5369 7728
4521 6206
4250 4580
1225 9432
7782 5911
2120 6721
9449 8704
665 3173
1057 5769
4718 5853
8420 4855
3890 6753
9284 1433
75 8942
13 5095
3766 5491
2366 3865
3772 7371
1588 2780
2759 7323
8493 4552
1180 8355
2872 6971
967 3781
8150 5152
2857 8160
3910 4717
7909 5849
501 1507
1186 3038
2584 3800
526 9673
4921 7321
3956 5098
3144 7026
854 5911
8224 6763
5805 6178
5329 2951
368 1099
4244 5501
1273 8524
8669 7150
2202 6623
7825 4924
347 9563
6423 4686
805 8800
8409 1188
1384 4949
1038 5889
4112 4685
8583 5132
1798 7334
4537 4074
3992 4131
3617 3552
863 9276
8737 3999
3598 3538
4793 6223
506 9648
5216 5688
517 7857
5732 5424
1108 8441
6201 6168
8443 4842
5378 7672
407 8479
4454 3235
5140 5899
328 9768
9264 9011
7529 7252
9260 4956
9780 8784
2176 7765
965 2103
6673 8728
9000 9841
5378 5169
7339 4876
1573 8109
3715 4630
8925 9401
8138 9287
8860 3
7456 9518
6794 5118
3775 5929
705 8415
4778 5295
3558 3865
7218 6577
1118 9636
9090 4257
585 9667
9640 608
8049 583
9478 3206
4895 4238
702 8531
1771 7693
9970 9824
2466 490
3215 6127
780 8306
4292 4246
1517 6878
2116 3302
2207 5635
9018 3491
9052 7505
6141 5060
4910 6101
1787 8581
1822 6058
6251 8989
1197 9124
7940 280
763 7062
9393 2586
7762 5872
957 7830
385 7784
397 1608
2477 2620
4057 4176
3396 6645
4801 8157
7245 3259
9932 5730
9575 9630
2180 7622
9730 119
2339 1608
3916 5670
3373 2353
290 9070
875 9351
1358 9319
1865 7695
6463 5968
8568 127
7222 4708
8706 851
9349 6061
2894 4462
581 9520
7182 6334
1311 8233
5493 5508
8616 1716
6552 425
5522 1779
5157 1129
8106 4769
1410 7537
9872 4911
3032 2976
4838 5549
4174 2500
694 8614
8586 4066
9371 55
1972 7770
2244 4177
19 2325
9023 4412
4810 5163
2390 3364
9637 3179
9304 7994
449 4209
3806 2719
1035 2649
17 42
5154 3660
7956 6909
9781 9724
8407 6436
2567 6416
1423 6931
9344 9463
6517 5440
2504 5313
3050 5746
1478 7132
4591 5919
8591 1497
1808 7043
1202 7233
5888 3633
9462 9311
9557 6839
8965 4978
172 4057
7504 6640
3921 7787
9760 4166
1114 7794
312 2676
1208 2962
2057 4714
1492 7825
1724 7165
1125 3193
18 9368
8390 9887
3182 7978
4863 8305
1701 91
9552 9240
1839 8463
9514 9622
5109 4690
2953 8945
5177 4187
452 705
7353 7760
8574 375
2293 4325
3462 4886
3580 4087
5801 6122
1857 7815
4338 6017
644 7327
625 3787
8226 4917
7333 5688
694 5872
1848 7442
2677 4557
5266 5819
9728 30
9662 4106
661 5142
548 9057
4541 7894
814 7981
4475 5325
7875 3239
3976 5349
8756 773
2849 5687
7831 9059
370 8763
9748 3772
8716 1496
816 8175
2318 3549
7049 5762
8128 5117
17 9026
1277 6062
6378 5822
3026 5212
8943 4283
8485 5769
4363 4832
1806 2619
1343 9390
6773 6882
6093 7043
4179 4787
3511 6314
3941 4995
748 7905
5594 9690
846 892
721 8854
619 6591
7222 6484
3573 5242
1773 3991
5553 6805
4456 2148
3282 7101
8148 6915
3634 5337
2565 3402
3514 4225
7517 5736
2269 7726
5435 7917
9953 8216
3109 3767
1911 1193
1783 7689
8849 3291
2320 6236
3117 8237
8870 3759
1881 8260
9253 9647
6268 4284
9512 5477
83 9599
3627 2157
9543 5055
989 9786
6013 5836
8818 5819
1071 6441
9166 5190
1938 9446
1905 8329
8311 7528
8360 2582
1582 7941
3098 6889
1912 7587
9842 9530
9775 9211
4743 5987
7780 996
7649 396
1795 7159
7493 6909
602 8721
5279 5301
4363 3608
8996 4117
3270 5288
1237 8328
257 8457
1688 3505
7763 6397
9604 3564
9507 9144
8938 1488
6959 5668
9714 1895
9298 3637
4347 7577
3254 1901
1675 6546
9204 6110
3883 4998
9997 8864
9690 1128
8115 9858
7987 1536
5051 4776
2201 2576
8036 754
2644 3182
7318 4446
3516 4014
3155 5692
2583 7861
3714 5161
2459 6254
1525 1883
2581 8202
3436 6730
322 9030
4001 4293
6328 4237
9890 4693
1452 5089
9714 4882
1084 2298
2190 8172
497 8136
1127 7220
499 332
9550 694
2469 3800
8164 5010
9922 3491
2872 7159
132 8388
1797 5967
8489 3723
1623 8066
3173 5466
2169 7187
260 9705
9222 7545
2700 4199
4446 5824
1304 2543
6415 5837
2522 3640
4188 5156
1117 7677
1240 8571
9100 9138
3891 2834
3697 2703
9361 4712
9369 8359
3446 4698
2386 7836
8086 9353
7824 4249
2668 7671
5497 8765
4472 5445
2184 5343
3600 6455
2563 42
8561 5603
716 8542
2179 7106
1469 7059
1366 7986
8563 8501
2718 3973
8042 6700
8640 6097
7781 7153
9561 9854
9149 1773
8316 4724
7691 9102
7973 7997
2120 9127
6294 6956
3486 4195
590 1613
9839 270
2921 7684
9178 7614
1239 1915
1233 2509
3177 4119
4452 5601
6242 5755
3193 6723
8635 4418
1997 6782
2045 7533
9672 3548
3799 2597
920 7652
1517 7642
2104 1926
9338 6152
6777 8515
6444 349
9336 300
9234 1335
2810 6554
2381 6291
4723 4235
8980 2507
3801 6025
7472 6797
2472 2739
2912 4206
4877 7447
7322 3969
2354 1700
4018 6145
1039 3416
3177 3988
3739 3691
3750 5198
4201 3493
1546 4006
7140 7268
1829 279
4455 4986
9176 9858
6179 7081
4330 8338
5960 6139
8130 9898
3247 8225
5562 4903
1928 6264
4790 7721
4959 4195
7840 4582
9134 219
9500 2757
1295 7147
8939 474
7396 5481
9852 8428
2895 7369
336 8610
8560 1646
6432 6600
1577 5669
2790 3533
2388 7574
2882 5602
2270 5861
9550 5624
9379 8631
9340 8523
7466 3451
2507 6627
3351 5033
9272 1185
4214 6311
1799 6922
6123 5333
1771 8895
9848 9194
243 3965
363 7414
7362 8210
7359 5166
8734 4404
9572 3819
4142 665
1025 6337
5594 5370
3526 5500
5446 6295
1624 366
2326 8106
8548 4515
858 6345
7032 3846
6015 6302
8952 5358
6381 1032
7200 5681
9355 9683
3347 6738
3170 5879
2370 5789
4749 3714
3614 6938
1045 8772
8027 4003
3843 4286
677 8907
9040 4316
6111 6890
5779 1
9629 8652
8956 530
485 7245
9323 323
4383 4681
7242 4980
1106 129
9183 8687
8392 4630
3391 6614
5465 3229
2595 5740
259 8636
8192 3903
8564 4449
3599 7322
316 9664
3890 3593
6063 5780
1013 9183
9293 8041
3227 2611
1746 6101
2217 6769
3453 6566
4215 6623
2063 6531
3438 3288
4628 3643
2544 2962
2248 7250
687 9957
1399 7570
1328 8678
9102 9205
8779 4005
2563 8430
4543 6201
3790 5060
6527 3942
1227 4610
7270 6350
255 9518
923 6679
1659 6747
9046 8900
8426 3859
9298 3639
3021 3242
8975 245
7763 1645
6279 9065
5572 7137
7388 4248
7012 5309
125 8626
6849 1755
3919 6579
6983 4836
3464 5281
9333 9645
1590 9334
793 2525
1114 7010
2239 5170
9523 2831
185 4331
4625 8583
9932 7694
8082 355
9707 6300
1552 7393
9305 8880
1746 8427
7779 3737
9834 9495
9017 2591
5787 4042
2711 5136
7355 6298
7593 5532
9076 282
1000 8084
978 9228
4224 4344
4570 4343
9769 245
968 5364
9281 3316
1562 1413
9621 8605
2227 4390
328 6235
23 9651
4010 5259
7386 8249
764 7785
3797 3574
9621 8870
939 2044
2318 7519
9148 9818
9537 9630
9373 7950
4036 2809
5328 6070
1901 5280
955 7128
8815 3494
8872 4931
9454 103
2920 5493
3640 6228
7162 4168
1434 9197
8606 6129
9859 9542
7733 3611
9648 4254
7952 4701
7830 3629
2784 4442
9864 9364
8792 2728
807 4461
16 7495
7792 5588
5985 7888
3455 3185
8385 8991
2559 5937
5498 4688
7799 6795
210 9840
9453 8337
4742 6102
9777 8806
7901 921
1688 6955
8548 503
9384 775
1605 7186
5819 5088
551 312
7798 4620
1097 5095
4789 3675
1839 7538
2599 6094
2453 2364
6359 7469
2796 7053
5215 7346
9827 7881
9410 7858
528 5059
7210 5245
9108 9857
839 7581
814 9065
2348 5321
8509 5247
788 4317
3817 5851
4299 5774
486 8710
2898 742
1991 6862
12 8827
5296 8214
9223 4711
3267 4171
7057 5538
504 8471
3376 6149
8700 8727
9865 6923
9548 6084
2468 3939
3554 4206
3823 6725
8597 6127
872 5376
6376 5032
9540 9872
8257 4630
473 8748
832 8192
4053 8090
8425 2228
2231 7229
5446 6150
3546 3829
8899 3990
2174 2759
9982 3199
2859 3536
2094 7754
8636 1401
3621 5436
7856 880
6526 6409
2003 6705
2717 5294
1020 8220
8792 601
507 1813
1000 8656
3354 4539
7825 785
9296 9790
2457 6651
1391 9337
6287 5201
488 8337
4403 4365
8299 151
8509 9909
3827 5373
8250 1054
0 9723
5571 6400
2893 4306
7156 6939
5458 4802
611 8564
9742 8397
9958 9104
8054 217
1625 2283
8105 9833
370 4193
976 8698
1340 3053
1605 2075
9843 9913
3235 9496
2639 9916
6892 5674
1580 8403
6236 6272
4484 4344
1468 6621
882 5657
5067 5976
553 8456
676 5000
3700 3975
7047 6227
7708 4661
1354 4011
7850 5239
2077 6212
2209 6368
9327 5278
2131 6448
4553 7453
988 4484
9226 5869
1222 8034
8140 4784
1036 2696
9753 5507
585 8767
9329 9646
2221 4513
9357 3966
7518 8040
1025 9447
4163 5555
2256 7508
5392 9168
1205 4804
3649 4287
1395 5230
7343 8947
8459 1280
1558 7588
2366 7087
3778 5569
2421 6794
9884 226
299 8939
8240 3981
3500 5332
9489 9001
7546 8116
9798 4094
3178 4643
9225 5221
2766 2483
1564 1516
8178 5848
7797 3533
8886 5791
8718 9999
7442 5556
657 4603
9280 7636
9870 9344
3 7462
2785 5363
1459 4818
1401 7357
651 709
1961 4427
1198 9100
7774 4838
9337 3489
3887 6513
8233 7832
3931 6699
6676 5356
4239 5540
9832 9209
3489 3205
1204 5652
460 4417
3109 4906
7779 3762
9523 9887
196 7641
848 1151
6784 5797
8266 9478
1130 1623
7781 8646
9264 8729
8561 127
8750 9002
6122 3090
8940 123
7674 1466
8814 5496
4306 3886
9652 8172
343 9358
9265 35
3151 4391
1063 7697
8977 5266
446 330
2805 7137
9720 3095
4603 5654
8148 7370
7828 5931
3999 5396
9810 630
2966 6681
2432 3858
4102 7065
198 8831
9549 5055
3629 3355
1435 8135
6748 4288
3162 1488
1564 6708
768 8315
6768 8058
8412 1264
9726 4693
8955 8867
1577 7257
4252 4421
7410 5840
8773 345
4247 2851
8922 3851
7873 5192
882 2679
142 8913
9862 9284
1900 1387
166 2625
9830 4642
1403 3061
1255 7772
1332 6420
8751 3452
3193 5811
1949 7142
1519 8232
1562 7785
9705 4094
2215 7935
1806 3715
9968 7887
5153 5940
3415 4813
426 9359
1626 2292
4565 3295
6229 6013
4669 5338
3927 5747
7602 1794
228 4913
4954 3106
1602 2874
7581 3806
9844 8610
532 6981
1923 1468
8472 487
1486 75
591 8793
30 3881
1924 7885
9112 7614
5569 7436
109 9135
1712 3801
1721 8545
830 8257
4209 4162
8551 901
2317 6095
8298 4513
2589 5916
4092 3613
2035 7428
3787 991
4176 6056
9008 7943
7256 5978
2133 6130
4362 5917
2178 6052
6703 6705
8418 529
9793 9826
9999 8991
4290 5668
9091 743
4091 6627
1383 7888
1437 6813
2538 6336
4316 3218
8382 4074
9685 9065
3049 6408
9728 4862
8354 9790
5499 3799
8929 5677
1657 9332
7607 407
7216 4723
7249 7789
7863 5208
828 9593
9945 8997
4873 4196
2526 5585
4116 5501
8691 3674
1488 4131
733 3066
3499 5947
81 8244
6 9153
9348 9429
5492 6891
2559 4836
307 2027
5404 3660
2296 7989
2097 2267
6406 5770
3881 4672
3906 6980
1578 2461
6774 4890
9550 9276
4793 8322
2213 6800
1213 3158
9145 8409
625 9898
545 1387
8501 759
9156 9321
4916 6851
9459 4291
8491 5669
1846 4913
4800 3378
9676 9887
815 2824
9947 3556
2277 5593
8861 7459
3783 6105
2023 6351
7980 5495
3557 4301
1522 6365
6180 4393
1580 6864
6484 7773
2808 5345
8713 1144
1772 5722
226 8329
8978 7751
4498 2151
9868 9046
9716 9177
5625 6736
7610 564
2581 4027
5481 5968
7775 1800
2637 7863
1533 9125
9353 6321
9962 9848
8846 7981
4380 4122
49 8524
6966 5724
6777 1507
5208 3307
8935 9227
346 3792
8924 3327
1634 8883
9154 6004
6791 6100
4027 3445
8853 5
8841 525
7410 6114
3755 7681
2265 6656
7928 6714
1180 8160
1899 7618
5654 7041
874 4032
2014 6027
2536 7235
2429 6126
9076 2004
370 8736
2980 3641
836 6027
1516 7858
34 7740
4019 5633
9447 8448
6573 6794
9361 2932
9485 8560
3109 6351
8513 965
9471 8024
9283 7973
2795 9458
1684 4408
9660 3987
1695 8884
7731 6298
4965 2142
8453 4333
7240 5917
3185 3758
3986 5204
9369 8771
2337 7569
1495 4779
3835 3988
3057 4597
683 8656
2826 7208
6121 639
2465 7574
2095 3611
9455 3712
8635 8897
4180 6359
485 5904
8764 3040
3291 1651
4351 6506
4737 4735
5224 4939
9020 4314
7017 4424
9204 6466
2305 8008
863 9912
7523 4152
9951 9518
8269 8179
1857 3387
1954 1779
3846 5444
1953 6509
971 3559
1301 7226
5818 4900
4539 3421
4359 6343
857 8003
3115 4556
2629 6648
5351 4647
236 7921
7424 1563
8801 9472
45 253
751 8372
3311 2517
3925 4137
2768 3172
6623 6883
8896 9071
841 7362
9945 1085
9045 4441
8237 9780
4219 5257
1480 7205
1907 4160
8751 9363
2535 4403
4139 4367
878 8039
4717 1863
6152 6070
9596 7883
9952 4220
4719 7013
6327 4009
4601 4922
9253 1100
357 9212
1799 254
6604 4896
2277 6708
2470 7777
9914 64
8034 9699
2411 7462
2131 5687
1055 8243
562 7407
9214 4905
4347 882
2538 5553
2563 7861
5292 1927
7338 1858
126 7779
4627 1839
1511 8495
2082 7264
1214 6402
1505 1919
2905 6663
4248 2156
9254 5773
6431 6150
3306 4499
6806 843
2479 3000
3090 1842
9859 9644
363 9426
9280 6404
2903 4496
1604 4234
2098 6426
7951 5104
2946 4866
2033 7120
2466 2163
9383 9800
1099 7853
1417 6213
187 7479
578 8941
1146 6918
6723 5890
2470 4204
1033 8438
2030 6449
7780 5343
6505 4355
7683 7625
3848 4795
734 7360
4120 6800
9710 9528
6297 6019
9177 3552
1579 627
5501 5474
490 9214
7711 7808
4795 3182
384 193
3181 7720
2856 6877
4505 5860
7068 1471
5565 2313
4655 5130
2302 5536
98 8731
3755 1346
9143 9687
9036 9561
2793 4498
1658 8625
4377 957
939 1210
1594 6654
4715 6465
9934 3657
5455 4023
5327 4368
528 7353
2346 6523
9302 4468
3677 5425
3819 6183
4209 3745
8455 4977
4482 4806
782 9340
8821 3871
3023 5840
8801 9671
724 9106
2733 7578
3997 5524
1862 6567
6929 7417
2884 6929
1666 2082
7045 7485
1466 8180
3550 4431
2629 5512
1113 7467
2325 4463
3685 5378
490 3174
7320 6642
2714 6904
802 7318
3954 5688
5193 4916
42 8533
769 9127
727 1811
9500 8724
8598 550
3680 4252
1580 9454
3179 5956
9317 3800
937 4509
4496 6501
5827 8027
9948 139
1001 7419
3494 5824
9152 9739
8331 6069
7220 8518
7747 6314
5044 7919
3105 6802
53 4467
47 8179
784 8329
807 8721
2686 8804
4818 4723
7304 4926
9621 5500
373 8614
1483 9126
9666 9672
2319 2042
9541 8100
2041 7318
2908 6903
9723 8256
2730 4093
1224 7590
1151 2236
6986 5704
7660 7189
4771 302
2078 5893
2371 3522
4162 5707
4343 6393
411 5994
112 8587
4784 4823
4046 5797
4471 5266
3850 5742
2469 3949
2231 7275
8470 5314
8039 3178
1542 8141
1425 3355
9945 2540
9269 9725
2757 4617
9904 8695
68 9275
3239 6612
3907 4756
9512 708
6234 5380
5064 5528
9779 5747
696 2055
1359 8406
3390 5734
1249 547
3243 5306
1693 9334
2021 7479
8824 2442
1599 8918
8613 9806
7017 19
4946 4839
7623 4673
1531 6653
6814 5703
1871 3082
269 2453
509 9116
7574 5656
796 5682
9524 2501
4350 3919
7626 9760
7790 9337
3557 1659
5083 3244
5249 7514
9135 8848
3928 8890
9657 8664
4007 4195
3178 5805
9991 287
2730 5120
2157 1286
3445 4577
9466 5771
3584 6083
4745 6115
3259 3254
2865 5695
4341 3438
2156 4889
622 7321
3980 5158
2853 2458
3146 5075
1542 4028
3873 6343
1439 3643
6140 6916
9555 7848
1326 3851
4407 4034
431 9945
2322 4935
9551 5748
1088 8674
8372 9948
1253 8598
1131 8492
9854 7362
6713 4046
2753 2088
2923 8952
2610 6506
3302 6239
2811 6267
9539 9421
8359 745
2127 8752
4308 4298
4609 4375
1306 6659
3534 7384
8157 4667
6460 51
2061 6533
8945 9594
2823 8842
108 9161
2914 7123
523 8994
9286 9069
1347 8883
2417 8568
6866 4238
95 8324
6636 6256
7661 5115
338 9070
9177 387
9839 7188
823 7836
1179 4316
3101 3952
994 8099
4473 5781
8260 5187
2584 7899
2256 7688
1097 2827
4281 7453
2068 7079
6643 6946
76 3183
127 4168
444 9357
2573 8011
4824 4927
1734 7584
5159 7132
8328 9872
4490 4264
733 9087
2669 6114
6901 4064
5336 6163
851 7767
8823 2388
3720 6719
4108 7093
8739 5543
9446 4093
878 8394
14 8060
706 9227
2906 6098
4 9709
8947 8731
2205 3512
4123 6555
2913 5813
2101 7512
6473 5851
266 4875
4585 2830
969 9987
2472 6372
9312 7898
8599 6305
89 8067
111 278
9874 431
1479 7613
4229 6843
4763 6893
964 7778
8215 3834
6206 9420
9247 3981
2046 3761
5062 6408
3858 6643
5245 6938
517 8635
2428 4320
2607 6537
3138 7076
9941 4025
3579 6181
9626 2738
4330 5820
9874 8401
4134 5765
2483 7675
1696 6887
1267 2423
3265 5990
3187 5247
933 8176
1725 8262
2033 8149
9302 4339
1881 2767
5324 5747
964 8694
3741 4643
7887 5559
6379 7109
4594 5758
9051 5516
7277 5864
2283 5901
9764 7115
3856 6286
9398 9123
5008 5137
8391 4539
1003 8806
5519 2665
1447 8639
9128 9878
2372 5233
438 3228
3956 4050
3128 7282
4030 5842
9958 2262
8065 6445
967 8861
5881 5268
6607 6312
450 5682
1 8479
