4773 3756
7685 418
1966 7555
7553 1467
5562 4361
1910 9838
6821 2829
1944 1236
9276 5997
5246 5372
4904 4360
3763 4243
1305 5679
7452 2323
5948 2037
2043 2755
8204 2452
4228 3933
3440 2197
1535 5768
9078 3510
6413 4324
1955 698
4163 3431
5099 1804
1044 2089
5504 3430
1156 3233
7948 5091
5816 3845
9087 6304
3763 2414
9519 448
4763 5152
4844 3011
9112 1787
5687 1830
2184 2628
4496 3087
9920 4849
8204 1117
10 9601
1041 627
5786 4203
8417 5053
3104 5751
6636 2918
4915 4504
6340 6711
6480 2670
2082 3784
2959 3154
4938 4078
3502 6142
2675 2083
5865 6832
1825 2816
6332 2920
529 4545
4982 4944
6465 1580
3547 4343
6393 3052
8468 1698
9509 8755
7933 5475
4563 3419
5474 2373
4917 3996
3431 1135
802 5170
8035 949
5424 3046
4890 4424
1695 8456
5748 6404
4397 4411
7202 1850
5697 2157
3494 4494
6888 3789
5830 6708
7208 1521
3843 6188
7498 5146
1306 1855
4669 7170
9272 417
7043 401
5574 3749
3091 4454
3348 5199
6548 4071
778 7971
110 1950
1250 4928
6123 3698
9501 53
8046 4053
8191 1173
8918 3753
3857 2946
7895 1705
8741 679
6925 5225
3915 4464
6656 1839
3345 4119
4240 4669
5792 6200
3226 2935
5392 3111
4759 8388
2364 5945
4156 2841
3944 4419
104 428
2957 4509
5055 3547
3427 1914
7148 5396
5341 3532
2264 2861
6911 2945
7640 1019
6026 2588
6542 5851
7659 8882
4651 3844
7168 3918
3657 2906
4721 790
99 61
1204 6757
4090 4450
6120 6917
805 4653
7117 5794
8333 429
4010 2620
4816 4590
9661 7579
4442 5432
5559 3731
974 5922
4592 4324
3651 2458
1973 8781
990 1702
8403 6122
3849 5448
3772 469
5362 6722
17 3038
5760 2036
1447 714
3132 1606
6558 4905
4531 2858
5559 3443
8193 6025
1254 3702
8483 9915
2976 7630
8530 5566
6165 2471
1504 3212
5046 5294
3547 4300
6419 5362
718 2568
6396 2489
5246 2695
3981 7121
8801 2209
6907 2183
3756 2609
8997 3432
8957 772
5195 3674
3613 5418
6935 2101
9188 2245
6341 3577
5704 4225
8955 1256
4380 3232
2788 5048
4343 7222
9730 700
2213 3770
3532 4010
5363 4016
4009 1082
4040 5728
8228 3492
4389 3667
8082 5918
4825 3065
4957 5436
8671 5904
5307 2925
1085 4036
5548 4857
989 3919
4005 1462
380 5007
8047 978
3049 4837
7589 6021
9868 2368
6056 6346
329 3729
1801 6426
493 6232
3415 4485
9781 2744
3197 7151
6814 2848
4368 9628
9724 1047
4841 3166
4291 2964
5321 3330
9906 4214
6987 3980
983 1377
3700 3993
779 4207
7903 2374
6043 2719
7847 3791
2557 2746
4552 3800
1722 7579
2801 2096
3041 5195
7847 794
1117 5635
3666 5778
36 348
6710 2516
1541 8034
7139 8929
1666 3339
7673 2563
952 1223
9381 2993
2198 4282
3943 4221
6266 1986
1198 991
7629 5796
2843 4025
9638 3185
4388 4873
2721 1146
7616 6091
6973 9777
4441 5522
2247 7270
3626 4406
4256 1312
9651 3276
7830 1706
4506 4196
7130 4921
1368 4412
5715 2578
6565 1702
9293 2139
2459 9669
4777 3872
3367 3773
922 4102
2873 2075
519 9081
2467 3373
7057 4564
6480 5535
1313 3349
1119 3075
2318 4153
2934 9489
778 3419
6338 3501
3528 3094
1319 1824
3930 3748
3936 5628
6156 5861
3951 2230
5687 4070
9426 510
1983 677
6993 3208
2845 9452
5843 116
184 1377
1905 3875
2597 2791
6729 1557
7743 5628
8684 732
579 1646
4988 4333
4812 5419
2985 4858
3815 3738
5064 4328
3147 5939
9378 2991
1746 1730
2939 6440
4811 3366
5353 2337
3782 4356
5701 2934
1953 5213
2683 6599
5900 3674
6203 2134
4298 7017
156 9369
8763 300
4884 3471
3235 5162
8712 8885
6838 2501
5125 3124
7809 5972
5320 2811
4573 3816
3919 2123
9470 5158
9665 7957
9121 660
4604 5609
4560 7000
4531 4987
4860 4897
3389 3885
990 3278
3057 4086
6991 622
9247 8648
5892 4177
3366 4432
1546 6613
6663 2891
9881 4441
7718 4333
6319 5827
7517 4874
4465 2273
1456 3988
1808 4705
7279 6399
1691 4794
484 2400
5961 3085
7072 1081
3909 4428
7878 2233
5893 1940
4929 4600
5176 2671
2540 4595
1894 399
3204 5249
3718 7456
756 1668
5241 3182
9221 1820
3789 4218
1671 4039
2895 5582
66 5916
6489 4530
6994 910
3892 4087
7266 2092
7019 3038
6545 3118
6302 4151
5410 6113
2178 2121
7809 835
4350 4263
2296 6692
2352 4637
2149 1834
3494 4427
6972 1766
4881 3261
4995 4415
9369 5567
8486 790
4034 7037
5765 4741
5214 4867
3831 5774
8205 6819
2777 3595
9752 2865
7640 1119
138 4992
1079 176
2541 4257
6450 2606
7808 968
6073 4834
7126 1428
6568 2598
2402 4327
9759 2882
9045 92
3103 3737
5790 2941
6675 365
865 9499
2297 2477
8897 1919
2378 3862
459 3743
1006 4141
1022 1754
8901 348
2316 6776
9016 1992
4655 693
5422 8413
4764 865
2683 3307
1701 1669
5194 6047
3636 9317
2902 4254
1390 2387
5869 4415
6181 2552
6296 2502
3541 5000
9165 3818
1376 3656
1584 1470
9671 9404
3258 1678
3577 4055
7334 9180
1922 4503
8315 1405
8341 9908
7886 1520
850 2679
9135 1961
3124 3786
4946 5055
7436 1994
4890 3025
4943 3180
6705 2040
6802 3141
9047 2378
171 3186
5560 8337
2433 4956
6216 2900
6241 3747
4487 2761
6221 4183
4964 4263
8246 2105
4907 5715
2822 1246
5596 1587
4978 3151
6033 5151
3433 3471
5414 4993
9106 1358
4095 4344
3510 4593
3329 3269
6547 2604
5588 2527
3536 5176
4079 3209
1096 7649
9082 2354
4165 3132
9260 225
4525 3969
2058 3307
2394 1944
7626 5199
2736 3779
3448 4510
9675 2431
3324 4071
6997 7656
6039 2965
5691 2776
3733 4535
5725 4724
1477 938
8837 7375
5406 2383
2240 4752
9938 9607
2238 2613
312 7702
7652 389
246 9334
7349 1291
1980 9673
4274 5388
9569 2655
2721 2473
3577 4758
2816 6911
9415 238
3286 4731
5958 2235
6814 1253
5276 2366
2830 3813
6674 2670
7734 6183
1499 4996
2038 5719
4278 2626
6865 5276
691 7037
6241 3691
6659 1464
414 4959
2655 3817
7886 1212
5001 3106
6642 1411
4923 3681
3417 2791
5250 6779
4469 4939
849 1243
5917 3078
4644 3479
1181 3904
4375 2945
9066 1675
1798 6087
1002 3673
5064 5907
163 2874
4005 2710
9857 8705
3779 4353
4269 1736
4385 4428
5725 3559
4525 2336
1455 621
9959 2193
6325 3029
6130 2561
8003 1252
3886 4680
1798 3849
4523 5646
2448 2533
6749 9220
4762 3861
7408 7171
4247 2894
1969 6332
6380 1481
4637 1996
1300 3729
2288 2823
6415 1889
5344 5506
3165 3770
3370 4139
435 3286
2046 4458
5360 2103
1501 6235
9316 613
6882 8530
620 9604
6554 1000
345 2346
1870 7270
5224 5068
7168 1079
44 1451
3350 4983
1363 1840
5466 2880
6234 357
2160 7224
9005 872
32 3288
7346 5408
7920 390
3481 2815
3200 1862
2775 2918
937 2607
2834 4285
421 1379
4430 3113
4557 3971
4824 1920
5822 8527
8946 3531
4828 3159
5619 3243
5573 2718
4710 4186
6282 1866
2866 2632
2036 6986
6964 3477
4559 4547
3535 5127
3980 2625
3527 5123
2115 225
2286 9906
1962 2792
7011 1230
2112 3225
8557 3584
2343 4326
5281 2932
4543 3906
9192 833
7906 2310
6410 2294
3887 5178
3462 2262
2444 3819
7012 9309
2544 4580
2787 3255
6899 1146
2798 4582
539 602
5576 3006
8237 2158
2583 3726
5101 5193
5996 3714
1104 4665
1252 2056
1525 2214
3479 4808
3851 2199
5655 3128
5126 2927
3729 6151
9194 5321
1971 5720
3147 4599
4511 3004
3400 1630
8229 2954
8171 2455
7863 3242
3953 4439
5019 4499
2819 9614
2694 6959
9036 395
8334 5078
6278 2064
8651 2310
6882 2624
1995 1853
3435 3057
5320 2891
3293 8077
4792 2771
7436 2657
548 1957
6119 2606
7202 2835
107 1168
7908 5850
2971 4355
9937 2085
8734 2285
2693 3444
8680 1936
6608 1687
2821 4038
5410 6203
7020 8313
4502 4222
7177 2518
6826 3752
8738 76
2999 3263
6060 1711
8573 1931
9635 9977
3018 5756
3213 4683
5362 2986
2736 6415
5589 3028
6842 5129
2053 2566
7032 451
8824 4816
5415 3406
9231 8617
9242 490
2472 1094
6242 1234
6548 1506
3137 3991
1104 6101
3178 2833
3928 7266
6111 5854
2213 1513
1149 3894
4019 6072
6503 3196
5152 4730
5574 2653
3165 5379
5168 2459
7329 6578
6197 1963
4801 2702
2381 3841
1663 6859
9589 1104
3754 2368
2437 8962
3516 3628
1862 2989
9055 5865
4901 3813
6235 4447
5097 3315
2632 3580
4750 2862
5413 7227
4784 905
2701 3536
6480 2035
6207 1611
6380 4428
9276 1789
116 703
5741 3538
4990 4393
7656 9285
4578 9143
5771 3157
7650 1779
812 2657
276 1600
6646 876
7823 4330
6169 3053
6357 2170
5874 1973
5906 3057
5768 1811
3210 3920
1387 4263
3038 9177
1154 3795
6735 2014
8133 412
2234 2478
7492 6014
6657 4017
4802 5752
9757 3014
1962 1381
2050 182
1543 4695
5093 6718
2834 2887
4393 3454
5698 4842
9285 22
9370 246
7938 852
5712 7486
6452 880
2058 1699
4415 5198
2873 3754
4176 4544
6058 3320
4780 3755
610 8111
4875 2860
3475 4618
4124 4618
476 4095
1995 6495
3482 4742
8844 293
6379 3905
879 5531
8123 1665
247 3634
5168 4101
1603 5333
7525 547
4082 4886
1954 2787
2880 2458
4173 3692
6550 2331
7280 1124
4658 6101
3145 4455
2848 4497
5130 6325
3089 5197
5737 5053
4353 2877
5823 3435
6977 835
8619 1320
9467 7982
6360 7023
2728 6767
8604 8101
3443 1874
4594 4373
5931 4136
2139 4157
5251 4377
6088 1496
4993 4756
4632 5302
670 3829
1456 4509
6119 6816
4175 2848
1298 3663
4353 6152
6319 2942
6464 62
5307 3118
2633 320
2092 7321
6555 2889
5018 2835
1775 8059
3473 2697
3470 2808
5212 3380
6272 2313
5519 3387
8928 9937
4088 5831
6708 2205
4226 2009
5565 3884
6683 4134
3679 4765
4400 3064
1370 5772
7813 2229
478 989
5275 3147
7027 2897
5527 2465
662 2387
2326 5142
8321 569
5941 3273
1122 1176
4814 3203
2216 1972
7269 5139
7827 9976
8424 5765
286 1169
3964 5098
7421 843
1655 6105
5496 3273
7585 4886
6886 913
9760 7528
1258 1895
8523 5520
4235 8343
8891 25
3273 5222
4105 2900
6170 5288
3654 340
5189 2419
2131 3976
8552 5964
7578 5498
2957 4060
386 5964
5340 2709
562 8032
293 3786
1791 8873
1597 3409
8133 2080
9152 222
3359 5387
1953 3309
3852 975
5841 6788
7098 8365
4506 7363
1984 2744
3910 2493
6303 2797
4797 2996
3909 4111
4072 7781
3061 5213
6790 1051
3976 5449
2608 4184
228 6034
3226 7086
6094 5548
3772 6207
4278 4767
4630 4252
4202 3954
1166 7256
4752 1654
7089 300
3569 4801
3442 3448
8790 9538
8172 1123
6866 1347
9054 9584
5805 3437
1279 6760
688 2878
5912 3154
6273 6580
9905 1582
4674 3661
226 2331
8172 5265
5566 7477
5879 3507
643 633
9180 130
4474 3343
2286 5314
460 4340
1367 4635
5246 826
6344 2416
8038 3616
7050 2721
3978 3297
6308 4973
5622 2919
3025 1573
8198 721
3273 7682
3931 5287
8310 4983
7421 3244
2017 3297
3897 7100
2053 3219
1616 5582
6355 2811
6655 1382
3438 5804
1149 490
6447 1847
8827 900
4127 3253
490 7169
3288 3995
1310 6679
9867 6420
4537 2599
2399 4916
6183 4811
3068 3848
6492 3431
2434 5813
7238 2497
6220 2105
3949 3898
463 4340
1981 2803
5064 3176
7374 1725
5885 2236
5615 6662
823 3456
7990 681
5727 3870
1966 7262
5838 2920
5734 3128
6277 2064
7239 1392
4319 3557
1698 4823
2727 5639
6018 3417
5347 4264
6070 3692
294 1362
5886 2708
3826 6405
2202 6283
8702 5446
5469 5165
1333 1175
102 4840
2865 3860
5293 2724
3715 4179
4899 2425
1222 3150
7327 9740
3882 5375
777 7086
6320 3844
6172 3717
9926 2272
6588 4827
272 6950
7175 2000
1020 5760
6589 3596
932 4255
5567 2416
4854 6595
4559 2971
5547 3520
6016 3590
1165 3267
6427 1998
2638 9572
8369 4352
9475 1330
6463 5298
6127 1965
5504 3680
7757 1838
9683 2756
9681 9885
363 3029
6743 2090
4267 3249
6348 2729
4985 6763
5517 3475
9050 2736
9640 2830
2959 4415
6903 507
2503 6795
2987 8943
5910 2911
1524 4674
68 2064
5440 3227
4997 3969
5873 2062
6563 2280
5761 5942
5961 3343
1379 3208
5078 4982
9395 1399
6421 2281
2641 3588
8388 936
3196 5796
997 3179
1503 507
4609 3456
9540 8583
6639 2625
3981 5464
3766 4084
2738 5219
4345 2628
2812 3856
3318 4073
838 2489
298 6151
4895 4837
2555 6531
3844 1150
3203 6343
7382 2152
3529 3246
6072 1094
5149 7090
8047 885
6464 3833
8590 1658
1400 8384
1677 5889
6480 1562
775 2819
5526 2646
3695 4446
1420 4054
7934 9431
6036 3656
8635 1027
9576 5522
1532 2919
4796 3416
883 7577
3895 1623
9251 706
70 1812
7866 2098
4780 5808
1465 6806
8033 405
4728 4040
5317 3123
835 3112
1627 6804
846 9357
3728 3553
1783 2213
9367 8358
7400 9394
5341 2699
1013 2331
6338 2888
2912 5510
6727 2620
7038 8897
795 4817
7901 492
5418 2658
947 5625
2187 7298
2726 5477
2212 2632
2707 4789
3149 970
8539 2590
3709 4190
5214 2900
7378 1246
4182 4639
5559 3163
5721 3082
2270 6285
5043 3921
8130 621
5359 3483
5279 2328
4262 3621
9008 5405
4994 2344
6116 2973
2808 5896
6256 2050
7925 5292
6942 1474
592 3833
8258 68
8310 3562
7696 5060
8164 964
5511 3244
944 3763
9024 2267
7245 9590
5794 5932
4435 4344
2598 6064
2751 8521
4993 2994
2949 4335
2458 162
7311 2072
6982 5280
6289 3516
7047 2291
3073 4636
7468 1381
3021 4180
6612 4694
5876 6352
9515 9944
7263 5298
6378 3480
5472 4690
5577 4743
4381 3936
9736 4924
6047 4549
3335 6743
2353 1807
8426 488
7360 1331
9418 8964
5132 2034
7389 5675
5800 4119
4749 4596
5191 3517
2834 6991
1500 7754
8071 9272
8613 2385
4176 9695
5434 4964
7275 1494
2233 5655
1337 5252
3310 2984
3428 4059
7806 306
9150 2217
9489 1417
2850 3902
9506 3950
4047 4153
4099 2128
8731 5122
9258 1341
3378 5635
6809 1959
934 4611
5594 2859
4504 3345
3748 4005
5702 3444
8928 568
4243 4887
2111 9233
8150 2897
989 727
4607 4754
3582 4503
5039 3365
8926 2709
4092 898
5827 3560
9142 8606
9292 2952
4823 6221
3241 4475
3601 3698
4042 3786
8897 1110
7180 1992
7157 4340
3080 5015
2322 2713
5118 6928
2386 5092
3810 281
5919 3270
6226 2375
1189 4994
5378 3706
6297 4650
2669 5417
5151 6287
4557 8846
2901 2276
3790 4918
3035 4491
3891 3509
6555 2321
6960 3193
4218 3495
2129 5588
6652 2259
6440 4591
5148 3959
6766 4346
3289 5511
6915 539
1861 2511
3918 6127
2589 855
5116 6572
2269 7409
470 36
6335 1886
9229 635
6174 2606
5289 2478
1238 4045
217 875
6186 4386
2900 2967
6325 3418
4782 2912
9195 9245
1877 2087
4705 8964
4346 5993
4698 3183
2548 3311
6417 3802
6684 2196
65 5742
5256 3855
404 2664
2997 2239
6035 2955
5849 3731
595 4595
9614 4510
165 4453
7604 746
2610 374
6632 815
3490 3690
5411 588
1471 9225
126 8438
2436 980
6286 2886
4736 5639
6752 9254
9978 4126
6326 6113
962 7254
6984 4621
2437 2494
7450 2098
63 110
1833 1189
3427 2451
695 2866
9971 802
695 4034
1229 4313
9696 225
2058 1428
2562 4079
3588 4066
5835 3084
7437 6422
6934 1780
5025 2986
3247 4038
7530 8492
2978 4673
7204 1497
7839 696
7223 5302
3816 1836
5082 3004
1287 6775
2986 2169
6204 4685
4860 6832
8451 5509
299 3000
6515 1401
4906 4360
713 2051
5553 6422
3363 5394
2422 6534
6871 5614
3255 5223
4128 4968
2247 2072
7485 1492
4809 4283
5197 6494
5353 3889
2234 4762
7651 249
4248 5298
3080 2832
8379 2873
6200 2943
0 9182
6941 1406
8925 422
6370 6392
4254 4267
7396 1657
3035 4788
595 3240
2489 5783
885 7625
5628 5791
3577 232
6925 2071
9846 9176
780 1601
3663 3984
3173 2659
6539 1892
4493 3767
2084 2701
4349 6117
6558 6829
1813 6444
4792 5231
6031 2473
6460 4493
4583 5911
2598 6750
8012 1637
1160 4832
5389 3680
1703 4851
1167 7580
9348 2195
1885 1215
669 2119
8246 906
6868 3994
9220 5200
2309 6997
766 9901
8679 2221
4291 756
4839 5320
7547 5370
2300 5227
156 294
5735 3885
2058 4647
9447 8481
8077 5801
6518 2690
739 1554
8880 297
9983 9364
6241 1658
3695 4150
45 6964
5137 3823
7958 861
4488 4051
3331 5041
3931 6348
2662 7277
4879 1168
3484 2101
8523 9571
7750 4251
2683 6927
5281 3399
4347 4727
5355 3119
1480 3600
3906 3672
6794 3281
4519 6267
3665 3237
8599 5221
7234 1746
8696 2300
2173 6308
743 8303
3970 4223
2967 5122
2800 9295
3882 4604
8405 223
9896 7400
2412 2016
4651 5231
6123 3727
2835 1561
3992 3200
2827 4446
2942 6611
918 1631
3311 6365
3867 3056
914 5947
8911 252
6048 1868
1637 5789
3284 1248
3961 4236
2183 6716
4015 4472
6360 9166
1083 3136
148 3416
2800 6949
2320 2934
5157 4154
2473 897
9934 2807
3236 4074
8817 1878
5610 1735
7231 2197
752 5903
5472 4165
2082 6152
2379 2961
2049 3760
5218 2299
6133 3093
8308 545
191 6360
2344 5334
704 2564
4922 5949
4577 5277
3347 5374
1773 4844
5809 5220
1757 6971
5607 1707
6932 1878
325 3592
9023 9953
4752 6153
1445 5694
4878 3031
2509 3987
3733 2269
2375 1134
6381 3208
3913 4042
3592 1363
1174 3775
3754 5446
1654 5315
5257 5507
2150 4170
722 2073
5002 2135
488 3941
2457 1437
5629 3545
9278 1409
2226 1132
9425 9601
1694 5472
2151 4256
1673 4366
2411 948
314 7696
7660 1546
418 3918
5043 2437
484 1877
5970 5945
1156 3209
3651 4018
6029 9792
4918 2527
7437 2907
5674 3444
5413 2469
6129 461
7115 1315
6476 2411
2731 4579
7578 3031
2650 2784
1041 1771
4326 4314
6549 3792
4275 6743
4614 5126
7645 5272
5416 3270
7446 7723
9529 5061
2492 3515
5029 4321
3549 5970
5775 5868
3801 3561
5933 2778
2879 5995
9247 1555
9062 1775
5722 3317
3710 4202
3590 3728
7452 1062
6096 2777
6372 1778
9548 9252
4952 5772
3811 1517
1609 6671
5616 7514
133 1236
5844 5306
4788 2407
4211 5364
4358 4251
992 3706
3780 6983
9989 9875
3913 3757
5847 2315
9199 8932
5858 3376
3575 4521
5747 3508
3144 2119
3422 9791
4426 4772
2276 6181
4636 6079
878 5647
5563 4483
4684 6464
194 9710
7077 1664
4424 1958
5818 3424
830 1555
7290 5829
6182 4640
6908 1742
4354 9892
7148 5107
8985 9623
2304 6809
4771 4173
6517 1597
4758 3416
7845 345
1668 6073
8668 1172
9390 3557
5300 2918
5735 1826
4768 6620
1356 6108
9730 9605
8421 253
4738 3299
2907 7085
4680 3474
9325 2237
7920 1399
5046 4763
9143 2080
4671 3245
1912 6447
2887 4891
4992 2922
3247 5054
6104 2195
3727 4459
7992 3904
9343 2370
1779 261
9530 3136
3132 5518
1779 3824
9446 9594
5205 2778
1536 4825
1148 2236
3349 4405
6436 165
7941 9163
29 1761
9514 3806
4015 4265
9431 5120
8935 5182
7732 49
32 9679
8466 9807
8905 5010
5860 2485
4823 7184
3986 3649
3902 2932
5971 3341
6465 2537
856 6391
69 4434
2967 2101
1588 5522
2828 7275
1653 3144
137 2884
3665 3082
6422 3254
1580 8672
7414 884
8243 4415
6839 4625
5144 4888
5359 3464
5773 4830
2047 3039
2526 679
452 3389
6934 1186
4102 6353
4822 2887
7151 775
5084 3939
5348 2408
6987 6302
7484 3990
1727 5020
6820 8260
8823 6423
5599 3567
7153 592
4750 3770
5570 6429
3931 4341
4088 4999
1284 3812
4308 5002
5971 5281
6360 2124
1960 7887
1572 5118
8052 102
5631 4723
5011 2880
5656 2681
7051 436
6855 1693
3942 2671
6661 1190
7674 3947
7348 399
4914 4115
8167 1256
7819 1067
4013 6523
4644 5194
3015 1085
5355 5169
7439 3406
2759 750
1547 2442
7295 1183
6280 1583
3849 5862
8312 447
6875 331
4648 6481
5804 2822
7315 1426
3527 4944
7038 6630
2811 4216
8852 1974
9507 8995
457 4397
5033 1977
4930 2150
9627 1857
5200 3960
3692 294
6016 4254
9670 1410
7788 9989
5678 6330
1913 6076
7165 2362
1027 1782
5690 2777
5618 6315
1521 7506
904 2470
2298 2624
2043 1431
6887 2618
235 1328
2917 4704
7628 2509
8956 732
9756 407
6766 787
3405 2801
7087 1782
1087 5565
3598 4284
3572 4820
2248 5139
8582 4319
2958 4103
3660 4524
9492 1093
5250 2863
4358 1793
3448 6447
386 5639
1877 1296
6267 6185
1794 4645
4984 5638
250 8869
6613 2248
2270 6187
2485 5703
6129 4386
5355 5666
5271 2963
7166 4797
5993 2167
6674 2379
9427 9491
6054 3574
5341 5624
5001 3224
289 6357
3091 3562
5740 2889
4071 3290
6028 1306
153 2268
3558 6188
4936 2542
4186 3770
4988 2997
4801 2762
8608 389
5417 2585
9219 1482
6944 5600
3464 1161
5367 4341
9605 3998
5017 4457
3320 5205
1137 8566
366 4488
3845 4681
6874 3097
1578 3061
5386 5379
4404 6630
5438 3174
3939 1426
2437 4448
1753 4081
9375 2790
3986 3838
3192 7126
855 3196
4216 4300
4513 5081
1087 2270
970 702
5023 3053
7068 2265
2329 1509
7038 1604
9691 2064
9325 4487
2452 2783
2053 5
5401 2222
4359 2376
5335 6972
4143 4329
5823 2625
4730 3222
552 5651
6550 7914
5112 3818
2056 2001
5837 2645
919 7516
6981 3707
5189 4675
5071 2962
6099 6702
4632 2771
2020 5089
6200 5293
506 5656
5732 2744
6223 1633
3147 3667
8506 1019
5871 3662
5193 5733
4166 4289
7303 4782
912 1999
2372 2135
5452 5026
885 3330
5018 2290
2927 7986
3825 2949
3484 4376
7916 780
6820 2275
3140 5326
7215 5019
3494 1128
852 8787
3210 5161
8748 6536
4417 4293
4494 3988
8099 1431
6225 1692
1237 2855
2099 3494
4893 7111
5899 2461
1967 4543
6203 6219
2619 7209
9071 1420
5379 3105
1214 2026
1746 2710
2433 4314
2452 5459
7847 141
3609 4734
2965 4669
5796 3658
4320 5649
7047 3992
7690 4852
3285 3218
5597 6795
9042 839
6232 2876
9450 9301
4094 3127
4047 8236
8953 767
8285 9613
9484 9708
5594 3644
4240 5252
4951 3049
9496 9044
2783 3995
7036 9324
6730 9955
4680 3983
3662 5806
3865 3770
2087 9926
4775 2908
1850 565
305 5611
8017 650
6076 2907
2473 3810
131 5952
2880 558
7928 4513
5659 2475
3960 4537
2744 2769
436 2243
9324 1446
3827 3635
1838 977
9912 4734
7916 3083
8966 1478
5606 3716
495 4171
2651 2662
1492 2145
5208 2251
6673 2874
4365 4743
2639 1641
5607 3308
4781 4249
8431 6130
