4732 8859
3947 6832
4170 5263
5566 4740
4136 5944
2638 7130
9586 7615
4877 3175
4453 1041
4673 3296
5920 4563
3845 5508
2331 1645
4656 4146
800 9973
4360 7122
4732 5453
5179 3512
3195 5219
1781 2755
5110 6307
6261 3436
4258 5798
1586 8968
3808 5827
3148 7129
8165 6401
3699 6823
938 8258
629 7094
11 8478
8816 7158
6265 4165
1906 8505
7728 1417
4501 6320
6633 2382
4999 4727
8732 2176
471 1939
9984 1343
2713 533
2642 6480
4641 4264
7824 2558
7632 4194
5289 4156
3316 6281
5807 4118
6122 2818
2283 2498
6288 8857
6561 2636
7347 5494
4569 4482
2089 7965
3586 6671
2377 8777
2038 192
5704 4641
7754 3410
4343 5832
2462 784
491 8840
6888 3789
6737 5197
8231 7541
3502 7058
7743 6146
8748 1235
5023 5447
5776 5276
8197 1886
5916 3858
3032 5717
4386 4337
2309 663
3599 6767
2314 9000
2964 5847
2705 7164
3991 5915
6963 4843
1619 8065
6949 1647
3786 5811
6825 2663
4239 6776
4529 5446
1158 2342
3516 6072
1441 9461
4389 5817
5436 4695
6808 3104
2356 9202
4793 5528
7001 4438
6403 4632
6037 4017
5333 4575
6428 3264
2185 8831
3169 6494
5882 3999
6152 6483
7906 6880
7052 3887
3625 4644
2421 8671
3847 7051
5832 2951
6133 4111
372 6636
7648 3997
5550 4321
3331 6942
7633 6614
7327 2141
7025 1919
5438 4488
2398 8314
6026 4515
2545 7430
5289 7254
3333 6579
5332 4592
5803 7475
4696 5019
7596 2796
294 7066
6650 4458
8610 4386
5830 6940
4672 4173
4459 8755
3301 6217
2774 7783
6039 3932
7971 3990
4513 4530
4271 832
5069 4604
4503 5913
4794 5568
4734 5962
3977 6886
6863 3038
6806 3556
2397 7401
6099 4597
7566 2786
5873 8077
6813 6978
5859 4881
3658 5979
5319 5016
6287 3521
2799 8054
4905 6050
4285 5439
8430 2338
6088 4480
3125 1579
6109 3456
5290 5259
3977 5816
4415 5404
2779 8117
3753 6782
9681 6320
8547 5604
3177 9066
5919 4005
5158 5570
5110 8711
1795 8477
5804 4698
5235 4132
7419 1553
3018 7437
7163 3433
3463 7558
3578 5181
2584 7590
6869 6455
7261 6830
6864 6785
4450 6278
4615 4545
2905 7272
358 2480
1077 9257
6728 2696
7072 6261
7607 5373
4167 5028
2762 8391
7608 2714
2674 7640
5280 6331
3812 6822
4663 6808
7576 8768
5924 6698
4705 5233
3108 927
2687 7615
7263 2306
6301 7853
713 9366
5202 4318
1954 7292
4419 116
7316 2434
7058 5028
7777 4778
6724 3053
5239 4586
6570 3897
4640 5346
4143 5443
3385 7750
3749 6306
4502 5906
6145 4055
6038 3929
8002 5102
3125 7939
5473 4645
7772 6748
4350 4316
6890 7034
7793 2112
4745 4091
3447 7437
3805 6099
3332 6175
4200 5954
5317 5156
7114 3071
4573 4775
8553 4725
5474 6717
2614 7472
483 6908
3430 6337
5881 3922
2118 1526
6922 2677
4074 6524
7757 4875
5008 5610
5999 5756
2086 7702
4556 5337
3829 5646
7417 6124
3804 2175
5465 4659
6923 5094
3823 5077
5220 6405
6295 3804
2869 7595
5715 7430
5286 5038
3333 6009
5767 3950
2998 9811
3847 6193
4646 4857
8693 7606
5118 5081
2887 6416
3002 6668
3093 7015
1929 8555
4909 4943
2007 1384
2180 674
5612 5365
2181 7543
4079 6822
3644 7568
2730 7493
3003 7508
3159 5949
6978 3816
495 8714
5752 5344
5089 5296
4246 4756
3883 5082
5339 5965
5789 4853
1255 8438
4672 6325
4867 6006
6102 4675
6345 3121
6383 6531
3696 7098
3544 6820
4341 4849
7614 6923
3836 9143
6162 3121
3234 7417
1695 7290
5180 5949
4739 5569
5628 4010
4880 4116
3012 8243
2999 6095
3014 6632
2240 6680
5248 5302
1725 2335
3810 6538
5761 3348
5124 6031
3253 6626
7934 5800
2184 7809
2271 8631
7897 2800
2169 7271
3858 5244
8292 2017
1903 921
5676 4822
2988 6178
3973 6542
6097 3540
4857 5021
2419 7338
3635 5845
4345 4055
5361 5606
5000 5298
4447 5909
5553 4873
4741 6615
3930 6473
872 4058
4959 5791
3241 6894
633 20
6207 4430
6987 3495
8514 1778
5485 5348
5842 4194
4196 6299
6790 3475
1685 1084
917 7628
5135 4826
3168 6536
6408 2475
4391 5985
5418 5034
550 3261
3681 5709
3536 6145
4345 4706
4428 5378
8042 283
1904 8154
6428 4784
5627 5818
4542 4433
9301 737
4677 5826
442 1714
6035 3699
3318 7355
5929 4175
2277 1201
1530 8622
4394 5622
6093 4957
8210 5177
3537 5449
5643 4491
4294 6065
7481 5296
7465 1941
6221 3421
4350 5444
3963 6087
4991 751
4837 7746
2967 5304
7088 2978
3257 6949
3809 1275
7268 4522
3050 7373
5712 4046
4674 4871
3171 7699
6491 4979
3087 8343
3124 7624
5463 4802
4280 6000
5903 5074
4304 6357
5779 3318
4576 6407
4977 5668
6057 3411
6019 4876
8769 6092
3565 6548
6449 5363
5532 5777
2737 7973
5867 5129
1763 6833
5832 2776
7943 4939
4859 5424
1538 2141
6956 6749
9951 7387
4380 5426
3634 5456
5249 8584
5332 4826
2680 7071
4086 6376
5374 4185
7719 5724
8820 6416
3149 6503
5656 5331
2343 7916
4492 5608
3868 6418
7971 4898
2717 7748
3490 6243
5358 5759
5285 4606
4703 3692
8024 2774
4160 6711
5937 4648
6686 4098
5372 3298
6835 3174
2084 2035
5264 4704
4237 7690
6526 3327
2461 8028
4180 5615
6362 3255
1070 9605
4342 5942
3420 7324
3947 5678
6695 4712
3896 7024
8699 6224
5957 3700
2320 6633
2321 33
5084 5532
2928 8030
5267 3747
2934 6383
3608 5839
6284 4625
5168 6779
6692 3516
4509 5682
4174 6744
4473 5765
6950 6520
2937 6393
5006 5670
2866 7681
5366 5604
2854 5757
2763 7296
2918 7319
5189 5382
6804 5535
4215 6079
4777 4391
4177 5823
4264 5074
5289 4687
6413 3785
3835 6882
3957 6579
9899 8861
6214 3432
3905 5113
5213 5078
5954 3392
4828 3961
5872 4262
8244 2228
2962 8277
8430 1335
3053 7498
6064 4697
3564 5987
1808 8784
7000 4790
4248 761
4210 5610
2993 7712
1926 7427
2593 459
1521 8690
3544 5111
5651 3740
5674 3989
3586 6047
710 3380
4171 5654
3977 7738
6143 4324
3518 5503
4077 6104
3800 6012
5767 7865
1274 1917
5388 5702
3615 6869
6542 6549
2763 2159
6313 3428
9350 8609
4389 5445
5635 5206
5027 5881
3875 6392
8500 6897
1866 9497
2043 2219
4307 9432
1874 7780
1840 8541
4310 5273
7428 5487
6558 4664
4298 5298
5302 4629
5830 4785
1462 7728
6988 5974
6991 6245
384 9127
2301 7336
4321 5143
5450 3682
2964 8174
2142 8511
3802 5517
3059 2849
3001 7454
5525 3977
4631 7327
4506 5984
3564 706
5483 4654
3897 8234
2958 7577
4938 5348
4400 5035
2909 7083
2136 6193
4488 5004
2012 8149
4719 6514
7057 3993
4199 5395
4747 3543
6683 2699
2868 7432
4767 6261
2641 7798
9120 5410
5703 3093
1294 8399
6358 4485
5983 4279
6886 5773
3794 5202
4418 6149
4514 5708
4994 5262
3513 6909
6755 3483
6439 3363
1291 7692
8210 4178
5139 5616
4704 6362
4507 3453
6227 4123
5648 2869
9093 6825
6138 4194
7432 1897
5767 4138
9494 7843
8038 5499
4409 6450
1958 9439
1441 3062
2342 5758
5198 3837
2774 6992
5104 6947
3171 6893
5969 5705
3798 7320
8027 5876
2838 5966
4891 9054
402 8818
5505 5161
5502 4369
1469 8614
4123 4752
8325 6701
8089 2818
4042 6750
574 2285
4748 4926
4384 5287
4543 5460
6416 7040
4430 6077
2644 8208
4268 4474
5297 5253
3267 7661
4996 4538
2853 9220
1796 8986
3785 5902
3845 5953
4313 6058
6080 2373
5628 3295
3882 5462
3932 5957
7164 7176
6772 2600
6054 3403
4855 5968
1051 7821
6566 3843
1739 9390
4409 783
2643 757
4042 6210
6069 3122
2841 7157
1179 8729
7620 4688
2948 5908
4246 5716
6737 5652
5807 3912
2566 7977
5148 4096
7682 5422
6734 5354
5358 5254
9272 2449
6879 2968
5483 5779
1710 9160
6779 2472
7028 5199
5708 4585
4289 6064
6945 4347
76 6549
5965 4884
3176 7469
9601 8933
2971 8003
5182 3163
6668 3809
6330 1715
2870 9528
3362 6204
3852 6705
4694 6005
2961 2104
5917 4700
4494 5571
3885 6244
5571 4966
4825 4093
6031 3144
4410 4525
7434 1514
2039 7506
2564 6345
2200 141
5379 3569
6304 4178
9194 413
2034 8596
5263 4031
7054 4001
6480 4260
2040 7772
4781 5047
4683 5707
4488 4565
5952 3237
5476 5343
3465 6947
1729 8490
4231 5546
3956 5378
5815 3991
5908 5122
5632 3906
8582 2407
2706 7080
4468 3954
4585 6196
6653 5886
3698 7190
6743 3070
5901 4710
4544 9053
5653 4230
7554 7190
4272 4918
6502 3129
6300 5209
7139 6273
4179 6416
9610 8482
6026 1299
4989 3288
1389 2805
4706 6054
7051 2260
7433 3494
5303 4503
2116 7456
1994 6298
2426 1791
2268 7212
1618 9165
4463 5020
4695 6309
3410 7639
3905 5632
4831 5303
1307 7439
6369 2698
5307 4594
3880 6398
7438 2009
5223 5009
2695 8452
9999 399
7169 4215
3835 4934
5026 4351
6357 4565
8394 5171
4901 4585
2063 8626
4136 6588
3771 5938
4907 5419
5998 4861
4579 5208
5189 4085
6075 5081
4294 6387
9325 6763
7082 1937
2334 8451
4486 4342
6830 3558
7905 2275
4911 5165
5975 3309
8153 5265
5623 3006
3763 6320
1022 1317
6277 3652
1758 684
2780 7462
4978 4638
4153 5607
2374 7826
3357 7214
5317 4741
6602 4351
3224 9201
6522 3949
319 3123
8895 897
3810 6637
5264 5036
2264 613
7625 2764
1641 256
2311 8681
4239 6033
3376 4495
3989 6150
1037 7954
5563 5305
4536 6139
6959 2759
9827 1221
6420 3793
3715 5129
4527 6176
4947 5301
3429 6429
5619 3893
5310 4486
3681 6155
5736 4823
7146 6413
5404 4615
2831 7153
4645 5529
7222 6408
4278 6001
5909 2801
3365 5891
3645 9472
5288 3091
6413 3911
4217 5582
3972 9049
2268 7686
4341 1447
6724 4941
7197 3992
8610 2439
3012 5070
3548 6362
4896 4185
3554 8428
2489 6872
86 9147
6490 4401
7803 5613
6355 3947
3743 6228
9105 7112
5987 5586
6119 3819
3593 6140
3762 5015
6347 4437
4568 5524
8777 8415
6409 5086
4096 5943
5935 4263
6421 2845
3201 697
123 8512
2736 8145
9671 7645
3306 570
4096 6208
6357 4895
6217 3689
4969 5724
4332 4349
5163 4771
3874 5722
4671 4983
7506 5483
4641 3828
2656 466
3530 8541
3446 5689
6985 1732
1686 1133
8846 6950
2420 8447
1982 7547
5547 3871
5447 4687
7887 2034
3883 4765
2637 6989
4243 5602
8931 614
9501 6923
5242 4403
4210 6328
4226 5778
2312 7723
1523 7154
3136 522
6635 3582
5325 8086
5804 4328
7141 2896
7000 8253
7496 3618
4961 5445
4773 4491
5143 4173
259 6971
4334 5432
5685 4721
4173 5514
369 8270
3265 6800
3600 6641
5286 5097
2908 7316
9405 8131
6601 4320
5545 9823
8149 6747
5511 5480
6218 3127
9538 7348
4973 5432
6680 3157
4267 5913
2847 7198
7006 3178
2449 7417
5619 4789
6425 3312
420 9381
5470 5340
4147 4163
2463 8376
7024 5190
3454 6456
7718 5750
5180 5622
6935 4443
9042 3301
3725 6626
6293 4567
3915 5703
1637 727
1662 9122
8646 2174
6157 3659
5687 4613
5768 7490
4753 3311
7032 4762
2226 7888
9657 4369
3165 6824
7624 4902
1073 9257
3982 5505
3320 6963
5005 6277
4377 5891
9301 6018
5570 4185
7911 5345
3103 6741
3933 5096
3135 6773
4861 5451
46 7854
2510 7395
4395 5386
3627 7240
5205 5376
1870 8122
1677 8710
4785 3892
6664 3646
8729 1933
3726 164
4043 6144
2235 77
3994 6251
3671 7175
7978 3053
8262 5701
3594 6317
4937 4928
5195 4406
6353 6907
5244 4707
4446 3644
4485 4655
1834 1495
5260 5554
5098 8939
4690 5438
3733 5550
3567 6155
8611 7404
5331 5879
4114 1077
5009 5828
5672 4860
4072 6184
2638 8846
4788 6503
6541 3817
3829 6542
2832 840
4776 5482
7710 5201
6162 4580
3474 8300
4555 5105
5855 3117
6113 2509
4243 5284
5156 5065
7991 5565
4528 5267
8222 7075
4057 6176
5616 3774
5037 4964
5163 6272
3870 4629
7952 5493
4339 4699
4971 5284
3358 6669
5652 5911
5664 4982
8423 5789
5143 4758
4386 6207
5398 5393
6287 4737
2926 7425
8307 3218
7480 6149
6099 4802
3537 7206
7731 2878
6643 3819
3512 7378
1905 8949
4901 5202
4440 6564
7462 3284
8686 4010
8522 5070
7415 5912
2672 3465
1557 3549
2411 8119
7903 8475
4072 6030
4409 4632
7241 6555
3764 6551
6634 4385
4660 5562
7521 2902
5326 5731
3265 6086
6983 2732
4262 7358
5043 5708
6760 3743
4984 5213
8041 6580
6575 3697
2772 7730
8147 2168
9280 9600
3118 6826
1089 7967
6481 3281
6640 3045
6851 4540
7044 3623
2182 8309
5764 4128
5256 4890
3784 6888
1367 8096
8031 6544
4258 4592
5756 5212
5395 5435
4659 5021
4159 6541
6250 3734
5713 677
4014 6940
5569 3930
4384 7562
2583 7807
4495 6755
6936 3838
4245 5826
3123 8086
2773 8053
5103 4774
5567 4500
3523 5432
6793 3874
7821 6302
3800 6091
3573 7998
6082 4572
6402 2942
5475 6195
4530 6690
22 5866
6109 3628
4020 5950
6326 3742
8006 5422
6573 2801
3923 5644
5538 3668
3513 8598
4157 5402
6390 4027
2438 8117
3151 7873
7124 2531
2810 7580
5113 4952
4754 5657
1224 1334
4547 6347
4938 9121
7127 2456
6846 5475
6024 2743
2922 438
7140 3069
8417 2260
3341 7597
6881 3977
6172 5503
7142 8856
4267 5925
5427 4451
4210 5836
5282 5790
5905 2800
5911 3368
1099 8778
1485 8176
5591 5233
7811 6857
4368 4408
4987 7189
5415 4863
1275 2709
6004 4849
4431 6270
4020 6470
8526 1362
9204 6530
4749 5038
6206 4840
3897 5581
1261 43
5995 3573
4778 4958
5712 2992
1502 8507
5977 4198
3182 6251
6841 4834
6527 3326
4601 6200
7639 2333
4631 4651
7362 3373
1140 9853
4354 5654
4311 6366
7809 5081
5583 3642
1458 9232
2358 7911
5424 5046
2936 1472
6474 4258
1724 7136
5044 4941
2529 7649
5196 5038
7703 4281
5233 5865
2681 729
5793 2669
6953 2773
5242 9211
4604 5922
2289 7035
5473 5059
1748 9420
5720 4262
1021 9320
1148 4028
1731 8284
6858 4081
1929 6499
4521 4877
4692 6565
2176 7130
5727 4422
6172 3906
5157 5209
27 1184
3432 6761
1064 2120
6764 3637
2442 7779
3102 61
4956 5075
8888 7688
6751 3029
279 9514
6194 2846
5132 7223
764 2847
4252 6535
2459 7724
7244 3492
6001 4639
4284 4389
4164 6279
4881 3970
4809 4768
2543 7394
3517 7105
5935 4958
5322 2894
5497 4732
5259 4186
6176 4123
8086 2058
1971 7618
9103 8678
4778 6070
5326 5115
6602 4002
8072 6855
4674 6012
955 1902
2444 8066
2794 6724
5263 4686
7780 3565
2422 7755
5135 5031
4640 4680
8746 6426
3303 4800
4785 5821
3246 6215
6713 4219
635 3919
2923 7813
4866 6074
3163 7794
7143 2985
4982 6371
6151 4717
3421 6597
4329 8057
3793 6734
4045 8118
3693 9536
632 3211
9035 9130
5659 3882
7169 5868
3903 6493
4002 4629
5246 4201
7812 2856
5449 4646
5436 3544
6629 3559
2860 7505
9097 4760
5316 3893
3959 6924
3681 5747
9814 7826
4509 4703
6713 4317
2290 7324
5005 6596
4398 4872
5401 4875
5030 4410
5946 6023
4496 5708
6696 3976
7188 2452
5843 4963
5449 5189
1039 9447
5547 5315
4750 5071
5921 3198
5309 5672
1408 9987
4814 5321
6431 3040
2238 8050
3023 6025
2585 7785
3264 7399
4988 6147
3816 5926
3782 5784
5163 4687
3495 6136
5238 5504
6070 3527
7686 3645
1845 1860
4263 4143
3447 5835
4417 5104
6428 2862
6684 2559
5713 4988
3990 5561
605 7367
6347 4222
4351 5689
2945 7250
7615 6186
5887 4615
5531 4422
7840 2103
6417 2974
3804 6459
2005 1301
7198 2227
3369 8782
4057 5592
7376 2907
6294 4974
4862 5202
2422 6809
7831 4799
9911 4463
3281 6310
4533 5557
6299 5583
5689 5245
5451 5373
5883 4738
3005 5588
4351 5931
5480 4204
4361 6124
6980 3473
8849 7155
6475 5781
3161 7498
4943 6745
5598 3033
2987 7116
6830 2073
5858 3109
4257 5514
5333 4801
9274 7712
5165 4579
7004 2374
1607 1389
4104 7343
3348 6871
2865 7248
5964 3248
362 1479
6895 4166
1383 8670
6325 4013
2524 8266
5565 3767
4044 5756
3482 8384
2484 7821
6586 3267
7091 5883
4661 5697
5202 3949
4846 5742
2790 6966
2630 7880
7430 4939
2856 7405
8288 2755
6483 2392
7623 6422
3770 6958
4812 5492
6762 6093
6624 4173
3375 8234
4459 5081
5431 4194
2684 7599
3947 6367
4316 6987
3834 5523
3172 7273
2681 8204
5422 7757
4706 6126
1499 7969
1134 9268
3113 9438
4460 4493
4150 2381
7031 2094
255 4461
7383 6948
7452 3255
3933 4603
9228 6480
4006 5490
7489 6291
3573 6920
3253 1088
2775 7285
1825 9163
7423 2410
2790 8088
3366 8284
8662 6742
8430 2155
2934 7049
7285 7580
6741 3544
1069 7050
2255 7026
5712 9904
2247 9008
8116 7328
1044 9208
2713 7495
3483 6739
237 6110
4574 4491
7510 2679
3960 5760
5457 3383
2587 5140
3117 6797
3673 5703
4278 5288
9213 7124
5353 4121
3208 1178
9529 4211
5376 3924
4479 6302
4245 6809
1651 9224
637 9211
5368 4779
2707 6875
2244 469
4275 6773
30 9292
6615 3804
4099 7630
4383 5552
3414 7676
8078 7435
3881 9622
4012 5761
3363 7301
3741 7024
4225 6808
5350 3656
3278 7608
6391 5492
5243 5250
7736 5870
2541 175
2327 2201
8163 5714
5500 4274
5183 4567
2844 5811
2678 7090
3064 2287
4743 6366
2733 7291
4215 5194
3174 6625
6140 4081
3724 6274
3037 203
1027 3609
7111 5975
4587 5596
5742 3519
4901 5383
4412 4926
7022 3767
1914 7494
8992 5694
4437 7499
2683 7676
5610 4238
4081 5994
7160 4002
1545 7633
4583 4291
7074 6150
3715 5793
5902 3448
5036 3864
4658 4815
3415 9180
2401 8084
4090 3985
6916 4931
6288 3376
5021 6215
6442 3434
3622 6769
4213 6536
3194 7231
758 7868
6200 4431
9061 7958
2663 3924
3659 6134
4608 5529
3423 5863
6270 4122
1782 7823
4237 6641
4703 4979
7885 2820
6114 4814
4283 4542
4117 6316
2859 8795
6175 3332
4454 4918
2599 9393
2286 7850
4857 4485
3527 5547
9901 1187
376 8719
4486 4986
4181 4350
992 3209
4458 5827
2885 7248
5874 4279
5505 2984
1236 9204
6681 3441
8245 2429
5419 3326
2967 7811
4582 6127
3000 7579
4765 5462
2781 896
2400 7849
4421 6146
8114 5774
7426 8518
3422 7344
7166 4543
2010 460
7801 5579
4401 6353
387 7313
4127 5704
6002 7968
4284 4721
1600 8969
6543 4945
4458 5022
7790 2801
2558 7625
4543 5740
5289 5444
6448 4420
5103 5848
6883 4311
5783 3063
2034 8644
1289 9084
3839 6562
7119 6775
5205 5831
3060 8667
1542 8855
7409 3230
4845 5933
3062 7773
7198 2000
5694 5241
4848 5041
5789 3672
4584 4357
8118 3403
823 8652
5125 2545
6028 4713
8400 5223
2484 226
6549 2578
6155 3213
5110 7297
8221 5337
3802 5983
5708 3576
5130 4731
2564 6262
2006 7920
6653 4249
5097 6131
8084 5453
7056 2158
1531 7812
3321 6963
5542 3894
2528 682
1967 6393
7616 2086
6403 3813
8505 6385
4355 4712
5704 4486
8060 4314
3528 6431
7807 2556
4035 4212
3206 5822
992 7884
4492 6443
4916 5538
1712 1794
3840 4567
4656 5993
4907 5346
7846 6083
4316 3184
4451 5215
3986 6427
1596 3159
4491 5925
6744 4120
4551 4664
7041 2128
3578 8066
3706 6903
4060 6232
4026 4815
4807 5529
2544 7549
4089 6295
5710 3984
5708 5372
6201 3813
7384 3140
2378 6735
4863 4233
1066 9508
2673 6625
2761 7641
4779 5029
3927 5981
4079 5212
1639 8768
2839 7825
5042 5259
7296 6537
2951 6754
3017 9817
6415 4164
5116 4427
5102 4492
5415 4723
4723 5893
7659 5164
9793 6111
5032 5745
5516 5300
2769 7802
8184 2654
8061 1909
1257 6838
6521 4181
8368 7021
3742 6996
5366 4803
8328 1206
6753 2883
4269 4675
7698 7491
6725 4361
1846 7503
4071 5450
3576 9034
5137 4198
5244 5227
3927 7162
5270 4318
1045 8801
6105 4216
6240 1780
4074 4822
7050 6264
5346 3818
6502 3543
3013 7586
3919 9494
4340 5615
2455 6541
4245 6546
5381 4041
4607 5815
3827 5740
7242 2614
3140 5942
1483 8861
5886 4298
4780 6682
3383 6788
6412 3181
9858 8710
6971 2650
706 9434
5146 5427
1199 327
6900 4841
9526 8731
9302 2341
6266 3657
4646 5491
2197 862
3684 6491
2644 8412
53 8501
5333 6314
4584 5027
3204 7925
5536 3295
4547 4358
8569 2584
2229 1344
5122 2343
3022 6758
3498 451
7592 3770
3197 8416
3006 6899
7091 2701
6864 3476
5339 3625
7231 3498
9874 301
4532 6714
8335 6968
1621 1200
3605 6669
5682 4638
6381 4496
658 7950
3780 370
3595 7006
5740 3187
5907 7465
1875 7770
6339 2549
6077 5432
4094 5706
5652 4242
612 7695
4712 5575
6466 3937
2353 8073
3465 6114
268 157
2529 8415
2292 8817
8794 5689
4446 5721
5409 7080
6383 4433
223 7590
5986 4617
3941 6753
2016 2502
3040 6766
4992 6275
2927 818
2678 522
5138 6069
3268 7154
5398 4604
3702 5280
4577 5809
6768 3089
3375 6053
4695 5355
3577 6862
5114 4701
872 9855
4883 4768
4000 6407
3273 7619
3271 5852
3240 123
8236 2490
5312 5067
4317 5296
2504 7702
4522 4911
5324 4138
2395 6712
4503 6209
5982 5535
2088 7989
6192 5494
586 722
2380 7379
5027 4939
3569 5932
3643 4798
3301 6526
6374 4603
4791 4024
6249 2622
7021 3367
4680 8214
7491 1712
3879 7033
2687 7391
3352 6469
3807 5472
1258 45
3817 7179
5152 6115
5869 4035
6406 2699
1149 31
7157 5865
7371 5974
3237 6869
4367 6190
3415 4431
2394 7640
6129 4870
4654 5694
4599 8647
6893 6843
2685 7560
3186 6041
6986 2726
4856 5047
4663 5635
4117 5647
6533 2371
1778 475
6510 4081
4423 4118
3749 5336
3931 7033
5861 5361
2764 7601
5619 3878
9156 7539
6274 3809
8043 5189
3411 7039
5375 4277
4363 5765
4553 5251
6897 2661
9837 9599
4409 5243
6063 3338
4416 4873
1710 8130
4222 4450
5068 4241
3710 6553
3616 7529
2939 3229
3229 7677
3764 5068
115 8781
6549 8191
4671 5629
3901 8722
3731 6962
3821 6398
5009 7201
5898 3656
7239 537
6217 3818
4351 7466
5134 4199
2998 6446
5798 5002
2917 8178
4328 5941
4907 4422
3423 6329
2700 7920
5923 3312
2898 9333
3584 6017
6123 4569
3382 5919
4500 5495
4625 5755
5277 7752
5807 6520
70 7416
4084 5293
7353 5905
6647 4022
5292 4762
8597 6087
6042 4558
8696 9247
5701 5082
5281 4496
9587 495
5951 6691
6116 6987
5982 6349
8890 6610
3462 7209
8433 6514
6549 4101
4692 4631
3045 8052
7292 3773
7246 5383
4085 6253
4010 6259
7692 7535
6176 4535
7508 2759
6226 3340
6413 3166
2526 6482
5952 4497
1249 8539
2711 865
3950 6595
5482 5142
5013 2857
6941 3327
6927 3917
2584 7182
5691 4843
6474 5252
3857 6143
6036 4123
4954 5138
4194 5499
4164 6151
4304 6045
4795 4705
7564 5785
6070 4381
1992 9149
3909 5143
