699 1727
2286 2276
1535 13
7872 6926
9638 1390
3922 731
2286 555
7764 3191
6008 3215
4112 8067
1533 8167
8090 9893
3359 1413
4630 5814
1879 438
297 1810
1212 9508
2736 1815
2448 216
3643 6168
3746 3408
5305 740
3110 8679
1432 9669
2107 5786
6888 4064
8968 1922
5504 1974
3008 9979
5404 9880
8927 1512
7039 706
585 9015
2858 586
465 2417
4183 3
8390 1164
1339 1898
4539 2002
5926 8384
7104 54
1963 4093
4877 2900
3641 1791
4090 3194
4622 6322
7268 6657
453 8571
7094 2340
1581 649
542 9030
830 3575
8694 9625
493 8765
4329 1611
5603 1700
4339 84
8972 7912
4007 4220
3916 8123
4827 841
6518 1856
3787 6697
7778 469
4564 8689
2956 2604
6814 6729
1547 5179
5831 7606
3501 9722
4821 7038
3077 2341
7788 9680
9345 1081
1919 477
4360 2515
3429 4077
1552 1623
3961 6710
8950 7083
6844 3202
5491 2969
876 293
8576 871
7728 2202
1102 3494
6136 2706
4174 2100
2110 9699
2827 2143
7507 518
5863 9872
6076 8030
2234 4258
3487 4553
5003 6799
4761 4413
4132 3796
2254 1463
2355 9917
2909 9271
3362 8759
3358 1815
2996 788
6890 177
3459 3178
4950 4922
8601 2747
1081 2365
3754 3886
9658 852
4819 8002
1247 3071
2598 3874
8535 937
4728 1058
5245 1879
3239 6450
2222 1673
4130 4114
2099 519
9239 3240
853 9159
8599 585
6575 1984
140 3890
953 1518
7186 9951
916 3064
5628 8153
4133 2583
9962 9089
4889 4552
4046 3109
2213 3142
5649 4011
9296 7544
6484 3909
7781 2553
3422 886
3121 6816
5732 1421
914 3261
1699 6569
5311 4137
6608 3715
1569 4653
4375 1154
1899 852
6000 2669
1093 788
5650 9201
1551 8656
6432 3983
6844 2616
8867 8305
2159 2654
7279 2464
558 1612
6999 689
3133 4696
9620 851
2401 8948
1649 6869
3221 199
6854 1762
883 5874
6578 2766
2207 2293
3746 2393
9103 9498
1705 325
466 868
4172 3733
6817 3169
270 9035
3811 1884
1320 4312
8107 1396
8070 3055
2315 1193
4151 9653
5797 4164
1912 2911
6909 9295
3342 1261
299 732
6555 1155
3046 1793
2071 9585
7571 1543
8428 1343
2920 750
9411 8953
2409 949
2054 9123
3441 8186
2903 2095
2491 7254
7965 2192
5149 2874
8048 1552
8334 634
7295 9982
3347 9310
9491 287
355 7960
5768 4837
1862 1346
2924 2073
104 8234
4587 9787
9386 1289
1154 1753
7918 1191
8465 1360
4554 2147
3976 9526
8654 9332
8128 6284
3512 5190
797 8956
4249 9275
6726 4554
4554 871
9874 3299
2342 5603
1226 9743
7804 1964
2072 4021
906 4554
3485 7837
6910 740
7470 9559
3963 673
6781 2661
5766 9248
3317 790
1737 9936
2829 9868
2493 236
2522 1840
2209 2283
5547 3812
2544 2007
4228 948
4552 9267
987 8247
2934 508
690 3859
7663 3700
4802 438
8573 2051
9113 1390
3323 1902
4351 8086
5069 7957
1923 9630
1171 6010
5364 2886
2716 4957
6074 7633
3267 4571
3925 4284
3680 4596
1517 1785
3425 3180
4870 4462
4427 1269
1436 6263
3553 7795
6533 82
4436 1497
8462 2317
2778 1153
8324 1858
5358 7785
1039 821
9487 7449
8433 2030
1530 6571
5781 3717
3010 2564
1944 1192
6926 4973
9569 2908
5352 13
3977 21
8279 1154
327 8842
2056 2830
1851 9780
2525 2900
7784 5269
1424 9155
6034 3610
2778 3754
5465 304
3298 1166
3340 754
795 9212
3719 1159
4241 3221
5505 7201
4258 1553
2655 4443
9706 6561
8733 3202
9929 6346
9944 8195
9706 1987
6002 3518
2682 2186
5034 8725
3593 2897
2689 4333
7095 7509
999 1376
5446 2784
4312 6790
3476 4648
9283 61
8092 415
4268 8297
4841 7893
6734 1495
3618 716
628 8415
6368 3589
5787 6087
1621 4698
2808 2275
4801 5498
3054 8752
7928 922
4000 1019
4096 727
160 5164
531 9278
1108 8615
1942 2956
3714 2876
9905 201
6919 2192
1775 3602
3761 1267
2772 673
2636 9114
2739 9801
2278 9671
8145 2060
2499 1008
5631 6081
6097 5588
6713 3376
7763 5643
3578 894
5545 681
2827 4229
5322 4135
4675 3915
4871 8665
4791 1237
6282 4213
7065 2344
3185 37
2322 4098
2127 9780
476 6672
1213 9854
4452 8983
2476 2880
3079 2764
2642 926
7562 1465
9961 1663
3759 4186
3385 8963
3189 6019
6600 2136
1405 346
1303 4536
1320 1965
6946 1052
2625 6242
4698 8262
3795 352
6330 1494
8197 111
9926 7196
6344 2975
1737 303
293 8513
2171 2975
5492 1828
3524 913
4612 3993
438 9053
3445 1672
5273 3330
6130 5382
2723 2850
2047 2679
3248 2555
7195 193
8785 1076
5586 8027
4561 5195
6054 7723
1389 2715
5197 2144
9958 6860
2535 4870
2853 3044
9152 231
1552 9274
7096 3633
6203 5078
3707 1649
3472 1517
3532 7804
9362 1474
3141 1274
2845 9726
4083 9520
1839 677
445 1197
3228 1507
3772 3965
1703 3907
4037 2993
2850 1740
2786 2250
2786 3382
4395 6573
1275 2297
1426 2466
8605 9874
2136 7437
2266 2708
3421 2580
1613 4543
3535 4179
7630 2884
3675 663
7264 2003
1545 2050
4359 6777
5929 363
3102 8843
1899 5925
5069 9713
7671 5661
1861 3418
1690 5177
7678 1499
4236 3817
691 268
7829 734
3840 964
9785 8356
1612 2341
2662 9101
7761 715
2630 9563
2733 1433
7547 9651
5858 2675
3698 7826
1128 9732
3148 1123
3828 9104
3530 8098
1134 7905
8746 822
5217 2614
7858 1937
5885 3796
2659 1196
964 5400
3612 6748
2054 5817
3862 3970
2389 5249
7100 2788
2862 9782
653 8512
6910 5028
4336 8355
7820 1802
6773 3598
7804 811
1234 1589
1126 1647
5348 5411
6901 3374
282 3622
1512 6414
3286 4754
1855 1792
8451 2958
4957 4250
7195 559
2804 2615
2727 37
2568 538
3129 9730
7813 2185
4197 2926
6351 7149
2752 740
8778 2198
8433 2572
9586 7475
9490 4469
2898 9955
8855 9556
5878 8743
2828 590
894 1660
2794 9610
6375 3398
8655 6943
8295 2170
6434 3453
8777 9120
5817 2847
8562 1467
4577 4477
1563 2019
1007 2970
7593 2279
3023 4370
3244 9293
8803 8885
2701 3007
2641 2727
8754 5874
5400 1368
5898 3185
7244 1493
8439 9511
5967 1106
7356 1670
763 2730
900 4276
8769 647
2158 750
5183 2988
1926 98
61 215
3637 1244
813 2214
3661 518
1216 8309
7308 2165
4634 2485
5678 571
9738 1533
8079 1224
1157 9199
7305 9823
9143 1094
2452 1088
3249 9362
2602 246
1510 3315
2133 6183
3508 4109
6794 1247
3912 2472
2341 1522
5467 365
602 2273
234 8113
6922 9016
2358 8637
2582 4064
5150 4220
1496 9624
4654 9911
2539 9966
4629 4225
1013 1699
1199 1975
5208 5595
250 9490
1760 8952
3161 9082
1159 855
9138 1522
5670 1869
8215 2679
2363 2542
4126 5977
1538 2199
4470 682
3516 949
5903 8492
6671 636
2889 9418
6631 9576
1336 1283
1317 775
8843 5
5921 6676
9385 7527
5565 6254
3937 9874
2648 4638
3036 8835
7000 1979
2966 9377
2709 38
4843 2068
6698 711
2291 2414
1987 2268
2336 1253
1260 9896
6192 3648
6676 1217
3472 1408
7781 1268
3645 3551
1056 9608
783 8811
3346 221
3255 2992
5276 8837
6934 5425
1747 2178
878 1091
7054 7067
4857 3148
917 2251
6254 3191
1644 2845
6449 2234
6616 3543
3600 4954
2365 655
2610 8416
5106 7235
3432 1205
3009 3466
7610 6732
3936 9189
5289 5141
2083 1845
7420 1998
8436 1563
9853 3012
2977 3635
6634 3569
3611 654
2167 6161
522 5491
1448 9857
7617 1910
3197 641
5917 6673
8402 9275
3919 4683
5160 4595
2907 3288
1649 9968
123 2833
2074 2792
4296 4755
1817 3136
3594 53
967 9790
3347 7760
9284 9778
3048 9944
5110 3467
2274 4808
1367 8942
3331 3062
2679 921
8466 2506
4700 7769
9580 9633
6512 3332
8247 598
2590 8985
6655 9733
1655 76
3237 1221
2867 8332
164 1715
3848 5804
7221 732
9989 8790
3249 1460
7273 6929
4781 761
2970 7786
6047 1669
7377 1244
2695 7932
4895 373
8574 1006
2240 3861
703 1821
7179 1530
2664 5357
5634 1472
3328 153
5246 9612
8057 5554
898 2182
259 8611
5498 1202
2007 5092
7078 171
1235 820
2180 2131
3381 9060
5861 3096
4871 9298
1716 3573
2385 7869
1234 940
2245 161
899 2118
7577 3008
9776 8371
4264 6496
1794 2216
8169 2065
5069 7189
4603 1266
7797 244
3013 1960
7302 4731
9183 165
3455 206
2153 284
9109 444
3324 2761
3139 1138
6212 2858
3859 9866
4271 1817
2131 2596
2609 191
3733 9726
8685 9543
5881 1711
4715 109
1001 3841
1274 64
2793 4679
2141 552
3627 969
7092 4754
2368 451
619 9437
2325 3787
6118 3502
7211 2496
2763 1883
5802 6005
2496 1539
5974 1242
2895 3908
4651 739
906 2418
9902 9785
3341 849
1894 9957
745 4944
3857 4032
2857 2233
4522 1798
710 2744
2977 837
3311 3077
3631 278
6238 2757
8623 2383
4929 724
2879 1317
65 4403
8792 1666
5930 6024
5742 3084
6980 1938
3729 3595
1861 632
2350 2895
3610 4806
6403 8836
95 7665
5430 2030
8198 1314
2713 4789
3375 1641
6008 2272
3868 9616
7006 1523
3571 1144
7366 554
2221 13
3885 5275
4498 8099
6693 425
6442 2649
8054 9936
177 2077
3896 2926
2827 8310
1429 9646
6729 1021
3578 401
1597 5932
7214 4562
8419 2077
6767 5828
7464 801
1983 2477
8457 499
8428 1896
8563 7045
3573 965
2342 954
3676 3272
1873 475
3842 2029
9920 9648
4397 8438
3436 2015
946 9246
3202 6772
459 8341
1146 3120
2504 2714
9689 8067
1610 5735
2244 9548
1433 2661
7339 6412
757 9431
4538 312
6331 9597
805 239
3011 4967
9317 1635
1501 1254
3107 6103
4110 8730
197 239
1455 1781
3688 8220
1961 1095
8698 9619
1872 263
3939 9113
2241 1414
9524 8205
9593 6764
199 141
2024 1156
6713 6521
7640 6237
256 8668
3522 8946
6365 3034
3482 9813
2327 519
6646 7105
2576 1111
7731 5192
2606 8867
2745 9025
3041 1210
4102 8474
3504 9608
7635 1697
3357 8097
997 4443
4459 346
9030 7445
2251 273
1770 9354
701 2086
252 8675
411 9077
6130 6443
7568 596
5203 656
5836 4095
1327 8905
3835 3677
3679 3924
5935 2267
3164 5989
3206 3591
5215 4278
3947 1151
7179 2599
896 1664
5519 1571
8217 345
3825 1390
1652 9231
6838 1896
2259 8219
6691 2142
8647 724
3167 3002
9907 8462
5470 9505
7888 677
2995 8902
6265 6441
1473 5301
1493 175
1667 8055
7872 31
3118 607
1672 2886
652 1667
8077 6327
8778 1450
3615 8094
47 5199
399 3292
9358 8297
2749 9901
1361 1425
2248 85
3922 2588
8696 3222
2578 634
4219 4272
9104 9320
9074 401
5114 429
7240 2684
1964 8139
2532 1012
6391 1984
1489 8520
973 3042
3356 2887
2513 361
2336 8047
2585 1698
2770 5270
7189 2638
6321 2679
6408 8983
9522 1436
9313 8761
1938 395
2299 5621
2381 6477
3124 1045
2796 3952
736 5694
120 8580
1798 8493
3432 1426
1509 1974
6466 6336
3582 8015
9853 2065
311 8296
3823 264
3480 9724
437 4994
5021 4415
917 872
447 694
2452 2722
4975 512
1033 9979
5382 8829
2480 462
481 8419
4687 81
1782 5264
2961 8499
7166 7893
2640 1582
3337 2599
2298 1064
4007 8171
186 1453
4688 1070
4544 1471
4766 2072
5191 2301
7739 556
9730 817
5868 2054
8487 9611
3022 578
3293 8540
7412 1366
3407 160
3766 6774
2436 517
2085 1751
2743 6941
6183 1019
1570 2325
3236 5153
2963 9833
2150 6692
3818 2619
4561 9982
7453 6852
1523 263
7356 912
6785 3275
7935 3743
2839 7030
7014 3512
1076 7536
6189 3286
2729 6898
639 890
4025 3219
3299 1129
3287 517
7712 6150
9660 7644
5165 2935
1075 5477
7477 1179
7276 2092
3769 6941
8608 6701
1011 7564
311 9925
7489 1418
3218 1670
1887 409
3607 6326
3150 897
2484 1073
2665 8287
8209 8690
5733 5648
2471 5160
8757 9547
3842 4544
2464 2906
3109 7662
1983 8905
1537 9987
2816 7939
3608 3824
7076 3333
4324 58
1669 3317
3816 2397
5159 7195
2637 739
1694 2098
2774 2056
9590 4128
6396 4104
3202 9938
2158 2992
2674 2728
6250 1771
9196 1501
673 3851
5499 447
2439 1406
4637 1614
8755 1089
269 8578
3407 6821
8624 8370
5899 9133
3656 4078
5205 3203
6886 827
4504 7622
5714 111
9499 2711
200 8749
2756 151
6647 6588
5689 8541
913 5014
7890 2753
6242 3097
7299 2285
2285 1324
2704 4017
4338 8884
8181 3841
4816 2092
8414 1977
7850 852
5275 4363
9634 554
6088 3160
7783 5228
6851 6071
319 1888
7046 1322
5720 8362
6102 3094
9435 7663
3838 9851
3400 1546
3582 2197
1806 9180
3283 9894
1733 9721
7194 668
2413 849
9483 6364
4715 5581
1138 3653
2624 623
3802 8472
4832 1556
2859 6533
5676 2289
3203 601
5449 1460
5231 3861
6556 2375
2505 9275
2738 357
4405 786
5671 4318
7250 1745
6500 2973
4039 7638
721 754
6445 1725
379 8718
6474 1788
9177 7173
5867 3182
5262 9195
2973 1958
803 9539
2053 640
3950 2843
4781 9007
282 4211
926 2821
7262 1467
1652 481
1812 2276
1237 876
4054 950
3039 4239
2880 9844
2387 9008
7765 1269
3270 990
1938 1225
4087 1886
3808 3145
4080 9840
174 8856
5830 653
2734 1918
535 204
4155 5998
627 4488
2423 5848
2170 4585
4504 4425
7276 2016
4655 2528
5302 9429
504 9112
3862 2334
3264 398
7989 847
3837 5171
6895 9621
5627 1878
52 1753
7101 1238
1857 575
3452 9121
1500 2552
4004 6745
5753 3909
1387 4189
3702 2093
2118 1024
477 8726
6183 3004
5709 6648
1140 9421
3439 901
4240 2527
8773 1049
4491 4095
8223 7178
2378 3845
2812 1068
1126 1300
3429 744
612 2656
555 136
7029 6294
2704 7887
6448 1968
5593 8278
4134 3305
1882 4517
6550 3592
6819 2405
155 58
2926 5232
8179 2008
4385 1431
8924 701
2030 781
4147 98
8220 5343
8272 286
4981 6825
9757 4085
2359 1185
3034 9725
523 8791
6225 2461
2905 2032
2914 1443
1812 9948
2396 1368
1411 70
9096 525
5185 7270
238 3187
4428 466
5766 2971
6542 1880
3967 9907
490 1452
2458 3270
6498 7701
4477 5728
5970 4543
7131 1457
6168 3216
1381 3057
7398 2215
956 3030
2510 55
3115 952
315 1047
3942 995
6578 1020
6244 3475
2823 9267
1989 3177
6244 851
2595 7682
1483 193
6189 4973
6033 1607
1899 516
2357 6498
5342 4462
1383 9410
6370 2015
1066 1072
4850 589
3305 9311
5770 2401
7159 5180
6497 8099
5201 6939
994 9836
8722 5786
1742 1513
2817 2030
2767 9757
5658 7565
2006 4411
4846 3040
9580 1094
2392 956
9177 560
5403 6148
7780 2652
2224 1228
3185 857
4085 619
5612 5324
5820 2909
1910 2529
3758 8303
4155 8268
9720 2421
1077 8535
3554 1254
6793 4547
5689 6855
8195 6807
2582 1057
2332 2194
5881 7699
7508 1905
1192 2599
7566 454
4460 1971
1078 2879
1011 1657
2587 619
2972 726
1581 201
4489 313
5554 2623
1458 3630
9043 1252
1782 9761
893 6890
1176 9722
9470 2673
2507 9527
6599 5368
4844 6898
3269 5420
1126 3570
1176 1850
3286 1802
2312 4485
2478 9621
59 9036
6677 5674
1760 4237
579 8168
2562 1069
7738 2766
3934 1321
7056 2143
1813 313
5418 5978
7114 8536
2177 7270
7421 471
1755 716
899 502
2080 2764
9908 1950
2994 7385
2845 1254
7107 5994
7263 1466
8456 664
1915 337
1435 1686
5734 2027
8224 915
2958 6680
3299 9045
3635 9897
3588 431
5486 4814
8006 9589
3981 7681
3561 2140
9830 1370
1925 94
3637 9305
1228 2152
194 7902
2641 1990
2453 4005
7344 1777
2764 1194
5229 2915
3668 9786
7949 1362
8493 3003
2190 9409
6047 2464
2829 2082
9456 117
3213 7706
50 5800
1965 1864
2306 6178
1308 431
9327 88
6121 1896
1656 3329
6111 7444
8789 1581
1850 4628
9874 8973
246 8685
2236 8864
6217 6415
5992 2770
2457 381
2581 2748
7618 1095
4955 9189
7096 3759
4677 2945
7552 103
2351 1504
8227 952
4766 627
425 8957
3568 39
998 4160
1618 2556
1838 839
2271 2972
1403 2488
8405 1712
72 9592
3005 1884
852 9146
3176 1357
8233 1605
1997 373
2823 2258
4093 4183
3587 1342
2639 371
1602 6116
2986 415
6618 176
3468 2553
2785 8418
7688 5490
9183 1117
3137 1635
3625 9074
5522 1935
1707 103
2777 1774
527 615
6019 6533
3038 991
2578 9112
3663 7236
3996 7525
5003 9485
5400 2885
4542 9764
7473 8431
2038 9140
7536 2071
8197 505
2245 8795
8607 9794
2312 9788
7342 5998
3367 1961
4079 855
3743 1723
8834 9283
5150 2979
663 8711
9680 300
8633 1156
5449 4560
7417 1194
8477 2077
5410 5800
3479 8416
3248 1493
4592 4121
477 8705
1291 8172
9556 794
4392 4361
4804 8061
3080 2439
7528 508
4023 671
2928 9072
63 5282
5898 2706
8943 801
1289 110
645 1091
2881 1003
2610 131
3406 1642
1784 8454
4751 2020
6313 1493
8433 6886
2062 2248
4312 1075
5774 2118
5532 9266
1437 9780
6956 4869
2449 2284
8635 9702
6387 4303
435 844
2647 1976
2924 3745
7230 7063
2110 5563
4102 1996
4162 61
3959 4348
1664 4021
2284 388
2860 8806
2620 7247
5095 122
1230 9198
2557 1794
1944 2125
1663 534
2571 157
3531 2530
2490 9882
771 9937
7365 1788
693 8148
4143 3359
1588 9521
2613 3164
875 9127
2127 8374
4377 9798
786 6654
4762 4913
4796 3594
872 3316
8766 498
9567 1535
212 8904
1393 9439
7642 1930
2613 2238
3544 1170
2830 2352
1426 9881
9864 2023
205 1253
6529 5666
4663 4390
2238 9881
1931 8561
5647 3068
7439 3528
5161 7232
3237 9887
8072 5018
7389 1541
447 9309
7105 1782
1078 8358
2920 9456
8681 9003
4418 1711
3432 1351
5497 5496
4308 2333
8596 2399
9877 8763
4942 3028
4873 1882
3074 9227
5281 7040
4490 9134
5810 2020
2346 6193
9317 1903
2682 2206
5038 9124
8786 286
8669 8368
6702 853
3257 838
3932 1156
9942 1438
3518 2599
8455 567
1966 1599
3008 133
6078 2751
1863 540
361 5431
1905 1997
609 9325
6085 1829
2437 2123
3168 9661
9618 8674
872 9146
3462 281
2981 4029
184 9154
1773 6774
4302 586
1772 542
2796 1014
7145 389
3329 7255
9837 7405
5155 8989
3314 4997
1773 1791
3848 4409
4597 7422
4079 6413
2669 658
2047 229
4112 9564
6479 2411
1191 9549
7060 1490
5932 6034
552 931
9244 1620
8900 9129
2630 177
3856 8591
3495 4793
2789 8163
4717 374
3191 2810
5599 2828
9473 7864
2032 9383
9089 8692
6573 5285
1176 2457
8733 4069
5477 3396
4530 5359
3474 5758
9550 9661
4455 1164
1098 2245
2527 1225
3919 1678
8277 9424
2624 2469
5867 3438
6881 4125
3669 3638
289 40
1702 9858
5827 9143
4995 1150
8110 8120
8705 7475
2333 6728
8965 3
7334 4335
4472 1374
2621 41
3038 2953
4314 9159
255 1188
3353 6757
250 3962
7654 377
7154 1143
6863 9561
4230 6392
7512 1870
6386 596
2232 9655
1081 1680
2551 7831
1221 5775
4943 1754
5221 1353
7595 2892
5336 2359
4399 872
3493 3919
1708 6509
3880 9963
7759 4577
9720 937
1734 4166
1090 983
68 7116
3367 7342
6624 2696
2372 2244
4327 2811
5715 5774
964 1517
2300 2484
2650 2188
801 6069
9951 8539
7636 1738
9101 2590
1335 9911
2134 2537
4870 3732
7670 9644
697 355
2068 1014
5591 3120
2528 132
213 8235
1892 9950
5860 7445
6886 7698
2040 3432
4961 1348
3390 398
7800 2376
4777 8995
3155 1169
750 482
4645 3097
813 4214
4229 5254
4146 6568
5865 1229
9155 8725
7345 785
7131 1579
5008 9192
5912 1462
8811 9711
9254 1241
1306 6977
2533 2704
4903 3370
7161 1872
2128 2475
1677 1407
1678 8691
1200 8243
3784 796
3851 5953
5354 1850
5359 6883
4603 453
1065 3216
2407 9510
3862 9611
3509 1005
6687 2482
6112 1119
6154 1610
2001 191
9000 1073
3749 285
5634 299
1339 6493
9121 9621
7244 2966
7657 1149
5332 5595
4101 9260
6942 9654
3982 4464
8960 1301
2206 830
6031 757
9495 6649
5186 6560
7443 2128
3023 451
6398 2622
445 1004
3148 9607
4093 8474
2605 1860
2358 9338
3978 2894
2485 2209
2911 511
3362 3565
2605 9215
8969 9320
4689 3745
8546 1818
3667 759
1237 6049
6574 5070
2453 800
6523 1318
4029 2688
9848 104
905 1905
8037 76
5822 2030
1796 572
760 9022
2850 3101
1655 6045
1719 9593
9628 5735
3911 3491
6957 5752
6858 2740
3236 8771
5697 5826
9450 2961
2956 8982
3377 1427
4098 8277
5514 2937
1413 3780
5287 8673
6490 7835
8186 706
3143 5317
1622 3630
9479 665
4221 8734
3118 6577
242 792
4816 4104
3764 6688
4640 9248
1888 9914
4102 4468
3525 2098
609 3330
3082 3743
9565 7655
8710 6058
2415 3508
4419 8955
7208 3109
5703 8191
7825 2748
2294 923
898 1748
3884 3729
3742 2971
939 208
7445 1480
1077 29
2240 659
1095 1129
3656 194
2616 7740
3476 1804
6840 2654
5761 2166
7246 4016
7524 1071
4827 4068
3750 7791
7853 9648
1527 9246
1361 7902
6405 6374
835 9433
2539 2016
3422 1051
2399 9849
548 1117
3095 8506
7281 2517
7143 9902
3660 1602
974 1490
2372 303
772 309
2989 1928
2827 734
7258 2655
4260 2128
1150 3787
1391 1635
4637 6953
4737 3742
3799 8334
3423 993
2559 1333
3027 6771
6954 1196
1041 4410
5882 5034
7951 3408
1301 9410
7885 1742
6804 2456
7630 469
7783 1465
5912 9608
3564 1907
5349 3115
2983 1516
6344 7990
6191 1969
7915 1849
7427 2440
670 1177
4507 5279
4736 758
2745 2483
2592 2390
1343 9793
9434 9884
3133 4285
6540 9972
8462 9193
6253 1247
7601 1322
7298 1549
3680 1277
4359 5507
7646 1329
7723 2595
6499 6119
966 2235
2026 9720
8585 7026
2118 8863
5794 4646
9667 269
2875 3329
2490 7868
1742 9552
1432 9182
4134 33
2820 3514
3916 5323
3945 8764
5487 6947
4845 3013
6092 2331
5424 2726
1100 900
7016 3390
1668 5787
4154 2872
1885 2783
6175 9949
1427 2054
2372 9552
5674 2873
9852 1081
9506 1905
9896 9904
3309 3948
7334 3146
5117 3333
9520 6355
1460 775
7014 2009
5280 5462
235 9209
2010 540
1369 7454
7580 6972
3142 1857
1859 1948
3609 834
3399 2422
2272 1220
7674 2814
3829 9999
1999 387
1902 9085
2134 6210
9160 836
794 2914
5657 4343
2393 5423
2464 608
4654 4339
3299 915
471 4475
6840 1312
6884 1647
7435 8925
4659 2095
2309 1115
3665 2963
3240 721
2698 1570
3965 2666
4489 5332
3818 5127
4533 4435
1742 4536
8423 1230
9991 3077
4089 2099
1664 9656
4923 2676
866 9038
3762 249
1777 9718
