4606 8863
1180 1097
2020 5949
4011 4107
6166 4848
2244 9369
5547 5773
5521 5492
5501 7383
9258 4223
8050 6294
7296 4700
8616 8691
1323 4007
8037 6769
8893 4884
7505 6387
7648 9962
1109 9416
3247 3423
4951 4557
2988 8941
5320 5214
9095 6681
3878 6709
7294 5385
5923 6675
152 4689
5580 6830
3094 68
8948 511
1615 2844
8642 2390
8199 7562
4981 4966
1704 972
6552 6739
6260 6976
9102 8418
7789 6760
8248 8399
3867 2772
6841 6734
6265 4960
9247 7465
6532 6881
5264 4886
8059 6927
5472 6083
191 3583
6576 2908
1496 9666
7999 6503
5569 4331
5748 6139
3945 5786
5247 7843
4739 8456
9085 6248
6290 6458
3811 7957
7372 8332
9554 396
3814 8111
2793 2052
7075 7142
7386 4560
4481 8282
1413 9380
4323 7579
7504 7441
2255 1101
6030 4783
7988 7899
4937 6575
9238 5565
6524 9110
2177 4299
6469 5913
2910 623
444 9294
5020 9355
3394 9452
6046 6978
1872 3928
2711 5746
842 6451
1288 1513
2400 557
3005 8444
2507 5607
4675 4103
7631 6699
4466 5241
5462 5651
3264 2962
6886 5419
4413 4368
1701 2361
5419 7266
4375 4750
96 6230
7856 4952
5616 5830
8261 7481
4692 8334
9227 809
7441 8273
4073 7767
4761 7387
690 9039
5749 5950
5658 6357
9060 7462
5410 4943
5709 7491
9726 8900
8284 6603
3176 6618
9450 8816
7071 6115
7093 6628
7907 5304
5931 5059
2474 3084
2616 1856
8536 5628
6368 5671
5926 5066
3409 1757
1508 3987
6555 5533
7088 5996
8843 2108
9396 5030
37 7670
7401 7130
1812 5975
6093 5099
2251 8646
5259 7231
6727 7222
9178 5890
1354 9706
4761 3873
6725 5949
2715 9540
4626 8523
8238 7223
5961 4241
6496 7554
1719 1173
9196 9178
597 1892
1956 3745
9584 9179
2012 119
5984 6252
9578 8461
4738 6490
5819 6264
475 9715
5295 6115
2657 1842
1521 7465
6926 5687
5320 3813
4426 5931
9584 6411
1627 658
6141 6665
3798 3887
6717 6861
812 2431
4965 5836
43 9159
7980 7206
291 8623
8338 6276
4225 8048
5031 6949
6812 6460
6160 6162
5815 4550
8070 8038
2572 814
6809 6427
7742 7306
2313 6103
6367 5593
4076 3207
5553 7331
3135 8511
4447 6152
5848 7328
2845 3982
6371 6322
2872 1986
4840 5939
5470 7009
4947 6410
6383 5249
7334 9443
5093 5975
3633 6141
2176 863
441 4729
7131 6576
3754 6696
5292 6449
6763 7232
5473 6232
8489 6435
6400 6771
6224 5871
8611 7035
6325 2576
5881 5797
1913 9879
3322 213
7693 5826
4975 7043
65 7982
2948 2668
1929 9599
4653 3092
429 6574
7383 5233
9819 5987
3406 6520
3394 8352
2056 1188
9688 7001
7812 5495
2663 4755
4049 6891
1453 486
1319 7576
9689 5096
1255 730
3114 4627
4332 4964
5459 3951
3106 342
5627 5521
3198 6612
5979 7635
3667 8753
5882 5487
737 516
4015 6052
2898 959
426 3894
5284 5918
4577 6736
5015 6818
4702 6358
9512 7403
9976 9344
8800 3374
3602 4844
6897 6906
8676 8708
9144 7730
3174 5306
6185 6706
2744 9514
7750 9302
4713 5549
1370 9603
2190 705
7555 8425
5430 8838
9246 9211
1001 202
8785 6521
7747 7957
8173 4273
2147 1194
919 7308
7728 5463
2428 1701
5367 8000
3842 5068
1974 1351
7061 5185
5257 7231
1321 7467
3591 9278
6272 5110
519 6290
2900 7523
9312 6653
9152 9553
7411 4745
3860 8764
9143 8421
6838 5377
1258 9783
177 8548
2428 9900
7673 6852
3184 8077
6461 6329
2873 3871
2452 2300
7544 8693
1154 542
6214 8789
627 9364
4856 7803
6076 4803
8882 5505
7275 6030
8274 6588
2325 6927
2573 2977
4619 8241
3654 6543
7287 8106
6757 4908
929 9441
2535 3624
7636 7585
4954 8081
5595 5374
756 101
6209 6765
6029 5486
5169 7517
2908 6200
1836 733
1512 4285
5687 9020
7809 9355
3189 3595
5935 6232
6816 6884
6035 5273
6541 5633
3610 5165
5721 4588
6300 7907
4847 3157
2322 3228
4835 4760
8722 7600
8604 6821
5892 5983
1065 1093
2171 9182
5750 7247
1718 983
6583 6165
3967 3754
445 8968
9311 8790
2627 1361
9983 5247
5564 7879
632 6579
5845 6437
6252 6797
8674 9114
4512 5889
5092 6055
777 9190
686 3144
1774 74
2458 886
306 6944
9923 6814
6866 7370
2394 9581
9835 1454
825 864
9885 8136
9427 4103
2485 2566
1354 5903
596 8705
3229 9399
1956 5828
5685 4884
6263 5764
6419 5374
1480 4852
3162 8936
1841 1453
5878 6712
26 9756
3830 5545
5024 4887
8964 7733
4523 7345
4766 5229
672 4018
6641 6626
2340 4375
9208 6903
6078 9258
4166 5880
2779 2387
2853 4222
2426 1711
4626 7033
6381 7346
5383 7012
5651 7055
1611 1498
131 7311
7100 6358
4195 8423
5780 5027
4301 4240
7227 4104
1895 9744
5951 4994
5187 4598
1060 9882
182 9464
3783 2593
7345 4770
3919 5980
931 1631
2428 9834
6457 7196
450 4970
1848 3288
5860 5485
5688 6727
1900 6044
8247 6011
7911 6025
4694 8349
33 7921
9271 8289
5665 6185
4952 7561
9621 7764
4926 8326
4102 6896
3617 7233
4717 6266
2380 2452
500 7657
6486 7502
1280 5962
4106 9611
1259 5610
7066 7668
8774 6966
4367 9652
7455 4245
2048 666
8109 2491
5441 7092
6747 6984
9464 6445
5162 7533
4535 7780
5002 5445
1483 1689
2643 215
673 9282
7671 6178
3674 9442
1659 4394
3322 9399
6808 5808
2789 7773
1189 9994
719 4675
356 3869
5737 5032
6906 6761
9339 8004
6428 5559
2738 7254
5131 5572
5281 4464
3930 9116
4516 4252
2555 9878
3130 6057
330 6189
1814 2704
3482 7564
5824 4339
6014 5259
5926 9347
7623 6384
2703 6370
701 3364
5277 6048
439 2955
2997 4638
4556 5205
6706 7063
4075 9102
6074 5803
7948 7199
3252 1566
2983 538
3691 5320
4293 7640
5464 4827
6204 7117
6286 6741
5435 8412
3413 7526
6157 6367
7076 7311
5950 7057
5257 5293
4546 3066
193 9844
207 8696
3644 4197
3152 7378
756 9549
2893 5955
2201 1792
2687 2094
9976 5927
7059 3551
3860 2625
4265 2939
5281 6525
608 5714
5635 4542
7606 5382
6133 5758
6285 5972
5436 4863
7543 5707
3655 7975
4572 3891
6064 7586
7876 7350
3303 8841
456 373
5490 6941
8601 9331
5248 4375
8145 6427
8121 8959
3444 7769
4758 7894
4858 7114
1259 7121
4345 8435
2093 7432
9889 5769
8096 6692
3946 2804
8170 8447
5559 4128
3267 3418
5067 7229
5322 8093
9777 5972
903 5392
5705 5796
1119 8400
7208 8975
9351 6358
1508 1567
3855 7088
6056 5873
4850 4198
1963 161
8767 7655
9256 7554
5796 3030
7144 5957
1839 94
3170 9205
699 5863
3650 1965
7005 7339
8354 4978
8018 7244
7228 6710
9971 8704
4947 2711
5669 5325
5267 5690
3769 9240
4548 8075
5721 4060
3833 1942
32 7247
5611 4453
6414 6992
7879 7206
5058 5292
5074 3696
1504 1286
1051 1569
2992 5010
3467 4071
2755 6760
3930 9845
1269 1504
1575 3008
130 9224
8741 6690
5962 7662
4788 3459
195 6729
8640 9347
8826 8225
273 9537
4112 4115
5319 5197
5472 5439
3121 5626
2222 1170
5402 3245
6902 6944
912 2290
4995 7293
5526 7072
4304 4141
1205 6600
6766 6610
5227 4826
5107 5813
8800 7390
6626 4012
2416 73
9401 8253
6516 7932
4327 7135
3357 2353
4008 5432
3372 1838
8209 6284
1167 7103
3938 6801
4237 6688
3843 2102
4174 3779
6162 7412
4176 8435
8435 7391
2522 68
1572 1531
7260 6112
4215 5244
8854 6965
5099 5413
7516 6568
4751 5754
5961 6087
7220 4476
4181 9164
2778 788
7388 8755
108 7302
7272 8952
7258 4624
4249 2510
3830 9208
2400 1552
7354 3136
9086 8353
7916 8501
927 9067
7269 7198
1171 7477
1262 6692
5053 8024
1347 729
1386 2972
935 9452
1458 9722
6816 2413
2413 1463
7841 7954
2174 4973
2991 9396
7594 1023
6015 7468
9594 9289
8525 8586
3926 2099
9994 9408
9666 9085
8978 8419
4212 4411
421 9352
1513 3277
541 9646
2536 77
4829 7613
5577 5786
7267 3867
4880 5629
3265 5247
4414 8539
5320 6395
6093 5070
9652 3120
3725 5204
1937 3582
4842 7853
1188 3049
2460 1408
976 7516
3151 7561
4026 5955
9237 3817
3750 2264
6642 8631
5560 5594
9779 6580
128 1613
8033 6761
5251 4875
162 8436
8936 4499
1774 4499
5340 9090
578 9433
1489 8387
5250 6572
56 7487
3472 3194
6381 7701
8461 7774
8017 7468
5206 5339
9570 705
8142 5778
7025 4095
4017 4427
1987 4849
5109 5671
5706 7647
5536 4841
6803 5974
7600 5989
1277 1949
6803 9766
3675 5337
9453 6428
3204 2188
1313 2051
2260 3960
2551 1400
6987 7488
4455 3462
898 1400
5876 4653
7182 4020
5474 5396
4047 3524
5246 8012
8093 6537
8334 5431
6207 8135
9300 9345
1843 2072
7047 8297
6628 5690
8943 5022
5659 5599
3297 7088
8001 4854
4715 7307
4773 3376
4176 6275
4608 9050
9426 7735
5329 8289
158 9596
6020 5662
2033 6905
3901 3977
4481 2157
4036 5562
9915 8542
748 8500
8822 6021
2114 9867
7723 5146
3874 2647
1217 347
4876 5166
8092 7758
610 2235
4080 8350
840 9113
5327 4958
8116 6245
7122 6439
4517 7484
6569 6821
4795 6674
6506 5569
5224 5476
2206 573
1737 360
1446 705
2430 3027
9626 2531
6757 8799
1521 7645
8636 8244
1015 8862
2880 4431
4075 9709
4371 4109
4573 7887
2429 8436
5564 5930
7828 7252
691 4307
5818 5702
7377 6269
7448 3211
6213 6497
2429 1238
6975 367
5619 5758
2546 8584
8484 8352
6225 6965
7868 7711
8139 7271
5805 9942
3187 1526
6090 5199
2880 1146
4495 6632
9581 8893
3292 4846
479 758
5677 6229
2937 5472
7465 2338
5905 3878
2491 9672
7990 8230
4223 7341
1874 6097
6953 6629
4788 4266
4775 6133
4891 7885
3972 8784
2068 40
9719 9393
2296 987
8201 8306
597 6204
9081 9896
6363 5780
7174 6862
5292 5196
5336 6551
6555 8690
5614 5921
3038 6664
8057 7703
3571 110
6162 5991
5017 6281
5996 6373
6228 5676
4659 4129
2635 9061
4716 3580
9811 7009
5827 6680
4467 6259
753 2407
5564 5632
6372 5168
3353 5750
8193 7641
3995 4988
3 4804
6383 8066
3045 9160
5023 4118
4336 5811
1566 1505
5612 6504
811 9034
6952 6538
6320 7722
6807 7468
2123 5070
5047 6173
6553 3350
5820 8869
2948 4366
4384 4288
8413 7477
6894 6654
8261 5802
3382 6958
4469 7486
78 8868
847 4620
3160 7030
3671 8674
7318 5525
6321 6913
4868 6184
6714 6844
7706 3949
5900 4790
6332 5350
9567 4100
4703 7773
5431 5214
4740 6120
7050 6798
6550 8318
4382 7723
5520 6985
5294 5739
6116 7159
248 5091
5169 7056
6796 6100
6052 7897
7074 7393
7416 6339
3607 5633
3460 9635
6426 5371
4529 6057
4710 8055
4947 6570
5841 6029
6316 7076
1144 4861
1682 335
4859 6871
1805 1488
4335 3833
5827 6130
5262 6209
3562 1173
7660 8806
9446 7615
7776 5311
2054 508
4502 8821
9627 3834
5336 6014
6815 7524
1680 940
8847 5979
4167 6212
6592 5645
1818 6768
6178 7088
8191 8154
8706 9274
1711 4167
104 8106
1533 899
2987 5613
6366 8837
381 9402
1297 7797
8224 9620
6916 7211
1663 9760
9686 3938
6371 6822
9839 7006
890 96
2028 4754
240 6021
9570 7784
389 8890
5562 8001
7417 8401
6646 5894
6619 6780
8490 8091
5477 5598
2493 5500
6900 5895
1116 9748
8364 7542
6979 562
2081 9841
8933 7586
737 1700
2289 342
727 9271
2321 1457
4004 5686
570 7072
6859 6918
4428 8228
5630 5897
4249 7668
7853 7218
3240 9347
4363 1539
2804 414
9233 3538
306 8953
5045 5545
7854 6810
5608 6296
2299 4299
5687 9707
3994 4710
1615 634
5750 5562
7059 1062
4313 4283
4893 5761
3707 9577
5607 5253
319 3760
5426 6669
2199 6468
8353 7252
4642 4723
4578 4064
9592 8143
7658 7370
2824 9265
1141 8419
2217 716
3369 3817
2247 4387
2661 5945
6133 3390
2478 756
2782 3233
7767 6760
3318 3887
9330 8263
4516 7364
7432 6626
2865 7819
5790 6635
1126 9765
9894 9015
3941 4545
9970 7204
6772 7146
7148 8974
3987 3614
1207 9811
8678 8351
6589 8458
3941 7784
765 983
6653 6758
3557 2690
2690 9112
2769 774
8522 7321
4634 8915
3762 8348
6673 6592
4418 5126
5968 6776
6079 5740
6617 6318
1622 3915
7921 6435
6917 7747
8953 5041
997 7475
5918 5764
949 4954
5529 5314
3714 6298
1088 8681
3585 9302
8074 6240
6979 9271
46 2419
3497 2019
5398 7310
6324 5898
5802 5444
6575 2133
4815 2416
849 9832
1853 1695
6262 6597
471 9508
9881 7179
3900 7220
8290 6925
2417 1135
2979 4365
4460 5836
7193 6059
6895 6402
5304 5474
622 4923
2736 2657
8495 6475
3361 3914
6290 5769
6494 7262
4872 6575
2648 8035
1120 5994
3918 3049
5986 6940
6581 6103
5402 8317
6417 5851
1550 708
781 5
5489 6664
2256 7286
758 8472
2823 3349
149 7870
2428 1736
7147 4649
7747 9340
7914 7531
5522 4711
4964 5732
5920 6478
582 9594
347 9468
4078 3015
4630 5743
6153 7848
9986 8682
2525 2873
1137 1450
6892 5563
9496 6545
4487 5699
8888 5493
5933 5980
9683 1941
9523 7581
8827 8372
4712 3687
6940 6664
5863 5957
1824 1491
2911 6449
507 6544
213 7086
8401 6844
2508 8804
1998 1234
4846 8089
9722 8442
1092 0
6434 5485
621 7554
5162 5622
1550 8017
6081 6529
9815 7995
9822 4364
8185 4043
332 891
5645 8335
9153 6569
9402 8207
4879 7075
521 6047
8917 815
4960 6776
4874 6444
8874 4008
2822 1923
4753 6068
2472 1661
8179 3366
2442 9595
5144 7387
1233 855
7073 5979
5620 5101
5426 4970
6266 2243
5224 8520
3288 5980
7630 4742
1081 1522
9069 7342
3215 8885
1219 669
2642 621
9661 4135
5426 7342
7476 6898
6805 5647
1786 1081
4909 8400
3450 5642
4232 7218
538 312
1515 9828
5112 2578
4544 5275
2076 1679
4382 2961
46 4087
9939 8816
2436 4694
7551 2848
6397 8045
4411 8128
3172 4470
2347 43
7068 6901
8662 9066
5714 5162
7997 7666
4794 5916
298 5555
7552 7544
5378 5823
3169 8229
6219 5499
6485 7870
2819 4998
7518 7487
8597 6434
3358 9184
3240 7242
3813 4660
2720 265
5625 7542
3984 4627
2394 1034
8260 8282
5432 5426
9878 9047
6902 5161
4691 6554
2886 8821
5178 9073
1238 6944
2290 833
7691 2203
4275 8073
6170 5391
1277 5480
8922 7699
2736 1184
3573 3636
79 53
6552 7793
3825 3708
2580 9653
3065 6055
4115 3281
5422 4450
5710 5491
2280 4144
6583 5830
1625 277
8550 4156
7531 7146
6255 6904
4469 5737
2849 9175
2094 7436
2869 1691
4850 4345
1353 6535
7183 7524
9776 7328
2104 1744
6935 7013
2366 5765
3671 2989
9241 7020
9812 7775
1615 8197
8745 7756
5742 9249
411 2839
6958 5949
6706 3519
307 9134
6164 4139
7010 9114
9384 6287
9612 9412
4724 5558
7268 5208
3606 8197
9992 8766
3568 9253
4281 7734
4462 7251
7117 6472
6649 4826
4544 7735
6799 3310
9322 7479
5730 7711
7774 8090
4632 3991
1921 5104
4139 5556
4605 5880
5244 5458
5327 7936
1462 9959
8601 7989
9976 3551
3109 8832
5713 5793
3393 9643
1776 1603
2821 1869
8338 4762
7182 9095
5604 7054
1585 8982
2808 1112
4821 5216
6937 7723
4982 7156
8027 8140
6053 5833
1326 9252
3495 7942
8798 1192
5630 6144
6228 8314
9285 7695
287 1832
6486 2050
8083 7073
8021 7427
4419 8591
2446 9633
3246 6604
1692 719
4628 6226
9218 7268
2365 6446
270 6330
8133 7460
3565 3059
1734 9697
5634 6357
9733 8393
8540 6917
4645 7074
4444 6001
6841 4735
169 9172
1242 1543
563 8919
5999 6634
4359 6982
2342 1861
6532 5556
3563 5879
6961 5410
5120 5619
6762 4297
6222 7178
8098 7372
6050 5265
6050 8383
5860 6187
6305 7706
6664 7001
164 9744
6783 6198
6491 6584
7815 2967
2729 1874
6328 6642
3683 6797
6068 6194
4820 7060
6311 5835
6293 4326
176 6807
8659 7910
1384 1846
9403 9002
6688 6432
3371 4760
2259 1143
3810 4658
1124 2826
5176 9180
6608 5505
8162 6960
3135 3702
2540 7577
877 9370
4231 5065
5233 6718
3541 8676
6544 4968
8371 165
3304 6368
9303 5329
9296 6373
4477 7494
9171 7690
7724 7264
6413 9588
6292 7641
619 7389
5062 4068
8067 6062
5898 7192
5922 3385
85 6143
3807 8687
6286 8091
835 3343
1499 3094
760 8124
5832 6874
1593 1187
3534 5266
8840 9782
7548 7015
5929 5351
9440 6479
874 682
2049 9954
6096 5464
6611 4747
9345 1143
7424 8562
4553 4167
9046 6588
874 1850
2337 9045
6693 6213
3824 9921
3560 8005
7682 4512
608 2261
9700 6825
8669 8071
312 5911
8649 8587
5821 6814
6746 2697
6171 4452
9416 8908
5031 6020
8177 7236
200 8070
7909 7156
4649 7675
5065 7101
4919 4503
9065 8048
3519 8246
4188 3386
6509 6554
2714 7818
4276 4667
6775 8250
1802 762
8773 8370
9112 7728
4957 6614
436 6983
6078 7247
6183 5728
945 938
5397 5573
570 8905
124 8559
2527 9402
5476 6769
9198 9313
5566 7337
4226 7977
3657 4522
4774 8154
3724 6647
5284 4878
8274 5172
1458 2628
4514 4179
7226 6823
6887 7128
2078 9840
7272 5627
3628 3942
3070 2897
7265 4721
855 9015
9629 5227
8739 7315
3586 1995
69 4170
2013 3416
1846 270
6152 9918
6089 7126
2129 738
4278 5520
5639 9369
9367 7643
5360 6427
5586 5607
9901 7613
4286 3919
5459 5237
3131 4016
6695 4396
7276 4936
3248 6178
6009 8535
2503 2497
7279 6030
5254 4352
4623 8012
6855 4390
7414 3221
7300 6354
8440 4377
4981 7576
6290 5816
596 8480
8766 3760
3982 8365
8243 2672
3970 4455
7482 5957
6792 5510
4290 7434
1708 3444
7529 7502
338 9016
352 7602
5194 6650
9756 1851
9769 4005
5645 6442
3351 2962
6567 3419
1442 8369
6422 6219
2440 9606
9690 7095
4515 2919
7011 7108
1026 9888
2582 12
3399 3160
434 6751
666 6728
2168 5778
3139 1399
9515 9615
5967 4075
7542 7310
5509 4917
2060 582
6811 6911
6447 7043
4160 2439
7257 5865
5068 6114
4328 5321
9993 7146
7886 3821
4665 5617
43 9610
6085 5006
7867 4482
6693 7449
6147 4572
5828 7415
6124 7148
7421 3843
4452 8218
8852 123
8863 7451
7238 7513
372 8595
3761 9123
6669 8561
1773 3620
3291 3352
7054 7697
4546 6954
6072 6212
9225 7516
5750 6161
6266 6455
6370 6692
1833 409
9523 8521
3537 7550
7039 5475
6260 5365
3017 195
151 7664
5557 6031
5635 4373
9998 8262
5823 9268
1561 4910
4525 3080
4881 6916
8781 6757
6204 5698
5170 3492
9931 6896
6560 4021
683 8878
4997 5635
532 3721
2915 7624
9152 6111
5251 8440
8818 1247
2505 5919
650 7919
6064 5961
6821 8118
4607 7965
4195 5168
2621 208
8308 7039
5039 7250
6650 8910
663 655
6300 5908
7505 8149
1113 1120
4639 7661
3048 546
8779 7712
5435 8763
2961 5502
6192 4919
5223 7272
4901 6089
5546 5976
5743 6255
5923 5139
3253 1594
9142 8002
6326 5529
7235 4702
5622 6904
3209 5050
5147 6122
6391 6826
5840 6574
4582 8299
3099 9385
4687 7040
5309 5366
621 6678
2472 1266
1815 2048
5933 8464
953 9631
7608 2481
4623 3205
6924 6544
6094 6840
5192 5082
4359 6313
7180 9093
1630 690
4905 3448
5078 6265
4125 8297
7988 9010
5610 5042
6116 7803
793 6847
3875 9619
5563 4738
9385 8415
3563 2671
6378 8297
3424 1052
3734 5299
5218 6918
1854 821
5728 5857
9221 5131
7014 7497
1376 6529
5613 5992
9026 3988
2094 658
3573 6549
2648 9174
8361 6609
5361 3561
1256 6240
5655 7422
6259 6368
7274 6117
6425 5268
1040 9096
2829 1112
8683 6659
4322 7283
6299 8804
5184 8330
6055 8709
7840 6384
6464 6513
2568 9186
740 2158
7129 7312
8781 7990
1218 327
6488 9121
1380 7150
676 2933
7572 5522
5459 5272
2350 368
1955 333
932 8865
3579 3015
3508 9636
4356 3466
5776 7810
2195 4896
9988 8820
5975 6707
7707 3244
2116 1454
9998 2863
6491 5460
2617 1327
2204 929
6251 7056
6654 6915
4800 7005
8057 8546
8036 6537
6012 5053
8844 8553
5504 5028
4821 7887
7626 5363
7190 4158
9213 9030
7862 126
8948 7563
6245 6953
4816 7893
9982 7819
8934 5449
7207 7486
7047 3970
1834 6821
4150 8599
5105 8297
9922 9238
8886 8383
471 9400
1627 228
5679 4484
4803 5079
240 9387
6467 4154
7002 5252
7916 3866
7963 7999
9298 7280
4726 7604
333 9587
7965 2940
1997 2246
7124 6382
3118 9332
9431 9386
2416 4301
3846 8201
4012 5344
6733 7170
6517 8598
6262 5864
2669 847
8246 8184
6289 6641
5078 5934
1587 1602
654 3612
1790 7294
9496 5063
6716 5136
5609 5426
5679 5521
4131 8310
5198 3985
7479 7117
5456 7727
4340 5451
6872 3964
4797 7353
1405 1157
1256 1214
1912 4637
9374 7638
6249 5907
3903 5306
2222 1452
8585 9320
5186 4397
5955 2922
4614 6306
2111 946
6667 6950
5384 5055
7693 7840
4633 5681
7618 6763
4889 8496
1484 146
7215 6266
7401 5044
1736 1535
9812 6156
7898 7198
2350 3829
2291 1528
2321 504
3183 4175
4495 4376
8495 7273
6528 6094
9339 2710
4675 4837
9366 7688
3771 5141
2448 809
1538 7418
3542 2428
6954 8044
4741 8839
7166 7820
5019 6116
7853 5568
3198 116
9761 7255
6925 374
4276 2365
7520 4870
4945 4446
5708 7766
2202 5075
6647 8917
5627 7512
8303 5395
8866 5658
2904 5761
5792 6453
5189 3759
1409 865
8036 3330
400 6300
7001 6641
1780 2498
3712 5562
9308 9502
2405 6873
102 9086
8074 7908
9718 8848
2934 5267
6498 6062
8625 7113
9873 9050
4233 6352
8009 6652
6754 9136
2241 9775
2112 5689
5101 6247
4841 7748
8974 6745
8268 8834
3410 3511
7437 8497
2743 1247
9140 7042
1423 224
7403 8211
5805 7015
2766 1495
1839 8015
7502 8518
4723 6458
5106 5027
790 990
9297 8723
913 2903
3731 9092
24 8254
4221 3443
1394 6590
969 3823
4233 4091
7773 5426
5379 7149
6946 5239
6235 5413
5789 6638
1391 9824
6946 6178
5419 3514
5577 7923
2848 3618
6622 6877
2054 1393
7290 7156
3581 8981
6476 6414
8912 4810
7786 7737
154 9100
9944 8138
8278 3998
5464 6181
8914 947
8637 9300
5864 6380
4418 5956
5153 5093
707 272
2567 867
7507 5554
2248 2547
4803 4607
5266 7635
3473 2371
6431 6096
6065 6118
6936 2067
8201 121
2648 51
5097 9375
4646 4106
806 938
3904 91
5517 6965
77 7702
2584 9011
6822 3249
6243 5379
1299 3171
5131 4943
5894 6277
509 9318
9390 372
9900 6481
6510 5844
6660 6426
5521 7056
834 74
4532 8411
5570 5371
8673 8166
6750 6319
7757 7147
6473 6456
5417 5686
9271 7483
5107 5875
9734 8147
3885 9997
8384 5030
9749 8684
6815 6979
1166 174
383 7084
2410 6248
2162 5768
1678 1783
9153 8924
915 9345
3106 8840
2212 1424
