1141 5041
6847 7950
6774 418
1362 9476
1062 2682
4534 3245
917 8451
8492 9443
5401 5948
5311 7223
4669 7756
8757 6336
8672 370
9261 4786
7206 7924
7020 1992
7639 7891
4625 5699
6110 3119
9767 1067
3771 4512
9854 4927
2537 5133
7185 7348
3516 4816
535 7725
9659 9239
5645 8164
7090 6414
1255 6738
799 4392
6284 6924
7778 600
561 6671
507 1367
8250 8817
7936 1976
7448 8983
2867 5286
3824 4536
723 4640
7784 2113
6811 411
7725 7576
6711 8695
413 3696
3564 5973
8319 7268
3122 4465
820 5511
9026 1876
6260 3282
9041 693
8951 7444
7906 6949
7069 2368
7101 514
7989 159
2667 4415
3726 4579
7230 7718
8180 364
7776 8911
3305 3539
3314 7151
5024 8445
8137 2128
7756 5405
5099 1156
174 8495
1312 1749
7817 7492
5226 5137
3713 4245
9462 1108
3062 9122
3022 4885
1995 3999
8404 7962
5196 2521
4069 4666
3066 6123
5937 2870
9861 7269
4868 7271
464 6356
5093 3188
5166 7459
7695 713
7751 2600
3303 4531
3854 3996
6049 5856
8048 2786
8686 599
8407 8503
9524 8788
7935 5426
6739 4582
9143 4221
8405 8164
8684 6416
1658 5145
7795 3545
9536 6138
7418 7759
4701 4362
6637 1681
8746 765
2210 4983
1947 6150
603 9380
7436 7669
4682 6828
8983 305
4983 9565
3968 4632
581 6895
9170 6668
7037 5277
8530 6865
2468 9133
9200 1363
4863 4293
9299 9298
6842 1919
4426 8313
470 238
1749 5546
4297 3738
5052 8860
578 9341
1823 7417
546 6914
2451 5674
7318 7482
4081 5281
5937 3511
13 5404
9113 4044
7161 2207
3171 2701
7023 6932
7584 8168
9116 4580
25 884
4365 4932
3488 2264
6377 6942
7009 8610
746 4701
9719 6455
8699 2872
5112 7203
9195 1467
9997 6027
6049 7112
4255 4284
2505 9041
8167 6394
5066 8255
2544 7949
3546 3415
5498 6600
1142 6399
1093 6772
7555 1293
6084 281
1438 9021
8117 2228
3786 5876
3902 5413
3945 2602
5112 3388
4825 7001
9821 5204
5240 9580
9804 3659
9152 1518
3682 3023
6231 4249
7003 3008
7319 504
9030 7684
8151 1300
4775 4268
6083 8520
9961 5155
681 7191
4359 3801
9933 6899
2429 5213
7521 6273
5404 8613
2582 5980
4752 8836
4499 5272
441 5897
7085 9992
7175 6130
7963 8311
2219 7096
852 9934
1444 3164
2276 5272
6111 7836
3039 5523
1390 6082
5549 6263
8461 2257
4366 4455
6613 4147
8868 4746
3908 495
4346 3201
2630 4048
6204 5525
8688 5044
425 8410
9874 6826
8552 955
4574 3967
2223 6140
8608 590
5577 8288
516 9961
8876 4727
6343 8321
3971 4284
8389 1836
7408 4480
8480 562
3927 4097
7833 1883
1157 6472
1519 4115
912 6555
7940 3177
5653 7995
7676 2201
6553 8431
7146 6959
150 6354
4619 1773
2776 6451
6856 8325
3856 4868
9154 1158
5065 7866
8728 5745
86 4239
3916 2295
1402 3916
8000 1250
5804 8025
6140 8877
7871 2417
4023 3818
9306 882
1634 4423
6014 3297
3277 3857
491 8466
1342 6237
4462 5149
3004 5159
3175 4632
9403 1201
9750 8893
2023 4914
1060 28
7389 4865
646 6655
9244 6397
3098 858
9209 4224
7882 5786
8637 8199
7372 4781
7372 7670
3006 5061
7804 9924
3338 4222
7367 2115
9116 6598
7106 6998
8035 179
4520 5661
7608 5969
8533 391
6726 8964
7229 2531
9260 6992
1240 57
6086 4057
6004 1889
6941 7726
8632 1193
4335 4425
6443 5234
7206 152
2923 4402
250 8510
7103 8398
972 6694
176 9878
8505 3159
5770 8933
7741 9328
6111 6831
8192 2061
3320 5242
9056 7877
4064 4082
8274 6938
5691 4295
9758 7282
8607 6855
96 4786
2030 5150
7719 5260
5442 1232
5633 7099
346 4668
6226 7464
7201 5154
6829 6594
7452 4507
8228 4728
4287 4626
9381 9631
5121 916
8262 2920
6808 1552
586 4914
1960 5090
9940 9594
1991 7000
8676 3548
6471 4792
2277 4882
1944 5347
9086 9310
7377 1187
5217 5026
2968 6084
3444 7096
1064 3613
7593 5506
7025 7794
6890 6703
8924 2230
6378 6900
2235 6169
5400 1477
8170 6606
1177 9798
2644 6230
5441 3994
808 8997
9090 1071
7258 5270
3069 3111
6521 2267
7576 2397
8062 2965
557 8633
5102 3108
1349 7487
5413 4690
2892 4911
4199 6080
7027 5638
3707 6521
8876 1906
5189 8216
8348 2132
2462 4509
8994 5919
40 7970
9986 6703
9912 109
7539 7102
6307 6601
8570 1017
9485 8752
4292 6514
7175 6682
2700 3226
3137 2998
2544 5193
2433 5771
1914 4797
5332 7604
4487 9498
8245 6217
8433 5105
3769 2802
9784 2116
9285 2432
6927 7864
6367 1934
2981 4300
8964 1559
3702 4734
6525 2865
9951 6579
4322 3890
5625 6666
5464 7206
3107 5055
6859 4732
7664 8772
8035 3352
7721 6948
490 9472
5945 4397
1876 5830
6506 8522
5945 8189
1648 4102
9348 6666
8941 686
9081 809
9170 1412
1747 5572
449 287
983 9117
9267 9194
4768 2412
9125 6221
6162 6618
7970 6232
7845 2674
7284 3195
6328 2449
644 7292
3208 3133
565 3328
9251 4086
23 2636
4249 4942
7785 5898
8660 1323
6137 6422
6075 1343
8398 6278
9794 9474
6834 9617
9213 569
5859 2393
5681 3438
2892 6023
6851 9297
6090 8152
4088 5375
8730 191
6122 6006
9760 594
6541 211
3339 5516
9806 3828
8993 7740
3685 6189
2827 1814
4762 5733
4296 5934
7126 1889
9537 7840
7965 7154
4713 8208
380 5516
6728 6696
8198 8566
3087 4783
361 6670
8128 3891
8720 3394
1604 3919
230 4646
1798 7985
3412 4058
4504 9503
191 3751
8176 6942
65 377
7270 7020
8726 1487
3982 7706
5063 3050
5828 7054
5065 3425
8218 7469
5671 7027
8723 6967
9565 6608
9832 3425
9971 4294
7292 2092
633 5565
8342 4242
2076 8321
7809 7162
1467 1711
7975 5653
9655 2229
9941 5704
4211 7542
4648 3644
5023 6410
8947 8823
9413 6344
4212 9843
7075 1545
3576 2951
6722 6382
8755 3225
9134 5387
9790 9713
7012 4500
5566 6779
7975 8519
8276 1277
8801 1916
4062 2063
3793 6368
9277 1616
7242 5715
7500 2898
8982 4593
5910 1111
6574 3077
7778 5960
9132 8818
1811 5792
1511 2382
7747 2976
9560 7952
1701 4348
8656 2414
4712 6242
9015 5650
7380 1906
7825 2522
6665 4261
3852 6552
5152 6779
9890 5849
7636 9007
7444 7116
4857 4094
4689 3234
7424 2713
9844 6003
7139 3254
8972 826
6231 5065
8723 9921
7774 9134
8969 4729
5881 2471
8908 1192
6764 3578
5545 3196
7165 9026
6750 9830
5121 7069
2608 4225
8850 1744
1718 6462
257 1708
529 9486
4199 5009
7367 2866
1262 1343
33 5234
8000 7962
8514 1947
9855 7459
8619 2378
9048 3458
4563 7313
8501 27
8964 2906
8515 9087
8001 5339
9572 9327
9995 1696
5357 7933
7195 516
1208 5959
6715 4229
4740 6802
2206 6787
4426 455
4157 1233
9453 2846
861 9563
7548 8632
1895 6638
9015 1308
8397 2427
6454 1276
6696 5010
3143 5133
6397 6111
8123 1522
8364 2371
7242 3987
9651 709
540 5549
4796 6157
5060 3234
8863 9409
8439 9576
5414 9095
7015 8496
1896 3992
7416 3363
8192 3584
7302 3341
7814 7165
5602 5624
4993 6334
6250 5925
4176 2405
117 4297
7204 3974
9359 6176
5468 6563
7446 1521
124 629
8502 4914
8730 1394
7154 3484
3411 4938
2490 5116
150 5727
55 7704
5944 5710
5425 6234
7584 8028
7720 1127
2146 4790
5098 9222
1897 5217
7766 1359
9675 647
758 3897
1114 5896
2625 3862
5590 2751
6419 2081
6088 7723
9571 6309
0 7229
93 1004
8242 1445
3284 4586
8796 7889
8054 6498
6423 6782
9587 776
7588 5881
6593 4978
2582 5827
5826 8369
3056 4026
4952 8479
6033 8402
7570 2714
9532 6587
954 7577
606 7016
7380 7428
2069 5872
4939 2803
5799 2349
3736 3677
7583 9041
8597 2409
5048 3469
5146 7827
3308 3352
4920 7341
7319 3109
7844 2436
6 2302
8928 9869
9836 7994
7995 5234
4798 9602
9050 4727
8742 6560
8586 9876
7746 2809
8006 7315
5873 2391
9257 1004
8567 9862
3690 5200
2437 6891
2876 5361
6049 1161
3606 5386
9025 1557
5888 3953
602 9889
8959 6041
9448 6843
6246 5912
4949 8320
3747 2966
3879 3122
1618 8370
4346 5397
9152 959
8218 4847
8310 1961
9131 347
2450 5001
9876 1929
6024 4937
7440 4930
9008 5237
3259 4581
5604 4171
6755 7716
9359 1824
8778 4402
6248 3226
6518 5036
2025 3518
8521 5005
1508 7200
823 4357
9465 5368
4157 6261
5713 4235
7113 6269
3739 4408
3973 3592
1166 7175
4008 3141
302 7515
8176 6934
3336 3651
9641 732
9462 1255
1821 2569
2632 4846
6290 7076
9627 275
6622 1170
9158 2197
27 643
7461 1596
8818 2357
4307 2511
8586 659
3548 4710
528 372
9537 9219
9124 9495
5654 4283
6297 713
9248 2211
3542 8836
7971 2462
8800 4824
4950 6381
2854 4414
6183 8195
8144 8805
8140 1861
4122 4694
8936 4806
726 105
2314 5345
292 8889
7687 9914
1159 5585
4257 3426
5730 8456
422 6231
8620 4462
295 528
8575 1830
5930 7169
2438 6548
726 9531
4127 2943
8314 7244
6350 292
654 7376
8529 6674
9317 7364
9280 9840
729 5829
5611 7308
7443 1043
7131 5997
9238 6173
9713 5908
3227 4385
8304 1573
1382 4035
334 5866
7420 7942
9303 2891
200 4703
9379 406
5969 5825
3268 4093
8925 873
2673 5641
7876 7175
9456 1412
5721 1824
3472 5585
9737 3533
7289 1227
5609 3605
8964 9733
1704 5375
4415 5165
6624 5877
4343 7657
8175 6689
7837 394
8454 591
9527 5794
582 4367
6896 3632
7476 3124
7109 7123
3248 6227
5243 3483
9523 5760
552 8774
5979 7838
6072 2404
4515 5144
379 1011
2727 9157
3809 4695
5845 8139
7680 1211
3230 817
591 112
9312 3339
8764 6243
643 9464
7692 3516
6295 5571
1117 5936
642 2674
3459 2631
2480 5465
7312 8484
701 1039
1153 4812
4803 8005
9114 9366
9148 648
1897 6312
6557 8093
7315 9083
8944 589
3843 3910
6975 2827
1647 4565
8003 6158
5707 5298
191 8228
437 8698
7408 2422
6396 4059
9724 556
7261 273
8159 1423
1741 6945
8263 6764
9065 2168
4644 4956
6666 7711
8383 413
5608 6051
8863 4922
3227 2752
8667 1749
3265 3947
9996 5566
338 6598
737 6307
4397 654
4467 2964
9303 1029
1492 4110
9464 1620
5554 2409
3736 5374
5692 5906
1300 7094
8173 1335
8548 5562
7657 6257
7258 7600
7682 4135
4952 2196
7950 4709
4133 4228
7379 7746
8620 6755
8240 7022
4840 3452
585 710
7337 5650
9119 7112
6288 575
5049 4236
4686 9666
3583 4471
8597 9367
9670 1064
7756 1023
2171 5580
383 5535
738 1827
4827 6788
9135 496
6075 2538
5992 2360
9756 9739
841 7172
8823 2481
4920 47
293 9783
4186 3349
6672 2878
3739 3792
9296 4772
3007 4517
9407 5771
738 227
6280 6740
8195 818
2455 4863
944 4798
1871 6240
5121 8559
5546 2027
9064 305
8269 1828
7645 652
6583 6224
3647 4360
6566 8615
3705 3547
4560 7445
1349 9663
6122 7034
798 6262
8624 5933
5008 4193
7323 8041
7614 8513
4717 3986
8539 1135
5673 7472
3393 4570
9799 1819
3388 5394
6154 2942
8546 6628
3891 4145
805 7181
7844 4895
6834 2521
7280 9283
1579 7478
5696 523
5660 8148
6764 98
8158 6668
5298 9638
2129 4503
6866 1314
8512 1912
3386 3636
7996 5559
3597 1833
1693 8667
6287 2280
8858 1624
5123 6200
5892 9451
6012 6627
6548 6229
5292 9455
278 5462
5023 6149
6503 3417
1586 5809
7786 7038
1168 6199
3855 4586
6833 1522
9915 4343
668 6178
4843 6941
9044 5956
5323 3148
3705 3743
9701 9231
952 280
7952 4073
2463 4891
7710 2819
9952 4648
6709 9012
6456 6208
7996 6596
8445 5668
9873 8933
4 5172
6154 2379
8354 1730
3973 8904
2830 8597
8075 5698
3520 3073
7730 6683
6915 6125
6128 5071
4415 2985
1391 6756
2857 2994
4971 8801
9923 9850
7014 7186
9388 912
5798 8844
2629 4563
2132 1362
6109 5853
4984 7464
5003 4445
2882 3288
1218 6540
7899 2560
9412 6723
6322 7165
1067 9296
1902 5222
6608 6884
244 4878
8729 2119
9953 9935
5161 1476
7041 4264
8056 7131
1650 7603
7891 5337
3677 4286
124 4589
3670 3115
5446 7652
1031 8039
3278 4842
8534 8597
8961 5781
5726 3361
8149 3242
4250 3137
7289 7079
168 3813
2860 4450
7447 4663
6523 5447
7105 6620
5823 6676
2480 5477
2118 8013
1880 6235
2586 7709
450 6658
7592 858
3610 6460
9427 1243
271 9990
9159 5858
6381 9312
6831 3999
7618 7941
9363 9867
7463 1359
4585 9528
7305 7975
826 7331
7549 2185
135 881
8055 5929
7060 2631
2969 5623
4900 7553
822 7217
4837 7762
9592 1409
8019 6536
8520 780
2808 6050
9791 7396
8575 1390
9724 5240
6870 297
6584 7927
6162 2276
2898 5571
884 488
434 8919
4357 7166
5361 9466
8115 9892
8038 2735
8698 944
1174 5138
4925 9200
8164 6343
4750 1849
7078 7128
5767 6334
2917 4622
2965 6276
7992 3118
1491 9051
2902 5582
7045 6313
9156 2023
8292 9911
2410 3170
1639 5996
9175 2567
8006 694
4418 5289
9179 9776
8888 6674
6916 1445
8331 2705
8165 8414
7008 6632
2514 5972
8364 6036
7084 7673
6082 8946
4087 4896
9353 888
611 4628
456 9449
6340 9097
5531 6075
7055 7767
8261 7047
8175 1531
1889 7581
571 7831
654 6962
8121 6106
4390 5877
7428 5016
9571 5374
7075 6289
7418 5725
9559 8783
7432 9681
1069 8903
2338 4447
4067 3768
1874 2506
4391 4237
7671 3318
8423 6449
3403 3050
8723 4117
7841 7670
2722 6135
3196 5380
1578 5338
8836 6474
7342 5335
1971 5534
800 7932
8767 2587
7831 7332
8368 2060
945 7352
5476 4961
1778 5520
9273 1528
7420 1583
4824 7515
9940 759
373 8214
7376 3876
7211 2268
1080 5748
5446 6228
2572 3930
243 6679
8705 2625
8800 382
1840 9902
7056 8517
4007 2395
8749 5557
4489 7279
8125 7419
6852 6737
5290 768
8120 924
9893 5801
9097 4253
4775 5277
6391 3409
2191 5936
5221 5628
7826 1322
1720 6207
8952 380
9399 6173
4065 3810
6777 9838
6386 7881
2520 4655
7161 2630
1002 3159
1454 430
4454 3218
5921 4376
4454 1906
3641 2966
3085 4963
5463 5367
3954 8301
6306 5535
8688 8533
8498 7735
1017 7344
2302 4553
8173 2462
6859 7404
6091 3511
173 5527
8185 3339
3940 6007
1647 5561
6550 7063
8846 6611
7741 7154
1913 5388
1053 2315
9383 1897
7006 1946
6813 8196
1853 3536
208 5606
3488 4650
2495 5663
8360 6201
3625 8862
4999 258
1655 4719
3480 2616
5899 5124
6406 7701
3543 5790
1975 7555
8433 1351
9661 915
7786 7776
6509 6895
9674 5055
3966 7735
8201 1230
8959 234
7290 7051
6705 7215
8875 2486
6997 2368
1038 6598
8882 6403
2681 7344
783 4538
7111 7988
7137 2793
6950 8708
4582 8497
6321 6816
6085 7628
7764 8403
7729 6496
7329 6791
7791 549
5859 6498
6790 6742
5005 3468
6365 7007
1902 6680
9148 1575
8580 5175
695 7175
2666 5206
9512 4188
4629 6865
915 7300
9331 500
289 8329
9968 6045
9037 4489
645 9016
7363 1248
293 4772
4223 3144
2983 6760
3101 2960
6545 5639
6879 5893
4381 7904
7326 2268
8208 5954
3894 6653
4078 7228
3266 4052
6469 6934
6330 8167
6400 5522
9987 6789
3558 5657
3046 3639
2259 6414
3709 4742
4074 4346
5330 1677
7234 9252
7941 1911
7354 5498
1509 9713
7739 4140
3650 6535
4750 5159
8638 2482
9028 947
9017 6450
966 6697
6247 7922
7842 2813
2485 2947
7844 1690
6355 7949
9875 8323
8365 6237
4816 4587
6481 8619
2792 6072
6990 2983
3094 6559
2239 5407
3491 4654
4540 3578
387 9627
2750 5967
8216 2213
8509 2615
2673 4817
7251 1567
7373 1264
3213 3482
1613 1273
7827 4094
3708 4135
917 4989
276 5716
3149 7411
2524 9159
6306 6650
9108 1869
8626 9673
9000 6244
5279 7686
9404 326
7766 1352
7374 6081
4627 2167
9931 9871
3047 4366
1407 3253
6196 9608
7342 7562
7225 3779
8722 7552
9428 8352
1045 950
9124 5088
4435 1709
4194 3977
4707 2433
5387 6887
8474 6519
4623 8297
231 6745
6493 8560
6381 6104
8733 1266
7516 2651
9197 992
2630 3911
7922 4093
6498 7592
8653 5215
9911 484
526 7044
8932 1103
9767 8549
9986 3632
1084 7042
8043 6948
496 4397
8097 7593
1200 1969
521 7050
719 7968
4334 3067
9185 995
582 4027
6050 8376
8255 2293
12 384
354 4
8921 2382
7062 1082
1768 7306
6589 1307
2562 7432
175 5487
8088 6209
9497 8292
6161 7281
8411 712
9539 481
7249 4736
7714 1272
3870 3992
5081 8720
738 2302
4307 7376
8357 6338
6180 8584
6533 8442
3714 2962
6847 4059
1854 5638
9024 5233
6458 162
6463 97
6614 5928
8365 2644
542 3307
3501 4251
4992 4863
2629 6128
9806 4487
6275 8942
9328 2611
8211 4571
6314 1996
9084 35
1605 3477
8186 7107
6966 9735
3959 9537
639 8730
9569 5827
7379 4311
6572 7480
8583 9668
4273 3805
456 3653
7018 2462
1013 8382
2943 4346
581 8645
334 1714
3247 3674
3116 3599
5146 8955
8817 9956
9289 5485
8264 4151
9722 9016
2735 4847
5667 9072
6781 7860
8316 4835
9223 8694
1200 3899
5372 7317
9641 1628
8685 9284
7360 3371
9276 2698
1196 5771
3338 4507
8480 778
9082 5313
7826 4720
9758 4629
6778 364
6411 979
9582 1285
490 5321
9790 151
5480 2132
3398 5433
8869 6602
3927 413
4590 3503
5235 3124
8577 6201
8039 7200
8617 1807
7300 8029
741 4121
6190 9503
9876 6728
7936 2348
8480 3909
8825 9276
7483 6200
6915 1398
7932 8915
7494 287
6157 1490
2125 3336
270 492
7273 584
8026 2399
8937 599
3850 5841
4165 2698
1955 4093
2916 3685
1370 959
7564 1779
9623 7162
4080 5745
8653 7521
2741 6313
5228 2460
443 276
8601 1552
1267 8530
1757 5276
8907 7782
2848 145
5658 3441
3967 3329
9996 5085
6363 3522
359 807
3377 2740
1635 6567
8894 1432
5413 3264
7738 5765
7666 7317
2843 6073
1137 6964
9013 4915
3314 5020
179 2538
8783 5621
3705 3184
491 5168
9432 554
3825 4040
3755 8783
7705 5709
2459 4362
9291 4078
7199 1965
205 726
3244 3994
8792 5971
9544 3998
7850 8198
398 8588
7775 4986
1857 3884
5814 3027
8355 1280
9918 2146
8317 9884
8366 3998
1497 3348
5257 2886
8074 7124
1586 5757
8628 1002
8781 2147
6555 5663
331 9967
2625 4816
1462 5089
9173 1704
1380 7085
3575 4930
8232 6779
8625 2164
9857 301
7499 6111
9127 7106
3728 6191
8502 8482
7493 6332
1771 6045
1712 6633
6477 7527
1813 8671
8714 6909
6822 2606
8048 1715
6960 2985
481 7408
5978 8108
1614 6475
6783 9933
3687 1701
918 8465
1906 7257
5377 685
6207 5981
348 8986
6932 7554
7883 1540
5692 4754
4863 2571
9083 3751
1542 4886
1002 6370
519 2429
5608 8030
8845 6624
944 1526
3893 3997
2593 1412
7140 8154
8106 4829
81 4454
8887 4756
8547 3110
917 4317
8934 5505
5056 9624
6923 7109
7844 1381
8754 8018
3326 6780
3164 4503
7757 2581
8217 1928
222 4285
9506 6984
921 7032
7563 995
1273 1104
5372 8553
7430 2451
609 6128
7428 6957
6381 6767
5600 9320
7640 311
8290 1625
5615 5278
7170 2268
629 9111
5706 7531
3052 7717
2666 5021
341 6349
7989 321
9975 6537
9611 2319
9625 4289
8867 2804
8061 7170
7588 5117
6667 3080
1909 8318
388 1298
8965 8565
455 5000
7954 1158
5712 3238
8617 8641
4057 4769
6772 3138
1133 9673
9737 6228
9166 9494
9069 9970
9277 1368
7715 1141
255 1564
9865 3344
2893 6394
406 2519
5942 8660
9960 7819
8216 196
4561 5964
6543 4748
1473 6187
8869 1844
5231 1594
5374 7421
7609 5827
3078 4840
1970 3322
522 5332
9410 971
5952 7253
701 9620
8306 4942
5781 726
1225 2306
7191 8409
3283 4463
6093 4790
9871 2470
140 8914
7613 7235
7787 9108
7756 5557
8694 4794
6111 6873
6878 9526
6940 3988
7131 6408
8637 4668
6007 4686
2410 6789
7584 7702
560 88
3565 4297
8395 1793
5641 7899
7533 5032
2826 4079
9252 138
5989 3478
6566 5588
3160 5007
8508 623
8365 1743
4571 5330
3628 4703
5807 468
818 3887
357 8596
252 7002
8563 3304
8304 9051
8424 8738
7946 5816
4132 5669
4509 2358
4230 5158
9244 6527
200 8425
6950 8071
311 9424
9189 1981
8438 3919
6392 6877
549 2242
9406 8660
342 6150
6406 3105
7908 7402
3284 4381
8168 1965
7653 1110
113 521
3832 8652
780 5185
1749 6624
6104 9340
708 9217
6941 946
7052 3486
7458 6914
5862 4559
6180 2016
547 80
7629 9950
6849 3917
2614 4909
5993 8691
6827 7196
7154 2078
8430 7869
5465 7668
7882 3570
2239 3576
2594 4441
5810 877
8897 8014
9555 5885
8297 5246
6391 8327
504 5114
4510 7417
7472 8137
4299 3935
9532 5083
7767 7008
2519 3894
5037 6524
8035 2478
5776 4914
154 427
16 8270
2884 4517
8081 6237
563 37
6108 7867
6192 8504
7778 4923
3927 7976
8172 6131
7096 8092
7524 1336
1376 446
8458 9233
8511 1023
4415 2173
9718 8112
9968 559
2420 6345
8965 784
2746 4709
3610 7932
9771 539
4183 3364
6415 9084
9872 5546
676 7804
1505 5965
9603 811
7005 2209
6855 3204
6252 5880
2512 5008
6062 9166
8425 2617
452 7802
3727 2158
8697 2667
5329 9926
7818 484
9667 7369
7212 7090
7659 7401
9231 2637
119 1182
4976 8346
1659 3147
1369 5380
866 8057
29 1410
2529 6795
4400 4888
8993 6084
7902 109
1333 6216
5630 8991
4391 3347
4144 7262
9467 3645
7651 7294
168 2772
9337 4438
8380 9160
5228 2537
5988 864
2963 3321
6572 7416
6955 9661
4163 2823
5360 7158
1357 6587
9553 5266
9533 8177
8383 1213
8486 668
1407 8659
8969 227
19 7236
1416 3869
6108 7811
8639 1404
815 8338
1264 6215
9869 8885
8271 599
9076 5722
8306 8550
7334 2230
4585 4659
7990 1223
8695 783
8060 8494
9610 1082
7575 6350
9939 8842
1676 8904
4497 5305
6026 5275
9844 6209
6518 8855
1401 5852
8667 805
9113 1300
8802 1295
6099 8233
7977 7039
9726 6375
6798 3432
9794 731
8026 5211
7759 5770
7580 2915
8998 2374
729 9861
8622 1449
3058 4631
2682 4609
7254 6128
8359 5505
7262 6806
4532 3353
4804 2729
9037 9806
3032 5109
8939 5707
4238 4160
7497 5396
1928 3216
5540 7200
2881 6288
453 7194
2162 5225
9 7154
8702 5327
9996 6477
9371 2224
5329 6729
9146 7884
98 5016
1529 7649
3942 3910
1459 5747
25 9349
138 3368
9605 7760
3635 3838
3164 3844
3591 5229
6590 6246
7359 2141
6531 1730
7708 7664
5319 4212
8610 2777
5205 4190
7653 6645
7700 2147
5587 3883
5715 7824
361 299
6661 7739
4928 2377
2445 6758
1507 6066
781 3976
7263 6989
4832 9319
6693 4509
2782 5067
