1652 8146
6861 3693
7469 714
4788 7164
9354 6964
2127 809
4659 8618
5479 135
9913 6015
6115 8418
6790 1948
1411 4111
6240 6481
2517 6849
415 2071
4147 7378
5383 6061
2457 6736
7238 1320
9167 7497
8917 3929
9285 313
2410 3125
3057 5914
2420 3398
9664 1240
2343 164
7068 4530
9680 2914
2953 9496
4497 4741
3653 9907
1558 6008
8612 9574
3604 8819
8037 474
7368 7131
4607 3471
1972 8756
9305 7155
1842 8903
1897 9894
3555 6055
9805 159
361 2724
5130 3997
7454 3564
9476 9792
9174 6601
5770 4632
9063 9128
3136 9900
5859 9503
3012 4333
2754 8257
4079 822
4115 12
167 9149
6736 916
8681 2265
8021 8235
7628 7993
1211 819
1315 6636
5762 319
3424 5958
2439 7302
4385 2618
9083 8944
4633 6466
7563 7649
6657 2721
8742 5743
328 8958
8019 5375
9087 6964
3488 1539
8403 1456
5750 7376
2969 1007
1709 8889
4179 4211
1971 3791
1426 9751
2682 1551
960 8124
9506 936
2015 9319
4180 2724
7549 1428
101 409
2117 4766
1274 2429
4125 5744
5203 7746
8876 7935
4062 7701
7367 8892
5385 5260
9830 4663
9941 2297
3810 1158
6650 4891
680 7144
6894 8406
1553 3780
9467 28
5585 6144
8621 3089
8548 4197
5009 3980
4050 1023
3629 2189
1843 6498
3309 5189
7502 9484
6703 91
5551 1648
6537 2255
8612 3534
5265 7051
9481 8431
6979 236
872 3823
3606 8212
7399 1362
2521 9051
7201 3732
674 3429
8465 5623
8723 625
2294 6290
7861 6222
2743 7950
1492 2066
1738 172
2836 1335
7023 2252
1300 9233
1727 4193
1471 731
3187 360
8151 319
3945 1625
8681 4182
3994 2295
4794 1827
1504 9414
5333 1327
1448 1925
4572 2784
8788 9924
699 992
16 1097
3791 2335
9354 6000
5264 3447
4033 547
4785 2546
3524 5365
8319 9567
9754 8441
6479 3477
7989 634
6049 7774
6502 6835
9710 3657
2481 2850
5921 562
2766 5951
6661 7938
9764 9650
2926 8075
1451 5461
827 8245
1820 8046
8903 452
8892 6840
4298 6173
9323 3509
3640 3491
5059 5368
1074 3902
9925 8766
4909 9472
1351 8488
8847 8284
793 7294
1287 8076
7292 5409
6364 2192
9381 7498
7017 5451
972 7036
3476 7934
1454 9263
7915 9063
1670 3411
7304 1874
5824 7260
3700 2998
3716 700
3206 3994
1485 7139
8628 6250
3997 2138
71 7412
902 259
9209 4565
5963 5105
751 9898
7631 6783
3135 7124
5518 1447
1828 9976
9305 4627
520 6865
5631 332
9162 554
6670 7608
7803 8463
752 7019
2593 3790
5134 4737
5796 8914
6656 6227
9183 4396
8115 592
4690 5767
1799 4045
40 6
5673 9319
7187 7431
6352 6090
2748 2766
8663 168
4015 4536
2187 663
1902 8725
9440 2349
3355 9621
8322 1452
5151 737
1479 8133
8725 1320
1591 9870
7121 4623
259 2539
3911 4582
2566 2227
4249 2753
1275 4053
5200 4970
206 9446
6409 9387
139 3367
4315 5843
9564 8418
7093 7804
3048 4356
1511 8076
9346 7149
7973 5113
1925 3771
3314 7593
3574 7431
126 5666
4228 6207
4903 2590
94 4002
6342 2526
2508 7636
7910 9069
9995 8744
3205 8616
1783 6432
8653 1058
1754 6207
1147 7893
5234 1651
8650 1150
4294 1834
406 9615
5826 2722
3284 790
7465 4126
7528 4075
9148 9905
958 4606
501 3882
4904 6629
7322 3323
223 4255
736 4727
8344 7087
9562 6094
526 6773
6818 2841
8221 5057
901 2396
9264 8907
4970 2113
5947 9832
3263 7905
9657 2184
3627 7266
7375 3572
4242 5593
2790 3112
8039 7246
7503 1097
2843 3294
8692 9629
4315 7410
1747 2635
1558 4871
435 7547
9427 9153
8501 4585
8900 8355
2260 5026
8994 5241
194 7588
6656 5565
6855 4453
8891 9960
2876 7119
9406 8739
5908 9216
8408 2236
775 9970
8458 3405
5631 932
2009 8284
2683 900
1175 2203
6856 4134
6433 9046
9743 1047
5293 3951
5549 9637
71 9463
9154 4048
2643 4894
9544 3052
673 5775
2862 2457
9934 3503
8037 3524
4747 1815
9908 3841
3112 1180
781 6477
9610 7454
2086 8768
7134 4272
641 813
3973 9767
723 6145
3925 8635
8942 7013
1423 5980
9735 5365
8000 1781
5224 4723
5717 5815
9234 1815
4568 5092
2726 4411
7177 5923
3536 582
8415 4378
1299 4903
6845 1496
3074 2205
6347 7815
7214 8532
1416 64
4911 4933
6842 676
6794 4083
2595 9678
6240 8317
9610 2336
5040 742
6810 1812
3702 1553
8768 4501
9574 958
435 7137
4217 9961
4633 2709
9220 7636
2079 4303
3480 3404
9081 1681
7687 3015
6678 1360
4958 2258
9480 3004
5352 7091
4938 9846
2972 7818
1181 1859
9430 3192
7792 2897
9075 2726
3666 687
1402 8917
1060 9037
5411 1682
4173 603
1234 7630
5448 9306
9194 538
8363 2614
5221 6127
3535 1026
3222 5243
6112 1905
365 2351
8541 5262
5071 2512
1828 6913
9456 2767
296 2773
6152 6645
5305 2468
8533 657
8959 7977
1698 387
8161 8998
5022 8910
9100 3532
9541 6801
8493 1115
6444 6399
554 1603
7937 3795
6647 2935
5377 1437
4552 7447
4394 5841
9858 9473
5372 8897
2501 6107
3716 8990
4431 5845
3914 5847
6563 595
9836 3563
6044 5143
8392 1998
5219 9325
3167 8667
3007 7254
6543 6553
1523 9143
2330 8952
5 7534
5473 9101
3376 7120
7943 7630
8699 2689
5355 6058
8821 701
4065 6537
8843 6318
9978 5318
6151 7206
7103 1246
9289 1053
7842 3126
7270 1243
9742 6786
1124 1315
687 6530
1124 241
7631 8046
844 9412
5229 3331
2373 8540
1920 7768
7827 3500
7616 604
3669 7732
4310 5532
8281 2535
6788 8427
5995 3934
6869 2512
6508 3543
3127 4834
400 8068
1064 640
6417 3016
5305 9085
1654 2815
4719 4424
8941 7294
1999 7279
5571 4811
7018 6530
828 9924
327 1002
7932 4061
8310 9544
8939 6695
8803 8101
5906 3061
4009 6762
9882 6513
6212 7552
6228 6257
25 2259
7473 1691
1744 3503
3399 4870
3760 4485
4478 7981
2789 3122
8200 9631
8156 3694
8966 5387
5146 6719
3717 1271
2410 1899
3827 2525
1129 7543
290 6448
7695 2261
3464 5767
2733 8666
7568 9130
4333 8678
4535 7352
9545 3467
2822 2108
3045 2525
7601 3175
5137 9492
9570 5357
6251 2947
4937 6986
5992 6241
1857 6417
3211 5541
4988 7553
150 7111
2240 138
7705 3259
4358 1635
8949 854
1813 2313
197 4809
3504 2434
2679 9252
685 3837
966 6074
9328 6610
9334 7206
4741 9774
6506 5909
7141 3976
5722 6501
453 7651
5440 6532
9538 4906
4528 9895
6884 1183
74 7075
4655 740
5267 8010
3544 5462
9742 5715
5714 1816
6906 7047
8004 6565
8974 1404
8179 675
186 8057
9877 4191
2195 7710
9592 1435
2272 9629
2401 6732
8724 2052
506 8690
1155 3623
1249 518
372 8049
5758 9052
6008 703
6586 9558
2788 1673
6080 54
6991 6754
1935 9988
4079 4066
3705 3083
1530 1955
2721 6705
454 5503
3561 9491
9227 7083
3239 5239
3297 6492
9595 6167
7888 7032
392 5021
2351 890
914 4288
5772 4906
2856 4418
8829 333
5263 1749
4388 8823
7837 1171
7562 2373
8039 6886
6733 5932
8289 7168
4724 5156
3088 7284
1601 644
6988 5813
297 4523
3430 6913
3343 9636
1776 4059
273 1267
8330 4087
6221 8813
1688 1987
6174 168
6307 441
4227 8590
9190 5475
1654 4322
5198 5798
9382 3183
3505 7702
1832 6305
6719 6658
457 3958
5183 2795
8072 4596
4963 3429
7679 8277
4182 5851
7007 7646
6623 8038
1727 4180
9720 7464
9552 2803
2313 8707
7351 6223
513 4496
8889 4692
2359 4402
9401 5361
8542 694
8645 3029
4275 8406
7576 5267
5247 2662
4768 8415
8655 7005
8574 8994
1965 3944
4849 9590
5919 4897
3754 3990
7625 3368
1802 121
913 2494
1255 9940
1703 8001
9879 6711
240 3277
2007 1996
7583 1757
9230 7186
522 12
7991 6408
8377 2926
8419 3993
172 3267
9865 7068
6986 4405
7869 2775
5903 8722
3669 6376
8341 3506
4773 5883
575 6775
3352 9567
6353 556
5713 5071
1822 8478
9805 3374
8242 113
6088 1561
6151 4250
3329 5400
3249 4343
3406 7417
9553 5611
2093 6860
8754 3945
5895 6871
4797 4573
9279 2217
1196 6587
209 3321
5179 535
1826 5442
610 5560
8837 2695
5709 9499
3118 2696
2138 4006
9941 5890
5710 4381
2565 2236
2235 2361
9551 5970
1032 7284
1466 9184
75 8052
9246 7436
7052 5931
6560 4246
2911 551
5010 2425
593 3288
3577 9509
9539 1650
9146 2915
5264 2844
3674 7730
4979 1799
7807 9997
2289 5595
2641 1696
9201 6475
7042 2960
6813 257
6855 272
4891 7293
1218 4809
6455 5671
6405 6317
5738 9408
5764 7074
5535 170
5452 1057
3199 257
8132 5884
6490 5247
2883 4868
7556 7912
3361 6097
1140 2122
6603 9953
3680 462
3128 5337
5382 3231
7411 5971
5261 308
15 4492
6426 4929
6578 8086
6254 4319
6628 5311
6790 4577
4501 1779
7982 575
5280 8323
2787 7514
576 1109
629 7122
2047 7386
6145 2215
2427 8937
8694 9537
2165 6295
9688 4873
2193 6659
6437 9013
4134 5225
4192 1810
9059 2724
9032 4177
3653 6767
4716 8869
1728 8374
5601 9244
6474 22
7916 2566
