3348 4828
3644 6538
9870 8659
4276 506
3171 2651
8254 4538
8333 2189
217 4531
329 1892
3438 9178
8913 1052
7622 2460
8067 9025
460 273
2347 9565
7720 8145
7031 6998
5544 1957
72 685
7480 170
5591 1135
8285 1129
4398 6749
8317 2393
1138 4101
804 967
8323 9881
8001 5391
2962 3025
320 378
9527 8050
3567 9026
7879 8165
9391 825
2070 414
7268 6550
7337 5109
7326 7961
9919 1627
3215 4559
2868 7075
2964 8104
238 4640
1912 4263
3489 4551
6465 3468
2734 7242
729 3160
1365 1659
5811 4386
3396 131
6873 5477
3794 2801
1938 7299
3390 2043
6173 8036
7157 6157
2017 4590
2895 1197
5913 7826
2753 1342
177 9593
9045 556
6898 9371
272 2521
603 5262
4503 4438
4 8457
5529 8483
1026 2314
9014 7240
700 2311
5467 6531
3804 9370
9802 9561
3594 5121
7916 1226
9311 1852
8667 2833
8701 7274
1820 4157
466 9152
3896 3473
9193 7485
6933 9678
1121 4155
4257 8695
7098 4925
9994 3369
222 5511
3758 506
5981 9240
8988 7897
1551 6628
9956 5338
339 8329
6731 2526
142 6589
1080 9096
6369 8864
8793 7151
7308 54
9978 3855
680 3393
3916 939
2813 4384
346 4289
5147 4184
3720 5183
4518 8848
3257 9214
5905 4802
7547 1665
958 5063
4148 3158
3773 4273
4471 6143
8249 6614
6159 5194
479 3744
5673 9263
9565 5555
3662 668
174 6662
986 6586
8973 3950
4541 2024
8938 963
3775 7226
3779 9969
3787 2990
3669 7882
7459 2833
2673 5788
4431 6466
709 9175
3812 4898
3870 9458
9800 2779
3304 8781
1585 5718
2300 4361
6863 2002
9838 7101
1553 5604
1394 5211
7685 2348
9002 3985
3329 7400
4011 7187
838 410
9951 756
1006 879
5478 9266
8478 3585
4015 7175
2339 1203
1224 6471
2528 8937
6892 2595
6570 9863
4090 8517
6566 1509
9399 526
4554 4051
195 4092
6826 1841
738 1756
7197 2907
8426 1862
1045 1638
2182 9724
9164 8881
3737 6565
5662 9644
196 5085
6270 2153
9830 4635
4366 356
3515 9337
9599 937
7107 9160
5239 3228
5179 3186
2750 5598
5321 6168
3348 6218
3166 9067
9996 9151
6035 6182
6753 2508
5789 7999
4699 8067
2487 6801
8031 8089
2009 2747
6664 9996
8722 6020
2882 4954
7590 6042
958 3709
8000 9004
1139 5051
9879 7766
1629 3783
4954 1410
1179 9971
1250 3835
6806 322
861 3794
4241 8384
6044 4963
7330 5255
9148 4425
6382 1553
3118 4421
6082 4428
4184 4908
6713 9237
2404 4291
8761 4290
1716 7975
9432 4229
8114 9821
9414 4013
1753 5907
3845 8587
5866 5325
5052 4830
1073 1965
5183 9600
2981 5736
2862 3960
4355 5265
155 366
8100 3335
1709 7642
9969 1656
1142 5209
7475 6172
916 705
5722 4251
1708 4812
7210 6008
9859 3785
5395 177
7366 343
4032 4598
5910 286
6165 6007
2421 1486
1900 9210
5453 1597
2640 441
1157 5212
1240 6549
3959 6856
7753 2756
6177 734
4382 128
2195 8996
7849 9652
4021 2517
4998 7078
3358 5718
6114 2529
4501 5198
3389 3054
9417 9132
4987 8380
2274 6921
386 4556
1652 4781
1949 318
3233 7910
2390 6476
9567 9988
3939 3633
3616 7001
7867 2499
6842 7404
604 708
59 765
7735 5824
2574 5595
5793 3488
6952 3358
3944 5419
5755 4410
9218 2654
3012 6598
7185 3318
1598 3744
7686 5406
8586 4549
6099 7746
2308 9291
6160 9410
6552 629
3431 5782
5330 2298
9728 537
7749 8589
8858 4846
2697 2943
419 7037
9350 8664
2043 8160
7668 1839
8252 9066
7490 8752
5842 6634
2028 2942
9374 4856
4806 693
2624 2976
7878 9669
5327 297
9070 6836
8005 2400
607 6217
7702 9681
3494 5861
8492 4464
8293 728
8747 2219
3568 9184
7841 3209
3124 6035
6106 4757
7545 4388
4040 8603
8351 7112
8420 2089
6496 7148
1943 395
6099 6914
391 2940
6207 8186
3846 6541
6790 532
9436 7670
4089 5099
2413 6306
4352 9796
8057 3214
2867 7537
5420 9380
4682 9283
9628 3019
5138 6930
8076 2684
8153 7397
2367 2003
9121 1638
6832 8136
5608 1312
1459 7740
7722 6402
8722 2706
8285 4929
9887 4218
8610 8670
9394 2717
2859 3215
6210 9001
8221 6094
6596 158
13 3636
2133 1152
9462 7821
3029 3900
5405 7004
742 8211
3460 5682
7613 7528
449 2067
2196 7611
7317 961
3714 3850
5531 1734
8482 6009
6577 8906
953 6188
7656 1738
6271 7658
1105 5010
7194 2049
1112 8414
9071 7392
6695 5999
9446 288
6983 9831
7080 6902
7033 8148
4737 21
6782 3947
4769 7329
1178 5363
4117 7650
8544 8576
7020 2543
9559 9973
2794 8697
9928 1953
4145 3309
2623 9400
3549 7314
3216 7541
4829 4853
2750 544
2331 3849
4530 7019
9915 4899
3870 7000
5568 5421
7620 2970
9495 5881
7473 3436
7853 7858
5091 1341
1432 5498
2731 3029
3128 868
6065 2709
8011 4270
495 4941
9031 4699
388 1288
2800 8488
8645 4291
879 622
9485 8023
6482 7957
8646 2013
5761 9240
8894 2124
9555 1461
9623 6443
3941 2845
8300 2297
4783 2913
3632 6925
9271 2614
7071 8348
1410 4971
3510 1328
9783 839
7408 7988
7972 5348
9827 3060
9932 2597
8163 598
6351 8589
2110 3979
442 6084
1472 839
8341 464
5566 15
9675 1498
875 7521
9504 8023
7577 9522
1644 9460
2537 7853
3485 5962
5765 5593
5017 586
2351 389
8869 7953
8454 4327
1894 7383
4495 4409
2300 6988
5604 9535
3541 8221
9352 2417
3968 2448
3906 249
2591 9940
2548 6937
1126 1262
4239 2628
3857 8624
1665 6104
5394 4724
4896 1082
7516 3500
2302 6148
8310 5743
5555 5980
8708 9786
2805 4392
4677 4287
7122 3033
4789 592
1015 5991
4424 9448
1036 1584
5053 5208
2652 1144
1217 4884
4756 680
4553 4921
7721 9759
7110 309
8565 7411
5354 9104
4411 654
2369 9562
4591 6619
1544 9574
676 1304
7933 4183
5147 3786
247 3360
5084 7531
5958 2582
809 5476
5378 9186
3157 1019
6266 74
2227 1139
1345 7945
5962 6362
4365 2056
3063 1905
303 3632
3750 2701
1628 9730
1240 9078
5675 1695
5820 3245
5456 8481
6961 8839
2824 9890
5740 4713
49 8218
4404 7291
6351 2661
4125 3535
8155 5539
1277 7284
4745 1442
7958 2886
6886 1620
5473 6956
4549 5021
2580 3235
7326 8051
1764 5919
230 4479
6504 5081
7893 8702
2654 3669
8495 8859
1440 8824
1381 3176
4676 799
1364 7782
2902 4036
7927 1613
6379 5333
8831 9726
2718 7760
1945 2580
4179 1152
7354 5382
5879 6206
8785 6986
8445 4586
1726 8143
9110 3646
4283 9193
750 8004
1543 461
7644 3643
4283 7881
2462 1643
3204 4602
4438 216
6811 4554
3393 4538
979 2890
7462 1128
1919 3210
6022 8582
4719 9360
3720 3966
9504 6309
3843 8148
5409 4562
5911 1273
2298 4783
240 2681
1471 2799
2935 8400
3613 5736
2826 8722
5837 8136
5531 2858
9465 5172
4740 9693
3286 112
982 9954
4186 3648
2502 4982
9800 9461
4280 3274
4344 6318
5797 124
5520 7004
3672 5242
6500 132
2775 6141
8548 8057
7727 8075
2758 3766
6397 4406
7657 4093
3542 2023
8372 283
4102 2449
7805 1215
8481 8012
4760 7657
3617 4125
7275 1800
8556 6376
3951 1508
909 4492
9155 6793
8424 1717
6808 9256
4168 4511
7358 2179
9847 8607
3015 5871
1153 3415
5191 4191
2872 6060
8922 4074
9031 5976
473 6508
6005 7742
1759 7227
7529 2591
220 8561
6800 8452
2521 151
1844 6050
2251 4348
3285 2213
3005 5295
8550 7594
7298 4384
5939 2948
9233 8685
1806 3161
9693 1607
8373 8739
5976 1887
6863 3287
6199 8213
6907 9886
8001 4257
4139 5522
4290 2765
918 7946
8846 8104
8962 1253
3895 3858
1306 5714
1141 7465
4997 4994
5 18
7237 6526
2299 527
9144 3727
8285 6379
1034 1188
6412 5863
8590 5047
6618 5303
3038 5314
819 6880
7456 9291
867 940
4044 2601
9686 1306
408 2232
4831 1785
9983 1300
5945 9878
1012 1443
410 9093
4216 3485
5310 2066
502 2760
5208 4270
6754 2575
3795 6884
6557 1640
6858 5167
5736 9502
4189 6622
8358 1227
134 8902
3579 4883
1914 9500
5755 8069
1819 4909
2383 6043
6298 4125
3545 3438
5653 55
3120 6440
4542 994
6412 9659
6481 6470
8691 7299
1473 2142
3862 5692
5318 8701
2106 9535
9086 5214
439 4286
5036 4055
3167 1029
6482 7606
8567 5143
3928 9102
9524 2178
7799 3474
6809 3153
8946 6222
3938 9241
8773 9040
9919 2280
5752 4648
5268 3632
5809 7343
2263 8975
9134 9567
4369 6318
105 8583
1010 4488
9060 9398
6633 7780
7578 6638
978 4288
4373 8423
8881 1537
3027 7519
8204 9422
3597 9450
5755 2151
3364 7042
6648 3204
5597 5249
2306 5790
2770 134
1284 7234
591 3493
3139 1029
3986 9047
7236 1671
8294 397
7749 1500
5008 1583
7863 6626
8797 9419
6811 570
2249 9062
3209 5428
5667 3327
3444 9114
6236 4310
9796 9007
7631 9613
9994 7176
2863 6606
6128 405
7738 5157
9370 4725
306 192
3940 9695
5499 7153
6138 3991
7208 4430
8807 2491
4538 9519
1231 5753
3325 3271
4193 5976
3564 7336
1410 6807
5268 6493
1344 6215
1240 2451
