1339 7686
7661 4173
3093 99
7460 9376
8313 652
7127 9325
8091 3330
4195 3541
9677 2117
5088 1305
1649 4321
5124 1902
4520 1360
2920 7355
2447 109
3707 690
9420 1005
3092 6582
3542 1934
4885 9878
6752 6122
1928 3592
3839 3469
3064 1752
6980 4817
625 2402
6666 6347
277 3543
2255 60
7457 4500
4355 5731
9515 622
1444 5321
2924 2927
8936 6962
416 6703
5996 4203
2065 3700
4256 1911
7493 9386
6597 1274
924 6773
6382 9342
9833 2365
7958 5550
9896 3971
3184 5492
7915 9124
5189 5660
5060 8804
4939 1442
3582 1346
9470 7264
8656 3084
8980 7894
6368 111
6068 2223
1585 8208
6087 1153
1921 695
9952 6733
7948 4327
7779 5687
9528 9047
7749 2159
760 9806
526 5011
5015 5494
9018 9610
2925 9172
9341 1749
8911 2174
2654 7793
8700 8626
9848 5201
3939 9697
8713 459
1950 3741
3003 3871
3072 6823
3186 9069
4486 7233
5359 2777
3700 4195
6614 1870
2110 3046
6628 7147
6770 1718
1891 3026
2380 2031
1406 342
473 3435
5880 7616
3295 5561
4007 922
2037 5596
180 2819
8671 7920
7587 1594
7261 6775
282 5966
2489 3218
4229 2212
5919 3262
205 4398
2541 1669
3899 5046
4492 7537
6736 3786
544 1639
2278 2625
5664 942
2233 1180
7177 230
4436 7739
5094 4716
5353 4976
6395 1524
8682 6613
3331 545
4104 9984
57 83
6017 4220
8432 1919
8523 191
2021 1958
7755 5176
194 5421
39 1346
7384 3295
7314 8075
4188 9754
1231 2565
8102 5009
8943 5350
4421 260
6085 2917
3860 2578
7819 3637
4057 8614
1749 708
9874 4309
763 5879
5461 3574
2392 274
416 6427
4455 950
9785 7382
9575 4116
7406 7650
4563 1297
4231 1452
3261 4344
2341 3355
8897 3136
2918 3196
9658 3503
4638 5766
8280 3424
9739 5810
5859 5947
8206 9253
3373 8215
9823 848
2698 4123
7322 2161
2393 5473
2184 9253
3491 1782
7887 8224
5879 9061
8583 3470
4920 5875
4988 3767
9887 4890
1230 3512
8582 7950
1267 1862
5880 4703
9338 6792
2127 4288
9848 6884
7279 3889
2709 3579
3486 5751
9968 3926
9559 9100
3970 1910
1789 7703
6052 604
3997 5418
2309 5204
8336 2170
341 8737
3199 3052
2459 7781
2887 7813
2241 2863
9593 8195
9056 3313
8978 3968
27 2292
3622 9570
5443 4059
6163 1258
8522 2543
1092 7985
9480 3982
6578 7992
8105 979
9350 9245
8974 1904
2534 9882
4507 9981
3481 1363
817 7884
432 9372
8878 4169
7452 1978
3469 3451
942 1517
8634 7991
8680 9935
3054 1771
1622 6209
4574 7779
2341 3839
962 5543
713 7310
7722 9450
7030 7892
6694 5719
5766 9394
8479 9630
8487 3892
5908 8422
2397 329
3444 9406
359 1830
2994 4102
1608 7097
6653 4262
2533 4310
6043 3017
3252 1382
1452 7599
4564 3178
6043 8880
7417 1508
9021 1960
6711 5403
4635 9065
4973 7245
1755 2159
8072 1942
6052 8964
7294 6477
8195 9978
5543 703
1026 7477
7799 6640
4867 1759
747 7833
338 6582
8447 3316
4382 6687
4421 7280
2459 676
2379 1470
739 1431
4163 4788
932 9684
2329 7647
2520 762
5165 8866
7060 3542
2622 1731
2945 5255
6364 6566
1919 5762
3393 454
4090 7045
9473 4983
9178 5313
9986 9440
7424 8281
6203 461
5651 622
3306 5746
5672 1081
8034 8726
5305 2209
9619 3078
9343 9428
7249 8801
7908 7454
731 6917
8423 9617
2563 8209
5616 6546
456 436
3728 7964
9325 5206
3956 4862
1158 5821
6943 4166
302 9512
6805 3796
460 2267
5307 5000
1826 5035
2020 8711
7229 9084
9099 7639
282 4713
9438 262
4224 2165
3287 6802
4454 2856
5260 1141
6841 6244
3367 2880
7870 3356
3101 7187
2043 8559
7162 4191
4822 6931
1159 4195
8226 5373
6977 6122
9341 2854
4976 191
4470 886
9066 538
1190 6946
3132 8635
7669 1937
3358 6583
7391 6688
5805 3313
3940 9037
1687 2239
4028 6139
5106 1487
8970 8792
158 4749
3937 7427
9819 8606
4092 6416
3943 9981
2993 9733
3970 1444
7239 4451
2181 522
3102 2568
8946 8699
6027 9786
6857 7095
3693 430
9994 241
2185 7969
3111 3049
6034 1307
2080 5845
3318 8226
1899 8811
2289 6086
570 2608
9846 4162
2625 5397
1558 1684
7938 8869
2000 5336
3426 5037
2894 3325
5415 6002
7376 376
7207 3573
1951 1111
725 2002
5571 2741
1787 4563
6808 4879
4184 5484
2966 5308
4815 4820
424 6202
5016 7699
2994 3924
5722 7568
2947 6701
3082 757
3565 7806
7790 2599
2621 4343
8187 676
9743 6262
2842 5632
9057 2887
191 8605
4033 9735
6031 2172
1525 3604
3797 2944
9072 8537
6289 8740
4309 2338
4140 5260
9659 5481
4050 2999
6518 8181
612 7044
2425 9504
2344 2349
4134 6781
438 2587
4419 7182
2303 2744
2074 6128
4017 6223
8645 9354
16 5594
4908 5271
4761 5109
5987 6671
8759 7133
2495 8036
6788 3440
9479 2117
6862 7828
7386 4060
9268 1924
1329 3526
4297 7872
9390 3756
8332 1821
8219 480
201 1560
8274 4360
1684 4019
2192 6570
3315 2387
8048 5863
9456 7502
3970 5109
7736 7174
6115 6483
7569 1902
5184 8274
2751 9413
8327 7853
6740 6648
9316 1048
8172 7750
4580 8699
1235 113
2757 8013
3665 4756
6173 6182
9213 9541
1111 9230
2105 8200
6370 8929
9054 4309
7629 9402
2446 7864
1222 6284
8749 8121
9956 1795
6443 3693
6257 6782
5712 6601
1557 2747
4602 1507
4823 3452
3058 6670
3188 3500
7239 1524
1514 9713
9107 3273
456 1264
8492 3634
4984 9839
1220 4257
5307 4193
2521 9705
1847 6484
455 936
1439 2080
1326 7554
4201 4591
9357 7832
2023 9199
9876 3302
7539 5046
9549 1348
1510 321
9611 7330
4365 4433
3875 881
4234 6830
7685 3123
7244 8652
9686 7918
5169 2934
1128 1662
1966 5641
1602 3796
7913 7224
4671 8673
7205 1359
6322 3892
1539 7639
979 9028
7243 7002
7420 5314
2940 6795
4198 3623
5971 4982
9705 6359
4861 5410
4945 5907
2480 4851
7325 8734
6999 9634
4429 7064
2191 8113
7794 145
752 656
4496 6318
8994 1526
8855 4071
7341 2838
5474 6027
6455 7422
55 9676
4666 3620
8473 2843
868 2902
6922 8605
7087 5182
9011 9190
8534 2709
4731 7636
7236 286
22 3119
4416 6312
1944 1056
5342 5318
5218 7763
4493 781
6077 7344
1354 4052
8779 172
8450 8335
2884 9598
4482 8508
7612 5506
1876 3886
2228 1345
8504 6743
5965 7297
3465 6220
2553 6227
1634 3306
1047 657
2490 5533
6641 3486
8555 894
8485 8325
3574 4833
2472 2483
5334 1679
7346 4098
2444 2146
6572 7453
1118 4985
3866 9956
5399 7654
9635 3997
6447 7678
624 321
505 8214
7910 1803
5055 6312
291 377
8640 3207
8681 764
2171 1197
6070 1311
2494 4959
2113 6180
9514 3981
8894 4035
3412 4883
5325 8006
3708 762
1101 1023
2518 87
2936 5039
5773 4727
6413 7666
753 7088
4648 1994
6155 70
8186 6428
4293 634
705 2618
1744 2535
1393 4434
4799 3465
7301 5235
8955 8425
7775 2876
5034 3862
4738 175
3217 4666
2071 3451
8648 4765
9402 9666
6319 699
3897 907
651 1209
2575 4790
2634 7994
9123 5650
930 5328
6714 1731
1996 8515
3577 9560
4636 4904
3712 5840
7518 1943
4951 5306
1730 8764
1874 5529
7451 9837
6621 4550
9333 7222
8424 5895
37 2819
8627 2221
3387 3505
2428 8028
7158 7244
3035 2052
1145 6560
3402 9146
9838 2635
592 8828
9573 8887
4392 9723
3419 7020
482 9352
3186 8246
6895 5338
2206 9897
9926 389
2110 9542
6084 5257
3881 9116
5135 9147
1222 1550
3185 5477
6354 2219
7231 268
9727 408
3156 3375
9839 2483
9908 8980
9782 2339
2623 8263
7414 3925
9871 9178
492 3358
1543 6309
3601 3981
6871 6386
4451 5747
4034 2844
9428 5648
6395 953
4501 4692
2262 1575
7858 2626
5940 7063
8282 3600
4001 7780
6275 7947
3561 7099
8415 7931
1465 9373
7817 1709
8298 3959
4610 672
4647 810
441 4718
1601 2341
199 5221
8827 1468
2512 639
5957 821
1163 6563
1735 6380
8108 3834
5857 96
9702 4669
51 7448
3981 1241
1675 5530
5517 1763
635 4067
6788 5700
837 2624
8285 6392
4308 8564
2938 6274
4538 8599
9840 9343
6188 2294
3704 5008
6224 3946
6406 158
9720 2462
3166 9134
5482 9218
8858 5225
7028 3359
6113 588
3121 2557
1239 2914
5868 5497
6948 7527
9729 5036
5921 5845
2169 2793
731 3365
4053 3458
2528 1401
531 2275
2071 686
3914 9059
9944 7333
1874 7082
8986 3963
1258 8372
272 4266
933 8194
496 7677
6481 1132
1669 6631
4195 1857
636 5347
740 9349
5095 5250
6706 5024
1192 6715
3425 5597
5654 9823
7982 9732
1343 4004
8142 2878
2065 1374
4461 3135
1282 2871
4360 2046
7835 17
8397 2103
2748 3121
5426 3161
8708 2224
2643 3840
6672 6962
998 2941
9003 4393
4674 2888
2219 4595
8553 9297
9666 2778
2817 2991
5211 3349
2201 126
9531 8978
1460 7163
1329 4626
8747 3258
1104 581
4386 8473
8673 2662
911 7631
5728 5328
7042 6127
8473 687
6040 4758
1389 8563
4143 4169
4420 78
9449 1100
4142 8463
6200 1705
