9368 7271
5357 1830
690 9226
1021 704
4229 8796
7946 7549
8869 8118
9124 5199
7326 2462
8528 8579
2201 7696
9525 8908
6028 7367
3107 5641
1462 9172
2800 4330
6127 6842
8398 7166
1797 6132
4153 8513
9706 4489
776 9378
4520 1643
803 1011
3938 7231
9380 5264
8090 3989
4211 3853
2234 7585
5150 992
2366 8787
4100 3128
5385 9871
132 928
98 9328
5462 4480
339 2718
6191 7002
1503 5901
5425 9055
2504 5068
762 5161
8721 4907
1178 1680
8045 9737
7955 4349
5034 1594
5119 5592
9519 2016
2951 2764
9698 2405
7653 7174
1231 5981
3223 5950
2364 2842
9039 9130
4344 8560
2751 4154
2651 5397
2308 8432
6729 7063
5885 2348
4869 3723
3417 2526
9637 8060
9736 2660
1515 8912
999 4291
298 8939
5979 8795
120 4997
432 4320
5264 8849
4194 9402
5208 394
2271 8010
5082 1975
4009 4289
8907 3708
9277 272
343 9221
6761 6499
2221 8027
5105 2781
8863 5498
9825 6413
6947 5048
2844 7081
4302 5166
7084 9056
9227 5155
895 9971
4772 2855
7227 8485
9260 3202
7756 2669
3029 6335
1823 2198
9980 4202
7547 4639
2520 7379
6695 3892
6439 8918
6356 7730
8423 1457
5033 6705
8210 4202
4553 4896
2378 1553
4285 2885
8165 4697
9131 9765
133 1669
688 5854
8571 9266
2991 1914
1330 2697
9088 9394
9447 287
3481 1787
1462 7728
7928 943
1199 5130
8391 951
1182 3738
9485 7080
8246 1356
5048 3922
880 1059
7658 139
6124 2723
1685 1752
2868 6925
9422 918
1184 1577
5956 8746
1775 590
9740 2396
9866 397
7894 6938
6278 7247
4672 4857
9171 2105
3358 5724
9294 7252
7538 1022
8128 5146
2207 8356
9413 6324
9330 8922
2797 4524
5029 1567
5387 7975
4496 1351
4829 7391
2300 1988
1366 1428
6350 2033
6087 2297
5819 6665
9829 6238
2503 617
2298 8461
838 5747
6796 1463
7582 5499
23 6190
2455 2550
441 9076
9367 4599
6375 103
7567 8381
9126 4383
2515 6899
1677 3823
3227 5137
9382 9193
3333 716
5617 9088
2232 6934
3950 4556
5887 272
1142 775
2972 6851
2711 5736
6878 4875
1416 7031
2308 7356
3045 7567
5895 7073
4583 6463
1777 8888
7622 9075
7656 3228
3360 2255
9601 731
1265 7145
2091 8517
3600 1855
7607 4602
6916 9700
5807 5495
600 6620
6490 7889
9979 7592
162 2849
6295 2051
3143 2271
4126 8313
7726 7475
2892 7604
7757 134
9855 5854
1874 4759
2218 8352
9728 2097
7281 272
5084 855
4204 3146
3769 3465
3508 6161
8077 9633
4893 1898
5208 8335
4770 3386
3753 5839
1379 3580
8773 2035
6247 6055
6630 5051
2250 948
4834 9423
3116 2127
5438 1715
6487 9014
8995 6941
4359 181
1472 784
6085 1828
2874 3911
8216 3923
9243 6517
2905 5485
509 2650
3821 5210
4736 8079
436 1924
2995 8905
489 9255
3734 3512
5191 9544
7078 2559
3283 458
4950 194
7475 6167
1638 4486
4670 158
3043 3594
971 7546
4053 5461
6293 7082
2084 7547
7687 5906
7421 2925
6232 2785
8200 6589
999 2131
3216 7570
8886 595
6525 5994
9361 4006
5627 2400
2049 8757
6626 1387
675 1280
3348 3417
3104 7913
3976 6409
3513 9262
3544 7529
7730 1010
5508 5203
2673 8337
6749 6436
3897 7149
8006 7357
3535 4856
5867 5657
4321 9975
7644 9228
3847 4277
5497 196
5259 3433
100 2985
1373 238
7968 9563
6333 8937
903 8574
844 9428
1154 6368
2429 7743
3099 7574
870 6429
2235 4839
1789 4920
8775 1387
827 7160
4821 8805
8670 8034
6069 1446
7959 2280
2787 7396
9494 8322
3591 5888
6740 3982
5984 3312
9563 2927
1909 8741
2355 9236
9802 4264
2735 5683
7979 168
1380 9532
8081 2022
6528 8003
6703 5250
9747 6418
4387 5952
9879 4093
8273 5099
466 1487
3197 2186
4995 2708
6506 656
253 2691
1482 1973
5803 895
4916 9953
7945 4735
3516 4559
7093 4473
6836 4579
9946 341
8978 6320
7636 7228
614 5155
1724 297
9567 8917
6197 436
8529 6722
3402 5741
285 2773
2813 9636
3084 2533
8234 120
2384 3372
8475 1238
8982 8254
7336 3180
7247 3767
4868 896
6963 9341
8668 3628
4430 4862
9012 9445
7251 4951
2244 7013
9553 3267
5018 4474
661 1577
6436 1211
6604 7867
156 3418
3115 1092
2421 3384
5656 8940
5186 3658
4503 1184
304 6538
2886 1525
3553 2077
5311 8286
4188 8357
4208 211
4407 7968
7468 985
2939 9115
2453 7900
4674 1834
6156 9119
3479 3961
8693 391
5068 2246
2726 8827
7926 17
4603 9376
5283 3470
7866 9527
9818 3691
121 3056
5142 1148
5486 4732
1286 4788
5485 566
4183 2868
275 1793
7528 5614
1577 2865
4979 2838
9644 2333
8419 5651
2943 9471
628 1251
5820 7493
8913 9182
5693 8682
7274 3586
9996 7763
846 9741
9294 7162
7198 2553
6491 854
4567 9031
1574 3088
8715 2131
2497 121
2945 787
7792 1342
6565 8266
4227 9856
753 5348
5871 7440
3309 6424
9616 1965
7235 3621
6845 5013
7781 1970
1606 5282
805 5880
6372 9686
1413 8094
2181 4012
9310 1391
7854 4053
9491 8633
2901 2541
8351 4203
6403 2601
7830 416
7597 9473
794 2609
232 5191
8850 6003
7812 5871
4620 2998
5326 8008
3899 6505
3049 4785
2431 7463
3780 9693
4139 345
3733 2537
9820 5546
5632 1793
7711 580
1746 9355
1587 5655
5234 5795
7583 4690
2805 2703
8116 4924
4223 7495
9119 2731
3208 2571
3093 7316
4509 1329
6829 709
8615 601
4973 6388
8681 5888
3065 3547
3725 9344
521 8205
4491 9920
5821 2460
3020 4716
1900 6519
3680 6303
6476 6067
1514 8680
6796 9037
4044 4114
9409 9372
1976 1791
131 7628
2625 525
58 4117
9873 6446
8673 6441
6403 8324
3610 7412
5637 7757
1808 9666
5778 953
6830 26
3206 6514
2067 5585
2922 101
4115 3383
1964 5483
2372 6855
5981 8698
2646 7503
2040 7028
6378 2772
1199 8920
3453 5106
8785 2166
610 6170
4237 8040
2583 82
2440 6589
4333 8175
9395 1061
5442 4768
7892 7394
1323 193
8273 8434
9969 9518
317 6191
6100 8291
5916 68
3146 8328
9359 79
9518 9511
3987 8050
1936 285
640 1340
7703 3451
1257 769
7808 206
5493 5483
1326 7284
4236 4818
445 1784
9934 1963
2803 135
1424 4567
8960 198
426 6884
3957 4845
6501 1764
4184 5976
1781 1686
6055 2766
4272 6452
8275 2593
6772 3584
5038 1277
4265 396
3682 5683
5721 3680
1079 7128
3066 1124
5091 871
2767 4620
5510 6367
9536 2748
1933 7454
2492 9794
3995 7064
1299 5587
3424 7221
8907 7510
5621 6985
6427 6313
3881 1965
8206 647
2348 8199
5623 3629
2443 6002
898 6600
5931 6872
9276 7214
4039 9241
479 2842
4859 8742
6650 3041
8937 484
1371 7039
7152 8392
275 5236
5339 6188
6875 7189
8951 6654
121 1013
3859 3007
948 1694
3245 3620
4206 4106
8550 815
4010 924
8886 4822
1572 3605
1926 9368
8881 4734
6801 9249
3322 8498
5293 8426
6956 9797
6469 5249
8442 4683
3106 9041
5194 1897
3784 1646
1252 5604
3608 8650
3422 3755
7946 6847
2445 673
6051 7323
3261 2535
6626 8835
9388 9876
8999 9170
2718 1689
9759 9056
7782 9960
2686 5174
1526 9784
8601 6765
5545 7865
9541 1087
6300 3691
2331 8091
4262 3117
2405 6756
9563 2850
2564 5846
1780 8653
289 155
5844 9994
8491 333
1623 3184
7757 7446
7262 5109
2889 2613
2093 6587
4574 3477
3954 3769
3660 7990
506 6968
3528 9686
790 2446
8437 3534
1944 7156
8046 8088
778 8726
2625 2697
1838 3239
561 7425
5916 286
9140 7828
4596 6664
769 3546
7392 5861
3796 1327
7565 2405
4772 7918
1314 2433
9812 2326
5664 7151
5786 9072
4023 7534
5630 3235
8188 1886
8231 1201
1463 4191
2611 1324
8363 426
1507 9002
1572 1236
1406 1878
305 9692
6530 7787
5857 8732
8395 6147
5821 8419
1965 6927
3246 6310
6153 8474
8728 5399
7154 3221
1771 655
6163 5159
5274 6062
7805 549
69 7587
3217 8992
9751 7065
92 4736
5054 1848
6759 7902
4422 8829
8025 808
19 950
3585 8839
3185 1330
7195 6483
9200 3255
9914 2598
7505 5504
5252 3913
8026 4016
4710 7273
3609 9708
7616 9950
1288 9191
7366 5565
8997 4503
4155 6364
7849 2424
5446 7854
2366 6345
7336 865
7267 8075
3798 3255
9908 2321
2150 161
902 3526
532 9576
7650 7422
8547 3094
5596 8399
6598 1802
5719 7984
7917 9590
3178 2845
5358 7206
4992 3683
6828 7188
7800 8943
84 7603
5865 4013
3555 7517
9175 1881
7638 5372
5626 7541
2531 4458
9692 4489
9331 1728
2651 5017
6286 7178
6553 9984
2341 1584
7155 1687
202 8762
9639 6975
8888 6271
5900 2151
8443 2461
7704 3479
8124 5633
1898 8854
545 7398
3156 1527
5572 9106
1598 447
3194 9376
1514 2174
6761 5063
178 2793
4483 7229
5472 4427
8075 7421
4049 6848
7245 3315
4019 7997
1755 4478
1088 3746
4185 7410
1128 8932
8517 7244
9277 8680
6935 1535
2275 1499
2236 9891
9631 6050
323 6270
338 8910
8447 3658
9834 1827
5208 3819
2939 9490
7579 2387
1241 6184
1421 6807
7471 9764
9377 5523
3590 1314
