883 316
9080 8781
7237 1878
8595 2845
8267 9990
5081 1657
6564 3079
2927 6757
1063 1204
1354 8568
1540 6620
2823 6538
1930 3907
6612 9889
5658 8597
7089 6198
83 5134
7580 6027
4879 1567
6851 368
1704 5178
4902 9791
2676 1271
41 280
3253 4977
3222 4077
4096 242
4350 9543
1029 3053
6179 7819
2995 8208
134 4160
8965 5156
4596 299
632 6224
3580 5609
6876 1071
7091 5862
1995 2873
5702 8397
3719 2753
2808 7015
7466 9442
1808 2000
9947 7980
330 284
8181 9900
6258 3367
1408 6706
9503 760
9983 8149
1828 6124
1554 7947
9506 1570
3336 769
1846 7063
2225 7230
8347 1566
2956 1549
7111 3566
5149 358
4368 9992
6118 4668
892 2494
4766 449
398 5625
6365 8062
7118 7006
3584 2456
8681 3015
6396 2155
7953 9128
3290 1686
4077 8243
9695 184
6387 2213
5414 1536
6279 1606
2815 5105
2477 9427
9802 9435
7089 7738
9830 238
2154 8904
1067 9297
9202 3378
6454 9051
5775 1938
9786 3276
7380 3200
8845 1447
8604 161
65 227
1445 1884
5228 5341
1212 1941
7977 7903
4884 4237
3352 2550
3698 8291
8372 7377
6630 3647
1890 8030
3415 382
329 4083
6780 455
1858 1164
7141 6850
7438 4989
7967 6672
2915 5932
3943 519
7581 1114
2427 3386
126 8180
2210 1
8623 7071
9794 2866
6969 2825
6738 6190
7087 2143
2389 3890
5814 45
7833 5401
138 2287
7000 9722
7908 1886
7016 1481
5489 4720
5394 1441
4095 5478
8182 9993
7279 5903
6901 6845
3726 4183
3550 7759
9162 7506
9330 5247
6691 8832
3737 5132
9886 4827
3148 5631
3719 2841
3807 4046
4217 4704
5689 6825
7751 4833
5561 6914
6339 2815
2994 9383
4076 909
718 9246
8197 2784
8784 2980
341 9259
1525 9436
8794 7451
9813 6685
3198 9954
6599 5999
4106 7423
8921 3390
5055 164
6801 5316
5363 7846
6232 4521
9596 9572
2110 5381
2585 189
8247 9816
8213 6794
2832 1467
571 7618
9276 9054
8229 5081
563 969
6794 4895
5055 9990
6294 8791
4550 1205
3910 1491
4219 9318
1407 3298
1191 2514
9916 3380
3649 6838
5030 7956
1701 8354
8721 3175
7820 8552
6759 3979
7002 8325
6415 5685
1937 3225
5864 957
776 4334
9984 1305
1796 9531
992 8406
3277 1956
5332 2103
4952 9299
971 5997
767 3894
9531 9419
9186 4070
7893 9072
2139 6742
458 7745
2687 4225
3859 7601
3508 671
8010 9346
1054 7837
42 8706
5331 3571
7356 9468
5223 2735
6047 6816
7255 5373
5381 1204
3547 5235
3550 2528
7456 4707
6135 3887
8197 7469
1343 1816
3534 7498
6537 16
765 2742
9671 6182
7690 9349
4611 7186
3661 6663
6943 6064
5762 9419
6771 7349
7762 1646
3917 191
2210 9906
1602 1941
1277 2648
9795 7650
7441 4821
2400 4181
3465 8953
3757 1644
404 4187
2749 7047
8262 8231
7419 2587
3177 5279
6574 3002
9533 9087
6788 8215
8571 5292
8325 1197
4892 3789
8242 8765
4064 1651
7473 9495
6444 9192
9865 1194
3661 9785
1649 8684
8655 1355
2705 5414
1963 3645
7442 4916
9849 4224
406 8164
6933 8992
5966 6687
8517 6525
7683 710
6779 6957
6410 2383
748 8274
570 5261
8274 1928
5486 466
4952 2738
9613 2272
2348 5926
241 2489
7905 7333
6052 1353
3144 4841
7543 6404
7943 1536
5245 6267
3016 6632
3709 2645
6977 4452
4493 7822
3472 1259
376 7229
2076 3127
1689 9106
8151 7739
502 4097
7422 4829
7960 2128
5985 2876
2616 5224
1611 9708
3119 1989
3872 4621
732 9901
2570 5593
4093 9959
368 7904
6084 6647
5393 4160
4040 4681
3374 5662
1175 128
4184 2489
8954 8593
4187 9566
3072 1922
2654 753
7722 3918
4725 5961
1764 2365
9337 5868
5928 3384
1540 5366
3777 816
1711 3945
4623 5559
4184 6155
9442 813
5980 6329
8066 9087
7483 8376
9176 8668
4639 408
4309 4883
8037 3785
1773 2135
9155 737
4974 7079
7692 4541
3257 6649
2541 3858
7371 8265
9136 2575
1295 7489
5394 885
4300 4775
7235 2104
992 8790
9417 4925
3125 1946
4169 4700
2962 7252
3848 9996
576 4778
2617 9460
5178 7771
8495 6288
145 2596
8807 5657
6492 2819
4293 6340
512 9479
6874 6277
7234 3941
5910 6911
2539 3646
5672 4477
1148 1431
3611 2050
9290 2134
1687 1974
999 7885
3610 1587
5362 910
8321 1189
5085 3234
4181 1268
2419 2008
9997 5904
5779 6540
1127 846
3877 228
121 8821
5253 5051
1737 8512
4445 4859
4114 577
3635 8279
9851 3473
6624 8199
6949 686
7999 4795
2792 9554
8719 9075
5904 8233
9151 8848
4452 7747
9032 3811
6534 452
5882 1569
2021 5530
9075 9371
8925 1442
4325 3999
7863 2283
3362 6194
5860 2960
9940 633
5028 480
7199 6333
4001 1580
4726 3287
5781 708
1014 6544
1488 456
757 4249
9949 2673
3859 7750
4771 7904
326 2360
9087 8414
9537 3528
9475 8788
294 5845
6254 7605
9014 1775
3897 7641
3455 3989
2630 6127
8803 7855
9779 1587
8555 3979
6214 3722
4603 1796
2116 7721
2937 4319
8767 6769
8172 3042
4662 4600
716 5933
7981 9180
7613 7868
5695 6972
4544 6545
3232 9331
5785 6609
2292 3089
9970 9817
2475 6072
7905 7258
9427 2744
3353 1740
6338 360
4839 5275
6556 4631
4931 9559
6596 3364
7488 7082
263 2456
3085 3642
4962 9146
713 6039
5610 1481
9388 8881
4685 9530
8090 5954
4958 2625
234 308
2288 8465
2506 8526
2535 4550
4448 5538
8308 6289
33 3027
4683 4083
672 4411
3755 6873
8266 7860
8426 6430
1724 6522
1587 2770
1600 9781
5166 7242
7024 4084
1522 1063
7853 259
8670 2882
1701 6309
7820 82
7250 8597
9239 5504
898 3200
2984 6730
6619 6106
7317 1709
4855 5079
9234 4360
4416 4781
684 1397
1778 5064
8324 1835
3950 4326
9239 5616
1301 1621
7240 1196
9484 4001
2690 8449
2996 4592
535 7964
9162 5298
8400 1686
6244 2548
5827 8523
6221 8590
4008 4052
8109 854
3838 7424
8447 8955
783 5679
9344 7269
9045 8114
6154 8756
730 8980
1722 5698
5576 6564
704 5544
4969 9517
8658 6038
963 2784
8012 3410
9785 7115
5705 9302
5837 9988
8942 3429
8787 9441
8690 4633
5065 3083
3011 9573
6941 9693
7313 92
6655 8921
963 2649
2520 8014
1128 6240
174 1564
5984 3618
411 3197
1245 4708
1199 540
7676 7765
6011 7507
3941 7902
3279 9652
8818 9275
4940 4763
6555 288
6387 4923
3616 8865
8088 8374
8345 9976
7015 300
6635 9860
247 7677
9432 3414
3436 6939
6911 8065
4256 2666
2383 9231
4971 1470
34 2694
3211 4642
332 2131
5624 2700
4746 4497
1417 3763
979 1960
2238 9505
8177 7005
2851 9839
8982 9248
6761 834
5131 6312
125 5728
5555 3094
2205 1609
6782 228
9549 6204
2313 4687
321 19
6491 9460
7562 1740
9470 8522
3189 2929
2447 7387
1449 6842
7182 2260
7017 1787
7862 5146
2619 9174
5113 8868
2586 7828
706 3100
3945 9035
1161 4556
8235 6667
1816 3584
4237 841
8399 8257
9574 8462
8541 6373
2989 3370
7393 6509
6578 707
6006 4008
760 7137
2211 2294
2949 9740
6096 5250
4377 8423
7324 8737
3468 353
8903 5032
7934 5399
5933 6284
7226 8174
5213 9332
6702 2036
4658 8045
7862 46
8195 6104
2941 3423
6358 3305
6148 3157
5770 1832
6189 2966
2712 6498
2708 7022
8326 6700
4615 9913
5164 710
6168 3001
4457 6181
1062 6405
8475 3116
580 3391
7532 3401
2095 3664
9927 2601
2065 9005
4918 4208
7402 182
6896 6210
3770 4204
8708 65
1685 9925
4319 492
1332 7043
2885 7450
6533 901
8027 1924
2758 1002
294 7984
3557 9447
5909 8658
4766 7313
2147 2929
7558 4999
342 4354
1572 6493
4186 3211
1212 7242
3754 8429
9734 4658
7364 8907
261 344
6406 8655
2153 5312
3118 9005
7740 7199
3244 2665
9045 3767
494 9442
7032 486
3607 2735
9615 5600
8829 1244
5265 9522
903 4295
738 1455
8259 4682
6952 871
1696 8483
4598 3978
6997 7047
121 4372
9238 8642
9428 5913
9551 8455
5956 6113
9712 5263
7328 7677
3599 4340
5188 1286
5946 992
5854 6349
9558 3484
3373 3210
1044 8449
9613 7728
1074 3507
7018 4320
1676 4824
7633 9966
6318 4930
7367 9587
2097 5012
5298 5987
2313 713
4756 5713
868 7307
7701 6988
3449 1911
8106 3519
7191 5843
5042 9435
1302 7517
8004 7672
3928 9493
6408 4423
6890 4292
2411 7538
126 7343
1323 7823
1448 1340
9579 2370
5129 3199
3404 3449
5634 3955
2393 2916
6960 5951
5509 8115
5613 2858
2288 4727
7906 4368
7454 681
7715 8193
5253 6078
532 4067
9306 4709
4111 9433
1420 87
2608 5329
4122 2547
4452 58
8955 7093
6471 6262
2230 7360
8833 1645
6723 485
3500 8745
5876 8969
1950 8254
1952 9090
4618 4147
2414 3123
7785 5120
5228 6291
2180 6977
4794 8421
9338 9078
3332 4834
5658 3013
3008 4773
7097 3547
2212 9022
2494 369
5568 7387
6214 5302
6344 5152
4936 3940
4213 4201
3455 4028
9526 6779
7247 1136
9017 3756
9228 9071
2456 2850
9622 6514
619 7998
3171 4116
5634 6578
3466 3661
7965 4646
6152 7717
9985 5608
