1126 8744
2681 9359
4431 7928
4650 7639
196 9640
8841 9448
1000 9187
6840 6425
5177 6448
3546 8364
2799 5787
9074 7349
1684 7604
1638 1072
3634 7137
2889 9244
9388 8790
6217 36
5339 8825
7447 1778
9899 8932
8979 7642
9090 9233
3263 2370
3658 1563
2200 6147
9688 2180
6614 7887
545 8099
3088 5709
7631 8561
1935 351
2895 5552
1256 9078
97 1962
347 5057
2034 9690
2999 6302
358 1457
637 5320
3337 3051
1280 1478
1561 3017
3953 7194
8292 3916
1031 5771
3946 8366
4646 8494
5113 8545
5673 8144
1194 6744
3204 4409
45 5191
9304 6848
5253 5352
9072 7627
8765 9505
8841 8634
4143 7586
6033 1262
5000 1626
203 435
7315 4601
2477 2982
5396 8628
3048 2178
9400 9216
4645 2264
2118 9864
4928 9899
1544 5211
7325 1359
4428 4602
927 8171
2261 4653
9381 6697
4609 1325
2550 1110
3266 4227
5774 8106
2777 8657
2040 2091
7021 3256
9034 3492
8993 8769
5237 976
680 8760
8196 7442
5149 8838
5430 5489
9083 2146
9395 5640
2642 1833
9002 8198
8744 5752
4215 4311
4566 1756
1534 1654
4369 8982
7743 4903
9983 370
1736 9056
5284 1407
5342 8569
1501 4732
9853 315
7071 9995
3295 912
5413 4001
1593 7231
8052 1582
6419 7903
1610 666
5151 9767
1230 338
9687 8095
1874 4580
6319 1329
2551 8535
2524 2190
3378 219
278 2307
8387 2904
1818 151
8610 4410
5975 3935
1150 3203
6814 7223
4979 3637
1118 4663
3676 5144
4628 3022
2129 2929
9052 2064
2569 7255
90 6649
2987 8692
2047 8564
2417 592
2453 9295
421 9720
9774 8394
2099 8083
6370 8679
1778 6353
1168 2927
3623 488
2735 6753
442 8467
317 6712
6339 7819
1030 9110
1337 5810
367 1392
2466 813
1317 6982
7767 1504
2013 3952
4417 537
1945 153
9089 5580
3961 8353
7120 3956
6341 7772
2795 8892
2467 7422
7572 5257
4898 6816
4387 8363
7537 2395
2468 6694
1296 3208
661 3298
6748 340
3050 9792
518 8329
8683 5269
1253 7670
2266 5521
2562 2319
2307 1101
819 6282
7242 4383
2155 659
2662 1933
174 6318
6279 7957
1275 7391
5689 9455
908 9175
9073 2705
3796 1017
8450 7800
4495 1747
4828 9239
9996 6703
3545 5236
6115 7485
909 2010
5919 1060
