313 1402
1406 128
2332 2362
3057 4881
1714 244
63 1282
8753 8252
771 2173
1909 4925
3067 4009
5099 4097
2232 8458
2640 1376
231 102
137 5889
7855 569
7452 1228
6860 4581
8614 6900
1065 5042
8562 4101
8409 1381
4447 2553
7555 5497
5167 3623
4414 1342
8651 3376
4550 247
8674 8366
1109 2115
7676 8523
3948 8217
265 1729
6793 5094
7717 3154
347 8266
4466 1809
8144 63
4991 230
8400 5639
1976 9412
618 77
1893 948
7273 953
6172 2342
6379 1060
7943 247
6158 8667
9370 7897
8509 926
4217 7272
672 9465
6514 1025
2095 7684
5694 868
5434 5240
2632 5765
9830 492
1323 2363
6235 7498
468 1739
9765 9112
2366 8855
1190 3715
9498 7337
6409 8324
8438 9133
1584 1146
6808 8588
1101 6291
2381 4855
343 325
8771 9534
1811 7424
1005 9148
1919 1883
8859 7624
5010 6272
1649 8896
5875 1485
2662 3367
1738 6701
3815 1052
3892 1839
8946 892
881 2544
459 1512
9127 5089
1947 898
4946 9344
6328 5729
1752 6538
3071 4325
92 6014
3724 8600
3372 3453
5384 3263
1255 5176
9352 8236
4664 6058
4076 1522
9330 9142
3757 48
3782 2808
1093 9702
7833 5317
6795 6869
5764 9811
7970 5432
4729 9174
3080 870
1094 1390
6780 8887
2371 9004
4879 5747
4574 2301
3632 3799
1925 3844
3985 2626
4111 8581
9933 5694
5258 8486
6944 7479
3739 5957
2206 9848
5777 7946
9483 8502
5727 3314
8308 7452
6221 7196
1551 8904
2901 5306
4025 9520
1599 771
4949 2650
9216 4997
8108 6798
4757 5973
3137 7733
9876 5937
4054 8177
9334 9382
1758 4318
7782 7387
7947 5599
8848 686
9237 1858
2640 547
3636 7666
3794 8167
6597 2457
4828 467
1683 888
3908 1135
3141 1701
4651 8489
2757 3804
8667 2281
1486 9230
5941 9571
1017 8696
1638 7692
4504 8207
4549 8477
10 9152
9747 1949
2226 4482
722 2802
8115 9443
477 2488
3872 2755
7773 371
7492 9608
3747 8685
8514 5412
709 5391
3660 3561
1085 8961
3599 1098
8786 2612
5858 3388
3367 8162
9036 9075
3494 9856
1095 9227
906 236
2986 944
7964 8904
8748 9495
9926 1727
5514 5356
4148 2853
411 8808
2117 8024
2790 9010
2268 929
8827 7506
1814 1515
4514 2593
2284 9415
