7880 8013
2816 7088
2549 8721
1907 1990
3761 851
9264 2259
4081 8751
1672 8295
203 5078
2303 2850
9784 5965
2458 4902
6474 9549
5077 8697
3576 6110
2430 8678
8475 1482
4457 5758
342 537
3761 3068
7507 7772
2970 3383
4377 4249
2401 5188
8855 7426
9350 2411
9761 8891
5403 2204
2684 2443
7226 8448
622 4490
9226 4876
8900 5026
283 6805
4739 5641
8990 3443
308 681
6500 9533
3356 8827
1179 8519
9854 7062
8584 2257
761 2920
6003 343
1323 9424
9450 9590
4707 8281
6685 5417
8990 8339
6622 8912
2024 9327
8062 6919
3831 2560
1117 4626
9490 8414
6796 6989
5488 2011
4306 3299
4623 9416
7609 2702
1237 3498
2957 2307
9052 9146
8608 2088
1106 5684
2365 2239
9233 4877
9695 9990
3006 1671
8179 4754
6688 7840
385 8495
617 9726
1371 3653
9458 6965
1431 8872
3759 7244
2943 394
3803 7320
846 9222
7518 8055
2174 9172
5039 1222
5467 8183
765 2796
9831 9935
8029 7713
897 6250
9269 3797
7082 8092
189 5489
1370 6494
9292 83
4934 8076
3487 7223
5817 9256
9260 3986
1517 1069
3538 9556
9937 9219
4032 1671
3466 9909
6636 1546
4861 638
8278 151
3784 2726
662 7538
9875 6501
680 9832
3646 8930
3871 7053
4126 2346
8881 8059
7261 3733
2400 6999
1248 755
4604 9728
7393 2887
8879 3448
7633 4071
9793 8289
2186 7301
7434 1601
8079 1039
6182 831
2812 5841
2027 5169
821 312
9454 1372
1269 6412
6450 6082
621 6193
5351 8679
4325 5156
2343 8718
5798 7852
3270 404
561 1477
366 6662
1371 8811
2478 8152
5860 7491
2471 9086
2796 5563
8425 1934
4207 8092
1185 8077
5390 9427
1492 2358
6109 9144
4330 4709
527 1813
4858 3751
7104 4305
174 8227
9267 3653
6436 5273
7642 4654
7411 8019
1508 2113
3686 4826
7672 6330
198 5356
4558 9813
6605 90
1985 4776
8311 812
2995 8803
7290 9162
9904 8696
1067 5026
1816 6014
5791 7954
637 5503
4416 234
3751 5537
6577 9537
918 5492
1672 3397
3991 5302
3818 1966
4091 1014
91 167
4543 9534
9646 5246
9265 1106
9530 5489
3853 6216
7735 7153
9042 9643
2539 697
6263 4614
9168 8437
1559 3623
1067 4009
8702 4293
6800 6560
3412 7370
1472 8771
9658 5512
