5134 3039
8566 9289
662 7706
4960 4009
1434 7795
1689 3863
7760 832
2153 947
413 8463
1870 7706
1708 7470
9586 2038
8970 3484
1360 8785
775 840
6234 7316
670 8338
3182 9838
977 145
9525 2583
4105 6542
7185 9280
2036 3534
6757 5453
8874 4169
2212 1145
8387 4569
2590 831
9524 842
8616 6634
1569 7213
1808 2336
6279 7625
9532 7765
196 7219
3280 5003
5329 9418
8230 6928
1188 9352
4326 3211
709 1098
6867 8716
9444 7917
3994 321
1275 6732
3918 5869
6014 8895
9945 645
6010 2133
3805 345
4465 8082
1381 1557
7810 696
2112 9565
9239 8643
8565 5901
8020 5390
4394 1114
7290 6039
369 6846
1080 9622
2313 5027
4009 3213
3312 1909
4289 8197
2532 128
4042 8750
3 4979
4126 463
1264 1602
9604 8084
5354 6766
4669 9906
4465 7766
2010 5208
4380 80
2237 1601
9993 500
1091 9514
6599 4594
6197 4645
584 9009
2245 1959
2466 1918
7594 6354
4557 1106
777 1660
9754 4037
921 3492
1456 4645
9333 9142
283 9648
2641 8942
4312 9527
2536 6717
9197 9388
2278 7215
7570 5560
5151 3388
1390 599
2511 3145
4281 4609
6737 4621
9365 2028
1609 4688
8549 7714
3956 8369
629 8890
8845 7047
136 9896
3017 2745
326 5435
8063 2636
525 8698
7453 7338
7077 9839
3989 854
649 1277
9375 1095
887 8223
7336 83
3151 7986
9981 4898
1372 207
1416 1443
1371 5520
8452 1068
110 1294
274 1900
4217 5724
519 1441
2127 9475
797 8698
5802 5650
9129 1148
1022 4505
41 5081
1772 7944
9856 9070
3069 8700
288 9858
9633 5788
1142 595
9096 3161
2284 229
1192 7652
5309 270
1895 9155
1285 262
4477 1619
3771 1777
5160 9532
8357 1817
2180 7930
6244 429
8075 4911
4051 4238
6450 4918
3558 6053
684 9817
8345 6568
1121 4842
6430 5452
2592 6226
1128 2697
1983 8733
2 9139
2991 2378
9194 8561
4438 4854
1038 1418
9487 9256
9648 4322
781 7919
164 6165
9215 9258
6771 369
5558 2252
8616 7510
5844 7197
4733 9036
2752 8997
3561 9544
7993 1607
2860 7730
6173 7973
6101 7942
1268 424
4149 6422
5080 1388
6425 6742
2775 7396
789 508
4404 1400
3464 9430
9075 9179
9804 7372
9728 1354
4545 5979
6675 549
