7775 8113
823 222
1480 2237
5984 6870
3308 2803
8040 7049
6773 3598
7940 4692
4692 1668
8698 6012
521 576
4299 8967
4580 917
2047 6853
3041 9841
453 3742
6436 6404
2587 5171
5947 9410
2941 223
8628 556
6132 9629
7534 2167
1919 8275
1771 228
9251 1275
2177 6776
2116 3465
5952 750
4224 6980
2621 1920
167 6731
3474 8862
2070 3486
1801 7373
6992 8247
5273 8546
3593 5008
9941 620
8423 1083
8034 1424
9165 5924
70 1993
3347 7411
5931 6581
1091 9437
9710 3213
7627 4712
4312 6604
2478 1394
9003 1505
2202 9001
8915 190
9141 5667
6266 6781
9533 1969
2616 171
4118 6153
4550 8818
2618 7954
3450 1819
9412 8470
7420 8037
645 5447
6553 2325
4996 8614
3202 9411
8330 594
3257 4151
4666 8940
3617 6355
3209 8940
1331 2342
4923 2067
6454 590
2688 8936
1123 52
6525 1692
7536 312
7418 631
6805 8827
3905 8518
4362 5468
3411 1139
2143 4062
4878 1662
6272 8986
556 3370
6020 8475
3533 8402
3539 8271
4725 3744
9593 6765
8658 8384
3075 8618
8466 614
3367 4961
5941 2909
5069 402
6477 2502
3973 7208
1683 1209
1734 7636
3363 8801
3924 6611
1774 5622
3386 2088
5442 3863
9036 8079
8805 8768
2958 8599
2941 6368
3034 8393
8257 6083
2193 3915
3354 3544
2707 9566
8172 5450
2678 1866
7442 394
3449 1447
3776 1750
3583 935
833 9024
3611 2037
3779 9205
4778 6722
3794 9248
7483 1352
7013 60
292 468
6694 6479
1642 9009
1214 8071
8445 88
5389 4370
1682 7669
1725 7277
8920 153
7035 3083
3357 8523
2886 9960
7521 7672
1295 9368
3590 9036
3201 117
8197 7040
4529 7560
9140 6236
8064 1080
527 373
6377 9590
5675 2817
7573 1949
4210 5723
1601 3387
4735 8769
9561 5774
8300 8028
1772 9770
1933 4684
829 4103
9536 8081
7237 1627
5228 7246
7498 8627
5810 7037
9259 4599
3348 2673
5488 6037
579 6319
8366 6453
253 7854
3382 2211
6655 3620
2297 5866
7448 9309
8569 8585
4548 6513
1836 6547
1280 9383
441 9277
9486 278
1630 6881
4714 9553
847 8751
29 8841
9578 3079
12 4935
2390 9595
9587 4421
8047 6049
1637 6743
9811 2127
846 8434
1504 609
4585 9826
7840 3657
1153 2145
4714 4561
