4061 1982
852 9042
8346 109
1556 527
8978 8224
7832 8674
3118 8960
9621 7509
5298 941
2179 1640
9255 7378
8934 4992
2819 3953
9597 3271
7312 6731
7475 4284
7805 9025
4589 7613
4138 2106
7907 588
3518 1403
3103 2775
9954 3279
2873 3225
8996 2117
1932 4154
4660 427
1504 9354
9383 421
8722 4266
11 5047
4881 9133
9461 8489
4610 7754
8615 9317
1152 292
1672 7186
2308 5447
6050 7210
8373 8008
9132 8759
9234 9618
3087 9950
5024 7241
9153 8702
4254 2603
821 8091
740 7074
9245 2970
5053 4717
781 7646
6358 5266
9228 931
5539 9611
4819 3345
5852 2050
2946 3668
954 7137
2632 6812
9192 1905
3668 9269
3646 2853
7477 6884
2910 6155
3852 1990
9501 164
5361 6058
1322 3349
4393 7342
8633 7694
8493 2287
2129 4964
4609 321
4214 1433
4616 125
9474 6763
8152 154
2654 5343
9735 9992
5018 8754
9517 8967
2206 5076
4545 101
8404 8447
8470 9832
2615 6672
635 9295
1301 851
1490 876
4432 3900
5519 1173
3899 868
7219 8918
2674 3707
336 3839
631 9608
1267 1148
5545 975
7008 1809
5216 6471
168 9023
5603 4635
2991 8957
4621 2704
5822 9536
2480 9949
4064 71
9517 7248
468 77
1309 9067
8440 1748
7996 6836
3454 9663
2093 4627
9557 9608
4836 654
4880 7579
6081 2140
9799 4156
4050 8696
1312 1923
4755 8930
1686 4956
7584 7013
2775 4142
5291 3806
3647 4489
1926 5538
4955 711
5143 2906
4180 8006
2379 9950
3110 9364
9469 8094
3177 7660
9776 8669
2994 2108
2013 6967
1661 5679
8567 8050
7640 3502
3724 9107
2636 895
3837 4545
1631 9415
1754 144
1743 5812
8898 2783
4852 7540
9530 818
4300 8430
8492 221
2090 8064
5509 997
7011 102
3919 2173
3751 9206
6574 1821
1705 2203
9570 2360
9108 4465
9403 1417
2485 9289
425 3141
585 6303
2943 8105
1711 7460
1602 6888
3350 2677
7174 9925
9168 8140
6251 1301
9476 2917
9190 6669
2111 6066
8411 6669
1207 2667
9410 6910
8811 2374
2295 7077
8819 1368
5380 7498
9506 8878
1562 8852
6181 6974
349 7772
2434 6902
7221 5221
3690 9810
6686 3839
7355 5010
9340 6124
4658 5707
1042 3742
9884 2859
8015 5904
126 4291
1257 6101
8492 5816
3360 4525
