2355 8984
2409 6139
3610 5621
3935 7858
1900 3519
1237 4703
7793 8112
8751 4807
5389 4790
166 6389
602 4833
7426 8391
9736 5113
4618 7134
1412 1385
2164 8595
1206 9511
6300 1010
5500 3092
7212 9780
5973 5008
5421 7540
4609 6249
9959 8498
7238 7327
2026 100
8023 9259
7955 1986
8770 4206
6132 2029
3840 3882
9463 9618
740 1851
8946 1505
5032 1250
1837 1240
4475 3837
242 4665
8029 7142
7438 2082
985 7061
649 4567
1652 7231
8934 7156
9589 1403
4416 7207
4262 495
9896 3452
704 8130
905 2842
310 1647
8968 7856
453 9524
8118 9818
2125 5623
1032 8197
7891 8769
8888 2231
1965 4664
2326 1903
5118 34
4034 4975
8209 6473
2420 9192
7087 9636
1485 8807
9414 9708
4619 945
8462 5652
1254 7900
8574 3218
1601 7041
3930 3233
6422 3168
9162 8190
5440 1390
2488 9167
1537 9018
2800 9909
8977 9047
9367 8824
9350 8088
7768 9323
1374 7764
7623 9514
8871 6469
1123 2797
2413 1070
9171 1468
7565 149
6020 6754
9040 6607
2670 9408
8789 7455
3536 7033
6754 4052
421 911
5047 2940
9903 7399
4630 7594
1927 8897
749 8516
9998 7774
8832 9796
6958 1578
3059 2278
1127 8520
4575 9955
1058 2770
1459 9722
5699 8537
9156 3385
5915 7505
2345 5458
2997 2022
3507 6090
9366 7746
706 4484
5043 7121
9707 912
5005 895
511 8717
1884 593
1097 8835
4271 7306
4669 3908
6300 8005
1178 9885
3462 6350
575 3289
5177 2682
1218 1717
5409 743
1071 9383
7407 3764
191 700
9080 313
7797 8590
7399 2994
658 9458
3345 6270
3760 8309
1066 8065
2404 5878
4456 1087
3993 8602
1242 4538
2514 8175
6875 3274
610 8380
1289 641
2263 7345
327 7838
1635 94
173 3405
9286 7867
9865 8690
3599 6289
5366 5445
4289 1083
6213 1491
9752 1570
2216 997
276 7658
1405 5803
836 7452
4189 4498
1414 5278
4626 9310
3003 821
4665 241
427 2951
5361 3757
3608 2221
4665 9930
6432 8066
2042 1649
2030 4082
8603 7952
4718 9731
5149 9216
4749 495
2082 7490
2795 1486
1401 5691
4183 9218
6658 7285
6566 5115
1318 116
1707 1487
4083 5485
2147 9099
693 3033
2982 3173
8850 6598
4090 2363
2440 6508
4906 1604
8001 2180
5702 2294
