8722 6943
783 8942
6222 469
2986 4183
2545 2118
340 6441
6740 3650
2529 6430
8106 496
1482 6612
952 5812
3520 3982
8461 7762
816 9789
1413 4053
3557 1130
8046 2084
2363 6745
4336 7137
9802 185
2593 4455
8838 850
982 370
5333 1621
9791 530
5296 6724
2316 418
1990 6785
3328 2438
4355 9496
4192 3083
9846 9673
998 8337
8761 3202
3600 1905
8487 5851
643 4472
7555 1789
8288 83
9613 9004
5759 4925
2069 646
1488 6824
9273 2650
2925 9088
745 3863
3014 7799
3298 3247
1986 3256
3584 1709
1886 4200
3509 513
3424 9357
144 577
7646 5002
6310 1329
3597 2484
3554 2809
92 5991
8117 3821
3692 2392
9997 1862
8269 8330
6613 8084
2663 6228
9742 1547
1375 8974
9017 7851
8466 7019
3637 9311
3851 4944
2631 299
808 4296
9969 5372
5472 1870
4589 9452
8033 9340
294 5536
7072 7441
7325 5617
279 41
6772 3256
1448 806
8105 734
5867 770
5308 7909
3838 4330
3366 8145
4864 8140
730 8574
7479 2404
4079 3416
346 8136
3419 6158
361 7050
129 4623
2201 9375
5802 9036
358 1566
9459 5480
5351 8910
3724 8081
4490 9411
6811 7213
1379 5684
2811 8938
8893 3930
4801 8525
3934 4510
5409 6538
4604 7785
1453 651
6314 1232
7160 904
2338 1929
3034 7801
1297 9861
6441 5967
980 6389
3479 9875
1915 9504
8102 5352
8038 8049
113 8866
30 8465
7501 406
3119 25
632 4433
2092 588
3892 8600
522 238
3348 7096
3035 8424
4340 9995
9553 6006
9350 4741
2648 4918
3501 6252
1005 6240
7591 6956
7508 423
2404 9661
3287 331
7820 4710
5534 6914
9406 7667
2958 521
1330 1078
2215 6911
6005 9236
8731 2873
7574 5255
3831 305
2820 5984
2958 3364
1872 659
8540 2494
4457 7766
1557 7121
8265 8583
3335 7036
1269 427
5925 8068
9627 2393
9821 6447
4164 9493
494 5946
687 8714
3705 210
7175 6054
8467 7869
4994 8659
1513 634
5314 7041
3412 1288
1975 1321
8700 9123
9331 7565
4920 8191
1020 9112
1245 8468
5971 3201
1975 701
9048 7371
4025 5416
5684 2952
8594 7741
2872 6673
1451 6766
731 6425
7157 8299
6315 5115
331 1231
929 8267
1322 6084
801 2660
4194 7039
2235 9300
3621 5277
7708 1698
