6704 9725
1295 3214
1328 2680
2017 9407
726 9759
5271 9664
4930 8105
5807 3625
2817 5823
9003 7789
7286 1779
9038 3826
495 6909
7768 8293
642 5250
2202 7493
2473 8136
647 5539
7790 6181
4692 2955
4304 6449
1876 3252
9705 6989
4155 6744
2252 4653
1772 1593
21 2718
451 7189
3678 1639
3858 3876
9527 5954
2728 3459
8575 6163
6576 7549
1656 2623
4299 1879
2327 3401
5550 8730
9623 4173
3607 7869
8470 6061
9445 8508
5198 4669
7046 1747
4202 7004
3927 3767
7619 7268
2534 4554
9917 9159
3698 655
8374 1199
7219 4091
2614 489
8450 2549
4016 6633
8349 5837
3401 4724
5228 7268
4978 8405
5238 1036
9908 1586
3813 9254
4160 8458
4671 2411
5215 7231
5145 5778
3361 8626
7065 4773
5511 6024
285 1403
9754 8947
5618 2980
3044 8162
6384 9884
8607 4051
878 5932
5908 3850
8342 5818
4277 3548
145 3351
9849 3552
5210 2624
6295 1431
6752 3095
6626 3202
2648 8018
2038 3326
5682 3275
5991 2636
1859 9944
9801 6047
3256 579
8821 9629
3691 583
6847 9519
4519 1034
5332 1359
6440 7304
4471 8639
7031 99
8047 4832
8310 9599
1635 1852
1570 4304
943 7406
6957 4497
358 791
3191 9760
254 9987
2502 8732
8042 6138
8417 4520
8547 6454
8266 4006
6177 7924
8407 5998
110 8273
6549 7777
2061 9745
3816 9750
3693 8285
1457 8221
2524 1232
6098 4695
4027 9387
2438 6745
7517 9727
2073 1166
3462 4197
5555 4953
2348 4755
139 8635
9792 1054
8220 9682
9831 5073
6362 5619
3545 9811
844 5656
1032 139
521 7263
5849 826
7349 9480
3952 707
7271 8923
5656 1066
5736 8558
6638 3125
1252 4654
2290 5570
840 6296
8224 511
751 2767
8210 2956
1963 7311
1037 6544
1433 2709
5866 2144
3117 2635
7959 7434
3552 6108
171 3634
7786 406
8696 5176
4241 4640
3479 1721
5499 6911
5087 2247
1786 3024
5524 7834
594 5985
4012 6214
6225 9977
8335 1872
6576 3056
8864 6822
8309 4687
3388 2270
6232 1342
9780 2956
5839 7555
6690 3590
9841 3533
1211 6221
6046 6719
99 9977
9036 3141
3849 5172
3262 6962
2040 3820
5450 9985
1222 5613
2131 7065
7351 9058
1839 1563
9985 602
5289 2486
6649 2324
8303 9068
8596 9098
7704 5783
