8952 9224
7253 489
1972 7129
2785 5578
777 7016
1274 9381
7619 5003
2188 1042
8 3911
2744 4481
9947 2136
1675 932
7822 1167
3259 6949
4028 8879
7414 945
2850 2628
4284 1678
54 9201
6484 3772
3183 1669
7517 5632
455 9008
5017 5750
7179 215
6008 9688
6036 8294
4609 7972
9398 6398
2620 7556
3634 9738
6207 8548
3984 6190
6492 1026
3787 5276
5737 62
5548 5315
7636 6155
1226 5955
2080 7593
2313 6364
6991 1222
8517 6843
878 8746
2857 4444
2413 3836
3328 3617
2733 4756
6596 5094
4212 6873
5911 3789
1807 673
8577 9795
5951 7074
9311 8332
3518 1492
9386 8161
4729 7282
151 7590
4927 7459
3776 2516
7294 5453
4861 5573
7199 8330
1142 904
2593 4827
6939 1051
1108 9039
8083 2333
7200 253
2408 1773
910 3590
6143 1526
729 8344
288 5630
5073 2118
4178 3090
5551 4677
5858 886
7769 8494
7876 9560
8002 31
9568 463
9350 7459
1474 2173
106 5848
3457 9056
117 3456
2723 5915
8575 1433
2523 2390
132 6022
6968 4881
9492 6752
5275 6184
5225 7019
3226 1269
3096 2889
9686 8627
4439 6934
6353 4494
8897 2362
8061 366
8509 1963
2273 622
22 5490
4616 3430
3038 1572
2153 5044
2777 3651
2097 4319
8876 636
2461 6081
6993 1068
1150 6647
6751 9656
5707 605
2599 172
7084 420
5855 4412
2591 5382
8040 6444
1998 676
9496 6946
682 9230
5403 5453
2434 6466
4481 5166
5134 1042
8463 8112
464 7659
2935 8401
5035 6326
5656 1514
8849 621
1958 2958
758 3364
4422 9064
7986 3318
6131 2329
6846 8507
8570 2508
7050 3965
7382 5641
1955 6052
8344 1635
8940 4744
9252 5184
5495 1746
1212 8000
238 2559
542 7132
5376 4861
5632 1568
4831 1272
6989 6286
7987 85
9018 5392
4463 1919
8772 382
7540 5070
1602 454
631 4677
1465 8570
7608 4741
3505 6032
7595 201
2891 9827
2819 7428
7996 6927
39 1805
5341 652
9982 1095
4757 7081
1707 7236
9056 5597
9246 9877
1573 4633
6484 8998
6906 1881
3734 4258
8697 4978
7583 8478
7744 4795
9993 9930
7825 6699
2917 9466
2608 4668
210 7092
6263 3238
5452 7230
6021 1627
7184 3697
7214 8360
9417 2643
5250 7461
3499 830
2268 7528
4606 8070
3369 1733
