4263 2538
2303 2658
2492 3403
9980 3970
4156 4315
6570 4468
8308 8731
7237 8150
3482 6988
4047 8539
7872 4811
5353 8507
6331 8872
2208 6069
9842 350
7914 8148
5258 6448
4284 592
1401 5796
3704 2479
5004 4417
5006 1992
4606 9841
2957 872
4879 8614
8230 3600
3769 7657
5651 5640
2721 9607
8691 7622
190 8844
8649 7916
3220 254
317 8949
1588 7446
3812 1468
9692 8456
7128 343
5485 4744
8980 3142
5312 8227
8081 4407
550 3695
9689 6373
9199 3821
6072 4934
2983 5548
7013 4468
6306 1540
637 1356
7368 1416
2497 4135
7075 8601
9441 3729
1339 7912
6315 877
9743 1992
3481 8979
2548 7481
8824 4001
2333 1860
8193 6758
8996 9696
9229 5773
8727 9462
7384 395
3616 8770
7443 804
6844 76
2669 1284
8575 4464
3304 8018
4199 8898
3929 1328
6586 4183
4746 4802
1613 770
1890 8346
4719 3848
1074 6493
6789 1265
1480 808
1544 4182
5917 5247
7194 9673
7440 817
745 1936
6793 8746
3198 348
8479 621
8924 7717
9681 907
5267 3743
7705 4583
8005 8304
8144 508
7870 632
1197 5656
8258 5085
649 2724
7567 3349
9024 8160
1106 2893
8947 9026
4773 2868
1670 6553
7261 9847
4391 8004
244 8508
4953 7164
4966 4409
4122 7373
9954 9616
8730 8036
2495 6998
3717 1454
6528 6426
2464 3383
5360 9592
3807 9795
803 9282
6029 2834
9297 229
8039 8624
3286 4104
1669 5952
1244 9839
2965 4433
9217 2100
1060 215
1885 5231
5402 1079
9540 9212
2167 4108
788 4857
636 5482
6291 7403
2822 7797
640 6654
3852 8044
3012 4492
8894 4701
235 7435
5064 7200
4975 8702
1678 5560
1373 1529
5576 2228
5345 1594
9842 6355
6881 4785
9759 8081
8205 5915
6234 956
5016 4292
6888 7313
1010 1363
9469 3714
5093 6381
3293 4440
3516 1562
1794 7021
3008 8444
4934 3300
2296 8171
4549 5524
9187 3345
4369 1246
9085 835
14 772
8220 6335
2999 6211
4339 1315
2296 4226
5933 3526
4844 1295
9047 4890
5689 2134
9668 9341
4997 9183
6822 728
3243 2690
5251 9419
1358 7069
3717 1499
5726 1466
1515 3386
7066 9475
1717 6813
344 4002
6947 9655
3850 442
2868 7551
8462 355
5623 998
4690 4366
4754 320
5037 5511
4904 984
2692 765
