4400 3727
8886 7366
7737 3827
5805 2234
6818 7386
9800 2508
1355 8286
5023 6390
5325 6795
2302 3605
9496 1007
4573 6974
7500 1580
750 1174
8472 2176
3478 1285
7695 9199
431 3025
9393 4203
6254 1235
1377 1793
264 5175
9740 8914
1461 6866
870 439
7584 630
1728 6691
2308 8309
7656 935
3293 8423
7949 5746
5802 250
6675 9559
9648 4132
5317 9144
4787 8945
1576 8011
7742 6637
1574 5003
9559 8731
9159 6756
5827 2524
952 648
5654 7511
4488 7785
177 5154
8300 9792
3878 6046
5367 6624
8170 6436
6855 8753
5832 7764
7886 2549
3004 7385
8971 2830
3027 7024
9923 9323
7425 3951
3447 3363
9993 7936
5463 6615
9588 995
3274 494
6092 3202
2300 8565
6212 3301
7965 9459
9411 3479
1710 5636
2398 9191
4658 561
2341 4828
5774 6693
7696 2610
726 4019
4320 1670
9325 4962
4250 1721
6395 5920
8899 6751
742 799
6737 6425
1731 3016
6489 3578
7896 4050
1104 3668
2555 5202
9028 5623
5036 5857
5159 6992
7915 8822
2244 4525
8601 7285
4596 4410
1740 4824
4919 268
530 1257
9658 9182
4665 6914
3396 2226
8957 4970
3286 7565
4498 7978
6041 6223
5285 9669
5021 562
5361 3593
165 5045
4085 5490
4032 151
9559 175
3902 3040
8432 3650
7033 3310
4765 331
3628 7975
888 8777
5560 4131
270 9112
9021 7397
8495 9673
446 2876
3682 6097
1322 4734
2485 2249
2990 8764
7584 8263
6313 2858
5279 9411
2345 5097
5942 1481
5244 9026
1214 2412
9532 9940
3639 8245
8260 8036
2529 4988
4248 6586
6973 9222
6322 2781
5627 7149
9129 4113
720 6891
9133 3726
9459 5352
6837 1240
2639 8142
2736 6015
2618 684
1202 6991
4575 9470
7011 5544
7056 1375
1603 9776
5455 5949
2232 4260
4581 4055
3145 5344
1536 9752
3547 3270
9206 4151
3390 9168
9814 4803
6794 584
8550 7275
4518 4111
7761 1492
3427 4348
9016 6736
1509 5478
4751 6372
9521 410
7690 5178
7516 8891
3576 5148
6707 4207
2862 4493
4429 9875
6537 3603
5485 8100
5118 6284
1613 7466
985 9969
6721 7021
4898 9063
3231 311
7749 6853
7022 9322
2752 304
3306 7752
3612 3804
427 1705
2891 3888
8941 301
9173 4897
3005 7202
3177 4315
161 957
8999 9696
7087 6565
