8260 3160
6573 7027
5243 8715
852 118
2786 1934
6524 3653
4495 956
5943 9386
7482 3567
6379 5849
2149 7066
1342 3755
1585 7445
8731 1588
7359 2367
2604 7329
8457 6935
5816 6867
8313 4117
7011 7447
1008 5316
1599 2715
8481 3463
9058 1165
8069 7594
737 8330
621 7536
4592 7026
6123 3875
4201 7333
4192 9490
1531 9081
2534 2309
7493 5530
4554 6907
1258 2997
5621 4662
3123 6547
187 6242
1381 3406
1587 3621
3891 8332
5919 9087
6076 5007
9473 490
4921 2108
7203 165
5433 2988
6286 5881
8221 139
6245 6237
7131 6995
9846 7588
918 3407
5946 4961
8994 7939
7948 2796
8148 3181
580 1526
6728 8841
2421 487
270 6907
331 8549
3050 5976
8948 351
3514 1684
4694 927
6079 392
9003 6968
3208 7184
5821 6961
7129 3363
1843 2663
8352 7891
5080 7899
1062 914
524 702
458 5623
4866 9260
6768 7487
302 991
1602 7042
6544 9009
3169 5944
3506 2386
2616 3821
1624 3180
3275 3774
2251 5941
4791 5721
1562 6362
1668 1547
498 9362
6997 2910
1832 4889
2439 7642
3652 1384
9935 604
1787 9680
9678 2067
8045 7775
9177 7954
543 3664
3368 2329
1810 3976
5682 9540
6276 1831
8228 4296
6663 9440
988 3239
5843 8563
9812 5612
1379 2050
4601 3823
1838 8379
4446 4187
3106 452
8481 6038
2157 474
9735 5041
612 5477
8537 2683
2733 4572
5346 7988
8531 8119
5309 241
5141 7226
9447 1992
2884 622
3910 6598
5050 3425
9382 9459
8103 6082
7593 2176
9202 1233
334 5807
2534 7291
3367 6124
21 8703
1100 806
5525 265
4653 4057
3387 3152
1048 5018
7945 598
4074 8365
2880 7555
7903 3814
6424 5272
9275 5552
5391 8071
7974 6983
6626 7695
127 1111
8670 1759
4895 1683
356 8838
6180 5131
6366 9248
8869 2224
5023 8123
8372 3676
8610 4743
5248 8177
1278 5260
3621 2546
4264 8238
6440 615
2663 7162
3585 6781
4670 8541
4841 530
8076 4329
1116 7069
9408 2702
1781 9894
2720 4873
8674 1468
3128 409
8252 866
3568 8063
7240 2345
361 9122
7594 1738
2421 9464
7420 4417
5884 4273
2199 7895
9143 8200
8408 1067
2843 9977
9988 381
7756 5882
2602 6751
7465 8488
1200 5637
2493 9242
151 507
6821 1805
2369 8699
