8634 2919
1470 4442
5325 4196
4184 7989
1653 60
8127 4647
1715 5322
1679 4765
1720 9458
4363 1358
4829 2149
519 5536
1121 7017
911 8346
6314 8566
7720 3761
4613 703
7184 2426
6735 2371
6085 2955
357 3405
5439 2169
9829 4178
1992 4278
4127 7319
4470 5544
9578 6829
3468 9468
3778 2949
2135 909
2254 8573
5154 3085
827 4025
1238 1762
7463 1880
5070 6744
6965 145
978 7037
9901 6228
5840 1164
9131 449
8184 5743
4982 9315
2747 7416
1066 8809
6809 1428
2581 2426
4261 4487
5703 2592
8798 7250
3462 982
3195 4000
4513 5928
2186 4623
4618 8992
5951 2891
1461 1131
7232 1652
9496 5363
4489 3413
5554 8176
6803 9779
6413 1823
6922 8201
6371 1698
6980 213
1692 1621
9346 7645
9100 5536
7138 3612
4526 463
5516 1449
7564 7857
2768 3696
6997 512
4422 6925
6788 5085
4663 8763
4970 2019
7567 6501
2297 1142
9764 9557
2062 2206
8526 345
2408 9759
870 3693
8442 7969
9777 1289
3943 1822
2850 4719
1229 3491
9093 748
636 2598
1170 3359
1164 768
2086 686
4091 3691
7160 4376
9099 6158
4290 9971
8197 5477
2747 761
7157 9884
7368 6394
7693 4247
7038 7269
8734 3960
9740 5290
824 8329
8716 1557
1459 4236
2772 7099
7706 2755
6777 4461
6161 7017
7854 201
7153 2396
3098 3401
9381 9775
8930 8429
3126 6544
7104 8056
4038 2226
1098 996
2475 2510
1489 408
7307 7222
6934 7495
5027 8027
7654 8468
371 1616
9024 6096
2965 2328
6347 6826
4645 8117
8189 8458
8378 9047
1736 1752
6511 3041
3029 7971
8847 2774
7213 2476
9737 3856
2201 4396
2796 5792
4079 2357
9116 8695
7886 1796
7862 3062
4567 5631
7022 3903
8070 6172
718 3751
8801 4329
3307 638
7429 8208
408 4702
3888 705
1699 3486
9508 9313
9616 8608
135 4763
9992 7666
35 6180
4658 3216
3304 6017
8053 4526
973 7113
1063 8071
5111 5404
1164 511
8580 729
8990 6333
3943 8011
5577 7543
6851 4016
1637 697
4677 2112
5589 4893
6136 3613
5701 2492
7272 7618
4179 6057
6415 7061
9275 2987
3542 2885
8276 5607
4015 582
3004 7960
8897 258
5987 7773
2641 3780
3077 4994
2708 6997
654 2806
1100 3594
809 8623
1594 966
7296 1882
1069 1001
