9404 8588
2791 3751
6812 9551
6335 6808
9871 9204
1131 7120
3041 8829
1465 119
801 6781
5420 2947
3803 9234
8302 151
4354 9440
3687 8504
9461 1250
5272 4305
216 1935
4189 977
5504 5149
1943 5075
82 7768
1604 4572
3179 6440
6678 4781
2721 7020
8802 8277
6367 9004
1613 7747
510 2320
3514 1106
9192 9878
5499 2165
8599 8146
8117 2395
5575 9586
2639 6770
4667 999
9784 246
1311 849
8640 6402
9849 1086
3238 4432
4820 3325
9536 4055
7157 4653
6035 2373
205 8993
2290 9626
4990 3940
9714 8329
8033 9146
5556 8363
350 728
8505 1511
4196 2008
6704 2799
7409 4900
4541 797
559 3739
4925 7678
3599 5904
5725 5770
1112 9885
9667 5254
3645 1560
1886 9160
1261 5563
7577 3474
1518 1210
2974 2148
8142 9775
1723 779
8960 2002
5667 6567
7931 8291
5280 3872
1525 5297
7560 9730
6974 6216
5802 9061
8478 6276
6248 2759
5498 906
1302 1588
17 425
7425 5923
3204 1828
2524 2124
4389 8734
3490 3567
8600 7476
4131 6077
9674 3894
4031 849
8223 4893
6759 7102
4183 4519
729 9786
381 182
7757 8940
4324 986
7914 8088
5419 7269
2724 4622
7240 739
3692 7210
5519 5397
6936 1224
9323 1512
5657 6133
5647 1790
2641 862
2212 337
5903 8406
3460 1493
5895 1977
5430 309
9142 3343
1296 2445
7152 5842
8744 453
281 6369
5094 8481
7078 1502
6937 514
241 6525
6004 5712
3174 2621
528 1215
2925 8726
2971 6325
5382 1302
6232 7525
2746 2024
77 5638
7103 4164
9792 6288
7537 7028
4347 2163
862 8934
5319 898
5910 246
6401 6372
383 3722
2151 6473
2363 3891
8625 9662
5865 2804
7124 1480
5990 8714
7719 780
3788 106
4103 3617
3558 556
6794 7343
2181 3398
4089 5622
4449 3323
5225 9060
824 4150
1059 2494
8368 9240
5396 1324
2326 9335
2107 6020
7946 5547
2488 9781
2929 4087
374 6933
9641 4765
558 625
843 6347
8186 2001
521 1802
8605 5652
1355 307
6031 7624
7215 2563
1597 6857
3312 7958
7990 1354
4647 9207
2487 3091
3863 7423
3844 7809
7697 836
6041 5114
3579 6599
3035 5815
5657 1851
2839 8848
3290 827
7803 6271
1114 7367
67 4059
8790 4781
7771 5864
3464 7590
4432 7798
7112 4523
