8517 3600
9309 3686
8645 2538
9327 9424
5640 5327
5584 1564
5542 6662
9696 3256
2300 8675
666 8261
5719 5464
9757 9342
4679 7460
8535 6920
7839 5640
2704 4862
5054 3145
8844 9323
6855 7894
5678 5187
5175 5951
2607 5496
9606 1188
4562 6093
594 6718
7305 6473
4918 4928
2311 5189
659 7067
787 6276
9565 344
2823 4775
8465 7373
4110 3561
2548 9641
6881 9675
5347 1126
3371 1409
243 6514
5260 2104
9688 6769
883 4681
6560 3780
805 2621
7342 591
4468 5688
4800 3196
8492 5104
2261 333
691 2625
1210 3126
3867 1289
5475 6260
7610 2467
7343 1940
940 8772
7517 8820
5154 5252
3563 1926
3993 2459
659 7654
7865 4368
5100 8234
9555 3920
6366 2867
239 5426
4442 9808
878 4403
5474 9180
8714 6147
8009 1111
3055 4610
5030 2156
755 5019
5349 710
4939 189
2942 6066
6335 6162
3804 5582
5512 5829
2390 6419
8563 1578
7855 6724
6032 5059
9825 4591
5113 1964
4241 4387
7876 5050
176 6031
4253 5865
2049 411
981 5577
9099 6131
182 6663
6004 9893
8887 5851
1892 5095
3571 7887
3291 7097
2502 3886
45 8628
455 7172
9144 4997
1478 6303
6606 4259
8247 9709
7121 1891
9279 5963
3324 7960
5511 1002
978 5772
7503 5993
5675 2959
7027 4096
1111 7751
1851 6093
3018 9299
2336 9094
7532 8634
8052 137
5595 5858
8299 5371
1165 2282
6145 1297
1720 1726
2853 3670
3352 3164
369 9154
513 8436
2346 879
994 2427
6306 7340
8494 6281
2313 4226
748 6380
2200 230
1945 4226
1902 9469
9778 4894
1175 5830
5105 2762
1187 1847
4467 9553
6583 6311
2265 9685
6521 1351
1732 3044
3541 140
9469 8690
7951 5379
9685 220
496 7942
6155 6578
3828 9422
6072 2370
1199 5308
8216 1396
4252 4645
9396 1661
8048 2269
9707 3197
8530 7135
716 5824
2730 8811
3575 8451
3205 592
9001 20
2982 2259
923 5580
9492 9005
6351 2885
33 2347
1900 2285
439 4548
8647 6826
6857 5872
5431 7336
26 7811
4889 939
8082 4454
4304 7885
3832 8155
4174 90
6767 5151
2402 499
2888 6409
1257 1452
4180 8673
1191 9225
3072 2499
796 5416
3675 2896
2579 1062
3072 7731
1970 4716
7638 8599
1756 1821
8241 4675
2378 5703
1637 9833
