7158 7400
6019 1757
6709 569
2790 7408
5734 6265
5864 9474
1693 9874
1707 5791
9555 5450
6944 4493
8173 4495
3304 3763
5534 4061
4499 6295
5625 2950
9670 775
4413 3748
5977 7721
5232 1853
5618 6736
1843 8680
7574 6374
1184 3327
1986 8338
5390 5191
2976 1959
7916 8529
8684 7208
9151 5600
9492 4911
7683 4642
6966 7079
5915 9789
7994 1495
2205 1069
9274 2558
5249 5172
6585 1291
5276 2062
6420 1184
7509 9907
7385 502
7992 4780
8716 6971
2327 8004
6910 9062
391 5892
2911 1734
4465 635
4496 4735
7035 1484
3394 8319
5592 98
4893 7022
2491 3124
5759 6694
8754 5895
995 7629
9561 8932
5311 5051
8996 2731
1585 3943
5592 7392
8800 9339
7987 6799
6938 4488
4555 9146
2693 3627
3890 8838
8392 3104
7679 8208
9467 1016
1686 3009
9986 659
7392 6528
4737 854
4752 8311
7849 2047
4146 3769
1409 784
7806 154
3696 698
830 5177
7339 9435
9555 6235
197 7125
5919 853
7869 6439
876 9183
2385 4736
6873 5675
2806 537
7555 3073
9925 5535
2255 1154
1802 8155
8352 5699
2612 7041
8958 4389
8226 3152
2811 7098
4282 2511
3354 225
5442 1895
7215 2454
8154 9762
1693 3436
5486 7099
6614 9358
4973 4433
202 4218
2568 5463
301 606
7343 7206
4 5222
7027 4142
7996 9007
64 8006
8433 7513
1648 5539
8445 2557
1045 6893
4887 4859
3444 1060
3987 9719
574 1148
7858 863
5578 8322
663 1998
4555 3385
7270 860
3581 7554
4548 3108
7455 4014
6546 9561
7280 1636
2869 956
2931 7777
8755 5116
4931 3510
9637 4199
1816 5854
6331 8571
1528 3556
5315 4869
1059 6668
3099 6278
9687 5258
3170 9874
1685 769
5691 3051
3840 1028
6949 2433
262 6287
1930 6287
6197 9888
4777 3854
6293 6457
161 4297
3242 4636
6396 8666
7989 9692
190 980
1021 3843
9163 6002
9998 189
5575 5530
2049 5423
6892 1678
8096 7560
5056 8110
466 4426
206 5134
1306 6776
2327 3420
8164 5855
3170 699
2027 2695
5088 9331
7734 1267
7892 6863
5986 1841
8815 9208
2734 3005
5393 8792
7526 8901
2368 6655
9914 3157
6015 1218
2200 2961
8050 3446
8120 6616
1663 9721
3561 6184
2733 3863
5596 5801
2975 6102
4658 1899
2747 9167
878 9268
