6290 5250
9681 4860
1851 7461
2062 735
4201 7603
4697 1155
5656 6217
6318 351
5134 6950
3189 4737
4456 8979
6672 8244
1039 8712
3005 5346
9362 4570
3885 8232
7905 3279
1657 295
3439 6852
8473 4911
2802 1258
1770 2252
1695 9056
5217 4506
8873 4472
8365 7483
9785 3217
6125 6664
7199 6255
7244 7727
9968 5562
7837 8757
1363 7373
5467 3921
7569 3054
5932 3965
4793 3189
3564 7571
3494 2481
5516 2055
4504 5932
532 3780
8282 588
1694 4085
1367 3864
1556 9713
5292 461
3798 7642
1625 6896
8988 3029
7653 7613
8965 8833
467 3537
6533 1721
1848 6824
9207 5724
1437 3306
5826 6939
5756 5629
7011 7929
6958 3551
1859 7373
3665 644
9353 7956
684 1747
5379 7302
5646 2679
7695 348
6261 9932
7735 4658
6552 782
74 8532
5015 1750
786 8814
7919 9302
8076 634
4131 1071
4048 7117
1041 4686
6691 7703
6540 2897
4092 7343
3966 2346
2871 35
4839 6054
302 8831
6613 2417
4955 7824
8234 8877
5233 190
9097 5228
2875 3013
3973 792
3943 16
1388 4000
4701 6843
2928 3690
9948 7715
4854 4879
8415 1179
7034 4954
4422 1030
9306 7839
8335 6183
9160 4313
4624 9130
4089 9908
6944 4325
236 3290
6980 8073
4058 6650
8665 2195
5719 1977
2304 4859
1940 1446
7196 1537
3531 2319
9048 6707
5807 8826
8054 5888
2936 4944
4476 4841
8339 8715
5078 7399
2540 1535
7943 8187
16 2197
2708 7352
4556 5032
8183 1624
1342 1045
3885 8930
7142 7655
1262 2440
8475 5124
3415 9118
772 7766
8141 559
5687 9367
8790 151
9189 9580
7846 4254
5723 5799
3927 5375
3925 6217
3624 8364
5402 3913
801 5696
4519 7422
6493 7486
2410 3990
5224 1676
5857 2217
1401 281
6246 3682
8657 4419
4637 3795
6228 3621
9769 7255
4413 5710
4692 3520
1713 5846
6742 4162
2915 9803
1669 7088
5636 2937
4409 3390
4365 3875
3030 1323
7545 7704
7287 5719
3905 7164
65 7611
2945 6175
8102 9507
9351 1109
6414 3588
9509 9869
3028 5273
4477 2334
7412 3040
9008 9898
2019 8291
4465 4574
2411 3025
4399 9370
2920 1090
4443 6231
1386 5584
0 9345
5365 4739
6378 3704
4672 4116
6962 8035
3528 8002
3427 1946
7533 989
1894 9416
5420 2844
4905 8073
