5202 4299
9182 7709
3720 7760
829 6669
6689 395
8343 6968
5017 1318
9271 9373
4089 981
9729 4946
5088 3175
4057 4412
2869 9552
1243 8090
6270 6317
5669 4343
5108 9029
3019 4481
9881 4625
6586 4067
7872 3456
1693 4482
8024 1164
9446 2146
4030 516
897 8093
2296 488
1570 2007
9177 261
8351 567
1563 8237
2488 1332
6016 5701
2306 2585
5358 3248
8218 7585
8078 5457
2834 8668
1800 5141
8327 1158
8294 87
1689 9291
1636 9081
6524 4779
4732 6623
8575 5655
5005 8340
7446 234
5120 7879
8066 2672
1814 1057
7165 9196
4424 2952
6503 7737
8387 4463
7937 172
2441 3269
3597 678
4329 777
4596 6975
5550 2071
5305 4836
6219 6330
3226 2339
8402 6544
4885 3322
8350 4236
9245 2236
1765 157
1868 9417
1261 1725
9401 5717
8205 3891
2394 2775
8107 3026
2449 8718
4009 5183
8924 8035
931 4943
1096 8427
9783 9031
5669 3723
4102 8400
5227 9550
4852 4706
2064 6450
6181 152
6792 5318
549 8230
9924 4448
7069 7872
3892 54
7690 6953
15 4354
9570 3465
8906 2079
5741 4822
1780 1608
4301 3691
1184 3548
2071 552
3686 1901
5950 1243
9995 737
4721 2373
5612 7502
571 4254
1901 3237
8495 9488
3909 5222
9383 4187
3630 7735
2979 7545
9968 4770
1734 3910
6022 9529
3582 4927
5420 6278
2538 7195
8492 6306
4662 275
6187 318
7785 8668
2146 3665
672 9528
7509 5179
2747 9440
4500 4798
2986 8520
3219 7138
5129 2998
9234 8227
6565 6466
5132 9813
3767 1396
5583 7781
5562 8289
2616 4437
2757 4867
2099 6789
2581 5691
895 9541
8887 7896
8524 2895
3621 5268
4367 8819
8294 932
51 874
3538 4815
4449 7152
1117 968
3715 2809
3261 8854
5454 3169
892 3702
5626 6359
7482 1117
2933 6565
253 6122
5664 7383
3448 9308
6517 1847
8919 1596
5843 9081
814 1799
569 2196
5250 9052
8222 429
6015 9520
1325 3500
263 6080
1531 1982
898 7558
5449 8889
6722 4296
3197 3941
4390 6622
9132 9745
9630 5412
6665 7990
7705 8989
68 1758
9692 4340
4517 820
425 9070
4309 1093
6271 6266
6875 6652
4058 8183
173 7256
1843 6262
2820 429
8532 5087
9796 8808
5709 668
1192 8369
6074 3835
1533 4080
8941 6445
5312 9361
