9404 7258
2247 5110
1265 2816
4820 7559
4515 5672
8553 4926
5512 2591
1448 9417
7134 1282
5069 7125
8860 7685
6913 4096
1939 8431
4429 7957
5735 6485
7084 7178
5955 6580
6183 772
2315 6515
1950 7305
3852 8793
2317 3608
3357 705
5284 5966
2444 2425
6116 3162
318 8493
6489 7014
5004 5338
9626 5094
3502 7722
8501 5521
1217 1529
6666 8043
2434 8403
9753 631
9942 1321
2333 1602
6362 9828
8061 4550
4798 4125
6088 5134
8915 5685
3808 9054
3197 2649
1033 4138
898 5262
1869 6207
257 1229
6573 3088
1251 9022
3894 5105
9876 3885
4501 4178
249 1435
851 3502
3949 5297
511 5639
992 341
4702 3039
8898 5289
8678 3974
7628 9481
8752 9164
2528 6915
5794 3782
1876 5494
3611 2467
4151 7500
3599 5476
4643 5951
7559 2040
9120 956
9022 5781
5011 3702
619 8630
7195 2508
9213 5239
7485 2618
7037 1296
9611 4098
1027 3373
2244 8452
2268 4560
5814 660
5007 3295
5151 6677
9350 5665
8031 220
6176 7715
8301 7854
108 4698
6615 5206
6163 8453
2184 7455
6921 4586
779 985
9316 2163
1081 7751
9331 5422
8489 8685
504 1784
9468 6461
9089 1025
5668 654
174 2952
7327 862
4080 6468
3316 1901
1998 1330
7663 250
1599 7139
7985 3510
9260 2603
2061 3066
7375 2644
4348 9210
4831 8852
908 344
9344 1891
4540 1024
5177 4531
8168 4040
4964 2071
8693 8611
9878 2117
193 181
2697 9219
6111 6460
8801 7744
214 3056
2258 4485
1279 8911
1465 1377
7684 7840
800 6570
9973 8551
2165 1157
5614 5199
6246 8100
8035 4647
9781 7471
9490 5211
3405 1479
8283 9715
5936 1433
107 6758
5092 2014
3638 1247
9385 2488
4987 7675
1589 8691
2208 4657
8878 3557
1851 2906
7745 3843
6896 2533
6313 2954
1019 7446
584 1682
4612 1800
860 3810
3199 156
2527 3519
9952 6208
2279 9058
6982 1700
7416 9122
1454 8804
6599 7313
7713 5647
8637 2975
1631 8153
8411 5732
9486 1026
3156 6542
8265 174
8716 3088
5138 4804
5234 4427
2898 8779
2237 5762
8484 5035
7871 6815
3859 8148
5760 6263
6301 3286
6325 7124
4034 4125
9074 8668
5581 937
330 4079
2955 3052
1071 4943
1035 8642
2512 8361
5959 1551
8712 6957
5596 306
2588 6669
