622 6493
3914 8174
3636 3544
5922 1379
108 9472
9689 9978
19 8640
8254 6225
5535 1607
7282 4564
70 2242
7981 5310
9959 3721
6077 50
1370 9955
3434 1642
3808 5395
6841 2780
998 3841
4222 9312
8370 4843
3011 7677
4888 7104
4293 3151
5941 8759
9894 85
9762 9845
2708 2910
3230 4664
480 4989
9343 9196
4987 3320
2225 4757
3111 301
7283 6862
9451 9873
3331 7504
6764 9369
1830 5472
1650 267
7286 426
5592 1246
7747 190
9907 4252
9666 4156
3539 4927
4209 786
129 4925
5673 6002
3845 4463
5844 8956
331 2796
9248 8893
3179 8931
6359 7080
3969 749
7655 6516
1572 9554
7156 471
905 435
5424 4544
2459 1344
3771 9099
5404 920
6223 1706
8746 5473
6527 1944
6140 9036
2101 6340
6872 6383
5370 1082
3233 145
9076 5494
7564 7663
6705 7008
6491 6209
7488 5532
9125 2891
1926 9669
2928 6639
1398 3982
5421 7720
4596 6102
5677 7096
8230 5513
3882 877
3422 1112
7425 9649
2107 4750
3280 5830
9319 4802
3147 8748
3274 7623
3445 8600
2717 969
9512 5999
1923 7787
995 6904
4374 9225
4525 6416
6398 2676
7101 6064
973 5388
9820 3381
6102 1310
4131 790
528 4674
9003 4547
7689 6490
6571 9129
267 2165
2168 2727
3361 5741
8855 8056
1073 1566
3462 5235
4946 3995
6226 5028
4507 7505
9847 7376
1997 8632
8813 6811
7018 1019
8319 1693
6417 7795
2339 6849
4394 5806
195 9546
9325 289
7371 4041
9280 174
1647 8027
8489 5551
8116 7865
4489 4759
9795 5354
6285 1525
9646 762
7565 1712
6990 4907
8596 6372
8190 4799
1121 7361
4911 6394
2332 3071
7438 6424
5527 6827
1481 7789
7746 3031
6947 6387
3123 3490
7630 5007
3381 5106
2130 2615
4999 6845
581 3682
9737 5033
7573 3270
606 3034
559 6165
1868 7624
2329 6033
3961 79
4222 3043
9752 258
7093 2370
1361 4757
1319 3793
7854 8091
1565 761
3864 6946
7157 6766
6466 7833
2096 4006
1948 1941
1962 9433
7032 8757
654 5730
5297 6042
1529 716
9724 6843
7015 7029
5183 4336
6181 7996
6847 8912
3310 8378
1849 6648
4271 9203
7801 7846
517 9098
2161 949
4929 7555
7353 3118
3859 9014
3805 2453
9818 8631
5640 9199
1771 1209
2136 7564
9164 4250
