steiner points
65 280
321 284
234 308
323 316
261 308
321 308
554 902
563 969
872 1204
1063 1204
684 1397
684 1455
291 1564
554 316
1420 128
1488 158
1488 456
1768 725
1768 540
1488 540
1199 540
1522 1063
1448 1340
1148 1431
1343 1456
1448 1456
1343 1621
2654 1002
684 1204
2494 189
2494 369
2356 753
2654 753
1768 1063
2654 1164
2205 1164
2676 1271
2494 753
1858 1164
332 2131
241 2360
326 2360
241 2446
241 2456
241 2489
145 2596
1343 1816
1212 1941
639 1941
979 1960
1277 2514
963 2649
771 2742
963 2742
1191 2514
979 2494
1277 2648
979 2514
979 1941
706 3100
243 3200
411 3200
580 3200
706 3200
243 3570
898 3200
1029 3200
1074 3507
1074 3733
1074 3298
771 2948
1687 1974
1950 2000
1808 2000
1773 2000
2211 2008
1773 2135
1764 2365
1995 2873
2147 3089
2292 3089
2076 3127
2047 3183
1937 3225
1824 3388
1963 3645
1824 3584
2393 2916
2147 2929
2414 3123
2427 3212
2427 3386
2427 3646
2393 3089
1764 2648
1587 2648
1343 1884
3468 382
3415 382
3468 582
3468 671
3917 228
4096 492
3943 577
4096 577
3905 582
3905 816
3905 841
4076 841
4096 242
3609 582
4825 218
4596 218
4596 299
4639 408
4596 408
4674 428
4428 492
4319 492
2956 1549
3910 1580
3610 1587
3290 1740
3125 1946
3119 1946
3290 1686
3472 1587
3290 1587
3548 1755
3548 1911
3277 1946
3910 1268
4181 1268
4550 1268
3910 1491
4603 1523
3548 1587
4001 1580
3757 1587
3905 1064
3352 2550
3352 2665
3352 2929
3584 2456
3550 2528
3584 2528
3709 2645
3709 2735
3719 2753
3709 2547
2989 3423
3373 3210
3101 3493
3101 3578
3318 3578
3373 3449
3373 3578
4122 2547
4256 2666
4483 2666
4483 2970
4218 3211
4483 3211
4184 2547
3584 2050
2832 1467
134 4160
342 4097
329 4097
231 4097
502 4097
532 4097
757 4097
757 4249
903 4324
342 4187
444 4651
672 4411
576 4651
776 4324
1098 4324
1161 4556
757 4324
442 4997
570 5261
775 5544
398 5625
895 5339
775 5507
704 5544
570 5544
442 5134
2415 3815
2415 3858
2389 3890
1930 3907
2400 4181
2450 4225
2450 4426
1676 4913
1403 4913
1778 5012
1704 5012
1704 5366
2110 5381
2021 5381
1939 5381
1722 5381
1704 5178
2450 4767
2374 4767
2313 4727
2672 5214
2616 5224
2374 4849
2578 5329
2608 5329
2578 5361
2578 5414
2374 5329
2153 5329
2450 4550
3222 4077
3171 4116
3067 4266
2996 4319
2996 4397
2996 4592
3455 4028
3455 4053
3438 4053
3666 4053
3726 4183
3950 4204
3950 4326
3666 4151
3211 4773
3008 4773
3332 4841
3253 4841
3211 4841
3547 5235
3253 5271
3177 5271
3330 5271
3079 5271
3330 5609
3330 5302
3374 5609
3253 4977
4008 4060
4069 4060
4213 4060
4325 4060
4598 4060
4618 4083
3726 4204
4040 4681
4662 4600
4217 4704
4300 4775
4309 4859
4416 4859
4445 4859
4662 4859
4169 4700
3770 4204
4839 5275
4493 5478
4493 5538
4623 5538
4756 5538
4940 4859
3950 4621
2815 5214
1245 4708
2389 3907
294 5845
363 6039
632 6039
713 6039
716 6039
971 6039
1014 6240
1014 6405
1014 6544
363 6379
378 6956
789 6688
484 6822
760 7137
376 7229
1212 7242
760 6822
458 7618
376 7343
470 7782
999 7885
619 7964
535 7964
470 7964
368 7964
368 7984
458 7745
126 8180
67 8293
67 8706
748 8274
992 8406
992 8449
992 8790
992 8906
774 8956
406 8164
368 8164
718 9246
718 9297
476 9306
494 9306
494 9442
494 9479
494 9609
730 8980
376 7618
1701 6309
1701 6493
1540 6620
1449 6706
1449 6842
2180 6977
1449 7043
1639 7063
1572 6493
2712 6072
2630 6072
2475 6072
2823 6753
2927 6753
2823 6538
2984 6730
2808 6753
2180 6753
2365 6753
2808 7015
2749 7022
1846 7063
2712 6498
2180 7063
1295 7489
1302 7517
1323 7823
1349 7904
2116 7721
1554 7947
1890 8030
1890 8254
1701 8354
1696 8483
1696 8512
1696 8568
2230 7360
2447 7387
2447 7538
2411 7538
2230 7538
2189 7582
2586 7828
2671 7279
2885 7279
2617 8170
2617 8208
2617 8449
2506 8449
2332 8449
2586 8014
1890 7947
2225 7230
3235 6478
3016 6632
3257 6649
3301 6822
3649 6838
3436 6939
3661 6838
3436 6838
3442 7103
3838 7424
4106 7423
3534 7424
4293 6181
4457 6181
4544 6181
4544 6456
4544 6545
4611 7186
4544 6829
4184 7359
4544 7186
3859 7424
3859 7601
3550 7739
3859 7641
3859 7750
3597 8051
3859 8051
3698 8051
3859 7902
4077 8243
4077 8125
3698 8291
3698 8279
4493 7822
4658 7904
4658 8045
4658 8348
4377 8348
4182 8348
3859 7739
3235 6632
1735 8875
2154 9022
1689 9106
2212 9022
2065 9022
1993 9090
1952 9090
1735 9090
1634 9266
2210 9531
1611 9708
1611 9781
2238 9505
1796 9531
1634 9436
2210 9662
2210 9788
1634 9531
2477 9460
2617 9460
2792 9554
3011 9573
3011 9554
2949 9740
2851 9807
3500 8865
3465 8953
3118 9005
3117 9305
3117 9331
3557 9598
3557 9652
3279 9652
3011 9383
3198 9652
3011 9652
4627 9337
4219 9433
4111 9433
3945 9433
4627 9530
4350 9530
4219 9530
4615 9959
4368 9959
4187 9959
4093 9959
3661 9785
4187 9566
3848 9959
2619 9460
1696 8684
868 7242
294 5728
5149 358
5164 710
5149 480
5486 732
5086 835
5724 732
5394 885
5394 910
5394 975
5394 1071
5164 835
5781 708
5814 708
5864 957
5394 835
5394 1204
5394 1441
5394 1481
5394 1536
5243 1567
5081 1567
5243 1907
4971 1567
5770 1569
5770 1663
5770 1832
5610 1481
5394 1286
6534 242
6534 288
6534 360
6534 452
6578 455
6158 814
6723 455
6578 707
6782 368
6851 368
7015 368
6780 455
7015 486
7015 686
6952 686
6952 834
6876 834
6533 814
7853 82
7853 163
7313 182
7402 182
7581 182
7853 182
7626 710
7581 710
7454 710
7626 854
7626 1061
7581 1114
7247 1136
7581 322
7095 710
6279 1606
6396 2143
6279 2121
6396 2155
6396 2213
7240 1196
7317 1709
7240 1481
7240 1709
7235 2104
6702 2143
7087 2143
7182 2143
7237 1787
7762 1709
7562 1709
7908 1709
7908 1886
8027 1924
7960 2128
7960 1924
7007 2143
7237 1878
5946 957
8604 161
8604 400
9819 190
9830 238
9939 577
9699 707
9503 737
9503 760
9155 737
9830 577
8992 515
8325 1197
8764 1251
8347 1566
8347 1686
8324 1835
8347 1355
8655 1355
8764 1355
8845 1447
8833 1645
9613 1841
8833 1447
9865 1305
9779 1587
9014 1775
9613 1587
9506 1570
9014 2134
9613 2272
9613 2370
9290 2134
9613 2134
9503 813
8274 1924
4958 2735
5223 2735
5250 3013
5250 2806
5129 3199
5129 3234
5129 3282
5154 3436
5613 2960
5613 2812
5613 2858
5613 3013
5555 3013
6339 2819
6244 2819
6189 2960
6168 2960
6168 3001
6492 2819
6564 3002
5985 2960
5860 2960
6596 3367
6358 3367
6258 3367
6168 3157
6168 3367
5984 3618
5984 3646
5984 3384
7007 2469
7069 2853
7172 2997
7380 3200
7097 3547
6630 3547
7097 3547
5129 3083
4936 3789
4936 3940
5012 4164
5489 4160
4918 4208
5587 3955
5393 4160
4936 4164
5489 4720
5488 5026
4940 5051
5228 5051
5253 5051
5228 5341
5397 5341
5489 4477
6135 3887
6135 4008
6153 4573
6408 4521
6232 4521
6153 4521
6387 4923
6318 4930
6096 5250
6318 5152
6214 5250
6408 4631
7018 3979
7018 4084
6977 4292
7018 4292
6977 4452
6556 4631
6801 5316
6794 4631
6794 4895
5801 5341
6135 3722
8475 3170
7172 2853
8172 3042
8172 3170
7740 3210
7172 3200
8172 3210
8172 3334
8681 2857
8681 2882
8681 2980
8681 3015
8681 3170
8482 3170
9136 2766
8926 2980
9093 2980
9093 3378
8942 3429
9017 3429
9093 3429
8784 2980
8106 3410
9918 2610
9918 2673
9477 2744
9794 2866
9724 2866
9497 2866
9724 3276
9432 3380
9558 3380
9724 3380
9851 3380
9558 3484
9724 3080
9202 3378
7442 4821
7442 4829
7442 4916
7442 4989
7524 4999
7906 3918
7906 4368
7906 4541
7965 4795
7785 4886
7965 4886
8229 4886
8229 4990
7862 5146
7862 5399
8268 4886
7785 4999
7785 5120
7965 4646
7558 4999
9032 3767
9032 3811
9484 4070
8633 4279
8861 4279
9186 4070
9186 4070
9537 4224
9186 4279
9186 4360
8892 5032
8690 5032
8645 5157
8583 5266
9306 4709
9417 4925
8903 5032
8965 5156
9162 5247
9330 5247
9417 5247
9734 4827
9417 4827
9239 5247
8645 5032
9186 4573
8523 4990
9017 3756
7532 3210
7007 2825
5298 6078
5933 6192
5245 6267
5228 6291
5956 6113
5637 6192
5933 6284
5933 6329
5854 6349
5298 6192
5634 6564
5779 6540
5760 6564
5783 6870
5760 6870
5689 6870
5689 6914
5561 6914
5760 6698
5966 6687
5966 6816
5910 6870
5166 7242
5178 7771
5363 7846
5689 6972
5901 7352
6011 7507
6152 7605
6179 7819
5702 8157
5509 8115
5904 8157
6179 8157
6235 8157
6152 7717
6152 7658
5178 7846
5689 7352
5760 6609
5113 9008
5705 9008
5213 9435
5042 9435
4969 9146
4969 9517
5245 9522
4969 9299
4931 9559
4931 9791
5055 9899
5827 8597
5702 8597
5903 8658
5903 8689
6221 8756
6154 8756
5903 8756
5876 8969
5332 9008
5762 9419
5705 9302
4969 9435
5702 8397
6550 5941
6599 5999
6599 6106
6599 6190
7191 5862
7091 5862
6964 5862
6943 6064
6874 6198
6896 6198
6943 6198
7070 6198
7070 6333
7393 6333
7543 6333
7199 6333
6960 5951
6738 6190
7118 6850
7070 6850
6901 6850
7118 7006
7701 7047
7701 6988
7488 7047
7118 7047
7070 6621
8776 5657
8207 5954
8658 6038
8517 6288
8207 6104
8495 6288
8308 6288
8517 6373
8517 6430
8235 6700
8213 6700
8326 6700
8517 6700
8953 6621
8517 6525
8213 6794
8623 6700
7967 6700
7089 7349
7089 7423
7328 7677
7089 7677
7905 7333
7740 7199
7905 7285
7794 7508
8151 7739
7794 7765
7676 7765
7977 7765
8197 7469
8004 7739
8197 7739
8631 7814
8794 7814
8266 7814
7613 7765
7794 7333
9985 5616
9615 5616
9428 5616
9239 5616
9428 5868
9428 5913
9549 6182
9549 6204
9357 6558
9549 6514
9549 6558
9549 6685
9075 7093
9075 7144
9075 7219
9162 7269
9316 7269
9526 7045
9526 7115
9526 7269
9613 7650
9344 7269
9526 6779
8767 6700
6911 8215
6788 8215
6624 8215
6624 8403
6589 8403
6365 8157
6407 8422
6933 8907
7150 8907
6655 8921
6407 8655
6454 9051
6454 9192
6454 8921
6635 9694
6941 9694
6491 9460
6635 9860
6491 9694
7319 8174
7371 8265
7483 8376
7586 8552
7483 8552
7324 8737
7324 8907
7977 7903
7977 8193
8262 8231
8088 8374
8088 8552
7820 8552
8242 8765
7893 9072
8447 8955
8066 9072
8242 8955
7981 9072
7324 8597
7466 9495
7473 9495
7633 9495
7981 9346
7690 9349
7367 9495
7367 9570
7633 9966
8181 9900
8168 9966
8182 9976
8181 9966
8267 9976
7981 9180
6691 8907
9045 8328
9045 8414
9045 8425
9045 8593
9151 8668
9151 8642
9151 8848
9228 9054
8719 9075
8787 9275
8818 9275
9151 9054
9075 9248
9276 9054
9338 9054
8982 9248
9151 8781
9947 8149
9551 8462
9574 8462
9475 8522
9475 8788
9388 8881
9388 9054
9475 9279
9802 9435
9531 9419
9596 9435
9475 9087
7981 9128
8088 8231
6407 8403
9239 5504
4855 5079
edges
1029 140
1501 280
1001 743
1485 147
1519 796
1112 949
1558 827
1111 268
1519 622
1014 946
1521 689
1014 389
1015 628
1558 109
1520 954
1473 198
1522 824
1560 90
1029 206
1560 196
1101 292
1111 605
1000 110
1101 476
1509 739
1561 98
1109 28
1501 200
1098 201
1524 619
1000 25
1001 50
1502 706
1113 36
1511 711
1521 573
1002 593
1013 0
1532 553
1004 852
1097 784
1473 69
1503 567
1510 21
1030 976
1098 123
1559 440
1114 414
1116 814
1116 75
1504 502
1512 125
1016 520
1476 349
1475 514
1507 955
1513 860
1018 138
1118 829
1568 275
1103 132
1020 699
1003 486
1104 481
1562 383
1110 269
1117 974
1562 513
1100 257
1527 937
1515 489
1508 775
1563 408
1484 518
1474 809
1525 340
1533 612
1031 903
1017 552
1478 456
1566 419
1031 34
1032 395
1565 57
1100 62
1591 407
1506 5
1106 402
1517 734
1477 939
1108 766
1020 475
1528 658
1516 870
1479 432
1518 832
1006 215
1108 182
1480 466
1486 238
1007 216
1481 633
1557 887
1027 834
1008 750
1529 335
1021 618
1139 114
1482 603
1517 39
1477 84
1530 135
1531 987
1038 126
1569 468
1581 324
1539 645
1569 313
1009 10
1488 271
1133 220
1570 864
1570 493
1126 365
1132 471
1036 24
1500 886
1581 240
1022 925
1534 356
1575 328
1010 639
1023 459
1489 157
1577 506
1577 108
1011 868
1025 230
1165 209
1495 721
1499 586
1541 155
1134 222
1135 221
1491 92
1550 359
1119 67
1012 695
1571 65
1495 20
1496 503
1585 61
1137 516
1121 465
1582 537
1012 133
1534 93
1035 738
1026 644
1138 303
1578 953
1548 291
1137 320
1493 7
1497 485
1125 85
1572 653
1540 635
1122 566
1549 745
1128 862
1583 532
1547 755
1135 542
1046 278
1498 801
1573 641
1579 246
1556 3
1048 804
1096 111
1551 152
1494 661
1129 908
1124 394
1552 833
1592 348
1498 105
1047 113
1071 294
1123 437
1130 243
1049 728
1071 463
1124 377
1072 879
1073 48
1075 472
1544 791
1164 461
1494 244
1543 434
1536 350
1553 372
1039 724
1589 462
1076 418
1545 145
1537 82
1538 91
1546 754
1587 352
1553 509
1040 150
1075 778
1586 180
1041 526
1077 398
1588 926
1538 342
1588 430
1042 547
1043 580
1143 80
1623 554
1044 354
1163 390
1055 73
1050 631
1054 226
1144 273
1695 327
1159 413
1157 948
1607 654
1140 118
1684 429
1671 307
1045 446
1693 820
1693 510
1593 592
1146 362
1056 295
1051 692
1141 857
1158 718
1694 523
1045 722
1602 725
1147 861
1594 264
1593 351
1052 281
1695 565
1148 44
1684 977
1095 614
1053 675
1672 184
1596 871
1602 522
1606 179
1611 448
1756 143
1148 172
1678 4
1087 990
1624 821
1678 660
1603 933
1696 142
1078 41
1613 374
1679 620
1087 930
1088 841
1142 747
1070 260
1698 919
1614 512
1608 802
1160 671
1685 89
1691 185
1625 678
1610 810
1612 309
1604 970
1681 81
1060 601
1672 548
1066 30
1612 8
1705 256
1630 686
1080 560
1605 737
1059 761
1670 813
1089 963
1081 367
1618 800
1683 759
1682 232
1082 467
1061 697
1597 927
1065 625
1626 107
1151 891
1674 117
1161 845
1090 458
1083 237
1598 470
1699 106
1599 740
1162 517
1069 225
1616 799
1677 590
1615 575
1617 52
1150 773
1706 101
1703 227
1622 400
1091 137
1084 591
1688 194
1062 816
1755 817
1692 677
1700 715
1150 798
1688 682
1600 167
1155 928
1703 484
1704 890
1152 174
1690 583
1067 895
1692 909
1704 528
1627 972
1629 68
1064 838
1600 262
1154 652
1086 765
1620 696
1064 284
1153 581
1085 330
1092 455
1621 579
1628 121
1156 996
1085 819
1161 806
1669 541
1068 417
1631 148
1754 988
1068 727
1727 858
1712 416
1631 318
1728 500
1192 563
1636 495
1193 426
1647 276
1194 146
1172 248
1195 14
1712 396
1632 983
1659 452
1195 404
1636 929
1254 874
1659 234
1730 540
1228 534
1253 507
1729 646
1648 776
1228 985
1231 173
1250 657
1230 569
1251 460
1171 942
1732 250
1169 1
1222 27
1168 124
1255 604
1660 617
1170 370
1223 993
1255 962
1235 154
1166 33
1637 386
1633 594
1196 301
1232 163
1175 304
1252 984
1266 826
1635 823
1734 333
1197 254
1635 116
1173 521
1224 626
1731 195
1661 920
1174 867
1734 544
1225 545
1662 896
1180 427
1234 642
1179 239
1256 885
1175 843
1736 637
1713 936
1166 877
1730 314
1226 866
1177 607
1650 916
1198 872
1663 363
1646 457
1258 726
1651 203
1714 422
1221 598
1181 763
1649 266
1752 584
1227 649
1258 549
1273 378
1664 572
1738 685
1236 723
1725 997
1176 287
1748 848
1649 71
1257 387
1722 869
1211 742
1265 438
1259 175
1707 274
1275 698
1741 943
1639 156
1211 935
1272 705
1209 889
1237 971
1260 433
1178 442
1262 638
1715 490
1707 300
1199 897
1748 170
1708 371
1716 177
1238 969
1240 357
1214 160
1263 480
1238 647
1261 415
1722 373
1667 217
1200 627
1709 331
1653 707
1742 436
1654 899
1249 26
1710 128
1753 488
1183 193
1726 842
1201 901
1640 53
1737 712
1743 785
1643 478
1201 640
1997 636
1719 213
1274 94
1724 964
1241 169
1191 18
1720 756
1711 684
1656 982
1744 35
1739 602
1208 22
1212 47
1213 375
1241 272
1746 166
1655 780
1184 347
1747 883
1740 315
1245 130
1267 571
1243 308
1740 312
1187 66
1745 651
1247 501
1657 981
1206 578
1220 854
1665 199
1216 947
1187 770
1268 914
1644 112
1217 892
1203 401
1665 267
1668 672
1204 205
1721 786
1721 149
1218 329
1268 158
1645 751
1996 624
1188 539
1205 504
1269 599
1189 670
1270 405
1827 767
1849 576
1218 380
1887 863
1886 999
1248 38
1889 643
1186 76
1246 171
1848 494
1848 447
1248 388
1185 663
1821 236
1207 668
1271 904
1472 736
1825 910
1277 530
1826 40
1890 399
1825 161
1886 473
1891 880
1335 353
1333 131
1281 550
1821 850
1837 931
1849 589
1391 397
1757 902
1761 482
1282 247
1822 191
1835 19
1850 674
1280 585
1828 288
1335 562
1757 940
1852 797
1823 634
1761 882
1324 59
1334 535
1389 406
1390 811
1892 282
1838 144
1762 74
1377 511
1832 17
1893 741
1830 825
1279 37
1283 694
1824 951
1759 360
1829 451
1763 787
1853 445
1854 600
1760 965
1324 621
1760 735
1764 409
1836 515
1389 449
1765 888
1855 772
1286 316
1835 358
1284 812
1856 610
1392 102
1377 980
1332 844
1346 803
1834 774
1895 991
1325 613
1862 339
1338 13
1768 474
1285 519
1393 557
1286 42
1894 508
1767 669
1767 995
1796 559
1326 12
1847 346
1861 611
1378 361
1776 385
1379 425
1383 286
1857 764
1865 129
1897 189
1776 338
1288 78
1775 403
1859 807
1327 54
1339 630
1341 252
1342 595
1337 9
1909 546
1908 986
1863 208
1777 265
1289 298
1380 55
1772 176
1395 223
1381 228
1328 753
1841 162
1839 127
1770 794
1383 608
1774 606
1778 454
1774 178
1382 716
1287 632
1841 341
1782 556
1329 966
1844 907
1863 731
1842 79
1343 45
1344 805
1898 956
1330 830
1903 749
1344 305
1846 875
1345 63
1864 141
1779 421
1845 577
1331 729
1898 950
1385 423
1904 679
1290 777
1899 56
1394 285
1871 856
1900 906
1291 366
1376 64
1292 846
1779 616
1866 210
1368 439
1872 564
1907 664
1367 87
1902 322
1872 136
1471 905
1394 840
1870 355
1295 923
1866 290
1783 498
1396 424
1360 952
1878 120
1361 748
1795 979
1387 192
1867 676
1386 659
1368 831
1882 188
1878 277
1348 431
1388 279
1901 165
1784 701
1873 103
1349 912
1363 921
1365 994
1399 255
1785 531
1294 211
1401 533
1906 299
1793 72
1879 913
1323 714
1868 884
1792 998
1352 543
1906 894
1869 97
1400 332
1874 369
1303 253
1411 499
1402 524
1400 164
1876 700
1780 444
1296 917
1881 317
1786 31
1411 364
1350 924
1366 760
1297 259
1781 202
1882 536
1883 609
1884 555
1297 464
1406 702
1936 115
1301 384
1351 839
1412 525
1353 60
1794 229
1299 650
1981 49
1302 835
1929 792
1298 992
1403 381
1374 693
1354 122
1413 793
1403 420
1915 77
1910 717
1964 665
1788 932
1408 270
1981 58
1791 957
1313 334
1369 818
1929 788
1304 139
1937 938
1912 487
1370 32
1911 311
1938 306
1789 496
1407 88
1355 960
1938 769
1930 428
1307 344
1410 483
1409 119
1305 453
1910 235
1964 297
1416 214
1356 231
1373 629
1939 709
1931 411
1820 43
1914 876
1308 242
1913 815
1965 527
1414 967
1916 134
1415 781
1966 336
1409 847
1309 893
1371 648
1982 881
1983 771
1373 596
1357 873
1358 479
1984 746
1808 655
1372 597
1941 233
1359 11
1932 918
1812 656
1967 391
1809 16
1948 623
1969 878
1920 853
1810 837
1968 412
1470 326
1811 978
1306 261
1934 783
1444 958
1813 666
1942 319
1980 2
1985 529
1310 435
1812 219
1306 477
1963 168
1970 497
1444 708
1918 197
1797 758
1419 789
1986 587
1420 99
1311 768
1935 849
1919 690
1445 302
1944 662
1312 922
1815 959
1322 667
1917 337
1943 86
1423 822
1446 855
1816 975
1422 973
1458 762
1921 104
1977 212
1971 989
1943 251
1972 492
1978 968
1945 410
1992 310
1425 961
1455 469
1421 368
1993 83
1801 582
1424 296
1469 757
1962 551
1922 323
1422 719
1315 183
1979 733
1317 186
1427 570
1974 704
1988 782
1316 100
1804 245
1818 680
1447 153
1317 720
1456 224
1448 558
1799 790
1455 945
1952 258
1953 283
1976 505
1452 181
1817 289
1990 249
1437 95
1457 944
1800 911
1989 96
1433 187
1973 683
1319 859
1949 46
1449 836
1438 443
1926 744
1954 263
1320 450
1458 915
1950 321
1431 730
1802 673
1803 865
1803 343
1459 588
1432 241
1460 29
1439 491
1805 574
1467 392
1955 345
1991 204
1440 687
1955 900
1449 795
1321 752
1451 703
1434 851
1925 688
1928 941
1429 376
1925 151
1442 779
1430 615
1466 325
1435 538
1806 23
1443 393
1957 207
1989 561
1443 732
1927 713
1927 15
1807 934
1957 51
1321 379
1435 293
1462 808
1430 828
1453 190
1465 382
1956 898
1462 691
1958 568
1961 710
1817 681
1807 218
1961 6
1463 70
1959 159
1468 441
1002 1000
1005 1001
1004 1002
1013 1003
1005 1004
1003 1005
1007 1006
1028 1007
1009 1008
1023 1009
1028 1010
1010 1011
1011 1012
1006 1013
1015 1014
1016 1015
1019 1016
1033 1017
1017 1018
1018 1019
1019 1020
1022 1021
1025 1022
1024 1023
1026 1024
1024 1025
1046 1026
1034 1027
1008 1028
1030 1029
1037 1030
1037 1031
1027 1032
1021 1033
1035 1034
1038 1035
1034 1036
1032 1037
1033 1038
1048 1039
1041 1040
1039 1041
1040 1042
1042 1043
1043 1044
1044 1045
1096 1046
1058 1047
1058 1048
1055 1049
1056 1050
1057 1051
1053 1052
1051 1053
1050 1054
1057 1055
1095 1056
1054 1057
1049 1058
1070 1059
1061 1060
1062 1061
1063 1062
1059 1063
1060 1064
1063 1065
1065 1066
1069 1067
1067 1068
1066 1069
1052 1070
1074 1071
1073 1072
1074 1073
1076 1074
1072 1075
1077 1076
1094 1077
1088 1078
1080 1079
1093 1080
1079 1081
1081 1082
1082 1083
1083 1084
1086 1085
1084 1086
1093 1087
1079 1088
1090 1089
1091 1090
1092 1091
1192 1092
1089 1093
1078 1094
1094 1095
1047 1096
1099 1097
1097 1098
1110 1099
1099 1100
1109 1101
1104 1102
1105 1103
1103 1104
1106 1105
1107 1106
1139 1107
1107 1108
1102 1109
1105 1110
1112 1111
1113 1112
1115 1113
1115 1114
1117 1115
1114 1116
1118 1117
1102 1118
1165 1119
1138 1120
1136 1121
1125 1122
1130 1123
1123 1124
1127 1125
1127 1126
1119 1127
1136 1128
1128 1129
1122 1130
1134 1131
1131 1132
1132 1133
1120 1134
1133 1135
1126 1136
1120 1137
1121 1138
1131 1139
1144 1140
1140 1141
1141 1142
1164 1143
1145 1144
1143 1145
1149 1146
1146 1147
1147 1148
1145 1149
1152 1150
1142 1151
1153 1152
1154 1153
1156 1154
1151 1155
1155 1156
1149 1157
1163 1158
1158 1159
1159 1160
1162 1161
1160 1162
1157 1163
1129 1164
1036 1165
1169 1166
1170 1167
1167 1168
1168 1169
1171 1170
1172 1171
1173 1172
1182 1173
1180 1174
1167 1175
1178 1176
1182 1177
1177 1178
1174 1179
1181 1180
1275 1181
1179 1182
1176 1183
1191 1184
1189 1185
1190 1186
1188 1187
1185 1188
1190 1189
1184 1190
1183 1191
1193 1192
1194 1193
1276 1194
1276 1195
1197 1196
1198 1197
1221 1198
1202 1199
1199 1200
1202 1201
1208 1202
1207 1203
1220 1204
1204 1205
1205 1206
1206 1207
1203 1208
1210 1209
1214 1210
1210 1211
1274 1212
1212 1213
1219 1214
1216 1215
1213 1216
1215 1217
1217 1218
1215 1219
1219 1220
1209 1221
1230 1222
1222 1223
1223 1224
1224 1225
1225 1226
1226 1227
1229 1228
1231 1229
1229 1230
1235 1231
1256 1232
1234 1233
1273 1234
1232 1235
1237 1236
1227 1237
1239 1238
1240 1239
1236 1240
1244 1241
1249 1242
1242 1243
1242 1244
1243 1245
1247 1246
1244 1247
1246 1248
1239 1249
1233 1250
1250 1251
1251 1252
1252 1253
1253 1254
1254 1255
1266 1256
1265 1257
1264 1258
1260 1259
1261 1260
1262 1261
1263 1262
1264 1263
1272 1264
1259 1265
1233 1266
1997 1267
1269 1268
1270 1269
1271 1270
1267 1271
1641 1272
1257 1273
1245 1274
1200 1275
1196 1276
1472 1277
1277 1278
1278 1279
1279 1280
1280 1281
1281 1282
1282 1283
1283 1284
1284 1285
1278 1286
1289 1287
1285 1288
1293 1289
1293 1290
1287 1291
1471 1292
1288 1293
1323 1294
1291 1295
1303 1296
1298 1297
1299 1298
1300 1299
1296 1300
1300 1301
1301 1302
1294 1303
1314 1304
1304 1305
1305 1306
1313 1307
1307 1308
1308 1309
1309 1310
1310 1311
1311 1312
1314 1313
1302 1314
1322 1315
1315 1316
1318 1317
1316 1318
1318 1319
1319 1320
1320 1321
1312 1322
1295 1323
1325 1324
1332 1325
1327 1326
1328 1327
1330 1328
1347 1329
1331 1330
1345 1331
1326 1332
1346 1333
1333 1334
1334 1335
1340 1336
1336 1337
1336 1338
1337 1339
1342 1340
1329 1341
1341 1342
1340 1343
1343 1344
1347 1345
1338 1346
1376 1347
1292 1348
1348 1349
1349 1350
1350 1351
1375 1352
1351 1353
1375 1354
1354 1355
1355 1356
1356 1357
1357 1358
1358 1359
1364 1360
1362 1361
1363 1362
1364 1363
1365 1364
1352 1365
1362 1366
1361 1367
1367 1368
1374 1369
1369 1370
1370 1371
1371 1372
1372 1373
1366 1374
1353 1375
1360 1376
1418 1377
1339 1378
1418 1379
1379 1380
1384 1381
1384 1382
1381 1383
1380 1384
1382 1385
1388 1386
1398 1387
1385 1388
1390 1389
1391 1390
1392 1391
1393 1392
1395 1393
1397 1394
1397 1395
1387 1396
1396 1397
1386 1398
1398 1399
1417 1400
1399 1401
1417 1402
1405 1403
1406 1404
1404 1405
1402 1406
1408 1407
1404 1408
1410 1409
1405 1410
1412 1411
1413 1412
1414 1413
1415 1414
1416 1415
1407 1416
1401 1417
1378 1418
1470 1419
1423 1420
1426 1421
1420 1422
1424 1423
1425 1424
1426 1425
1419 1426
1421 1427
1432 1428
1436 1429
1429 1430
1428 1431
1436 1432
1427 1433
1428 1434
1434 1435
1433 1436
1431 1437
1437 1438
1469 1439
1441 1440
1439 1441
1454 1442
1442 1443
1445 1444
1446 1445
1447 1446
1448 1447
1452 1448
1450 1449
1451 1450
1453 1451
1441 1452
1454 1453
1440 1454
1459 1455
1461 1456
1456 1457
1457 1458
1460 1459
1461 1460
1467 1461
1463 1462
1464 1463
1465 1464
1468 1465
1450 1466
1464 1467
1466 1468
1438 1469
1359 1470
1290 1471
1186 1472
1475 1473
1483 1474
1474 1475
1478 1476
1483 1477
1484 1478
1487 1479
1479 1480
1480 1481
1481 1482
1487 1483
1485 1484
1486 1485
1557 1486
1476 1487
1482 1488
1500 1489
1489 1490
1490 1491
1491 1492
1492 1493
1492 1494
1493 1495
1499 1496
1496 1497
1497 1498
1490 1499
1488 1500
1502 1501
1503 1502
1504 1503
1505 1504
1507 1505
1518 1506
1512 1507
1505 1508
1510 1509
1511 1510
1513 1511
1509 1512
1514 1513
1533 1514
1514 1515
1515 1516
1516 1517
1508 1518
1520 1519
1524 1520
1522 1521
1523 1522
1532 1523
1523 1524
1528 1525
1525 1526
1526 1527
1529 1528
1530 1529
1531 1530
1539 1531
1526 1532
1527 1533
1536 1534
1544 1535
1535 1536
1535 1537
1537 1538
1541 1539
1542 1540
1542 1541
1547 1542
1546 1543
1555 1544
1555 1545
1545 1546
1556 1547
1549 1548
1540 1549
1548 1550
1550 1551
1554 1552
1554 1553
1551 1554
1623 1555
1543 1556
1506 1557
1559 1558
1568 1559
1561 1560
1567 1561
1567 1562
1564 1563
1565 1564
1591 1565
1564 1566
1563 1567
1566 1568
1574 1569
1576 1570
1572 1571
1573 1572
1592 1573
1571 1574
1574 1575
1575 1576
1580 1577
1580 1578
1590 1579
1576 1580
1582 1581
1584 1582
1578 1583
1579 1584
1584 1585
1583 1586
1590 1587
1587 1588
1586 1589
1589 1590
1585 1591
1552 1592
1594 1593
1596 1594
1605 1595
1595 1596
1630 1597
1597 1598
1598 1599
1599 1600
1614 1601
1603 1602
1601 1603
1601 1604
1604 1605
1607 1606
1608 1607
1609 1608
1610 1609
1618 1610
1606 1611
1611 1612
1609 1613
1613 1614
1616 1615
1617 1616
1619 1617
1619 1618
1622 1619
1621 1620
1669 1621
1620 1622
1756 1623
1671 1624
1675 1625
1675 1626
1629 1627
1615 1628
1628 1629
1595 1630
1632 1631
1638 1632
1637 1633
1646 1634
1638 1635
1634 1636
1634 1637
1633 1638
1640 1639
1643 1640
1997 1641
1641 1642
1642 1643
1642 1644
1644 1645
1639 1646
1648 1647
1652 1648
1652 1649
1658 1650
1650 1651
1651 1652
1654 1653
1656 1654
1668 1655
1657 1656
1655 1657
1653 1658
1660 1659
1662 1660
1663 1661
1661 1662
1666 1663
1658 1664
1667 1665
1664 1666
1666 1667
1645 1668
1647 1669
1673 1670
1625 1671
1673 1672
1676 1673
1755 1674
1627 1675
1674 1676
1676 1677
1679 1678
1680 1679
1681 1680
1682 1681
1683 1682
1670 1683
1686 1684
1691 1685
1685 1686
1686 1687
1689 1688
1690 1689
1687 1690
1680 1691
1677 1692
1694 1693
1696 1694
1698 1695
1697 1696
1705 1697
1697 1698
1702 1699
1706 1700
1700 1701
1701 1702
1702 1703
1701 1704
1699 1705
1687 1706
1708 1707
1709 1708
1710 1709
1711 1710
1726 1711
1713 1712
1714 1713
1725 1714
1717 1715
1717 1716
1718 1717
1719 1718
1753 1719
1724 1720
1720 1721
1718 1722
1716 1723
1723 1724
1715 1725
1723 1726
1754 1727
1727 1728
1732 1729
1731 1730
1735 1731
1733 1732
1728 1733
1729 1734
1733 1735
1735 1736
1743 1737
1737 1738
1751 1739
1739 1740
1752 1741
1749 1742
1744 1743
1745 1744
1750 1745
1747 1746
1742 1747
1749 1748
1741 1749
1746 1750
1738 1751
1736 1752
1751 1753
1689 1754
1626 1755
1624 1756
1766 1757
1763 1758
1766 1759
1759 1760
1758 1761
1758 1762
1764 1763
1765 1764
1768 1765
1762 1766
1769 1767
1769 1768
1796 1769
1771 1770
1772 1771
1773 1772
1782 1773
1773 1774
1771 1775
1777 1776
1778 1777
1770 1778
1780 1779
1794 1780
1788 1781
1795 1782
1784 1783
1785 1784
1793 1785
1790 1786
1789 1787
1787 1788
1790 1789
1791 1790
1915 1791
1786 1792
1792 1793
1781 1794
1783 1795
1775 1796
1816 1797
1815 1798
1800 1799
1819 1800
1797 1801
1819 1802
1799 1803
1801 1804
1802 1805
1805 1806
1806 1807
1809 1808
1820 1809
1808 1810
1810 1811
1813 1812
1814 1813
1811 1814
1814 1815
1798 1816
1818 1817
1798 1818
1804 1819
1787 1820
1822 1821
1823 1822
1824 1823
1838 1824
1826 1825
1827 1826
1837 1827
1831 1828
1830 1829
1831 1830
1832 1831
1833 1832
1847 1833
1836 1834
1834 1835
1833 1836
1828 1837
1829 1838
1842 1839
1839 1840
1840 1841
1846 1842
1844 1843
1865 1844
1843 1845
1845 1846
1840 1847
1850 1848
1852 1849
1851 1850
1855 1851
1854 1852
1851 1853
1853 1854
1856 1855
1862 1856
1859 1857
1857 1858
1860 1859
1864 1860
1894 1861
1860 1862
1858 1863
1909 1864
1858 1865
1867 1866
1869 1867
1884 1868
1868 1869
1885 1870
1843 1871
1870 1872
1885 1873
1879 1874
1873 1875
1875 1876
1875 1877
1880 1878
1877 1879
1874 1880
1883 1881
1881 1882
1880 1883
1876 1884
1871 1885
1887 1886
1888 1887
1889 1888
1996 1889
1888 1890
1890 1891
1891 1892
1892 1893
1896 1894
1893 1895
1895 1896
1896 1897
1899 1898
1900 1899
1901 1900
1902 1901
1907 1902
1908 1903
1903 1904
1904 1905
1905 1906
1905 1907
1897 1908
1861 1909
1911 1910
1912 1911
1913 1912
1914 1913
1995 1914
1995 1915
1920 1916
1918 1917
1935 1918
1963 1919
1923 1920
1923 1921
1921 1922
1919 1923
1928 1924
1924 1925
1922 1926
1924 1927
1926 1928
1930 1929
1931 1930
1933 1931
1941 1932
1932 1933
1948 1934
1934 1935
1877 1936
1936 1937
1994 1938
1994 1939
1939 1940
1940 1941
1940 1942
1947 1943
1946 1944
1946 1945
1942 1946
1945 1947
1933 1948
1950 1949
1951 1950
1953 1951
1962 1952
1952 1953
1949 1954
1954 1955
1951 1956
1960 1957
1956 1958
1960 1959
1958 1960
1959 1961
1993 1962
1917 1963
1965 1964
1966 1965
1967 1966
1969 1967
1980 1968
1968 1969
1975 1970
1975 1971
1944 1972
1972 1973
1973 1974
1976 1975
1979 1976
1971 1977
1977 1978
1974 1979
1970 1980
1983 1981
1984 1982
1982 1983
1985 1984
1986 1985
1987 1986
1978 1987
1992 1988
1991 1989
1988 1990
1990 1991
1987 1992
1947 1993
1937 1994
1916 1995
1750 1996
