steiner points
619 368
1300 368
478 288
521 288
179 288
1300 432
1300 695
1079 967
823 1101
684 1110
714 1110
684 1163
684 1403
908 1403
1172 771
2122 163
1799 163
1652 163
2201 897
1752 978
1717 994
1560 994
1300 281
1717 1316
2031 1317
1464 695
2421 415
2421 615
2305 773
1863 897
2305 897
2466 1010
2606 1010
2354 1010
1553 994
652 1923
581 1923
581 2064
481 2430
260 2430
671 2430
809 2456
581 2430
1161 1782
1085 1927
1161 1927
1184 2092
1184 2241
1184 2456
940 2456
725 2753
584 2796
725 2796
527 2978
238 3081
355 3093
527 3093
355 3198
355 3343
919 3093
1213 3267
1152 3490
1213 3490
1213 3129
809 2691
1561 2092
1630 2092
1847 2092
1630 2301
2099 1769
2099 2152
2479 2162
2479 2280
2211 2280
2099 2280
2492 2329
1922 2152
1630 2822
1683 2822
1803 2859
1909 2859
2071 2859
2098 2957
1803 3087
1701 3250
1701 3359
1701 3420
1630 2641
1460 2092
573 3842
849 3892
573 3892
467 3976
284 3976
16 3976
967 3986
1096 3986
898 3974
1446 3684
1286 3606
1286 3684
1316 3925
1401 4086
2062 4092
1530 4170
1401 4170
997 3986
1316 3986
2197 4024
2449 4024
2468 4024
1842 4092
1735 4092
1947 4092
1593 4170
2062 4272
573 3976
1286 3869
1153 1674
255 4522
827 4952
255 4952
98 5145
944 4498
642 4498
944 4798
867 4798
1085 4894
1014 4894
918 4938
381 4952
944 4894
1215 4894
1472 4920
1014 5161
944 4718
161 5145
161 5462
532 5641
532 5674
331 5674
353 5674
702 5666
702 5682
1022 5844
702 5879
750 5879
830 5879
619 5682
161 5674
161 5325
2193 4829
1568 4920
1321 4920
1958 5032
2193 5032
1732 5089
2035 5418
1905 5527
1987 5527
2035 5527
1622 5703
1860 5703
2482 5307
2509 4937
2482 4976
2482 5275
2341 5307
2458 5307
2193 5307
2604 5792
2604 5368
1732 5032
2193 4388
289 6573
289 6826
289 6947
903 6467
903 6560
903 6655
1091 6655
1166 6655
1091 6947
903 6947
711 6947
656 6947
1091 7158
1091 7162
903 6896
402 6947
263 7466
263 7520
263 7764
456 7883
369 7976
64 8229
369 8229
369 7883
1035 7443
1179 7528
1262 7907
949 7883
1179 7649
1279 8000
1279 8240
944 7883
1179 7883
1035 7202
2576 6234
2329 6234
2364 6234
2329 6368
2604 5976
1494 6672
2002 6715
2576 6540
2302 6686
2530 6686
2008 7311
1900 7311
2008 7489
2246 7617
2530 7617
2530 7390
2799 7446
1900 7617
2530 7446
2106 7934
2246 7718
2246 7934
2246 8119
2530 7061
1865 6715
426 8740
324 9297
324 9533
422 9533
508 9540
701 9540
324 9533
324 9661
324 9773
1315 8462
1279 8462
1245 8505
1245 8662
1249 8730
1359 8730
1359 8801
1062 9154
1437 9154
1062 9307
1019 9385
1063 9672
1108 9154
1450 9154
1851 9015
1534 9015
1534 9023
1893 9015
1852 9388
1450 9331
1852 9557
1852 9714
1852 9860
1823 9860
1519 9388
2027 9035
1019 9540
1245 8495
2576 6400
3036 92
2850 134
2850 259
2850 398
2958 398
3204 420
2894 802
3204 683
3204 802
2762 1027
2762 1062
2854 1133
3081 1141
2762 886
3081 1351
3081 1422
2994 1586
2911 1586
3081 1464
3081 1586
3779 14
3779 118
3740 119
3740 288
3695 420
3981 14
4462 143
4595 143
4021 143
4074 525
4021 246
3552 1346
3978 1586
4156 1395
4009 1395
4169 742
4418 907
4325 1136
4262 1162
3552 1586
4290 1413
4262 1395
4418 1135
4969 317
4867 418
4863 418
4808 418
4647 418
4863 609
4849 732
4849 915
5001 1076
5001 1463
4965 1554
5001 1042
5215 552
5239 590
5330 590
5239 704
5239 830
5282 882
5325 900
5047 552
4863 552
3357 420
2752 2373
3073 2373
3899 2238
3197 2373
3143 2633
3033 2684
3033 2860
2953 2995
2953 3250
2953 3377
2953 3554
2953 3628
2944 3704
3523 2238
3745 1879
3951 1879
3978 1783
3978 1935
3978 2080
3740 2238
3270 2238
3605 3093
3559 3130
3559 3283
3947 2860
3947 2968
3796 3004
3947 3103
3947 3192
3947 3004
3559 3300
3704 3465
3704 3495
3704 3673
3559 3436
3899 2547
3197 2465
2944 4170
3435 4495
3392 4562
3208 4562
3038 4562
2944 4562
3508 4448
4268 4368
4014 4448
3769 5159
3630 5159
3455 5159
4014 4581
4014 5175
3930 5185
3914 5185
3455 5311
4014 5185
2944 4091
5000 1856
4984 2011
4744 2645
4984 2057
4802 2793
4744 2793
4679 2892
4984 2793
4679 3198
4679 3255
4477 3735
4627 3937
4540 3937
4477 3937
4477 4024
4477 4094
4429 4244
4477 3575
5254 3762
5100 3937
5254 3825
5100 4066
5433 4211
5275 4211
5100 4211
5254 3937
4809 3937
4679 3431
4390 5139
4661 5180
4601 5180
4601 5212
4601 5269
4601 5314
5307 4827
5419 5008
5100 4698
5171 4827
4817 5040
4970 5131
4969 5363
5419 5094
5100 4827
4970 5040
4014 4884
3978 1879
5923 141
5967 198
6473 214
6598 423
6433 435
6433 592
6358 656
6836 367
6836 367
7184 97
7184 220
7620 408
7486 408
7414 408
7289 408
7184 367
6836 423
6473 423
6616 918
6426 918
6358 705
6358 918
6122 1093
5738 1448
5836 1525
5738 1525
5732 1599
6198 1189
6263 1404
6103 1525
6263 1525
6326 1560
6326 1599
6326 1849
6245 2099
6245 2127
6245 1851
5732 1687
6263 1318
7537 978
7019 1218
7166 1392
7121 1392
7019 1392
6988 1469
6926 1477
7675 1008
7356 978
6434 918
7675 1207
7675 1297
7797 1417
7686 1417
6966 978
7491 1880
6926 1729
7689 1880
6954 2093
6954 1880
6954 2161
7689 2131
7689 2308
6966 1166
6198 1093
8564 246
8760 251
8787 356
8760 356
8760 410
8503 550
8461 550
8760 550
8407 631
8770 821
8407 881
8770 609
8105 1417
8634 1605
8064 1417
8127 1605
8935 1143
8902 1436
8884 1436
8812 1436
8749 1436
8655 1465
8427 1605
8794 2168
8634 1820
8798 2168
8634 2168
8127 1727
8935 1210
9604 107
9604 292
9604 312
9452 566
9301 566
9326 1114
9452 1114
9452 740
9326 1210
9335 2031
9618 2031
9721 1839
9335 2260
9721 1569
9927 1839
9335 1993
9734 2074
9796 2191
9335 2335
9721 2031
9721 1122
8935 1427
8155 1866
6464 2890
6138 2890
6138 2923
6060 2923
5672 2923
5845 3726
5770 4009
5686 4238
5770 4238
6607 3451
6518 3451
6427 3451
6398 3481
6166 3481
6607 3608
6607 3674
6623 4071
6623 4154
7235 4364
6071 3726
6166 3217
5686 4915
6105 5213
6175 5213
6623 4364
6621 4735
6621 4633
6278 4735
6175 4794
6270 5213
6197 5213
5844 5254
5695 5254
6580 5257
6175 5087
5686 5254
6683 4840
7321 2748
7528 2706
7866 2706
7315 2969
7219 3126
7108 3482
7108 3517
7108 3822
7355 3886
7501 3886
7689 3998
7219 3348
8204 2760
8083 2760
8241 2865
8241 2982
8130 2982
8241 3019
8241 3311
8241 3409
8257 3565
8352 3618
8241 3529
7911 2982
6926 4364
7235 4706
7380 4783
7672 4783
8497 4436
7672 4462
7689 4207
7689 4462
8353 4436
7914 4462
8236 4674
8236 4763
7778 4811
7249 4783
7984 5287
7984 5422
7249 5069
7672 4811
6621 4483
9335 2520
9125 2623
9322 3041
9477 3041
9063 3047
9351 3123
9351 3125
9125 3041
9864 2853
9679 2892
9351 3041
9570 3041
9351 3215
9289 3410
9264 3433
8999 3433
9351 3410
9487 3482
9427 3494
9427 3651
9445 3651
9903 3558
9735 3482
8999 3590
9427 3482
8691 4173
8691 4369
8675 4436
8236 4462
8675 4590
8818 4900
9247 4877
8915 4900
8723 4900
8915 5167
8818 4748
9693 3974
9473 3913
9578 3913
9754 4027
9409 4121
9364 4234
9373 4825
9614 4825
9754 4602
9754 4825
9754 4918
8915 5189
9445 3913
8818 4606
9125 2552
5559 4238
3003 5923
3012 5923
3012 6124
3012 6136
3012 6266
3012 6206
3012 6197
3307 5851
3307 5937
3307 6058
3307 6136
3078 6136
3080 6720
3080 6861
3015 7007
3079 7305
3318 7305
2883 7419
3015 7305
2706 7446
2782 7446
2958 7419
3012 6494
3945 5773
4005 5896
4310 5999
3966 6134
3668 6186
3561 6244
4093 5999
4218 5999
4005 5999
4218 6162
4244 6469
4075 6469
4218 6469
4440 6562
4539 6709
4574 6754
4636 6754
4574 7037
4641 7078
4574 7038
3921 6489
4092 7517
4071 7567
4036 7567
3704 7575
3994 7596
3903 7671
3756 7671
4313 7517
4155 7517
4641 7230
5102 6232
5255 6232
5307 6232
5375 6232
5500 6232
5745 6232
5745 6332
5000 6860
4926 6860
4926 6799
4688 6799
5307 6860
5327 7267
5407 7267
5041 7516
5041 7559
5100 7580
5000 7020
5604 7041
5814 7161
5604 7161
5562 7267
5041 7267
5307 6492
5000 6910
3538 6244
3570 8212
3221 8237
3110 8237
3756 7872
3248 8491
3369 8212
3248 8237
3756 8212
3948 8243
4436 8327
4372 8327
4193 8243
4567 8334
4503 8334
4503 8563
4228 8327
3013 8976
3742 9029
3652 9047
3013 9283
3652 9469
3379 9469
3013 9469
3510 9995
3652 9833
4157 8975
4447 8674
4474 8896
4447 8785
4447 8896
4306 8956
4301 8961
4228 8975
4447 8956
4414 9277
4447 9045
4267 9598
4352 9376
4267 9873
4109 9940
4096 9981
4352 9598
3903 9029
4447 9273
4761 8465
4761 8579
4761 8761
4761 8896
5421 8942
5120 8942
4681 8896
4761 8647
5747 8276
5744 8468
5744 8627
5756 8627
5562 8942
5562 8627
5219 8942
5613 9077
5391 9434
5391 9465
5391 9583
4910 9589
4910 9873
5131 9873
5391 9873
5219 9162
4929 8942
3832 8243
6580 5566
7305 5937
6579 6007
7087 5937
6980 6108
6579 6108
7708 5937
7087 6108
6281 6683
6201 6761
6201 6859
5971 7146
6509 7059
6671 6672
6735 6702
6735 6876
6735 7059
6201 7059
7087 6337
7162 6695
7162 6764
7108 6876
7108 7083
7316 7136
7108 7136
7792 6737
8167 6519
7859 7260
7859 7016
7707 7260
7566 7260
8027 7318
8027 7435
7349 7260
7035 6876
7162 6561
9032 5638
8552 5664
8552 5664
8737 5664
8570 6401
8343 6477
8570 6477
8617 6723
8736 6723
9376 6542
8980 6686
9108 6542
9108 6642
8888 6723
8552 6160
9802 5877
9688 5877
9688 6224
9837 6437
9688 6437
9515 6542
8995 6642
8761 7005
8710 7388
9180 6956
9574 6984
9412 6984
9243 6984
9574 7054
9574 7055
9553 7269
9108 6877
8579 7512
9108 6956
7859 6737
6217 8310
6225 8310
6225 8486
6225 8493
6312 8493
6009 8626
6446 8416
6105 8626
7362 7934
7611 8009
6901 8074
6633 8074
7113 8245
6470 8338
6813 8978
6713 8978
6682 8972
6616 8338
6616 8787
7607 7934
7113 7934
7740 8009
7660 8009
7660 8269
7905 8273
7798 8273
7113 8074
6189 9481
6670 9481
6813 9314
6813 9464
6697 9464
7463 9445
7655 9703
7614 9703
7463 9703
7248 9810
7101 9810
6867 9810
8433 7927
8573 7927
8312 7949
8302 8022
8120 8273
8302 8273
8459 8273
9492 7733
9492 7796
9436 8119
9287 8285
9287 8665
9133 8285
9287 8615
9774 8482
9917 8482
9666 8652
9666 8615
9515 8615
9138 8665
9981 8095
9981 8210
9961 8371
9666 8482
9917 8634
9683 8652
9287 8840
8290 9470
8437 9470
8290 9573
8290 9705
8370 9705
8574 9705
9080 9184
9191 9184
9287 9184
9032 9234
8893 9234
9856 9367
9646 9367
9618 9377
9441 9377
9032 9530
9032 9705
9032 9854
8640 9705
9287 9000
7798 8703
8579 7668
5924 7161
6579 5606
2008 7617
edges
1291 257
1296 595
1298 777
1271 661
1502 820
1438 181
1531 425
1447 155
1271 591
1447 104
1017 281
1531 175
1015 848
1002 218
1292 324
1293 736
1272 730
1438 473
1297 291
1016 631
1446 687
1439 491
1015 477
1440 428
1448 782
1326 896
1301 464
1502 123
1503 892
1449 845
1273 445
1003 967
1022 534
1314 4
1004 814
1294 323
1532 603
1450 216
1533 551
1314 453
1504 738
1504 371
1445 752
1000 741
1026 898
1275 140
1317 262
1451 776
1506 256
1026 618
1315 836
1295 640
1454 763
1005 780
1318 925
1441 46
1442 278
1274 479
1335 346
1328 110
1300 914
1508 32
1507 524
1333 790
1535 461
1449 761
1328 271
1443 784
1319 226
1513 756
1027 866
1510 88
1452 308
1535 637
1444 192
1278 813
1025 622
1329 720
1458 680
1320 674
1538 735
1306 74
1004 751
1014 225
1028 189
1277 694
1511 259
1029 145
1330 468
1279 75
1456 10
1032 589
1512 339
1331 105
1284 530
1018 436
1332 298
1307 129
1477 692
1321 12
1512 437
1457 884
1486 199
1007 785
1009 947
1019 193
1485 808
1021 403
1484 563
1031 134
1034 762
1332 936
1302 708
1280 66
1325 917
1281 945
1032 40
1322 375
1460 575
1008 115
1010 357
1536 438
1460 67
1551 209
1282 38
1313 185
1308 592
1283 481
1518 416
1033 931
1309 830
1011 993
1500 482
1305 842
1465 862
1487 871
1539 236
1478 775
1514 611
1488 998
1023 958
1024 707
1476 442
1461 764
1302 980
1285 398
1522 568
1479 913
1024 152
1480 682
1304 133
1013 269
1466 566
1311 141
1489 495
1286 365
1552 895
1012 248
1521 19
1519 533
1461 822
1516 673
1311 996
1479 972
1323 581
1289 699
1523 518
1490 922
1482 396
1483 979
1520 656
1467 999
1324 658
1469 23
1288 626
1544 238
1290 686
1310 49
1462 366
1464 11
1470 907
1524 930
1288 221
1324 729
1118 952
1287 717
1475 684
1529 888
1493 125
1069 286
1545 220
1069 794
1043 887
1475 828
1352 602
1492 310
1526 463
1392 864
1545 664
1065 60
1471 786
1474 740
1392 424
1350 132
1553 502
1351 927
1494 643
1350 513
1044 512
1036 182
1546 824
1553 525
1035 890
1035 838
1044 448
1353 691
1546 268
1393 70
1067 146
1541 65
1395 823
1037 644
1547 202
1354 234
1088 849
1495 881
1472 646
1071 305
1355 727
1473 839
1498 242
1527 62
1076 321
1497 932
1071 606
1527 928
1548 878
1336 95
1473 713
1528 654
1356 583
1349 837
1047 180
1543 7
1039 584
1497 670
1073 797
1068 377
1499 343
1075 188
1525 401
1549 456
1548 941
1337 672
1499 667
1336 634
1038 973
1040 903
1048 304
1372 404
1074 295
1049 158
1075 178
1634 906
1592 829
1371 206
1684 241
1039 350
1394 43
1635 130
1340 431
1555 709
1087 959
1394 82
1341 355
1642 124
1064 267
1081 742
1593 562
1604 33
1591 677
1050 118
1603 806
1604 662
1051 469
1396 476
1052 96
1078 266
1077 90
1399 807
1642 409
1558 725
1080 470
1342 406
1360 232
1554 515
1605 868
1554 504
1398 407
1643 326
1558 210
1054 92
1082 639
1361 484
1594 56
1557 737
1053 263
1607 208
1343 29
1637 418
1362 421
1614 394
1608 855
1636 213
1638 186
1054 137
1083 549
1059 283
1357 865
1363 344
1645 351
1638 693
1082 804
1639 472
1640 315
1595 64
1063 400
1358 161
1364 869
1057 25
1400 148
1364 582
1646 294
1574 367
1084 222
1344 788
1401 997
1060 490
1649 548
1359 986
1366 969
1410 460
1609 511
1564 444
1058 771
1602 510
1085 799
1656 616
1345 329
1610 574
1647 34
1086 280
1563 722
1419 327
1648 826
1370 370
1565 31
1367 402
1566 800
1596 870
1651 250
1061 537
1652 588
1368 347
1061 791
1597 745
1058 77
1613 97
1346 246
1086 982
1655 252
1611 290
1409 247
1657 2
1655 612
1099 541
1568 273
1612 704
1347 620
1654 557
1657 342
1653 778
1369 360
1569 122
1098 258
1369 955
1089 950
1348 961
1098 415
1559 497
1402 211
1410 746
1106 471
1573 650
1612 26
1598 255
1412 505
1089 86
1110 781
1672 743
1117 164
1600 48
1090 885
1671 450
1101 214
1404 57
1094 506
1418 136
1659 821
1113 701
1403 539
1097 194
1670 882
1092 832
1095 995
1599 920
1601 51
1094 521
1093 302
1109 844
1560 942
1108 921
1406 851
1417 975
1673 452
1096 696
1413 919
1570 318
1102 561
1112 103
1391 408
1111 977
1407 254
1110 20
1674 172
1116 827
1571 630
1104 739
1373 458
1659 812
1414 567
1105 946
1621 69
1415 159
1675 195
1561 13
1675 61
1408 902
1114 547
1562 385
1115 850
1685 99
1623 345
1615 94
1572 128
1380 168
1660 235
1376 600
1173 85
1619 1
1124 601
1379 383
1119 938
1620 847
1624 963
1633 393
1374 363
1123 873
1119 678
1378 528
1124 84
1385 971
1663 303
1377 571
1678 358
1683 372
1580 994
1164 245
1625 292
1375 165
1575 54
1428 542
1616 389
1135 219
1581 201
1676 488
1669 872
1626 897
1126 89
1426 353
1617 989
1582 117
1126 635
1627 992
1626 783
1152 325
1677 935
1429 572
1151 427
1590 312
1127 792
1665 100
1632 284
1436 544
1132 846
1667 759
1575 467
1680 789
1133 462
1164 966
1129 331
1590 63
1130 419
1165 434
1420 681
1427 233
1667 147
1154 564
1120 956
1430 883
1631 714
1383 918
1588 923
1153 744
1156 239
1433 527
1384 912
1431 494
1420 153
1156 328
1122 44
1382 275
1134 598
1576 392
1668 231
1386 489
1421 825
1583 669
1388 676
1681 817
1122 338
1390 642
1423 754
1584 715
1134 599
1585 465
1589 976
1587 627
1680 810
1424 772
1166 251
1629 349
1167 638
1168 723
1389 617
1425 876
1150 523
1681 987
1387 991
1631 24
1432 348
1171 653
1586 143
1389 554
1157 577
1630 244
1425 289
1433 52
1142 253
1137 840
1630 466
1432 138
1138 916
1159 486
1158 652
1836 766
1693 87
1872 716
1160 198
1996 747
1887 641
1873 666
1872 937
1138 228
1140 391
1874 432
1142 613
1149 163
1148 809
1161 237
1161 728
1709 449
1162 335
1141 5
1709 624
1875 605
1170 811
1888 22
1711 974
1144 387
1842 368
1745 154
1144 492
1693 501
1887 441
1145 565
1839 384
1687 451
1710 423
1741 787
1686 174
1147 265
1686 893
1146 663
1694 719
1837 485
1212 960
1715 538
1711 951
1838 229
1842 58
1695 59
1840 590
1688 170
1712 758
1697 3
1841 288
1886 774
1718 362
1713 545
1210 373
1740 700
1692 68
1691 711
1889 443
1744 858
1740 316
1743 446
1174 151
1209 805
1714 633
1690 750
1765 859
1746 703
1854 668
1211 270
1211 615
1177 857
1270 580
1876 369
1849 230
1883 934
1890 412
1719 317
1746 299
1177 718
1720 990
1890 71
1877 939
1729 573
1844 83
1763 734
1708 420
1862 405
1215 983
1881 648
1178 93
1871 439
1722 608
1174 721
1892 187
1181 753
1893 496
1180 852
1213 880
1849 190
1844 900
1216 17
1882 698
1855 21
1850 113
1749 569
1723 536
1214 877
1698 37
1885 50
1879 279
1861 277
1861 679
1725 386
1232 332
1845 493
1856 300
1729 706
1880 970
1750 636
1175 520
1758 356
1846 705
1748 702
1699 440
1751 834
1870 540
1903 647
1188 875
1764 272
1185 196
1182 249
1189 455
1896 853
1898 264
1897 531
1894 816
1700 526
1864 593
1899 417
1184 39
1757 629
1726 685
1728 411
1758 619
1900 224
1901 30
1852 843
1231 953
1727 319
1858 519
1859 924
1176 621
1847 480
1186 314
1995 55
1187 604
1752 587
1219 597
1207 157
1702 8
1848 818
1739 769
1865 535
1761 430
1218 831
1902 361
1869 529
1701 901
1219 522
1753 101
1867 260
1895 665
1223 381
1733 841
1759 72
1703 695
1702 558
1730 625
1868 757
1705 585
1902 15
1198 863
1706 815
1190 649
1190 119
1707 594
1868 139
1860 948
1220 675
1904 909
1754 984
1737 767
1191 336
1199 796
1866 121
1732 36
1755 177
1731 378
1733 120
1224 243
1756 867
1734 889
1225 891
1738 657
1225 802
1222 160
1202 508
1994 498
1735 516
1953 9
1228 908
1953 352
1192 779
1926 183
1954 632
1756 904
1946 297
1205 223
1927 127
1769 169
1966 313
1193 911
1918 553
1200 227
1947 596
1227 16
1915 337
1928 503
1948 296
1194 981
1818 655
1227 609
1203 988
1201 454
1928 957
1771 14
1949 899
1916 860
1917 985
1966 726
1777 390
1907 309
1230 395
1955 768
1768 45
1967 433
1766 933
1195 712
1768 760
1204 102
1774 944
1919 954
1775 697
1196 894
1767 459
1919 819
1930 380
1931 144
1952 359
1818 379
1778 509
1230 98
1958 35
1908 879
1195 660
1907 149
1776 382
1781 179
1920 184
1810 552
1778 500
1968 126
1835 116
1913 645
1242 614
1810 293
1242 203
1969 27
1819 200
1960 795
1909 499
1770 109
1911 940
1269 330
1770 487
1244 651
1780 690
1950 274
1811 79
1964 42
1823 586
1912 886
1821 623
1970 507
1914 457
1817 833
1971 197
1971 732
1245 114
1965 333
1792 560
1970 388
1993 628
1821 217
1233 915
1247 710
1233 965
1246 156
1812 943
1965 483
1794 856
1925 287
1248 910
1814 474
1782 607
1259 731
1962 301
1972 978
1921 543
1993 556
1793 322
1816 517
1815 546
1796 107
1797 212
1923 874
1791 191
1782 282
1922 801
1992 949
1254 793
1256 41
1258 135
1798 112
1783 576
1808 447
1834 414
1984 968
1267 166
1801 724
1784 755
1825 429
1979 215
1912 422
1825 435
1249 733
1250 478
1833 341
1980 28
1267 131
1983 106
1983 964
1809 905
1800 659
1785 276
1234 176
1251 150
1936 340
1261 80
1974 926
1985 749
1984 354
1803 579
1986 413
1987 204
1973 240
1252 610
1260 399
1934 376
1939 142
1266 688
1826 835
1939 397
1938 559
1827 798
1787 53
1974 73
1935 962
1236 261
1934 770
1788 78
1829 47
1988 514
1235 929
1237 803
1262 320
1975 81
1828 18
1829 683
1802 854
1978 307
1240 689
1807 285
1941 0
1253 91
1238 111
1940 167
1991 6
1976 773
1263 570
1241 671
1944 108
1940 171
1790 532
1990 426
1265 364
1265 578
1804 748
1832 374
1253 334
1945 76
1830 162
1264 765
1990 555
1805 306
1977 550
1831 207
1241 410
1943 173
1806 205
1806 311
1789 861
1789 475
1001 1000
1005 1001
1003 1002
1000 1003
1002 1004
1006 1005
1014 1006
1008 1007
1010 1008
1011 1009
1009 1010
1012 1011
1013 1012
1118 1013
1007 1014
1016 1015
1017 1016
1022 1017
1029 1018
1020 1019
1021 1020
1034 1021
1001 1022
1020 1023
1023 1024
1006 1025
1027 1026
1028 1027
1030 1028
1019 1029
1018 1030
1033 1031
1031 1032
1030 1033
1025 1034
1036 1035
1037 1036
1042 1037
1042 1038
1038 1039
1041 1040
1064 1041
1040 1042
1045 1043
1045 1044
1046 1045
1047 1046
1048 1047
1049 1048
1041 1049
1052 1050
1053 1051
1051 1052
1056 1053
1055 1054
1056 1055
1059 1056
1055 1057
1057 1058
1063 1059
1062 1060
1062 1061
1099 1062
1060 1063
1050 1064
1088 1065
1065 1066
1066 1067
1066 1068
1070 1069
1076 1070
1072 1071
1073 1072
1074 1073
1070 1074
1072 1075
1067 1076
1087 1077
1077 1078
1078 1079
1079 1080
1080 1081
1081 1082
1079 1083
1083 1084
1084 1085
1085 1086
1068 1087
1046 1088
1091 1089
1097 1090
1090 1091
1116 1092
1092 1093
1093 1094
1106 1095
1107 1096
1095 1097
1100 1098
1100 1099
1117 1100
1107 1101
1105 1102
1115 1103
1114 1104
1104 1105
1096 1106
1102 1107
1103 1108
1108 1109
1109 1110
1113 1111
1111 1112
1103 1113
1112 1114
1173 1115
1091 1116
1101 1117
1043 1118
1121 1119
1129 1120
1130 1121
1136 1122
1135 1123
1123 1124
1131 1125
1125 1126
1132 1127
1127 1128
1131 1129
1120 1130
1128 1131
1153 1132
1152 1133
1128 1134
1125 1135
1121 1136
1150 1137
1139 1138
1141 1139
1149 1140
1140 1141
1143 1142
1148 1143
1147 1144
1143 1145
1145 1146
1146 1147
1139 1148
1137 1149
1136 1150
1155 1151
1172 1152
1133 1153
1155 1154
1169 1155
1172 1156
1169 1157
1159 1158
1160 1159
1157 1160
1162 1161
1158 1162
1171 1163
1165 1164
1166 1165
1163 1166
1168 1167
1163 1168
1167 1169
1212 1170
1170 1171
1154 1172
1151 1173
1175 1174
1176 1175
1189 1176
1178 1177
1179 1178
1180 1179
1181 1180
1213 1181
1183 1182
1188 1183
1183 1184
1184 1185
1182 1186
1186 1187
1179 1188
1185 1189
1191 1190
1192 1191
1197 1192
1205 1193
1197 1194
1196 1195
1194 1196
1193 1197
1207 1198
1198 1199
1206 1200
1206 1201
1199 1202
1200 1203
1203 1204
1201 1205
1202 1206
1187 1207
1270 1208
1210 1209
1208 1210
1209 1211
1208 1212
1232 1213
1216 1214
1217 1215
1217 1216
1231 1217
1220 1218
1218 1219
1997 1220
1222 1221
1226 1222
1226 1223
1706 1224
1997 1225
1705 1226
1229 1227
1221 1228
1228 1229
1229 1230
1223 1231
1214 1232
1234 1233
1239 1234
1236 1235
1237 1236
1238 1237
1268 1238
1235 1239
1239 1240
1240 1241
1243 1242
1204 1243
1269 1244
1244 1245
1245 1246
1246 1247
1247 1248
1254 1249
1255 1250
1249 1251
1251 1252
1268 1253
1250 1254
1258 1255
1257 1256
1248 1257
1257 1258
1256 1259
1266 1260
1255 1261
1260 1262
1262 1263
1263 1264
1264 1265
1261 1266
1259 1267
1252 1268
1243 1269
1215 1270
1272 1271
1273 1272
1274 1273
1275 1274
1276 1275
1335 1276
1279 1277
1276 1278
1278 1279
1284 1280
1280 1281
1281 1282
1282 1283
1277 1284
1283 1285
1285 1286
1290 1287
1287 1288
1286 1289
1289 1290
1296 1291
1291 1292
1292 1293
1293 1294
1294 1295
1299 1296
1299 1297
1297 1298
1301 1299
1306 1300
1300 1301
1310 1302
1352 1303
1305 1304
1303 1305
1307 1306
1313 1307
1309 1308
1312 1309
1303 1310
1312 1311
1304 1312
1308 1313
1315 1314
1316 1315
1317 1316
1318 1317
1298 1318
1334 1319
1319 1320
1320 1321
1325 1322
1322 1323
1323 1324
1321 1325
1333 1326
1326 1327
1327 1328
1327 1329
1329 1330
1330 1331
1331 1332
1334 1333
1316 1334
1295 1335
1337 1336
1339 1337
1355 1338
1372 1339
1341 1340
1342 1341
1343 1342
1344 1343
1345 1344
1346 1345
1347 1346
1348 1347
1391 1348
1356 1349
1351 1350
1437 1351
1437 1352
1354 1353
1338 1354
1349 1355
1339 1356
1362 1357
1357 1358
1358 1359
1371 1360
1360 1361
1365 1362
1365 1363
1363 1364
1361 1365
1359 1366
1370 1367
1367 1368
1368 1369
1366 1370
1338 1371
1340 1372
1378 1373
1379 1374
1374 1375
1375 1376
1376 1377
1377 1378
1381 1379
1408 1380
1380 1381
1388 1382
1382 1383
1383 1384
1381 1385
1436 1386
1390 1387
1387 1388
1384 1389
1386 1390
1373 1391
1393 1392
1395 1393
1397 1394
1399 1395
1397 1396
1398 1397
1400 1398
1396 1399
1401 1400
1419 1401
1405 1402
1418 1403
1403 1404
1404 1405
1405 1406
1406 1407
1407 1408
1402 1409
1412 1410
1413 1411
1417 1412
1416 1413
1685 1414
1414 1415
1415 1416
1411 1417
1411 1418
1409 1419
1422 1420
1430 1421
1421 1422
1422 1423
1423 1424
1424 1425
1429 1426
1426 1427
1416 1428
1434 1429
1435 1430
1435 1431
1431 1432
1427 1433
1428 1434
1434 1435
1385 1436
1353 1437
1439 1438
1440 1439
1455 1440
1455 1441
1443 1442
1444 1443
1458 1444
1454 1445
1445 1446
1448 1447
1453 1448
1450 1449
1451 1450
1452 1451
1453 1452
1446 1453
1441 1454
1442 1455
1491 1456
1486 1457
1459 1458
1457 1459
1501 1460
1463 1461
1467 1462
1462 1463
1463 1464
1501 1465
1476 1466
1468 1467
1466 1468
1468 1469
1469 1470
1470 1471
1474 1472
1472 1473
1471 1474
1464 1475
1465 1476
1484 1477
1500 1478
1480 1479
1481 1480
1478 1481
1481 1482
1482 1483
1487 1484
1477 1485
1456 1486
1488 1487
1490 1488
1516 1489
1489 1490
1485 1491
1496 1492
1483 1493
1492 1494
1496 1495
1493 1496
1495 1497
1494 1498
1498 1499
1491 1500
1459 1501
1503 1502
1505 1503
1505 1504
1506 1505
1509 1506
1509 1507
1507 1508
1513 1509
1508 1510
1518 1511
1510 1512
1511 1513
1517 1514
1523 1515
1514 1516
1524 1517
1530 1518
1552 1519
1519 1520
1520 1521
1521 1522
1522 1523
1515 1524
1528 1525
1515 1526
1525 1527
1526 1528
1517 1529
1539 1530
1532 1531
1533 1532
1534 1533
1538 1534
1534 1535
1537 1536
1551 1537
1537 1538
1536 1539
1543 1540
1540 1541
1550 1542
1549 1543
1542 1544
1542 1545
1540 1546
1550 1547
1547 1548
1634 1549
1541 1550
1544 1551
1530 1552
1529 1553
1555 1554
1556 1555
1574 1556
1556 1557
1557 1558
1573 1559
1559 1560
1562 1561
1560 1562
1568 1563
1563 1564
1564 1565
1565 1566
1566 1567
1569 1568
1570 1569
1571 1570
1578 1571
1615 1572
1567 1573
1567 1574
1589 1575
1577 1576
1584 1577
1633 1578
1581 1579
1579 1580
1582 1581
1588 1582
1587 1583
1583 1584
1576 1585
1585 1586
1836 1587
1577 1588
1586 1589
1579 1590
1594 1591
1591 1592
1592 1593
1595 1594
1602 1595
1597 1596
1598 1597
1599 1598
1600 1599
1601 1600
1621 1601
1596 1602
1605 1603
1603 1604
1606 1605
1607 1606
1614 1607
1606 1608
1608 1609
1609 1610
1613 1611
1611 1612
1610 1613
1593 1614
1578 1615
1572 1616
1628 1617
1617 1618
1623 1619
1618 1620
1622 1621
1620 1622
1662 1623
1622 1624
1662 1625
1625 1626
1632 1627
1616 1628
1627 1629
1629 1630
1628 1631
1618 1632
1580 1633
1684 1634
1641 1635
1644 1636
1644 1637
1641 1638
1640 1639
1646 1640
1636 1641
1643 1642
1645 1643
1639 1644
1637 1645
1650 1646
1650 1647
1647 1648
1648 1649
1658 1650
1658 1651
1653 1652
1654 1653
1682 1654
1656 1655
1651 1656
1649 1657
1652 1658
1660 1659
1661 1660
1619 1661
1624 1662
1661 1663
1669 1664
1666 1665
1664 1666
1664 1667
1666 1668
1683 1669
1673 1670
1672 1671
1670 1672
1678 1673
1682 1674
1674 1675
1665 1676
1676 1677
1679 1678
1677 1679
1679 1680
1668 1681
1671 1682
1663 1683
1635 1684
1561 1685
1687 1686
1688 1687
1689 1688
1692 1689
1708 1690
1690 1691
1691 1692
1694 1693
1695 1694
1696 1695
1697 1696
1689 1697
1699 1698
1700 1699
1704 1700
1704 1701
1701 1702
1224 1703
1707 1704
1705 1706
1703 1707
1698 1708
1710 1709
1717 1710
1716 1711
1713 1712
1714 1713
1765 1714
1717 1715
1715 1716
1712 1717
1716 1718
1721 1719
1721 1720
1718 1721
1719 1722
1722 1723
1723 1724
1724 1725
1724 1726
1728 1727
1726 1728
1720 1729
1738 1730
1730 1731
1731 1732
1736 1733
1732 1734
1734 1735
1735 1736
1739 1737
1737 1738
1727 1739
1741 1740
1742 1741
1763 1742
1742 1743
1743 1744
1744 1745
1745 1746
1748 1747
1749 1748
1750 1749
1725 1750
1747 1751
1762 1752
1752 1753
1762 1754
1754 1755
1755 1756
1764 1757
1760 1758
1760 1759
1761 1760
1753 1761
1757 1762
1751 1763
1747 1764
1696 1765
1773 1766
1772 1767
1767 1768
1736 1769
1772 1770
1766 1771
1771 1772
1769 1773
1835 1774
1776 1775
1781 1776
1774 1777
1779 1778
1775 1779
1779 1780
1777 1781
1785 1782
1808 1783
1783 1784
1788 1785
1784 1786
1786 1787
1787 1788
1790 1789
1786 1790
1798 1791
1780 1792
1795 1793
1792 1794
1794 1795
1799 1796
1796 1797
1797 1798
1795 1799
1809 1800
1799 1801
1807 1802
1800 1803
1802 1804
1804 1805
1805 1806
1803 1807
1791 1808
1801 1809
1811 1810
1817 1811
1813 1812
1816 1813
1824 1814
1834 1815
1793 1816
1812 1817
1819 1818
1820 1819
1823 1820
1820 1821
1814 1822
1822 1823
1815 1824
1822 1825
1833 1826
1826 1827
1827 1828
1830 1829
1831 1830
1832 1831
1828 1832
1824 1833
1813 1834
1773 1835
1996 1836
1839 1837
1841 1838
1843 1839
1843 1840
1840 1841
1837 1842
1854 1843
1845 1844
1846 1845
1853 1846
1995 1847
1853 1848
1850 1849
1851 1850
1852 1851
1848 1852
1847 1853
1871 1854
1856 1855
1857 1856
1870 1857
1857 1858
1860 1859
1858 1860
1906 1861
1906 1862
1865 1863
1863 1864
1866 1865
1869 1866
1863 1867
1867 1868
1859 1869
1851 1870
1855 1871
1875 1872
1886 1873
1873 1874
1874 1875
1878 1876
1862 1877
1877 1878
1878 1879
1879 1880
1883 1881
1885 1882
1884 1883
1893 1884
1880 1885
1876 1886
1888 1887
1889 1888
1891 1889
1891 1890
1892 1891
1881 1892
1882 1893
1905 1894
1894 1895
1905 1896
1898 1897
1899 1898
1896 1899
1897 1900
1900 1901
1901 1902
1884 1903
1895 1904
1903 1905
1864 1906
1908 1907
1909 1908
1910 1909
1911 1910
1913 1911
1914 1912
1920 1913
1910 1914
1926 1915
1929 1916
1933 1917
1917 1918
1933 1919
1924 1920
1922 1921
1923 1922
1925 1923
1918 1924
1924 1925
1916 1926
1915 1927
1929 1928
1930 1929
1932 1930
1950 1931
1931 1932
1927 1933
1935 1934
1938 1935
1921 1936
1936 1937
1937 1938
1942 1939
1941 1940
1942 1941
1943 1942
1944 1943
1945 1944
1937 1945
1947 1946
1994 1947
1946 1948
1948 1949
1951 1950
1949 1951
1951 1952
1954 1953
1955 1954
1956 1955
1958 1956
1959 1957
1952 1958
1956 1959
1969 1960
1960 1961
1963 1962
1964 1963
1959 1964
1957 1965
1967 1966
1968 1967
1961 1968
1963 1969
1961 1970
1962 1971
1957 1972
1975 1973
1973 1974
1976 1975
1977 1976
1978 1977
1991 1978
1980 1979
1981 1980
1992 1981
1979 1982
1982 1983
1985 1984
1986 1985
1987 1986
1981 1987
1982 1988
1988 1989
1989 1990
1989 1991
1972 1992
1932 1993
1904 1994
1759 1995
1838 1996
1221 1997
