steiner points
80 392
53 444
473 92
903 300
473 300
473 379
237 379
473 886
473 1389
1332 1301
1056 1301
698 1389
481 1594
462 1802
473 1055
1731 214
1465 214
1624 586
1487 586
1351 214
1465 734
1465 751
1465 586
1374 989
1700 1263
1478 1278
1462 1278
1374 1278
1478 1470
1478 1544
2019 1592
1623 1592
1587 1592
1478 1331
481 1389
415 1389
2334 137
2459 150
2562 185
2735 203
2735 402
3191 458
3144 442
2775 442
3297 458
3607 458
3800 458
3390 458
3191 543
2539 984
2577 1031
2622 1059
2568 1286
2166 1592
3191 808
2960 809
2960 944
2893 1059
2960 1059
2960 1228
2960 1401
3452 1440
3765 1475
3545 1475
3731 1475
3239 1440
2577 1059
3191 663
1587 1888
92 2391
92 2703
92 2763
822 2229
822 2356
894 2403
894 2434
588 2918
618 2918
886 2918
886 2956
588 3128
894 2562
341 2356
220 3761
575 3761
588 3761
792 3761
879 3791
220 3789
220 3986
588 3422
340 4301
477 4401
340 4401
535 4517
555 4608
535 4608
762 4608
718 4608
120 5127
120 5229
274 5229
758 5276
188 5476
384 5413
274 5413
558 5413
762 4690
758 4946
582 5276
558 5565
762 4944
237 4165
1587 2200
1791 2375
1791 2711
1718 2872
2021 2872
2035 2676
1909 2872
2082 2794
2035 2794
1791 2872
2021 3112
2021 3383
1998 3383
2021 3244
3149 2405
3149 2530
3149 2688
3567 2688
2942 2973
2667 2973
2667 3097
2667 3158
2667 3185
2667 3479
3594 2582
3287 2688
3567 3081
3567 3090
3668 3090
3668 3295
3668 3332
3011 2973
2446 2794
1653 3731
1442 3731
1372 3791
1184 3791
1035 3791
1372 3821
1372 4007
1519 4466
1307 4474
1307 4830
1533 4936
1307 4980
1362 4980
1453 4980
2139 4682
1806 4861
1362 5264
1525 5467
1375 5467
1362 5467
1235 5496
1362 5070
1519 4129
2648 3592
2648 3677
2723 4142
2800 4378
3033 4378
2603 4682
2052 4682
2529 4682
2222 4682
2786 4688
3199 3897
3408 3897
3518 3897
3408 4061
3517 4066
2874 4378
3033 4523
3517 4196
3431 4347
3102 4523
3581 4529
3431 4529
3431 4523
3617 4529
3517 4248
3033 4688
2730 5197
2312 5197
2416 5197
2228 5233
2416 5260
2220 5365
2220 5715
3287 4992
3033 4896
2934 4992
2228 5197
3766 5117
3017 5197
2862 5197
3040 5406
3756 5702
3535 5702
3218 5702
3535 5761
3040 5702
2934 5197
3033 4992
1847 4682
2648 3874
1140 3791
1587 1957
4405 543
4378 695
3996 695
4378 703
4378 872
4378 1035
4378 1475
4105 1475
4378 1408
4988 20
4988 156
4988 255
5125 255
5125 536
5058 536
5177 652
5177 814
5454 1045
5177 1045
4992 1045
5177 825
5125 429
5690 849
5690 1045
5810 1095
5690 1095
6229 648
6229 957
6229 959
5982 1238
6026 1238
6229 1238
6321 1296
5810 1238
5479 1045
4751 1035
4775 1815
4679 1815
4567 1815
4557 1815
4378 1519
4378 1815
4293 1941
4293 2006
4264 2172
4264 2248
4264 2299
4238 2385
4264 2385
4293 2158
4418 2691
4419 2973
4419 3024
3993 3101
4301 3101
4419 3124
4387 3124
4419 3482
4526 3769
4419 3584
4932 2625
4827 2667
4827 2889
4827 3024
4686 3024
4349 2542
5157 1791
5260 2007
5527 2025
5537 2135
6152 2179
5926 1764
6208 1764
6208 1969
5626 2158
6067 2179
6208 2126
5793 2179
5380 2025
4827 2625
5050 3155
5073 3240
4972 3293
5233 3289
5073 3293
6152 2542
5751 2693
5751 2941
6152 2500
5906 2542
6250 2854
6329 2854
6329 2598
6154 2967
6133 3032
6133 3145
6133 3202
6133 3350
6400 2854
5751 2542
6133 3557
5983 3886
5604 3905
5607 3905
5977 3905
6133 3641
5154 3293
6152 2434
4827 3082
4293 1877
7208 301
6994 330
7017 330
7083 330
6800 625
6712 625
6712 679
6884 957
6912 957
6712 957
6914 1072
6712 1009
7543 768
7398 791
7490 791
7398 941
7310 1072
7585 1192
7398 1072
6829 512
7001 1617
7585 1384
6550 1617
7171 1617
7614 1795
7614 1807
7614 1900
7093 1617
7585 1617
8159 378
8232 724
8183 724
8159 724
7862 759
8782 449
8704 581
8618 607
8618 724
9595 858
9365 858
8510 724
8232 1241
8232 1394
8498 1663
8255 1663
8498 1698
8498 1931
8808 1931
8232 1649
9498 332
9595 555
9595 709
9175 858
8775 858
9635 888
9365 964
9365 1328
9365 1573
9621 1603
9621 1720
8618 858
8232 1027
8074 2254
8011 2254
6687 2689
6448 2854
6673 3096
6673 3099
6673 3278
7620 2459
7840 2459
7458 2459
7190 2459
7840 2523
7700 2851
7770 2851
7840 2851
6964 2544
7314 3310
7657 3051
7386 3286
7820 3493
7657 3286
7715 3493
7100 2544
6957 4145
7820 3865
8114 3939
8060 3939
7884 3939
8227 3939
7884 4067
7706 4162
7180 4171
7657 3493
8498 2043
8552 2543
8839 2399
8498 2524
8949 2322
9218 2322
9055 2322
9218 2582
9218 2626
8761 2711
8761 2543
8755 3035
8673 3120
8673 3202
9123 3322
9225 3322
9042 3447
9781 2391
9644 2391
9644 2515
9521 2626
9722 2945
9521 2856
9759 2987
9521 2945
9374 2626
8409 3598
8527 3598
8660 3685
8673 3685
9031 3685
9505 3724
9484 3724
9031 3724
9505 3900
9513 3938
9031 3836
8227 4005
8450 2524
6673 2854
4285 4536
4058 4558
4029 4706
4029 4724
4029 4984
4107 4987
4203 5212
4203 5286
4203 5330
4206 5403
4206 5516
4107 5118
4672 4527
5063 4527
4973 4527
4955 4527
5137 4816
4955 4588
4887 4816
4887 5048
5279 4918
5469 4342
5403 4542
5332 4673
4955 4816
5279 4816
4887 4999
5448 5334
5499 5384
5562 5384
5792 5516
5693 5448
5783 5448
5340 5253
5340 5022
4414 4527
6416 4486
6588 4486
6630 4423
6305 4571
6630 4486
6612 4842
6612 5071
6612 5215
6431 5516
5971 5516
6612 5516
7180 4356
7016 4364
7226 4356
6977 4423
7762 4381
7640 4417
7582 4356
7120 4364
7595 4643
7582 4565
7611 4833
7505 5030
7399 5030
7399 5087
7399 5182
7330 5326
7221 5402
7221 5420
7221 5707
7945 5433
7687 5264
7797 5433
7399 5264
7611 4944
6630 4657
9027 4447
8546 4447
8390 4447
8390 4499
8390 4741
8660 4937
8390 4937
8660 5272
8660 5391
8660 5460
8647 5531
8647 5611
8777 5656
8840 5656
8973 5656
8437 5611
8660 5226
9390 4692
9500 4692
9500 4942
9520 5190
9683 5190
9467 5195
9513 5549
9303 5426
9465 5395
9558 5618
9465 5426
9500 5190
9236 4692
8073 5611
6256 5516
7582 4417
3850 1475
856 5994
521 6112
330 6206
338 6206
462 6206
252 6206
330 6351
330 6548
953 5913
554 5994
925 6198
1308 6309
1110 6309
1445 6103
1703 6103
1588 6103
1703 6143
1709 6231
925 6309
925 5994
368 6750
368 6892
368 6944
1305 7015
1018 7154
368 7141
896 7154
815 7598
1036 7389
1036 7598
479 7862
170 7862
680 8022
680 8204
680 7862
1537 7015
1598 7330
1598 7470
1598 7602
1593 7774
1593 7802
1593 8108
1036 7154
506 7154
2509 5989
2017 5868
2220 5802
2681 6073
2100 6618
2233 6693
2307 6693
2326 6681
2372 6681
2752 6681
2390 7307
2233 7209
2233 6954
2618 7383
2117 7209
2220 5868
2702 7867
2589 7801
2618 7617
2308 7874
2589 7867
2790 8104
2790 8140
2483 7874
2017 6231
199 8748
296 8748
296 8885
296 9099
652 8357
652 8648
652 8743
652 8885
652 8921
599 8885
1140 8603
951 8603
951 8689
1199 8613
1435 8704
1348 8704
1199 8603
951 8882
951 8921
951 9075
2064 8546
1265 8704
1205 8704
1532 8704
835 8921
2395 8546
2259 8546
1805 8546
2395 8600
2395 8662
2395 8998
2381 8998
2477 8998
2639 8998
2395 8780
2238 8998
1532 8937
980 9259
980 9331
980 9314
973 9706
670 9731
852 9731
852 9756
852 9845
839 9852
994 9547
1303 9394
1462 9440
1462 9507
1462 9806
1623 9809
1634 9903
1634 9956
1745 9903
2291 9888
2008 9888
2244 9888
1934 9903
2291 9967
1375 9394
994 9394
708 8921
3297 6244
3103 6268
4461 6018
3836 6018
4664 6157
3636 6214
3466 6214
3154 6244
3466 6244
4893 6157
4768 6157
3724 6018
3724 6214
3380 6861
3108 6914
3108 7093
3108 7276
3448 7276
3724 6433
3778 6834
3593 6861
3727 6861
4111 7134
3846 7134
3918 7209
3918 7690
3727 6945
4273 6972
3918 7134
4252 7134
4252 7183
4644 7205
4911 7266
5062 7296
4940 7296
4940 7413
4940 7584
4368 7205
3778 6676
3244 8058
3276 8078
3329 8412
3276 8219
3276 8156
3390 8412
3000 8443
3651 8412
3000 8219
3356 8826
3356 8637
3351 8753
3356 8753
3375 9417
3375 9438
3375 9694
3359 8903
3356 8869
3727 7967
3727 7840
3706 7967
4398 8082
4148 8082
3986 8082
4419 8134
4460 8146
4894 8292
4318 8575
4318 8856
4389 8464
4771 8292
4460 8292
4894 8589
3760 8410
4370 9068
4010 9146
4010 9228
4295 9228
4370 9228
3985 9396
4768 9262
4768 9398
4768 9656
4665 9262
4370 8910
3390 8544
3760 8082
5634 6423
5436 6986
5797 6695
5797 6986
5797 7161
5173 7296
5436 7161
5392 7296
6016 7092
5245 7858
5392 7341
5392 7565
6723 5990
6723 6209
6412 6237
6723 6237
6173 6384
6173 6466
6209 7161
5797 7092
6230 7116
6009 7092
6725 6778
6548 6839
6548 6885
6548 7020
6548 7116
6970 7183
6678 7183
6471 7116
6725 6692
6423 7502
6419 7522
6089 7522
6089 7407
6309 7660
6187 7909
6309 7766
6326 7983
6309 7909
6309 7522
6089 7161
5709 8448
5709 8570
5533 8611
5482 8611
5310 8611
5709 8611
5533 8930
5514 8932
5514 9092
5514 9100
5626 9100
6538 8943
5449 9199
5533 8660
5449 9441
5593 9569
5842 9881
5751 9881
5707 9881
5449 9541
6732 8200
6400 8042
6538 8882
6463 9093
6008 9093
6463 9251
6463 9482
6599 9654
6599 9867
6599 9561
6591 8378
5983 9093
6591 8200
5392 7858
7094 6583
7094 6765
7076 7075
7641 6285
7641 6413
7201 6555
7641 7109
7641 6905
7854 6817
7693 6817
7641 6739
7641 6555
8332 6121
8332 6300
8072 6817
8265 6305
8388 6655
8078 6737
8265 6655
8391 7027
8776 7027
8705 7120
8265 6737
8265 7027
7641 6817
7118 7837
7118 7993
7734 8070
7817 7352
7756 7378
7738 7507
7738 7575
7738 7697
7738 7727
7734 7762
7734 7821
7734 8058
7313 8070
7118 8070
7743 8070
8612 7697
8493 7813
8413 8003
8185 8003
8081 8003
8413 8228
8027 8070
7756 7352
9720 6108
9674 6108
9354 6108
9645 6108
9199 6612
9443 6612
9354 6481
9199 6690
9354 6612
8986 7307
9095 7397
9443 6881
9443 6962
9443 7050
9634 7155
9379 7377
9349 7403
9381 7581
9225 7403
9349 7564
9473 7699
9473 7729
9473 7795
9473 7890
9533 8098
9349 7581
9443 7155
8776 7120
7426 8568
7426 8675
7426 8919
7671 8919
7852 8919
7426 9090
8146 8834
8146 8919
8146 9044
8484 9048
7763 8919
7153 9370
7153 9391
7153 9482
7139 9680
7108 9829
7363 9365
7763 9120
7629 9714
8043 9403
8137 9403
8249 9403
8043 9728
8167 9839
7786 9728
8206 9839
8043 9659
8043 9839
7606 9663
7606 9365
8633 8438
8633 8587
8551 8785
8570 9054
9436 9167
9144 9187
9029 9209
8742 9239
8978 9239
8551 9048
8978 9594
8978 9431
9077 9951
8786 9594
9751 8540
9739 8760
9739 9129
9670 9167
9739 9167
9739 9336
9159 9167
8146 9048
8610 8301
6548 7183
2894 8219
2017 6361
edges
1230 520
1230 25
1036 747
1002 970
1247 85
1015 403
1019 550
1002 431
1365 559
1036 819
1331 314
1037 397
1231 552
1360 351
1223 712
1038 647
1039 274
1015 698
1044 738
1380 749
1233 439
1003 743
1333 27
1046 38
1232 720
1003 585
1331 308
1019 39
1332 442
1380 904
1334 136
1360 362
1006 441
1042 897
1000 994
1221 253
1040 687
1242 908
1043 591
1001 218
1365 813
1045 107
1047 931
1350 871
1235 40
1048 955
1221 860
1381 892
1046 258
1017 91
1366 420
1018 524
1336 519
1235 634
1367 457
1335 822
1017 267
1247 94
1236 671
1067 624
1337 222
1223 962
1243 980
1224 660
1382 696
1344 399
1001 344
1362 306
1371 807
1020 474
1021 611
1364 575
1343 495
1345 320
1054 723
1055 823
1383 961
1237 74
1241 11
1049 273
1243 952
1391 580
1225 868
1384 461
1007 209
1385 759
1339 605
1346 369
1056 796
1248 667
1338 458
1249 183
1386 491
1049 627
1023 400
1342 661
1392 781
1050 449
1256 753
1255 504
1014 708
1057 243
1051 854
1347 933
1341 570
1245 935
1385 701
1246 145
1240 45
1348 848
1010 893
1059 328
1024 542
1250 126
1372 490
1064 853
1024 47
1342 359
1238 388
1026 343
1052 207
1253 283
1009 816
1387 367
1033 932
1035 164
1251 734
1253 969
1352 544
1035 158
1373 240
1060 583
1229 579
1011 779
1571 943
1061 251
1254 479
1028 299
1228 194
1261 704
1351 259
1029 276
1354 839
1031 934
1063 911
1388 52
1053 984
1012 684
1374 407
1389 912
1353 116
1379 30
1258 995
1030 109
1293 826
1375 370
1292 256
1065 332
1376 54
1390 915
1390 636
1287 518
1358 469
1292 788
1287 35
1355 56
1257 212
1013 246
1356 148
1013 773
1260 828
1259 956
1330 689
1068 353
1378 547
1062 784
1357 375
1357 782
1378 498
1263 124
1220 252
1294 67
1257 903
1264 456
1288 180
1353 496
1289 434
1426 874
1072 489
1299 722
1297 281
1290 250
1270 201
1295 946
1265 675
1296 291
1393 674
1432 586
1113 22
1298 680
1443 323
1072 752
1430 363
1266 705
1394 768
1393 682
1444 616
1400 600
1267 577
1431 944
1127 143
1082 679
1114 517
1268 760
1268 263
1069 480
1443 928
1137 526
1428 202
1074 833
1127 195
1403 28
1075 835
1328 86
1402 135
1320 669
1309 376
1445 772
1404 216
1464 676
1128 983
1286 416
1310 123
1427 279
1408 801
1081 166
1137 786
1433 9
1281 761
1313 213
1300 758
1281 413
1451 809
1118 330
1415 886
1282 334
1118 996
1138 665
1395 810
1271 465
1307 948
1070 978
1434 539
1115 24
1435 737
1071 724
1120 825
1464 864
1145 429
1077 957
1274 713
1405 382
1396 155
1406 170
1311 157
1448 685
1319 331
1116 567
1407 425
1283 700
1076 383
1119 573
1308 898
1447 829
1079 598
1314 818
1131 909
1272 147
1449 347
1116 885
1144 282
1285 333
1315 891
1437 811
1410 742
1139 774
1329 546
1141 901
1397 513
1133 543
1398 510
1449 990
1275 655
1123 488
1140 62
1438 678
1277 210
1080 88
1450 646
1316 596
1301 453
1134 564
1135 379
1317 98
1439 930
1079 977
1441 178
1302 635
1126 777
1399 238
1274 797
1411 987
1304 872
1303 390
1142 477
1399 812
1409 422
1409 346
1071 652
1440 171
1143 940
1441 851
1318 232
1125 770
1124 785
1090 119
1303 609
1442 428
1327 460
1136 192
1278 869
1412 475
1425 77
1457 896
1125 188
1143 878
1414 316
1321 317
1453 293
1280 528
1169 887
1452 799
1086 557
1326 205
1170 236
1454 311
1083 406
1179 321
1146 352
1147 531
1458 186
1146 199
1419 525
1084 494
1279 508
1150 418
1416 31
1088 505
1149 245
1151 859
1462 90
1087 179
1417 639
1219 255
1181 618
1218 607
1322 423
1323 373
1181 225
1460 857
1323 623
1179 610
1279 13
1461 348
1418 650
1462 988
1089 417
1463 703
1152 981
1463 637
1182 959
1183 203
1422 849
1324 133
1461 599
1168 545
1171 298
1416 672
1325 43
1423 8
1112 861
1424 196
1186 668
1173 707
1193 224
1177 391
1487 914
1091 269
1556 307
1517 500
1487 613
1187 815
1539 740
1515 361
1514 621
1520 451
1504 371
1184 694
1517 533
1092 999
1502 918
1093 856
1172 766
1518 103
1516 511
1540 410
1538 92
1479 149
1480 455
1217 395
1192 576
1153 99
1154 765
1503 448
1541 302
1501 834
1094 387
1188 445
1478 3
1192 702
1466 304
1488 65
1097 728
1479 690
1467 176
1522 838
1505 182
1483 846
1098 515
1189 657
1095 315
1175 929
1521 817
1096 76
1537 64
1489 614
1174 75
1178 19
1107 318
1555 467
1567 767
1468 278
1505 249
1176 198
1469 165
1542 462
1190 711
1160 744
1484 795
1482 601
1155 112
1523 968
1507 794
1161 355
1525 771
1203 697
1486 604
1156 402
1543 938
1557 32
1111 821
1536 507
1108 879
1157 230
1159 131
1470 468
1471 588
1204 836
1202 385
1492 215
1500 939
1559 108
1544 882
1524 718
1485 36
1167 651
1508 764
1526 783
1195 189
1206 265
1477 951
1099 574
1196 162
1099 945
1206 775
1205 128
1527 81
1558 2
1560 798
1207 154
1472 979
1509 389
1101 541
1554 1
1208 850
1100 974
1198 248
1511 272
1499 106
1559 427
1199 446
1162 156
1533 277
1545 756
1109 645
1473 111
1199 275
1485 597
1528 975
1474 324
1102 558
1493 185
1163 688
1200 905
1498 443
1495 114
1546 349
1563 858
1529 663
1475 554
1209 841
1104 380
1530 866
1562 340
1532 297
1497 470
1534 640
1547 257
1164 177
1163 862
1103 965
1166 129
1552 709
1476 472
1510 633
1548 873
1476 310
1569 151
1561 486
1103 132
1110 717
1494 21
1110 803
1568 152
1564 217
1562 270
1512 234
1166 998
1550 450
1210 606
1496 78
1212 160
1210 681
1531 902
1201 296
1214 102
1552 325
1531 284
1564 206
1213 881
1213 895
1553 49
1551 522
1618 692
1617 587
1707 125
1580 630
1580 806
1869 481
1802 691
1713 501
1581 360
1916 97
1577 264
1616 920
1802 5
1572 592
1715 569
1706 68
1914 762
1587 20
1878 863
1917 532
1619 237
1585 521
1586 802
1915 193
1573 568
1878 571
1588 339
1619 266
1714 17
1713 130
1710 842
1790 444
1914 527
1582 110
1575 327
1577 643
1803 641
1709 751
1576 941
1589 287
1711 512
1804 452
1704 814
1708 305
1705 726
1712 899
1705 715
1869 578
1879 923
1881 366
1583 725
1578 242
1997 733
1584 619
1806 381
1870 883
1790 493
1722 876
1807 553
1920 832
1807 101
1918 432
1882 865
1579 169
1871 393
1590 608
1866 285
1625 105
1623 739
1919 229
1620 793
1717 309
1882 247
1742 16
1624 877
1921 960
1820 649
1622 350
1792 628
1883 778
1876 241
1592 303
1921 300
1867 454
1875 184
1812 82
1880 695
1723 653
1813 982
1791 392
1724 900
1874 239
1625 780
1925 497
1814 57
1593 658
1595 415
1873 141
1718 603
1731 261
1594 338
1730 937
1628 113
1926 792
1731 889
1791 875
1793 71
1810 404
1886 844
1607 949
1815 561
1885 374
1798 989
1927 673
1889 617
1868 847
1726 827
1811 127
1719 342
1872 55
1819 244
1887 356
1727 60
1597 683
1596 721
1928 529
1794 337
1808 612
1928 364
1615 401
1887 593
1734 73
1817 845
1598 140
1735 313
1630 958
1728 271
1995 746
1736 44
1818 997
1795 409
1721 843
1741 936
1737 26
1626 985
1923 506
1608 729
1721 644
1800 341
1894 197
1894 440
1720 991
1929 548
1895 80
1629 254
1630 763
1600 947
1924 924
1932 288
1824 837
1739 322
1906 286
1821 262
1609 235
1821 677
1896 96
1822 46
1933 280
1801 221
1891 354
1897 963
1931 426
1740 411
1599 755
1610 122
1634 686
1823 365
1909 79
1825 971
1939 523
1740 163
1729 534
1898 464
1906 48
1934 175
1601 93
1899 664
1935 312
1900 159
1603 852
1827 84
1611 6
1936 730
1633 615
1612 433
1907 942
1901 907
1891 437
1762 565
1799 295
1602 953
1632 910
1635 214
1639 629
1937 61
1826 791
1799 502
1826 42
1603 666
1865 867
1763 414
1763 654
1828 927
1743 120
1892 966
1910 0
1604 326
1764 51
1853 117
1743 138
1902 973
1635 7
1765 412
1903 805
1744 12
1766 563
1938 115
1637 473
1613 219
1912 790
1904 595
1938 976
1767 922
1638 710
1768 540
1747 226
1613 485
1852 631
1605 787
1905 220
1996 754
1911 398
1773 745
1852 29
1769 824
1832 345
1994 804
1645 200
1862 58
1835 622
1776 95
1745 748
1986 735
1750 368
1972 731
1942 121
1749 394
1832 516
1749 530
1772 144
1668 625
1651 174
1666 358
1986 776
1788 757
1667 602
1641 732
1942 566
1833 503
1770 459
1657 482
1973 168
1775 424
1836 59
1669 917
1652 537
1948 741
1837 430
1654 750
1661 386
1753 292
1646 41
1836 211
1845 538
1670 436
1943 638
1656 551
1642 290
1653 582
1655 438
1663 514
1775 626
1662 716
1647 301
1641 329
1754 993
1754 659
1987 260
1675 992
1974 181
1752 161
1948 10
1863 820
1771 789
1760 83
1946 204
1658 890
1854 223
1650 142
1759 18
1787 208
1945 870
1665 14
1838 357
1676 884
1839 556
1677 146
1843 800
1649 594
1703 134
1674 447
1674 632
1677 72
1676 405
1950 4
1672 63
1951 15
1975 191
1993 986
1777 289
1660 233
1947 34
1840 656
1856 620
1778 562
1644 925
1842 916
1947 954
1644 187
1992 808
1959 471
1988 335
1778 888
1673 536
1976 693
1989 408
1977 118
1844 66
1978 227
1780 555
1979 727
1857 589
1678 100
1783 466
1963 492
1680 484
1786 572
1679 921
1991 535
1962 483
1958 173
1953 906
1701 231
1954 670
1688 736
1782 719
1784 581
1961 33
1756 419
1983 964
1757 549
1689 139
1846 840
1858 50
1955 662
1690 972
1963 880
1851 560
1687 699
1782 478
1861 384
1697 228
1847 714
1682 137
1985 190
1991 648
1859 706
1785 336
1968 150
1970 87
1698 172
1956 69
1758 268
1681 830
1960 476
1785 584
1985 167
1966 153
1682 435
1684 642
1965 377
1691 831
1692 950
1957 913
1967 855
1849 70
1685 590
1686 396
1860 894
1848 487
1696 967
1969 463
1695 509
1699 104
1957 769
1758 378
1860 294
1850 53
1967 23
1848 919
1984 499
1694 372
1700 89
1984 319
1686 421
1694 37
1700 926
1006 1000
1000 1001
1004 1002
1004 1003
1005 1004
1007 1005
1005 1006
1014 1007
1034 1008
1027 1009
1009 1010
1010 1011
1034 1012
1012 1013
1008 1014
1016 1015
1022 1016
1018 1017
1022 1018
1016 1019
1021 1020
1023 1021
1020 1022
1027 1023
1025 1024
1033 1025
1025 1026
1026 1027
1029 1028
1032 1029
1031 1030
1032 1031
1068 1032
1028 1033
1011 1034
1008 1035
1037 1036
1038 1037
1039 1038
1040 1039
1043 1040
1048 1041
1041 1042
1042 1043
1041 1044
1047 1045
1045 1046
1044 1047
1067 1048
1050 1049
1066 1050
1066 1051
1053 1052
1030 1053
1055 1054
1056 1055
1058 1056
1051 1057
1057 1058
1058 1059
1059 1060
1065 1061
1064 1062
1061 1063
1063 1064
1060 1065
1052 1066
1054 1067
1220 1068
1082 1069
1069 1070
1070 1071
1073 1072
1074 1073
1075 1074
1081 1075
1080 1076
1076 1077
1077 1078
1078 1079
1090 1080
1078 1081
1073 1082
1084 1083
1085 1084
1086 1085
1087 1086
1150 1087
1083 1088
1088 1089
1085 1090
1112 1091
1093 1092
1091 1093
1092 1094
1096 1095
1094 1096
1098 1097
1095 1098
1100 1099
1101 1100
1105 1101
1108 1102
1105 1103
1106 1104
1104 1105
1109 1106
1097 1107
1111 1108
1102 1109
1106 1110
1107 1111
1089 1112
1114 1113
1115 1114
1122 1115
1122 1116
1121 1117
1121 1118
1117 1119
1145 1120
1120 1121
1119 1122
1117 1123
1126 1124
1124 1125
1123 1126
1128 1127
1129 1128
1144 1129
1138 1130
1132 1131
1133 1132
1134 1133
1135 1134
1136 1135
1169 1136
1130 1137
1129 1138
1130 1139
1139 1140
1140 1141
1141 1142
1142 1143
1131 1144
1132 1145
1147 1146
1148 1147
1151 1148
1148 1149
1219 1150
1152 1151
1168 1152
1154 1153
1155 1154
1157 1155
1161 1156
1158 1157
1159 1158
1156 1159
1177 1160
1217 1161
1167 1162
1164 1163
1165 1164
1162 1165
1165 1166
1158 1167
1153 1168
1170 1169
1218 1170
1172 1171
1184 1172
1185 1173
1178 1174
1160 1175
1174 1176
1176 1177
1194 1178
1180 1179
1182 1180
1180 1181
1183 1182
1186 1183
1173 1184
1194 1185
1193 1186
1191 1187
1185 1188
1190 1189
1191 1190
1188 1191
1189 1192
1187 1193
1203 1194
1197 1195
1205 1196
1196 1197
1200 1198
1197 1199
1201 1200
1618 1201
1216 1202
1216 1203
1215 1204
1198 1205
1202 1206
1215 1207
1195 1208
1207 1209
1211 1210
1212 1211
1214 1212
1211 1213
1209 1214
1208 1215
1204 1216
1175 1217
1171 1218
1149 1219
1113 1220
1222 1221
1224 1222
1222 1223
1225 1224
1226 1225
1229 1226
1228 1227
1571 1228
1227 1229
1231 1230
1232 1231
1233 1232
1242 1233
1236 1234
1234 1235
1237 1236
1241 1237
1239 1238
1240 1239
1256 1240
1239 1241
1234 1242
1244 1243
1255 1244
1246 1245
1244 1246
1248 1247
1249 1248
1252 1249
1254 1250
1250 1251
1251 1252
1252 1253
1245 1254
1238 1255
1226 1256
1258 1257
1259 1258
1260 1259
1262 1260
1227 1261
1261 1262
1330 1263
1263 1264
1270 1265
1265 1266
1266 1267
1269 1268
1267 1269
1264 1270
1286 1271
1271 1272
1272 1273
1275 1274
1277 1275
1273 1276
1276 1277
1276 1278
1280 1279
1278 1280
1300 1281
1283 1282
1284 1283
1285 1284
1273 1285
1269 1286
1288 1287
1299 1288
1290 1289
1295 1290
1328 1291
1293 1292
1294 1293
1297 1294
1298 1295
1291 1296
1291 1297
1296 1298
1289 1299
1282 1300
1329 1301
1301 1302
1305 1303
1327 1304
1302 1305
1310 1306
1308 1307
1304 1308
1306 1309
1320 1310
1312 1311
1313 1312
1306 1313
1311 1314
1314 1315
1315 1316
1316 1317
1317 1318
1312 1319
1307 1320
1318 1321
1326 1322
1324 1323
1325 1324
1322 1325
1321 1326
1305 1327
1309 1328
1284 1329
1262 1330
1334 1331
1350 1332
1332 1333
1333 1334
1336 1335
1337 1336
1340 1337
1339 1338
1341 1339
1338 1340
1347 1341
1340 1342
1364 1343
1345 1344
1343 1345
1344 1346
1349 1347
1349 1348
1346 1349
1335 1350
1358 1351
1348 1352
1351 1353
1359 1354
1359 1355
1355 1356
1356 1357
1354 1358
1352 1359
1363 1360
1392 1361
1361 1362
1362 1363
1363 1364
1366 1365
1367 1366
1368 1367
1371 1368
1370 1369
1383 1370
1361 1371
1373 1372
1379 1373
1376 1374
1374 1375
1377 1376
1426 1377
1377 1378
1375 1379
1381 1380
1382 1381
1369 1382
1384 1383
1391 1384
1369 1385
1370 1386
1386 1387
1387 1388
1388 1389
1389 1390
1368 1391
1372 1392
1394 1393
1401 1394
1465 1395
1319 1396
1465 1397
1397 1398
1398 1399
1402 1400
1400 1401
1403 1402
1415 1403
1401 1404
1406 1405
1407 1406
1404 1407
1395 1408
1411 1409
1405 1410
1413 1411
1414 1412
1410 1413
1425 1414
1408 1415
1424 1416
1412 1417
1419 1418
1420 1419
1417 1420
1418 1421
1420 1422
1422 1423
1513 1424
1413 1425
1429 1426
1436 1427
1436 1428
1427 1429
1428 1430
1432 1431
1430 1432
1431 1433
1433 1434
1437 1435
1435 1436
1438 1437
1439 1438
1455 1439
1442 1440
1440 1441
1456 1442
1444 1443
1445 1444
1446 1445
1451 1446
1450 1447
1446 1448
1447 1449
1448 1450
1434 1451
1421 1452
1452 1453
1453 1454
1454 1455
1455 1456
1458 1457
1459 1458
1456 1459
1457 1460
1460 1461
1459 1462
1421 1463
1429 1464
1396 1465
1501 1466
1466 1467
1467 1468
1468 1469
1469 1470
1470 1471
1477 1472
1472 1473
1473 1474
1474 1475
1475 1476
1471 1477
1481 1478
1480 1479
1481 1480
1483 1481
1491 1482
1490 1483
1490 1484
1492 1485
1500 1486
1488 1487
1489 1488
1491 1489
1482 1490
1486 1491
1484 1492
1494 1493
1495 1494
1497 1495
1511 1496
1498 1497
1496 1498
1493 1499
1499 1500
1478 1501
1503 1502
1506 1503
1516 1504
1502 1505
1504 1506
1537 1507
1507 1508
1508 1509
1512 1510
1569 1511
1509 1512
1515 1513
1520 1514
1519 1515
1514 1516
1518 1517
1570 1518
1423 1519
1513 1520
1522 1521
1570 1522
1521 1523
1536 1524
1524 1525
1525 1526
1526 1527
1535 1528
1528 1529
1529 1530
1530 1531
1534 1532
1535 1533
1533 1534
1527 1535
1523 1536
1506 1537
1539 1538
1540 1539
1541 1540
1542 1541
1544 1542
1554 1543
1543 1544
1546 1545
1547 1546
1548 1547
1549 1548
1553 1549
1549 1550
1550 1551
1551 1552
1568 1553
1545 1554
1567 1555
1555 1556
1556 1557
1566 1558
1558 1559
1566 1560
1565 1561
1565 1562
1560 1563
1561 1564
1563 1565
1557 1566
1538 1567
1532 1568
1510 1569
1519 1570
1062 1571
1591 1572
1581 1573
1575 1574
1576 1575
1573 1576
1574 1577
1574 1578
1578 1579
1591 1580
1572 1581
1590 1582
1585 1583
1583 1584
1587 1585
1588 1586
1586 1587
1589 1588
1640 1589
1584 1590
1582 1591
1579 1592
1592 1593
1593 1594
1614 1595
1598 1596
1594 1597
1615 1598
1601 1599
1614 1600
1600 1601
1606 1602
1602 1603
1606 1604
1604 1605
1599 1606
1595 1607
1607 1608
1608 1609
1609 1610
1610 1611
1611 1612
1612 1613
1596 1614
1597 1615
1631 1616
1640 1617
1631 1618
1616 1619
1997 1620
1620 1621
1621 1622
1622 1623
1623 1624
1624 1625
1627 1626
1628 1627
1621 1628
1626 1629
1627 1630
1617 1631
1636 1632
1634 1633
1629 1634
1639 1635
1633 1636
1632 1637
1637 1638
1636 1639
1642 1641
1643 1642
1650 1643
1643 1644
1605 1645
1645 1646
1646 1647
1647 1648
1648 1649
1648 1650
1652 1651
1653 1652
1658 1653
1657 1654
1656 1655
1662 1656
1651 1657
1659 1658
1665 1659
1659 1660
1668 1661
1663 1662
1654 1663
1655 1664
1703 1665
1667 1666
1661 1667
1664 1668
1666 1669
1669 1670
1675 1671
1671 1672
1671 1673
1673 1674
1670 1675
1672 1676
1664 1677
1660 1678
1680 1679
1678 1680
1687 1681
1683 1682
1681 1683
1683 1684
1684 1685
1685 1686
1702 1687
1702 1688
1701 1689
1689 1690
1690 1691
1691 1692
1692 1693
1693 1694
1693 1695
1698 1696
1699 1697
1697 1698
1695 1699
1696 1700
1688 1701
1679 1702
1649 1703
1712 1704
1711 1705
1707 1706
1715 1707
1706 1708
1716 1709
1709 1710
1704 1711
1710 1712
1714 1713
1708 1714
1716 1715
1722 1716
1724 1717
1717 1718
1718 1719
1719 1720
1720 1721
1742 1722
1725 1723
1725 1724
1730 1725
1732 1726
1732 1727
1729 1728
1762 1729
1727 1730
1733 1731
1728 1732
1726 1733
1733 1734
1741 1735
1735 1736
1738 1737
1736 1738
1738 1739
1739 1740
1734 1741
1723 1742
1744 1743
1747 1744
1746 1745
1751 1746
1746 1747
1745 1748
1751 1749
1748 1750
1996 1751
1755 1752
1788 1753
1755 1754
1753 1755
1759 1756
1756 1757
1757 1758
1760 1759
1752 1760
1789 1761
1761 1762
1761 1763
1765 1764
1766 1765
1789 1766
1764 1767
1767 1768
1773 1769
1772 1770
1770 1771
1774 1772
1774 1773
1768 1774
1769 1775
1750 1776
1787 1777
1779 1778
1780 1779
1781 1780
1777 1781
1779 1782
1786 1783
1783 1784
1784 1785
1781 1786
1771 1787
1748 1788
1776 1789
1792 1790
1796 1791
1793 1792
1809 1793
1796 1794
1737 1795
1797 1796
1795 1797
1811 1798
1865 1799
1797 1800
1800 1801
1803 1802
1805 1803
1805 1804
1820 1805
1804 1806
1806 1807
1831 1808
1794 1809
1808 1810
1809 1811
1813 1812
1814 1813
1815 1814
1816 1815
1819 1816
1818 1817
1995 1818
1810 1819
1812 1820
1822 1821
1830 1822
1824 1823
1831 1824
1830 1825
1829 1826
1825 1827
1829 1828
1827 1829
1823 1830
1798 1831
1833 1832
1837 1833
1845 1834
1834 1835
1835 1836
1834 1837
1839 1838
1840 1839
1841 1840
1842 1841
1863 1842
1854 1843
1841 1844
1838 1845
1844 1846
1851 1847
1849 1848
1850 1849
1847 1850
1846 1851
1864 1852
1828 1853
1862 1854
1843 1855
1855 1856
1855 1857
1857 1858
1861 1859
1859 1860
1858 1861
1864 1862
1856 1863
1853 1864
1801 1865
1867 1866
1868 1867
1817 1868
1870 1869
1877 1870
1866 1871
1873 1872
1890 1873
1875 1874
1890 1875
1877 1876
1871 1877
1879 1878
1881 1879
1874 1880
1884 1881
1884 1882
1880 1883
1888 1884
1889 1885
1885 1886
1941 1887
1883 1888
1888 1889
1876 1890
1892 1891
1904 1892
1902 1893
1913 1894
1913 1895
1895 1896
1896 1897
1897 1898
1898 1899
1899 1900
1900 1901
1901 1902
1893 1903
1903 1904
1893 1905
1907 1906
1908 1907
1909 1908
1910 1909
1912 1910
1908 1911
1905 1912
1872 1913
1915 1914
1917 1915
1920 1916
1916 1917
1922 1918
1925 1919
1922 1920
1918 1921
1919 1922
1941 1923
1923 1924
1926 1925
1927 1926
1940 1927
1940 1928
1930 1929
1932 1930
1939 1931
1924 1932
1930 1933
1931 1934
1934 1935
1935 1936
1936 1937
1937 1938
1933 1939
1929 1940
1886 1941
1943 1942
1944 1943
1945 1944
1952 1945
1949 1946
1944 1947
1949 1948
1950 1949
1993 1950
1981 1951
1946 1952
1958 1953
1953 1954
1954 1955
1955 1956
1956 1957
1971 1958
1952 1959
1970 1960
1968 1961
1961 1962
1962 1963
1966 1964
1969 1965
1960 1966
1965 1967
1964 1968
1964 1969
1971 1970
1959 1971
1994 1972
1972 1973
1973 1974
1981 1975
1992 1976
1978 1977
1980 1978
1975 1979
1979 1980
1974 1981
1983 1982
1980 1983
1982 1984
1982 1985
1987 1986
1988 1987
1990 1988
1976 1989
1989 1990
1990 1991
1977 1992
1951 1993
1911 1994
1816 1995
1638 1996
1640 1997
