steiner points
191 111
971 214
607 256
191 454
40 454
335 454
335 923
586 454
1300 214
1224 214
1540 214
1483 214
1111 214
944 214
1300 580
1677 296
1750 308
1623 797
1347 694
1876 797
1399 939
1399 797
2620 243
2620 563
2406 707
2157 783
2360 783
618 214
431 1251
376 1251
376 1557
376 1634
376 1901
376 2031
376 2093
829 1317
1068 1317
1161 1317
1339 1055
829 1365
1240 1317
1240 1523
929 1819
756 1251
532 2209
452 2491
297 2597
181 2623
181 2696
181 2831
342 2915
434 3031
769 3031
350 3031
350 3094
1132 2406
1132 2506
1428 2659
1132 2659
1132 2714
1090 2847
906 2874
508 3031
906 3031
350 3357
1109 3586
947 3586
417 3648
527 3648
627 3586
1109 3556
566 3648
579 3586
350 3552
532 2475
2120 1446
2120 1537
1984 1542
2079 1542
1886 1562
1796 1562
2462 1427
2264 1427
1754 2222
1978 2332
1754 2332
1695 2463
1695 2659
1541 2659
1695 2760
2394 1916
2399 2037
2394 2037
2308 2099
2286 2120
2286 2320
2219 2332
1932 2332
2286 2332
2286 2645
1746 2463
2079 1819
1706 3214
1559 3249
1706 3249
1834 3334
1834 3438
2626 3467
2545 3476
1987 3476
1912 3476
1706 3037
1132 2799
1240 1443
25 3948
566 3680
360 4004
345 3948
664 4044
664 4237
664 4528
646 4540
187 3948
646 4866
702 5066
323 5119
132 5119
702 5205
742 5212
132 5255
646 5066
1643 3949
1543 3990
1543 4096
1543 4148
1640 4148
2040 4446
1640 4446
1640 4422
1432 4556
1775 4446
1731 4639
1640 4556
1671 4639
1328 5066
1039 5268
1039 5410
1039 5619
1702 4857
1506 4903
1526 4903
1039 5066
1931 5494
1465 5066
1465 5359
1465 5494
1506 4987
1950 5494
1731 4812
2533 4354
2394 4354
2216 4354
2216 4413
2624 4478
2600 4478
2600 4715
2600 4661
2175 4446
994 5066
566 4004
297 6088
141 6088
77 6088
297 6262
432 6262
297 6352
103 6606
297 6572
1039 5720
1039 5756
1039 5909
1142 5947
492 6262
1142 6262
1006 6262
1142 6080
1483 6618
1645 6906
1351 6442
1351 6388
624 7225
687 7329
761 7342
761 7444
1216 7468
1345 7032
1217 7218
951 7468
1217 7313
1392 7313
761 7468
1217 7165
2365 5930
2123 6119
2365 6119
1759 6906
1880 6531
1880 6906
2145 7218
1483 6906
2292 7252
1759 6972
1810 7218
292 7849
292 7878
373 7984
580 7984
373 8233
710 7984
659 7984
647 7984
292 7984
393 8234
405 8789
405 8801
459 8971
576 9242
576 9579
549 9638
576 9224
405 8466
1361 7704
1478 7742
1478 7880
1454 8021
1454 8466
1223 8466
1762 8277
1795 8277
1979 8277
1454 8376
1583 8376
2458 8055
2393 8505
2458 8505
1986 8505
1454 8732
1349 9007
1331 9007
1178 9060
2107 9421
1382 9597
1235 9597
1178 9335
1712 9421
1547 9684
1407 9684
1178 9597
2239 8943
2239 9140
2261 9248
2545 9341
2274 9417
1962 9421
2245 9421
2274 9421
2291 9516
2291 9567
2291 9734
2274 9341
1712 9684
1454 9007
926 8466
1216 7579
1246 5947
4175 141
4147 246
3067 247
3217 247
3303 247
3619 247
3910 247
3303 1038
3303 1098
3303 1176
3742 992
3742 1110
3742 1176
4342 920
3884 1229
4006 1229
4014 1192
4342 1190
4342 1192
3529 1176
3303 375
3124 1691
3446 1691
3124 1827
3124 1909
3124 2154
3211 2250
3264 2346
4049 1430
4006 1295
3844 1571
3844 1719
4750 2009
4043 1956
3723 1719
3844 1899
3793 2020
3762 2129
3844 1956
3647 1691
4006 1430
4738 308
4761 514
5183 839
5050 839
4782 839
5183 958
5214 1173
5124 1173
5085 1192
5621 256
5621 373
5660 684
5660 909
5666 990
5666 1074
5666 1220
5183 1173
5666 1173
6305 451
6090 451
6019 767
6090 642
6585 451
6090 767
6019 1062
6078 1072
6019 990
6787 703
6787 759
6787 906
5785 990
4891 1618
4891 1785
4569 2009
4891 1828
4875 1897
4308 2009
5224 1585
5116 1828
5181 1585
5303 1637
6070 1657
5116 1585
5265 2256
5116 2119
5078 1828
5696 1312
5434 1657
5869 1732
5869 1864
5822 1964
5869 1964
5638 2256
5604 2256
5721 2256
5638 2350
6375 1662
6620 1838
6379 1838
6780 2184
6799 2317
5869 1657
5394 1657
5696 1657
4875 2009
7444 170
7444 235
7444 271
7444 545
7513 791
7531 1008
7182 1008
7763 1008
7806 1008
7806 1064
8226 1129
7513 1008
7513 551
8493 664
8767 835
8367 977
8305 1129
7890 1129
7531 1371
7504 1464
7193 1661
7522 1819
7504 1811
7287 1811
7522 2011
7155 2243
7371 2243
7511 2243
7371 2392
8101 2136
7906 1473
7906 1555
7906 1655
8091 1666
8091 1859
8101 2035
7794 2136
8014 2136
8101 2023
7522 2136
7531 1439
8823 291
9055 291
9244 291
9592 835
9526 835
9362 835
9244 835
9004 835
8560 835
9592 947
9244 634
9592 1280
9319 1315
9544 1315
9544 1524
9552 1591
9816 1591
9592 1060
9058 1938
9058 2095
9058 2218
9104 2313
9552 1743
9465 1938
9570 1958
9868 1958
9678 2116
9678 2208
9678 1958
9945 1958
9945 2011
9431 1938
9552 1938
8493 835
6894 906
3552 2884
3180 2884
3002 2884
3668 3248
3229 3654
3264 3294
3860 2777
3668 2884
3229 3708
3229 3990
3357 4292
2819 4674
2819 4897
3270 4897
3357 4897
3357 4653
4556 2613
4556 2777
4035 2777
5194 2878
4772 2892
4556 2873
4766 3113
4902 3009
4902 3113
4470 3148
5194 2693
5223 2878
4902 2892
4241 3470
4441 3470
4241 3704
4369 3760
4241 3760
4369 3967
4369 3877
4369 4079
4572 4189
4872 4189
4414 4106
4707 4189
4939 4189
4298 3967
5336 3664
5336 3837
5336 3900
5113 3902
5113 4189
5494 4301
4572 4545
4304 4921
4386 4921
4571 4921
4571 4987
5067 4987
4572 4460
4731 3148
3668 3294
5964 2659
5787 2929
5827 2659
6058 2809
5787 2659
5787 2832
6195 3344
5973 3565
5787 3252
6074 3565
5973 3784
5787 3565
7655 2801
7371 2801
6902 2801
7371 2493
7046 3427
6414 3294
6902 3294
5631 4127
5548 4301
5631 4301
5663 4547
5663 4636
5973 3825
6274 4103
6646 4047
6646 4167
6382 4156
6654 4252
6501 4167
6484 4167
6699 4252
5973 3974
6454 4615
6654 4555
6252 4615
6649 4615
6649 4658
6649 4769
6564 4985
6649 4777
6654 4418
5973 4103
6995 4252
7127 4515
7293 4526
7622 4526
7127 4526
7293 4711
7293 4883
7324 4979
7430 5010
7293 4979
7127 4279
6109 4103
5295 4301
8520 2814
8891 2814
8991 2814
9192 2814
9637 2895
8991 2976
8991 3362
9726 2575
9512 2895
9218 2814
9876 2977
9942 3112
9726 2895
8351 3624
8107 3698
8719 3691
8351 3698
8426 3698
8832 3596
8991 3490
8426 3768
8186 4255
7987 4298
8645 4106
8426 4212
8567 4106
8426 4106
8683 4219
8429 4671
8475 4712
8209 4212
8929 4316
9293 4489
8792 4277
8426 4016
9528 3843
9409 4227
9394 4438
9887 4562
9527 4577
9749 4577
9750 4577
9119 4489
9749 4663
9525 4886
9482 4997
9434 5009
9749 4886
9394 4489
8991 3596
7891 4526
6902 3427
3104 5258
2980 5658
3104 5658
3290 5663
2845 5798
2891 5798
2896 5997
3404 6120
3148 6257
3234 6471
3060 6257
2896 6257
3234 6257
2891 5919
3849 5339
3616 5339
3849 5353
3849 5596
3748 5596
3688 6153
3748 5762
3748 5902
3688 6246
3878 6246
3878 6372
3878 6522
4050 6372
3435 6088
3688 6088
2935 7001
3131 7001
3234 6862
3234 7001
3266 7223
3296 7284
3201 7405
3044 7450
3738 7448
3890 7008
4307 7107
3890 7107
3738 7127
3738 7350
3481 7351
3296 7351
3653 7448
3172 7722
3062 7722
3546 7674
3444 7722
3444 7968
3578 8064
3937 8055
3444 8064
3504 8064
3413 8135
3223 7722
3546 7448
3413 8328
3213 8633
3413 8398
3413 8663
3413 8716
3188 8964
3413 8879
3151 8964
3340 9078
3340 8964
3711 8575
3711 8621
3711 8712
3711 8716
4087 8495
4145 8495
4151 8495
4087 8712
3888 8712
3617 8716
3340 9084
3340 9493
3340 9262
3437 9493
3437 9798
3437 9568
3041 9798
3108 9798
4026 9394
4026 9480
4165 9696
4065 9714
4026 9493
3891 9770
4026 9714
4034 9964
4026 9770
3551 9493
3333 9503
3413 8633
3266 7151
4758 5748
4692 6045
4692 6110
4692 6124
4692 6211
4577 6224
4577 6276
4577 6608
5202 6608
4664 6719
4664 6914
4577 6391
5623 5744
5623 5982
5525 6138
5283 6138
5623 6077
4664 6608
5525 6405
5081 6608
5525 6608
4786 7093
4664 7093
4621 7107
4621 7139
4601 7196
5045 7672
4923 7672
4768 7672
5287 7635
5346 7635
4601 7672
4601 7164
4740 8521
5047 8635
5453 8603
5346 8129
5346 8270
5453 8443
4740 8683
5574 8603
4601 8683
4915 8683
4921 8923
4921 9235
4969 9235
4762 9692
4921 9405
4626 9692
5056 9231
5121 9231
4876 9692
5490 9099
5490 9385
5433 9391
5490 9391
5533 9536
5130 9391
4915 8842
5453 8306
4412 7107
6363 5174
6336 5174
6224 5174
6140 5174
6604 5297
6604 5609
6630 5781
6952 5771
6366 6037
6806 5985
6547 5945
6523 6393
6489 6393
6271 6393
6023 6393
6489 6166
6855 6238
6907 6270
6907 6599
6806 5781
6489 6037
6604 5781
7702 5228
7804 5228
7804 5316
7450 5642
7908 5759
7841 5759
7804 5642
7908 6023
7908 6067
7848 6379
7908 6379
7804 5759
7446 5642
6517 6857
6517 7011
6517 7169
6563 7236
7077 6599
7077 6742
6699 7011
6769 7011
7077 7011
6666 7011
7531 6776
7393 6864
7393 6989
7393 7020
7693 7158
7435 7158
7390 7306
7393 7018
7981 7072
7879 7158
7393 7158
7090 7018
6769 7278
8503 5858
8503 5973
8503 6148
8295 6148
8503 6216
8503 6314
8503 6409
8564 6662
8665 6809
8672 6809
8578 6809
8564 6809
8503 6578
9183 5626
9829 5678
9685 5678
9279 5678
9279 5831
9187 5992
9187 6147
9187 6386
9187 6547
8998 6669
9653 6469
9501 6547
9501 6588
9501 6728
9877 6728
9478 6547
9187 6669
8886 6809
8531 7132
8566 7282
8531 7282
8626 7329
8626 7439
9188 7203
9251 7363
9251 7439
9251 7458
9359 7508
8875 7439
9188 7031
8255 6578
6158 7971
6331 7976
6158 7976
6156 8174
6752 7976
6752 8012
6764 8012
7010 8012
7031 8012
6764 8054
6764 8271
6527 7976
6044 8758
6348 8788
6248 8788
6248 8878
6248 9000
6197 9000
6812 8382
6819 8541
7008 8861
6819 8788
6396 8788
6819 8861
6197 9220
6240 9505
6778 9528
6554 9528
6778 9587
6778 9656
6778 9682
6197 9407
7629 8089
7629 8241
7541 8681
7355 8861
7541 8861
7541 9016
7541 9123
7541 8313
8187 7939
8404 7939
7883 8200
7826 8227
7825 8227
7825 8281
8109 8642
7825 8642
8544 7939
8596 7939
8808 7939
8808 8184
8808 8306
7980 7939
8132 8845
8132 8684
8132 8889
8132 8890
8607 8877
8514 8889
8607 8889
8274 8889
8132 9175
7695 8681
7578 9791
7423 9791
7387 9791
7222 9791
7900 9443
7911 9443
8031 9262
8031 9485
8135 9694
8135 9754
7484 9791
8324 9754
8135 9630
8791 9505
8761 9505
8761 9734
8026 9791
8026 9880
8031 9443
9931 7735
9361 7735
9359 7707
9361 8052
9361 8306
9480 8468
9198 8306
9480 8615
9357 8770
9357 8730
9819 8404
9819 8468
9819 8532
9561 8468
9361 8468
9516 8996
9357 8996
9357 9042
9556 9310
9571 9310
9792 9310
9792 9493
9357 9310
9149 8306
7182 8861
9251 7508
5963 8603
7519 5060
2709 4526
edges
1280 210
1275 964
1027 940
1381 993
1000 35
1424 200
1000 361
1338 29
1278 304
1275 750
1381 187
1011 198
1013 486
1010 684
1022 174
1009 162
1422 72
1012 502
1316 971
1325 892
1382 967
1022 357
1276 806
1277 199
1002 616
1325 282
1281 488
1383 334
1422 814
1015 246
1423 861
1016 470
1316 941
1277 626
1335 214
1326 238
1295 514
1004 142
1016 603
1334 13
1004 47
1001 927
1394 303
1317 138
1007 919
1384 419
1393 141
1023 58
1014 127
1432 122
1318 712
1337 78
1394 346
1327 120
1018 638
1343 931
1024 251
1426 649
1344 711
1336 537
1025 624
1425 249
1385 804
1019 573
1389 490
1017 838
1430 943
1339 570
1429 1
1319 275
1288 281
1285 768
1456 234
1328 924
1288 833
1006 440
1006 328
1026 999
1020 293
1431 423
1321 728
1396 732
1427 285
1320 427
1346 432
1285 401
1395 464
1388 644
1282 601
1345 858
1038 299
1439 212
1340 497
1390 279
1387 418
1341 92
1330 430
1283 515
1286 189
1391 634
1028 878
1341 217
1323 747
1322 522
1294 193
1292 190
1291 642
1324 745
1036 278
1397 572
1324 767
1284 535
1029 180
1331 297
1289 150
1043 338
1398 436
1433 90
1293 266
1304 451
1081 15
1362 498
1434 893
1037 717
1039 366
1399 669
1080 832
1082 590
1081 348
1411 632
1303 280
1039 887
1421 932
1113 32
1075 543
1303 715
1400 906
1296 202
1411 305
1358 583
1347 922
1434 52
1041 518
1436 789
1076 749
1077 62
1412 781
1030 398
1355 807
1079 862
1438 209
1305 696
1353 929
1438 216
1401 956
1314 362
1347 563
1031 176
1356 493
1357 848
1080 381
1413 406
1363 163
1401 520
1372 230
1414 904
1297 44
1309 558
1364 586
1444 769
1348 585
1404 646
1042 714
1101 448
1402 471
1042 900
1298 569
1361 226
1378 247
1373 292
1415 146
1365 952
1447 177
1453 232
1349 963
1351 730
1310 942
1032 597
1299 175
1090 65
1451 899
1440 274
1308 45
1446 178
1366 797
1445 936
1367 544
1380 140
1405 873
1452 131
1311 631
1419 905
1374 783
1033 343
1416 132
1091 945
1091 619
1034 317
1441 34
1093 256
1417 336
1352 46
1307 986
1448 801
1360 165
1094 578
1312 620
1083 48
1410 66
1300 290
1369 756
1406 551
1375 526
1449 731
1044 453
1449 284
1312 560
1442 367
1083 311
1408 990
1418 831
1406 456
1301 835
1359 574
1370 995
1452 462
1369 726
1443 82
1443 215
1376 959
1097 841
1095 64
1055 854
1096 521
1376 613
1302 233
1371 825
1359 930
1409 491
1055 881
1371 987
1302 792
1086 87
1074 183
1045 439
1530 376
1100 764
1056 516
1084 153
1579 812
1473 793
1519 341
1579 785
1046 972
1473 444
1047 411
1057 545
1573 372
1099 213
1517 633
1088 575
1515 479
1483 811
1483 588
1048 920
1463 218
1059 108
1529 330
1581 457
1089 673
1459 475
1475 459
1099 28
1572 197
1112 933
1527 147
1518 546
1575 621
1049 917
1520 374
1060 763
1478 4
1061 452
1484 645
1458 37
1457 548
1477 41
1580 622
1050 934
1516 245
1576 27
1518 295
1577 10
1582 438
1480 826
1572 880
1062 240
1051 813
1111 49
1459 380
1054 156
1583 76
1052 946
1479 437
1484 877
1482 319
1481 928
1063 342
1102 742
1460 501
1103 982
1523 22
1513 39
1462 885
1532 866
1103 222
1527 461
1105 911
1521 882
1064 30
1578 312
1583 784
1070 648
1072 721
1107 528
1531 738
1106 978
1486 392
1107 698
1487 425
1109 670
1531 505
1591 83
1514 231
1073 152
1070 467
1585 985
1524 20
1069 300
1066 628
1065 318
1590 527
1110 136
1526 550
1585 170
1500 60
1623 413
1067 775
1068 227
1461 736
1108 128
1500 671
1115 533
1587 587
1586 337
1607 525
1488 870
1465 949
1621 267
1489 449
1592 939
1525 913
1490 465
1586 623
1539 565
1501 803
1607 962
1131 101
1117 354
1492 950
1114 868
1502 390
1503 173
1114 652
1131 677
1541 856
1499 816
1548 824
1497 356
1499 706
1132 571
1466 568
1116 364
1606 382
1118 298
1541 970
1493 363
1597 530
1559 992
1133 387
1540 637
1496 966
1595 258
1161 680
1534 710
1135 876
1543 786
1545 73
1498 594
1160 358
1602 647
1134 938
1570 567
1599 780
1122 171
1608 335
1546 59
1119 463
1547 347
1593 983
1605 261
1569 969
1467 118
1594 617
1535 955
1495 417
1603 466
1505 350
1159 43
1562 301
1571 984
1140 707
1162 23
1557 79
1138 322
1609 435
1136 542
1512 840
1163 599
1604 504
1610 903
1560 849
1997 653
1563 389
1120 695
1121 143
1506 416
1537 508
1550 592
1139 53
1139 944
1610 577
1611 371
1613 95
1549 610
1551 306
1538 896
1622 777
1141 554
1143 997
1167 42
1472 511
1553 81
1166 384
1615 316
1600 506
1468 195
1507 774
1564 377
1601 454
1165 879
1551 228
1554 837
1556 532
1614 593
1158 636
1538 407
1148 353
1123 121
1601 155
1565 386
1616 420
1471 536
1149 509
1150 383
1619 220
1507 965
1508 12
1470 276
1566 255
1555 286
1156 321
1511 115
1511 820
1568 798
1617 668
1618 36
1567 555
1555 657
1510 191
1469 709
1618 370
1126 713
1144 326
1996 252
1168 787
1165 886
1787 450
1157 954
1125 391
1807 424
1785 25
1784 547
1624 393
1786 126
1735 802
1127 788
1128 269
1638 482
1806 431
1639 145
1787 434
1129 18
1624 988
1145 683
1788 685
1808 976
1639 320
1129 188
1856 864
1640 727
1154 612
1855 675
1146 805
1128 481
1157 422
1723 822
1152 635
1155 517
1642 916
1641 600
1789 974
1818 729
1147 69
1855 19
1842 110
1809 96
1625 694
1627 113
1857 746
1178 953
1810 564
1735 265
1723 260
1179 460
1811 225
1644 817
1627 61
1791 654
1790 476
1628 314
1628 847
1817 327
1859 109
1202 445
1842 830
1856 507
1645 14
1180 94
1170 808
1637 891
1738 111
1202 776
1794 771
1274 561
1274 308
1843 733
1736 850
1793 103
1792 68
1860 857
1630 961
1813 236
1792 663
1724 24
1814 405
1739 735
1172 606
1185 996
1171 263
1651 160
1725 478
1203 289
1631 748
1726 166
1738 909
1845 754
1861 500
1845 973
1643 761
1799 21
1632 485
1727 595
1846 718
1728 888
1182 844
1800 650
1647 107
1172 3
1634 355
1174 676
1801 89
1729 468
1646 839
1798 250
1847 872
1204 791
1184 829
1175 116
1795 834
1650 529
1815 447
1862 608
1189 125
1734 765
1795 409
1741 421
1848 77
1865 692
1815 704
1188 699
1650 458
1865 871
1633 224
1635 446
1797 770
1823 688
1649 253
1206 607
1870 159
1798 665
1742 755
1177 883
1885 55
1867 901
1802 762
1649 867
1176 168
1730 9
1186 562
1849 133
1864 910
1829 203
1732 85
1851 123
1869 492
1824 907
1829 296
1731 566
1852 716
1872 666
1176 235
1837 751
1819 630
1868 667
1869 483
1819 741
1655 809
1830 86
1743 112
1850 410
1853 604
1187 194
1207 221
1733 333
1662 605
1211 400
1653 264
1831 119
1654 291
1653 100
1662 512
1825 782
1828 114
1840 254
1832 843
1884 589
1195 50
1663 703
1837 241
1744 539
1744 860
1783 239
1873 752
1190 651
1665 914
1873 827
1833 428
1747 71
1722 591
1834 705
1755 307
1201 368
1821 836
1748 487
1838 144
1878 614
1196 799
1208 151
1657 154
1190 874
1822 204
1822 399
1210 283
1210 629
1841 700
1874 800
1658 918
1875 474
1199 794
1835 534
1199 757
1841 701
1835 324
1191 643
1876 8
1192 898
1666 11
1667 369
1879 412
1753 725
1659 67
1883 196
1193 991
1661 655
1660 351
1660 477
1881 56
1200 344
1877 672
1212 679
1669 719
1882 184
1197 93
1750 360
1273 994
1994 134
1752 618
1671 609
1749 875
1672 16
1969 846
1213 790
1231 404
1971 84
1936 33
1751 664
1893 510
1218 26
1670 538
1680 288
1969 902
1232 248
1754 130
1939 660
1890 598
1886 272
1926 98
1213 819
1935 740
1676 625
1671 499
1214 989
1233 414
1927 207
1242 557
1674 340
1886 124
1897 57
1216 584
1220 373
1221 206
1218 890
1894 172
1891 339
1934 552
1887 796
1234 309
1894 88
1972 201
1895 105
1242 179
1676 242
1678 659
1918 137
1918 169
1219 960
1237 129
1759 17
1679 957
1675 951
1979 157
1889 766
1937 581
1928 895
1239 192
1889 576
1930 865
1929 287
1217 426
1222 408
1919 38
1760 779
1896 403
1238 211
1931 759
1782 223
1975 388
1925 365
1682 541
1241 257
1904 75
1992 523
1684 639
1979 641
1697 349
1761 723
1236 815
1982 513
1983 821
1698 739
1696 640
1243 602
1756 851
1756 690
1938 743
1692 31
1981 139
1698 884
1905 531
1995 219
1981 580
1245 402
1692 998
1763 697
1976 556
1272 106
1693 855
1899 229
1683 687
1757 760
1244 473
1932 863
1683 926
1685 658
1949 686
1764 823
1941 135
1700 167
1701 161
1978 149
1246 323
1921 772
1898 678
1977 51
1908 332
1223 615
1224 441
1944 164
1781 908
1940 596
1993 7
1909 352
1944 744
1901 70
1688 378
1699 273
1695 205
1947 243
1943 503
1945 429
1764 682
1766 689
1258 958
1687 375
1258 148
1984 968
1248 708
1689 627
1225 315
1775 158
1984 661
1903 845
1247 979
1923 948
1902 237
1986 91
1271 277
1689 302
1249 40
1690 722
1906 579
1702 385
1775 5
1924 63
1259 484
1989 818
1948 181
1924 379
1773 455
1910 737
1229 852
1946 842
1772 869
1768 262
1226 923
1260 524
1704 104
1956 981
1710 186
1261 519
1987 828
1991 681
1253 99
1261 480
1988 268
1776 74
1254 937
1780 559
1710 674
1777 54
1250 244
1770 117
1917 433
1262 795
1264 495
1954 472
1912 753
1263 724
1954 912
1955 947
1964 925
1711 897
1952 662
1957 329
1719 853
1990 345
1720 778
1911 2
1963 394
1266 720
1963 693
1720 980
1251 259
1913 182
1779 395
1771 489
1267 396
1707 734
1227 331
1914 921
1252 325
1712 702
1962 97
1228 894
1953 310
1257 656
1915 80
1916 889
1255 915
1771 208
1958 397
1712 0
1713 553
1990 810
1256 102
1268 270
1965 359
1960 442
1961 773
1769 582
1715 758
1951 313
1708 977
1708 294
1916 549
1228 415
1950 271
1779 443
1270 6
1967 496
1715 185
1774 469
1268 691
1709 494
1967 859
1717 611
1717 935
1953 540
1706 975
1003 1000
1012 1001
1027 1002
1005 1003
1003 1004
1007 1005
1005 1006
1002 1007
1014 1008
1008 1009
1011 1010
1008 1011
1009 1012
1001 1013
1018 1014
1010 1015
1015 1016
1021 1017
1021 1018
1017 1019
1038 1020
1020 1021
1023 1022
1024 1023
1026 1024
1019 1025
1025 1026
1013 1027
1029 1028
1030 1029
1031 1030
1032 1031
1033 1032
1034 1033
1044 1034
1043 1035
1035 1036
1036 1037
1040 1038
1035 1039
1037 1040
1113 1041
1041 1042
1028 1043
1074 1044
1046 1045
1047 1046
1048 1047
1049 1048
1050 1049
1053 1050
1053 1051
1062 1052
1054 1053
1064 1054
1056 1055
1058 1056
1058 1057
1059 1058
1112 1059
1061 1060
1063 1061
1051 1062
1052 1063
1073 1064
1066 1065
1069 1066
1068 1067
1071 1068
1072 1069
1065 1070
1115 1071
1071 1072
1067 1073
1045 1074
1076 1075
1078 1076
1078 1077
1101 1078
1077 1079
1079 1080
1082 1081
1075 1082
1085 1083
1097 1084
1100 1085
1087 1086
1088 1087
1057 1088
1087 1089
1092 1090
1092 1091
1093 1092
1094 1093
1095 1094
1098 1095
1084 1096
1085 1097
1096 1098
1098 1099
1086 1100
1090 1101
1111 1102
1104 1103
1102 1104
1104 1105
1105 1106
1108 1107
1109 1108
1110 1109
1106 1110
1089 1111
1060 1112
1040 1113
1122 1114
1169 1115
1169 1116
1116 1117
1119 1118
1120 1119
1121 1120
1123 1121
1117 1122
1130 1123
1168 1124
1130 1125
1125 1126
1124 1127
1127 1128
1126 1129
1124 1130
1132 1131
1133 1132
1134 1133
1135 1134
1138 1135
1167 1136
1140 1137
1137 1138
1142 1139
1136 1140
1143 1141
1137 1142
1142 1143
1153 1144
1151 1145
1145 1146
1146 1147
1158 1148
1150 1149
1148 1150
1144 1151
1155 1152
1156 1153
1153 1154
1154 1155
1149 1156
1152 1157
1141 1158
1164 1159
1159 1160
1160 1161
1161 1162
1997 1163
1163 1164
1166 1165
1164 1166
1162 1167
1151 1168
1118 1169
1173 1170
1170 1171
1171 1172
1174 1173
1182 1174
1173 1175
1177 1176
1175 1177
1147 1178
1178 1179
1179 1180
1180 1181
1184 1182
1185 1183
1183 1184
1181 1185
1188 1186
1209 1187
1189 1188
1183 1189
1191 1190
1192 1191
1193 1192
1200 1193
1198 1194
1209 1195
1201 1196
1194 1197
1196 1198
1198 1199
1197 1200
1195 1201
1204 1202
1206 1203
1203 1204
1187 1205
1207 1206
1205 1207
1212 1208
1186 1209
1208 1210
1205 1211
1211 1212
1214 1213
1221 1214
1217 1215
1215 1216
1222 1217
1219 1218
1220 1219
1216 1220
1215 1221
1230 1222
1230 1223
1223 1224
1224 1225
1229 1226
1226 1227
1227 1228
1225 1229
1272 1230
1273 1231
1231 1232
1232 1233
1233 1234
1240 1235
1235 1236
1241 1237
1237 1238
1238 1239
1234 1240
1240 1241
1244 1242
1245 1243
1243 1244
1239 1245
1235 1246
1271 1247
1247 1248
1248 1249
1263 1250
1252 1251
1257 1252
1249 1253
1270 1254
1256 1255
1251 1256
1253 1257
1259 1258
1260 1259
1269 1260
1269 1261
1265 1262
1254 1263
1250 1264
1264 1265
1265 1266
1266 1267
1267 1268
1262 1269
1255 1270
1246 1271
1236 1272
1194 1273
1181 1274
1276 1275
1281 1276
1278 1277
1279 1278
1295 1279
1279 1280
1280 1281
1283 1282
1284 1283
1294 1284
1286 1285
1287 1286
1289 1287
1292 1288
1290 1289
1304 1290
1290 1291
1293 1292
1291 1293
1287 1294
1282 1295
1297 1296
1314 1297
1296 1298
1298 1299
1299 1300
1300 1301
1301 1302
1315 1303
1315 1304
1306 1305
1310 1306
1380 1307
1352 1308
1306 1309
1313 1310
1313 1311
1311 1312
1308 1313
1309 1314
1305 1315
1317 1316
1320 1317
1321 1318
1318 1319
1319 1320
1332 1321
1333 1322
1332 1323
1323 1324
1326 1325
1327 1326
1328 1327
1329 1328
1346 1329
1329 1330
1333 1331
1322 1332
1330 1333
1338 1334
1334 1335
1339 1336
1335 1337
1343 1338
1337 1339
1342 1340
1340 1341
1336 1342
1344 1343
1345 1344
1456 1345
1342 1346
1348 1347
1350 1348
1307 1349
1361 1350
1350 1351
1349 1352
1356 1353
1358 1354
1353 1355
1378 1356
1377 1357
1355 1358
1360 1359
1354 1360
1354 1361
1331 1362
1379 1363
1377 1364
1364 1365
1367 1366
1365 1367
1370 1368
1368 1369
1366 1370
1368 1371
1357 1372
1374 1373
1372 1374
1373 1375
1375 1376
1379 1377
1363 1378
1362 1379
1351 1380
1382 1381
1383 1382
1384 1383
1393 1384
1392 1385
1399 1386
1392 1387
1386 1388
1388 1389
1389 1390
1398 1391
1386 1392
1385 1393
1455 1394
1430 1395
1397 1396
1391 1397
1390 1398
1421 1399
1403 1400
1404 1401
1405 1402
1402 1403
1403 1404
1420 1405
1407 1406
1409 1407
1407 1408
1530 1409
1418 1410
1412 1411
1413 1412
1414 1413
1415 1414
1419 1415
1410 1416
1420 1417
1417 1418
1416 1419
1408 1420
1400 1421
1423 1422
1424 1423
1432 1424
1426 1425
1427 1426
1428 1427
1429 1428
1395 1429
1455 1430
1425 1431
1428 1432
1439 1433
1435 1434
1433 1435
1435 1436
1436 1437
1437 1438
1431 1439
1453 1440
1440 1441
1441 1442
1442 1443
1437 1444
1454 1445
1454 1446
1450 1447
1450 1448
1448 1449
1446 1450
1447 1451
1451 1452
1445 1453
1444 1454
1396 1455
1387 1456
1464 1457
1457 1458
1458 1459
1514 1460
1465 1461
1461 1462
1464 1463
1460 1464
1466 1465
1467 1466
1472 1467
1997 1468
1468 1469
1469 1470
1470 1471
1471 1472
1474 1473
1475 1474
1463 1475
1485 1476
1478 1477
1474 1478
1481 1479
1485 1480
1480 1481
1513 1482
1476 1483
1476 1484
1477 1485
1487 1486
1482 1487
1486 1488
1490 1489
1488 1490
1492 1491
1489 1492
1491 1493
1496 1494
1497 1495
1493 1496
1494 1497
1495 1498
1491 1499
1501 1500
1502 1501
1503 1502
1504 1503
1498 1504
1571 1505
1512 1506
1508 1507
1509 1508
1506 1509
1509 1510
1510 1511
1494 1512
1479 1513
1462 1514
1517 1515
1523 1516
1519 1517
1515 1518
1520 1519
1516 1520
1524 1521
1525 1522
1526 1523
1522 1524
1539 1525
1522 1526
1528 1527
1529 1528
1533 1529
1528 1530
1623 1531
1521 1532
1532 1533
1536 1534
1505 1535
1535 1536
1536 1537
1537 1538
1548 1539
1570 1540
1542 1541
1545 1542
1540 1543
1542 1544
1546 1545
1543 1546
1544 1547
1558 1548
1552 1549
1557 1550
1549 1551
1550 1552
1552 1553
1553 1554
1556 1555
1554 1556
1544 1557
1534 1558
1547 1559
1569 1560
1563 1561
1561 1562
1560 1563
1561 1564
1564 1565
1568 1566
1566 1567
1565 1568
1559 1569
1558 1570
1504 1571
1573 1572
1574 1573
1577 1574
1574 1575
1580 1576
1578 1577
1591 1578
1584 1579
1581 1580
1575 1581
1584 1582
1582 1583
1576 1584
1588 1585
1588 1586
1589 1587
1589 1588
1592 1589
1587 1590
1621 1591
1606 1592
1594 1593
1622 1594
1597 1595
1602 1596
1598 1597
1596 1598
1595 1599
1596 1600
1600 1601
1593 1602
1605 1603
1614 1604
1599 1605
1598 1606
1608 1607
1609 1608
1620 1609
1613 1610
1620 1611
1611 1612
1612 1613
1603 1614
1612 1615
1619 1616
1616 1617
1617 1618
1615 1619
1604 1620
1590 1621
1562 1622
1533 1623
1626 1624
1629 1625
1625 1626
1626 1627
1629 1628
1637 1629
1635 1630
1636 1631
1636 1632
1655 1633
1632 1634
1634 1635
1633 1636
1630 1637
1640 1638
1638 1639
1641 1640
1642 1641
1644 1642
1652 1643
1645 1644
1652 1645
1643 1646
1646 1647
1647 1648
1648 1649
1648 1650
1631 1651
1651 1652
1654 1653
1656 1654
1656 1655
1722 1656
1658 1657
1668 1658
1668 1659
1659 1660
1666 1661
1664 1662
1783 1663
1663 1664
1664 1665
1665 1666
1681 1667
1667 1668
1661 1669
1680 1670
1670 1671
1681 1672
1672 1673
1673 1674
1678 1675
1675 1676
1674 1677
1677 1678
1677 1679
1673 1680
1669 1681
1679 1682
1721 1683
1682 1684
1721 1685
1685 1686
1691 1687
1686 1688
1687 1689
1691 1690
1688 1691
1693 1692
1694 1693
1695 1694
1701 1695
1699 1696
1696 1697
1697 1698
1700 1699
1694 1700
1686 1701
1690 1702
1704 1703
1702 1704
1703 1705
1707 1706
1705 1707
1709 1708
1706 1709
1711 1710
1714 1711
1713 1712
1716 1713
1719 1714
1718 1715
1714 1716
1718 1717
1716 1718
1705 1719
1703 1720
1684 1721
1657 1722
1724 1723
1725 1724
1726 1725
1727 1726
1728 1727
1729 1728
1734 1729
1740 1730
1742 1731
1733 1732
1745 1733
1730 1734
1736 1735
1739 1736
1741 1737
1737 1738
1737 1739
1732 1740
1743 1741
1740 1742
1731 1743
1745 1744
1746 1745
1747 1746
1755 1747
1754 1748
1752 1749
1749 1750
1750 1751
1753 1752
1759 1753
1751 1754
1748 1755
1762 1756
1758 1757
1763 1758
1760 1759
1782 1760
1758 1761
1765 1762
1995 1763
1762 1764
1757 1765
1781 1766
1766 1767
1767 1768
1774 1769
1767 1770
1769 1771
1768 1772
1772 1773
1770 1774
1776 1775
1778 1776
1780 1777
1777 1778
1778 1779
1773 1780
1765 1781
1761 1782
1746 1783
1788 1784
1784 1785
1785 1786
1786 1787
1789 1788
1805 1789
1803 1790
1818 1791
1804 1792
1803 1793
1805 1794
1796 1795
1799 1796
1796 1797
1797 1798
1804 1799
1793 1800
1800 1801
1801 1802
1791 1803
1794 1804
1790 1805
1996 1806
1806 1807
1807 1808
1812 1809
1811 1810
1817 1811
1808 1812
1810 1813
1813 1814
1816 1815
1814 1816
1812 1817
1809 1818
1820 1819
1828 1820
1820 1821
1821 1822
1802 1823
1823 1824
1826 1825
1827 1826
1824 1827
1825 1828
1830 1829
1831 1830
1836 1831
1836 1832
1834 1833
1839 1834
1839 1835
1840 1836
1838 1837
1833 1838
1832 1839
1827 1840
1826 1841
1843 1842
1844 1843
1846 1844
1844 1845
1847 1846
1848 1847
1854 1848
1854 1849
1852 1850
1850 1851
1853 1852
1849 1853
1885 1854
1858 1855
1857 1856
1858 1857
1859 1858
1860 1859
1861 1860
1862 1861
1863 1862
1871 1863
1872 1864
1866 1865
1870 1866
1866 1867
1867 1868
1868 1869
1863 1870
1864 1871
1851 1872
1875 1873
1876 1874
1874 1875
1877 1876
1883 1877
1884 1878
1878 1879
1879 1880
1880 1881
1994 1882
1880 1883
1871 1884
1816 1885
1888 1886
1897 1887
1887 1888
1888 1889
1891 1890
1892 1891
1895 1892
1892 1893
1893 1894
1896 1895
1904 1896
1890 1897
1900 1898
1908 1899
1899 1900
1900 1901
1901 1902
1902 1903
1905 1904
1907 1905
1993 1906
1909 1907
1907 1908
1906 1909
1903 1910
1917 1911
1913 1912
1911 1913
1912 1914
1914 1915
1915 1916
1910 1917
1919 1918
1925 1919
1949 1920
1922 1921
1920 1922
1922 1923
1923 1924
1920 1925
1927 1926
1934 1927
1939 1928
1928 1929
1929 1930
1930 1931
1933 1932
1931 1933
1935 1934
1936 1935
1937 1936
1938 1937
1992 1938
1926 1939
1941 1940
1932 1941
1940 1942
1942 1943
1946 1944
1947 1945
1945 1946
1942 1947
1943 1948
1933 1949
1966 1950
1960 1951
1951 1952
1952 1953
1955 1954
1968 1955
1948 1956
1968 1957
1962 1958
1958 1959
1950 1960
1959 1961
1957 1962
1964 1963
1965 1964
1961 1965
1959 1966
1966 1967
1956 1968
1970 1969
1971 1970
1882 1971
1970 1972
1972 1973
1983 1974
1973 1975
1974 1976
1978 1977
1976 1978
1980 1979
1982 1980
1980 1981
1974 1982
1973 1983
1985 1984
1977 1985
1985 1986
1991 1987
1987 1988
1988 1989
1989 1990
1986 1991
1975 1992
1921 1993
1881 1994
1898 1995
1567 1996
